Date,Valid vaccinated pop. perc.,Expired vaccinated pop. perc.,Not vaccinated pop. perc.,Vaccinated (daily),Vaccinated (cumu),Vaccinated pop. perc.,Second dose (daily),Second dose (cumu),Second dose pop. perc.,Third dose (daily),Third dose (cumu),Third dose pop. perc.,Fourth dose (daily),Fourth dose (cumu),Fourth dose pop. perc.
2020-12-19,0,0,100,46,70,0,0,4,0,0,0,0,0,0,0
2020-12-20,0,0,100,7396,7466,0.08,0,4,0,0,0,0,0,0,0
2020-12-21,0,0,100,24923,32389,0.35,0,4,0,0,0,0,0,0,0
2020-12-22,0,0,100,44668,77057,0.83,0,4,0,0,0,0,0,0,0
2020-12-23,0,0,100,62919,139976,1.51,0,4,0,0,0,0,0,0,0
2020-12-24,0,0,100,73430,213406,2.29,0,4,0,0,0,0,0,0,0
2020-12-25,0,0,100,38517,251923,2.71,0,4,0,0,0,0,0,0,0
2020-12-26,0,0,100,32617,284540,3.06,0,4,0,0,0,0,0,0,0
2020-12-27,0,0,100,104574,389114,4.18,0,4,0,0,0,0,0,0,0
2020-12-28,0,0,100,135041,524155,5.64,0,4,0,0,0,0,0,0,0
2020-12-29,0,0,100,156337,680492,7.32,2,6,0,0,0,0,0,0,0
2020-12-30,0,0,100,153188,833680,8.96,0,6,0,0,0,0,0,0,0
2020-12-31,0,0,100,158598,992278,10.67,0,6,0,0,0,0,0,0,0
2021-01-01,0,0,100,71435,1063713,11.44,0,6,0,0,0,0,0,0,0
2021-01-02,0,0,100,71743,1135456,12.21,0,6,0,0,0,0,0,0,0
2021-01-03,0,0,100,149765,1285221,13.82,0,6,0,0,0,0,0,0,0
2021-01-04,0,0,100,152204,1437425,15.46,1,7,0,0,0,0,0,0,0
2021-01-05,0,0,100,125221,1562646,16.8,4,11,0,0,0,0,0,0,0
2021-01-06,0,0,100,103373,1666019,17.92,2,13,0,0,0,0,0,0,0
2021-01-07,0,0,100,116063,1782082,19.16,9,22,0,0,0,0,0,0,0
2021-01-08,0,0,100,66464,1848546,19.88,5,27,0,0,0,0,0,0,0
2021-01-09,0,0,100,44553,1893099,20.36,24,51,0,0,0,0,0,0,0
2021-01-10,0,0,100,37649,1930748,20.76,6001,6052,0.07,0,0,0,0,0,0
2021-01-11,0,0,100,21175,1951923,20.99,19264,25316,0.27,0,0,0,0,0,0
2021-01-12,0,0,100,24075,1975998,21.25,35674,60990,0.66,0,0,0,0,0,0
2021-01-13,0,0,100,52079,2028077,21.81,56874,117864,1.27,0,0,0,0,0,0
2021-01-14,0,0,100,56480,2084557,22.42,68838,186702,2.01,0,0,0,0,0,0
2021-01-15,0,0,100,30775,2115332,22.75,35942,222644,2.39,0,0,0,0,0,0
2021-01-16,0,0,100,29481,2144813,23.06,26006,248650,2.67,0,0,0,0,0,0
2021-01-17,0.31,0,99.69,68444,2213257,23.8,84598,333248,3.58,0,0,0,0,0,0
2021-01-18,0.58,0,99.42,69819,2283076,24.55,120437,453685,4.88,0,0,0,0,0,0
2021-01-19,1.09,0,98.91,72897,2355973,25.34,137848,591533,6.36,0,0,0,0,0,0
2021-01-20,1.9,0,98.1,76920,2432893,26.16,143766,735299,7.91,0,0,0,0,0,0
2021-01-21,2.88,0,97.12,70007,2502900,26.91,164475,899774,9.68,0,0,0,0,0,0
2021-01-22,3.39,0,96.61,37931,2540831,27.32,71134,970908,10.44,0,0,0,0,0,0
2021-01-23,3.77,0,96.23,39965,2580796,27.75,53595,1024503,11.02,0,0,0,0,0,0
2021-01-24,4.96,0,95.04,69148,2649944,28.5,140708,1165211,12.53,0,0,0,0,0,0
2021-01-25,6.61,0,93.39,80944,2730888,29.37,139521,1304732,14.03,0,0,0,0,0,0
2021-01-26,8.45,0,91.55,78737,2809625,30.21,126445,1431177,15.39,0,0,0,0,0,0
2021-01-27,10.34,0,89.66,77982,2887607,31.05,125071,1556248,16.74,0,0,0,0,0,0
2021-01-28,12.43,0,87.57,79570,2967177,31.91,130632,1686880,18.14,0,0,0,0,0,0
2021-01-29,13.34,0,86.66,36704,3003881,32.3,64793,1751673,18.84,0,0,0,0,0,0
2021-01-30,14.02,0,85.98,34396,3038277,32.67,42767,1794440,19.3,0,0,0,0,0,0
2021-01-31,15.76,0,84.24,73331,3111608,33.46,59503,1853943,19.94,0,0,0,0,0,0
2021-02-01,17.48,0,82.52,82510,3194118,34.35,35356,1889299,20.32,0,0,0,0,0,0
2021-02-02,19.01,0,80.99,70105,3264223,35.1,31073,1920372,20.65,0,0,0,0,0,0
2021-02-03,20.47,0,79.53,60308,3324531,35.75,51445,1971817,21.2,0,0,0,0,0,0
2021-02-04,22,0,78,72640,3397171,36.53,58096,2029913,21.83,0,0,0,0,0,0
2021-02-05,22.75,0,77.25,33947,3431118,36.9,28805,2058718,22.14,0,0,0,0,0,0
2021-02-06,23.23,0,76.77,21622,3452740,37.13,22233,2080951,22.38,0,0,0,0,0,0
2021-02-07,23.99,0,76.01,54081,3506821,37.71,68744,2149695,23.12,0,0,0,0,0,0
2021-02-08,24.52,0,75.48,58644,3565465,38.34,65467,2215162,23.82,0,0,0,0,0,0
2021-02-09,25.04,0,74.96,66357,3631822,39.05,67579,2282741,24.55,0,0,0,0,0,0
2021-02-10,25.77,0,74.23,70570,3702392,39.81,72315,2355056,25.33,0,0,0,0,0,0
2021-02-11,26.61,0,73.39,81175,3783567,40.69,72113,2427169,26.1,0,0,0,0,0,0
2021-02-12,27.02,0,72.98,39111,3822678,41.11,37598,2464767,26.5,0,0,0,0,0,0
2021-02-13,27.33,0,72.67,27465,3850143,41.4,30441,2495208,26.83,0,0,0,0,0,0
2021-02-14,28.25,0,71.75,74917,3925060,42.21,69085,2564293,27.58,0,0,0,0,0,0
2021-02-15,29.17,0,70.83,81548,4006608,43.09,75722,2640015,28.39,0,0,0,0,0,0
2021-02-16,30.11,0,69.89,83422,4090030,43.98,78301,2718316,29.23,0,0,0,0,0,0
2021-02-17,31.01,0,68.99,61984,4152014,44.65,75645,2793961,30.04,0,0,0,0,0,0
2021-02-18,31.94,0,68.06,69158,4221172,45.39,79739,2873700,30.9,0,0,0,0,0,0
2021-02-19,32.45,0,67.55,39676,4260848,45.82,38162,2911862,31.31,0,0,0,0,0,0
2021-02-20,32.85,0,67.15,31650,4292498,46.16,28724,2940586,31.62,0,0,0,0,0,0
2021-02-21,33.8,0,66.2,79435,4371933,47.01,78446,3019032,32.47,0,0,0,0,0,0
2021-02-22,34.83,0,65.17,85056,4456989,47.93,80596,3099628,33.33,0,0,0,0,0,0
2021-02-23,35.84,0,64.16,77332,4534321,48.76,70485,3170113,34.09,0,0,0,0,0,0
2021-02-24,36.76,0,63.24,61066,4595387,49.42,63144,3233257,34.77,0,0,0,0,0,0
2021-02-25,37.66,0,62.34,51729,4647116,49.97,64810,3298067,35.47,0,0,0,0,0,0
2021-02-26,38.1,0,61.9,25912,4673028,50.25,32046,3330113,35.81,0,0,0,0,0,0
2021-02-27,38.42,0,61.58,18353,4691381,50.45,21197,3351310,36.04,0,0,0,0,0,0
2021-02-28,39.24,0,60.76,40364,4731745,50.88,55874,3407184,36.64,0,0,0,0,0,0
2021-03-01,40.1,0,59.9,45752,4777497,51.37,61445,3468629,37.3,0,0,0,0,0,0
2021-03-02,40.85,0,59.15,41202,4818699,51.82,64800,3533429,38,0,0,0,0,0,0
2021-03-03,41.55,0,58.45,42035,4860734,52.27,66793,3600222,38.71,0,0,0,0,0,0
2021-03-04,42.24,0,57.76,39719,4900453,52.7,79126,3679348,39.57,0,0,0,0,0,0
2021-03-05,42.57,0,57.43,17369,4917822,52.88,40471,3719819,40,0,0,0,0,0,0
2021-03-06,42.78,0,57.22,10722,4928544,53,25349,3745168,40.27,0,0,0,0,0,0
2021-03-07,43.36,0,56.64,31156,4959700,53.33,72847,3818015,41.06,0,0,0,0,0,0
2021-03-08,43.97,0,56.03,27387,4987087,53.63,73295,3891310,41.85,0,0,0,0,0,0
2021-03-09,44.62,0,55.38,26756,5013843,53.92,76604,3967914,42.67,0,0,0,0,0,0
2021-03-10,45.27,0,54.73,23373,5037216,54.17,58685,4026599,43.3,0,0,0,0,0,0
2021-03-11,45.99,0,54.01,23305,5060521,54.42,69097,4095696,44.04,0,0,0,0,0,0
2021-03-12,46.34,0,53.66,11296,5071817,54.54,41418,4137114,44.49,0,0,0,0,0,0
2021-03-13,46.57,0,53.43,7952,5079769,54.63,25239,4162353,44.76,0,0,0,0,0,0
2021-03-14,47.2,0,52.8,20991,5100760,54.85,73935,4236288,45.55,0,0,0,0,0,0
2021-03-15,47.81,0,52.19,20151,5120911,55.07,78281,4314569,46.4,0,0,0,0,0,0
2021-03-16,48.43,0,51.57,18759,5139670,55.27,71480,4386049,47.17,0,0,0,0,0,0
2021-03-17,48.92,0,51.08,17704,5157374,55.46,59009,4445058,47.8,0,0,0,0,0,0
2021-03-18,49.45,0,50.55,16050,5173424,55.63,58125,4503183,48.43,0,0,0,0,0,0
2021-03-19,49.75,0,50.25,6956,5180380,55.71,27980,4531163,48.73,0,0,0,0,0,0
2021-03-20,49.93,0,50.07,5227,5185607,55.76,15302,4546465,48.89,0,0,0,0,0,0
2021-03-21,50.46,0,49.54,13172,5198779,55.91,40510,4586975,49.33,0,0,0,0,0,0
2021-03-22,51,0,49,13582,5212361,56.05,40542,4627517,49.76,0,0,0,0,0,0
2021-03-23,51.43,0,48.57,2846,5215207,56.08,7303,4634820,49.84,0,0,0,0,0,0
2021-03-24,51.84,0,48.16,11007,5226214,56.2,46560,4681380,50.34,0,0,0,0,0,0
2021-03-25,52.22,0,47.78,10273,5236487,56.31,35440,4716820,50.72,0,0,0,0,0,0
2021-03-26,52.4,0,47.6,4186,5240673,56.36,13333,4730153,50.87,0,0,0,0,0,0
2021-03-27,52.5,0,47.5,1787,5242460,56.37,4269,4734422,50.91,0,0,0,0,0,0
2021-03-28,52.74,0,47.26,2113,5244573,56.4,4611,4739033,50.96,0,0,0,0,0,0
2021-03-29,53,0,47,6918,5251491,56.47,30017,4769050,51.28,0,0,0,0,0,0
2021-03-30,53.08,0,46.92,7895,5259386,56.56,22454,4791504,51.53,0,0,0,0,0,0
2021-03-31,53.38,0,46.62,8154,5267540,56.64,19502,4811006,51.74,0,0,0,0,0,0
2021-04-01,53.62,0,46.38,8220,5275760,56.73,18701,4829707,51.94,0,0,0,0,0,0
2021-04-02,53.71,0,46.29,2946,5278706,56.76,8131,4837838,52.02,0,0,0,0,0,0
2021-04-03,53.74,0,46.26,1432,5280138,56.78,2983,4840821,52.06,0,0,0,0,0,0
2021-04-04,53.82,0,46.18,9618,5289756,56.88,22832,4863653,52.3,0,0,0,0,0,0
2021-04-05,54.04,0,45.96,10364,5300120,56.99,21277,4884930,52.53,0,0,0,0,0,0
2021-04-06,54.21,0,45.79,9034,5309154,57.09,16794,4901724,52.71,0,0,0,0,0,0
2021-04-07,54.36,0,45.64,8932,5318086,57.19,15313,4917037,52.88,0,0,0,0,0,0
2021-04-08,54.52,0,45.48,9429,5327515,57.29,17017,4934054,53.06,0,0,0,0,0,0
2021-04-09,54.58,0,45.42,3608,5331123,57.33,6259,4940313,53.13,0,0,0,0,0,0
2021-04-10,54.61,0,45.39,1636,5332759,57.35,3520,4943833,53.16,0,0,0,0,0,0
2021-04-11,54.78,0,45.22,9045,5341804,57.44,14249,4958082,53.32,0,0,0,0,0,0
2021-04-12,54.95,0,45.05,8936,5350740,57.54,13236,4971318,53.46,0,0,0,0,0,0
2021-04-13,55.08,0,44.92,5841,5356581,57.6,4960,4976278,53.51,0,0,0,0,0,0
2021-04-14,55.18,0,44.82,3651,5360232,57.64,5312,4981590,53.57,0,0,0,0,0,0
2021-04-15,55.27,0,44.73,698,5360930,57.65,582,4982172,53.58,0,0,0,0,0,0
2021-04-16,55.33,0,44.67,3419,5364349,57.69,6652,4988824,53.65,0,0,0,0,0,0
2021-04-17,55.35,0,44.65,822,5365171,57.69,1973,4990797,53.67,0,0,0,0,0,0
2021-04-18,55.47,0,44.53,7099,5372270,57.77,7433,4998230,53.75,0,0,0,0,0,0
2021-04-19,55.58,0,44.42,6407,5378677,57.84,7134,5005364,53.83,0,0,0,0,0,0
2021-04-20,55.65,0,44.35,6286,5384963,57.91,6889,5012253,53.9,0,0,0,0,0,0
2021-04-21,55.71,0,44.29,6381,5391344,57.98,7112,5019365,53.98,0,0,0,0,0,0
2021-04-22,55.75,0,44.25,5951,5397295,58.04,7690,5027055,54.06,0,0,0,0,0,0
2021-04-23,55.8,0,44.2,2768,5400063,58.07,3391,5030446,54.09,0,0,0,0,0,0
2021-04-24,55.82,0,44.18,767,5400830,58.08,1290,5031736,54.11,0,0,0,0,0,0
2021-04-25,55.89,0,44.11,4828,5405658,58.13,6925,5038661,54.18,0,0,0,0,0,0
2021-04-26,55.96,0,44.04,5479,5411137,58.19,7889,5046550,54.27,0,0,0,0,0,0
2021-04-27,56.03,0,43.97,4507,5415644,58.24,6627,5053177,54.34,0,0,0,0,0,0
2021-04-28,56.09,0,43.91,4501,5420145,58.29,7334,5060511,54.42,0,0,0,0,0,0
2021-04-29,56.16,0,43.84,4377,5424522,58.33,7294,5067805,54.5,0,0,0,0,0,0
2021-04-30,56.19,0,43.81,1924,5426446,58.35,3202,5071007,54.53,0,0,0,0,0,0
2021-05-01,56.2,0,43.8,458,5426904,58.36,895,5071902,54.54,0,0,0,0,0,0
2021-05-02,56.26,0,43.74,3225,5430129,58.39,6092,5077994,54.61,0,0,0,0,0,0
2021-05-03,56.32,0,43.68,3535,5433664,58.43,5835,5083829,54.67,0,0,0,0,0,0
2021-05-04,56.38,0,43.62,3593,5437257,58.47,4736,5088565,54.72,0,0,0,0,0,0
2021-05-05,56.44,0,43.56,3292,5440549,58.5,4093,5092658,54.76,0,0,0,0,0,0
2021-05-06,56.5,0,43.5,3644,5444193,58.54,3144,5095802,54.8,0,0,0,0,0,0
2021-05-07,56.52,0,43.48,1846,5446039,58.56,2509,5098311,54.82,0,0,0,0,0,0
2021-05-08,56.53,0,43.47,243,5446282,58.57,507,5098818,54.83,0,0,0,0,0,0
2021-05-09,56.58,0,43.42,2851,5449133,58.6,4751,5103569,54.88,0,0,0,0,0,0
2021-05-10,56.63,0,43.37,2897,5452030,58.63,4715,5108284,54.93,0,0,0,0,0,0
2021-05-11,56.67,0,43.33,2622,5454652,58.66,3881,5112165,54.97,0,0,0,0,0,0
2021-05-12,56.7,0,43.3,2033,5456685,58.68,3342,5115507,55.01,0,0,0,0,0,0
2021-05-13,56.73,0,43.27,2043,5458728,58.7,3687,5119194,55.05,0,0,0,0,0,0
2021-05-14,56.75,0,43.25,978,5459706,58.71,1494,5120688,55.07,0,0,0,0,0,0
2021-05-15,56.75,0,43.25,257,5459963,58.71,259,5120947,55.07,0,0,0,0,0,0
2021-05-16,56.78,0,43.22,529,5460492,58.72,1206,5122153,55.08,0,0,0,0,0,0
2021-05-17,56.81,0,43.19,302,5460794,58.72,848,5123001,55.09,0,0,0,0,0,0
2021-05-18,56.84,0,43.16,1963,5462757,58.74,4939,5127940,55.14,0,0,0,0,0,0
2021-05-19,56.87,0,43.13,2232,5464989,58.77,5042,5132982,55.2,0,0,0,0,0,0
2021-05-20,56.9,0,43.1,2312,5467301,58.79,3880,5136862,55.24,0,0,0,0,0,0
2021-05-21,56.92,0,43.08,1194,5468495,58.81,1414,5138276,55.25,0,0,0,0,0,0
2021-05-22,56.92,0,43.08,206,5468701,58.81,396,5138672,55.26,0,0,0,0,0,0
2021-05-23,56.94,0,43.06,2272,5470973,58.83,3216,5141888,55.29,0,0,0,0,0,0
2021-05-24,56.96,0,43.04,2139,5473112,58.86,3596,5145484,55.33,0,0,0,0,0,0
2021-05-25,56.99,0,43.01,1822,5474934,58.87,2588,5148072,55.36,0,0,0,0,0,0
2021-05-26,57.03,0,42.97,1412,5476346,58.89,2504,5150576,55.39,0,0,0,0,0,0
2021-05-27,57.06,0,42.94,1865,5478211,58.91,3188,5153764,55.42,0,0,0,0,0,0
2021-05-28,57.07,0,42.93,791,5479002,58.92,1406,5155170,55.44,0,0,0,0,0,0
2021-05-29,57.07,0,42.93,191,5479193,58.92,226,5155396,55.44,0,0,0,0,0,0
2021-05-30,57.1,0,42.9,1645,5480838,58.94,1937,5157333,55.46,0,0,0,0,0,0
2021-05-31,57.13,0,42.87,1740,5482578,58.96,2093,5159426,55.48,0,0,0,0,0,0
2021-06-01,57.47,0,42.53,1384,5483962,58.97,1823,5161249,55.5,0,0,0,0,0,0
2021-06-02,57.25,0,42.75,1514,5485476,58.99,1610,5162859,55.52,0,0,0,0,0,0
2021-06-03,57.27,0,42.73,1685,5487161,59.01,1493,5164352,55.53,0,0,0,0,0,0
2021-06-04,57.28,0,42.72,1102,5488263,59.02,784,5165136,55.54,0,0,0,0,0,0
2021-06-05,57.29,0,42.71,184,5488447,59.02,159,5165295,55.55,0,0,0,0,0,0
2021-06-06,57.31,0,42.69,4293,5492740,59.07,1002,5166297,55.56,0,0,0,0,0,0
2021-06-07,57.34,0,42.66,4438,5497178,59.11,814,5167111,55.56,0,0,0,0,0,0
2021-06-08,57.36,0,42.64,3739,5500917,59.15,1175,5168286,55.58,0,0,0,0,0,0
2021-06-09,57.4,0,42.6,3615,5504532,59.19,1331,5169617,55.59,0,0,0,0,0,0
2021-06-10,57.42,0,42.58,3364,5507896,59.23,1300,5170917,55.61,0,0,0,0,0,0
2021-06-11,57.43,0,42.57,1401,5509297,59.24,590,5171507,55.61,0,0,0,0,0,0
2021-06-12,57.43,0,42.57,220,5509517,59.25,173,5171680,55.61,0,0,0,0,0,0
2021-06-13,57.45,0,42.55,3101,5512618,59.28,1260,5172940,55.63,0,0,0,0,0,0
2021-06-14,57.46,0,42.54,3057,5515675,59.31,1531,5174471,55.64,0,0,0,0,0,0
2021-06-15,57.48,0,42.52,3136,5518811,59.35,1377,5175848,55.66,0,0,0,0,0,0
2021-06-16,57.49,0,42.51,2733,5521544,59.38,1003,5176851,55.67,0,0,0,0,0,0
2021-06-17,57.51,0,42.49,2733,5524277,59.41,1209,5178060,55.68,0,0,0,0,0,0
2021-06-18,57.52,0,42.48,1269,5525546,59.42,506,5178566,55.69,0,0,0,0,0,0
2021-06-19,57.52,0,42.48,242,5525788,59.42,139,5178705,55.69,0,0,0,0,0,0
2021-06-20,57.54,0,42.46,3317,5529105,59.46,1330,5180035,55.7,0,0,0,0,0,0
2021-06-21,57.56,0,42.44,5250,5534355,59.51,1218,5181253,55.72,0,0,0,0,0,0
2021-06-22,57.58,0,42.42,6935,5541290,59.59,1099,5182352,55.73,0,0,0,0,0,0
2021-06-23,57.6,0,42.4,10761,5552051,59.7,1304,5183656,55.74,0,0,0,0,0,0
2021-06-24,57.62,0,42.38,12051,5564102,59.83,1466,5185122,55.76,0,0,0,0,0,0
2021-06-25,57.62,0,42.38,7117,5571219,59.91,944,5186066,55.77,0,0,0,0,0,0
2021-06-26,57.63,0,42.37,2277,5573496,59.93,200,5186266,55.77,0,0,0,0,0,0
2021-06-27,57.65,0,42.35,13632,5587128,60.08,3437,5189703,55.81,0,0,0,0,0,0
2021-06-28,57.68,0,42.32,14518,5601646,60.24,3675,5193378,55.85,0,0,0,0,0,0
2021-06-29,57.69,0,42.31,16711,5618357,60.42,3745,5197123,55.89,0,0,0,0,0,0
2021-06-30,57.72,0,42.28,16486,5634843,60.59,3396,5200519,55.92,0,0,0,0,0,0
2021-07-01,57.78,0,42.22,16837,5651680,60.78,3379,5203898,55.96,121,121,0,0,0,0
2021-07-02,57.79,0,42.21,9836,5661516,60.88,1609,5205507,55.98,7,128,0,0,0,0
2021-07-03,57.79,0,42.21,2678,5664194,60.91,298,5205805,55.98,1,129,0,0,0,0
2021-07-04,57.85,0,42.15,17735,5681929,61.1,3161,5208966,56.01,2,131,0,0,0,0
2021-07-05,57.91,0,42.09,17850,5699779,61.29,3046,5212012,56.05,7,138,0,0,0,0
2021-07-06,57.99,0,42.01,17848,5717627,61.48,3410,5215422,56.08,11,149,0,0,0,0
2021-07-07,58.05,0,41.95,15531,5733158,61.65,2703,5218125,56.11,12,161,0,0,0,0
2021-07-08,58.12,0,41.88,16588,5749746,61.83,2882,5221007,56.14,17,178,0,0,0,0
2021-07-09,58.15,0,41.85,11125,5760871,61.95,1535,5222542,56.16,4,182,0,0,0,0
2021-07-10,58.15,0,41.85,4989,5765860,62,391,5222933,56.16,6,188,0,0,0,0
2021-07-11,58.22,0,41.78,1456,5767316,62.02,2847,5225780,56.2,8,196,0,0,0,0
2021-07-12,58.29,0,41.71,2427,5769743,62.04,3695,5229475,56.24,56,252,0,0,0,0
2021-07-13,58.36,0,41.64,2965,5772708,62.08,5460,5234935,56.29,124,376,0,0,0,0
2021-07-14,58.42,0,41.58,2747,5775455,62.11,7534,5242469,56.37,441,817,0.01,0,0,0
2021-07-15,58.5,0,41.5,3009,5778464,62.14,9302,5251771,56.47,374,1191,0.01,0,0,0
2021-07-16,58.54,0,41.46,1296,5779760,62.15,5898,5257669,56.54,66,1257,0.01,0,0,0
2021-07-17,58.55,0,41.44,372,5780132,62.16,1393,5259062,56.55,8,1265,0.01,0,0,0
2021-07-18,58.6,0,41.4,2074,5782206,62.18,9769,5268831,56.66,235,1500,0.02,0,0,0
2021-07-19,58.65,0,41.35,3211,5785417,62.21,11346,5280177,56.78,461,1961,0.02,0,0,0
2021-07-20,58.72,0,41.28,2690,5788107,62.24,11914,5292091,56.91,373,2334,0.03,0,0,0
2021-07-21,58.81,0,41.19,2408,5790515,62.27,11880,5303971,57.04,325,2659,0.03,0,0,0
2021-07-22,58.93,0,41.07,2877,5793392,62.3,13278,5317249,57.18,391,3050,0.03,0,0,0
2021-07-23,58.99,0,41.01,2038,5795430,62.32,8250,5325499,57.27,106,3156,0.03,0,0,0
2021-07-24,58.99,0,41,645,5796075,62.33,1486,5326985,57.28,7,3163,0.03,0,0,0
2021-07-25,59.1,0,40.89,4416,5800491,62.38,15499,5342484,57.45,223,3386,0.04,0,0,0
2021-07-26,59.24,0,40.75,5173,5805664,62.43,13533,5356017,57.6,325,3711,0.04,0,0,0
2021-07-27,59.37,0.01,40.62,5493,5811157,62.49,13579,5369596,57.74,414,4125,0.04,0,0,0
2021-07-28,59.5,0.01,40.49,3990,5815147,62.53,12345,5381941,57.87,472,4597,0.05,0,0,0
2021-07-29,59.65,0.01,40.33,4665,5819812,62.58,14200,5396141,58.03,532,5129,0.06,0,0,0
2021-07-30,59.74,0.02,40.25,2657,5822469,62.61,10855,5406996,58.14,4122,9251,0.1,0,0,0
2021-07-31,59.75,0.02,40.23,1407,5823876,62.63,3553,5410549,58.18,6159,15410,0.17,0,0,0
2021-08-01,59.91,0.02,40.06,3078,5826954,62.66,3366,5413915,58.22,31047,46457,0.5,0,0,0
2021-08-02,60.06,0.03,39.91,3134,5830088,62.69,3175,5417090,58.25,58514,104971,1.13,0,0,0
2021-08-03,60.21,0.03,39.76,3386,5833474,62.73,3330,5420420,58.29,78953,183924,1.98,0,0,0
2021-08-04,60.34,0.03,39.63,3534,5837008,62.77,3255,5423675,58.32,80764,264688,2.85,0,0,0
2021-08-05,60.49,0.04,39.47,4515,5841523,62.82,3570,5427245,58.36,88442,353130,3.8,0,0,0
2021-08-06,60.6,0.04,39.36,2437,5843960,62.84,1861,5429106,58.38,44744,397874,4.28,0,0,0
2021-08-07,60.63,0.04,39.32,1034,5844994,62.85,700,5429806,58.39,27353,425227,4.57,0,0,0
2021-08-08,60.68,0.04,39.28,4991,5849985,62.91,3082,5432888,58.42,80087,505314,5.43,0,0,0
2021-08-09,60.72,0.04,39.24,5341,5855326,62.97,3063,5435951,58.46,76489,581803,6.26,0,0,0
2021-08-10,60.75,0.04,39.2,5554,5860880,63.02,3206,5439157,58.49,75427,657230,7.07,0,0,0
2021-08-11,60.79,0.04,39.17,5695,5866575,63.09,2947,5442104,58.52,62641,719871,7.74,0,0,0
2021-08-12,60.83,0.04,39.12,7039,5873614,63.16,3290,5445394,58.56,59462,779333,8.38,0,0,0
2021-08-13,60.84,0.05,39.11,3821,5877435,63.2,2074,5447468,58.58,43870,823203,8.85,0,0,0
2021-08-14,60.85,0.05,39.1,2254,5879689,63.23,853,5448321,58.59,44486,867689,9.33,0,0,0
2021-08-15,60.89,0.05,39.06,7145,5886834,63.3,4530,5452851,58.64,97985,965674,10.38,0,0,0
2021-08-16,60.92,0.04,39.03,6991,5893825,63.38,4749,5457600,58.69,89521,1055195,11.35,0,0,0
2021-08-17,60.96,0.04,39,7573,5901398,63.46,5138,5462738,58.74,83320,1138515,12.24,0,0,0
2021-08-18,60.99,0.04,38.96,8643,5910041,63.55,4603,5467341,58.79,69267,1207782,12.99,0,0,0
2021-08-19,61.03,0.04,38.92,10082,5920123,63.66,5217,5472558,58.85,65975,1273757,13.7,0,0,0
2021-08-20,61.05,0.05,38.9,4768,5924891,63.71,2827,5475385,58.88,60453,1334210,14.35,0,0,0
2021-08-21,61.06,0.05,38.89,3499,5928390,63.75,1580,5476965,58.9,50725,1384935,14.89,0,0,0
2021-08-22,61.12,0.04,38.84,9823,5938213,63.86,4808,5481773,58.95,105110,1490045,16.02,0,0,0
2021-08-23,61.17,0.04,38.79,10923,5949136,63.97,4448,5486221,59,94033,1584078,17.03,0,0,0
2021-08-24,61.23,0.04,38.73,11723,5960859,64.1,4703,5490924,59.05,98555,1682633,18.09,0,0,0
2021-08-25,61.29,0.04,38.67,9613,5970472,64.2,4485,5495409,59.09,99555,1782188,19.16,0,0,0
2021-08-26,61.36,0.03,38.61,10109,5980581,64.31,5059,5500468,59.15,101231,1883419,20.25,0,0,0
2021-08-27,61.35,0.04,38.61,4326,5984907,64.36,2788,5503256,59.18,56695,1940114,20.86,0,0,0
2021-08-28,61.4,0.04,38.57,3702,5988609,64.4,1500,5504756,59.2,33539,1973653,21.22,0,0,0
2021-08-29,61.46,0.03,38.5,10322,5998931,64.51,5932,5510688,59.26,79550,2053203,22.08,0,0,0
2021-08-30,61.53,0.03,38.44,12335,6011266,64.64,7017,5517705,59.33,116008,2169211,23.33,0,0,0
2021-08-31,61.6,0.03,38.37,12077,6023343,64.77,6529,5524234,59.4,114878,2284089,24.56,0,0,0
2021-09-01,61.43,0.03,38.54,9033,6032376,64.87,6042,5530276,59.47,112492,2396581,25.77,0,0,0
2021-09-02,61.49,0.03,38.48,8785,6041161,64.96,7182,5537458,59.55,111545,2508126,26.97,0,0,0
2021-09-03,61.56,0.03,38.42,3751,6044912,65,4116,5541574,59.59,58885,2567011,27.6,0,0,0
2021-09-04,61.59,0.03,38.38,2691,6047603,65.03,2023,5543597,59.61,29953,2596964,27.93,0,0,0
2021-09-05,61.68,0.03,38.29,6991,6054594,65.11,6460,5550057,59.68,73326,2670290,28.72,0,0,0
2021-09-06,61.77,0.03,38.2,2836,6057430,65.14,2718,5552775,59.71,22798,2693088,28.96,0,0,0
2021-09-07,61.85,0.03,38.12,1201,6058631,65.15,879,5553654,59.72,5398,2698486,29.02,0,0,0
2021-09-08,61.93,0.03,38.05,1380,6060011,65.17,1196,5554850,59.73,6621,2705107,29.09,0,0,0
2021-09-09,62.02,0.03,37.95,7093,6067104,65.24,12573,5567423,59.87,73845,2778952,29.88,0,0,0
2021-09-10,62.06,0.03,37.91,3258,6070362,65.28,5016,5572439,59.92,37938,2816890,30.29,0,0,0
2021-09-11,62.08,0.03,37.89,2109,6072471,65.3,2509,5574948,59.95,14816,2831706,30.45,0,0,0
2021-09-12,62.16,0.03,37.81,6106,6078577,65.37,8589,5583537,60.04,54136,2885842,31.03,0,0,0
2021-09-13,62.15,0.03,37.82,5611,6084188,65.43,8264,5591801,60.13,47983,2933825,31.55,0,0,0
2021-09-14,62.2,0.03,37.77,4963,6089151,65.48,7424,5599225,60.21,48856,2982681,32.07,0,0,0
2021-09-15,62.25,0.03,37.72,1750,6090901,65.5,2718,5601943,60.24,16687,2999368,32.25,0,0,0
2021-09-16,62.37,0.03,37.6,343,6091244,65.5,549,5602492,60.25,1740,3001108,32.27,0,0,0
2021-09-17,62.42,0.03,37.54,3683,6094927,65.54,7022,5609514,60.32,42905,3044013,32.73,0,0,0
2021-09-18,62.45,0.03,37.52,2258,6097185,65.57,2946,5612460,60.35,12783,3056796,32.87,0,0,0
2021-09-19,62.55,0.03,37.42,5942,6103127,65.63,10711,5623171,60.47,44332,3101128,33.35,0,0,0
2021-09-20,62.63,0.03,37.34,3246,6106373,65.66,4646,5627817,60.52,16708,3117836,33.53,0,0,0
2021-09-21,62.69,0.03,37.28,1340,6107713,65.68,2066,5629883,60.54,3477,3121313,33.57,0,0,0
2021-09-22,62.72,0.03,37.25,4260,6111973,65.73,7250,5637133,60.62,25072,3146385,33.83,0,0,0
2021-09-23,62.75,0.03,37.22,4390,6116363,65.77,5916,5643049,60.68,27834,3174219,34.13,0,0,0
2021-09-24,62.82,0.03,37.15,3202,6119565,65.81,4185,5647234,60.73,27723,3201942,34.43,0,0,0
2021-09-25,62.85,0.03,37.12,2080,6121645,65.83,2263,5649497,60.75,10443,3212385,34.54,0,0,0
2021-09-26,62.96,0.03,37,5603,6127248,65.89,5973,5655470,60.82,36271,3248656,34.93,0,0,0
2021-09-27,63.02,0.03,36.94,4695,6131943,65.94,4469,5659939,60.86,30457,3279113,35.26,0,0,0
2021-09-28,63.06,0.04,36.91,1472,6133415,65.96,1184,5661123,60.88,6249,3285362,35.33,0,0,0
2021-09-29,63.13,0.03,36.84,9622,6143037,66.06,8349,5669472,60.97,60325,3345687,35.98,0,0,0
2021-09-30,63.18,0.03,36.79,10976,6154013,66.18,8579,5678051,61.06,79702,3425389,36.83,0,0,0
2021-10-01,63.23,0.03,36.73,5126,6159139,66.23,3875,5681926,61.1,46546,3471935,37.34,0,0,0
2021-10-02,63.26,0.03,36.71,2865,6162004,66.26,2127,5684053,61.12,22432,3494367,37.58,0,0,0
2021-10-03,63.35,0.03,36.62,11667,6173671,66.39,7276,5691329,61.2,70726,3565093,38.34,0,0,0
2021-10-04,63.4,0.03,36.57,10320,6183991,66.5,6759,5698088,61.27,51913,3617006,38.9,0,0,0
2021-10-05,63.41,0.03,36.55,8461,6192452,66.59,5314,5703402,61.33,40479,3657485,39.33,0,0,0
2021-10-06,63.52,0.03,36.45,7543,6199995,66.67,4185,5707587,61.38,34150,3691635,39.7,0,0,0
2021-10-07,63.63,0.03,36.34,6893,6206888,66.75,4009,5711596,61.42,34068,3725703,40.06,0,0,0
2021-10-08,63.68,0.03,36.29,3086,6209974,66.78,2643,5714239,61.45,19250,3744953,40.27,0,0,0
2021-10-09,63.71,0.03,36.26,1341,6211315,66.79,1444,5715683,61.46,7441,3752394,40.35,0,0,0
2021-10-10,63.82,0.04,36.14,4676,6215991,66.84,3747,5719430,61.5,21519,3773913,40.58,0,0,0
2021-10-11,63.91,0.04,36.05,4299,6220290,66.89,2944,5722374,61.54,17269,3791182,40.77,0,0,0
2021-10-12,63.99,0.05,35.96,3977,6224267,66.93,3007,5725381,61.57,15357,3806539,40.93,0,0,0
2021-10-13,64.09,0.05,35.86,3487,6227754,66.97,2451,5727832,61.59,13587,3820126,41.08,0,0,0
2021-10-14,64.19,0.06,35.75,3870,6231624,67.01,2685,5730517,61.62,16567,3836693,41.26,0,0,0
2021-10-15,64.23,0.07,35.7,1703,6233327,67.03,1685,5732202,61.64,9010,3845703,41.35,0,0,0
2021-10-16,64.25,0.08,35.67,727,6234054,67.04,956,5733158,61.65,4035,3849738,41.4,0,0,0
2021-10-17,64.36,0.09,35.56,3090,6237144,67.07,2525,5735683,61.68,12798,3862536,41.54,0,0,0
2021-10-18,64.43,0.1,35.47,2460,6239604,67.1,1691,5737374,61.7,10069,3872605,41.64,0,0,0
2021-10-19,64.49,0.1,35.4,2398,6242002,67.12,1284,5738658,61.71,9294,3881899,41.74,0,0,0
2021-10-20,64.14,0.52,35.34,2435,6244437,67.15,2305,5740963,61.74,10102,3892001,41.85,0,0,0
2021-10-21,54.23,10.41,35.36,3034,6247471,67.18,3097,5744060,61.77,12163,3904164,41.98,0,0,0
2021-10-22,54.36,10.26,35.38,1279,6248750,67.2,1437,5745497,61.78,5840,3910004,42.05,0,0,0
2021-10-23,54.42,10.19,35.39,574,6249324,67.2,1266,5746763,61.8,2564,3912568,42.07,0,0,0
2021-10-24,54.22,10.43,35.35,2516,6251840,67.23,2653,5749416,61.83,9855,3922423,42.18,0,0,0
2021-10-25,54.59,10.22,35.19,2638,6254478,67.26,2752,5752168,61.86,8511,3930934,42.27,0,0,0
2021-10-26,54.64,10.26,35.1,2381,6256859,67.28,2059,5754227,61.88,8528,3939462,42.36,0,0,0
2021-10-27,54.58,10.37,35.06,2292,6259151,67.31,2566,5756793,61.91,7959,3947421,42.45,0,0,0
2021-10-28,54.69,10.76,34.55,2503,6261654,67.33,2782,5759575,61.94,8674,3956095,42.54,0,0,0
2021-10-29,54.73,10.75,34.52,901,6262555,67.34,1154,5760729,61.95,4138,3960233,42.59,0,0,0
2021-10-30,54.68,10.81,34.52,366,6262921,67.35,530,5761259,61.95,1712,3961945,42.6,0,0,0
2021-10-31,54.83,10.7,34.47,2261,6265182,67.37,2495,5763754,61.98,8256,3970201,42.69,0,0,0
2021-11-01,54.95,10.63,34.42,1737,6266919,67.39,2093,5765847,62,6480,3976681,42.76,0,0,0
2021-11-02,54.89,10.69,34.42,2026,6268945,67.41,2048,5767895,62.03,6296,3982977,42.83,0,0,0
2021-11-03,54.86,10.75,34.39,1764,6270709,67.43,1897,5769792,62.05,5556,3988533,42.89,0,0,0
2021-11-04,54.85,10.81,34.33,2111,6272820,67.45,2802,5772594,62.08,7131,3995664,42.97,0,0,0
2021-11-05,54.85,10.83,34.32,790,6273610,67.46,905,5773499,62.09,3487,3999151,43,0,0,0
2021-11-06,54.82,10.86,34.32,347,6273957,67.47,389,5773888,62.09,1375,4000526,43.02,0,0,0
2021-11-07,54.92,10.8,34.28,1578,6275535,67.48,1769,5775657,62.11,6134,4006660,43.09,0,0,0
2021-11-08,55.01,10.75,34.24,1519,6277054,67.5,1603,5777260,62.13,5406,4012066,43.14,0,0,0
2021-11-09,55.05,10.74,34.21,1428,6278482,67.52,1611,5778871,62.14,5332,4017398,43.2,0,0,0
2021-11-10,55.08,10.73,34.19,1424,6279906,67.53,1661,5780532,62.16,4779,4022177,43.25,0,0,0
2021-11-11,55.15,10.69,34.15,1628,6281534,67.55,1947,5782479,62.18,5717,4027894,43.31,0,0,0
2021-11-12,55.17,10.69,34.14,637,6282171,67.56,826,5783305,62.19,2925,4030819,43.35,0,0,0
2021-11-13,55.14,10.72,34.14,257,6282428,67.56,290,5783595,62.19,1130,4031949,43.36,0,0,0
2021-11-14,55.21,10.68,34.11,1536,6283964,67.57,1639,5785234,62.21,5111,4037060,43.41,0,0,0
2021-11-15,55.28,10.63,34.09,1275,6285239,67.59,1626,5786860,62.23,4770,4041830,43.46,0,0,0
2021-11-16,55.32,10.62,34.07,1275,6286514,67.6,1417,5788277,62.24,4349,4046179,43.51,0,0,0
2021-11-17,55.35,10.6,34.05,1208,6287722,67.62,1566,5789843,62.26,3915,4050094,43.55,0,0,0
2021-11-18,55.41,10.58,34.02,1364,6289086,67.63,1692,5791535,62.28,5012,4055106,43.61,0,0,0
2021-11-19,55.42,10.57,34.01,588,6289674,67.64,763,5792298,62.29,2460,4057566,43.63,0,0,0
2021-11-20,55.41,10.58,34,238,6289912,67.64,258,5792556,62.29,929,4058495,43.64,0,0,0
2021-11-21,55.47,10.54,33.98,1409,6291321,67.65,1542,5794098,62.31,4881,4063376,43.7,0,0,0
2021-11-22,55.54,10.5,33.96,1680,6293001,67.67,1522,5795620,62.32,4238,4067614,43.74,0,0,0
2021-11-23,55.57,10.48,33.95,8622,6301623,67.76,1688,5797308,62.34,4011,4071625,43.78,0,0,0
2021-11-24,55.6,10.44,33.95,9350,6310973,67.87,1319,5798627,62.36,3924,4075549,43.83,0,0,0
2021-11-25,55.64,10.43,33.93,9812,6320785,67.97,1600,5800227,62.37,4841,4080390,43.88,0,0,0
2021-11-26,55.63,10.45,33.92,5610,6326395,68.03,748,5800975,62.38,2805,4083195,43.91,0,0,0
2021-11-27,55.62,10.46,33.92,4779,6331174,68.08,324,5801299,62.38,1164,4084359,43.92,0,0,0
2021-11-28,55.67,10.43,33.9,10152,6341326,68.19,1481,5802780,62.4,4904,4089263,43.97,0,0,0
2021-11-29,55.73,10.39,33.88,9043,6350369,68.29,1133,5803913,62.41,4376,4093639,44.02,0,0,0
2021-11-30,55.77,10.37,33.86,10044,6360413,68.4,1036,5804949,62.42,4084,4097723,44.06,0,0,0
2021-12-01,55.79,10.36,33.84,8632,6369045,68.49,1097,5806046,62.44,4444,4102167,44.11,5,5,0
2021-12-02,55.84,10.34,33.82,9178,6378223,68.59,1456,5807502,62.45,5125,4107292,44.17,6,11,0
2021-12-03,55.86,10.33,33.81,6333,6384556,68.66,673,5808175,62.46,2868,4110160,44.2,1,12,0
2021-12-04,55.85,10.34,33.81,2509,6387065,68.68,238,5808413,62.46,925,4111085,44.21,3,15,0
2021-12-05,55.9,10.31,33.79,8335,6395400,68.77,1254,5809667,62.47,4683,4115768,44.26,1,16,0
2021-12-06,55.95,10.27,33.78,6723,6402123,68.85,1200,5810867,62.49,4351,4120119,44.31,4,20,0
2021-12-07,55.99,10.25,33.76,5553,6407676,68.91,1505,5812372,62.5,3965,4124084,44.35,9,29,0
2021-12-08,56.03,10.22,33.75,4936,6412612,68.96,1200,5813572,62.52,3884,4127968,44.39,10,39,0
2021-12-09,56.08,10.19,33.73,6239,6418851,69.03,1241,5814813,62.53,4508,4132476,44.44,8,47,0
2021-12-10,56.1,10.18,33.72,3006,6421857,69.06,704,5815517,62.54,2687,4135163,44.47,4,51,0
2021-12-11,56.1,10.18,33.71,1491,6423348,69.07,255,5815772,62.54,1019,4136182,44.48,0,51,0
2021-12-12,56.16,10.15,33.69,7274,6430622,69.15,1444,5817216,62.56,5248,4141430,44.53,3,54,0
2021-12-13,56.21,10.11,33.67,6183,6436805,69.22,1377,5818593,62.57,4351,4145781,44.58,5,59,0
2021-12-14,56.27,10.09,33.65,7317,6444122,69.3,6101,5824694,62.64,4940,4150721,44.63,12,71,0
2021-12-15,56.34,10.06,33.6,7204,6451326,69.37,7408,5832102,62.72,5446,4156167,44.69,7,78,0
2021-12-16,56.53,10.05,33.42,8079,6459405,69.46,8613,5840715,62.81,6563,4162730,44.76,8,86,0
2021-12-17,56.64,10.05,33.3,4406,6463811,69.51,5140,5845855,62.86,3954,4166684,44.81,3,89,0
2021-12-18,56.73,10.07,33.2,3941,6467752,69.55,2914,5848769,62.89,1361,4168045,44.82,2,91,0
2021-12-19,56.92,10.04,33.04,6977,6474729,69.63,9332,5858101,63,6275,4174320,44.89,6,97,0
2021-12-20,57.07,10.02,32.91,7972,6482701,69.71,7518,5865619,63.08,5446,4179766,44.95,9,106,0
2021-12-21,57.27,10.01,32.71,9549,6492250,69.81,8649,5874268,63.17,6492,4186258,45.02,8,114,0
2021-12-22,57.49,10,32.52,9664,6501914,69.92,8155,5882423,63.26,6252,4192510,45.08,12,126,0
2021-12-23,57.7,9.97,32.33,11539,6513453,70.04,10265,5892688,63.37,8160,4200670,45.17,16,142,0
2021-12-24,57.83,9.96,32.21,5873,6519326,70.11,6243,5898931,63.43,5281,4205951,45.23,12,154,0
2021-12-25,57.9,9.96,32.15,3338,6522664,70.14,2566,5901497,63.46,2021,4207972,45.25,6,160,0
2021-12-26,58.1,9.92,31.98,10653,6533317,70.26,8910,5910407,63.56,8201,4216173,45.34,8,168,0
2021-12-27,58.27,9.9,31.83,10372,6543689,70.37,7145,5917552,63.63,8187,4224360,45.43,21,189,0
2021-12-28,58.46,9.88,31.66,11375,6555064,70.49,7453,5925005,63.71,9642,4234002,45.53,24,213,0
2021-12-29,58.64,9.85,31.51,9933,6564997,70.6,5964,5930969,63.78,8376,4242378,45.62,21,234,0
2021-12-30,58.84,9.82,31.34,11012,6576009,70.72,7735,5938704,63.86,12241,4254619,45.75,10,244,0
2021-12-31,58.9,9.79,31.3,4829,6580838,70.77,3672,5942376,63.9,7296,4261915,45.83,135,379,0
2022-01-01,58.93,9.79,31.28,1993,6582831,70.79,1592,5943968,63.92,2741,4264656,45.86,66,445,0
2022-01-02,59.14,9.76,31.1,10217,6593048,70.9,6487,5950455,63.99,13002,4277658,46,590,1035,0.01
2022-01-03,59.29,9.71,31,9384,6602432,71,5259,5955714,64.04,11341,4288999,46.12,25055,26090,0.28
2022-01-04,59.46,9.68,30.86,8966,6611398,71.1,5950,5961664,64.11,10526,4299525,46.23,50659,76749,0.83
2022-01-05,59.56,9.65,30.79,8553,6619951,71.19,5739,5967403,64.17,10494,4310019,46.35,59590,136339,1.47
2022-01-06,59.81,9.63,30.56,10339,6630290,71.3,7959,5975362,64.26,13530,4323549,46.49,64001,200340,2.15
2022-01-07,59.89,9.61,30.49,4761,6635051,71.35,4556,5979918,64.31,8166,4331715,46.58,31135,231475,2.49
2022-01-08,59.9,9.64,30.46,2750,6637801,71.38,2451,5982369,64.33,5502,4337217,46.64,27631,259106,2.79
2022-01-09,60.06,9.59,30.35,9306,6647107,71.48,7722,5990091,64.41,11869,4349086,46.77,66765,325871,3.5
2022-01-10,60.21,9.54,30.25,8349,6655456,71.57,7647,5997738,64.5,11882,4360968,46.9,64776,390647,4.2
2022-01-11,60.38,9.49,30.13,8100,6663556,71.66,8621,6006359,64.59,11974,4372942,47.02,56657,447304,4.81
2022-01-12,60.51,9.45,30.04,7277,6670833,71.73,8303,6014662,64.68,11114,4384056,47.14,44631,491935,5.29
2022-01-13,60.7,9.35,29.94,7509,6678342,71.82,9617,6024279,64.78,11544,4395600,47.27,34767,526702,5.66
2022-01-14,60.79,9.31,29.9,2555,6680897,71.84,4935,6029214,64.84,6145,4401745,47.33,11142,537844,5.78
2022-01-15,60.83,9.29,29.87,1469,6682366,71.86,3170,6032384,64.87,3884,4405629,47.38,5716,543560,5.85
2022-01-16,60.97,9.2,29.82,3818,6686184,71.9,8526,6040910,64.96,7682,4413311,47.46,19992,563552,6.06
2022-01-17,61.09,9.13,29.78,2808,6688992,71.93,7047,6047957,65.04,6173,4419484,47.52,17833,581385,6.25
2022-01-18,61.23,9.07,29.7,2476,6691468,71.96,7386,6055343,65.12,5534,4425018,47.58,14817,596202,6.41
2022-01-19,61.37,8.98,29.65,1915,6693383,71.98,6369,6061712,65.18,4521,4429539,47.63,8461,604663,6.5
2022-01-20,61.44,8.85,29.71,1777,6695160,72,6971,6068683,65.26,4793,4434332,47.68,8041,612704,6.59
2022-01-21,61.51,8.81,29.68,905,6696065,72.01,3725,6072408,65.3,2646,4436978,47.71,3358,616062,6.62
2022-01-22,61.51,8.75,29.74,328,6696393,72.01,1461,6073869,65.32,1066,4438044,47.72,1113,617175,6.64
2022-01-23,61.61,8.7,29.69,1068,6697461,72.02,5632,6079501,65.38,2879,4440923,47.76,6083,623258,6.7
2022-01-24,61.73,8.62,29.65,759,6698220,72.03,4480,6083981,65.42,2269,4443192,47.78,5055,628313,6.76
2022-01-25,61.9,8.51,29.59,744,6698964,72.04,4401,6088382,65.47,2185,4445377,47.8,7102,635415,6.83
2022-01-26,62.02,8.42,29.57,615,6699579,72.04,3285,6091667,65.51,1612,4446989,47.82,4262,639677,6.88
2022-01-27,62.12,8.35,29.52,798,6700377,72.05,4406,6096073,65.55,2005,4448994,47.84,5441,645118,6.94
2022-01-28,62.16,8.33,29.5,395,6700772,72.06,2376,6098449,65.58,1181,4450175,47.85,3452,648570,6.97
2022-01-29,62.23,8.29,29.48,124,6700896,72.06,1046,6099495,65.59,424,4450599,47.86,1162,649732,6.99
2022-01-30,62.3,8.24,29.46,769,6701665,72.07,4720,6104215,65.64,2020,4452619,47.88,8099,657831,7.07
2022-01-31,62.39,8.17,29.43,528,6702193,72.07,3184,6107399,65.68,1610,4454229,47.9,6472,664303,7.14
2022-02-01,62.45,8.15,29.4,482,6702675,72.08,2808,6110207,65.71,1526,4455755,47.91,5721,670024,7.21
2022-02-02,62.28,8.13,29.59,375,6703050,72.08,2395,6112602,65.73,1385,4457140,47.93,5073,675097,7.26
2022-02-03,62.34,8.08,29.57,446,6703496,72.09,2776,6115378,65.76,1462,4458602,47.95,5607,680704,7.32
2022-02-04,62.37,8.06,29.57,174,6703670,72.09,991,6116369,65.77,757,4459359,47.95,2455,683159,7.35
2022-02-05,62.34,8.09,29.56,62,6703732,72.09,342,6116711,65.78,221,4459580,47.96,420,683579,7.35
2022-02-06,62.41,8.05,29.55,407,6704139,72.09,2320,6119031,65.8,1344,4460924,47.97,5686,689265,7.41
2022-02-07,62.47,8.01,29.52,282,6704421,72.1,1308,6120339,65.82,983,4461907,47.98,5960,695225,7.48
2022-02-08,62.54,7.97,29.49,317,6704738,72.1,1498,6121837,65.83,1068,4462975,47.99,6137,701362,7.54
2022-02-09,62.6,7.95,29.45,254,6704992,72.1,1102,6122939,65.84,946,4463921,48,4570,705932,7.59
2022-02-10,62.63,7.93,29.44,273,6705265,72.11,1293,6124232,65.86,936,4464857,48.01,4815,710747,7.64
2022-02-11,62.67,7.91,29.42,211,6705476,72.11,557,6124789,65.86,518,4465375,48.02,2540,713287,7.67
2022-02-12,62.67,7.91,29.41,32,6705508,72.11,90,6124879,65.86,136,4465511,48.02,269,713556,7.67
2022-02-13,62.73,7.87,29.39,286,6705794,72.11,946,6125825,65.87,966,4466477,48.03,4998,718554,7.73
2022-02-14,62.89,7.74,29.36,179,6705973,72.11,629,6126454,65.88,760,4467237,48.04,3142,721696,7.76
2022-02-15,62.92,7.73,29.35,266,6706239,72.12,763,6127217,65.89,937,4468174,48.05,3819,725515,7.8
2022-02-16,62.95,7.72,29.34,179,6706418,72.12,577,6127794,65.9,803,4468977,48.06,2488,728003,7.83
2022-02-17,62.96,7.7,29.34,247,6706665,72.12,740,6128534,65.9,775,4469752,48.07,3061,731064,7.86
2022-02-18,62.98,7.69,29.33,130,6706795,72.12,344,6128878,65.91,439,4470191,48.07,1119,732183,7.87
2022-02-19,62.99,7.69,29.32,33,6706828,72.12,84,6128962,65.91,82,4470273,48.07,80,732263,7.87
2022-02-20,63.01,7.67,29.32,204,6707032,72.12,604,6129566,65.91,723,4470996,48.08,2574,734837,7.9
2022-02-21,63.04,7.65,29.31,173,6707205,72.13,413,6129979,65.92,489,4471485,48.08,1542,736379,7.92
2022-02-22,63.05,7.65,29.3,158,6707363,72.13,455,6130434,65.92,570,4472055,48.09,1871,738250,7.94
2022-02-23,63.06,7.65,29.29,109,6707472,72.13,353,6130787,65.93,453,4472508,48.1,1153,739403,7.95
2022-02-24,63.05,7.66,29.29,138,6707610,72.13,463,6131250,65.93,568,4473076,48.1,1493,740896,7.97
2022-02-25,63.06,7.66,29.28,59,6707669,72.13,144,6131394,65.93,192,4473268,48.1,456,741352,7.97
2022-02-26,63.05,7.67,29.28,17,6707686,72.13,28,6131422,65.93,161,4473429,48.1,35,741387,7.97
2022-02-27,63.05,7.67,29.28,112,6707798,72.13,341,6131763,65.94,448,4473877,48.11,1119,742506,7.98
2022-02-28,63.07,7.65,29.28,108,6707906,72.13,271,6132034,65.94,424,4474301,48.11,908,743414,7.99
2022-03-01,63.1,7.63,29.27,95,6708001,72.13,280,6132314,65.94,374,4474675,48.12,797,744211,8
2022-03-02,63.11,7.62,29.27,77,6708078,72.14,199,6132513,65.95,324,4474999,48.12,698,744909,8.01
2022-03-03,63.05,7.67,29.27,157,6708235,72.14,371,6132884,65.95,498,4475497,48.13,987,745896,8.02
2022-03-04,63.05,7.68,29.27,53,6708288,72.14,170,6133054,65.95,170,4475667,48.13,228,746124,8.02
2022-03-05,63.04,7.69,29.27,4,6708292,72.14,25,6133079,65.95,44,4475711,48.13,32,746156,8.02
2022-03-06,63.04,7.69,29.27,98,6708390,72.14,258,6133337,65.95,417,4476128,48.13,760,746916,8.03
2022-03-07,63.05,7.69,29.26,86,6708476,72.14,260,6133597,65.96,354,4476482,48.14,605,747521,8.04
2022-03-08,63.04,7.7,29.26,99,6708575,72.14,263,6133860,65.96,333,4476815,48.14,550,748071,8.04
2022-03-09,63.02,7.72,29.25,89,6708664,72.14,213,6134073,65.96,337,4477152,48.15,492,748563,8.05
2022-03-10,63.01,7.74,29.25,115,6708779,72.14,375,6134448,65.97,428,4477580,48.15,620,749183,8.06
2022-03-11,63,7.75,29.25,24,6708803,72.14,86,6134534,65.97,123,4477703,48.15,144,749327,8.06
2022-03-12,62.98,7.77,29.24,11,6708814,72.14,12,6134546,65.97,34,4477737,48.15,28,749355,8.06
2022-03-13,62.98,7.78,29.24,100,6708914,72.14,271,6134817,65.97,358,4478095,48.16,595,749950,8.06
2022-03-14,62.98,7.78,29.24,66,6708980,72.15,253,6135070,65.97,316,4478411,48.16,559,750509,8.07
2022-03-15,62.95,7.81,29.24,80,6709060,72.15,185,6135255,65.98,293,4478704,48.16,591,751100,8.08
2022-03-16,62.94,7.82,29.24,77,6709137,72.15,205,6135460,65.98,305,4479009,48.17,668,751768,8.08
2022-03-17,62.94,7.82,29.24,65,6709202,72.15,122,6135582,65.98,286,4479295,48.17,613,752381,8.09
2022-03-18,62.94,7.82,29.24,20,6709222,72.15,54,6135636,65.98,100,4479395,48.17,234,752615,8.09
2022-03-19,62.89,7.88,29.23,6,6709228,72.15,11,6135647,65.98,29,4479424,48.17,39,752654,8.09
2022-03-20,62.87,7.89,29.23,119,6709347,72.15,260,6135907,65.98,486,4479910,48.17,1431,754085,8.11
2022-03-21,62.87,7.9,29.23,97,6709444,72.15,247,6136154,65.99,379,4480289,48.18,1132,755217,8.12
2022-03-22,62.84,7.94,29.23,141,6709585,72.15,342,6136496,65.99,508,4480797,48.18,1770,756987,8.14
2022-03-23,62.81,7.97,29.22,108,6709693,72.15,212,6136708,65.99,463,4481260,48.19,1677,758664,8.16
2022-03-24,62.78,8,29.22,174,6709867,72.15,345,6137053,65.99,769,4482029,48.2,2362,761026,8.18
2022-03-25,62.78,8,29.23,39,6709906,72.16,82,6137135,66,159,4482188,48.2,630,761656,8.19
2022-03-26,62.77,8,29.22,12,6709918,72.16,13,6137148,66,34,4482222,48.2,91,761747,8.19
2022-03-27,62.75,8.02,29.22,167,6710085,72.16,344,6137492,66,758,4482980,48.21,3193,764940,8.23
2022-03-28,62.75,8.03,29.22,113,6710198,72.16,270,6137762,66,623,4483603,48.21,2416,767356,8.25
2022-03-29,62.7,8.07,29.22,125,6710323,72.16,258,6138020,66.01,641,4484244,48.22,2772,770128,8.28
2022-03-30,62.81,8.11,29.07,132,6710455,72.16,208,6138228,66.01,539,4484783,48.23,2370,772498,8.31
2022-03-31,62.79,8.11,29.1,166,6710621,72.16,302,6138530,66.01,730,4485513,48.23,2853,775351,8.34
2022-04-01,62.72,8.13,29.15,122,6710743,72.16,161,6138691,66.01,277,4485790,48.24,588,775939,8.34
2022-04-02,62.69,8.15,29.16,7,6710750,72.16,7,6138698,66.01,37,4485827,48.24,52,775991,8.34
2022-04-03,62.65,8.16,29.19,159,6710909,72.17,270,6138968,66.02,569,4486396,48.24,2478,778469,8.37
2022-04-04,62.62,8.16,29.22,103,6711012,72.17,208,6139176,66.02,484,4486880,48.25,2225,780694,8.4
2022-04-05,62.57,8.19,29.25,122,6711134,72.17,221,6139397,66.02,513,4487393,48.26,2243,782937,8.42
2022-04-06,62.55,8.2,29.25,91,6711225,72.17,157,6139554,66.02,382,4487775,48.26,2023,784960,8.44
2022-04-07,62.56,8.2,29.24,191,6711416,72.17,215,6139769,66.02,641,4488416,48.27,2556,787516,8.47
2022-04-08,62.54,8.22,29.23,30,6711446,72.17,61,6139830,66.02,154,4488570,48.27,482,787998,8.47
2022-04-09,62.52,8.25,29.23,6,6711452,72.17,17,6139847,66.02,28,4488598,48.27,47,788045,8.47
2022-04-10,62.51,8.26,29.23,103,6711555,72.17,264,6140111,66.03,429,4489027,48.27,1845,789890,8.49
2022-04-11,62.54,8.26,29.2,78,6711633,72.17,201,6140312,66.03,371,4489398,48.28,1425,791315,8.51
2022-04-12,62.58,8.29,29.12,204,6711837,72.18,168,6140480,66.03,376,4489774,48.28,1360,792675,8.52
2022-04-13,62.58,8.31,29.1,117,6711954,72.18,150,6140630,66.03,298,4490072,48.28,1218,793893,8.54
2022-04-14,62.57,8.33,29.1,85,6712039,72.18,221,6140851,66.04,321,4490393,48.29,1069,794962,8.55
2022-04-15,62.55,8.35,29.1,9,6712048,72.18,51,6140902,66.04,48,4490441,48.29,82,795044,8.55
2022-04-16,62.53,8.37,29.1,3,6712051,72.18,8,6140910,66.04,21,4490462,48.29,29,795073,8.55
2022-04-17,62.52,8.38,29.1,62,6712113,72.18,131,6141041,66.04,229,4490691,48.29,807,795880,8.56
2022-04-18,62.51,8.38,29.1,69,6712182,72.18,109,6141150,66.04,252,4490943,48.29,750,796630,8.57
2022-04-19,62.5,8.4,29.1,62,6712244,72.18,145,6141295,66.04,273,4491216,48.3,842,797472,8.58
2022-04-20,62.48,8.42,29.1,60,6712304,72.18,117,6141412,66.04,235,4491451,48.3,656,798128,8.58
2022-04-21,62.47,8.43,29.1,53,6712357,72.18,109,6141521,66.04,197,4491648,48.3,479,798607,8.59
2022-04-22,62.45,8.44,29.11,3,6712360,72.18,17,6141538,66.04,19,4491667,48.3,20,798627,8.59
2022-04-23,62.43,8.46,29.11,6,6712366,72.18,9,6141547,66.04,16,4491683,48.3,13,798640,8.59
2022-04-24,62.43,8.47,29.1,92,6712458,72.18,250,6141797,66.05,329,4492012,48.3,872,799512,8.6
2022-04-25,62.43,8.47,29.1,105,6712563,72.18,191,6141988,66.05,316,4492328,48.31,739,800251,8.61
2022-04-26,62.42,8.48,29.1,76,6712639,72.18,175,6142163,66.05,304,4492632,48.31,788,801039,8.61
2022-04-27,62.41,8.49,29.1,54,6712693,72.19,160,6142323,66.05,227,4492859,48.31,640,801679,8.62
2022-04-28,62.41,8.5,29.1,96,6712789,72.19,232,6142555,66.05,329,4493188,48.32,871,802550,8.63
2022-04-29,62.39,8.51,29.1,112,6712901,72.19,159,6142714,66.06,184,4493372,48.32,196,802746,8.63
2022-04-30,62.38,8.52,29.1,1,6712902,72.19,3,6142717,66.06,24,4493396,48.32,22,802768,8.63
2022-05-01,62.38,8.53,29.09,135,6713037,72.19,185,6142902,66.06,317,4493713,48.32,630,803398,8.64
2022-05-02,62.37,8.54,29.09,62,6713099,72.19,155,6143057,66.06,235,4493948,48.33,491,803889,8.64
2022-05-03,62.36,8.55,29.09,73,6713172,72.19,151,6143208,66.06,288,4494236,48.33,508,804397,8.65
2022-05-04,62.35,8.57,29.08,23,6713195,72.19,56,6143264,66.06,63,4494299,48.33,129,804526,8.65
2022-05-05,62.34,8.58,29.08,5,6713200,72.19,1,6143265,66.06,8,4494307,48.33,14,804540,8.65
2022-05-06,62.33,8.59,29.08,20,6713220,72.19,59,6143324,66.06,64,4494371,48.33,153,804693,8.65
2022-05-07,62.32,8.6,29.08,1,6713221,72.19,7,6143331,66.06,27,4494398,48.33,24,804717,8.65
2022-05-08,62.31,8.61,29.08,118,6713339,72.19,207,6143538,66.06,270,4494668,48.33,457,805174,8.66
2022-05-09,62.31,8.61,29.08,59,6713398,72.19,162,6143700,66.07,251,4494919,48.34,505,805679,8.66
2022-05-10,62.3,8.62,29.08,131,6713529,72.19,169,6143869,66.07,261,4495180,48.34,508,806187,8.67
2022-05-11,62.3,8.63,29.08,58,6713587,72.19,118,6143987,66.07,183,4495363,48.34,464,806651,8.67
2022-05-12,62.29,8.64,29.07,119,6713706,72.2,200,6144187,66.07,280,4495643,48.34,666,807317,8.68
2022-05-13,62.28,8.65,29.07,11,6713717,72.2,44,6144231,66.07,71,4495714,48.34,110,807427,8.68
2022-05-14,62.26,8.66,29.07,6,6713723,72.2,13,6144244,66.07,14,4495728,48.34,24,807451,8.68
2022-05-15,62.26,8.67,29.07,90,6713813,72.2,175,6144419,66.07,246,4495974,48.35,665,808116,8.69
2022-05-16,62.19,8.65,29.16,68,6713881,72.2,141,6144560,66.08,230,4496204,48.35,510,808626,8.7
2022-05-17,62.18,8.66,29.16,73,6713954,72.2,153,6144713,66.08,267,4496471,48.35,618,809244,8.7
2022-05-18,62.17,8.67,29.16,43,6713997,72.2,99,6144812,66.08,169,4496640,48.35,447,809691,8.71
2022-05-19,62.16,8.68,29.16,64,6714061,72.2,171,6144983,66.08,213,4496853,48.36,499,810190,8.71
2022-05-20,62.15,8.69,29.16,76,6714137,72.2,114,6145097,66.08,130,4496983,48.36,138,810328,8.71
2022-05-21,62.14,8.7,29.16,4,6714141,72.2,7,6145104,66.08,15,4496998,48.36,18,810346,8.71
2022-05-22,62.14,8.71,29.16,85,6714226,72.2,190,6145294,66.08,216,4497214,48.36,426,810772,8.72
2022-05-23,62.14,8.71,29.16,65,6714291,72.2,120,6145414,66.08,156,4497370,48.36,348,811120,8.72
2022-05-24,62.13,8.71,29.15,43,6714334,72.2,119,6145533,66.09,157,4497527,48.36,394,811514,8.73
2022-05-25,62.12,8.72,29.15,61,6714395,72.2,103,6145636,66.09,168,4497695,48.37,337,811851,8.73
2022-05-26,62.11,8.73,29.16,72,6714467,72.2,136,6145772,66.09,186,4497881,48.37,347,812198,8.73
2022-05-27,62.1,8.74,29.16,12,6714479,72.2,29,6145801,66.09,43,4497924,48.37,59,812257,8.73
2022-05-28,62.09,8.75,29.16,2,6714481,72.2,5,6145806,66.09,8,4497932,48.37,12,812269,8.73
2022-05-29,62.09,8.75,29.16,89,6714570,72.21,153,6145959,66.09,163,4498095,48.37,316,812585,8.74
2022-05-30,62.09,8.76,29.16,56,6714626,72.21,134,6146093,66.09,125,4498220,48.37,291,812876,8.74
2022-05-31,62.07,8.78,29.15,45,6714671,72.21,104,6146197,66.09,153,4498373,48.37,351,813227,8.75
2022-06-01,61.95,8.9,29.16,65,6714736,72.21,90,6146287,66.09,119,4498492,48.37,277,813504,8.75
2022-06-02,45.96,24.88,29.15,77,6714813,72.21,156,6146443,66.1,178,4498670,48.38,255,813759,8.75
2022-06-03,45.9,24.95,29.16,10,6714823,72.21,23,6146466,66.1,21,4498691,48.38,33,813792,8.75
2022-06-04,45.84,25,29.16,0,6714823,72.21,7,6146473,66.1,8,4498699,48.38,5,813797,8.75
2022-06-05,45.8,25.05,29.16,11,6714834,72.21,14,6146487,66.1,7,4498706,48.38,2,813799,8.75
2022-06-06,39.96,30.89,29.16,58,6714892,72.21,145,6146632,66.1,161,4498867,48.38,262,814061,8.75
2022-06-07,39.92,30.93,29.15,54,6714946,72.21,134,6146766,66.1,142,4499009,48.38,379,814440,8.76
2022-06-08,39.89,30.96,29.15,59,6715005,72.21,104,6146870,66.1,131,4499140,48.38,497,814937,8.76
2022-06-09,39.86,30.99,29.15,84,6715089,72.21,208,6147078,66.1,234,4499374,48.38,642,815579,8.77
2022-06-10,39.83,31.02,29.15,14,6715103,72.21,51,6147129,66.1,59,4499433,48.38,142,815721,8.77
2022-06-11,39.8,31.05,29.15,0,6715103,72.21,3,6147132,66.1,7,4499440,48.38,19,815740,8.77
2022-06-12,39.8,31.05,29.15,109,6715212,72.21,199,6147331,66.11,191,4499631,48.39,767,816507,8.78
2022-06-13,39.81,31.04,29.15,84,6715296,72.21,142,6147473,66.11,168,4499799,48.39,626,817133,8.79
2022-06-14,39.79,31.06,29.15,116,6715412,72.21,173,6147646,66.11,208,4500007,48.39,759,817892,8.8
2022-06-15,39.78,31.08,29.15,71,6715483,72.21,141,6147787,66.11,207,4500214,48.39,700,818592,8.8
2022-06-16,39.74,31.11,29.14,94,6715577,72.22,136,6147923,66.11,218,4500432,48.4,742,819334,8.81
2022-06-17,39.72,31.14,29.15,16,6715593,72.22,63,6147986,66.11,53,4500485,48.4,125,819459,8.81
2022-06-18,39.68,31.17,29.14,3,6715596,72.22,4,6147990,66.11,11,4500496,48.4,15,819474,8.81
2022-06-19,39.53,31.33,29.15,115,6715711,72.22,208,6148198,66.11,318,4500814,48.4,877,820351,8.82
2022-06-20,33.92,36.85,29.23,99,6715810,72.22,152,6148350,66.12,307,4501121,48.4,922,821273,8.83
2022-06-21,33.58,37.19,29.23,94,6715904,72.22,154,6148504,66.12,375,4501496,48.41,1229,822502,8.84
2022-06-22,33.28,37.49,29.23,110,6716014,72.22,136,6148640,66.12,339,4501835,48.41,894,823396,8.85
2022-06-23,32.84,37.92,29.23,132,6716146,72.22,217,6148857,66.12,525,4502360,48.42,1146,824542,8.87
2022-06-24,32.43,38.34,29.24,19,6716165,72.22,35,6148892,66.12,110,4502470,48.42,208,824750,8.87
2022-06-25,32.04,38.72,29.24,1,6716166,72.22,3,6148895,66.12,13,4502483,48.42,16,824766,8.87
2022-06-26,31.63,39.13,29.24,107,6716273,72.22,158,6149053,66.12,379,4502862,48.42,933,825699,8.88
2022-06-27,31.29,39.47,29.24,86,6716359,72.22,172,6149225,66.13,392,4503254,48.43,1028,826727,8.89
2022-06-28,30.86,39.91,29.24,84,6716443,72.23,151,6149376,66.13,364,4503618,48.43,932,827659,8.9
2022-06-29,30.48,40.28,29.24,76,6716519,72.23,108,6149484,66.13,265,4503883,48.43,816,828475,8.91
2022-06-30,30.05,40.71,29.24,86,6716605,72.23,165,6149649,66.13,355,4504238,48.44,1062,829537,8.92
2022-07-01,29.62,41.14,29.24,22,6716627,72.23,28,6149677,66.13,55,4504293,48.44,80,829617,8.92
2022-07-02,29.2,41.56,29.24,1,6716628,72.23,2,6149679,66.13,8,4504301,48.44,18,829635,8.92
2022-07-03,28.81,41.95,29.24,100,6716728,72.23,177,6149856,66.13,322,4504623,48.44,637,830272,8.93
2022-07-04,28.5,42.26,29.24,76,6716804,72.23,140,6149996,66.13,278,4504901,48.44,749,831021,8.94
2022-07-05,28.06,42.7,29.24,59,6716863,72.23,142,6150138,66.14,302,4505203,48.45,688,831709,8.94
2022-07-06,27.39,43.37,29.24,78,6716941,72.23,124,6150262,66.14,211,4505414,48.45,646,832355,8.95
2022-07-07,26.48,44.28,29.24,82,6717023,72.23,164,6150426,66.14,267,4505681,48.45,721,833076,8.96
2022-07-08,25.47,45.29,29.24,17,6717040,72.23,33,6150459,66.14,69,4505750,48.45,131,833207,8.96
2022-07-09,24.42,46.34,29.24,0,6717040,72.23,1,6150460,66.14,3,4505753,48.45,2,833209,8.96
2022-07-10,23.77,46.99,29.24,90,6717130,72.23,164,6150624,66.14,229,4505982,48.46,470,833679,8.97
2022-07-11,23.22,47.54,29.24,64,6717194,72.23,142,6150766,66.14,248,4506230,48.46,575,834254,8.97
2022-07-12,22.13,48.63,29.24,69,6717263,72.23,129,6150895,66.14,207,4506437,48.46,558,834812,8.98
2022-07-13,21.1,49.66,29.24,43,6717306,72.23,101,6150996,66.14,165,4506602,48.46,488,835300,8.98
2022-07-14,20.12,50.63,29.24,69,6717375,72.24,147,6151143,66.15,209,4506811,48.46,513,835813,8.99
2022-07-15,19.27,51.48,29.25,64,6717439,72.24,88,6151231,66.15,127,4506938,48.47,166,835979,8.99
2022-07-16,18.29,52.46,29.25,0,6717439,72.24,6,6151237,66.15,7,4506945,48.47,8,835987,8.99
2022-07-17,17.83,52.92,29.25,77,6717516,72.24,183,6151420,66.15,241,4507186,48.47,468,836455,8.99
2022-07-18,17.48,53.26,29.26,62,6717578,72.24,158,6151578,66.15,207,4507393,48.47,511,836966,9
2022-07-19,16.77,53.97,29.26,62,6717640,72.24,147,6151725,66.15,174,4507567,48.47,368,837334,9
2022-07-20,16.09,54.64,29.26,51,6717691,72.24,134,6151859,66.15,137,4507704,48.47,423,837757,9.01
2022-07-21,15.43,55.3,29.27,61,6717752,72.24,160,6152019,66.16,177,4507881,48.48,341,838098,9.01
2022-07-22,14.64,56.08,29.28,10,6717762,72.24,36,6152055,66.16,43,4507924,48.48,56,838154,9.01
2022-07-23,14.17,56.55,29.28,0,6717762,72.24,4,6152059,66.16,4,4507928,48.48,9,838163,9.01
2022-07-24,13.55,57.16,29.29,58,6717820,72.24,128,6152187,66.16,197,4508125,48.48,364,838527,9.02
2022-07-25,13.09,57.61,29.3,48,6717868,72.24,107,6152294,66.16,172,4508297,48.48,336,838863,9.02
2022-07-26,12.46,58.23,29.3,47,6717915,72.24,99,6152393,66.16,111,4508408,48.48,270,839133,9.02
2022-07-27,11.89,58.8,29.31,43,6717958,72.24,125,6152518,66.16,132,4508540,48.48,243,839376,9.03
2022-07-28,11.35,59.34,29.31,62,6718020,72.24,143,6152661,66.16,148,4508688,48.48,220,839596,9.03
2022-07-29,10.85,59.83,29.32,10,6718030,72.24,25,6152686,66.16,27,4508715,48.48,31,839627,9.03
2022-07-30,10.34,60.33,29.33,0,6718030,72.24,0,6152686,66.16,1,4508716,48.48,1,839628,9.03
2022-07-31,9.97,60.7,29.33,56,6718086,72.24,134,6152820,66.16,131,4508847,48.49,252,839880,9.03
2022-08-01,9.47,61.19,29.34,54,6718140,72.24,76,6152896,66.17,91,4508938,48.49,152,840032,9.03
2022-08-02,8.92,61.73,29.35,111,6718251,72.24,119,6153015,66.17,157,4509095,48.49,264,840296,9.04
2022-08-03,8.46,62.19,29.35,76,6718327,72.25,71,6153086,66.17,92,4509187,48.49,178,840474,9.04
2022-08-04,8.04,62.61,29.36,133,6718460,72.25,133,6153219,66.17,111,4509298,48.49,246,840720,9.04
2022-08-05,7.71,62.93,29.36,31,6718491,72.25,23,6153242,66.17,13,4509311,48.49,24,840744,9.04
2022-08-06,7.32,63.32,29.36,1,6718492,72.25,2,6153244,66.17,3,4509314,48.49,5,840749,9.04
2022-08-07,6.92,63.71,29.37,89,6718581,72.25,97,6153341,66.17,69,4509383,48.49,169,840918,9.04
2022-08-08,6.74,63.89,29.37,76,6718657,72.25,95,6153436,66.17,122,4509505,48.49,172,841090,9.04
2022-08-09,6.25,64.37,29.38,96,6718753,72.25,90,6153526,66.17,99,4509604,48.49,213,841303,9.05
2022-08-10,5.91,64.71,29.38,77,6718830,72.25,60,6153586,66.17,76,4509680,48.49,115,841418,9.05
2022-08-11,5.59,65.03,29.38,54,6718884,72.25,101,6153687,66.17,91,4509771,48.5,155,841573,9.05
2022-08-12,5.35,65.27,29.38,8,6718892,72.25,12,6153699,66.17,18,4509789,48.5,29,841602,9.05
2022-08-13,5.1,65.52,29.38,0,6718892,72.25,2,6153701,66.17,2,4509791,48.5,3,841605,9.05
2022-08-14,4.87,65.75,29.39,74,6718966,72.25,75,6153776,66.17,82,4509873,48.5,150,841755,9.05
2022-08-15,4.74,65.87,29.39,68,6719034,72.25,81,6153857,66.18,93,4509966,48.5,143,841898,9.05
2022-08-16,4.46,66.15,29.39,82,6719116,72.25,84,6153941,66.18,83,4510049,48.5,187,842085,9.06
2022-08-17,4.16,66.44,29.39,47,6719163,72.25,56,6153997,66.18,36,4510085,48.5,115,842200,9.06
2022-08-18,3.98,66.63,29.39,70,6719233,72.26,93,6154090,66.18,120,4510205,48.5,173,842373,9.06
2022-08-19,3.83,66.78,29.39,78,6719311,72.26,67,6154157,66.18,57,4510262,48.5,38,842411,9.06
2022-08-20,3.67,66.94,29.39,1,6719312,72.26,1,6154158,66.18,3,4510265,48.5,3,842414,9.06
2022-08-21,3.52,67.08,29.4,51,6719363,72.26,85,6154243,66.18,84,4510349,48.5,197,842611,9.06
2022-08-22,3.44,67.16,29.4,89,6719452,72.26,74,6154317,66.18,103,4510452,48.5,144,842755,9.06
2022-08-23,3.27,67.33,29.4,72,6719524,72.26,106,6154423,66.18,84,4510536,48.5,180,842935,9.06
2022-08-24,3.15,67.46,29.4,38,6719562,72.26,80,6154503,66.18,49,4510585,48.5,133,843068,9.07
2022-08-25,3.03,67.57,29.4,53,6719615,72.26,75,6154578,66.18,97,4510682,48.51,193,843261,9.07
2022-08-26,2.94,67.66,29.4,4,6719619,72.26,15,6154593,66.18,9,4510691,48.51,14,843275,9.07
2022-08-27,2.84,67.76,29.4,0,6719619,72.26,0,6154593,66.18,0,4510691,48.51,0,843275,9.07
2022-08-28,2.75,67.85,29.4,55,6719674,72.26,80,6154673,66.18,85,4510776,48.51,102,843377,9.07
2022-08-29,2.69,67.91,29.4,48,6719722,72.26,68,6154741,66.19,89,4510865,48.51,107,843484,9.07
2022-08-30,2.6,68,29.4,85,6719807,72.26,113,6154854,66.19,85,4510950,48.51,131,843615,9.07
2022-08-31,2.53,68.07,29.4,42,6719849,72.26,89,6154943,66.19,70,4511020,48.51,96,843711,9.07
2022-09-01,2.46,68.14,29.4,29,6719878,72.26,84,6155027,66.19,58,4511078,48.51,113,843824,9.07
2022-09-02,2.4,68.2,29.4,6,6719884,72.26,20,6155047,66.19,13,4511091,48.51,10,843834,9.07
2022-09-03,2.33,68.27,29.4,2,6719886,72.26,0,6155047,66.19,3,4511094,48.51,1,843835,9.07
2022-09-04,2.27,68.32,29.4,64,6719950,72.26,133,6155180,66.19,80,4511174,48.51,121,843956,9.08
2022-09-05,2.23,68.37,29.4,44,6719994,72.26,77,6155257,66.19,58,4511232,48.51,90,844046,9.08
2022-09-06,2.17,68.42,29.4,60,6720054,72.26,104,6155361,66.19,78,4511310,48.51,130,844176,9.08
2022-09-07,2.12,68.47,29.4,28,6720082,72.26,63,6155424,66.19,53,4511363,48.51,95,844271,9.08
2022-09-08,2.07,68.53,29.4,50,6720132,72.27,101,6155525,66.19,70,4511433,48.51,77,844348,9.08
2022-09-09,2.03,68.57,29.4,10,6720142,72.27,21,6155546,66.19,16,4511449,48.51,17,844365,9.08
2022-09-10,1.97,68.62,29.4,0,6720142,72.27,0,6155546,66.19,5,4511454,48.51,2,844367,9.08
2022-09-11,1.92,68.67,29.41,39,6720181,72.27,117,6155663,66.2,78,4511532,48.51,116,844483,9.08
2022-09-12,1.88,68.71,29.41,24,6720205,72.27,72,6155735,66.2,52,4511584,48.52,68,844551,9.08
2022-09-13,1.82,68.77,29.41,44,6720249,72.27,113,6155848,66.2,54,4511638,48.52,103,844654,9.08
2022-09-14,1.78,68.82,29.41,21,6720270,72.27,64,6155912,66.2,54,4511692,48.52,62,844716,9.08
2022-09-15,1.73,68.86,29.41,32,6720302,72.27,77,6155989,66.2,63,4511755,48.52,107,844823,9.08
2022-09-16,1.7,68.89,29.41,51,6720353,72.27,52,6156041,66.2,28,4511783,48.52,28,844851,9.09
2022-09-17,1.66,68.93,29.41,3,6720356,72.27,0,6156041,66.2,1,4511784,48.52,0,844851,9.09
2022-09-18,1.63,68.96,29.41,28,6720384,72.27,66,6156107,66.2,52,4511836,48.52,115,844966,9.09
2022-09-19,1.61,68.98,29.41,27,6720411,72.27,74,6156181,66.2,44,4511880,48.52,57,845023,9.09
2022-09-20,1.56,69.03,29.41,41,6720452,72.27,93,6156274,66.2,75,4511955,48.52,102,845125,9.09
2022-09-21,1.55,69.05,29.41,22,6720474,72.27,54,6156328,66.2,29,4511984,48.52,56,845181,9.09
2022-09-22,1.52,69.07,29.4,42,6720516,72.27,56,6156384,66.2,27,4512011,48.52,41,845222,9.09
2022-09-23,1.5,69.1,29.41,7,6720523,72.27,11,6156395,66.2,4,4512015,48.52,1,845223,9.09
2022-09-24,1.47,69.13,29.41,0,6720523,72.27,0,6156395,66.2,1,4512016,48.52,0,845223,9.09
2022-09-25,1.46,69.13,29.41,5,6720528,72.27,20,6156415,66.2,10,4512026,48.52,27,845250,9.09
2022-09-26,1.46,69.13,29.41,0,6720528,72.27,5,6156420,66.2,2,4512028,48.52,2,845252,9.09
2022-09-27,1.42,69.17,29.41,2,6720530,72.27,0,6156420,66.2,3,4512031,48.52,3,845255,9.09
2022-09-28,1.39,69.21,29.41,24,6720554,72.27,36,6156456,66.2,25,4512056,48.52,17,845272,9.09
2022-09-29,1.37,69.22,29.41,32,6720586,72.27,61,6156517,66.2,13,4512069,48.52,48,845320,9.09
2022-09-30,1.35,69.24,29.41,4,6720590,72.27,12,6156529,66.2,2,4512071,48.52,0,845320,9.09
2022-10-01,1.31,69.29,29.41,0,6720590,72.27,1,6156530,66.2,1,4512072,48.52,1,845321,9.09
2022-10-02,1.31,69.29,29.41,28,6720618,72.27,51,6156581,66.2,20,4512092,48.52,73,845394,9.09
2022-10-03,1.31,69.28,29.4,23,6720641,72.27,29,6156610,66.21,13,4512105,48.52,12,845406,9.09
2022-10-04,1.27,69.32,29.4,7,6720648,72.27,10,6156620,66.21,0,4512105,48.52,1,845407,9.09
2022-10-05,1.28,69.31,29.4,1,6720649,72.27,0,6156620,66.21,0,4512105,48.52,1,845408,9.09
2022-10-06,1.31,69.28,29.4,17,6720666,72.27,43,6156663,66.21,10,4512115,48.52,20,845428,9.09
2022-10-07,1.3,69.29,29.41,3,6720669,72.27,3,6156666,66.21,4,4512119,48.52,0,845428,9.09
2022-10-08,1.26,69.33,29.41,1,6720670,72.27,1,6156667,66.21,0,4512119,48.52,1,845429,9.09
2022-10-09,1.31,69.28,29.41,7,6720677,72.27,22,6156689,66.21,6,4512125,48.52,5,845434,9.09
2022-10-10,1.38,69.22,29.4,5,6720682,72.27,2,6156691,66.21,0,4512125,48.52,0,845434,9.09
2022-10-11,1.36,69.24,29.4,12,6720694,72.27,32,6156723,66.21,1,4512126,48.52,32,845466,9.09
2022-10-12,1.34,69.26,29.4,13,6720707,72.27,24,6156747,66.21,5,4512131,48.52,4,845470,9.09
2022-10-13,1.4,69.2,29.4,17,6720724,72.27,16,6156763,66.21,5,4512136,48.52,9,845479,9.09
2022-10-14,1.4,69.2,29.4,6,6720730,72.27,7,6156770,66.21,4,4512140,48.52,3,845482,9.09
2022-10-15,1.38,69.22,29.4,0,6720730,72.27,0,6156770,66.21,0,4512140,48.52,1,845483,9.09
2022-10-16,1.39,69.2,29.4,4,6720734,72.27,13,6156783,66.21,5,4512145,48.52,8,845491,9.09
2022-10-17,1.39,69.2,29.4,1,6720735,72.27,1,6156784,66.21,3,4512148,48.52,1,845492,9.09
2022-10-18,1.43,69.17,29.4,24,6720759,72.27,31,6156815,66.21,14,4512162,48.52,16,845508,9.09
2022-10-19,1.47,69.12,29.4,18,6720777,72.27,25,6156840,66.21,7,4512169,48.52,3,845511,9.09
2022-10-20,1.5,69.1,29.4,26,6720803,72.27,44,6156884,66.21,12,4512181,48.52,4,845515,9.09
2022-10-21,1.5,69.09,29.4,4,6720807,72.27,7,6156891,66.21,2,4512183,48.52,4,845519,9.09
2022-10-22,1.49,69.1,29.4,0,6720807,72.27,0,6156891,66.21,0,4512183,48.52,0,845519,9.09
2022-10-23,1.51,69.08,29.4,15,6720822,72.27,33,6156924,66.21,18,4512201,48.52,10,845529,9.09
2022-10-24,1.51,69.08,29.41,20,6720842,72.27,16,6156940,66.21,19,4512220,48.52,9,845538,9.09
2022-10-25,1.55,69.04,29.4,18,6720860,72.27,34,6156974,66.21,22,4512242,48.52,21,845559,9.09
2022-10-26,1.61,68.99,29.4,18,6720878,72.27,25,6156999,66.21,8,4512250,48.52,10,845569,9.09
2022-10-27,1.67,68.93,29.4,17,6720895,72.27,27,6157026,66.21,14,4512264,48.52,17,845586,9.09
2022-10-28,1.67,68.93,29.4,48,6720943,72.27,49,6157075,66.21,31,4512295,48.52,18,845604,9.09
2022-10-29,1.66,68.94,29.4,0,6720943,72.27,0,6157075,66.21,0,4512295,48.52,0,845604,9.09
2022-10-30,1.71,68.89,29.4,15,6720958,72.27,23,6157098,66.21,15,4512310,48.52,9,845613,9.09
2022-10-31,1.76,68.84,29.4,17,6720975,72.27,16,6157114,66.21,8,4512318,48.52,9,845622,9.09
2022-11-01,1.82,68.78,29.4,2,6720977,72.27,1,6157115,66.21,1,4512319,48.52,0,845622,9.09
2022-11-02,1.88,68.72,29.4,13,6720990,72.27,13,6157128,66.21,7,4512326,48.52,8,845630,9.09
2022-11-03,1.96,68.64,29.4,17,6721007,72.27,18,6157146,66.21,11,4512337,48.52,8,845638,9.09
2022-11-04,1.98,68.63,29.4,4,6721011,72.27,6,6157152,66.21,1,4512338,48.52,2,845640,9.09
2022-11-05,1.97,68.63,29.4,0,6721011,72.27,0,6157152,66.21,0,4512338,48.52,0,845640,9.09
2022-11-06,2.03,68.57,29.4,27,6721038,72.27,33,6157185,66.21,11,4512349,48.52,23,845663,9.09
2022-11-07,2.1,68.51,29.4,15,6721053,72.27,11,6157196,66.21,10,4512359,48.52,54,845717,9.09
2022-11-08,2.1,68.5,29.4,28,6721081,72.28,26,6157222,66.21,14,4512373,48.52,9,845726,9.09
2022-11-09,2.16,68.45,29.4,16,6721097,72.28,20,6157242,66.21,17,4512390,48.52,9,845735,9.09
2022-11-10,2.22,68.39,29.4,28,6721125,72.28,17,6157259,66.21,11,4512401,48.52,6,845741,9.09
2022-11-11,2.23,68.37,29.4,1,6721126,72.28,17,6157276,66.21,2,4512403,48.52,1,845742,9.09
2022-11-12,2.22,68.38,29.4,1,6721127,72.28,0,6157276,66.21,2,4512405,48.52,0,845742,9.09
2022-11-13,2.29,68.31,29.4,29,6721156,72.28,31,6157307,66.21,17,4512422,48.52,8,845750,9.09
2022-11-14,2.37,68.23,29.4,20,6721176,72.28,17,6157324,66.21,21,4512443,48.52,16,845766,9.1
2022-11-15,2.43,68.17,29.4,40,6721216,72.28,25,6157349,66.21,16,4512459,48.52,18,845784,9.1
2022-11-16,2.5,68.1,29.4,14,6721230,72.28,27,6157376,66.21,16,4512475,48.52,11,845795,9.1
2022-11-17,2.59,68.02,29.4,19,6721249,72.28,33,6157409,66.21,18,4512493,48.53,5,845800,9.1
2022-11-18,2.61,67.99,29.4,6,6721255,72.28,4,6157413,66.21,4,4512497,48.53,0,845800,9.1
2022-11-19,2.6,68,29.4,0,6721255,72.28,0,6157413,66.21,0,4512497,48.53,0,845800,9.1
2022-11-20,2.67,67.93,29.4,19,6721274,72.28,19,6157432,66.21,6,4512503,48.53,13,845813,9.1
2022-11-21,2.76,67.85,29.4,14,6721288,72.28,13,6157445,66.21,6,4512509,48.53,6,845819,9.1
2022-11-22,2.83,67.77,29.4,26,6721314,72.28,13,6157458,66.21,17,4512526,48.53,6,845825,9.1
2022-11-23,2.9,67.7,29.4,17,6721331,72.28,20,6157478,66.21,4,4512530,48.53,8,845833,9.1
2022-11-24,2.98,67.62,29.4,9,6721340,72.28,16,6157494,66.21,13,4512543,48.53,27,845860,9.1
2022-11-25,3,67.6,29.4,14,6721354,72.28,39,6157533,66.22,14,4512557,48.53,12,845872,9.1
2022-11-26,3,67.61,29.4,0,6721354,72.28,2,6157535,66.22,0,4512557,48.53,0,845872,9.1
2022-11-27,3.06,67.54,29.4,14,6721368,72.28,15,6157550,66.22,19,4512576,48.53,2,845874,9.1
2022-11-28,3.14,67.47,29.4,8,6721376,72.28,23,6157573,66.22,8,4512584,48.53,6,845880,9.1
2022-11-29,3.2,67.4,29.4,38,6721414,72.28,31,6157604,66.22,19,4512603,48.53,14,845894,9.1
2022-11-30,3.27,67.34,29.39,12,6721426,72.28,25,6157629,66.22,20,4512623,48.53,8,845902,9.1
2022-12-01,3.34,67.26,29.39,13,6721439,72.28,18,6157647,66.22,15,4512638,48.53,4,845906,9.1
2022-12-02,3.36,67.24,29.39,2,6721441,72.28,7,6157654,66.22,4,4512642,48.53,10,845916,9.1
2022-12-03,3.36,67.24,29.39,0,6721441,72.28,0,6157654,66.22,0,4512642,48.53,1,845917,9.1
2022-12-04,3.42,67.18,29.39,32,6721473,72.28,27,6157681,66.22,30,4512672,48.53,26,845943,9.1
2022-12-05,3.48,67.12,29.4,9,6721482,72.28,17,6157698,66.22,11,4512683,48.53,20,845963,9.1
2022-12-06,3.55,67.06,29.39,32,6721514,72.28,26,6157724,66.22,27,4512710,48.53,7,845970,9.1
2022-12-07,3.62,66.99,29.39,10,6721524,72.28,17,6157741,66.22,8,4512718,48.53,8,845978,9.1
2022-12-08,3.69,66.91,29.39,18,6721542,72.28,31,6157772,66.22,15,4512733,48.53,3,845981,9.1
2022-12-09,3.71,66.9,29.39,4,6721546,72.28,1,6157773,66.22,1,4512734,48.53,7,845988,9.1
2022-12-10,3.7,66.91,29.39,1,6721547,72.28,0,6157773,66.22,2,4512736,48.53,0,845988,9.1
2022-12-11,3.76,66.84,29.39,16,6721563,72.28,22,6157795,66.22,15,4512751,48.53,16,846004,9.1
2022-12-12,3.82,66.78,29.39,15,6721578,72.28,13,6157808,66.22,5,4512756,48.53,0,846004,9.1
2022-12-13,3.87,66.73,29.39,17,6721595,72.28,44,6157852,66.22,18,4512774,48.53,13,846017,9.1
2022-12-14,3.92,66.69,29.39,17,6721612,72.28,16,6157868,66.22,7,4512781,48.53,3,846020,9.1
2022-12-15,3.97,66.64,29.39,22,6721634,72.28,19,6157887,66.22,7,4512788,48.53,12,846032,9.1
2022-12-16,3.98,66.62,29.39,12,6721646,72.28,3,6157890,66.22,1,4512789,48.53,0,846032,9.1
2022-12-17,3.97,66.63,29.39,0,6721646,72.28,0,6157890,66.22,0,4512789,48.53,0,846032,9.1
2022-12-18,4.01,66.59,29.39,9,6721655,72.28,18,6157908,66.22,8,4512797,48.53,3,846035,9.1
2022-12-19,4.06,66.54,29.4,7,6721662,72.28,14,6157922,66.22,12,4512809,48.53,1,846036,9.1
2022-12-20,4.1,66.51,29.39,12,6721674,72.28,17,6157939,66.22,2,4512811,48.53,2,846038,9.1
2022-12-21,4.14,66.47,29.39,9,6721683,72.28,14,6157953,66.22,13,4512824,48.53,3,846041,9.1
2022-12-22,4.18,66.42,29.39,4,6721687,72.28,10,6157963,66.22,14,4512838,48.53,1,846042,9.1
2022-12-23,4.19,66.42,29.39,8,6721695,72.28,0,6157963,66.22,2,4512840,48.53,0,846042,9.1
2022-12-24,4.18,66.43,29.39,0,6721695,72.28,0,6157963,66.22,0,4512840,48.53,0,846042,9.1
2022-12-25,4.21,66.4,29.39,6,6721701,72.28,17,6157980,66.22,1,4512841,48.53,2,846044,9.1
2022-12-26,4.24,66.36,29.39,17,6721718,72.28,6,6157986,66.22,13,4512854,48.53,0,846044,9.1
2022-12-27,4.25,66.36,29.39,24,6721742,72.28,24,6158010,66.22,17,4512871,48.53,7,846051,9.1
2022-12-28,4.26,66.34,29.39,17,6721759,72.28,18,6158028,66.22,25,4512896,48.53,64,846115,9.1
2022-12-29,4.28,66.33,29.39,15,6721774,72.28,23,6158051,66.22,14,4512910,48.53,4,846119,9.1
2022-12-30,4.27,66.33,29.4,4,6721778,72.28,5,6158056,66.22,3,4512913,48.53,0,846119,9.1
2022-12-31,4.26,66.35,29.4,0,6721778,72.28,1,6158057,66.22,0,4512913,48.53,0,846119,9.1
2023-01-01,4.27,66.33,29.4,6,6721784,72.28,18,6158075,66.22,2,4512915,48.53,1,846120,9.1
2023-01-02,4.29,66.31,29.4,10,6721794,72.28,8,6158083,66.22,3,4512918,48.53,1,846121,9.1
2023-01-03,4.3,66.3,29.4,20,6721814,72.28,17,6158100,66.22,7,4512925,48.53,3,846124,9.1
2023-01-04,4.3,66.3,29.4,7,6721821,72.28,11,6158111,66.22,4,4512929,48.53,2,846126,9.1
2023-01-05,4.31,66.29,29.39,12,6721833,72.28,19,6158130,66.22,11,4512940,48.53,4,846130,9.1
2023-01-06,4.31,66.29,29.4,2,6721835,72.28,1,6158131,66.22,1,4512941,48.53,0,846130,9.1
2023-01-07,4.3,66.31,29.4,1,6721836,72.28,0,6158131,66.22,0,4512941,48.53,0,846130,9.1
2023-01-08,4.33,66.28,29.4,14,6721850,72.28,31,6158162,66.22,9,4512950,48.53,2,846132,9.1
2023-01-09,4.34,66.26,29.4,12,6721862,72.28,20,6158182,66.22,1,4512951,48.53,1,846133,9.1
2023-01-10,4.35,66.25,29.4,38,6721900,72.28,27,6158209,66.22,10,4512961,48.53,4,846137,9.1
2023-01-11,4.36,66.25,29.4,14,6721914,72.28,18,6158227,66.22,11,4512972,48.53,2,846139,9.1
2023-01-12,4.37,66.24,29.39,22,6721936,72.28,20,6158247,66.22,11,4512983,48.53,2,846141,9.1
2023-01-13,4.36,66.24,29.4,3,6721939,72.28,2,6158249,66.22,0,4512983,48.53,0,846141,9.1
2023-01-14,4.35,66.25,29.4,1,6721940,72.28,0,6158249,66.22,0,4512983,48.53,0,846141,9.1
2023-01-15,4.36,66.24,29.4,17,6721957,72.28,16,6158265,66.22,4,4512987,48.53,3,846144,9.1
2023-01-16,4.38,66.22,29.4,9,6721966,72.28,14,6158279,66.22,6,4512993,48.53,0,846144,9.1
2023-01-17,4.38,66.22,29.4,14,6721980,72.28,14,6158293,66.22,6,4512999,48.53,0,846144,9.1
2023-01-18,4.39,66.21,29.4,7,6721987,72.28,8,6158301,66.22,3,4513002,48.53,1,846145,9.1
2023-01-19,4.4,66.2,29.4,13,6722000,72.29,15,6158316,66.22,2,4513004,48.53,4,846149,9.1
2023-01-20,4.39,66.2,29.4,4,6722004,72.29,2,6158318,66.22,0,4513004,48.53,1,846150,9.1
2023-01-21,4.39,66.21,29.4,0,6722004,72.29,0,6158318,66.22,0,4513004,48.53,0,846150,9.1
2023-01-22,4.4,66.2,29.4,8,6722012,72.29,3,6158321,66.22,8,4513012,48.53,4,846154,9.1
2023-01-23,4.41,66.19,29.4,11,6722023,72.29,5,6158326,66.22,6,4513018,48.53,0,846154,9.1
2023-01-24,4.41,66.19,29.4,21,6722044,72.29,21,6158347,66.22,11,4513029,48.53,2,846156,9.1
2023-01-25,4.41,66.18,29.4,5,6722049,72.29,5,6158352,66.22,0,4513029,48.53,2,846158,9.1
2023-01-26,4.42,66.18,29.4,10,6722059,72.29,15,6158367,66.22,8,4513037,48.53,2,846160,9.1
2023-01-27,4.41,66.18,29.4,0,6722059,72.29,9,6158376,66.22,0,4513037,48.53,0,846160,9.1
2023-01-28,4.41,66.19,29.4,0,6722059,72.29,0,6158376,66.22,0,4513037,48.53,0,846160,9.1
2023-01-29,4.41,66.19,29.41,12,6722071,72.29,8,6158384,66.22,5,4513042,48.53,2,846162,9.1
2023-01-30,4.42,66.17,29.41,9,6722080,72.29,16,6158400,66.22,2,4513044,48.53,1,846163,9.1
2023-01-31,4.42,66.17,29.41,19,6722099,72.29,23,6158423,66.22,4,4513048,48.53,1,846164,9.1
2023-02-01,4.42,66.17,29.41,10,6722109,72.29,11,6158434,66.22,4,4513052,48.53,0,846164,9.1
2023-02-02,4.43,66.17,29.41,14,6722123,72.29,31,6158465,66.23,3,4513055,48.53,0,846164,9.1
2023-02-03,4.42,66.17,29.41,3,6722126,72.29,1,6158466,66.23,0,4513055,48.53,0,846164,9.1
2023-02-04,4.42,66.18,29.41,0,6722126,72.29,0,6158466,66.23,0,4513055,48.53,0,846164,9.1
2023-02-05,4.42,66.17,29.41,13,6722139,72.29,8,6158474,66.23,6,4513061,48.53,4,846168,9.1
2023-02-06,4.43,66.16,29.41,0,6722139,72.29,0,6158474,66.23,0,4513061,48.53,0,846168,9.1
