Date,Valid vaccinated pop. perc.,Expired vaccinated pop. perc.,Not vaccinated pop. perc.,Vaccinated (daily),Vaccinated (cumu),Vaccinated pop. perc.,Second dose (daily),Second dose (cumu),Second dose pop. perc.,Third dose (daily),Third dose (cumu),Third dose pop. perc.,Fourth dose (daily),Fourth dose (cumu),Fourth dose pop. perc.
2020-12-19,0,0,100,46,70,0,0,4,0,0,0,0,0,0,0
2020-12-20,0,0,100,7396,7466,0.08,0,4,0,0,0,0,0,0,0
2020-12-21,0,0,100,24923,32389,0.35,0,4,0,0,0,0,0,0,0
2020-12-22,0,0,100,44669,77058,0.83,0,4,0,0,0,0,0,0,0
2020-12-23,0,0,100,62918,139976,1.51,0,4,0,0,0,0,0,0,0
2020-12-24,0,0,100,73429,213405,2.29,0,4,0,0,0,0,0,0,0
2020-12-25,0,0,100,38517,251922,2.71,0,4,0,0,0,0,0,0,0
2020-12-26,0,0,100,32617,284539,3.06,0,4,0,0,0,0,0,0,0
2020-12-27,0,0,100,104572,389111,4.18,0,4,0,0,0,0,0,0,0
2020-12-28,0,0,100,135041,524152,5.64,0,4,0,0,0,0,0,0,0
2020-12-29,0,0,100,156335,680487,7.32,2,6,0,0,0,0,0,0,0
2020-12-30,0,0,100,153188,833675,8.96,0,6,0,0,0,0,0,0,0
2020-12-31,0,0,100,158594,992269,10.67,0,6,0,0,0,0,0,0,0
2021-01-01,0,0,100,71435,1063704,11.44,0,6,0,0,0,0,0,0,0
2021-01-02,0,0,100,71742,1135446,12.21,0,6,0,0,0,0,0,0,0
2021-01-03,0,0,100,149763,1285209,13.82,0,6,0,0,0,0,0,0,0
2021-01-04,0,0,100,152202,1437411,15.46,1,7,0,0,0,0,0,0,0
2021-01-05,0,0,100,125220,1562631,16.8,4,11,0,0,0,0,0,0,0
2021-01-06,0,0,100,103371,1666002,17.92,2,13,0,0,0,0,0,0,0
2021-01-07,0,0,100,116062,1782064,19.16,9,22,0,0,0,0,0,0,0
2021-01-08,0,0,100,66462,1848526,19.88,5,27,0,0,0,0,0,0,0
2021-01-09,0,0,100,44553,1893079,20.36,24,51,0,0,0,0,0,0,0
2021-01-10,0,0,100,37649,1930728,20.76,6001,6052,0.07,0,0,0,0,0,0
2021-01-11,0,0,100,21174,1951902,20.99,19264,25316,0.27,0,0,0,0,0,0
2021-01-12,0,0,100,24075,1975977,21.25,35675,60991,0.66,0,0,0,0,0,0
2021-01-13,0,0,100,52078,2028055,21.81,56874,117865,1.27,0,0,0,0,0,0
2021-01-14,0,0,100,56478,2084533,22.42,68838,186703,2.01,0,0,0,0,0,0
2021-01-15,0,0,100,30776,2115309,22.75,35942,222645,2.39,0,0,0,0,0,0
2021-01-16,0,0,100,29481,2144790,23.06,26006,248651,2.67,0,0,0,0,0,0
2021-01-17,0.31,0,99.69,68444,2213234,23.8,84597,333248,3.58,0,0,0,0,0,0
2021-01-18,0.58,0,99.42,69819,2283053,24.55,120437,453685,4.88,0,0,0,0,0,0
2021-01-19,1.09,0,98.91,72896,2355949,25.33,137848,591533,6.36,0,0,0,0,0,0
2021-01-20,1.9,0,98.1,76919,2432868,26.16,143765,735298,7.91,0,0,0,0,0,0
2021-01-21,2.88,0,97.12,70003,2502871,26.91,164473,899771,9.68,0,0,0,0,0,0
2021-01-22,3.39,0,96.61,37930,2540801,27.32,71133,970904,10.44,0,0,0,0,0,0
2021-01-23,3.77,0,96.23,39965,2580766,27.75,53595,1024499,11.02,0,0,0,0,0,0
2021-01-24,4.96,0,95.04,69147,2649913,28.5,140707,1165206,12.53,0,0,0,0,0,0
2021-01-25,6.61,0,93.39,80943,2730856,29.37,139519,1304725,14.03,0,0,0,0,0,0
2021-01-26,8.45,0,91.55,78736,2809592,30.21,126444,1431169,15.39,0,0,0,0,0,0
2021-01-27,10.34,0,89.66,77980,2887572,31.05,125069,1556238,16.73,0,0,0,0,0,0
2021-01-28,12.43,0,87.57,79570,2967142,31.91,130631,1686869,18.14,0,0,0,0,0,0
2021-01-29,13.34,0,86.66,36704,3003846,32.3,64793,1751662,18.84,0,0,0,0,0,0
2021-01-30,14.02,0,85.98,34395,3038241,32.67,42767,1794429,19.3,0,0,0,0,0,0
2021-01-31,15.76,0,84.24,73331,3111572,33.46,59503,1853932,19.94,0,0,0,0,0,0
2021-02-01,17.48,0,82.52,82510,3194082,34.35,35356,1889288,20.32,0,0,0,0,0,0
2021-02-02,19.01,0,80.99,70104,3264186,35.1,31073,1920361,20.65,0,0,0,0,0,0
2021-02-03,20.47,0,79.53,60308,3324494,35.75,51444,1971805,21.2,0,0,0,0,0,0
2021-02-04,22,0,78,72638,3397132,36.53,58096,2029901,21.83,0,0,0,0,0,0
2021-02-05,22.75,0,77.25,33947,3431079,36.9,28806,2058707,22.14,0,0,0,0,0,0
2021-02-06,23.23,0,76.77,21621,3452700,37.13,22233,2080940,22.38,0,0,0,0,0,0
2021-02-07,23.99,0,76.01,54082,3506782,37.71,68742,2149682,23.12,0,0,0,0,0,0
2021-02-08,24.52,0,75.48,58641,3565423,38.34,65467,2215149,23.82,0,0,0,0,0,0
2021-02-09,25.04,0,74.96,66355,3631778,39.05,67578,2282727,24.55,0,0,0,0,0,0
2021-02-10,25.77,0,74.23,70570,3702348,39.81,72313,2355040,25.32,0,0,0,0,0,0
2021-02-11,26.61,0,73.39,81175,3783523,40.69,72111,2427151,26.1,0,0,0,0,0,0
2021-02-12,27.02,0,72.98,39109,3822632,41.11,37597,2464748,26.5,0,0,0,0,0,0
2021-02-13,27.33,0,72.67,27463,3850095,41.4,30440,2495188,26.83,0,0,0,0,0,0
2021-02-14,28.25,0,71.75,74915,3925010,42.21,69085,2564273,27.57,0,0,0,0,0,0
2021-02-15,29.17,0,70.83,81546,4006556,43.08,75721,2639994,28.39,0,0,0,0,0,0
2021-02-16,30.11,0,69.89,83422,4089978,43.98,78300,2718294,29.23,0,0,0,0,0,0
2021-02-17,31.01,0,68.99,61984,4151962,44.65,75644,2793938,30.04,0,0,0,0,0,0
2021-02-18,31.94,0,68.06,69157,4221119,45.39,79739,2873677,30.9,0,0,0,0,0,0
2021-02-19,32.45,0,67.55,39676,4260795,45.82,38162,2911839,31.31,0,0,0,0,0,0
2021-02-20,32.85,0,67.15,31650,4292445,46.16,28724,2940563,31.62,0,0,0,0,0,0
2021-02-21,33.8,0,66.2,79435,4371880,47.01,78445,3019008,32.46,0,0,0,0,0,0
2021-02-22,34.83,0,65.17,85057,4456937,47.93,80596,3099604,33.33,0,0,0,0,0,0
2021-02-23,35.84,0,64.16,77330,4534267,48.76,70486,3170090,34.09,0,0,0,0,0,0
2021-02-24,36.76,0,63.24,61066,4595333,49.42,63144,3233234,34.77,0,0,0,0,0,0
2021-02-25,37.66,0,62.34,51729,4647062,49.97,64807,3298041,35.47,0,0,0,0,0,0
2021-02-26,38.1,0,61.9,25912,4672974,50.25,32046,3330087,35.81,0,0,0,0,0,0
2021-02-27,38.42,0,61.58,18352,4691326,50.45,21196,3351283,36.04,0,0,0,0,0,0
2021-02-28,39.24,0,60.76,40364,4731690,50.88,55874,3407157,36.64,0,0,0,0,0,0
2021-03-01,40.1,0,59.9,45752,4777442,51.37,61444,3468601,37.3,0,0,0,0,0,0
2021-03-02,40.85,0,59.15,41202,4818644,51.82,64799,3533400,38,0,0,0,0,0,0
2021-03-03,41.55,0,58.45,42035,4860679,52.27,66792,3600192,38.71,0,0,0,0,0,0
2021-03-04,42.24,0,57.76,39719,4900398,52.7,79125,3679317,39.57,0,0,0,0,0,0
2021-03-05,42.57,0,57.43,17369,4917767,52.88,40469,3719786,40,0,0,0,0,0,0
2021-03-06,42.78,0,57.22,10722,4928489,53,25347,3745133,40.27,0,0,0,0,0,0
2021-03-07,43.36,0,56.64,31156,4959645,53.33,72845,3817978,41.06,0,0,0,0,0,0
2021-03-08,43.97,0,56.03,27387,4987032,53.63,73294,3891272,41.84,0,0,0,0,0,0
2021-03-09,44.62,0,55.38,26757,5013789,53.92,76603,3967875,42.67,0,0,0,0,0,0
2021-03-10,45.27,0,54.73,23373,5037162,54.17,58685,4026560,43.3,0,0,0,0,0,0
2021-03-11,45.99,0,54.01,23305,5060467,54.42,69096,4095656,44.04,0,0,0,0,0,0
2021-03-12,46.34,0,53.66,11296,5071763,54.54,41418,4137074,44.49,0,0,0,0,0,0
2021-03-13,46.57,0,53.43,7952,5079715,54.62,25239,4162313,44.76,0,0,0,0,0,0
2021-03-14,47.2,0,52.8,20990,5100705,54.85,73936,4236249,45.55,0,0,0,0,0,0
2021-03-15,47.81,0,52.19,20150,5120855,55.07,78280,4314529,46.4,0,0,0,0,0,0
2021-03-16,48.43,0,51.57,18758,5139613,55.27,71480,4386009,47.16,0,0,0,0,0,0
2021-03-17,48.92,0,51.08,17704,5157317,55.46,59010,4445019,47.8,0,0,0,0,0,0
2021-03-18,49.45,0,50.55,16050,5173367,55.63,58125,4503144,48.42,0,0,0,0,0,0
2021-03-19,49.75,0,50.25,6956,5180323,55.71,27980,4531124,48.73,0,0,0,0,0,0
2021-03-20,49.93,0,50.07,5227,5185550,55.76,15301,4546425,48.89,0,0,0,0,0,0
2021-03-21,50.46,0,49.54,13172,5198722,55.9,40510,4586935,49.33,0,0,0,0,0,0
2021-03-22,51,0,49,13581,5212303,56.05,40542,4627477,49.76,0,0,0,0,0,0
2021-03-23,51.43,0,48.57,2845,5215148,56.08,7303,4634780,49.84,0,0,0,0,0,0
2021-03-24,51.84,0,48.16,11005,5226153,56.2,46560,4681340,50.34,0,0,0,0,0,0
2021-03-25,52.22,0,47.78,10272,5236425,56.31,35440,4716780,50.72,0,0,0,0,0,0
2021-03-26,52.4,0,47.6,4186,5240611,56.35,13333,4730113,50.87,0,0,0,0,0,0
2021-03-27,52.5,0,47.5,1786,5242397,56.37,4269,4734382,50.91,0,0,0,0,0,0
2021-03-28,52.74,0,47.26,2113,5244510,56.4,4611,4738993,50.96,0,0,0,0,0,0
2021-03-29,53,0,47,6917,5251427,56.47,30017,4769010,51.28,0,0,0,0,0,0
2021-03-30,53.08,0,46.92,7894,5259321,56.56,22454,4791464,51.52,0,0,0,0,0,0
2021-03-31,53.38,0,46.62,8154,5267475,56.64,19501,4810965,51.73,0,0,0,0,0,0
2021-04-01,53.62,0,46.38,8220,5275695,56.73,18701,4829666,51.94,0,0,0,0,0,0
2021-04-02,53.71,0,46.29,2945,5278640,56.76,8131,4837797,52.02,0,0,0,0,0,0
2021-04-03,53.74,0,46.26,1433,5280073,56.78,2983,4840780,52.06,0,0,0,0,0,0
2021-04-04,53.82,0,46.18,9618,5289691,56.88,22832,4863612,52.3,0,0,0,0,0,0
2021-04-05,54.04,0,45.96,10364,5300055,56.99,21276,4884888,52.53,0,0,0,0,0,0
2021-04-06,54.21,0,45.79,9033,5309088,57.09,16794,4901682,52.71,0,0,0,0,0,0
2021-04-07,54.36,0,45.64,8931,5318019,57.19,15313,4916995,52.87,0,0,0,0,0,0
2021-04-08,54.52,0,45.48,9429,5327448,57.29,17017,4934012,53.06,0,0,0,0,0,0
2021-04-09,54.58,0,45.42,3607,5331055,57.33,6259,4940271,53.13,0,0,0,0,0,0
2021-04-10,54.61,0,45.39,1636,5332691,57.35,3520,4943791,53.16,0,0,0,0,0,0
2021-04-11,54.78,0,45.22,9045,5341736,57.44,14249,4958040,53.32,0,0,0,0,0,0
2021-04-12,54.95,0,45.05,8935,5350671,57.54,13235,4971275,53.46,0,0,0,0,0,0
2021-04-13,55.08,0,44.92,5841,5356512,57.6,4960,4976235,53.51,0,0,0,0,0,0
2021-04-14,55.18,0,44.82,3651,5360163,57.64,5311,4981546,53.57,0,0,0,0,0,0
2021-04-15,55.27,0,44.73,698,5360861,57.65,582,4982128,53.58,0,0,0,0,0,0
2021-04-16,55.33,0,44.67,3419,5364280,57.68,6651,4988779,53.65,0,0,0,0,0,0
2021-04-17,55.35,0,44.65,822,5365102,57.69,1972,4990751,53.67,0,0,0,0,0,0
2021-04-18,55.47,0,44.53,7099,5372201,57.77,7433,4998184,53.75,0,0,0,0,0,0
2021-04-19,55.58,0,44.42,6407,5378608,57.84,7134,5005318,53.82,0,0,0,0,0,0
2021-04-20,55.65,0,44.35,6285,5384893,57.91,6887,5012205,53.9,0,0,0,0,0,0
2021-04-21,55.71,0,44.29,6381,5391274,57.98,7112,5019317,53.98,0,0,0,0,0,0
2021-04-22,55.75,0,44.25,5951,5397225,58.04,7690,5027007,54.06,0,0,0,0,0,0
2021-04-23,55.8,0,44.2,2768,5399993,58.07,3391,5030398,54.09,0,0,0,0,0,0
2021-04-24,55.82,0,44.18,767,5400760,58.08,1290,5031688,54.11,0,0,0,0,0,0
2021-04-25,55.89,0,44.11,4828,5405588,58.13,6925,5038613,54.18,0,0,0,0,0,0
2021-04-26,55.96,0,44.04,5479,5411067,58.19,7889,5046502,54.27,0,0,0,0,0,0
2021-04-27,56.03,0,43.97,4507,5415574,58.24,6626,5053128,54.34,0,0,0,0,0,0
2021-04-28,56.09,0,43.91,4501,5420075,58.28,7334,5060462,54.42,0,0,0,0,0,0
2021-04-29,56.16,0,43.84,4376,5424451,58.33,7294,5067756,54.5,0,0,0,0,0,0
2021-04-30,56.19,0,43.81,1924,5426375,58.35,3202,5070958,54.53,0,0,0,0,0,0
2021-05-01,56.2,0,43.8,458,5426833,58.36,895,5071853,54.54,0,0,0,0,0,0
2021-05-02,56.26,0,43.74,3225,5430058,58.39,6092,5077945,54.61,0,0,0,0,0,0
2021-05-03,56.32,0,43.68,3535,5433593,58.43,5835,5083780,54.67,0,0,0,0,0,0
2021-05-04,56.38,0,43.62,3593,5437186,58.47,4736,5088516,54.72,0,0,0,0,0,0
2021-05-05,56.44,0,43.56,3292,5440478,58.5,4093,5092609,54.76,0,0,0,0,0,0
2021-05-06,56.5,0,43.5,3644,5444122,58.54,3144,5095753,54.8,0,0,0,0,0,0
2021-05-07,56.52,0,43.48,1846,5445968,58.56,2509,5098262,54.82,0,0,0,0,0,0
2021-05-08,56.53,0,43.47,242,5446210,58.57,507,5098769,54.83,0,0,0,0,0,0
2021-05-09,56.58,0,43.42,2851,5449061,58.6,4751,5103520,54.88,0,0,0,0,0,0
2021-05-10,56.63,0,43.37,2897,5451958,58.63,4714,5108234,54.93,0,0,0,0,0,0
2021-05-11,56.67,0,43.33,2622,5454580,58.66,3881,5112115,54.97,0,0,0,0,0,0
2021-05-12,56.7,0,43.3,2033,5456613,58.68,3341,5115456,55.01,0,0,0,0,0,0
2021-05-13,56.73,0,43.27,2041,5458654,58.7,3686,5119142,55.05,0,0,0,0,0,0
2021-05-14,56.75,0,43.25,978,5459632,58.71,1494,5120636,55.06,0,0,0,0,0,0
2021-05-15,56.75,0,43.25,257,5459889,58.71,259,5120895,55.07,0,0,0,0,0,0
2021-05-16,56.78,0,43.22,529,5460418,58.72,1206,5122101,55.08,0,0,0,0,0,0
2021-05-17,56.81,0,43.19,302,5460720,58.72,848,5122949,55.09,0,0,0,0,0,0
2021-05-18,56.84,0,43.16,1962,5462682,58.74,4938,5127887,55.14,0,0,0,0,0,0
2021-05-19,56.87,0,43.13,2232,5464914,58.77,5042,5132929,55.2,0,0,0,0,0,0
2021-05-20,56.9,0,43.1,2312,5467226,58.79,3880,5136809,55.24,0,0,0,0,0,0
2021-05-21,56.92,0,43.08,1194,5468420,58.8,1414,5138223,55.25,0,0,0,0,0,0
2021-05-22,56.92,0,43.08,206,5468626,58.81,396,5138619,55.26,0,0,0,0,0,0
2021-05-23,56.94,0,43.06,2272,5470898,58.83,3216,5141835,55.29,0,0,0,0,0,0
2021-05-24,56.96,0,43.04,2139,5473037,58.85,3596,5145431,55.33,0,0,0,0,0,0
2021-05-25,56.99,0,43.01,1822,5474859,58.87,2588,5148019,55.36,0,0,0,0,0,0
2021-05-26,57.03,0,42.97,1412,5476271,58.89,2504,5150523,55.39,0,0,0,0,0,0
2021-05-27,57.06,0,42.94,1865,5478136,58.91,3188,5153711,55.42,0,0,0,0,0,0
2021-05-28,57.07,0,42.93,791,5478927,58.92,1406,5155117,55.44,0,0,0,0,0,0
2021-05-29,57.07,0,42.93,191,5479118,58.92,226,5155343,55.44,0,0,0,0,0,0
2021-05-30,57.1,0,42.9,1644,5480762,58.94,1937,5157280,55.46,0,0,0,0,0,0
2021-05-31,57.13,0,42.87,1739,5482501,58.96,2093,5159373,55.48,0,0,0,0,0,0
2021-06-01,57.47,0,42.53,1385,5483886,58.97,1823,5161196,55.5,0,0,0,0,0,0
2021-06-02,57.25,0,42.75,1514,5485400,58.99,1609,5162805,55.52,0,0,0,0,0,0
2021-06-03,57.27,0,42.73,1685,5487085,59.01,1493,5164298,55.53,0,0,0,0,0,0
2021-06-04,57.28,0,42.72,1101,5488186,59.02,784,5165082,55.54,0,0,0,0,0,0
2021-06-05,57.29,0,42.71,184,5488370,59.02,159,5165241,55.54,0,0,0,0,0,0
2021-06-06,57.31,0,42.69,4293,5492663,59.07,1002,5166243,55.56,0,0,0,0,0,0
2021-06-07,57.34,0,42.66,4438,5497101,59.11,814,5167057,55.56,0,0,0,0,0,0
2021-06-08,57.36,0,42.64,3739,5500840,59.15,1175,5168232,55.58,0,0,0,0,0,0
2021-06-09,57.4,0,42.6,3615,5504455,59.19,1329,5169561,55.59,0,0,0,0,0,0
2021-06-10,57.42,0,42.58,3361,5507816,59.23,1300,5170861,55.6,0,0,0,0,0,0
2021-06-11,57.43,0,42.57,1401,5509217,59.24,590,5171451,55.61,0,0,0,0,0,0
2021-06-12,57.43,0,42.57,220,5509437,59.25,173,5171624,55.61,0,0,0,0,0,0
2021-06-13,57.45,0,42.55,3101,5512538,59.28,1260,5172884,55.63,0,0,0,0,0,0
2021-06-14,57.46,0,42.54,3057,5515595,59.31,1531,5174415,55.64,0,0,0,0,0,0
2021-06-15,57.48,0,42.52,3137,5518732,59.35,1376,5175791,55.66,0,0,0,0,0,0
2021-06-16,57.49,0,42.51,2733,5521465,59.38,1003,5176794,55.67,0,0,0,0,0,0
2021-06-17,57.51,0,42.49,2733,5524198,59.4,1209,5178003,55.68,0,0,0,0,0,0
2021-06-18,57.52,0,42.48,1269,5525467,59.42,506,5178509,55.69,0,0,0,0,0,0
2021-06-19,57.52,0,42.48,242,5525709,59.42,139,5178648,55.69,0,0,0,0,0,0
2021-06-20,57.54,0,42.46,3316,5529025,59.46,1330,5179978,55.7,0,0,0,0,0,0
2021-06-21,57.56,0,42.44,5250,5534275,59.51,1218,5181196,55.72,0,0,0,0,0,0
2021-06-22,57.58,0,42.42,6935,5541210,59.59,1100,5182296,55.73,0,0,0,0,0,0
2021-06-23,57.6,0,42.4,10757,5551967,59.7,1304,5183600,55.74,0,0,0,0,0,0
2021-06-24,57.62,0,42.38,12051,5564018,59.83,1466,5185066,55.76,0,0,0,0,0,0
2021-06-25,57.62,0,42.38,7117,5571135,59.91,944,5186010,55.77,0,0,0,0,0,0
2021-06-26,57.63,0,42.37,2277,5573412,59.93,200,5186210,55.77,0,0,0,0,0,0
2021-06-27,57.65,0,42.35,13631,5587043,60.08,3436,5189646,55.81,0,0,0,0,0,0
2021-06-28,57.68,0,42.32,14518,5601561,60.24,3675,5193321,55.85,0,0,0,0,0,0
2021-06-29,57.69,0,42.31,16710,5618271,60.42,3745,5197066,55.89,0,0,0,0,0,0
2021-06-30,57.72,0,42.28,16486,5634757,60.59,3396,5200462,55.92,0,0,0,0,0,0
2021-07-01,57.78,0,42.22,16837,5651594,60.77,3379,5203841,55.96,121,121,0,0,0,0
2021-07-02,57.79,0,42.21,9836,5661430,60.88,1609,5205450,55.98,7,128,0,0,0,0
2021-07-03,57.79,0,42.21,2677,5664107,60.91,298,5205748,55.98,2,130,0,0,0,0
2021-07-04,57.85,0,42.15,17735,5681842,61.1,3161,5208909,56.01,2,132,0,0,0,0
2021-07-05,57.91,0,42.09,17850,5699692,61.29,3046,5211955,56.05,7,139,0,0,0,0
2021-07-06,57.99,0,42.01,17848,5717540,61.48,3409,5215364,56.08,11,150,0,0,0,0
2021-07-07,58.05,0,41.95,15529,5733069,61.65,2703,5218067,56.11,12,162,0,0,0,0
2021-07-08,58.12,0,41.88,16587,5749656,61.83,2881,5220948,56.14,17,179,0,0,0,0
2021-07-09,58.15,0,41.85,11125,5760781,61.95,1535,5222483,56.16,4,183,0,0,0,0
2021-07-10,58.15,0,41.85,4988,5765769,62,391,5222874,56.16,6,189,0,0,0,0
2021-07-11,58.22,0,41.78,1456,5767225,62.02,2848,5225722,56.19,8,197,0,0,0,0
2021-07-12,58.29,0,41.71,2427,5769652,62.04,3695,5229417,56.23,56,253,0,0,0,0
2021-07-13,58.36,0,41.64,2965,5772617,62.08,5460,5234877,56.29,124,377,0,0,0,0
2021-07-14,58.42,0,41.58,2747,5775364,62.11,7534,5242411,56.37,441,818,0.01,0,0,0
2021-07-15,58.5,0,41.5,3009,5778373,62.14,9301,5251712,56.47,374,1192,0.01,0,0,0
2021-07-16,58.54,0,41.46,1296,5779669,62.15,5898,5257610,56.54,66,1258,0.01,0,0,0
2021-07-17,58.55,0,41.44,371,5780040,62.16,1393,5259003,56.55,8,1266,0.01,0,0,0
2021-07-18,58.6,0,41.4,2074,5782114,62.18,9768,5268771,56.66,235,1501,0.02,0,0,0
2021-07-19,58.65,0,41.35,3211,5785325,62.21,11346,5280117,56.78,461,1962,0.02,0,0,0
2021-07-20,58.72,0,41.28,2688,5788013,62.24,11913,5292030,56.91,373,2335,0.03,0,0,0
2021-07-21,58.81,0,41.19,2408,5790421,62.27,11880,5303910,57.04,325,2660,0.03,0,0,0
2021-07-22,58.93,0,41.07,2876,5793297,62.3,13278,5317188,57.18,391,3051,0.03,0,0,0
2021-07-23,58.99,0,41.01,2036,5795333,62.32,8250,5325438,57.27,106,3157,0.03,0,0,0
2021-07-24,58.99,0,41,645,5795978,62.33,1485,5326923,57.28,7,3164,0.03,0,0,0
2021-07-25,59.1,0,40.89,4416,5800394,62.37,15499,5342422,57.45,223,3387,0.04,0,0,0
2021-07-26,59.24,0,40.75,5173,5805567,62.43,13533,5355955,57.6,325,3712,0.04,0,0,0
2021-07-27,59.37,0.01,40.62,5493,5811060,62.49,13578,5369533,57.74,414,4126,0.04,0,0,0
2021-07-28,59.5,0.01,40.49,3990,5815050,62.53,12345,5381878,57.87,472,4598,0.05,0,0,0
2021-07-29,59.65,0.01,40.33,4665,5819715,62.58,14199,5396077,58.03,532,5130,0.06,0,0,0
2021-07-30,59.74,0.02,40.25,2657,5822372,62.61,10855,5406932,58.14,4122,9252,0.1,0,0,0
2021-07-31,59.75,0.02,40.23,1407,5823779,62.63,3553,5410485,58.18,6159,15411,0.17,0,0,0
2021-08-01,59.91,0.02,40.06,3078,5826857,62.66,3366,5413851,58.22,31047,46458,0.5,0,0,0
2021-08-02,60.06,0.03,39.91,3134,5829991,62.69,3174,5417025,58.25,58514,104972,1.13,0,0,0
2021-08-03,60.21,0.03,39.76,3386,5833377,62.73,3330,5420355,58.29,78953,183925,1.98,0,0,0
2021-08-04,60.34,0.03,39.63,3532,5836909,62.77,3255,5423610,58.32,80764,264689,2.85,0,0,0
2021-08-05,60.49,0.04,39.47,4513,5841422,62.82,3570,5427180,58.36,88442,353131,3.8,0,0,0
2021-08-06,60.6,0.04,39.36,2436,5843858,62.84,1861,5429041,58.38,44744,397875,4.28,0,0,0
2021-08-07,60.63,0.04,39.32,1034,5844892,62.85,700,5429741,58.39,27353,425228,4.57,0,0,0
2021-08-08,60.68,0.04,39.28,4991,5849883,62.91,3082,5432823,58.42,80087,505315,5.43,0,0,0
2021-08-09,60.72,0.04,39.24,5340,5855223,62.96,3062,5435885,58.45,76489,581804,6.26,0,0,0
2021-08-10,60.75,0.04,39.2,5552,5860775,63.02,3204,5439089,58.49,75427,657231,7.07,0,0,0
2021-08-11,60.79,0.04,39.17,5695,5866470,63.09,2947,5442036,58.52,62641,719872,7.74,0,0,0
2021-08-12,60.83,0.04,39.12,7039,5873509,63.16,3290,5445326,58.56,59462,779334,8.38,0,0,0
2021-08-13,60.84,0.05,39.11,3821,5877330,63.2,2074,5447400,58.58,43870,823204,8.85,0,0,0
2021-08-14,60.85,0.05,39.1,2253,5879583,63.23,853,5448253,58.59,44486,867690,9.33,0,0,0
2021-08-15,60.89,0.05,39.06,7144,5886727,63.3,4530,5452783,58.64,97984,965674,10.38,0,0,0
2021-08-16,60.92,0.04,39.03,6991,5893718,63.38,4748,5457531,58.69,89521,1055195,11.35,0,0,0
2021-08-17,60.96,0.04,39,7572,5901290,63.46,5138,5462669,58.74,83320,1138515,12.24,0,0,0
2021-08-18,60.99,0.04,38.96,8643,5909933,63.55,4603,5467272,58.79,69267,1207782,12.99,0,0,0
2021-08-19,61.03,0.04,38.92,10082,5920015,63.66,5217,5472489,58.85,65975,1273757,13.7,0,0,0
2021-08-20,61.05,0.05,38.9,4768,5924783,63.71,2827,5475316,58.88,60453,1334210,14.35,0,0,0
2021-08-21,61.06,0.05,38.89,3499,5928282,63.75,1580,5476896,58.9,50725,1384935,14.89,0,0,0
2021-08-22,61.12,0.04,38.84,9823,5938105,63.86,4808,5481704,58.95,105109,1490044,16.02,0,0,0
2021-08-23,61.17,0.04,38.79,10924,5949029,63.97,4448,5486152,59,94032,1584076,17.03,0,0,0
2021-08-24,61.23,0.04,38.73,11722,5960751,64.1,4703,5490855,59.05,98552,1682628,18.09,0,0,0
2021-08-25,61.29,0.04,38.67,9613,5970364,64.2,4485,5495340,59.09,99554,1782182,19.16,0,0,0
2021-08-26,61.36,0.03,38.61,10109,5980473,64.31,5058,5500398,59.15,101231,1883413,20.25,0,0,0
2021-08-27,61.35,0.04,38.61,4325,5984798,64.36,2788,5503186,59.18,56695,1940108,20.86,0,0,0
2021-08-28,61.4,0.04,38.57,3702,5988500,64.4,1500,5504686,59.19,33539,1973647,21.22,0,0,0
2021-08-29,61.46,0.03,38.5,10321,5998821,64.51,5932,5510618,59.26,79549,2053196,22.08,0,0,0
2021-08-30,61.53,0.03,38.44,12334,6011155,64.64,7016,5517634,59.33,116009,2169205,23.33,0,0,0
2021-08-31,61.6,0.03,38.37,12077,6023232,64.77,6529,5524163,59.4,114877,2284082,24.56,0,0,0
2021-09-01,61.43,0.03,38.54,9033,6032265,64.87,6042,5530205,59.47,112492,2396574,25.77,0,0,0
2021-09-02,61.49,0.03,38.48,8785,6041050,64.96,7182,5537387,59.55,111543,2508117,26.97,0,0,0
2021-09-03,61.56,0.03,38.42,3750,6044800,65,4116,5541503,59.59,58885,2567002,27.6,0,0,0
2021-09-04,61.59,0.03,38.38,2691,6047491,65.03,2022,5543525,59.61,29952,2596954,27.93,0,0,0
2021-09-05,61.68,0.03,38.29,6991,6054482,65.11,6460,5549985,59.68,73326,2670280,28.71,0,0,0
2021-09-06,61.77,0.03,38.2,2836,6057318,65.14,2716,5552701,59.71,22798,2693078,28.96,0,0,0
2021-09-07,61.85,0.03,38.12,1201,6058519,65.15,879,5553580,59.72,5398,2698476,29.02,0,0,0
2021-09-08,61.93,0.03,38.05,1380,6059899,65.17,1196,5554776,59.73,6621,2705097,29.09,0,0,0
2021-09-09,62.02,0.03,37.95,7093,6066992,65.24,12573,5567349,59.87,73845,2778942,29.88,0,0,0
2021-09-10,62.06,0.03,37.91,3258,6070250,65.28,5016,5572365,59.92,37937,2816879,30.29,0,0,0
2021-09-11,62.08,0.03,37.89,2109,6072359,65.3,2507,5574872,59.95,14816,2831695,30.45,0,0,0
2021-09-12,62.16,0.03,37.81,6106,6078465,65.36,8588,5583460,60.04,54136,2885831,31.03,0,0,0
2021-09-13,62.15,0.03,37.82,5612,6084077,65.43,8263,5591723,60.13,47982,2933813,31.55,0,0,0
2021-09-14,62.2,0.03,37.77,4963,6089040,65.48,7424,5599147,60.21,48855,2982668,32.07,0,0,0
2021-09-15,62.25,0.03,37.72,1750,6090790,65.5,2717,5601864,60.24,16687,2999355,32.25,0,0,0
2021-09-16,62.37,0.03,37.6,343,6091133,65.5,549,5602413,60.25,1740,3001095,32.27,0,0,0
2021-09-17,62.42,0.03,37.54,3682,6094815,65.54,7021,5609434,60.32,42905,3044000,32.73,0,0,0
2021-09-18,62.45,0.03,37.52,2258,6097073,65.56,2945,5612379,60.35,12783,3056783,32.87,0,0,0
2021-09-19,62.55,0.03,37.42,5942,6103015,65.63,10710,5623089,60.47,44332,3101115,33.35,0,0,0
2021-09-20,62.63,0.03,37.34,3246,6106261,65.66,4646,5627735,60.52,16708,3117823,33.53,0,0,0
2021-09-21,62.69,0.03,37.28,1340,6107601,65.68,2064,5629799,60.54,3477,3121300,33.56,0,0,0
2021-09-22,62.72,0.03,37.25,4259,6111860,65.72,7250,5637049,60.62,25072,3146372,33.83,0,0,0
2021-09-23,62.75,0.03,37.22,4390,6116250,65.77,5916,5642965,60.68,27834,3174206,34.13,0,0,0
2021-09-24,62.82,0.03,37.15,3202,6119452,65.81,4185,5647150,60.73,27723,3201929,34.43,0,0,0
2021-09-25,62.85,0.03,37.12,2079,6121531,65.83,2262,5649412,60.75,10443,3212372,34.54,0,0,0
2021-09-26,62.96,0.03,37,5603,6127134,65.89,5973,5655385,60.82,36271,3248643,34.93,0,0,0
2021-09-27,63.02,0.03,36.94,4695,6131829,65.94,4469,5659854,60.86,30455,3279098,35.26,0,0,0
2021-09-28,63.06,0.04,36.91,1472,6133301,65.95,1183,5661037,60.88,6249,3285347,35.33,0,0,0
2021-09-29,63.13,0.03,36.84,9623,6142924,66.06,8348,5669385,60.97,60324,3345671,35.98,0,0,0
2021-09-30,63.18,0.03,36.79,10973,6153897,66.18,8579,5677964,61.06,79701,3425372,36.83,0,0,0
2021-10-01,63.23,0.03,36.73,5126,6159023,66.23,3875,5681839,61.1,46545,3471917,37.34,0,0,0
2021-10-02,63.26,0.03,36.71,2865,6161888,66.26,2127,5683966,61.12,22432,3494349,37.58,0,0,0
2021-10-03,63.35,0.03,36.62,11667,6173555,66.39,7276,5691242,61.2,70726,3565075,38.34,0,0,0
2021-10-04,63.4,0.03,36.57,10320,6183875,66.5,6759,5698001,61.27,51910,3616985,38.9,0,0,0
2021-10-05,63.41,0.03,36.55,8462,6192337,66.59,5314,5703315,61.33,40479,3657464,39.33,0,0,0
2021-10-06,63.52,0.03,36.45,7543,6199880,66.67,4184,5707499,61.38,34148,3691612,39.7,0,0,0
2021-10-07,63.63,0.03,36.34,6891,6206771,66.74,4009,5711508,61.42,34068,3725680,40.06,0,0,0
2021-10-08,63.68,0.03,36.29,3086,6209857,66.78,2643,5714151,61.45,19250,3744930,40.27,0,0,0
2021-10-09,63.71,0.03,36.26,1340,6211197,66.79,1444,5715595,61.46,7441,3752371,40.35,0,0,0
2021-10-10,63.82,0.04,36.14,4676,6215873,66.84,3747,5719342,61.5,21519,3773890,40.58,0,0,0
2021-10-11,63.91,0.04,36.05,4299,6220172,66.89,2944,5722286,61.53,17268,3791158,40.77,0,0,0
2021-10-12,63.99,0.05,35.96,3977,6224149,66.93,3007,5725293,61.57,15356,3806514,40.93,0,0,0
2021-10-13,64.09,0.05,35.86,3487,6227636,66.97,2451,5727744,61.59,13587,3820101,41.08,0,0,0
2021-10-14,64.19,0.06,35.75,3869,6231505,67.01,2685,5730429,61.62,16567,3836668,41.26,0,0,0
2021-10-15,64.23,0.07,35.7,1703,6233208,67.03,1683,5732112,61.64,9011,3845679,41.35,0,0,0
2021-10-16,64.25,0.08,35.67,727,6233935,67.04,956,5733068,61.65,4035,3849714,41.4,0,0,0
2021-10-17,64.36,0.09,35.56,3090,6237025,67.07,2525,5735593,61.68,12798,3862512,41.54,0,0,0
2021-10-18,64.43,0.1,35.47,2460,6239485,67.1,1690,5737283,61.7,10069,3872581,41.64,0,0,0
2021-10-19,64.49,0.1,35.4,2397,6241882,67.12,1284,5738567,61.71,9294,3881875,41.74,0,0,0
2021-10-20,64.14,0.52,35.34,2435,6244317,67.15,2305,5740872,61.73,10102,3891977,41.85,0,0,0
2021-10-21,54.23,10.41,35.36,3034,6247351,67.18,3097,5743969,61.77,12163,3904140,41.98,0,0,0
2021-10-22,54.36,10.26,35.38,1279,6248630,67.19,1437,5745406,61.78,5839,3909979,42.05,0,0,0
2021-10-23,54.42,10.19,35.39,574,6249204,67.2,1266,5746672,61.8,2564,3912543,42.07,0,0,0
2021-10-24,54.22,10.43,35.35,2516,6251720,67.23,2653,5749325,61.83,9855,3922398,42.18,0,0,0
2021-10-25,54.59,10.22,35.19,2638,6254358,67.26,2752,5752077,61.86,8510,3930908,42.27,0,0,0
2021-10-26,54.64,10.26,35.1,2381,6256739,67.28,2059,5754136,61.88,8526,3939434,42.36,0,0,0
2021-10-27,54.58,10.37,35.06,2290,6259029,67.31,2566,5756702,61.9,7959,3947393,42.45,0,0,0
2021-10-28,54.69,10.76,34.55,2503,6261532,67.33,2781,5759483,61.93,8674,3956067,42.54,0,0,0
2021-10-29,54.73,10.75,34.52,900,6262432,67.34,1153,5760636,61.95,4138,3960205,42.59,0,0,0
2021-10-30,54.68,10.81,34.52,366,6262798,67.35,530,5761166,61.95,1712,3961917,42.6,0,0,0
2021-10-31,54.83,10.7,34.47,2260,6265058,67.37,2495,5763661,61.98,8255,3970172,42.69,0,0,0
2021-11-01,54.95,10.63,34.42,1737,6266795,67.39,2093,5765754,62,6479,3976651,42.76,0,0,0
2021-11-02,54.89,10.69,34.42,2026,6268821,67.41,2047,5767801,62.02,6296,3982947,42.83,0,0,0
2021-11-03,54.86,10.75,34.39,1763,6270584,67.43,1897,5769698,62.04,5556,3988503,42.89,0,0,0
2021-11-04,54.85,10.81,34.33,2111,6272695,67.45,2802,5772500,62.07,7131,3995634,42.97,0,0,0
2021-11-05,54.85,10.83,34.32,790,6273485,67.46,905,5773405,62.08,3487,3999121,43,0,0,0
2021-11-06,54.82,10.86,34.32,347,6273832,67.47,388,5773793,62.09,1373,4000494,43.02,0,0,0
2021-11-07,54.92,10.8,34.28,1578,6275410,67.48,1769,5775562,62.11,6134,4006628,43.09,0,0,0
2021-11-08,55.01,10.75,34.24,1519,6276929,67.5,1603,5777165,62.12,5405,4012033,43.14,0,0,0
2021-11-09,55.05,10.74,34.21,1428,6278357,67.51,1611,5778776,62.14,5332,4017365,43.2,0,0,0
2021-11-10,55.08,10.73,34.19,1424,6279781,67.53,1661,5780437,62.16,4779,4022144,43.25,0,0,0
2021-11-11,55.15,10.69,34.15,1627,6281408,67.55,1947,5782384,62.18,5717,4027861,43.31,0,0,0
2021-11-12,55.17,10.69,34.14,636,6282044,67.55,826,5783210,62.19,2923,4030784,43.35,0,0,0
2021-11-13,55.14,10.72,34.14,257,6282301,67.56,290,5783500,62.19,1130,4031914,43.36,0,0,0
2021-11-14,55.21,10.68,34.11,1536,6283837,67.57,1639,5785139,62.21,5111,4037025,43.41,0,0,0
2021-11-15,55.28,10.63,34.09,1275,6285112,67.59,1626,5786765,62.23,4770,4041795,43.46,0,0,0
2021-11-16,55.32,10.62,34.07,1275,6286387,67.6,1417,5788182,62.24,4349,4046144,43.51,0,0,0
2021-11-17,55.35,10.6,34.05,1208,6287595,67.61,1565,5789747,62.26,3915,4050059,43.55,0,0,0
2021-11-18,55.41,10.58,34.02,1364,6288959,67.63,1692,5791439,62.28,5011,4055070,43.61,0,0,0
2021-11-19,55.42,10.57,34.01,588,6289547,67.63,763,5792202,62.29,2460,4057530,43.63,0,0,0
2021-11-20,55.41,10.58,34,238,6289785,67.64,258,5792460,62.29,929,4058459,43.64,0,0,0
2021-11-21,55.47,10.54,33.98,1409,6291194,67.65,1541,5794001,62.31,4881,4063340,43.7,0,0,0
2021-11-22,55.54,10.5,33.96,1680,6292874,67.67,1522,5795523,62.32,4239,4067579,43.74,0,0,0
2021-11-23,55.57,10.48,33.95,8622,6301496,67.76,1688,5797211,62.34,4010,4071589,43.78,0,0,0
2021-11-24,55.6,10.44,33.95,9350,6310846,67.86,1318,5798529,62.35,3924,4075513,43.83,0,0,0
2021-11-25,55.64,10.43,33.93,9812,6320658,67.97,1600,5800129,62.37,4841,4080354,43.88,0,0,0
2021-11-26,55.63,10.45,33.92,5610,6326268,68.03,748,5800877,62.38,2803,4083157,43.91,0,0,0
2021-11-27,55.62,10.46,33.92,4779,6331047,68.08,323,5801200,62.38,1164,4084321,43.92,0,0,0
2021-11-28,55.67,10.43,33.9,10152,6341199,68.19,1480,5802680,62.4,4904,4089225,43.97,0,0,0
2021-11-29,55.73,10.39,33.88,9043,6350242,68.29,1133,5803813,62.41,4376,4093601,44.02,0,0,0
2021-11-30,55.77,10.37,33.86,10044,6360286,68.4,1036,5804849,62.42,4084,4097685,44.06,0,0,0
2021-12-01,55.79,10.36,33.84,8632,6368918,68.49,1097,5805946,62.43,4444,4102129,44.11,6,6,0
2021-12-02,55.84,10.34,33.82,9177,6378095,68.59,1454,5807400,62.45,5125,4107254,44.17,6,12,0
2021-12-03,55.86,10.33,33.81,6333,6384428,68.66,673,5808073,62.46,2868,4110122,44.2,1,13,0
2021-12-04,55.85,10.34,33.81,2509,6386937,68.68,237,5808310,62.46,924,4111046,44.21,3,16,0
2021-12-05,55.9,10.31,33.79,8335,6395272,68.77,1254,5809564,62.47,4683,4115729,44.26,1,17,0
2021-12-06,55.95,10.27,33.78,6723,6401995,68.84,1200,5810764,62.49,4351,4120080,44.31,4,21,0
2021-12-07,55.99,10.25,33.76,5553,6407548,68.9,1504,5812268,62.5,3965,4124045,44.35,9,30,0
2021-12-08,56.03,10.22,33.75,4936,6412484,68.96,1199,5813467,62.52,3883,4127928,44.39,10,40,0
2021-12-09,56.08,10.19,33.73,6239,6418723,69.02,1241,5814708,62.53,4508,4132436,44.44,8,48,0
2021-12-10,56.1,10.18,33.72,3005,6421728,69.06,704,5815412,62.54,2687,4135123,44.47,4,52,0
2021-12-11,56.1,10.18,33.71,1491,6423219,69.07,255,5815667,62.54,1019,4136142,44.48,0,52,0
2021-12-12,56.16,10.15,33.69,7274,6430493,69.15,1444,5817111,62.55,5248,4141390,44.53,3,55,0
2021-12-13,56.21,10.11,33.67,6182,6436675,69.22,1377,5818488,62.57,4350,4145740,44.58,5,60,0
2021-12-14,56.27,10.09,33.65,7317,6443992,69.3,6101,5824589,62.63,4940,4150680,44.63,12,72,0
2021-12-15,56.34,10.06,33.6,7204,6451196,69.37,7407,5831996,62.71,5446,4156126,44.69,7,79,0
2021-12-16,56.53,10.05,33.42,8079,6459275,69.46,8613,5840609,62.81,6564,4162690,44.76,8,87,0
2021-12-17,56.64,10.05,33.3,4406,6463681,69.51,5140,5845749,62.86,3954,4166644,44.81,3,90,0
2021-12-18,56.73,10.07,33.2,3941,6467622,69.55,2914,5848663,62.89,1361,4168005,44.82,2,92,0
2021-12-19,56.92,10.04,33.04,6977,6474599,69.62,9332,5857995,62.99,6275,4174280,44.89,6,98,0
2021-12-20,57.07,10.02,32.91,7972,6482571,69.71,7518,5865513,63.07,5446,4179726,44.95,9,107,0
2021-12-21,57.27,10.01,32.71,9549,6492120,69.81,8649,5874162,63.17,6491,4186217,45.02,8,115,0
2021-12-22,57.49,10,32.52,9664,6501784,69.92,8155,5882317,63.26,6251,4192468,45.08,12,127,0
2021-12-23,57.7,9.97,32.33,11539,6513323,70.04,10264,5892581,63.37,8160,4200628,45.17,16,143,0
2021-12-24,57.83,9.96,32.21,5873,6519196,70.1,6242,5898823,63.43,5281,4205909,45.23,12,155,0
2021-12-25,57.9,9.96,32.15,3338,6522534,70.14,2566,5901389,63.46,2021,4207930,45.25,6,161,0
2021-12-26,58.1,9.92,31.98,10653,6533187,70.25,8910,5910299,63.56,8201,4216131,45.34,8,169,0
2021-12-27,58.27,9.9,31.83,10371,6543558,70.37,7145,5917444,63.63,8187,4224318,45.43,21,190,0
2021-12-28,58.46,9.88,31.66,11375,6554933,70.49,7452,5924896,63.71,9642,4233960,45.53,24,214,0
2021-12-29,58.64,9.85,31.51,9933,6564866,70.6,5963,5930859,63.78,8376,4242336,45.62,21,235,0
2021-12-30,58.84,9.82,31.34,11011,6575877,70.71,7735,5938594,63.86,12241,4254577,45.75,10,245,0
2021-12-31,58.9,9.79,31.3,4829,6580706,70.77,3672,5942266,63.9,7296,4261873,45.83,135,380,0
2022-01-01,58.93,9.79,31.28,1993,6582699,70.79,1592,5943858,63.92,2741,4264614,45.86,66,446,0
2022-01-02,59.14,9.76,31.1,10217,6592916,70.9,6487,5950345,63.99,13002,4277616,46,590,1036,0.01
2022-01-03,59.29,9.71,31,9384,6602300,71,5258,5955603,64.04,11341,4288957,46.12,25054,26090,0.28
2022-01-04,59.46,9.68,30.86,8966,6611266,71.09,5950,5961553,64.11,10526,4299483,46.23,50659,76749,0.83
2022-01-05,59.56,9.65,30.79,8553,6619819,71.19,5739,5967292,64.17,10494,4309977,46.35,59590,136339,1.47
2022-01-06,59.81,9.63,30.56,10339,6630158,71.3,7959,5975251,64.25,13530,4323507,46.49,64001,200340,2.15
2022-01-07,59.89,9.61,30.49,4760,6634918,71.35,4556,5979807,64.3,8166,4331673,46.58,31135,231475,2.49
2022-01-08,59.9,9.64,30.46,2750,6637668,71.38,2451,5982258,64.33,5502,4337175,46.64,27631,259106,2.79
2022-01-09,60.06,9.59,30.35,9306,6646974,71.48,7722,5989980,64.41,11869,4349044,46.77,66765,325871,3.5
2022-01-10,60.21,9.54,30.25,8349,6655323,71.57,7646,5997626,64.5,11882,4360926,46.9,64775,390646,4.2
2022-01-11,60.38,9.49,30.13,8100,6663423,71.66,8621,6006247,64.59,11972,4372898,47.02,56657,447303,4.81
2022-01-12,60.51,9.45,30.04,7277,6670700,71.73,8303,6014550,64.68,11114,4384012,47.14,44631,491934,5.29
2022-01-13,60.7,9.35,29.94,7509,6678209,71.81,9617,6024167,64.78,11543,4395555,47.27,34767,526701,5.66
2022-01-14,60.79,9.31,29.9,2555,6680764,71.84,4935,6029102,64.83,6144,4401699,47.33,11141,537842,5.78
2022-01-15,60.83,9.29,29.87,1469,6682233,71.86,3170,6032272,64.87,3884,4405583,47.38,5716,543558,5.85
2022-01-16,60.97,9.2,29.82,3818,6686051,71.9,8526,6040798,64.96,7682,4413265,47.46,19992,563550,6.06
2022-01-17,61.09,9.13,29.78,2808,6688859,71.93,7047,6047845,65.04,6172,4419437,47.52,17833,581383,6.25
2022-01-18,61.23,9.07,29.7,2476,6691335,71.96,7386,6055231,65.11,5534,4424971,47.58,14817,596200,6.41
2022-01-19,61.37,8.98,29.65,1915,6693250,71.98,6369,6061600,65.18,4521,4429492,47.63,8461,604661,6.5
2022-01-20,61.44,8.85,29.71,1778,6695028,72,6969,6068569,65.26,4793,4434285,47.68,8041,612702,6.59
2022-01-21,61.51,8.81,29.68,905,6695933,72,3725,6072294,65.3,2646,4436931,47.71,3358,616060,6.62
2022-01-22,61.51,8.75,29.74,328,6696261,72.01,1461,6073755,65.31,1066,4437997,47.72,1113,617173,6.64
2022-01-23,61.61,8.7,29.69,1068,6697329,72.02,5632,6079387,65.37,2879,4440876,47.75,6083,623256,6.7
2022-01-24,61.73,8.62,29.65,759,6698088,72.03,4480,6083867,65.42,2269,4443145,47.78,5055,628311,6.76
2022-01-25,61.9,8.51,29.59,744,6698832,72.04,4401,6088268,65.47,2184,4445329,47.8,7102,635413,6.83
2022-01-26,62.02,8.42,29.57,615,6699447,72.04,3285,6091553,65.51,1612,4446941,47.82,4262,639675,6.88
2022-01-27,62.12,8.35,29.52,798,6700245,72.05,4406,6095959,65.55,2005,4448946,47.84,5441,645116,6.94
2022-01-28,62.16,8.33,29.5,395,6700640,72.06,2376,6098335,65.58,1181,4450127,47.85,3452,648568,6.97
2022-01-29,62.23,8.29,29.48,124,6700764,72.06,1046,6099381,65.59,424,4450551,47.86,1162,649730,6.99
2022-01-30,62.3,8.24,29.46,769,6701533,72.06,4719,6104100,65.64,2020,4452571,47.88,8099,657829,7.07
2022-01-31,62.39,8.17,29.43,528,6702061,72.07,3184,6107284,65.67,1610,4454181,47.9,6472,664301,7.14
2022-02-01,62.45,8.15,29.4,481,6702542,72.08,2808,6110092,65.7,1526,4455707,47.91,5721,670022,7.21
2022-02-02,62.28,8.13,29.59,375,6702917,72.08,2395,6112487,65.73,1385,4457092,47.93,5074,675096,7.26
2022-02-03,62.34,8.08,29.57,446,6703363,72.08,2776,6115263,65.76,1462,4458554,47.95,5607,680703,7.32
2022-02-04,62.37,8.06,29.57,174,6703537,72.09,991,6116254,65.77,757,4459311,47.95,2455,683158,7.35
2022-02-05,62.34,8.09,29.56,62,6703599,72.09,342,6116596,65.77,221,4459532,47.96,420,683578,7.35
2022-02-06,62.41,8.05,29.55,407,6704006,72.09,2320,6118916,65.8,1344,4460876,47.97,5686,689264,7.41
2022-02-07,62.47,8.01,29.52,282,6704288,72.09,1308,6120224,65.81,983,4461859,47.98,5960,695224,7.48
2022-02-08,62.54,7.97,29.49,317,6704605,72.1,1498,6121722,65.83,1068,4462927,47.99,6137,701361,7.54
2022-02-09,62.6,7.95,29.45,254,6704859,72.1,1102,6122824,65.84,946,4463873,48,4570,705931,7.59
2022-02-10,62.63,7.93,29.44,273,6705132,72.1,1293,6124117,65.86,936,4464809,48.01,4815,710746,7.64
2022-02-11,62.67,7.91,29.42,211,6705343,72.11,557,6124674,65.86,518,4465327,48.02,2540,713286,7.67
2022-02-12,62.67,7.91,29.41,32,6705375,72.11,90,6124764,65.86,135,4465462,48.02,269,713555,7.67
2022-02-13,62.73,7.87,29.39,286,6705661,72.11,946,6125710,65.87,966,4466428,48.03,4998,718553,7.73
2022-02-14,62.89,7.74,29.36,180,6705841,72.11,627,6126337,65.88,760,4467188,48.04,3142,721695,7.76
2022-02-15,62.92,7.73,29.35,266,6706107,72.11,763,6127100,65.89,937,4468125,48.05,3819,725514,7.8
2022-02-16,62.95,7.72,29.34,179,6706286,72.12,577,6127677,65.89,803,4468928,48.06,2488,728002,7.83
2022-02-17,62.96,7.7,29.34,247,6706533,72.12,740,6128417,65.9,775,4469703,48.07,3061,731063,7.86
2022-02-18,62.98,7.69,29.33,130,6706663,72.12,343,6128760,65.91,439,4470142,48.07,1119,732182,7.87
2022-02-19,62.99,7.69,29.32,33,6706696,72.12,84,6128844,65.91,82,4470224,48.07,80,732262,7.87
2022-02-20,63.01,7.67,29.32,204,6706900,72.12,604,6129448,65.91,723,4470947,48.08,2574,734836,7.9
2022-02-21,63.04,7.65,29.31,173,6707073,72.12,413,6129861,65.92,489,4471436,48.08,1542,736378,7.92
2022-02-22,63.05,7.65,29.3,158,6707231,72.13,454,6130315,65.92,570,4472006,48.09,1871,738249,7.94
2022-02-23,63.06,7.65,29.29,109,6707340,72.13,353,6130668,65.93,453,4472459,48.09,1153,739402,7.95
2022-02-24,63.05,7.66,29.29,138,6707478,72.13,463,6131131,65.93,568,4473027,48.1,1493,740895,7.97
2022-02-25,63.06,7.66,29.28,59,6707537,72.13,144,6131275,65.93,192,4473219,48.1,456,741351,7.97
2022-02-26,63.05,7.67,29.28,17,6707554,72.13,28,6131303,65.93,161,4473380,48.1,35,741386,7.97
2022-02-27,63.05,7.67,29.28,112,6707666,72.13,341,6131644,65.94,448,4473828,48.11,1119,742505,7.98
2022-02-28,63.07,7.65,29.28,108,6707774,72.13,271,6131915,65.94,424,4474252,48.11,907,743412,7.99
2022-03-01,63.1,7.63,29.27,95,6707869,72.13,280,6132195,65.94,373,4474625,48.12,797,744209,8
2022-03-02,63.11,7.62,29.27,77,6707946,72.13,199,6132394,65.94,324,4474949,48.12,697,744906,8.01
2022-03-03,63.05,7.67,29.27,157,6708103,72.14,371,6132765,65.95,498,4475447,48.13,987,745893,8.02
2022-03-04,63.05,7.68,29.27,53,6708156,72.14,170,6132935,65.95,170,4475617,48.13,228,746121,8.02
2022-03-05,63.04,7.69,29.27,4,6708160,72.14,25,6132960,65.95,43,4475660,48.13,32,746153,8.02
2022-03-06,63.04,7.69,29.27,97,6708257,72.14,258,6133218,65.95,418,4476078,48.13,760,746913,8.03
2022-03-07,63.05,7.69,29.26,87,6708344,72.14,260,6133478,65.96,354,4476432,48.14,604,747517,8.04
2022-03-08,63.04,7.7,29.26,99,6708443,72.14,263,6133741,65.96,333,4476765,48.14,550,748067,8.04
2022-03-09,63.02,7.72,29.25,89,6708532,72.14,213,6133954,65.96,337,4477102,48.14,492,748559,8.05
2022-03-10,63.01,7.74,29.25,115,6708647,72.14,375,6134329,65.97,428,4477530,48.15,620,749179,8.06
2022-03-11,63,7.75,29.25,24,6708671,72.14,86,6134415,65.97,123,4477653,48.15,144,749323,8.06
2022-03-12,62.98,7.77,29.24,11,6708682,72.14,12,6134427,65.97,34,4477687,48.15,28,749351,8.06
2022-03-13,62.98,7.78,29.24,100,6708782,72.14,271,6134698,65.97,358,4478045,48.15,595,749946,8.06
2022-03-14,62.98,7.78,29.24,65,6708847,72.14,253,6134951,65.97,316,4478361,48.16,559,750505,8.07
2022-03-15,62.95,7.81,29.24,80,6708927,72.14,185,6135136,65.97,293,4478654,48.16,591,751096,8.08
2022-03-16,62.94,7.82,29.24,77,6709004,72.15,205,6135341,65.98,305,4478959,48.16,668,751764,8.08
2022-03-17,62.94,7.82,29.24,65,6709069,72.15,122,6135463,65.98,286,4479245,48.17,613,752377,8.09
2022-03-18,62.94,7.82,29.24,20,6709089,72.15,54,6135517,65.98,100,4479345,48.17,234,752611,8.09
2022-03-19,62.89,7.88,29.23,6,6709095,72.15,11,6135528,65.98,29,4479374,48.17,39,752650,8.09
2022-03-20,62.87,7.89,29.23,119,6709214,72.15,260,6135788,65.98,486,4479860,48.17,1431,754081,8.11
2022-03-21,62.87,7.9,29.23,97,6709311,72.15,247,6136035,65.98,379,4480239,48.18,1132,755213,8.12
2022-03-22,62.84,7.94,29.23,141,6709452,72.15,342,6136377,65.99,508,4480747,48.18,1770,756983,8.14
2022-03-23,62.81,7.97,29.22,108,6709560,72.15,212,6136589,65.99,463,4481210,48.19,1677,758660,8.16
2022-03-24,62.78,8,29.22,174,6709734,72.15,345,6136934,65.99,769,4481979,48.2,2362,761022,8.18
2022-03-25,62.78,8,29.23,39,6709773,72.15,82,6137016,65.99,159,4482138,48.2,630,761652,8.19
2022-03-26,62.77,8,29.22,12,6709785,72.15,13,6137029,65.99,34,4482172,48.2,91,761743,8.19
2022-03-27,62.75,8.02,29.22,167,6709952,72.16,344,6137373,66,758,4482930,48.21,3193,764936,8.23
2022-03-28,62.75,8.03,29.22,113,6710065,72.16,270,6137643,66,623,4483553,48.21,2416,767352,8.25
2022-03-29,62.7,8.07,29.22,125,6710190,72.16,258,6137901,66,641,4484194,48.22,2772,770124,8.28
2022-03-30,62.81,8.11,29.07,132,6710322,72.16,207,6138108,66.01,539,4484733,48.23,2370,772494,8.31
2022-03-31,62.79,8.11,29.1,166,6710488,72.16,302,6138410,66.01,730,4485463,48.23,2853,775347,8.34
2022-04-01,62.72,8.13,29.15,122,6710610,72.16,161,6138571,66.01,277,4485740,48.24,585,775932,8.34
2022-04-02,62.69,8.15,29.16,7,6710617,72.16,7,6138578,66.01,37,4485777,48.24,52,775984,8.34
2022-04-03,62.65,8.16,29.19,159,6710776,72.16,270,6138848,66.01,569,4486346,48.24,2478,778462,8.37
2022-04-04,62.62,8.16,29.22,103,6710879,72.17,207,6139055,66.02,484,4486830,48.25,2224,780686,8.4
2022-04-05,62.57,8.19,29.25,122,6711001,72.17,220,6139275,66.02,513,4487343,48.25,2242,782928,8.42
2022-04-06,62.55,8.2,29.25,91,6711092,72.17,156,6139431,66.02,382,4487725,48.26,2023,784951,8.44
2022-04-07,62.56,8.2,29.24,191,6711283,72.17,215,6139646,66.02,641,4488366,48.27,2556,787507,8.47
2022-04-08,62.54,8.22,29.23,30,6711313,72.17,61,6139707,66.02,153,4488519,48.27,482,787989,8.47
2022-04-09,62.52,8.25,29.23,6,6711319,72.17,17,6139724,66.02,28,4488547,48.27,47,788036,8.47
2022-04-10,62.51,8.26,29.23,103,6711422,72.17,264,6139988,66.03,429,4488976,48.27,1845,789881,8.49
2022-04-11,62.54,8.26,29.2,78,6711500,72.17,201,6140189,66.03,371,4489347,48.28,1425,791306,8.51
2022-04-12,62.58,8.29,29.12,204,6711704,72.17,168,6140357,66.03,375,4489722,48.28,1360,792666,8.52
2022-04-13,62.58,8.31,29.1,117,6711821,72.18,150,6140507,66.03,298,4490020,48.28,1218,793884,8.54
2022-04-14,62.57,8.33,29.1,85,6711906,72.18,221,6140728,66.03,320,4490340,48.29,1069,794953,8.55
2022-04-15,62.55,8.35,29.1,9,6711915,72.18,51,6140779,66.03,48,4490388,48.29,82,795035,8.55
2022-04-16,62.53,8.37,29.1,3,6711918,72.18,8,6140787,66.03,21,4490409,48.29,29,795064,8.55
2022-04-17,62.52,8.38,29.1,62,6711980,72.18,131,6140918,66.04,229,4490638,48.29,807,795871,8.56
2022-04-18,62.51,8.38,29.1,69,6712049,72.18,109,6141027,66.04,252,4490890,48.29,750,796621,8.57
2022-04-19,62.5,8.4,29.1,62,6712111,72.18,145,6141172,66.04,273,4491163,48.3,842,797463,8.58
2022-04-20,62.48,8.42,29.1,60,6712171,72.18,117,6141289,66.04,235,4491398,48.3,656,798119,8.58
2022-04-21,62.47,8.43,29.1,53,6712224,72.18,109,6141398,66.04,197,4491595,48.3,479,798598,8.59
2022-04-22,62.45,8.44,29.11,3,6712227,72.18,17,6141415,66.04,19,4491614,48.3,19,798617,8.59
2022-04-23,62.43,8.46,29.11,6,6712233,72.18,9,6141424,66.04,16,4491630,48.3,13,798630,8.59
2022-04-24,62.43,8.47,29.1,92,6712325,72.18,250,6141674,66.04,329,4491959,48.3,872,799502,8.6
2022-04-25,62.43,8.47,29.1,105,6712430,72.18,191,6141865,66.05,316,4492275,48.31,739,800241,8.61
2022-04-26,62.42,8.48,29.1,76,6712506,72.18,175,6142040,66.05,304,4492579,48.31,787,801028,8.61
2022-04-27,62.41,8.49,29.1,54,6712560,72.18,160,6142200,66.05,227,4492806,48.31,640,801668,8.62
2022-04-28,62.41,8.5,29.1,96,6712656,72.18,232,6142432,66.05,329,4493135,48.32,871,802539,8.63
2022-04-29,62.39,8.51,29.1,112,6712768,72.19,159,6142591,66.05,184,4493319,48.32,196,802735,8.63
2022-04-30,62.38,8.52,29.1,1,6712769,72.19,3,6142594,66.05,24,4493343,48.32,22,802757,8.63
2022-05-01,62.38,8.53,29.09,135,6712904,72.19,185,6142779,66.06,317,4493660,48.32,630,803387,8.64
2022-05-02,62.37,8.54,29.09,62,6712966,72.19,155,6142934,66.06,235,4493895,48.33,491,803878,8.64
2022-05-03,62.36,8.55,29.09,72,6713038,72.19,151,6143085,66.06,288,4494183,48.33,508,804386,8.65
2022-05-04,62.35,8.57,29.08,23,6713061,72.19,56,6143141,66.06,63,4494246,48.33,129,804515,8.65
2022-05-05,62.34,8.58,29.08,4,6713065,72.19,1,6143142,66.06,8,4494254,48.33,14,804529,8.65
2022-05-06,62.33,8.59,29.08,20,6713085,72.19,59,6143201,66.06,64,4494318,48.33,153,804682,8.65
2022-05-07,62.32,8.6,29.08,1,6713086,72.19,7,6143208,66.06,27,4494345,48.33,24,804706,8.65
2022-05-08,62.31,8.61,29.08,118,6713204,72.19,207,6143415,66.06,270,4494615,48.33,457,805163,8.66
2022-05-09,62.31,8.61,29.08,59,6713263,72.19,162,6143577,66.06,251,4494866,48.34,505,805668,8.66
2022-05-10,62.3,8.62,29.08,131,6713394,72.19,169,6143746,66.07,261,4495127,48.34,508,806176,8.67
2022-05-11,62.3,8.63,29.08,58,6713452,72.19,118,6143864,66.07,183,4495310,48.34,464,806640,8.67
2022-05-12,62.29,8.64,29.07,119,6713571,72.19,200,6144064,66.07,278,4495588,48.34,666,807306,8.68
2022-05-13,62.28,8.65,29.07,11,6713582,72.19,44,6144108,66.07,71,4495659,48.34,110,807416,8.68
2022-05-14,62.26,8.66,29.07,6,6713588,72.19,13,6144121,66.07,13,4495672,48.34,24,807440,8.68
2022-05-15,62.26,8.67,29.07,90,6713678,72.2,175,6144296,66.07,246,4495918,48.35,665,808105,8.69
2022-05-16,62.19,8.65,29.16,68,6713746,72.2,141,6144437,66.07,230,4496148,48.35,509,808614,8.7
2022-05-17,62.18,8.66,29.16,73,6713819,72.2,153,6144590,66.08,267,4496415,48.35,618,809232,8.7
2022-05-18,62.17,8.67,29.16,43,6713862,72.2,99,6144689,66.08,169,4496584,48.35,447,809679,8.71
2022-05-19,62.16,8.68,29.16,64,6713926,72.2,171,6144860,66.08,213,4496797,48.36,499,810178,8.71
2022-05-20,62.15,8.69,29.16,75,6714001,72.2,114,6144974,66.08,130,4496927,48.36,138,810316,8.71
2022-05-21,62.14,8.7,29.16,4,6714005,72.2,7,6144981,66.08,15,4496942,48.36,18,810334,8.71
2022-05-22,62.14,8.71,29.16,87,6714092,72.2,188,6145169,66.08,216,4497158,48.36,426,810760,8.72
2022-05-23,62.14,8.71,29.16,64,6714156,72.2,120,6145289,66.08,156,4497314,48.36,348,811108,8.72
2022-05-24,62.13,8.71,29.15,43,6714199,72.2,119,6145408,66.08,157,4497471,48.36,394,811502,8.73
2022-05-25,62.12,8.72,29.15,61,6714260,72.2,103,6145511,66.09,168,4497639,48.37,337,811839,8.73
2022-05-26,62.11,8.73,29.16,72,6714332,72.2,136,6145647,66.09,186,4497825,48.37,348,812187,8.73
2022-05-27,62.1,8.74,29.16,12,6714344,72.2,29,6145676,66.09,43,4497868,48.37,59,812246,8.73
2022-05-28,62.09,8.75,29.16,2,6714346,72.2,5,6145681,66.09,8,4497876,48.37,12,812258,8.73
2022-05-29,62.09,8.75,29.16,89,6714435,72.2,153,6145834,66.09,163,4498039,48.37,316,812574,8.74
2022-05-30,62.09,8.76,29.16,56,6714491,72.2,133,6145967,66.09,125,4498164,48.37,291,812865,8.74
2022-05-31,62.07,8.78,29.15,45,6714536,72.2,104,6146071,66.09,153,4498317,48.37,351,813216,8.74
2022-06-01,61.95,8.9,29.16,63,6714599,72.21,90,6146161,66.09,118,4498435,48.37,276,813492,8.75
2022-06-02,45.96,24.88,29.15,77,6714676,72.21,156,6146317,66.09,177,4498612,48.38,255,813747,8.75
2022-06-03,45.9,24.95,29.16,10,6714686,72.21,23,6146340,66.09,21,4498633,48.38,33,813780,8.75
2022-06-04,45.84,25,29.16,0,6714686,72.21,7,6146347,66.09,8,4498641,48.38,5,813785,8.75
2022-06-05,45.8,25.05,29.16,11,6714697,72.21,14,6146361,66.09,7,4498648,48.38,2,813787,8.75
2022-06-06,39.96,30.89,29.16,58,6714755,72.21,145,6146506,66.1,161,4498809,48.38,262,814049,8.75
2022-06-07,39.92,30.93,29.15,54,6714809,72.21,134,6146640,66.1,142,4498951,48.38,379,814428,8.76
2022-06-08,39.89,30.96,29.15,58,6714867,72.21,104,6146744,66.1,131,4499082,48.38,497,814925,8.76
2022-06-09,39.86,30.99,29.15,84,6714951,72.21,207,6146951,66.1,234,4499316,48.38,642,815567,8.77
2022-06-10,39.83,31.02,29.15,14,6714965,72.21,51,6147002,66.1,59,4499375,48.38,142,815709,8.77
2022-06-11,39.8,31.05,29.15,0,6714965,72.21,3,6147005,66.1,7,4499382,48.38,19,815728,8.77
2022-06-12,39.8,31.05,29.15,109,6715074,72.21,199,6147204,66.1,191,4499573,48.39,767,816495,8.78
2022-06-13,39.81,31.04,29.15,84,6715158,72.21,142,6147346,66.11,168,4499741,48.39,626,817121,8.79
2022-06-14,39.79,31.06,29.15,116,6715274,72.21,173,6147519,66.11,208,4499949,48.39,759,817880,8.8
2022-06-15,39.78,31.08,29.15,71,6715345,72.21,141,6147660,66.11,207,4500156,48.39,700,818580,8.8
2022-06-16,39.74,31.11,29.14,94,6715439,72.21,136,6147796,66.11,218,4500374,48.39,742,819322,8.81
2022-06-17,39.72,31.14,29.15,16,6715455,72.21,63,6147859,66.11,53,4500427,48.4,124,819446,8.81
2022-06-18,39.68,31.17,29.14,3,6715458,72.21,4,6147863,66.11,11,4500438,48.4,15,819461,8.81
2022-06-19,39.53,31.33,29.15,115,6715573,72.22,207,6148070,66.11,318,4500756,48.4,877,820338,8.82
2022-06-20,33.92,36.85,29.23,99,6715672,72.22,152,6148222,66.11,307,4501063,48.4,922,821260,8.83
2022-06-21,33.58,37.19,29.23,94,6715766,72.22,154,6148376,66.12,375,4501438,48.41,1229,822489,8.84
2022-06-22,33.28,37.49,29.23,110,6715876,72.22,135,6148511,66.12,339,4501777,48.41,894,823383,8.85
2022-06-23,32.84,37.92,29.23,132,6716008,72.22,217,6148728,66.12,525,4502302,48.42,1146,824529,8.87
2022-06-24,32.43,38.34,29.24,19,6716027,72.22,35,6148763,66.12,110,4502412,48.42,208,824737,8.87
2022-06-25,32.04,38.72,29.24,1,6716028,72.22,3,6148766,66.12,13,4502425,48.42,16,824753,8.87
2022-06-26,31.63,39.13,29.24,107,6716135,72.22,158,6148924,66.12,379,4502804,48.42,933,825686,8.88
2022-06-27,31.29,39.47,29.24,86,6716221,72.22,172,6149096,66.12,392,4503196,48.43,1028,826714,8.89
2022-06-28,30.86,39.91,29.24,84,6716305,72.22,151,6149247,66.13,364,4503560,48.43,932,827646,8.9
2022-06-29,30.48,40.28,29.24,76,6716381,72.22,106,6149353,66.13,265,4503825,48.43,816,828462,8.91
2022-06-30,30.05,40.71,29.24,86,6716467,72.23,165,6149518,66.13,355,4504180,48.44,1062,829524,8.92
2022-07-01,29.62,41.14,29.24,22,6716489,72.23,28,6149546,66.13,55,4504235,48.44,80,829604,8.92
2022-07-02,29.2,41.56,29.24,1,6716490,72.23,2,6149548,66.13,8,4504243,48.44,18,829622,8.92
2022-07-03,28.81,41.95,29.24,100,6716590,72.23,177,6149725,66.13,322,4504565,48.44,637,830259,8.93
2022-07-04,28.5,42.26,29.24,76,6716666,72.23,140,6149865,66.13,278,4504843,48.44,749,831008,8.94
2022-07-05,28.06,42.7,29.24,59,6716725,72.23,142,6150007,66.13,302,4505145,48.45,688,831696,8.94
2022-07-06,27.39,43.37,29.24,78,6716803,72.23,124,6150131,66.14,211,4505356,48.45,646,832342,8.95
2022-07-07,26.48,44.28,29.24,82,6716885,72.23,164,6150295,66.14,267,4505623,48.45,721,833063,8.96
2022-07-08,25.47,45.29,29.24,17,6716902,72.23,33,6150328,66.14,69,4505692,48.45,131,833194,8.96
2022-07-09,24.42,46.34,29.24,0,6716902,72.23,1,6150329,66.14,3,4505695,48.45,2,833196,8.96
2022-07-10,23.77,46.99,29.24,90,6716992,72.23,164,6150493,66.14,229,4505924,48.45,470,833666,8.96
2022-07-11,23.22,47.54,29.24,64,6717056,72.23,142,6150635,66.14,248,4506172,48.46,575,834241,8.97
2022-07-12,22.13,48.63,29.24,69,6717125,72.23,129,6150764,66.14,207,4506379,48.46,558,834799,8.98
2022-07-13,21.1,49.66,29.24,43,6717168,72.23,101,6150865,66.14,165,4506544,48.46,488,835287,8.98
2022-07-14,20.12,50.63,29.24,69,6717237,72.23,147,6151012,66.14,209,4506753,48.46,513,835800,8.99
2022-07-15,19.27,51.48,29.25,64,6717301,72.23,88,6151100,66.15,127,4506880,48.46,166,835966,8.99
2022-07-16,18.29,52.46,29.25,0,6717301,72.23,6,6151106,66.15,7,4506887,48.46,8,835974,8.99
2022-07-17,17.83,52.92,29.25,77,6717378,72.24,183,6151289,66.15,241,4507128,48.47,468,836442,8.99
2022-07-18,17.48,53.26,29.26,62,6717440,72.24,158,6151447,66.15,207,4507335,48.47,511,836953,9
2022-07-19,16.77,53.97,29.26,62,6717502,72.24,147,6151594,66.15,174,4507509,48.47,368,837321,9
2022-07-20,16.09,54.64,29.26,51,6717553,72.24,134,6151728,66.15,137,4507646,48.47,423,837744,9.01
2022-07-21,15.43,55.3,29.27,61,6717614,72.24,159,6151887,66.15,177,4507823,48.47,341,838085,9.01
2022-07-22,14.64,56.08,29.28,10,6717624,72.24,36,6151923,66.15,43,4507866,48.48,56,838141,9.01
2022-07-23,14.17,56.55,29.28,0,6717624,72.24,4,6151927,66.15,4,4507870,48.48,9,838150,9.01
2022-07-24,13.55,57.16,29.29,58,6717682,72.24,128,6152055,66.16,197,4508067,48.48,364,838514,9.02
2022-07-25,13.09,57.61,29.3,48,6717730,72.24,107,6152162,66.16,172,4508239,48.48,336,838850,9.02
2022-07-26,12.46,58.23,29.3,47,6717777,72.24,99,6152261,66.16,111,4508350,48.48,270,839120,9.02
2022-07-27,11.89,58.8,29.31,43,6717820,72.24,125,6152386,66.16,132,4508482,48.48,243,839363,9.03
2022-07-28,11.35,59.34,29.31,62,6717882,72.24,143,6152529,66.16,148,4508630,48.48,220,839583,9.03
2022-07-29,10.85,59.83,29.32,10,6717892,72.24,25,6152554,66.16,27,4508657,48.48,31,839614,9.03
2022-07-30,10.34,60.33,29.33,0,6717892,72.24,0,6152554,66.16,1,4508658,48.48,1,839615,9.03
2022-07-31,9.97,60.7,29.33,56,6717948,72.24,134,6152688,66.16,131,4508789,48.49,252,839867,9.03
2022-08-01,9.47,61.19,29.34,54,6718002,72.24,76,6152764,66.16,89,4508878,48.49,152,840019,9.03
2022-08-02,8.92,61.73,29.35,111,6718113,72.24,119,6152883,66.17,157,4509035,48.49,264,840283,9.04
2022-08-03,8.46,62.19,29.35,76,6718189,72.24,71,6152954,66.17,92,4509127,48.49,178,840461,9.04
2022-08-04,8.04,62.61,29.36,133,6718322,72.25,133,6153087,66.17,111,4509238,48.49,246,840707,9.04
2022-08-05,7.71,62.93,29.36,30,6718352,72.25,23,6153110,66.17,13,4509251,48.49,24,840731,9.04
2022-08-06,7.32,63.32,29.36,1,6718353,72.25,2,6153112,66.17,3,4509254,48.49,5,840736,9.04
2022-08-07,6.92,63.71,29.37,89,6718442,72.25,97,6153209,66.17,69,4509323,48.49,169,840905,9.04
2022-08-08,6.74,63.89,29.37,76,6718518,72.25,95,6153304,66.17,122,4509445,48.49,172,841077,9.04
2022-08-09,6.25,64.37,29.38,96,6718614,72.25,90,6153394,66.17,99,4509544,48.49,213,841290,9.05
2022-08-10,5.91,64.71,29.38,77,6718691,72.25,60,6153454,66.17,76,4509620,48.49,115,841405,9.05
2022-08-11,5.59,65.03,29.38,54,6718745,72.25,101,6153555,66.17,91,4509711,48.5,155,841560,9.05
2022-08-12,5.35,65.27,29.38,8,6718753,72.25,12,6153567,66.17,18,4509729,48.5,29,841589,9.05
2022-08-13,5.1,65.52,29.38,0,6718753,72.25,2,6153569,66.17,2,4509731,48.5,3,841592,9.05
2022-08-14,4.87,65.75,29.39,74,6718827,72.25,75,6153644,66.17,82,4509813,48.5,150,841742,9.05
2022-08-15,4.74,65.87,29.39,68,6718895,72.25,81,6153725,66.17,93,4509906,48.5,143,841885,9.05
2022-08-16,4.46,66.15,29.39,82,6718977,72.25,84,6153809,66.17,83,4509989,48.5,187,842072,9.06
2022-08-17,4.16,66.44,29.39,47,6719024,72.25,55,6153864,66.18,36,4510025,48.5,115,842187,9.06
2022-08-18,3.98,66.63,29.39,70,6719094,72.25,93,6153957,66.18,120,4510145,48.5,173,842360,9.06
2022-08-19,3.83,66.78,29.39,77,6719171,72.25,67,6154024,66.18,56,4510201,48.5,38,842398,9.06
2022-08-20,3.67,66.94,29.39,1,6719172,72.25,1,6154025,66.18,3,4510204,48.5,3,842401,9.06
2022-08-21,3.52,67.08,29.4,51,6719223,72.26,85,6154110,66.18,84,4510288,48.5,197,842598,9.06
2022-08-22,3.44,67.16,29.4,89,6719312,72.26,74,6154184,66.18,103,4510391,48.5,143,842741,9.06
2022-08-23,3.27,67.33,29.4,72,6719384,72.26,106,6154290,66.18,84,4510475,48.5,180,842921,9.06
2022-08-24,3.15,67.46,29.4,38,6719422,72.26,80,6154370,66.18,49,4510524,48.5,133,843054,9.07
2022-08-25,3.03,67.57,29.4,53,6719475,72.26,75,6154445,66.18,97,4510621,48.5,193,843247,9.07
2022-08-26,2.94,67.66,29.4,4,6719479,72.26,15,6154460,66.18,9,4510630,48.51,14,843261,9.07
2022-08-27,2.84,67.76,29.4,0,6719479,72.26,0,6154460,66.18,0,4510630,48.51,0,843261,9.07
2022-08-28,2.75,67.85,29.4,55,6719534,72.26,80,6154540,66.18,85,4510715,48.51,102,843363,9.07
2022-08-29,2.69,67.91,29.4,48,6719582,72.26,68,6154608,66.18,89,4510804,48.51,107,843470,9.07
2022-08-30,2.6,68,29.4,85,6719667,72.26,113,6154721,66.18,85,4510889,48.51,130,843600,9.07
2022-08-31,2.53,68.07,29.4,43,6719710,72.26,88,6154809,66.19,70,4510959,48.51,96,843696,9.07
2022-09-01,2.46,68.14,29.4,29,6719739,72.26,84,6154893,66.19,58,4511017,48.51,113,843809,9.07
2022-09-02,2.4,68.2,29.4,6,6719745,72.26,20,6154913,66.19,13,4511030,48.51,10,843819,9.07
2022-09-03,2.33,68.27,29.4,2,6719747,72.26,0,6154913,66.19,3,4511033,48.51,1,843820,9.07
2022-09-04,2.27,68.32,29.4,64,6719811,72.26,133,6155046,66.19,80,4511113,48.51,121,843941,9.08
2022-09-05,2.23,68.37,29.4,44,6719855,72.26,77,6155123,66.19,58,4511171,48.51,90,844031,9.08
2022-09-06,2.17,68.42,29.4,60,6719915,72.26,104,6155227,66.19,78,4511249,48.51,130,844161,9.08
2022-09-07,2.12,68.47,29.4,27,6719942,72.26,63,6155290,66.19,53,4511302,48.51,95,844256,9.08
2022-09-08,2.07,68.53,29.4,50,6719992,72.26,101,6155391,66.19,70,4511372,48.51,77,844333,9.08
2022-09-09,2.03,68.57,29.4,10,6720002,72.26,21,6155412,66.19,16,4511388,48.51,17,844350,9.08
2022-09-10,1.97,68.62,29.4,0,6720002,72.26,0,6155412,66.19,5,4511393,48.51,2,844352,9.08
2022-09-11,1.92,68.67,29.41,39,6720041,72.26,117,6155529,66.19,78,4511471,48.51,116,844468,9.08
2022-09-12,1.88,68.71,29.41,24,6720065,72.26,72,6155601,66.19,52,4511523,48.51,68,844536,9.08
2022-09-13,1.82,68.77,29.41,44,6720109,72.26,113,6155714,66.2,54,4511577,48.52,103,844639,9.08
2022-09-14,1.78,68.82,29.41,21,6720130,72.27,64,6155778,66.2,54,4511631,48.52,62,844701,9.08
2022-09-15,1.73,68.86,29.41,32,6720162,72.27,77,6155855,66.2,63,4511694,48.52,107,844808,9.08
2022-09-16,1.7,68.89,29.41,51,6720213,72.27,52,6155907,66.2,27,4511721,48.52,28,844836,9.08
2022-09-17,1.66,68.93,29.41,3,6720216,72.27,0,6155907,66.2,1,4511722,48.52,0,844836,9.08
2022-09-18,1.63,68.96,29.41,28,6720244,72.27,66,6155973,66.2,52,4511774,48.52,115,844951,9.09
2022-09-19,1.61,68.98,29.41,27,6720271,72.27,74,6156047,66.2,44,4511818,48.52,57,845008,9.09
2022-09-20,1.56,69.03,29.41,41,6720312,72.27,93,6156140,66.2,75,4511893,48.52,102,845110,9.09
2022-09-21,1.55,69.05,29.41,22,6720334,72.27,54,6156194,66.2,29,4511922,48.52,56,845166,9.09
2022-09-22,1.52,69.07,29.4,40,6720374,72.27,56,6156250,66.2,27,4511949,48.52,41,845207,9.09
2022-09-23,1.5,69.1,29.41,7,6720381,72.27,11,6156261,66.2,4,4511953,48.52,1,845208,9.09
2022-09-24,1.47,69.13,29.41,0,6720381,72.27,0,6156261,66.2,1,4511954,48.52,0,845208,9.09
2022-09-25,1.46,69.13,29.41,5,6720386,72.27,20,6156281,66.2,10,4511964,48.52,27,845235,9.09
2022-09-26,1.46,69.13,29.41,0,6720386,72.27,5,6156286,66.2,2,4511966,48.52,2,845237,9.09
2022-09-27,1.42,69.17,29.41,2,6720388,72.27,0,6156286,66.2,3,4511969,48.52,3,845240,9.09
2022-09-28,1.39,69.21,29.41,24,6720412,72.27,36,6156322,66.2,25,4511994,48.52,17,845257,9.09
2022-09-29,1.37,69.22,29.41,32,6720444,72.27,61,6156383,66.2,13,4512007,48.52,48,845305,9.09
2022-09-30,1.35,69.24,29.41,3,6720447,72.27,12,6156395,66.2,2,4512009,48.52,0,845305,9.09
2022-10-01,1.31,69.29,29.41,0,6720447,72.27,1,6156396,66.2,1,4512010,48.52,1,845306,9.09
2022-10-02,1.31,69.29,29.41,28,6720475,72.27,51,6156447,66.2,20,4512030,48.52,73,845379,9.09
2022-10-03,1.31,69.28,29.4,23,6720498,72.27,29,6156476,66.2,13,4512043,48.52,12,845391,9.09
2022-10-04,1.27,69.32,29.4,7,6720505,72.27,10,6156486,66.2,0,4512043,48.52,1,845392,9.09
2022-10-05,1.28,69.31,29.4,1,6720506,72.27,0,6156486,66.2,0,4512043,48.52,1,845393,9.09
2022-10-06,1.31,69.28,29.4,17,6720523,72.27,43,6156529,66.2,10,4512053,48.52,20,845413,9.09
2022-10-07,1.3,69.29,29.41,3,6720526,72.27,3,6156532,66.2,4,4512057,48.52,0,845413,9.09
2022-10-08,1.26,69.33,29.41,1,6720527,72.27,1,6156533,66.2,0,4512057,48.52,1,845414,9.09
2022-10-09,1.31,69.28,29.41,7,6720534,72.27,22,6156555,66.2,6,4512063,48.52,5,845419,9.09
2022-10-10,1.38,69.22,29.4,5,6720539,72.27,2,6156557,66.2,0,4512063,48.52,0,845419,9.09
2022-10-11,1.36,69.24,29.4,12,6720551,72.27,32,6156589,66.2,1,4512064,48.52,32,845451,9.09
2022-10-12,1.34,69.26,29.4,13,6720564,72.27,24,6156613,66.21,5,4512069,48.52,4,845455,9.09
2022-10-13,1.4,69.2,29.4,17,6720581,72.27,16,6156629,66.21,5,4512074,48.52,9,845464,9.09
2022-10-14,1.4,69.2,29.4,6,6720587,72.27,7,6156636,66.21,4,4512078,48.52,3,845467,9.09
2022-10-15,1.38,69.22,29.4,0,6720587,72.27,0,6156636,66.21,0,4512078,48.52,1,845468,9.09
2022-10-16,1.39,69.2,29.4,4,6720591,72.27,13,6156649,66.21,5,4512083,48.52,8,845476,9.09
2022-10-17,1.39,69.2,29.4,1,6720592,72.27,1,6156650,66.21,3,4512086,48.52,1,845477,9.09
2022-10-18,1.43,69.17,29.4,24,6720616,72.27,31,6156681,66.21,14,4512100,48.52,16,845493,9.09
2022-10-19,1.47,69.12,29.4,18,6720634,72.27,25,6156706,66.21,7,4512107,48.52,3,845496,9.09
2022-10-20,1.5,69.1,29.4,26,6720660,72.27,44,6156750,66.21,12,4512119,48.52,4,845500,9.09
2022-10-21,1.5,69.09,29.4,4,6720664,72.27,7,6156757,66.21,2,4512121,48.52,4,845504,9.09
2022-10-22,1.49,69.1,29.4,0,6720664,72.27,0,6156757,66.21,0,4512121,48.52,0,845504,9.09
2022-10-23,1.51,69.08,29.4,15,6720679,72.27,33,6156790,66.21,18,4512139,48.52,10,845514,9.09
2022-10-24,1.51,69.08,29.41,20,6720699,72.27,16,6156806,66.21,19,4512158,48.52,9,845523,9.09
2022-10-25,1.55,69.04,29.4,18,6720717,72.27,34,6156840,66.21,22,4512180,48.52,21,845544,9.09
2022-10-26,1.61,68.99,29.4,18,6720735,72.27,25,6156865,66.21,8,4512188,48.52,10,845554,9.09
2022-10-27,1.67,68.93,29.4,18,6720753,72.27,26,6156891,66.21,14,4512202,48.52,17,845571,9.09
2022-10-28,1.67,68.93,29.4,45,6720798,72.27,48,6156939,66.21,31,4512233,48.52,18,845589,9.09
2022-10-29,1.66,68.94,29.4,0,6720798,72.27,0,6156939,66.21,0,4512233,48.52,0,845589,9.09
2022-10-30,1.71,68.89,29.4,15,6720813,72.27,23,6156962,66.21,15,4512248,48.52,9,845598,9.09
2022-10-31,1.76,68.84,29.4,17,6720830,72.27,16,6156978,66.21,8,4512256,48.52,9,845607,9.09
2022-11-01,1.82,68.78,29.4,2,6720832,72.27,1,6156979,66.21,1,4512257,48.52,0,845607,9.09
2022-11-02,1.88,68.72,29.4,13,6720845,72.27,13,6156992,66.21,7,4512264,48.52,8,845615,9.09
2022-11-03,1.96,68.64,29.4,17,6720862,72.27,18,6157010,66.21,11,4512275,48.52,8,845623,9.09
2022-11-04,1.98,68.63,29.4,4,6720866,72.27,6,6157016,66.21,1,4512276,48.52,2,845625,9.09
2022-11-05,1.97,68.63,29.4,0,6720866,72.27,0,6157016,66.21,0,4512276,48.52,0,845625,9.09
2022-11-06,2.03,68.57,29.4,25,6720891,72.27,33,6157049,66.21,11,4512287,48.52,23,845648,9.09
2022-11-07,2.1,68.51,29.4,15,6720906,72.27,11,6157060,66.21,10,4512297,48.52,54,845702,9.09
2022-11-08,2.1,68.5,29.4,28,6720934,72.27,26,6157086,66.21,14,4512311,48.52,9,845711,9.09
2022-11-09,2.16,68.45,29.4,16,6720950,72.27,20,6157106,66.21,17,4512328,48.52,9,845720,9.09
2022-11-10,2.22,68.39,29.4,28,6720978,72.27,17,6157123,66.21,11,4512339,48.52,6,845726,9.09
2022-11-11,2.23,68.37,29.4,1,6720979,72.27,17,6157140,66.21,2,4512341,48.52,1,845727,9.09
2022-11-12,2.22,68.38,29.4,1,6720980,72.27,0,6157140,66.21,2,4512343,48.52,0,845727,9.09
2022-11-13,2.29,68.31,29.4,27,6721007,72.27,31,6157171,66.21,17,4512360,48.52,8,845735,9.09
2022-11-14,2.37,68.23,29.4,20,6721027,72.27,17,6157188,66.21,21,4512381,48.52,16,845751,9.09
2022-11-15,2.43,68.17,29.4,40,6721067,72.28,25,6157213,66.21,16,4512397,48.52,18,845769,9.1
2022-11-16,2.5,68.1,29.4,14,6721081,72.28,27,6157240,66.21,16,4512413,48.52,11,845780,9.1
2022-11-17,2.59,68.02,29.4,19,6721100,72.28,33,6157273,66.21,18,4512431,48.52,5,845785,9.1
2022-11-18,2.61,67.99,29.4,6,6721106,72.28,4,6157277,66.21,4,4512435,48.52,0,845785,9.1
2022-11-19,2.6,68,29.4,0,6721106,72.28,0,6157277,66.21,0,4512435,48.52,0,845785,9.1
2022-11-20,2.67,67.93,29.4,19,6721125,72.28,19,6157296,66.21,6,4512441,48.52,13,845798,9.1
2022-11-21,2.76,67.85,29.4,14,6721139,72.28,13,6157309,66.21,6,4512447,48.52,6,845804,9.1
2022-11-22,2.83,67.77,29.4,26,6721165,72.28,13,6157322,66.21,17,4512464,48.52,6,845810,9.1
2022-11-23,2.9,67.7,29.4,17,6721182,72.28,20,6157342,66.21,4,4512468,48.52,8,845818,9.1
2022-11-24,2.98,67.62,29.4,9,6721191,72.28,16,6157358,66.21,13,4512481,48.52,27,845845,9.1
2022-11-25,3,67.6,29.4,17,6721208,72.28,36,6157394,66.21,14,4512495,48.53,12,845857,9.1
2022-11-26,3,67.61,29.4,0,6721208,72.28,2,6157396,66.21,0,4512495,48.53,0,845857,9.1
2022-11-27,3.06,67.54,29.4,14,6721222,72.28,15,6157411,66.21,19,4512514,48.53,2,845859,9.1
2022-11-28,3.14,67.47,29.4,8,6721230,72.28,23,6157434,66.21,8,4512522,48.53,6,845865,9.1
2022-11-29,3.2,67.4,29.4,38,6721268,72.28,31,6157465,66.21,19,4512541,48.53,14,845879,9.1
2022-11-30,3.27,67.34,29.39,12,6721280,72.28,25,6157490,66.21,20,4512561,48.53,8,845887,9.1
2022-12-01,3.34,67.26,29.39,13,6721293,72.28,18,6157508,66.21,15,4512576,48.53,4,845891,9.1
2022-12-02,3.36,67.24,29.39,2,6721295,72.28,7,6157515,66.21,4,4512580,48.53,10,845901,9.1
2022-12-03,3.36,67.24,29.39,0,6721295,72.28,0,6157515,66.21,0,4512580,48.53,1,845902,9.1
2022-12-04,3.42,67.18,29.39,30,6721325,72.28,26,6157541,66.22,29,4512609,48.53,26,845928,9.1
2022-12-05,3.48,67.12,29.4,9,6721334,72.28,17,6157558,66.22,11,4512620,48.53,20,845948,9.1
2022-12-06,3.55,67.06,29.39,32,6721366,72.28,26,6157584,66.22,27,4512647,48.53,7,845955,9.1
2022-12-07,3.62,66.99,29.39,10,6721376,72.28,17,6157601,66.22,8,4512655,48.53,7,845962,9.1
2022-12-08,3.69,66.91,29.39,18,6721394,72.28,30,6157631,66.22,15,4512670,48.53,3,845965,9.1
2022-12-09,3.71,66.9,29.39,4,6721398,72.28,1,6157632,66.22,1,4512671,48.53,7,845972,9.1
2022-12-10,3.7,66.91,29.39,1,6721399,72.28,0,6157632,66.22,2,4512673,48.53,0,845972,9.1
2022-12-11,3.76,66.84,29.39,15,6721414,72.28,19,6157651,66.22,15,4512688,48.53,16,845988,9.1
2022-12-12,3.82,66.78,29.39,15,6721429,72.28,13,6157664,66.22,5,4512693,48.53,0,845988,9.1
2022-12-13,3.87,66.73,29.39,17,6721446,72.28,44,6157708,66.22,18,4512711,48.53,13,846001,9.1
2022-12-14,3.92,66.69,29.39,17,6721463,72.28,16,6157724,66.22,7,4512718,48.53,3,846004,9.1
2022-12-15,3.97,66.64,29.39,22,6721485,72.28,19,6157743,66.22,7,4512725,48.53,12,846016,9.1
2022-12-16,3.98,66.62,29.39,11,6721496,72.28,2,6157745,66.22,1,4512726,48.53,0,846016,9.1
2022-12-17,3.97,66.63,29.39,0,6721496,72.28,0,6157745,66.22,0,4512726,48.53,0,846016,9.1
2022-12-18,4.01,66.59,29.39,9,6721505,72.28,17,6157762,66.22,8,4512734,48.53,3,846019,9.1
2022-12-19,4.06,66.54,29.4,7,6721512,72.28,14,6157776,66.22,12,4512746,48.53,1,846020,9.1
2022-12-20,4.1,66.51,29.39,12,6721524,72.28,17,6157793,66.22,2,4512748,48.53,2,846022,9.1
2022-12-21,4.14,66.47,29.39,9,6721533,72.28,14,6157807,66.22,13,4512761,48.53,3,846025,9.1
2022-12-22,4.18,66.42,29.39,4,6721537,72.28,10,6157817,66.22,14,4512775,48.53,1,846026,9.1
2022-12-23,4.19,66.42,29.39,8,6721545,72.28,0,6157817,66.22,2,4512777,48.53,0,846026,9.1
2022-12-24,4.18,66.43,29.39,0,6721545,72.28,0,6157817,66.22,0,4512777,48.53,0,846026,9.1
2022-12-25,4.21,66.4,29.39,6,6721551,72.28,17,6157834,66.22,1,4512778,48.53,2,846028,9.1
2022-12-26,4.24,66.36,29.39,17,6721568,72.28,6,6157840,66.22,13,4512791,48.53,0,846028,9.1
2022-12-27,4.25,66.36,29.39,24,6721592,72.28,24,6157864,66.22,17,4512808,48.53,7,846035,9.1
2022-12-28,4.26,66.34,29.39,18,6721610,72.28,18,6157882,66.22,24,4512832,48.53,64,846099,9.1
2022-12-29,4.28,66.33,29.39,15,6721625,72.28,23,6157905,66.22,14,4512846,48.53,4,846103,9.1
2022-12-30,4.27,66.33,29.4,4,6721629,72.28,5,6157910,66.22,3,4512849,48.53,0,846103,9.1
2022-12-31,4.26,66.35,29.4,0,6721629,72.28,1,6157911,66.22,0,4512849,48.53,0,846103,9.1
2023-01-01,4.27,66.33,29.4,6,6721635,72.28,15,6157926,66.22,2,4512851,48.53,1,846104,9.1
2023-01-02,4.29,66.31,29.4,10,6721645,72.28,8,6157934,66.22,3,4512854,48.53,1,846105,9.1
2023-01-03,4.3,66.3,29.4,20,6721665,72.28,17,6157951,66.22,7,4512861,48.53,3,846108,9.1
2023-01-04,4.3,66.3,29.4,6,6721671,72.28,11,6157962,66.22,4,4512865,48.53,2,846110,9.1
2023-01-05,4.31,66.29,29.39,12,6721683,72.28,19,6157981,66.22,11,4512876,48.53,4,846114,9.1
2023-01-06,4.31,66.29,29.4,2,6721685,72.28,1,6157982,66.22,1,4512877,48.53,0,846114,9.1
2023-01-07,4.3,66.31,29.4,1,6721686,72.28,0,6157982,66.22,0,4512877,48.53,0,846114,9.1
2023-01-08,4.33,66.28,29.4,12,6721698,72.28,31,6158013,66.22,9,4512886,48.53,3,846117,9.1
2023-01-09,4.34,66.26,29.4,12,6721710,72.28,20,6158033,66.22,1,4512887,48.53,1,846118,9.1
2023-01-10,4.35,66.25,29.4,38,6721748,72.28,27,6158060,66.22,10,4512897,48.53,4,846122,9.1
2023-01-11,4.36,66.25,29.4,14,6721762,72.28,18,6158078,66.22,11,4512908,48.53,2,846124,9.1
2023-01-12,4.37,66.24,29.39,22,6721784,72.28,20,6158098,66.22,11,4512919,48.53,2,846126,9.1
2023-01-13,4.36,66.24,29.4,3,6721787,72.28,2,6158100,66.22,0,4512919,48.53,0,846126,9.1
2023-01-14,4.35,66.25,29.4,1,6721788,72.28,0,6158100,66.22,0,4512919,48.53,0,846126,9.1
2023-01-15,4.36,66.24,29.4,17,6721805,72.28,14,6158114,66.22,4,4512923,48.53,3,846129,9.1
2023-01-16,4.38,66.22,29.4,9,6721814,72.28,14,6158128,66.22,6,4512929,48.53,0,846129,9.1
2023-01-17,4.38,66.22,29.4,14,6721828,72.28,14,6158142,66.22,6,4512935,48.53,0,846129,9.1
2023-01-18,4.39,66.21,29.4,7,6721835,72.28,8,6158150,66.22,3,4512938,48.53,1,846130,9.1
2023-01-19,4.4,66.2,29.4,13,6721848,72.28,14,6158164,66.22,2,4512940,48.53,4,846134,9.1
2023-01-20,4.39,66.2,29.4,4,6721852,72.28,2,6158166,66.22,0,4512940,48.53,1,846135,9.1
2023-01-21,4.39,66.21,29.4,0,6721852,72.28,0,6158166,66.22,0,4512940,48.53,0,846135,9.1
2023-01-22,4.4,66.2,29.4,0,6721852,72.28,0,6158166,66.22,0,4512940,48.53,2,846137,9.1
