Date,Valid vaccinated pop. perc.,Expired vaccinated pop. perc.,Not vaccinated pop. perc.,Vaccinated (daily),Vaccinated (cumu),Vaccinated pop. perc.,Second dose (daily),Second dose (cumu),Second dose pop. perc.,Third dose (daily),Third dose (cumu),Third dose pop. perc.,Fourth dose (daily),Fourth dose (cumu),Fourth dose pop. perc.
2020-12-19,0,0,100,46,71,0,0,4,0,0,0,0,0,0,0
2020-12-20,0,0,100,7396,7467,0.08,0,4,0,0,0,0,0,0,0
2020-12-21,0,0,100,24923,32390,0.35,0,4,0,0,0,0,0,0,0
2020-12-22,0,0,100,44668,77058,0.83,0,4,0,0,0,0,0,0,0
2020-12-23,0,0,100,62919,139977,1.51,0,4,0,0,0,0,0,0,0
2020-12-24,0,0,100,73430,213407,2.29,0,4,0,0,0,0,0,0,0
2020-12-25,0,0,100,38517,251924,2.71,0,4,0,0,0,0,0,0,0
2020-12-26,0,0,100,32618,284542,3.06,0,4,0,0,0,0,0,0,0
2020-12-27,0,0,100,104575,389117,4.18,0,4,0,0,0,0,0,0,0
2020-12-28,0,0,100,135041,524158,5.64,0,4,0,0,0,0,0,0,0
2020-12-29,0,0,100,156340,680498,7.32,2,6,0,0,0,0,0,0,0
2020-12-30,0,0,100,153192,833690,8.97,0,6,0,0,0,0,0,0,0
2020-12-31,0,0,100,158601,992291,10.67,0,6,0,0,0,0,0,0,0
2021-01-01,0,0,100,71435,1063726,11.44,0,6,0,0,0,0,0,0,0
2021-01-02,0,0,100,71744,1135470,12.21,0,6,0,0,0,0,0,0,0
2021-01-03,0,0,100,149767,1285237,13.82,0,6,0,0,0,0,0,0,0
2021-01-04,0,0,100,152208,1437445,15.46,1,7,0,0,0,0,0,0,0
2021-01-05,0,0,100,125222,1562667,16.8,4,11,0,0,0,0,0,0,0
2021-01-06,0,0,100,103374,1666041,17.92,2,13,0,0,0,0,0,0,0
2021-01-07,0,0,100,116065,1782106,19.16,9,22,0,0,0,0,0,0,0
2021-01-08,0,0,100,66465,1848571,19.88,5,27,0,0,0,0,0,0,0
2021-01-09,0,0,100,44554,1893125,20.36,24,51,0,0,0,0,0,0,0
2021-01-10,0,0,100,37649,1930774,20.76,6001,6052,0.07,0,0,0,0,0,0
2021-01-11,0,0,100,21176,1951950,20.99,19264,25316,0.27,0,0,0,0,0,0
2021-01-12,0,0,100,24075,1976025,21.25,35674,60990,0.66,0,0,0,0,0,0
2021-01-13,0,0,100,52079,2028104,21.81,56874,117864,1.27,0,0,0,0,0,0
2021-01-14,0,0,100,56480,2084584,22.42,68838,186702,2.01,0,0,0,0,0,0
2021-01-15,0,0,100,30776,2115360,22.75,35942,222644,2.39,0,0,0,0,0,0
2021-01-16,0,0,100,29481,2144841,23.06,26007,248651,2.67,0,0,0,0,0,0
2021-01-17,0.31,0,99.69,68445,2213286,23.8,84598,333249,3.58,0,0,0,0,0,0
2021-01-18,0.58,0,99.42,69821,2283107,24.55,120437,453686,4.88,0,0,0,0,0,0
2021-01-19,1.09,0,98.91,72897,2356004,25.34,137851,591537,6.36,0,0,0,0,0,0
2021-01-20,1.9,0,98.1,76919,2432923,26.16,143769,735306,7.91,0,0,0,0,0,0
2021-01-21,2.88,0,97.12,70010,2502933,26.92,164477,899783,9.68,0,0,0,0,0,0
2021-01-22,3.39,0,96.61,37933,2540866,27.32,71134,970917,10.44,0,0,0,0,0,0
2021-01-23,3.77,0,96.23,39965,2580831,27.75,53596,1024513,11.02,0,0,0,0,0,0
2021-01-24,4.96,0,95.04,69147,2649978,28.5,140711,1165224,12.53,0,0,0,0,0,0
2021-01-25,6.61,0,93.39,80943,2730921,29.37,139523,1304747,14.03,0,0,0,0,0,0
2021-01-26,8.45,0,91.55,78737,2809658,30.21,126446,1431193,15.39,0,0,0,0,0,0
2021-01-27,10.34,0,89.66,77982,2887640,31.05,125073,1556266,16.74,0,0,0,0,0,0
2021-01-28,12.43,0,87.57,79570,2967210,31.91,130633,1686899,18.14,0,0,0,0,0,0
2021-01-29,13.34,0,86.66,36704,3003914,32.3,64794,1751693,18.84,0,0,0,0,0,0
2021-01-30,14.02,0,85.98,34396,3038310,32.67,42767,1794460,19.3,0,0,0,0,0,0
2021-01-31,15.76,0,84.24,73331,3111641,33.46,59504,1853964,19.94,0,0,0,0,0,0
2021-02-01,17.48,0,82.52,82512,3194153,34.35,35357,1889321,20.32,0,0,0,0,0,0
2021-02-02,19.01,0,80.99,70107,3264260,35.1,31074,1920395,20.65,0,0,0,0,0,0
2021-02-03,20.47,0,79.53,60308,3324568,35.75,51445,1971840,21.2,0,0,0,0,0,0
2021-02-04,22,0,78,72640,3397208,36.53,58096,2029936,21.83,0,0,0,0,0,0
2021-02-05,22.75,0,77.25,33947,3431155,36.9,28807,2058743,22.14,0,0,0,0,0,0
2021-02-06,23.23,0,76.77,21622,3452777,37.13,22233,2080976,22.38,0,0,0,0,0,0
2021-02-07,23.99,0,76.01,54081,3506858,37.71,68744,2149720,23.12,0,0,0,0,0,0
2021-02-08,24.52,0,75.48,58644,3565502,38.34,65469,2215189,23.82,0,0,0,0,0,0
2021-02-09,25.04,0,74.96,66360,3631862,39.06,67579,2282768,24.55,0,0,0,0,0,0
2021-02-10,25.77,0,74.23,70571,3702433,39.81,72316,2355084,25.33,0,0,0,0,0,0
2021-02-11,26.61,0,73.39,81175,3783608,40.69,72114,2427198,26.1,0,0,0,0,0,0
2021-02-12,27.02,0,72.98,39111,3822719,41.11,37600,2464798,26.51,0,0,0,0,0,0
2021-02-13,27.33,0,72.67,27465,3850184,41.4,30441,2495239,26.83,0,0,0,0,0,0
2021-02-14,28.25,0,71.75,74917,3925101,42.21,69085,2564324,27.58,0,0,0,0,0,0
2021-02-15,29.17,0,70.83,81549,4006650,43.09,75722,2640046,28.39,0,0,0,0,0,0
2021-02-16,30.11,0,69.89,83423,4090073,43.98,78301,2718347,29.23,0,0,0,0,0,0
2021-02-17,31.01,0,68.99,61984,4152057,44.65,75645,2793992,30.05,0,0,0,0,0,0
2021-02-18,31.94,0,68.06,69159,4221216,45.39,79739,2873731,30.9,0,0,0,0,0,0
2021-02-19,32.45,0,67.55,39676,4260892,45.82,38162,2911893,31.31,0,0,0,0,0,0
2021-02-20,32.85,0,67.15,31651,4292543,46.16,28724,2940617,31.62,0,0,0,0,0,0
2021-02-21,33.8,0,66.2,79436,4371979,47.01,78446,3019063,32.47,0,0,0,0,0,0
2021-02-22,34.83,0,65.17,85056,4457035,47.93,80598,3099661,33.33,0,0,0,0,0,0
2021-02-23,35.84,0,64.16,77332,4534367,48.76,70486,3170147,34.09,0,0,0,0,0,0
2021-02-24,36.76,0,63.24,61067,4595434,49.42,63144,3233291,34.77,0,0,0,0,0,0
2021-02-25,37.66,0,62.34,51730,4647164,49.97,64810,3298101,35.47,0,0,0,0,0,0
2021-02-26,38.1,0,61.9,25913,4673077,50.25,32046,3330147,35.81,0,0,0,0,0,0
2021-02-27,38.42,0,61.58,18353,4691430,50.45,21197,3351344,36.04,0,0,0,0,0,0
2021-02-28,39.24,0,60.76,40365,4731795,50.88,55874,3407218,36.64,0,0,0,0,0,0
2021-03-01,40.1,0,59.9,45752,4777547,51.38,61445,3468663,37.3,0,0,0,0,0,0
2021-03-02,40.85,0,59.15,41202,4818749,51.82,64802,3533465,38,0,0,0,0,0,0
2021-03-03,41.55,0,58.45,42035,4860784,52.27,66794,3600259,38.72,0,0,0,0,0,0
2021-03-04,42.24,0,57.76,39722,4900506,52.7,79126,3679385,39.57,0,0,0,0,0,0
2021-03-05,42.57,0,57.43,17369,4917875,52.88,40471,3719856,40,0,0,0,0,0,0
2021-03-06,42.78,0,57.22,10722,4928597,53,25349,3745205,40.27,0,0,0,0,0,0
2021-03-07,43.36,0,56.64,31156,4959753,53.33,72847,3818052,41.06,0,0,0,0,0,0
2021-03-08,43.97,0,56.03,27387,4987140,53.63,73296,3891348,41.85,0,0,0,0,0,0
2021-03-09,44.62,0,55.38,26756,5013896,53.92,76605,3967953,42.67,0,0,0,0,0,0
2021-03-10,45.27,0,54.73,23373,5037269,54.17,58685,4026638,43.3,0,0,0,0,0,0
2021-03-11,45.99,0,54.01,23308,5060577,54.42,69098,4095736,44.04,0,0,0,0,0,0
2021-03-12,46.34,0,53.66,11296,5071873,54.54,41418,4137154,44.49,0,0,0,0,0,0
2021-03-13,46.57,0,53.43,7954,5079827,54.63,25239,4162393,44.76,0,0,0,0,0,0
2021-03-14,47.2,0,52.8,20991,5100818,54.85,73936,4236329,45.56,0,0,0,0,0,0
2021-03-15,47.81,0,52.19,20152,5120970,55.07,78281,4314610,46.4,0,0,0,0,0,0
2021-03-16,48.43,0,51.57,18759,5139729,55.27,71481,4386091,47.17,0,0,0,0,0,0
2021-03-17,48.92,0,51.08,17705,5157434,55.46,59010,4445101,47.8,0,0,0,0,0,0
2021-03-18,49.45,0,50.55,16050,5173484,55.63,58126,4503227,48.43,0,0,0,0,0,0
2021-03-19,49.75,0,50.25,6958,5180442,55.71,27981,4531208,48.73,0,0,0,0,0,0
2021-03-20,49.93,0,50.07,5227,5185669,55.76,15302,4546510,48.89,0,0,0,0,0,0
2021-03-21,50.46,0,49.54,13172,5198841,55.91,40511,4587021,49.33,0,0,0,0,0,0
2021-03-22,51,0,49,13583,5212424,56.05,40542,4627563,49.76,0,0,0,0,0,0
2021-03-23,51.43,0,48.57,2846,5215270,56.08,7303,4634866,49.84,0,0,0,0,0,0
2021-03-24,51.84,0,48.16,11006,5226276,56.2,46560,4681426,50.34,0,0,0,0,0,0
2021-03-25,52.22,0,47.78,10273,5236549,56.31,35440,4716866,50.72,0,0,0,0,0,0
2021-03-26,52.4,0,47.6,4186,5240735,56.36,13334,4730200,50.87,0,0,0,0,0,0
2021-03-27,52.5,0,47.5,1787,5242522,56.38,4269,4734469,50.91,0,0,0,0,0,0
2021-03-28,52.74,0,47.26,2114,5244636,56.4,4611,4739080,50.96,0,0,0,0,0,0
2021-03-29,53,0,47,6918,5251554,56.47,30017,4769097,51.28,0,0,0,0,0,0
2021-03-30,53.08,0,46.92,7897,5259451,56.56,22455,4791552,51.53,0,0,0,0,0,0
2021-03-31,53.38,0,46.62,8154,5267605,56.65,19502,4811054,51.74,0,0,0,0,0,0
2021-04-01,53.62,0,46.38,8222,5275827,56.73,18704,4829758,51.94,0,0,0,0,0,0
2021-04-02,53.71,0,46.29,2946,5278773,56.77,8131,4837889,52.02,0,0,0,0,0,0
2021-04-03,53.74,0,46.26,1432,5280205,56.78,2983,4840872,52.06,0,0,0,0,0,0
2021-04-04,53.82,0,46.18,9618,5289823,56.88,22832,4863704,52.3,0,0,0,0,0,0
2021-04-05,54.04,0,45.96,10365,5300188,57,21278,4884982,52.53,0,0,0,0,0,0
2021-04-06,54.21,0,45.79,9035,5309223,57.09,16794,4901776,52.71,0,0,0,0,0,0
2021-04-07,54.36,0,45.64,8934,5318157,57.19,15314,4917090,52.88,0,0,0,0,0,0
2021-04-08,54.52,0,45.48,9431,5327588,57.29,17017,4934107,53.06,0,0,0,0,0,0
2021-04-09,54.58,0,45.42,3609,5331197,57.33,6259,4940366,53.13,0,0,0,0,0,0
2021-04-10,54.61,0,45.39,1636,5332833,57.35,3522,4943888,53.16,0,0,0,0,0,0
2021-04-11,54.78,0,45.22,9045,5341878,57.44,14249,4958137,53.32,0,0,0,0,0,0
2021-04-12,54.95,0,45.05,8937,5350815,57.54,13236,4971373,53.46,0,0,0,0,0,0
2021-04-13,55.08,0,44.92,5841,5356656,57.6,4960,4976333,53.51,0,0,0,0,0,0
2021-04-14,55.18,0,44.82,3650,5360306,57.64,5311,4981644,53.57,0,0,0,0,0,0
2021-04-15,55.27,0,44.73,698,5361004,57.65,582,4982226,53.58,0,0,0,0,0,0
2021-04-16,55.33,0,44.67,3420,5364424,57.69,6652,4988878,53.65,0,0,0,0,0,0
2021-04-17,55.35,0,44.65,822,5365246,57.7,1973,4990851,53.67,0,0,0,0,0,0
2021-04-18,55.47,0,44.53,7099,5372345,57.77,7433,4998284,53.75,0,0,0,0,0,0
2021-04-19,55.58,0,44.42,6407,5378752,57.84,7134,5005418,53.83,0,0,0,0,0,0
2021-04-20,55.65,0,44.35,6287,5385039,57.91,6889,5012307,53.9,0,0,0,0,0,0
2021-04-21,55.71,0,44.29,6381,5391420,57.98,7112,5019419,53.98,0,0,0,0,0,0
2021-04-22,55.75,0,44.25,5952,5397372,58.04,7691,5027110,54.06,0,0,0,0,0,0
2021-04-23,55.8,0,44.2,2768,5400140,58.07,3391,5030501,54.1,0,0,0,0,0,0
2021-04-24,55.82,0,44.18,768,5400908,58.08,1290,5031791,54.11,0,0,0,0,0,0
2021-04-25,55.89,0,44.11,4829,5405737,58.13,6925,5038716,54.18,0,0,0,0,0,0
2021-04-26,55.96,0,44.04,5479,5411216,58.19,7889,5046605,54.27,0,0,0,0,0,0
2021-04-27,56.03,0,43.97,4507,5415723,58.24,6627,5053232,54.34,0,0,0,0,0,0
2021-04-28,56.09,0,43.91,4501,5420224,58.29,7336,5060568,54.42,0,0,0,0,0,0
2021-04-29,56.16,0,43.84,4378,5424602,58.33,7296,5067864,54.5,0,0,0,0,0,0
2021-04-30,56.19,0,43.81,1925,5426527,58.35,3202,5071066,54.53,0,0,0,0,0,0
2021-05-01,56.2,0,43.8,458,5426985,58.36,895,5071961,54.54,0,0,0,0,0,0
2021-05-02,56.26,0,43.74,3225,5430210,58.39,6092,5078053,54.61,0,0,0,0,0,0
2021-05-03,56.32,0,43.68,3535,5433745,58.43,5835,5083888,54.67,0,0,0,0,0,0
2021-05-04,56.38,0,43.62,3593,5437338,58.47,4738,5088626,54.72,0,0,0,0,0,0
2021-05-05,56.44,0,43.56,3292,5440630,58.51,4093,5092719,54.76,0,0,0,0,0,0
2021-05-06,56.5,0,43.5,3646,5444276,58.55,3144,5095863,54.8,0,0,0,0,0,0
2021-05-07,56.52,0,43.48,1847,5446123,58.56,2509,5098372,54.83,0,0,0,0,0,0
2021-05-08,56.53,0,43.47,244,5446367,58.57,507,5098879,54.83,0,0,0,0,0,0
2021-05-09,56.58,0,43.42,2851,5449218,58.6,4751,5103630,54.88,0,0,0,0,0,0
2021-05-10,56.63,0,43.37,2897,5452115,58.63,4715,5108345,54.93,0,0,0,0,0,0
2021-05-11,56.67,0,43.33,2622,5454737,58.66,3881,5112226,54.97,0,0,0,0,0,0
2021-05-12,56.7,0,43.3,2034,5456771,58.68,3342,5115568,55.01,0,0,0,0,0,0
2021-05-13,56.73,0,43.27,2043,5458814,58.7,3688,5119256,55.05,0,0,0,0,0,0
2021-05-14,56.75,0,43.25,978,5459792,58.71,1495,5120751,55.07,0,0,0,0,0,0
2021-05-15,56.75,0,43.25,259,5460051,58.71,259,5121010,55.07,0,0,0,0,0,0
2021-05-16,56.78,0,43.22,529,5460580,58.72,1206,5122216,55.08,0,0,0,0,0,0
2021-05-17,56.81,0,43.19,303,5460883,58.72,848,5123064,55.09,0,0,0,0,0,0
2021-05-18,56.84,0,43.16,1963,5462846,58.74,4939,5128003,55.14,0,0,0,0,0,0
2021-05-19,56.87,0,43.13,2233,5465079,58.77,5042,5133045,55.2,0,0,0,0,0,0
2021-05-20,56.9,0,43.1,2312,5467391,58.79,3880,5136925,55.24,0,0,0,0,0,0
2021-05-21,56.92,0,43.08,1194,5468585,58.81,1414,5138339,55.26,0,0,0,0,0,0
2021-05-22,56.92,0,43.08,206,5468791,58.81,396,5138735,55.26,0,0,0,0,0,0
2021-05-23,56.94,0,43.06,2272,5471063,58.83,3216,5141951,55.29,0,0,0,0,0,0
2021-05-24,56.96,0,43.04,2140,5473203,58.86,3597,5145548,55.33,0,0,0,0,0,0
2021-05-25,56.99,0,43.01,1822,5475025,58.88,2588,5148136,55.36,0,0,0,0,0,0
2021-05-26,57.03,0,42.97,1415,5476440,58.89,2504,5150640,55.39,0,0,0,0,0,0
2021-05-27,57.06,0,42.94,1865,5478305,58.91,3189,5153829,55.42,0,0,0,0,0,0
2021-05-28,57.07,0,42.93,794,5479099,58.92,1406,5155235,55.44,0,0,0,0,0,0
2021-05-29,57.07,0,42.93,192,5479291,58.92,226,5155461,55.44,0,0,0,0,0,0
2021-05-30,57.1,0,42.9,1645,5480936,58.94,1937,5157398,55.46,0,0,0,0,0,0
2021-05-31,57.13,0,42.87,1740,5482676,58.96,2093,5159491,55.48,0,0,0,0,0,0
2021-06-01,57.47,0,42.53,1385,5484061,58.97,1823,5161314,55.5,0,0,0,0,0,0
2021-06-02,57.25,0,42.75,1514,5485575,58.99,1610,5162924,55.52,0,0,0,0,0,0
2021-06-03,57.27,0,42.73,1685,5487260,59.01,1495,5164419,55.54,0,0,0,0,0,0
2021-06-04,57.28,0,42.72,1102,5488362,59.02,784,5165203,55.54,0,0,0,0,0,0
2021-06-05,57.29,0,42.71,184,5488546,59.02,159,5165362,55.55,0,0,0,0,0,0
2021-06-06,57.31,0,42.69,4293,5492839,59.07,1002,5166364,55.56,0,0,0,0,0,0
2021-06-07,57.34,0,42.66,4440,5497279,59.11,814,5167178,55.57,0,0,0,0,0,0
2021-06-08,57.36,0,42.64,3739,5501018,59.16,1175,5168353,55.58,0,0,0,0,0,0
2021-06-09,57.4,0,42.6,3615,5504633,59.19,1331,5169684,55.59,0,0,0,0,0,0
2021-06-10,57.42,0,42.58,3364,5507997,59.23,1300,5170984,55.61,0,0,0,0,0,0
2021-06-11,57.43,0,42.57,1401,5509398,59.25,590,5171574,55.61,0,0,0,0,0,0
2021-06-12,57.43,0,42.57,222,5509620,59.25,173,5171747,55.61,0,0,0,0,0,0
2021-06-13,57.45,0,42.55,3101,5512721,59.28,1260,5173007,55.63,0,0,0,0,0,0
2021-06-14,57.46,0,42.54,3057,5515778,59.31,1534,5174541,55.64,0,0,0,0,0,0
2021-06-15,57.48,0,42.52,3138,5518916,59.35,1378,5175919,55.66,0,0,0,0,0,0
2021-06-16,57.49,0,42.51,2734,5521650,59.38,1004,5176923,55.67,0,0,0,0,0,0
2021-06-17,57.51,0,42.49,2733,5524383,59.41,1209,5178132,55.68,0,0,0,0,0,0
2021-06-18,57.52,0,42.48,1270,5525653,59.42,506,5178638,55.69,0,0,0,0,0,0
2021-06-19,57.52,0,42.48,242,5525895,59.42,139,5178777,55.69,0,0,0,0,0,0
2021-06-20,57.54,0,42.46,3316,5529211,59.46,1332,5180109,55.7,0,0,0,0,0,0
2021-06-21,57.56,0,42.44,5250,5534461,59.51,1218,5181327,55.72,0,0,0,0,0,0
2021-06-22,57.58,0,42.42,6935,5541396,59.59,1101,5182428,55.73,0,0,0,0,0,0
2021-06-23,57.6,0,42.4,10762,5552158,59.71,1303,5183731,55.74,0,0,0,0,0,0
2021-06-24,57.62,0,42.38,12051,5564209,59.83,1466,5185197,55.76,0,0,0,0,0,0
2021-06-25,57.62,0,42.38,7117,5571326,59.91,945,5186142,55.77,0,0,0,0,0,0
2021-06-26,57.63,0,42.37,2278,5573604,59.94,200,5186342,55.77,0,0,0,0,0,0
2021-06-27,57.65,0,42.35,13633,5587237,60.08,3438,5189780,55.81,0,0,0,0,0,0
2021-06-28,57.68,0,42.32,14518,5601755,60.24,3675,5193455,55.85,0,0,0,0,0,0
2021-06-29,57.69,0,42.31,16711,5618466,60.42,3745,5197200,55.89,0,0,0,0,0,0
2021-06-30,57.72,0,42.28,16487,5634953,60.6,3397,5200597,55.92,0,0,0,0,0,0
2021-07-01,57.78,0,42.22,16837,5651790,60.78,3381,5203978,55.96,121,121,0,0,0,0
2021-07-02,57.79,0,42.21,9836,5661626,60.88,1609,5205587,55.98,7,128,0,0,0,0
2021-07-03,57.79,0,42.21,2678,5664304,60.91,300,5205887,55.98,1,129,0,0,0,0
2021-07-04,57.85,0,42.15,17735,5682039,61.1,3161,5209048,56.02,2,131,0,0,0,0
2021-07-05,57.91,0,42.09,17850,5699889,61.29,3046,5212094,56.05,7,138,0,0,0,0
2021-07-06,57.99,0,42.01,17848,5717737,61.49,3412,5215506,56.08,11,149,0,0,0,0
2021-07-07,58.05,0,41.95,15533,5733270,61.65,2703,5218209,56.11,12,161,0,0,0,0
2021-07-08,58.12,0,41.88,16590,5749860,61.83,2881,5221090,56.15,17,178,0,0,0,0
2021-07-09,58.15,0,41.85,11125,5760985,61.95,1536,5222626,56.16,4,182,0,0,0,0
2021-07-10,58.15,0,41.85,4989,5765974,62,391,5223017,56.17,6,188,0,0,0,0
2021-07-11,58.22,0,41.78,1456,5767430,62.02,2847,5225864,56.2,9,197,0,0,0,0
2021-07-12,58.29,0,41.71,2427,5769857,62.05,3696,5229560,56.24,57,254,0,0,0,0
2021-07-13,58.36,0,41.64,2965,5772822,62.08,5460,5235020,56.29,124,378,0,0,0,0
2021-07-14,58.42,0,41.58,2747,5775569,62.11,7536,5242556,56.38,441,819,0.01,0,0,0
2021-07-15,58.5,0,41.5,3010,5778579,62.14,9302,5251858,56.48,374,1193,0.01,0,0,0
2021-07-16,58.54,0,41.46,1296,5779875,62.15,5898,5257756,56.54,66,1259,0.01,0,0,0
2021-07-17,58.55,0,41.44,372,5780247,62.16,1393,5259149,56.55,8,1267,0.01,0,0,0
2021-07-18,58.6,0,41.4,2074,5782321,62.18,9770,5268919,56.66,235,1502,0.02,0,0,0
2021-07-19,58.65,0,41.35,3212,5785533,62.21,11346,5280265,56.78,461,1963,0.02,0,0,0
2021-07-20,58.72,0,41.28,2690,5788223,62.24,11914,5292179,56.91,374,2337,0.03,0,0,0
2021-07-21,58.81,0,41.19,2408,5790631,62.27,11880,5304059,57.04,325,2662,0.03,0,0,0
2021-07-22,58.93,0,41.07,2878,5793509,62.3,13280,5317339,57.18,391,3053,0.03,0,0,0
2021-07-23,58.99,0,41.01,2038,5795547,62.32,8250,5325589,57.27,106,3159,0.03,0,0,0
2021-07-24,58.99,0,41,645,5796192,62.33,1486,5327075,57.28,7,3166,0.03,0,0,0
2021-07-25,59.1,0,40.89,4416,5800608,62.38,15499,5342574,57.45,223,3389,0.04,0,0,0
2021-07-26,59.24,0,40.75,5173,5805781,62.43,13533,5356107,57.6,325,3714,0.04,0,0,0
2021-07-27,59.37,0.01,40.62,5493,5811274,62.49,13579,5369686,57.74,414,4128,0.04,0,0,0
2021-07-28,59.5,0.01,40.49,3990,5815264,62.53,12345,5382031,57.88,472,4600,0.05,0,0,0
2021-07-29,59.65,0.01,40.33,4665,5819929,62.58,14203,5396234,58.03,532,5132,0.06,0,0,0
2021-07-30,59.74,0.02,40.25,2658,5822587,62.61,10856,5407090,58.15,4122,9254,0.1,0,0,0
2021-07-31,59.75,0.02,40.23,1407,5823994,62.63,3554,5410644,58.18,6159,15413,0.17,0,0,0
2021-08-01,59.91,0.02,40.06,3078,5827072,62.66,3366,5414010,58.22,31048,46461,0.5,0,0,0
2021-08-02,60.06,0.03,39.91,3134,5830206,62.7,3176,5417186,58.25,58514,104975,1.13,0,0,0
2021-08-03,60.21,0.03,39.76,3386,5833592,62.73,3330,5420516,58.29,78954,183929,1.98,0,0,0
2021-08-04,60.34,0.03,39.63,3534,5837126,62.77,3255,5423771,58.32,80765,264694,2.85,0,0,0
2021-08-05,60.49,0.04,39.47,4515,5841641,62.82,3570,5427341,58.36,88442,353136,3.8,0,0,0
2021-08-06,60.6,0.04,39.36,2437,5844078,62.84,1863,5429204,58.38,44744,397880,4.28,0,0,0
2021-08-07,60.63,0.04,39.32,1034,5845112,62.86,701,5429905,58.39,27353,425233,4.57,0,0,0
2021-08-08,60.68,0.04,39.28,4991,5850103,62.91,3082,5432987,58.42,80087,505320,5.43,0,0,0
2021-08-09,60.72,0.04,39.24,5341,5855444,62.97,3064,5436051,58.46,76489,581809,6.26,0,0,0
2021-08-10,60.75,0.04,39.2,5554,5860998,63.03,3208,5439259,58.49,75427,657236,7.07,0,0,0
2021-08-11,60.79,0.04,39.17,5696,5866694,63.09,2949,5442208,58.52,62642,719878,7.74,0,0,0
2021-08-12,60.83,0.04,39.12,7039,5873733,63.16,3291,5445499,58.56,59462,779340,8.38,0,0,0
2021-08-13,60.84,0.05,39.11,3821,5877554,63.2,2074,5447573,58.58,43870,823210,8.85,0,0,0
2021-08-14,60.85,0.05,39.1,2255,5879809,63.23,853,5448426,58.59,44486,867696,9.33,0,0,0
2021-08-15,60.89,0.05,39.06,7145,5886954,63.31,4530,5452956,58.64,97985,965681,10.38,0,0,0
2021-08-16,60.92,0.04,39.03,6991,5893945,63.38,4749,5457705,58.69,89522,1055203,11.35,0,0,0
2021-08-17,60.96,0.04,39,7573,5901518,63.46,5138,5462843,58.74,83320,1138523,12.24,0,0,0
2021-08-18,60.99,0.04,38.96,8642,5910160,63.55,4603,5467446,58.79,69269,1207792,12.99,0,0,0
2021-08-19,61.03,0.04,38.92,10082,5920242,63.66,5218,5472664,58.85,65976,1273768,13.7,0,0,0
2021-08-20,61.05,0.05,38.9,4768,5925010,63.71,2827,5475491,58.88,60454,1334222,14.35,0,0,0
2021-08-21,61.06,0.05,38.89,3499,5928509,63.75,1580,5477071,58.9,50725,1384947,14.89,0,0,0
2021-08-22,61.12,0.04,38.84,9824,5938333,63.86,4808,5481879,58.95,105112,1490059,16.02,0,0,0
2021-08-23,61.17,0.04,38.79,10923,5949256,63.98,4448,5486327,59,94034,1584093,17.03,0,0,0
2021-08-24,61.23,0.04,38.73,11724,5960980,64.1,4702,5491029,59.05,98557,1682650,18.09,0,0,0
2021-08-25,61.29,0.04,38.67,9612,5970592,64.2,4484,5495513,59.1,99558,1782208,19.16,0,0,0
2021-08-26,61.36,0.03,38.61,10110,5980702,64.31,5059,5500572,59.15,101231,1883439,20.25,0,0,0
2021-08-27,61.35,0.04,38.61,4325,5985027,64.36,2788,5503360,59.18,56696,1940135,20.86,0,0,0
2021-08-28,61.4,0.04,38.57,3702,5988729,64.4,1500,5504860,59.2,33540,1973675,21.22,0,0,0
2021-08-29,61.46,0.03,38.5,10323,5999052,64.51,5932,5510792,59.26,79550,2053225,22.08,0,0,0
2021-08-30,61.53,0.03,38.44,12334,6011386,64.64,7017,5517809,59.34,116009,2169234,23.33,0,0,0
2021-08-31,61.6,0.03,38.37,12076,6023462,64.77,6529,5524338,59.41,114881,2284115,24.56,0,0,0
2021-09-01,61.43,0.03,38.54,9034,6032496,64.87,6043,5530381,59.47,112492,2396607,25.77,0,0,0
2021-09-02,61.49,0.03,38.48,8784,6041280,64.96,7183,5537564,59.55,111545,2508152,26.97,0,0,0
2021-09-03,61.56,0.03,38.42,3751,6045031,65.01,4116,5541680,59.59,58886,2567038,27.6,0,0,0
2021-09-04,61.59,0.03,38.38,2691,6047722,65.03,2023,5543703,59.61,29953,2596991,27.93,0,0,0
2021-09-05,61.68,0.03,38.29,6991,6054713,65.11,6460,5550163,59.68,73326,2670317,28.72,0,0,0
2021-09-06,61.77,0.03,38.2,2836,6057549,65.14,2718,5552881,59.71,22800,2693117,28.96,0,0,0
2021-09-07,61.85,0.03,38.12,1202,6058751,65.15,879,5553760,59.72,5398,2698515,29.02,0,0,0
2021-09-08,61.93,0.03,38.05,1380,6060131,65.17,1196,5554956,59.74,6621,2705136,29.09,0,0,0
2021-09-09,62.02,0.03,37.95,7093,6067224,65.24,12573,5567529,59.87,73845,2778981,29.88,0,0,0
2021-09-10,62.06,0.03,37.91,3258,6070482,65.28,5016,5572545,59.92,37938,2816919,30.29,0,0,0
2021-09-11,62.08,0.03,37.89,2108,6072590,65.3,2509,5575054,59.95,14817,2831736,30.45,0,0,0
2021-09-12,62.16,0.03,37.81,6106,6078696,65.37,8589,5583643,60.04,54136,2885872,31.03,0,0,0
2021-09-13,62.15,0.03,37.82,5611,6084307,65.43,8265,5591908,60.13,47983,2933855,31.55,0,0,0
2021-09-14,62.2,0.03,37.77,4964,6089271,65.48,7424,5599332,60.21,48855,2982710,32.07,0,0,0
2021-09-15,62.25,0.03,37.72,1750,6091021,65.5,2718,5602050,60.24,16687,2999397,32.25,0,0,0
2021-09-16,62.37,0.03,37.6,343,6091364,65.5,550,5602600,60.25,1740,3001137,32.27,0,0,0
2021-09-17,62.42,0.03,37.54,3683,6095047,65.54,7022,5609622,60.32,42905,3044042,32.73,0,0,0
2021-09-18,62.45,0.03,37.52,2258,6097305,65.57,2946,5612568,60.35,12783,3056825,32.87,0,0,0
2021-09-19,62.55,0.03,37.42,5943,6103248,65.63,10712,5623280,60.47,44331,3101156,33.35,0,0,0
2021-09-20,62.63,0.03,37.34,3246,6106494,65.67,4646,5627926,60.52,16708,3117864,33.53,0,0,0
2021-09-21,62.69,0.03,37.28,1340,6107834,65.68,2066,5629992,60.54,3477,3121341,33.57,0,0,0
2021-09-22,62.72,0.03,37.25,4260,6112094,65.73,7250,5637242,60.62,25072,3146413,33.84,0,0,0
2021-09-23,62.75,0.03,37.22,4391,6116485,65.77,5916,5643158,60.68,27834,3174247,34.13,0,0,0
2021-09-24,62.82,0.03,37.15,3202,6119687,65.81,4185,5647343,60.73,27723,3201970,34.43,0,0,0
2021-09-25,62.85,0.03,37.12,2081,6121768,65.83,2263,5649606,60.75,10443,3212413,34.54,0,0,0
2021-09-26,62.96,0.03,37,5605,6127373,65.89,5973,5655579,60.82,36270,3248683,34.93,0,0,0
2021-09-27,63.02,0.03,36.94,4696,6132069,65.94,4469,5660048,60.87,30457,3279140,35.26,0,0,0
2021-09-28,63.06,0.04,36.91,1473,6133542,65.96,1185,5661233,60.88,6249,3285389,35.33,0,0,0
2021-09-29,63.13,0.03,36.84,9622,6143164,66.06,8349,5669582,60.97,60325,3345714,35.98,0,0,0
2021-09-30,63.18,0.03,36.79,10976,6154140,66.18,8579,5678161,61.06,79703,3425417,36.84,0,0,0
2021-10-01,63.23,0.03,36.73,5128,6159268,66.23,3875,5682036,61.1,46546,3471963,37.34,0,0,0
2021-10-02,63.26,0.03,36.71,2865,6162133,66.26,2127,5684163,61.12,22433,3494396,37.58,0,0,0
2021-10-03,63.35,0.03,36.62,11668,6173801,66.39,7275,5691438,61.2,70726,3565122,38.34,0,0,0
2021-10-04,63.4,0.03,36.57,10320,6184121,66.5,6759,5698197,61.28,51913,3617035,38.9,0,0,0
2021-10-05,63.41,0.03,36.55,8461,6192582,66.59,5314,5703511,61.33,40479,3657514,39.33,0,0,0
2021-10-06,63.52,0.03,36.45,7543,6200125,66.67,4185,5707696,61.38,34150,3691664,39.7,0,0,0
2021-10-07,63.63,0.03,36.34,6896,6207021,66.75,4010,5711706,61.42,34069,3725733,40.06,0,0,0
2021-10-08,63.68,0.03,36.29,3086,6210107,66.78,2644,5714350,61.45,19250,3744983,40.27,0,0,0
2021-10-09,63.71,0.03,36.26,1341,6211448,66.79,1444,5715794,61.46,7441,3752424,40.35,0,0,0
2021-10-10,63.82,0.04,36.14,4677,6216125,66.85,3748,5719542,61.51,21519,3773943,40.58,0,0,0
2021-10-11,63.91,0.04,36.05,4299,6220424,66.89,2946,5722488,61.54,17269,3791212,40.77,0,0,0
2021-10-12,63.99,0.05,35.96,3977,6224401,66.93,3007,5725495,61.57,15357,3806569,40.93,0,0,0
2021-10-13,64.09,0.05,35.86,3487,6227888,66.97,2451,5727946,61.6,13587,3820156,41.08,0,0,0
2021-10-14,64.19,0.06,35.75,3870,6231758,67.01,2685,5730631,61.62,16568,3836724,41.26,0,0,0
2021-10-15,64.23,0.07,35.7,1703,6233461,67.03,1685,5732316,61.64,9011,3845735,41.36,0,0,0
2021-10-16,64.25,0.08,35.67,729,6234190,67.04,957,5733273,61.65,4035,3849770,41.4,0,0,0
2021-10-17,64.36,0.09,35.56,3090,6237280,67.07,2526,5735799,61.68,12798,3862568,41.54,0,0,0
2021-10-18,64.43,0.1,35.47,2460,6239740,67.1,1693,5737492,61.7,10069,3872637,41.64,0,0,0
2021-10-19,64.49,0.1,35.4,2399,6242139,67.12,1284,5738776,61.71,9294,3881931,41.74,0,0,0
2021-10-20,64.14,0.52,35.34,2436,6244575,67.15,2304,5741080,61.74,10103,3892034,41.85,0,0,0
2021-10-21,54.23,10.41,35.36,3034,6247609,67.18,3097,5744177,61.77,12163,3904197,41.98,0,0,0
2021-10-22,54.36,10.26,35.38,1279,6248888,67.2,1437,5745614,61.79,5840,3910037,42.05,0,0,0
2021-10-23,54.42,10.19,35.39,575,6249463,67.2,1266,5746880,61.8,2564,3912601,42.07,0,0,0
2021-10-24,54.22,10.43,35.35,2518,6251981,67.23,2653,5749533,61.83,9855,3922456,42.18,0,0,0
2021-10-25,54.59,10.22,35.19,2639,6254620,67.26,2752,5752285,61.86,8511,3930967,42.27,0,0,0
2021-10-26,54.64,10.26,35.1,2381,6257001,67.28,2059,5754344,61.88,8529,3939496,42.36,0,0,0
2021-10-27,54.58,10.37,35.06,2292,6259293,67.31,2566,5756910,61.91,7959,3947455,42.45,0,0,0
2021-10-28,54.69,10.76,34.55,2505,6261798,67.34,2782,5759692,61.94,8675,3956130,42.54,0,0,0
2021-10-29,54.73,10.75,34.52,901,6262699,67.35,1154,5760846,61.95,4138,3960268,42.59,0,0,0
2021-10-30,54.68,10.81,34.52,366,6263065,67.35,530,5761376,61.96,1712,3961980,42.61,0,0,0
2021-10-31,54.83,10.7,34.47,2262,6265327,67.37,2495,5763871,61.98,8255,3970235,42.69,0,0,0
2021-11-01,54.95,10.63,34.42,1737,6267064,67.39,2094,5765965,62,6480,3976715,42.76,0,0,0
2021-11-02,54.89,10.69,34.42,2026,6269090,67.41,2050,5768015,62.03,6296,3983011,42.83,0,0,0
2021-11-03,54.86,10.75,34.39,1764,6270854,67.43,1897,5769912,62.05,5556,3988567,42.89,0,0,0
2021-11-04,54.85,10.81,34.33,2111,6272965,67.46,2802,5772714,62.08,7133,3995700,42.97,0,0,0
2021-11-05,54.85,10.83,34.32,790,6273755,67.46,906,5773620,62.09,3488,3999188,43.01,0,0,0
2021-11-06,54.82,10.86,34.32,347,6274102,67.47,389,5774009,62.09,1375,4000563,43.02,0,0,0
2021-11-07,54.92,10.8,34.28,1578,6275680,67.49,1770,5775779,62.11,6134,4006697,43.09,0,0,0
2021-11-08,55.01,10.75,34.24,1520,6277200,67.5,1603,5777382,62.13,5406,4012103,43.14,0,0,0
2021-11-09,55.05,10.74,34.21,1429,6278629,67.52,1611,5778993,62.14,5332,4017435,43.2,0,0,0
2021-11-10,55.08,10.73,34.19,1424,6280053,67.53,1662,5780655,62.16,4779,4022214,43.25,0,0,0
2021-11-11,55.15,10.69,34.15,1628,6281681,67.55,1947,5782602,62.18,5719,4027933,43.31,0,0,0
2021-11-12,55.17,10.69,34.14,637,6282318,67.56,826,5783428,62.19,2925,4030858,43.35,0,0,0
2021-11-13,55.14,10.72,34.14,258,6282576,67.56,290,5783718,62.2,1130,4031988,43.36,0,0,0
2021-11-14,55.21,10.68,34.11,1536,6284112,67.58,1639,5785357,62.21,5111,4037099,43.41,0,0,0
2021-11-15,55.28,10.63,34.09,1275,6285387,67.59,1627,5786984,62.23,4770,4041869,43.46,0,0,0
2021-11-16,55.32,10.62,34.07,1275,6286662,67.6,1419,5788403,62.25,4349,4046218,43.51,0,0,0
2021-11-17,55.35,10.6,34.05,1208,6287870,67.62,1567,5789970,62.26,3915,4050133,43.55,0,0,0
2021-11-18,55.41,10.58,34.02,1364,6289234,67.63,1693,5791663,62.28,5012,4055145,43.61,0,0,0
2021-11-19,55.42,10.57,34.01,588,6289822,67.64,763,5792426,62.29,2460,4057605,43.63,0,0,0
2021-11-20,55.41,10.58,34,238,6290060,67.64,258,5792684,62.29,929,4058534,43.64,0,0,0
2021-11-21,55.47,10.54,33.98,1409,6291469,67.66,1542,5794226,62.31,4881,4063415,43.7,0,0,0
2021-11-22,55.54,10.5,33.96,1681,6293150,67.67,1523,5795749,62.32,4238,4067653,43.74,0,0,0
2021-11-23,55.57,10.48,33.95,8616,6301766,67.77,1688,5797437,62.34,4012,4071665,43.78,0,0,0
2021-11-24,55.6,10.44,33.95,9348,6311114,67.87,1319,5798756,62.36,3924,4075589,43.83,0,0,0
2021-11-25,55.64,10.43,33.93,9808,6320922,67.97,1600,5800356,62.37,4841,4080430,43.88,0,0,0
2021-11-26,55.63,10.45,33.92,5610,6326532,68.03,748,5801104,62.38,2806,4083236,43.91,0,0,0
2021-11-27,55.62,10.46,33.92,4776,6331308,68.08,324,5801428,62.39,1164,4084400,43.92,0,0,0
2021-11-28,55.67,10.43,33.9,10145,6341453,68.19,1481,5802909,62.4,4905,4089305,43.97,0,0,0
2021-11-29,55.73,10.39,33.88,9043,6350496,68.29,1134,5804043,62.41,4376,4093681,44.02,0,0,0
2021-11-30,55.77,10.37,33.86,10043,6360539,68.4,1038,5805081,62.42,4084,4097765,44.07,0,0,0
2021-12-01,55.79,10.36,33.84,8630,6369169,68.49,1097,5806178,62.44,4444,4102209,44.11,5,5,0
2021-12-02,55.84,10.34,33.82,9173,6378342,68.59,1456,5807634,62.45,5125,4107334,44.17,6,11,0
2021-12-03,55.86,10.33,33.81,6329,6384671,68.66,673,5808307,62.46,2868,4110202,44.2,1,12,0
2021-12-04,55.85,10.34,33.81,2509,6387180,68.68,239,5808546,62.46,926,4111128,44.21,3,15,0
2021-12-05,55.9,10.31,33.79,8334,6395514,68.77,1254,5809800,62.48,4683,4115811,44.26,1,16,0
2021-12-06,55.95,10.27,33.78,6720,6402234,68.85,1200,5811000,62.49,4351,4120162,44.31,4,20,0
2021-12-07,55.99,10.25,33.76,5553,6407787,68.91,1506,5812506,62.5,3966,4124128,44.35,9,29,0
2021-12-08,56.03,10.22,33.75,4935,6412722,68.96,1200,5813706,62.52,3885,4128013,44.39,10,39,0
2021-12-09,56.08,10.19,33.73,6239,6418961,69.03,1241,5814947,62.53,4508,4132521,44.44,8,47,0
2021-12-10,56.1,10.18,33.72,3006,6421967,69.06,704,5815651,62.54,2687,4135208,44.47,4,51,0
2021-12-11,56.1,10.18,33.71,1491,6423458,69.07,255,5815906,62.54,1021,4136229,44.48,0,51,0
2021-12-12,56.16,10.15,33.69,7274,6430732,69.15,1444,5817350,62.56,5248,4141477,44.54,3,54,0
2021-12-13,56.21,10.11,33.67,6180,6436912,69.22,1377,5818727,62.57,4351,4145828,44.58,5,59,0
2021-12-14,56.27,10.09,33.65,7316,6444228,69.3,6098,5824825,62.64,4941,4150769,44.64,12,71,0
2021-12-15,56.34,10.06,33.6,7204,6451432,69.38,7404,5832229,62.72,5446,4156215,44.69,7,78,0
2021-12-16,56.53,10.05,33.42,8079,6459511,69.46,8609,5840838,62.81,6564,4162779,44.76,8,86,0
2021-12-17,56.64,10.05,33.3,4406,6463917,69.51,5141,5845979,62.86,3954,4166733,44.81,3,89,0
2021-12-18,56.73,10.07,33.2,3941,6467858,69.55,2913,5848892,62.9,1361,4168094,44.82,2,91,0
2021-12-19,56.92,10.04,33.04,6978,6474836,69.63,9328,5858220,63,6276,4174370,44.89,6,97,0
2021-12-20,57.07,10.02,32.91,7972,6482808,69.71,7519,5865739,63.08,5447,4179817,44.95,9,106,0
2021-12-21,57.27,10.01,32.71,9548,6492356,69.82,8647,5874386,63.17,6492,4186309,45.02,8,114,0
2021-12-22,57.49,10,32.52,9663,6502019,69.92,8151,5882537,63.26,6255,4192564,45.08,12,126,0
2021-12-23,57.7,9.97,32.33,11539,6513558,70.04,10261,5892798,63.37,8160,4200724,45.17,16,142,0
2021-12-24,57.83,9.96,32.21,5875,6519433,70.11,6241,5899039,63.44,5281,4206005,45.23,12,154,0
2021-12-25,57.9,9.96,32.15,3338,6522771,70.14,2566,5901605,63.46,2021,4208026,45.25,6,160,0
2021-12-26,58.1,9.92,31.98,10652,6533423,70.26,8908,5910513,63.56,8201,4216227,45.34,8,168,0
2021-12-27,58.27,9.9,31.83,10370,6543793,70.37,7142,5917655,63.64,8188,4224415,45.43,23,191,0
2021-12-28,58.46,9.88,31.66,11375,6555168,70.49,7451,5925106,63.72,9643,4234058,45.53,26,217,0
2021-12-29,58.64,9.85,31.51,9933,6565101,70.6,5964,5931070,63.78,8376,4242434,45.62,21,238,0
2021-12-30,58.84,9.82,31.34,11012,6576113,70.72,7735,5938805,63.86,12240,4254674,45.75,10,248,0
2021-12-31,58.9,9.79,31.3,4829,6580942,70.77,3672,5942477,63.9,7296,4261970,45.83,135,383,0
2022-01-01,58.93,9.79,31.28,1993,6582935,70.79,1592,5944069,63.92,2741,4264711,45.86,66,449,0
2022-01-02,59.14,9.76,31.1,10216,6593151,70.9,6487,5950556,63.99,13002,4277713,46,590,1039,0.01
2022-01-03,59.29,9.71,31,9384,6602535,71,5259,5955815,64.05,11342,4289055,46.12,25055,26094,0.28
2022-01-04,59.46,9.68,30.86,8964,6611499,71.1,5948,5961763,64.11,10525,4299580,46.24,50660,76754,0.83
2022-01-05,59.56,9.65,30.79,8552,6620051,71.19,5739,5967502,64.17,10494,4310074,46.35,59592,136346,1.47
2022-01-06,59.81,9.63,30.56,10339,6630390,71.3,7959,5975461,64.26,13531,4323605,46.49,64002,200348,2.15
2022-01-07,59.89,9.61,30.49,4759,6635149,71.35,4557,5980018,64.31,8166,4331771,46.58,31135,231483,2.49
2022-01-08,59.9,9.64,30.46,2749,6637898,71.38,2451,5982469,64.33,5501,4337272,46.64,27632,259115,2.79
2022-01-09,60.06,9.59,30.35,9305,6647203,71.48,7724,5990193,64.42,11871,4349143,46.77,66766,325881,3.5
2022-01-10,60.21,9.54,30.25,8347,6655550,71.57,7646,5997839,64.5,11884,4361027,46.9,64780,390661,4.2
2022-01-11,60.38,9.49,30.13,8099,6663649,71.66,8621,6006460,64.59,11974,4373001,47.03,56660,447321,4.81
2022-01-12,60.51,9.45,30.04,7275,6670924,71.74,8305,6014765,64.68,11114,4384115,47.14,44632,491953,5.29
2022-01-13,60.7,9.35,29.94,7509,6678433,71.82,9618,6024383,64.78,11547,4395662,47.27,34768,526721,5.66
2022-01-14,60.79,9.31,29.9,2554,6680987,71.84,4935,6029318,64.84,6146,4401808,47.33,11142,537863,5.78
2022-01-15,60.83,9.29,29.87,1469,6682456,71.86,3170,6032488,64.87,3884,4405692,47.38,5716,543579,5.85
2022-01-16,60.97,9.2,29.82,3817,6686273,71.9,8524,6041012,64.96,7682,4413374,47.46,19993,563572,6.06
2022-01-17,61.09,9.13,29.78,2808,6689081,71.93,7047,6048059,65.04,6173,4419547,47.53,17833,581405,6.25
2022-01-18,61.23,9.07,29.7,2475,6691556,71.96,7386,6055445,65.12,5535,4425082,47.59,14817,596222,6.41
2022-01-19,61.37,8.98,29.65,1915,6693471,71.98,6369,6061814,65.19,4522,4429604,47.63,8461,604683,6.5
2022-01-20,61.44,8.85,29.71,1777,6695248,72,6971,6068785,65.26,4793,4434397,47.69,8041,612724,6.59
2022-01-21,61.51,8.81,29.68,905,6696153,72.01,3725,6072510,65.3,2646,4437043,47.71,3358,616082,6.63
2022-01-22,61.51,8.75,29.74,328,6696481,72.01,1462,6073972,65.32,1067,4438110,47.73,1113,617195,6.64
2022-01-23,61.61,8.7,29.69,1068,6697549,72.02,5632,6079604,65.38,2879,4440989,47.76,6083,623278,6.7
2022-01-24,61.73,8.62,29.65,759,6698308,72.03,4481,6084085,65.43,2270,4443259,47.78,5057,628335,6.76
2022-01-25,61.9,8.51,29.59,744,6699052,72.04,4401,6088486,65.47,2187,4445446,47.8,7102,635437,6.83
2022-01-26,62.02,8.42,29.57,615,6699667,72.04,3285,6091771,65.51,1612,4447058,47.82,4262,639699,6.88
2022-01-27,62.12,8.35,29.52,797,6700464,72.05,4405,6096176,65.56,2006,4449064,47.84,5441,645140,6.94
2022-01-28,62.16,8.33,29.5,397,6700861,72.06,2376,6098552,65.58,1182,4450246,47.86,3452,648592,6.97
2022-01-29,62.23,8.29,29.48,124,6700985,72.06,1046,6099598,65.59,425,4450671,47.86,1162,649754,6.99
2022-01-30,62.3,8.24,29.46,769,6701754,72.07,4719,6104317,65.64,2020,4452691,47.88,8099,657853,7.07
2022-01-31,62.39,8.17,29.43,528,6702282,72.07,3183,6107500,65.68,1610,4454301,47.9,6472,664325,7.14
2022-02-01,62.45,8.15,29.4,482,6702764,72.08,2809,6110309,65.71,1526,4455827,47.92,5722,670047,7.21
2022-02-02,62.28,8.13,29.59,375,6703139,72.08,2394,6112703,65.73,1386,4457213,47.93,5073,675120,7.26
2022-02-03,62.34,8.08,29.57,446,6703585,72.09,2776,6115479,65.76,1462,4458675,47.95,5607,680727,7.32
2022-02-04,62.37,8.06,29.57,174,6703759,72.09,991,6116470,65.77,757,4459432,47.95,2455,683182,7.35
2022-02-05,62.34,8.09,29.56,62,6703821,72.09,342,6116812,65.78,221,4459653,47.96,420,683602,7.35
2022-02-06,62.41,8.05,29.55,407,6704228,72.09,2320,6119132,65.8,1344,4460997,47.97,5687,689289,7.41
2022-02-07,62.47,8.01,29.52,283,6704511,72.1,1308,6120440,65.82,983,4461980,47.98,5960,695249,7.48
2022-02-08,62.54,7.97,29.49,317,6704828,72.1,1498,6121938,65.83,1068,4463048,47.99,6138,701387,7.54
2022-02-09,62.6,7.95,29.45,254,6705082,72.1,1102,6123040,65.84,946,4463994,48,4570,705957,7.59
2022-02-10,62.63,7.93,29.44,273,6705355,72.11,1292,6124332,65.86,936,4464930,48.01,4815,710772,7.64
2022-02-11,62.67,7.91,29.42,211,6705566,72.11,557,6124889,65.86,518,4465448,48.02,2540,713312,7.67
2022-02-12,62.67,7.91,29.41,32,6705598,72.11,91,6124980,65.86,136,4465584,48.02,269,713581,7.67
2022-02-13,62.73,7.87,29.39,286,6705884,72.11,946,6125926,65.88,966,4466550,48.03,4998,718579,7.73
2022-02-14,62.89,7.74,29.36,179,6706063,72.11,628,6126554,65.88,760,4467310,48.04,3143,721722,7.76
2022-02-15,62.92,7.73,29.35,266,6706329,72.12,763,6127317,65.89,938,4468248,48.05,3819,725541,7.8
2022-02-16,62.95,7.72,29.34,179,6706508,72.12,577,6127894,65.9,803,4469051,48.06,2488,728029,7.83
2022-02-17,62.96,7.7,29.34,247,6706755,72.12,740,6128634,65.9,775,4469826,48.07,3061,731090,7.86
2022-02-18,62.98,7.69,29.33,130,6706885,72.12,343,6128977,65.91,439,4470265,48.07,1119,732209,7.87
2022-02-19,62.99,7.69,29.32,33,6706918,72.12,84,6129061,65.91,82,4470347,48.07,80,732289,7.87
2022-02-20,63.01,7.67,29.32,204,6707122,72.13,604,6129665,65.92,723,4471070,48.08,2574,734863,7.9
2022-02-21,63.04,7.65,29.31,173,6707295,72.13,413,6130078,65.92,490,4471560,48.09,1542,736405,7.92
2022-02-22,63.05,7.65,29.3,158,6707453,72.13,455,6130533,65.92,570,4472130,48.09,1871,738276,7.94
2022-02-23,63.06,7.65,29.29,109,6707562,72.13,353,6130886,65.93,453,4472583,48.1,1153,739429,7.95
2022-02-24,63.05,7.66,29.29,138,6707700,72.13,463,6131349,65.93,568,4473151,48.1,1493,740922,7.97
2022-02-25,63.06,7.66,29.28,59,6707759,72.13,144,6131493,65.94,193,4473344,48.1,456,741378,7.97
2022-02-26,63.05,7.67,29.28,17,6707776,72.13,28,6131521,65.94,161,4473505,48.11,35,741413,7.97
2022-02-27,63.05,7.67,29.28,112,6707888,72.13,341,6131862,65.94,448,4473953,48.11,1119,742532,7.98
2022-02-28,63.07,7.65,29.28,108,6707996,72.13,271,6132133,65.94,424,4474377,48.12,908,743440,7.99
2022-03-01,63.1,7.63,29.27,97,6708093,72.14,280,6132413,65.94,373,4474750,48.12,797,744237,8
2022-03-02,63.11,7.62,29.27,77,6708170,72.14,199,6132612,65.95,324,4475074,48.12,698,744935,8.01
2022-03-03,63.05,7.67,29.27,157,6708327,72.14,371,6132983,65.95,498,4475572,48.13,987,745922,8.02
2022-03-04,63.05,7.68,29.27,53,6708380,72.14,170,6133153,65.95,170,4475742,48.13,228,746150,8.02
2022-03-05,63.04,7.69,29.27,5,6708385,72.14,25,6133178,65.95,44,4475786,48.13,32,746182,8.02
2022-03-06,63.04,7.69,29.27,98,6708483,72.14,259,6133437,65.96,417,4476203,48.13,760,746942,8.03
2022-03-07,63.05,7.69,29.26,86,6708569,72.14,260,6133697,65.96,354,4476557,48.14,605,747547,8.04
2022-03-08,63.04,7.7,29.26,100,6708669,72.14,263,6133960,65.96,333,4476890,48.14,550,748097,8.04
2022-03-09,63.02,7.72,29.25,89,6708758,72.14,213,6134173,65.96,337,4477227,48.15,492,748589,8.05
2022-03-10,63.01,7.74,29.25,115,6708873,72.14,375,6134548,65.97,428,4477655,48.15,620,749209,8.06
2022-03-11,63,7.75,29.25,24,6708897,72.14,85,6134633,65.97,123,4477778,48.15,144,749353,8.06
2022-03-12,62.98,7.77,29.24,11,6708908,72.14,12,6134645,65.97,34,4477812,48.15,28,749381,8.06
2022-03-13,62.98,7.78,29.24,100,6709008,72.15,271,6134916,65.97,358,4478170,48.16,595,749976,8.06
2022-03-14,62.98,7.78,29.24,66,6709074,72.15,253,6135169,65.97,316,4478486,48.16,559,750535,8.07
2022-03-15,62.95,7.81,29.24,80,6709154,72.15,185,6135354,65.98,293,4478779,48.16,591,751126,8.08
2022-03-16,62.94,7.82,29.24,77,6709231,72.15,205,6135559,65.98,305,4479084,48.17,668,751794,8.08
2022-03-17,62.94,7.82,29.24,65,6709296,72.15,122,6135681,65.98,286,4479370,48.17,613,752407,8.09
2022-03-18,62.94,7.82,29.24,20,6709316,72.15,54,6135735,65.98,100,4479470,48.17,234,752641,8.09
2022-03-19,62.89,7.88,29.23,6,6709322,72.15,11,6135746,65.98,29,4479499,48.17,39,752680,8.09
2022-03-20,62.87,7.89,29.23,119,6709441,72.15,260,6136006,65.98,486,4479985,48.18,1431,754111,8.11
2022-03-21,62.87,7.9,29.23,97,6709538,72.15,247,6136253,65.99,379,4480364,48.18,1132,755243,8.12
2022-03-22,62.84,7.94,29.23,141,6709679,72.15,342,6136595,65.99,508,4480872,48.19,1770,757013,8.14
2022-03-23,62.81,7.97,29.22,108,6709787,72.15,212,6136807,65.99,463,4481335,48.19,1677,758690,8.16
2022-03-24,62.78,8,29.22,174,6709961,72.16,345,6137152,66,769,4482104,48.2,2363,761053,8.18
2022-03-25,62.78,8,29.23,39,6710000,72.16,82,6137234,66,159,4482263,48.2,630,761683,8.19
2022-03-26,62.77,8,29.22,12,6710012,72.16,13,6137247,66,34,4482297,48.2,91,761774,8.19
2022-03-27,62.75,8.02,29.22,167,6710179,72.16,344,6137591,66,760,4483057,48.21,3193,764967,8.23
2022-03-28,62.75,8.03,29.22,113,6710292,72.16,271,6137862,66,623,4483680,48.22,2416,767383,8.25
2022-03-29,62.7,8.07,29.22,125,6710417,72.16,258,6138120,66.01,641,4484321,48.22,2772,770155,8.28
2022-03-30,62.81,8.11,29.07,132,6710549,72.16,208,6138328,66.01,542,4484863,48.23,2370,772525,8.31
2022-03-31,62.79,8.11,29.1,166,6710715,72.16,302,6138630,66.01,730,4485593,48.24,2853,775378,8.34
2022-04-01,62.72,8.13,29.15,122,6710837,72.17,161,6138791,66.01,277,4485870,48.24,588,775966,8.34
2022-04-02,62.69,8.15,29.16,7,6710844,72.17,7,6138798,66.01,37,4485907,48.24,52,776018,8.34
2022-04-03,62.65,8.16,29.19,159,6711003,72.17,270,6139068,66.02,569,4486476,48.25,2478,778496,8.37
2022-04-04,62.62,8.16,29.22,103,6711106,72.17,208,6139276,66.02,484,4486960,48.25,2225,780721,8.4
2022-04-05,62.57,8.19,29.25,122,6711228,72.17,221,6139497,66.02,513,4487473,48.26,2243,782964,8.42
2022-04-06,62.55,8.2,29.25,91,6711319,72.17,157,6139654,66.02,382,4487855,48.26,2023,784987,8.44
2022-04-07,62.56,8.2,29.24,191,6711510,72.17,215,6139869,66.03,641,4488496,48.27,2556,787543,8.47
2022-04-08,62.54,8.22,29.23,30,6711540,72.17,61,6139930,66.03,154,4488650,48.27,482,788025,8.47
2022-04-09,62.52,8.25,29.23,6,6711546,72.17,17,6139947,66.03,28,4488678,48.27,47,788072,8.47
2022-04-10,62.51,8.26,29.23,103,6711649,72.17,264,6140211,66.03,429,4489107,48.27,1845,789917,8.49
2022-04-11,62.54,8.26,29.2,78,6711727,72.17,201,6140412,66.03,371,4489478,48.28,1425,791342,8.51
2022-04-12,62.58,8.29,29.12,204,6711931,72.18,168,6140580,66.03,376,4489854,48.28,1360,792702,8.52
2022-04-13,62.58,8.31,29.1,117,6712048,72.18,150,6140730,66.03,298,4490152,48.28,1218,793920,8.54
2022-04-14,62.57,8.33,29.1,85,6712133,72.18,221,6140951,66.04,321,4490473,48.29,1069,794989,8.55
2022-04-15,62.55,8.35,29.1,9,6712142,72.18,51,6141002,66.04,48,4490521,48.29,82,795071,8.55
2022-04-16,62.53,8.37,29.1,3,6712145,72.18,8,6141010,66.04,21,4490542,48.29,29,795100,8.55
2022-04-17,62.52,8.38,29.1,62,6712207,72.18,131,6141141,66.04,229,4490771,48.29,807,795907,8.56
2022-04-18,62.51,8.38,29.1,68,6712275,72.18,109,6141250,66.04,253,4491024,48.29,750,796657,8.57
2022-04-19,62.5,8.4,29.1,61,6712336,72.18,145,6141395,66.04,273,4491297,48.3,842,797499,8.58
2022-04-20,62.48,8.42,29.1,60,6712396,72.18,117,6141512,66.04,235,4491532,48.3,656,798155,8.58
2022-04-21,62.47,8.43,29.1,53,6712449,72.18,109,6141621,66.04,197,4491729,48.3,479,798634,8.59
2022-04-22,62.45,8.44,29.11,3,6712452,72.18,17,6141638,66.04,19,4491748,48.3,20,798654,8.59
2022-04-23,62.43,8.46,29.11,6,6712458,72.18,9,6141647,66.04,16,4491764,48.3,13,798667,8.59
2022-04-24,62.43,8.47,29.1,92,6712550,72.18,250,6141897,66.05,329,4492093,48.31,872,799539,8.6
2022-04-25,62.43,8.47,29.1,104,6712654,72.18,191,6142088,66.05,316,4492409,48.31,739,800278,8.61
2022-04-26,62.42,8.48,29.1,76,6712730,72.19,175,6142263,66.05,304,4492713,48.31,789,801067,8.61
2022-04-27,62.41,8.49,29.1,54,6712784,72.19,160,6142423,66.05,227,4492940,48.31,640,801707,8.62
2022-04-28,62.41,8.5,29.1,97,6712881,72.19,232,6142655,66.06,329,4493269,48.32,872,802579,8.63
2022-04-29,62.39,8.51,29.1,112,6712993,72.19,159,6142814,66.06,184,4493453,48.32,196,802775,8.63
2022-04-30,62.38,8.52,29.1,1,6712994,72.19,3,6142817,66.06,24,4493477,48.32,22,802797,8.63
2022-05-01,62.38,8.53,29.09,135,6713129,72.19,185,6143002,66.06,317,4493794,48.32,630,803427,8.64
2022-05-02,62.37,8.54,29.09,62,6713191,72.19,155,6143157,66.06,235,4494029,48.33,491,803918,8.64
2022-05-03,62.36,8.55,29.09,73,6713264,72.19,151,6143308,66.06,288,4494317,48.33,508,804426,8.65
2022-05-04,62.35,8.57,29.08,23,6713287,72.19,56,6143364,66.06,63,4494380,48.33,129,804555,8.65
2022-05-05,62.34,8.58,29.08,5,6713292,72.19,1,6143365,66.06,8,4494388,48.33,14,804569,8.65
2022-05-06,62.33,8.59,29.08,20,6713312,72.19,59,6143424,66.06,63,4494451,48.33,154,804723,8.65
2022-05-07,62.32,8.6,29.08,1,6713313,72.19,7,6143431,66.06,27,4494478,48.33,24,804747,8.65
2022-05-08,62.31,8.61,29.08,118,6713431,72.19,207,6143638,66.07,270,4494748,48.33,457,805204,8.66
2022-05-09,62.31,8.61,29.08,59,6713490,72.19,162,6143800,66.07,251,4494999,48.34,505,805709,8.66
2022-05-10,62.3,8.62,29.08,131,6713621,72.19,169,6143969,66.07,261,4495260,48.34,508,806217,8.67
2022-05-11,62.3,8.63,29.08,58,6713679,72.2,118,6144087,66.07,183,4495443,48.34,464,806681,8.67
2022-05-12,62.29,8.64,29.07,119,6713798,72.2,200,6144287,66.07,280,4495723,48.34,666,807347,8.68
2022-05-13,62.28,8.65,29.07,11,6713809,72.2,44,6144331,66.07,71,4495794,48.35,110,807457,8.68
2022-05-14,62.26,8.66,29.07,6,6713815,72.2,13,6144344,66.07,14,4495808,48.35,24,807481,8.68
2022-05-15,62.26,8.67,29.07,90,6713905,72.2,175,6144519,66.08,246,4496054,48.35,665,808146,8.69
2022-05-16,62.19,8.65,29.16,68,6713973,72.2,141,6144660,66.08,230,4496284,48.35,510,808656,8.7
2022-05-17,62.18,8.66,29.16,73,6714046,72.2,153,6144813,66.08,267,4496551,48.35,618,809274,8.7
2022-05-18,62.17,8.67,29.16,43,6714089,72.2,99,6144912,66.08,169,4496720,48.36,447,809721,8.71
2022-05-19,62.16,8.68,29.16,62,6714151,72.2,173,6145085,66.08,213,4496933,48.36,499,810220,8.71
2022-05-20,62.15,8.69,29.16,76,6714227,72.2,114,6145199,66.08,130,4497063,48.36,138,810358,8.71
2022-05-21,62.14,8.7,29.16,4,6714231,72.2,7,6145206,66.08,15,4497078,48.36,18,810376,8.71
2022-05-22,62.14,8.71,29.16,85,6714316,72.2,190,6145396,66.08,216,4497294,48.36,427,810803,8.72
2022-05-23,62.14,8.71,29.16,65,6714381,72.2,121,6145517,66.09,156,4497450,48.36,348,811151,8.72
2022-05-24,62.13,8.71,29.15,43,6714424,72.2,119,6145636,66.09,157,4497607,48.37,394,811545,8.73
2022-05-25,62.12,8.72,29.15,61,6714485,72.2,103,6145739,66.09,168,4497775,48.37,337,811882,8.73
2022-05-26,62.11,8.73,29.16,72,6714557,72.2,136,6145875,66.09,186,4497961,48.37,347,812229,8.73
2022-05-27,62.1,8.74,29.16,12,6714569,72.21,29,6145904,66.09,43,4498004,48.37,59,812288,8.73
2022-05-28,62.09,8.75,29.16,2,6714571,72.21,5,6145909,66.09,8,4498012,48.37,12,812300,8.74
2022-05-29,62.09,8.75,29.16,89,6714660,72.21,153,6146062,66.09,163,4498175,48.37,316,812616,8.74
2022-05-30,62.09,8.76,29.16,56,6714716,72.21,134,6146196,66.09,125,4498300,48.37,291,812907,8.74
2022-05-31,62.07,8.78,29.15,45,6714761,72.21,104,6146300,66.09,153,4498453,48.37,351,813258,8.75
2022-06-01,61.95,8.9,29.16,65,6714826,72.21,90,6146390,66.1,119,4498572,48.38,277,813535,8.75
2022-06-02,45.96,24.88,29.15,77,6714903,72.21,156,6146546,66.1,178,4498750,48.38,255,813790,8.75
2022-06-03,45.9,24.95,29.16,10,6714913,72.21,23,6146569,66.1,21,4498771,48.38,33,813823,8.75
2022-06-04,45.84,25,29.16,0,6714913,72.21,7,6146576,66.1,8,4498779,48.38,5,813828,8.75
2022-06-05,45.8,25.05,29.16,11,6714924,72.21,14,6146590,66.1,7,4498786,48.38,2,813830,8.75
2022-06-06,39.96,30.89,29.16,58,6714982,72.21,145,6146735,66.1,161,4498947,48.38,262,814092,8.75
2022-06-07,39.92,30.93,29.15,54,6715036,72.21,134,6146869,66.1,142,4499089,48.38,379,814471,8.76
2022-06-08,39.89,30.96,29.15,59,6715095,72.21,104,6146973,66.1,131,4499220,48.38,497,814968,8.76
2022-06-09,39.86,30.99,29.15,84,6715179,72.21,208,6147181,66.1,234,4499454,48.38,642,815610,8.77
2022-06-10,39.83,31.02,29.15,14,6715193,72.21,51,6147232,66.1,59,4499513,48.39,142,815752,8.77
2022-06-11,39.8,31.05,29.15,0,6715193,72.21,3,6147235,66.1,7,4499520,48.39,19,815771,8.77
2022-06-12,39.8,31.05,29.15,109,6715302,72.21,199,6147434,66.11,191,4499711,48.39,767,816538,8.78
2022-06-13,39.81,31.04,29.15,84,6715386,72.21,142,6147576,66.11,168,4499879,48.39,626,817164,8.79
2022-06-14,39.79,31.06,29.15,116,6715502,72.22,173,6147749,66.11,208,4500087,48.39,759,817923,8.8
2022-06-15,39.78,31.08,29.15,71,6715573,72.22,141,6147890,66.11,207,4500294,48.39,700,818623,8.8
2022-06-16,39.74,31.11,29.14,94,6715667,72.22,136,6148026,66.11,218,4500512,48.4,742,819365,8.81
2022-06-17,39.72,31.14,29.15,16,6715683,72.22,63,6148089,66.11,53,4500565,48.4,125,819490,8.81
2022-06-18,39.68,31.17,29.14,3,6715686,72.22,4,6148093,66.11,11,4500576,48.4,15,819505,8.81
2022-06-19,39.53,31.33,29.15,115,6715801,72.22,208,6148301,66.12,318,4500894,48.4,877,820382,8.82
2022-06-20,33.92,36.85,29.23,99,6715900,72.22,152,6148453,66.12,307,4501201,48.4,922,821304,8.83
2022-06-21,33.58,37.19,29.23,94,6715994,72.22,154,6148607,66.12,375,4501576,48.41,1229,822533,8.85
2022-06-22,33.28,37.49,29.23,110,6716104,72.22,136,6148743,66.12,339,4501915,48.41,894,823427,8.85
2022-06-23,32.84,37.92,29.23,132,6716236,72.22,217,6148960,66.12,525,4502440,48.42,1146,824573,8.87
2022-06-24,32.43,38.34,29.24,19,6716255,72.22,35,6148995,66.12,110,4502550,48.42,208,824781,8.87
2022-06-25,32.04,38.72,29.24,1,6716256,72.22,3,6148998,66.12,13,4502563,48.42,16,824797,8.87
2022-06-26,31.63,39.13,29.24,107,6716363,72.22,158,6149156,66.13,379,4502942,48.42,933,825730,8.88
2022-06-27,31.29,39.47,29.24,86,6716449,72.23,172,6149328,66.13,392,4503334,48.43,1028,826758,8.89
2022-06-28,30.86,39.91,29.24,85,6716534,72.23,151,6149479,66.13,363,4503697,48.43,932,827690,8.9
2022-06-29,30.48,40.28,29.24,76,6716610,72.23,108,6149587,66.13,265,4503962,48.43,816,828506,8.91
2022-06-30,30.05,40.71,29.24,86,6716696,72.23,165,6149752,66.13,355,4504317,48.44,1062,829568,8.92
2022-07-01,29.62,41.14,29.24,22,6716718,72.23,28,6149780,66.13,55,4504372,48.44,80,829648,8.92
2022-07-02,29.2,41.56,29.24,1,6716719,72.23,2,6149782,66.13,8,4504380,48.44,18,829666,8.92
2022-07-03,28.81,41.95,29.24,100,6716819,72.23,178,6149960,66.13,322,4504702,48.44,636,830302,8.93
2022-07-04,28.5,42.26,29.24,76,6716895,72.23,140,6150100,66.14,278,4504980,48.44,749,831051,8.94
2022-07-05,28.06,42.7,29.24,59,6716954,72.23,142,6150242,66.14,302,4505282,48.45,688,831739,8.94
2022-07-06,27.39,43.37,29.24,78,6717032,72.23,124,6150366,66.14,211,4505493,48.45,646,832385,8.95
2022-07-07,26.48,44.28,29.24,82,6717114,72.23,164,6150530,66.14,267,4505760,48.45,721,833106,8.96
2022-07-08,25.47,45.29,29.24,17,6717131,72.23,33,6150563,66.14,69,4505829,48.45,131,833237,8.96
2022-07-09,24.42,46.34,29.24,0,6717131,72.23,1,6150564,66.14,3,4505832,48.45,3,833240,8.96
2022-07-10,23.77,46.99,29.24,90,6717221,72.23,164,6150728,66.14,229,4506061,48.46,470,833710,8.97
2022-07-11,23.22,47.54,29.24,64,6717285,72.23,142,6150870,66.14,248,4506309,48.46,575,834285,8.97
2022-07-12,22.13,48.63,29.24,69,6717354,72.24,129,6150999,66.14,207,4506516,48.46,558,834843,8.98
2022-07-13,21.1,49.66,29.24,43,6717397,72.24,101,6151100,66.15,165,4506681,48.46,488,835331,8.98
2022-07-14,20.12,50.63,29.24,70,6717467,72.24,147,6151247,66.15,208,4506889,48.46,513,835844,8.99
2022-07-15,19.27,51.48,29.25,64,6717531,72.24,88,6151335,66.15,127,4507016,48.47,168,836012,8.99
2022-07-16,18.29,52.46,29.25,0,6717531,72.24,6,6151341,66.15,7,4507023,48.47,8,836020,8.99
2022-07-17,17.83,52.92,29.25,77,6717608,72.24,183,6151524,66.15,241,4507264,48.47,468,836488,9
2022-07-18,17.48,53.26,29.26,62,6717670,72.24,158,6151682,66.15,207,4507471,48.47,511,836999,9
2022-07-19,16.77,53.97,29.26,63,6717733,72.24,147,6151829,66.15,173,4507644,48.47,368,837367,9
2022-07-20,16.09,54.64,29.26,51,6717784,72.24,134,6151963,66.16,137,4507781,48.47,423,837790,9.01
2022-07-21,15.43,55.3,29.27,61,6717845,72.24,160,6152123,66.16,177,4507958,48.48,341,838131,9.01
2022-07-22,14.64,56.08,29.28,10,6717855,72.24,36,6152159,66.16,43,4508001,48.48,56,838187,9.01
2022-07-23,14.17,56.55,29.28,0,6717855,72.24,4,6152163,66.16,4,4508005,48.48,9,838196,9.01
2022-07-24,13.55,57.16,29.29,58,6717913,72.24,128,6152291,66.16,197,4508202,48.48,364,838560,9.02
2022-07-25,13.09,57.61,29.3,48,6717961,72.24,107,6152398,66.16,172,4508374,48.48,336,838896,9.02
2022-07-26,12.46,58.23,29.3,47,6718008,72.24,99,6152497,66.16,111,4508485,48.48,270,839166,9.02
2022-07-27,11.89,58.8,29.31,43,6718051,72.24,125,6152622,66.16,132,4508617,48.48,243,839409,9.03
2022-07-28,11.35,59.34,29.31,62,6718113,72.24,143,6152765,66.16,148,4508765,48.48,220,839629,9.03
2022-07-29,10.85,59.83,29.32,10,6718123,72.24,25,6152790,66.16,27,4508792,48.49,31,839660,9.03
2022-07-30,10.34,60.33,29.33,0,6718123,72.24,0,6152790,66.16,1,4508793,48.49,1,839661,9.03
2022-07-31,9.97,60.7,29.33,56,6718179,72.24,134,6152924,66.17,131,4508924,48.49,252,839913,9.03
2022-08-01,9.47,61.19,29.34,54,6718233,72.24,76,6153000,66.17,91,4509015,48.49,152,840065,9.03
2022-08-02,8.92,61.73,29.35,111,6718344,72.25,119,6153119,66.17,157,4509172,48.49,264,840329,9.04
2022-08-03,8.46,62.19,29.35,76,6718420,72.25,71,6153190,66.17,92,4509264,48.49,180,840509,9.04
2022-08-04,8.04,62.61,29.36,133,6718553,72.25,133,6153323,66.17,111,4509375,48.49,246,840755,9.04
2022-08-05,7.71,62.93,29.36,31,6718584,72.25,23,6153346,66.17,13,4509388,48.49,24,840779,9.04
2022-08-06,7.32,63.32,29.36,1,6718585,72.25,2,6153348,66.17,3,4509391,48.49,5,840784,9.04
2022-08-07,6.92,63.71,29.37,89,6718674,72.25,97,6153445,66.17,69,4509460,48.49,169,840953,9.04
2022-08-08,6.74,63.89,29.37,109,6718783,72.25,92,6153537,66.17,92,4509552,48.49,172,841125,9.05
2022-08-09,6.25,64.37,29.38,96,6718879,72.25,90,6153627,66.17,99,4509651,48.49,213,841338,9.05
2022-08-10,5.91,64.71,29.38,77,6718956,72.25,60,6153687,66.17,76,4509727,48.5,115,841453,9.05
2022-08-11,5.59,65.03,29.38,54,6719010,72.25,101,6153788,66.17,91,4509818,48.5,155,841608,9.05
2022-08-12,5.35,65.27,29.38,8,6719018,72.25,12,6153800,66.17,18,4509836,48.5,29,841637,9.05
2022-08-13,5.1,65.52,29.38,0,6719018,72.25,2,6153802,66.17,2,4509838,48.5,3,841640,9.05
2022-08-14,4.87,65.75,29.39,74,6719092,72.25,75,6153877,66.18,82,4509920,48.5,150,841790,9.05
2022-08-15,4.74,65.87,29.39,69,6719161,72.25,80,6153957,66.18,92,4510012,48.5,144,841934,9.05
2022-08-16,4.46,66.15,29.39,82,6719243,72.26,84,6154041,66.18,83,4510095,48.5,187,842121,9.06
2022-08-17,4.16,66.44,29.39,46,6719289,72.26,56,6154097,66.18,36,4510131,48.5,116,842237,9.06
2022-08-18,3.98,66.63,29.39,70,6719359,72.26,93,6154190,66.18,120,4510251,48.5,173,842410,9.06
2022-08-19,3.83,66.78,29.39,79,6719438,72.26,67,6154257,66.18,56,4510307,48.5,38,842448,9.06
2022-08-20,3.67,66.94,29.39,1,6719439,72.26,1,6154258,66.18,3,4510310,48.5,3,842451,9.06
2022-08-21,3.52,67.08,29.4,52,6719491,72.26,85,6154343,66.18,84,4510394,48.5,197,842648,9.06
2022-08-22,3.44,67.16,29.4,89,6719580,72.26,74,6154417,66.18,103,4510497,48.5,144,842792,9.06
2022-08-23,3.27,67.33,29.4,72,6719652,72.26,106,6154523,66.18,84,4510581,48.5,180,842972,9.06
2022-08-24,3.15,67.46,29.4,38,6719690,72.26,80,6154603,66.18,49,4510630,48.51,133,843105,9.07
2022-08-25,3.03,67.57,29.4,53,6719743,72.26,75,6154678,66.18,97,4510727,48.51,193,843298,9.07
2022-08-26,2.94,67.66,29.4,4,6719747,72.26,15,6154693,66.18,9,4510736,48.51,14,843312,9.07
2022-08-27,2.84,67.76,29.4,0,6719747,72.26,0,6154693,66.18,0,4510736,48.51,0,843312,9.07
2022-08-28,2.75,67.85,29.4,55,6719802,72.26,80,6154773,66.19,85,4510821,48.51,102,843414,9.07
2022-08-29,2.69,67.91,29.4,48,6719850,72.26,68,6154841,66.19,89,4510910,48.51,107,843521,9.07
2022-08-30,2.6,68,29.4,85,6719935,72.26,113,6154954,66.19,85,4510995,48.51,131,843652,9.07
2022-08-31,2.53,68.07,29.4,42,6719977,72.26,89,6155043,66.19,70,4511065,48.51,96,843748,9.07
2022-09-01,2.46,68.14,29.4,29,6720006,72.26,84,6155127,66.19,58,4511123,48.51,113,843861,9.07
2022-09-02,2.4,68.2,29.4,6,6720012,72.26,20,6155147,66.19,13,4511136,48.51,10,843871,9.07
2022-09-03,2.33,68.27,29.4,2,6720014,72.26,0,6155147,66.19,3,4511139,48.51,1,843872,9.07
2022-09-04,2.27,68.32,29.4,64,6720078,72.26,133,6155280,66.19,80,4511219,48.51,121,843993,9.08
2022-09-05,2.23,68.37,29.4,44,6720122,72.26,77,6155357,66.19,58,4511277,48.51,90,844083,9.08
2022-09-06,2.17,68.42,29.4,60,6720182,72.27,104,6155461,66.19,78,4511355,48.51,130,844213,9.08
2022-09-07,2.12,68.47,29.4,28,6720210,72.27,63,6155524,66.19,53,4511408,48.51,95,844308,9.08
2022-09-08,2.07,68.53,29.4,50,6720260,72.27,101,6155625,66.19,70,4511478,48.51,77,844385,9.08
2022-09-09,2.03,68.57,29.4,10,6720270,72.27,21,6155646,66.19,16,4511494,48.51,17,844402,9.08
2022-09-10,1.97,68.62,29.4,1,6720271,72.27,0,6155646,66.19,5,4511499,48.51,2,844404,9.08
2022-09-11,1.92,68.67,29.41,39,6720310,72.27,117,6155763,66.2,78,4511577,48.52,116,844520,9.08
2022-09-12,1.88,68.71,29.41,24,6720334,72.27,72,6155835,66.2,52,4511629,48.52,68,844588,9.08
2022-09-13,1.82,68.77,29.41,44,6720378,72.27,113,6155948,66.2,54,4511683,48.52,103,844691,9.08
2022-09-14,1.78,68.82,29.41,21,6720399,72.27,64,6156012,66.2,54,4511737,48.52,62,844753,9.08
2022-09-15,1.73,68.86,29.41,32,6720431,72.27,77,6156089,66.2,63,4511800,48.52,107,844860,9.09
2022-09-16,1.7,68.89,29.41,51,6720482,72.27,52,6156141,66.2,27,4511827,48.52,28,844888,9.09
2022-09-17,1.66,68.93,29.41,3,6720485,72.27,0,6156141,66.2,1,4511828,48.52,0,844888,9.09
2022-09-18,1.63,68.96,29.41,28,6720513,72.27,66,6156207,66.2,52,4511880,48.52,115,845003,9.09
2022-09-19,1.61,68.98,29.41,28,6720541,72.27,74,6156281,66.2,44,4511924,48.52,57,845060,9.09
2022-09-20,1.56,69.03,29.41,41,6720582,72.27,94,6156375,66.2,75,4511999,48.52,102,845162,9.09
2022-09-21,1.55,69.05,29.41,22,6720604,72.27,54,6156429,66.2,29,4512028,48.52,56,845218,9.09
2022-09-22,1.52,69.07,29.4,42,6720646,72.27,56,6156485,66.2,27,4512055,48.52,41,845259,9.09
2022-09-23,1.5,69.1,29.41,7,6720653,72.27,11,6156496,66.2,4,4512059,48.52,1,845260,9.09
2022-09-24,1.47,69.13,29.41,0,6720653,72.27,0,6156496,66.2,1,4512060,48.52,0,845260,9.09
2022-09-25,1.46,69.13,29.41,5,6720658,72.27,20,6156516,66.2,10,4512070,48.52,27,845287,9.09
2022-09-26,1.46,69.13,29.41,0,6720658,72.27,5,6156521,66.2,2,4512072,48.52,2,845289,9.09
2022-09-27,1.42,69.17,29.41,2,6720660,72.27,0,6156521,66.2,3,4512075,48.52,3,845292,9.09
2022-09-28,1.39,69.21,29.41,24,6720684,72.27,36,6156557,66.2,25,4512100,48.52,17,845309,9.09
2022-09-29,1.37,69.22,29.41,32,6720716,72.27,61,6156618,66.21,13,4512113,48.52,48,845357,9.09
2022-09-30,1.35,69.24,29.41,4,6720720,72.27,12,6156630,66.21,2,4512115,48.52,0,845357,9.09
2022-10-01,1.31,69.29,29.41,0,6720720,72.27,1,6156631,66.21,1,4512116,48.52,1,845358,9.09
2022-10-02,1.31,69.29,29.41,28,6720748,72.27,51,6156682,66.21,20,4512136,48.52,73,845431,9.09
2022-10-03,1.31,69.28,29.4,23,6720771,72.27,29,6156711,66.21,13,4512149,48.52,12,845443,9.09
2022-10-04,1.27,69.32,29.4,7,6720778,72.27,11,6156722,66.21,0,4512149,48.52,1,845444,9.09
2022-10-05,1.28,69.31,29.4,1,6720779,72.27,0,6156722,66.21,0,4512149,48.52,1,845445,9.09
2022-10-06,1.31,69.28,29.4,17,6720796,72.27,43,6156765,66.21,10,4512159,48.52,20,845465,9.09
2022-10-07,1.3,69.29,29.41,3,6720799,72.27,3,6156768,66.21,4,4512163,48.52,0,845465,9.09
2022-10-08,1.26,69.33,29.41,1,6720800,72.27,1,6156769,66.21,0,4512163,48.52,1,845466,9.09
2022-10-09,1.31,69.28,29.41,7,6720807,72.27,22,6156791,66.21,6,4512169,48.52,5,845471,9.09
2022-10-10,1.38,69.22,29.4,5,6720812,72.27,2,6156793,66.21,0,4512169,48.52,0,845471,9.09
2022-10-11,1.36,69.24,29.4,12,6720824,72.27,32,6156825,66.21,1,4512170,48.52,32,845503,9.09
2022-10-12,1.34,69.26,29.4,13,6720837,72.27,24,6156849,66.21,5,4512175,48.52,4,845507,9.09
2022-10-13,1.4,69.2,29.4,17,6720854,72.27,16,6156865,66.21,5,4512180,48.52,9,845516,9.09
2022-10-14,1.4,69.2,29.4,6,6720860,72.27,7,6156872,66.21,4,4512184,48.52,3,845519,9.09
2022-10-15,1.38,69.22,29.4,0,6720860,72.27,1,6156873,66.21,0,4512184,48.52,1,845520,9.09
2022-10-16,1.39,69.2,29.4,4,6720864,72.27,13,6156886,66.21,5,4512189,48.52,8,845528,9.09
2022-10-17,1.39,69.2,29.4,1,6720865,72.27,1,6156887,66.21,4,4512193,48.52,1,845529,9.09
2022-10-18,1.43,69.17,29.4,24,6720889,72.27,31,6156918,66.21,14,4512207,48.52,16,845545,9.09
2022-10-19,1.47,69.12,29.4,18,6720907,72.27,25,6156943,66.21,7,4512214,48.52,3,845548,9.09
2022-10-20,1.5,69.1,29.4,26,6720933,72.27,44,6156987,66.21,12,4512226,48.52,4,845552,9.09
2022-10-21,1.5,69.09,29.4,4,6720937,72.27,7,6156994,66.21,2,4512228,48.52,4,845556,9.09
2022-10-22,1.49,69.1,29.4,0,6720937,72.27,0,6156994,66.21,0,4512228,48.52,0,845556,9.09
2022-10-23,1.51,69.08,29.4,15,6720952,72.27,33,6157027,66.21,18,4512246,48.52,10,845566,9.09
2022-10-24,1.51,69.08,29.41,20,6720972,72.27,16,6157043,66.21,19,4512265,48.52,9,845575,9.09
2022-10-25,1.55,69.04,29.4,18,6720990,72.27,34,6157077,66.21,22,4512287,48.52,21,845596,9.09
2022-10-26,1.61,68.99,29.4,18,6721008,72.27,25,6157102,66.21,8,4512295,48.52,10,845606,9.09
2022-10-27,1.67,68.93,29.4,17,6721025,72.27,27,6157129,66.21,14,4512309,48.52,17,845623,9.09
2022-10-28,1.67,68.93,29.4,55,6721080,72.28,49,6157178,66.21,31,4512340,48.52,18,845641,9.09
2022-10-29,1.66,68.94,29.4,0,6721080,72.28,0,6157178,66.21,0,4512340,48.52,0,845641,9.09
2022-10-30,1.71,68.89,29.4,15,6721095,72.28,23,6157201,66.21,15,4512355,48.52,9,845650,9.09
2022-10-31,1.76,68.84,29.4,17,6721112,72.28,16,6157217,66.21,8,4512363,48.52,9,845659,9.09
2022-11-01,1.82,68.78,29.4,2,6721114,72.28,1,6157218,66.21,1,4512364,48.52,0,845659,9.09
2022-11-02,1.88,68.72,29.4,13,6721127,72.28,13,6157231,66.21,7,4512371,48.52,8,845667,9.09
2022-11-03,1.96,68.64,29.4,17,6721144,72.28,18,6157249,66.21,11,4512382,48.52,8,845675,9.09
2022-11-04,1.98,68.63,29.4,4,6721148,72.28,6,6157255,66.21,1,4512383,48.52,2,845677,9.09
2022-11-05,1.97,68.63,29.4,0,6721148,72.28,0,6157255,66.21,0,4512383,48.52,0,845677,9.09
2022-11-06,2.03,68.57,29.4,27,6721175,72.28,33,6157288,66.21,11,4512394,48.52,23,845700,9.09
2022-11-07,2.1,68.51,29.4,15,6721190,72.28,11,6157299,66.21,10,4512404,48.52,54,845754,9.09
2022-11-08,2.1,68.5,29.4,28,6721218,72.28,26,6157325,66.21,14,4512418,48.52,9,845763,9.09
2022-11-09,2.16,68.45,29.4,16,6721234,72.28,20,6157345,66.21,17,4512435,48.52,9,845772,9.1
2022-11-10,2.22,68.39,29.4,28,6721262,72.28,17,6157362,66.21,11,4512446,48.52,6,845778,9.1
2022-11-11,2.23,68.37,29.4,1,6721263,72.28,17,6157379,66.21,2,4512448,48.52,1,845779,9.1
2022-11-12,2.22,68.38,29.4,1,6721264,72.28,0,6157379,66.21,2,4512450,48.52,0,845779,9.1
2022-11-13,2.29,68.31,29.4,29,6721293,72.28,31,6157410,66.21,17,4512467,48.52,8,845787,9.1
2022-11-14,2.37,68.23,29.4,20,6721313,72.28,17,6157427,66.21,21,4512488,48.53,16,845803,9.1
2022-11-15,2.43,68.17,29.4,40,6721353,72.28,25,6157452,66.21,16,4512504,48.53,18,845821,9.1
2022-11-16,2.5,68.1,29.4,14,6721367,72.28,27,6157479,66.21,16,4512520,48.53,11,845832,9.1
2022-11-17,2.59,68.02,29.4,19,6721386,72.28,33,6157512,66.21,18,4512538,48.53,5,845837,9.1
2022-11-18,2.61,67.99,29.4,6,6721392,72.28,4,6157516,66.21,4,4512542,48.53,0,845837,9.1
2022-11-19,2.6,68,29.4,0,6721392,72.28,0,6157516,66.21,0,4512542,48.53,0,845837,9.1
2022-11-20,2.67,67.93,29.4,19,6721411,72.28,19,6157535,66.22,6,4512548,48.53,13,845850,9.1
2022-11-21,2.76,67.85,29.4,14,6721425,72.28,13,6157548,66.22,6,4512554,48.53,7,845857,9.1
2022-11-22,2.83,67.77,29.4,27,6721452,72.28,13,6157561,66.22,17,4512571,48.53,6,845863,9.1
2022-11-23,2.9,67.7,29.4,17,6721469,72.28,20,6157581,66.22,4,4512575,48.53,8,845871,9.1
2022-11-24,2.98,67.62,29.4,9,6721478,72.28,16,6157597,66.22,13,4512588,48.53,27,845898,9.1
2022-11-25,3,67.6,29.4,12,6721490,72.28,46,6157643,66.22,14,4512602,48.53,12,845910,9.1
2022-11-26,3,67.61,29.4,0,6721490,72.28,2,6157645,66.22,0,4512602,48.53,0,845910,9.1
2022-11-27,3.06,67.54,29.4,14,6721504,72.28,15,6157660,66.22,19,4512621,48.53,2,845912,9.1
2022-11-28,3.14,67.47,29.4,8,6721512,72.28,23,6157683,66.22,8,4512629,48.53,6,845918,9.1
2022-11-29,3.2,67.4,29.4,38,6721550,72.28,31,6157714,66.22,19,4512648,48.53,14,845932,9.1
2022-11-30,3.27,67.34,29.39,12,6721562,72.28,25,6157739,66.22,20,4512668,48.53,8,845940,9.1
2022-12-01,3.34,67.26,29.39,13,6721575,72.28,18,6157757,66.22,15,4512683,48.53,4,845944,9.1
2022-12-02,3.36,67.24,29.39,2,6721577,72.28,7,6157764,66.22,4,4512687,48.53,10,845954,9.1
2022-12-03,3.36,67.24,29.39,0,6721577,72.28,0,6157764,66.22,0,4512687,48.53,1,845955,9.1
2022-12-04,3.42,67.18,29.39,38,6721615,72.28,27,6157791,66.22,30,4512717,48.53,26,845981,9.1
2022-12-05,3.48,67.12,29.4,9,6721624,72.28,17,6157808,66.22,11,4512728,48.53,20,846001,9.1
2022-12-06,3.55,67.06,29.39,32,6721656,72.28,26,6157834,66.22,27,4512755,48.53,8,846009,9.1
2022-12-07,3.62,66.99,29.39,10,6721666,72.28,17,6157851,66.22,8,4512763,48.53,8,846017,9.1
2022-12-08,3.69,66.91,29.39,19,6721685,72.28,31,6157882,66.22,15,4512778,48.53,3,846020,9.1
2022-12-09,3.71,66.9,29.39,4,6721689,72.28,1,6157883,66.22,1,4512779,48.53,7,846027,9.1
2022-12-10,3.7,66.91,29.39,1,6721690,72.28,0,6157883,66.22,2,4512781,48.53,0,846027,9.1
2022-12-11,3.76,66.84,29.39,16,6721706,72.28,22,6157905,66.22,15,4512796,48.53,16,846043,9.1
2022-12-12,3.82,66.78,29.39,15,6721721,72.28,14,6157919,66.22,5,4512801,48.53,0,846043,9.1
2022-12-13,3.87,66.73,29.39,17,6721738,72.28,44,6157963,66.22,18,4512819,48.53,13,846056,9.1
2022-12-14,3.92,66.69,29.39,17,6721755,72.28,16,6157979,66.22,7,4512826,48.53,3,846059,9.1
2022-12-15,3.97,66.64,29.39,22,6721777,72.28,19,6157998,66.22,7,4512833,48.53,12,846071,9.1
2022-12-16,3.98,66.62,29.39,12,6721789,72.28,4,6158002,66.22,1,4512834,48.53,0,846071,9.1
2022-12-17,3.97,66.63,29.39,0,6721789,72.28,0,6158002,66.22,0,4512834,48.53,0,846071,9.1
2022-12-18,4.01,66.59,29.39,9,6721798,72.28,18,6158020,66.22,8,4512842,48.53,3,846074,9.1
2022-12-19,4.06,66.54,29.4,7,6721805,72.28,14,6158034,66.22,12,4512854,48.53,1,846075,9.1
2022-12-20,4.1,66.51,29.39,12,6721817,72.28,17,6158051,66.22,2,4512856,48.53,2,846077,9.1
2022-12-21,4.14,66.47,29.39,9,6721826,72.28,14,6158065,66.22,13,4512869,48.53,3,846080,9.1
2022-12-22,4.18,66.42,29.39,4,6721830,72.28,10,6158075,66.22,14,4512883,48.53,1,846081,9.1
2022-12-23,4.19,66.42,29.39,10,6721840,72.28,0,6158075,66.22,2,4512885,48.53,0,846081,9.1
2022-12-24,4.18,66.43,29.39,0,6721840,72.28,0,6158075,66.22,0,4512885,48.53,0,846081,9.1
2022-12-25,4.21,66.4,29.39,6,6721846,72.28,17,6158092,66.22,1,4512886,48.53,2,846083,9.1
2022-12-26,4.24,66.36,29.39,17,6721863,72.28,6,6158098,66.22,13,4512899,48.53,0,846083,9.1
2022-12-27,4.25,66.36,29.39,24,6721887,72.28,24,6158122,66.22,17,4512916,48.53,7,846090,9.1
2022-12-28,4.26,66.34,29.39,17,6721904,72.28,18,6158140,66.22,25,4512941,48.53,64,846154,9.1
2022-12-29,4.28,66.33,29.39,15,6721919,72.28,23,6158163,66.22,14,4512955,48.53,4,846158,9.1
2022-12-30,4.27,66.33,29.4,4,6721923,72.28,5,6158168,66.22,3,4512958,48.53,1,846159,9.1
2022-12-31,4.26,66.35,29.4,0,6721923,72.28,1,6158169,66.22,0,4512958,48.53,0,846159,9.1
2023-01-01,4.27,66.33,29.4,7,6721930,72.28,23,6158192,66.22,2,4512960,48.53,1,846160,9.1
2023-01-02,4.29,66.31,29.4,10,6721940,72.28,8,6158200,66.22,3,4512963,48.53,1,846161,9.1
2023-01-03,4.3,66.3,29.4,20,6721960,72.28,17,6158217,66.22,7,4512970,48.53,3,846164,9.1
2023-01-04,4.3,66.3,29.4,7,6721967,72.28,11,6158228,66.22,4,4512974,48.53,2,846166,9.1
2023-01-05,4.31,66.29,29.39,12,6721979,72.28,19,6158247,66.22,11,4512985,48.53,4,846170,9.1
2023-01-06,4.31,66.29,29.4,2,6721981,72.28,1,6158248,66.22,1,4512986,48.53,0,846170,9.1
2023-01-07,4.3,66.31,29.4,1,6721982,72.28,0,6158248,66.22,0,4512986,48.53,0,846170,9.1
2023-01-08,4.33,66.28,29.4,14,6721996,72.28,33,6158281,66.22,10,4512996,48.53,2,846172,9.1
2023-01-09,4.34,66.26,29.4,12,6722008,72.29,20,6158301,66.22,1,4512997,48.53,1,846173,9.1
2023-01-10,4.35,66.25,29.4,39,6722047,72.29,27,6158328,66.22,10,4513007,48.53,4,846177,9.1
2023-01-11,4.36,66.25,29.4,14,6722061,72.29,18,6158346,66.22,11,4513018,48.53,2,846179,9.1
2023-01-12,4.37,66.24,29.39,22,6722083,72.29,20,6158366,66.22,11,4513029,48.53,2,846181,9.1
2023-01-13,4.36,66.24,29.4,3,6722086,72.29,2,6158368,66.22,0,4513029,48.53,0,846181,9.1
2023-01-14,4.35,66.25,29.4,1,6722087,72.29,0,6158368,66.22,0,4513029,48.53,0,846181,9.1
2023-01-15,4.36,66.24,29.4,17,6722104,72.29,17,6158385,66.22,4,4513033,48.53,3,846184,9.1
2023-01-16,4.38,66.22,29.4,9,6722113,72.29,15,6158400,66.22,6,4513039,48.53,0,846184,9.1
2023-01-17,4.38,66.22,29.4,15,6722128,72.29,14,6158414,66.22,6,4513045,48.53,0,846184,9.1
2023-01-18,4.39,66.21,29.4,7,6722135,72.29,8,6158422,66.22,3,4513048,48.53,1,846185,9.1
2023-01-19,4.4,66.2,29.4,13,6722148,72.29,15,6158437,66.22,2,4513050,48.53,4,846189,9.1
2023-01-20,4.39,66.2,29.4,4,6722152,72.29,2,6158439,66.22,0,4513050,48.53,1,846190,9.1
2023-01-21,4.39,66.21,29.4,0,6722152,72.29,1,6158440,66.22,0,4513050,48.53,0,846190,9.1
2023-01-22,4.4,66.2,29.4,8,6722160,72.29,3,6158443,66.22,8,4513058,48.53,4,846194,9.1
2023-01-23,4.41,66.19,29.4,11,6722171,72.29,5,6158448,66.22,6,4513064,48.53,0,846194,9.1
2023-01-24,4.41,66.19,29.4,21,6722192,72.29,21,6158469,66.23,11,4513075,48.53,2,846196,9.1
2023-01-25,4.41,66.18,29.4,5,6722197,72.29,5,6158474,66.23,0,4513075,48.53,2,846198,9.1
2023-01-26,4.42,66.18,29.4,10,6722207,72.29,15,6158489,66.23,9,4513084,48.53,2,846200,9.1
2023-01-27,4.41,66.18,29.4,0,6722207,72.29,9,6158498,66.23,0,4513084,48.53,0,846200,9.1
2023-01-28,4.41,66.19,29.4,0,6722207,72.29,0,6158498,66.23,0,4513084,48.53,0,846200,9.1
2023-01-29,4.41,66.19,29.41,12,6722219,72.29,8,6158506,66.23,5,4513089,48.53,2,846202,9.1
2023-01-30,4.42,66.17,29.41,9,6722228,72.29,16,6158522,66.23,2,4513091,48.53,1,846203,9.1
2023-01-31,4.42,66.17,29.41,20,6722248,72.29,23,6158545,66.23,3,4513094,48.53,1,846204,9.1
2023-02-01,4.32,64.71,30.96,10,6722258,72.29,11,6158556,66.23,4,4513098,48.53,0,846204,9.1
2023-02-02,4.33,64.71,30.96,14,6722272,72.29,31,6158587,66.23,3,4513101,48.53,0,846204,9.1
2023-02-03,4.32,64.71,30.97,3,6722275,72.29,1,6158588,66.23,0,4513101,48.53,1,846205,9.1
2023-02-04,4.32,64.72,30.97,0,6722275,72.29,0,6158588,66.23,0,4513101,48.53,0,846205,9.1
2023-02-05,4.32,64.71,30.97,15,6722290,72.29,8,6158596,66.23,6,4513107,48.53,4,846209,9.1
2023-02-06,4.33,64.7,30.97,17,6722307,72.29,13,6158609,66.23,4,4513111,48.53,0,846209,9.1
2023-02-07,4.33,64.7,30.97,22,6722329,72.29,22,6158631,66.23,8,4513119,48.53,2,846211,9.1
2023-02-08,4.33,64.7,30.97,15,6722344,72.29,14,6158645,66.23,1,4513120,48.53,0,846211,9.1
2023-02-09,4.33,64.7,30.97,35,6722379,72.29,33,6158678,66.23,5,4513125,48.53,2,846213,9.1
2023-02-10,4.33,64.7,30.97,2,6722381,72.29,3,6158681,66.23,2,4513127,48.53,0,846213,9.1
2023-02-11,4.33,64.7,30.97,2,6722383,72.29,1,6158682,66.23,0,4513127,48.53,0,846213,9.1
2023-02-12,4.33,64.7,30.97,15,6722398,72.29,17,6158699,66.23,3,4513130,48.53,2,846215,9.1
2023-02-13,4.33,64.7,30.97,14,6722412,72.29,20,6158719,66.23,8,4513138,48.53,2,846217,9.1
2023-02-14,4.33,64.7,30.97,20,6722432,72.29,8,6158727,66.23,7,4513145,48.53,5,846222,9.1
2023-02-15,4.33,64.7,30.97,10,6722442,72.29,17,6158744,66.23,3,4513148,48.53,0,846222,9.1
2023-02-16,4.33,64.7,30.97,22,6722464,72.29,24,6158768,66.23,2,4513150,48.53,0,846222,9.1
2023-02-17,4.33,64.7,30.97,5,6722469,72.29,2,6158770,66.23,1,4513151,48.53,0,846222,9.1
2023-02-18,4.33,64.7,30.97,0,6722469,72.29,0,6158770,66.23,0,4513151,48.53,0,846222,9.1
2023-02-19,4.33,64.7,30.98,16,6722485,72.29,13,6158783,66.23,1,4513152,48.53,0,846222,9.1
2023-02-20,4.33,64.69,30.98,9,6722494,72.29,10,6158793,66.23,1,4513153,48.53,0,846222,9.1
2023-02-21,4.33,64.69,30.98,40,6722534,72.29,18,6158811,66.23,5,4513158,48.53,1,846223,9.1
2023-02-22,4.33,64.7,30.98,3,6722537,72.29,9,6158820,66.23,8,4513166,48.53,0,846223,9.1
2023-02-23,4.33,64.7,30.97,10,6722547,72.29,23,6158843,66.23,5,4513171,48.53,2,846225,9.1
2023-02-24,4.33,64.7,30.98,0,6722547,72.29,6,6158849,66.23,0,4513171,48.53,0,846225,9.1
2023-02-25,4.32,64.7,30.98,3,6722550,72.29,0,6158849,66.23,1,4513172,48.53,0,846225,9.1
2023-02-26,4.32,64.7,30.98,12,6722562,72.29,20,6158869,66.23,1,4513173,48.53,0,846225,9.1
2023-02-27,4.32,64.7,30.98,11,6722573,72.29,25,6158894,66.23,2,4513175,48.53,2,846227,9.1
2023-02-28,4.32,64.7,30.98,7,6722580,72.29,21,6158915,66.23,4,4513179,48.53,2,846229,9.1
2023-03-01,4.32,64.7,30.98,0,6722580,72.29,1,6158916,66.23,0,4513179,48.53,0,846229,9.1
