Date,Valid vaccinated pop. perc.,Expired vaccinated pop. perc.,Not vaccinated pop. perc.,Vaccinated (daily),Vaccinated (cumu),Vaccinated pop. perc.,Second dose (daily),Second dose (cumu),Second dose pop. perc.,Third dose (daily),Third dose (cumu),Third dose pop. perc.,Fourth dose (daily),Fourth dose (cumu),Fourth dose pop. perc.
2020-12-19,0,0,100,46,70,0,0,4,0,0,0,0,0,0,0
2020-12-20,0,0,100,7396,7466,0.08,0,4,0,0,0,0,0,0,0
2020-12-21,0,0,100,24923,32389,0.35,0,4,0,0,0,0,0,0,0
2020-12-22,0,0,100,44669,77058,0.83,0,4,0,0,0,0,0,0,0
2020-12-23,0,0,100,62918,139976,1.51,0,4,0,0,0,0,0,0,0
2020-12-24,0,0,100,73429,213405,2.29,0,4,0,0,0,0,0,0,0
2020-12-25,0,0,100,38517,251922,2.71,0,4,0,0,0,0,0,0,0
2020-12-26,0,0,100,32617,284539,3.06,0,4,0,0,0,0,0,0,0
2020-12-27,0,0,100,104572,389111,4.18,0,4,0,0,0,0,0,0,0
2020-12-28,0,0,100,135039,524150,5.64,0,4,0,0,0,0,0,0,0
2020-12-29,0,0,100,156334,680484,7.32,2,6,0,0,0,0,0,0,0
2020-12-30,0,0,100,153187,833671,8.96,0,6,0,0,0,0,0,0,0
2020-12-31,0,0,100,158594,992265,10.67,0,6,0,0,0,0,0,0,0
2021-01-01,0,0,100,71436,1063701,11.44,0,6,0,0,0,0,0,0,0
2021-01-02,0,0,100,71742,1135443,12.21,0,6,0,0,0,0,0,0,0
2021-01-03,0,0,100,149763,1285206,13.82,0,6,0,0,0,0,0,0,0
2021-01-04,0,0,100,152202,1437408,15.46,1,7,0,0,0,0,0,0,0
2021-01-05,0,0,100,125219,1562627,16.8,4,11,0,0,0,0,0,0,0
2021-01-06,0,0,100,103371,1665998,17.92,2,13,0,0,0,0,0,0,0
2021-01-07,0,0,100,116062,1782060,19.16,9,22,0,0,0,0,0,0,0
2021-01-08,0,0,100,66462,1848522,19.88,5,27,0,0,0,0,0,0,0
2021-01-09,0,0,100,44552,1893074,20.36,24,51,0,0,0,0,0,0,0
2021-01-10,0,0,100,37649,1930723,20.76,6001,6052,0.07,0,0,0,0,0,0
2021-01-11,0,0,100,21174,1951897,20.99,19264,25316,0.27,0,0,0,0,0,0
2021-01-12,0,0,100,24075,1975972,21.25,35675,60991,0.66,0,0,0,0,0,0
2021-01-13,0,0,100,52077,2028049,21.81,56874,117865,1.27,0,0,0,0,0,0
2021-01-14,0,0,100,56478,2084527,22.42,68838,186703,2.01,0,0,0,0,0,0
2021-01-15,0,0,100,30776,2115303,22.75,35942,222645,2.39,0,0,0,0,0,0
2021-01-16,0,0,100,29481,2144784,23.06,26006,248651,2.67,0,0,0,0,0,0
2021-01-17,0.31,0,99.69,68444,2213228,23.8,84597,333248,3.58,0,0,0,0,0,0
2021-01-18,0.58,0,99.42,69820,2283048,24.55,120437,453685,4.88,0,0,0,0,0,0
2021-01-19,1.09,0,98.91,72896,2355944,25.33,137847,591532,6.36,0,0,0,0,0,0
2021-01-20,1.9,0,98.1,76919,2432863,26.16,143764,735296,7.91,0,0,0,0,0,0
2021-01-21,2.88,0,97.12,70002,2502865,26.91,164473,899769,9.68,0,0,0,0,0,0
2021-01-22,3.39,0,96.61,37929,2540794,27.32,71133,970902,10.44,0,0,0,0,0,0
2021-01-23,3.77,0,96.23,39965,2580759,27.75,53595,1024497,11.02,0,0,0,0,0,0
2021-01-24,4.96,0,95.04,69147,2649906,28.5,140707,1165204,12.53,0,0,0,0,0,0
2021-01-25,6.61,0,93.39,80943,2730849,29.37,139519,1304723,14.03,0,0,0,0,0,0
2021-01-26,8.45,0,91.55,78732,2809581,30.21,126444,1431167,15.39,0,0,0,0,0,0
2021-01-27,10.34,0,89.66,77980,2887561,31.05,125069,1556236,16.73,0,0,0,0,0,0
2021-01-28,12.43,0,87.57,79570,2967131,31.91,130631,1686867,18.14,0,0,0,0,0,0
2021-01-29,13.34,0,86.66,36704,3003835,32.3,64793,1751660,18.84,0,0,0,0,0,0
2021-01-30,14.02,0,85.98,34395,3038230,32.67,42767,1794427,19.3,0,0,0,0,0,0
2021-01-31,15.76,0,84.24,73331,3111561,33.46,59503,1853930,19.94,0,0,0,0,0,0
2021-02-01,17.48,0,82.52,82510,3194071,34.35,35356,1889286,20.32,0,0,0,0,0,0
2021-02-02,19.01,0,80.99,70104,3264175,35.1,31072,1920358,20.65,0,0,0,0,0,0
2021-02-03,20.47,0,79.53,60308,3324483,35.75,51444,1971802,21.2,0,0,0,0,0,0
2021-02-04,22,0,78,72637,3397120,36.53,58096,2029898,21.83,0,0,0,0,0,0
2021-02-05,22.75,0,77.25,33944,3431064,36.9,28806,2058704,22.14,0,0,0,0,0,0
2021-02-06,23.23,0,76.77,21621,3452685,37.13,22233,2080937,22.38,0,0,0,0,0,0
2021-02-07,23.99,0,76.01,54081,3506766,37.71,68742,2149679,23.12,0,0,0,0,0,0
2021-02-08,24.52,0,75.48,58640,3565406,38.34,65468,2215147,23.82,0,0,0,0,0,0
2021-02-09,25.04,0,74.96,66354,3631760,39.05,67578,2282725,24.55,0,0,0,0,0,0
2021-02-10,25.77,0,74.23,70570,3702330,39.81,72313,2355038,25.32,0,0,0,0,0,0
2021-02-11,26.61,0,73.39,81175,3783505,40.69,72110,2427148,26.1,0,0,0,0,0,0
2021-02-12,27.02,0,72.98,39109,3822614,41.11,37597,2464745,26.5,0,0,0,0,0,0
2021-02-13,27.33,0,72.67,27463,3850077,41.4,30440,2495185,26.83,0,0,0,0,0,0
2021-02-14,28.25,0,71.75,74915,3924992,42.21,69085,2564270,27.57,0,0,0,0,0,0
2021-02-15,29.17,0,70.83,81545,4006537,43.08,75719,2639989,28.39,0,0,0,0,0,0
2021-02-16,30.11,0,69.89,83422,4089959,43.98,78299,2718288,29.23,0,0,0,0,0,0
2021-02-17,31.01,0,68.99,61984,4151943,44.65,75644,2793932,30.04,0,0,0,0,0,0
2021-02-18,31.94,0,68.06,69157,4221100,45.39,79739,2873671,30.9,0,0,0,0,0,0
2021-02-19,32.45,0,67.55,39676,4260776,45.82,38162,2911833,31.31,0,0,0,0,0,0
2021-02-20,32.85,0,67.15,31650,4292426,46.16,28724,2940557,31.62,0,0,0,0,0,0
2021-02-21,33.8,0,66.2,79434,4371860,47.01,78445,3019002,32.46,0,0,0,0,0,0
2021-02-22,34.83,0,65.17,85057,4456917,47.93,80595,3099597,33.33,0,0,0,0,0,0
2021-02-23,35.84,0,64.16,77329,4534246,48.76,70486,3170083,34.09,0,0,0,0,0,0
2021-02-24,36.76,0,63.24,61066,4595312,49.42,63144,3233227,34.77,0,0,0,0,0,0
2021-02-25,37.66,0,62.34,51728,4647040,49.97,64806,3298033,35.47,0,0,0,0,0,0
2021-02-26,38.1,0,61.9,25912,4672952,50.25,32043,3330076,35.81,0,0,0,0,0,0
2021-02-27,38.42,0,61.58,18352,4691304,50.45,21196,3351272,36.04,0,0,0,0,0,0
2021-02-28,39.24,0,60.76,40364,4731668,50.88,55873,3407145,36.64,0,0,0,0,0,0
2021-03-01,40.1,0,59.9,45752,4777420,51.37,61443,3468588,37.3,0,0,0,0,0,0
2021-03-02,40.85,0,59.15,41202,4818622,51.82,64798,3533386,38,0,0,0,0,0,0
2021-03-03,41.55,0,58.45,42035,4860657,52.27,66792,3600178,38.71,0,0,0,0,0,0
2021-03-04,42.24,0,57.76,39719,4900376,52.7,79125,3679303,39.57,0,0,0,0,0,0
2021-03-05,42.57,0,57.43,17370,4917746,52.88,40468,3719771,40,0,0,0,0,0,0
2021-03-06,42.78,0,57.22,10722,4928468,53,25347,3745118,40.27,0,0,0,0,0,0
2021-03-07,43.36,0,56.64,31156,4959624,53.33,72845,3817963,41.06,0,0,0,0,0,0
2021-03-08,43.97,0,56.03,27387,4987011,53.63,73294,3891257,41.84,0,0,0,0,0,0
2021-03-09,44.62,0,55.38,26757,5013768,53.92,76603,3967860,42.67,0,0,0,0,0,0
2021-03-10,45.27,0,54.73,23373,5037141,54.17,58685,4026545,43.3,0,0,0,0,0,0
2021-03-11,45.99,0,54.01,23305,5060446,54.42,69096,4095641,44.04,0,0,0,0,0,0
2021-03-12,46.34,0,53.66,11296,5071742,54.54,41418,4137059,44.49,0,0,0,0,0,0
2021-03-13,46.57,0,53.43,7952,5079694,54.62,25239,4162298,44.76,0,0,0,0,0,0
2021-03-14,47.2,0,52.8,20989,5100683,54.85,73936,4236234,45.55,0,0,0,0,0,0
2021-03-15,47.81,0,52.19,20150,5120833,55.07,78280,4314514,46.4,0,0,0,0,0,0
2021-03-16,48.43,0,51.57,18758,5139591,55.27,71480,4385994,47.16,0,0,0,0,0,0
2021-03-17,48.92,0,51.08,17704,5157295,55.46,59010,4445004,47.8,0,0,0,0,0,0
2021-03-18,49.45,0,50.55,16050,5173345,55.63,58125,4503129,48.42,0,0,0,0,0,0
2021-03-19,49.75,0,50.25,6956,5180301,55.71,27980,4531109,48.73,0,0,0,0,0,0
2021-03-20,49.93,0,50.07,5227,5185528,55.76,15301,4546410,48.89,0,0,0,0,0,0
2021-03-21,50.46,0,49.54,13172,5198700,55.9,40510,4586920,49.33,0,0,0,0,0,0
2021-03-22,51,0,49,13581,5212281,56.05,40542,4627462,49.76,0,0,0,0,0,0
2021-03-23,51.43,0,48.57,2844,5215125,56.08,7302,4634764,49.84,0,0,0,0,0,0
2021-03-24,51.84,0,48.16,11004,5226129,56.2,46560,4681324,50.34,0,0,0,0,0,0
2021-03-25,52.22,0,47.78,10272,5236401,56.31,35440,4716764,50.72,0,0,0,0,0,0
2021-03-26,52.4,0,47.6,4186,5240587,56.35,13334,4730098,50.87,0,0,0,0,0,0
2021-03-27,52.5,0,47.5,1786,5242373,56.37,4269,4734367,50.91,0,0,0,0,0,0
2021-03-28,52.74,0,47.26,2113,5244486,56.4,4611,4738978,50.96,0,0,0,0,0,0
2021-03-29,53,0,47,6916,5251402,56.47,30017,4768995,51.28,0,0,0,0,0,0
2021-03-30,53.08,0,46.92,7894,5259296,56.56,22454,4791449,51.52,0,0,0,0,0,0
2021-03-31,53.38,0,46.62,8154,5267450,56.64,19501,4810950,51.73,0,0,0,0,0,0
2021-04-01,53.62,0,46.38,8220,5275670,56.73,18701,4829651,51.94,0,0,0,0,0,0
2021-04-02,53.71,0,46.29,2944,5278614,56.76,8131,4837782,52.02,0,0,0,0,0,0
2021-04-03,53.74,0,46.26,1433,5280047,56.78,2983,4840765,52.06,0,0,0,0,0,0
2021-04-04,53.82,0,46.18,9618,5289665,56.88,22832,4863597,52.3,0,0,0,0,0,0
2021-04-05,54.04,0,45.96,10364,5300029,56.99,21276,4884873,52.53,0,0,0,0,0,0
2021-04-06,54.21,0,45.79,9032,5309061,57.09,16794,4901667,52.71,0,0,0,0,0,0
2021-04-07,54.36,0,45.64,8930,5317991,57.19,15311,4916978,52.87,0,0,0,0,0,0
2021-04-08,54.52,0,45.48,9429,5327420,57.29,17017,4933995,53.06,0,0,0,0,0,0
2021-04-09,54.58,0,45.42,3607,5331027,57.33,6259,4940254,53.13,0,0,0,0,0,0
2021-04-10,54.61,0,45.39,1636,5332663,57.34,3520,4943774,53.16,0,0,0,0,0,0
2021-04-11,54.78,0,45.22,9045,5341708,57.44,14249,4958023,53.32,0,0,0,0,0,0
2021-04-12,54.95,0,45.05,8935,5350643,57.54,13235,4971258,53.46,0,0,0,0,0,0
2021-04-13,55.08,0,44.92,5841,5356484,57.6,4960,4976218,53.51,0,0,0,0,0,0
2021-04-14,55.18,0,44.82,3651,5360135,57.64,5311,4981529,53.57,0,0,0,0,0,0
2021-04-15,55.27,0,44.73,697,5360832,57.65,582,4982111,53.58,0,0,0,0,0,0
2021-04-16,55.33,0,44.67,3418,5364250,57.68,6651,4988762,53.65,0,0,0,0,0,0
2021-04-17,55.35,0,44.65,822,5365072,57.69,1972,4990734,53.67,0,0,0,0,0,0
2021-04-18,55.47,0,44.53,7099,5372171,57.77,7433,4998167,53.75,0,0,0,0,0,0
2021-04-19,55.58,0,44.42,6407,5378578,57.84,7134,5005301,53.82,0,0,0,0,0,0
2021-04-20,55.65,0,44.35,6283,5384861,57.91,6887,5012188,53.9,0,0,0,0,0,0
2021-04-21,55.71,0,44.29,6381,5391242,57.97,7111,5019299,53.98,0,0,0,0,0,0
2021-04-22,55.75,0,44.25,5951,5397193,58.04,7690,5026989,54.06,0,0,0,0,0,0
2021-04-23,55.8,0,44.2,2767,5399960,58.07,3391,5030380,54.09,0,0,0,0,0,0
2021-04-24,55.82,0,44.18,767,5400727,58.08,1290,5031670,54.11,0,0,0,0,0,0
2021-04-25,55.89,0,44.11,4828,5405555,58.13,6925,5038595,54.18,0,0,0,0,0,0
2021-04-26,55.96,0,44.04,5479,5411034,58.19,7889,5046484,54.27,0,0,0,0,0,0
2021-04-27,56.03,0,43.97,4507,5415541,58.24,6625,5053109,54.34,0,0,0,0,0,0
2021-04-28,56.09,0,43.91,4501,5420042,58.28,7334,5060443,54.42,0,0,0,0,0,0
2021-04-29,56.16,0,43.84,4376,5424418,58.33,7294,5067737,54.5,0,0,0,0,0,0
2021-04-30,56.19,0,43.81,1923,5426341,58.35,3202,5070939,54.53,0,0,0,0,0,0
2021-05-01,56.2,0,43.8,458,5426799,58.36,895,5071834,54.54,0,0,0,0,0,0
2021-05-02,56.26,0,43.74,3225,5430024,58.39,6092,5077926,54.61,0,0,0,0,0,0
2021-05-03,56.32,0,43.68,3535,5433559,58.43,5835,5083761,54.67,0,0,0,0,0,0
2021-05-04,56.38,0,43.62,3593,5437152,58.47,4736,5088497,54.72,0,0,0,0,0,0
2021-05-05,56.44,0,43.56,3292,5440444,58.5,4093,5092590,54.76,0,0,0,0,0,0
2021-05-06,56.5,0,43.5,3644,5444088,58.54,3143,5095733,54.8,0,0,0,0,0,0
2021-05-07,56.52,0,43.48,1846,5445934,58.56,2509,5098242,54.82,0,0,0,0,0,0
2021-05-08,56.53,0,43.47,242,5446176,58.57,507,5098749,54.83,0,0,0,0,0,0
2021-05-09,56.58,0,43.42,2851,5449027,58.6,4751,5103500,54.88,0,0,0,0,0,0
2021-05-10,56.63,0,43.37,2897,5451924,58.63,4713,5108213,54.93,0,0,0,0,0,0
2021-05-11,56.67,0,43.33,2622,5454546,58.66,3881,5112094,54.97,0,0,0,0,0,0
2021-05-12,56.7,0,43.3,2031,5456577,58.68,3340,5115434,55.01,0,0,0,0,0,0
2021-05-13,56.73,0,43.27,2041,5458618,58.7,3685,5119119,55.05,0,0,0,0,0,0
2021-05-14,56.75,0,43.25,978,5459596,58.71,1494,5120613,55.06,0,0,0,0,0,0
2021-05-15,56.75,0,43.25,257,5459853,58.71,259,5120872,55.07,0,0,0,0,0,0
2021-05-16,56.78,0,43.22,529,5460382,58.72,1206,5122078,55.08,0,0,0,0,0,0
2021-05-17,56.81,0,43.19,301,5460683,58.72,848,5122926,55.09,0,0,0,0,0,0
2021-05-18,56.84,0,43.16,1962,5462645,58.74,4937,5127863,55.14,0,0,0,0,0,0
2021-05-19,56.87,0,43.13,2232,5464877,58.77,5042,5132905,55.2,0,0,0,0,0,0
2021-05-20,56.9,0,43.1,2312,5467189,58.79,3880,5136785,55.24,0,0,0,0,0,0
2021-05-21,56.92,0,43.08,1194,5468383,58.8,1414,5138199,55.25,0,0,0,0,0,0
2021-05-22,56.92,0,43.08,206,5468589,58.81,396,5138595,55.26,0,0,0,0,0,0
2021-05-23,56.94,0,43.06,2272,5470861,58.83,3216,5141811,55.29,0,0,0,0,0,0
2021-05-24,56.96,0,43.04,2139,5473000,58.85,3596,5145407,55.33,0,0,0,0,0,0
2021-05-25,56.99,0,43.01,1822,5474822,58.87,2588,5147995,55.36,0,0,0,0,0,0
2021-05-26,57.03,0,42.97,1410,5476232,58.89,2504,5150499,55.39,0,0,0,0,0,0
2021-05-27,57.06,0,42.94,1865,5478097,58.91,3188,5153687,55.42,0,0,0,0,0,0
2021-05-28,57.07,0,42.93,791,5478888,58.92,1406,5155093,55.44,0,0,0,0,0,0
2021-05-29,57.07,0,42.93,191,5479079,58.92,225,5155318,55.44,0,0,0,0,0,0
2021-05-30,57.1,0,42.9,1644,5480723,58.94,1937,5157255,55.46,0,0,0,0,0,0
2021-05-31,57.13,0,42.87,1739,5482462,58.96,2093,5159348,55.48,0,0,0,0,0,0
2021-06-01,57.47,0,42.53,1385,5483847,58.97,1823,5161171,55.5,0,0,0,0,0,0
2021-06-02,57.25,0,42.75,1514,5485361,58.99,1609,5162780,55.52,0,0,0,0,0,0
2021-06-03,57.27,0,42.73,1685,5487046,59,1493,5164273,55.53,0,0,0,0,0,0
2021-06-04,57.28,0,42.72,1101,5488147,59.02,784,5165057,55.54,0,0,0,0,0,0
2021-06-05,57.29,0,42.71,184,5488331,59.02,159,5165216,55.54,0,0,0,0,0,0
2021-06-06,57.31,0,42.69,4293,5492624,59.06,1002,5166218,55.55,0,0,0,0,0,0
2021-06-07,57.34,0,42.66,4438,5497062,59.11,813,5167031,55.56,0,0,0,0,0,0
2021-06-08,57.36,0,42.64,3739,5500801,59.15,1175,5168206,55.58,0,0,0,0,0,0
2021-06-09,57.4,0,42.6,3615,5504416,59.19,1329,5169535,55.59,0,0,0,0,0,0
2021-06-10,57.42,0,42.58,3361,5507777,59.23,1300,5170835,55.6,0,0,0,0,0,0
2021-06-11,57.43,0,42.57,1401,5509178,59.24,590,5171425,55.61,0,0,0,0,0,0
2021-06-12,57.43,0,42.57,220,5509398,59.25,173,5171598,55.61,0,0,0,0,0,0
2021-06-13,57.45,0,42.55,3101,5512499,59.28,1260,5172858,55.63,0,0,0,0,0,0
2021-06-14,57.46,0,42.54,3057,5515556,59.31,1531,5174389,55.64,0,0,0,0,0,0
2021-06-15,57.48,0,42.52,3137,5518693,59.35,1376,5175765,55.66,0,0,0,0,0,0
2021-06-16,57.49,0,42.51,2733,5521426,59.37,1001,5176766,55.67,0,0,0,0,0,0
2021-06-17,57.51,0,42.49,2733,5524159,59.4,1209,5177975,55.68,0,0,0,0,0,0
2021-06-18,57.52,0,42.48,1269,5525428,59.42,506,5178481,55.69,0,0,0,0,0,0
2021-06-19,57.52,0,42.48,242,5525670,59.42,139,5178620,55.69,0,0,0,0,0,0
2021-06-20,57.54,0,42.46,3316,5528986,59.46,1330,5179950,55.7,0,0,0,0,0,0
2021-06-21,57.56,0,42.44,5250,5534236,59.51,1218,5181168,55.72,0,0,0,0,0,0
2021-06-22,57.58,0,42.42,6935,5541171,59.59,1100,5182268,55.73,0,0,0,0,0,0
2021-06-23,57.6,0,42.4,10757,5551928,59.7,1304,5183572,55.74,0,0,0,0,0,0
2021-06-24,57.62,0,42.38,12049,5563977,59.83,1466,5185038,55.76,0,0,0,0,0,0
2021-06-25,57.62,0,42.38,7117,5571094,59.91,944,5185982,55.77,0,0,0,0,0,0
2021-06-26,57.63,0,42.37,2275,5573369,59.93,200,5186182,55.77,0,0,0,0,0,0
2021-06-27,57.65,0,42.35,13631,5587000,60.08,3436,5189618,55.81,0,0,0,0,0,0
2021-06-28,57.68,0,42.32,14518,5601518,60.24,3675,5193293,55.85,0,0,0,0,0,0
2021-06-29,57.69,0,42.31,16710,5618228,60.42,3744,5197037,55.89,0,0,0,0,0,0
2021-06-30,57.72,0,42.28,16485,5634713,60.59,3396,5200433,55.92,0,0,0,0,0,0
2021-07-01,57.78,0,42.22,16837,5651550,60.77,3379,5203812,55.96,121,121,0,0,0,0
2021-07-02,57.79,0,42.21,9836,5661386,60.88,1607,5205419,55.98,7,128,0,0,0,0
2021-07-03,57.79,0,42.21,2677,5664063,60.91,298,5205717,55.98,2,130,0,0,0,0
2021-07-04,57.85,0,42.15,17735,5681798,61.1,3161,5208878,56.01,2,132,0,0,0,0
2021-07-05,57.91,0,42.09,17850,5699648,61.29,3046,5211924,56.05,7,139,0,0,0,0
2021-07-06,57.99,0,42.01,17847,5717495,61.48,3409,5215333,56.08,11,150,0,0,0,0
2021-07-07,58.05,0,41.95,15529,5733024,61.65,2703,5218036,56.11,12,162,0,0,0,0
2021-07-08,58.12,0,41.88,16588,5749612,61.83,2881,5220917,56.14,17,179,0,0,0,0
2021-07-09,58.15,0,41.85,11125,5760737,61.95,1535,5222452,56.16,4,183,0,0,0,0
2021-07-10,58.15,0,41.85,4988,5765725,62,391,5222843,56.16,6,189,0,0,0,0
2021-07-11,58.22,0,41.78,1456,5767181,62.02,2848,5225691,56.19,8,197,0,0,0,0
2021-07-12,58.29,0,41.71,2427,5769608,62.04,3695,5229386,56.23,56,253,0,0,0,0
2021-07-13,58.36,0,41.64,2965,5772573,62.08,5460,5234846,56.29,124,377,0,0,0,0
2021-07-14,58.42,0,41.58,2747,5775320,62.1,7534,5242380,56.37,441,818,0.01,0,0,0
2021-07-15,58.5,0,41.5,3008,5778328,62.14,9301,5251681,56.47,374,1192,0.01,0,0,0
2021-07-16,58.54,0,41.46,1296,5779624,62.15,5898,5257579,56.54,66,1258,0.01,0,0,0
2021-07-17,58.55,0,41.44,371,5779995,62.16,1391,5258970,56.55,8,1266,0.01,0,0,0
2021-07-18,58.6,0,41.4,2073,5782068,62.18,9768,5268738,56.66,235,1501,0.02,0,0,0
2021-07-19,58.65,0,41.35,3211,5785279,62.21,11345,5280083,56.78,461,1962,0.02,0,0,0
2021-07-20,58.72,0,41.28,2687,5787966,62.24,11912,5291995,56.91,373,2335,0.03,0,0,0
2021-07-21,58.81,0,41.19,2408,5790374,62.27,11880,5303875,57.04,325,2660,0.03,0,0,0
2021-07-22,58.93,0,41.07,2876,5793250,62.3,13278,5317153,57.18,391,3051,0.03,0,0,0
2021-07-23,58.99,0,41.01,2036,5795286,62.32,8250,5325403,57.27,106,3157,0.03,0,0,0
2021-07-24,58.99,0,41,643,5795929,62.33,1485,5326888,57.28,7,3164,0.03,0,0,0
2021-07-25,59.1,0,40.89,4416,5800345,62.37,15499,5342387,57.45,223,3387,0.04,0,0,0
2021-07-26,59.24,0,40.75,5172,5805517,62.43,13533,5355920,57.59,325,3712,0.04,0,0,0
2021-07-27,59.37,0.01,40.62,5493,5811010,62.49,13578,5369498,57.74,414,4126,0.04,0,0,0
2021-07-28,59.5,0.01,40.49,3990,5815000,62.53,12345,5381843,57.87,472,4598,0.05,0,0,0
2021-07-29,59.65,0.01,40.33,4665,5819665,62.58,14199,5396042,58.03,532,5130,0.06,0,0,0
2021-07-30,59.74,0.02,40.25,2656,5822321,62.61,10855,5406897,58.14,4122,9252,0.1,0,0,0
2021-07-31,59.75,0.02,40.23,1407,5823728,62.63,3553,5410450,58.18,6159,15411,0.17,0,0,0
2021-08-01,59.91,0.02,40.06,3078,5826806,62.66,3366,5413816,58.22,31047,46458,0.5,0,0,0
2021-08-02,60.06,0.03,39.91,3134,5829940,62.69,3174,5416990,58.25,58514,104972,1.13,0,0,0
2021-08-03,60.21,0.03,39.76,3386,5833326,62.73,3329,5420319,58.29,78953,183925,1.98,0,0,0
2021-08-04,60.34,0.03,39.63,3532,5836858,62.77,3255,5423574,58.32,80764,264689,2.85,0,0,0
2021-08-05,60.49,0.04,39.47,4513,5841371,62.82,3569,5427143,58.36,88442,353131,3.8,0,0,0
2021-08-06,60.6,0.04,39.36,2436,5843807,62.84,1861,5429004,58.38,44744,397875,4.28,0,0,0
2021-08-07,60.63,0.04,39.32,1033,5844840,62.85,700,5429704,58.39,27353,425228,4.57,0,0,0
2021-08-08,60.68,0.04,39.28,4991,5849831,62.91,3082,5432786,58.42,80087,505315,5.43,0,0,0
2021-08-09,60.72,0.04,39.24,5340,5855171,62.96,3062,5435848,58.45,76489,581804,6.26,0,0,0
2021-08-10,60.75,0.04,39.2,5552,5860723,63.02,3203,5439051,58.49,75427,657231,7.07,0,0,0
2021-08-11,60.79,0.04,39.17,5695,5866418,63.08,2947,5441998,58.52,62641,719872,7.74,0,0,0
2021-08-12,60.83,0.04,39.12,7039,5873457,63.16,3289,5445287,58.56,59462,779334,8.38,0,0,0
2021-08-13,60.84,0.05,39.11,3821,5877278,63.2,2074,5447361,58.58,43870,823204,8.85,0,0,0
2021-08-14,60.85,0.05,39.1,2252,5879530,63.23,852,5448213,58.59,44486,867690,9.33,0,0,0
2021-08-15,60.89,0.05,39.06,7144,5886674,63.3,4530,5452743,58.64,97984,965674,10.38,0,0,0
2021-08-16,60.92,0.04,39.03,6991,5893665,63.38,4748,5457491,58.69,89521,1055195,11.35,0,0,0
2021-08-17,60.96,0.04,39,7572,5901237,63.46,5138,5462629,58.74,83320,1138515,12.24,0,0,0
2021-08-18,60.99,0.04,38.96,8643,5909880,63.55,4603,5467232,58.79,69267,1207782,12.99,0,0,0
2021-08-19,61.03,0.04,38.92,10081,5919961,63.66,5217,5472449,58.85,65975,1273757,13.7,0,0,0
2021-08-20,61.05,0.05,38.9,4768,5924729,63.71,2827,5475276,58.88,60453,1334210,14.35,0,0,0
2021-08-21,61.06,0.05,38.89,3498,5928227,63.75,1580,5476856,58.9,50725,1384935,14.89,0,0,0
2021-08-22,61.12,0.04,38.84,9823,5938050,63.85,4808,5481664,58.95,105109,1490044,16.02,0,0,0
2021-08-23,61.17,0.04,38.79,10924,5948974,63.97,4448,5486112,58.99,94032,1584076,17.03,0,0,0
2021-08-24,61.23,0.04,38.73,11720,5960694,64.1,4703,5490815,59.05,98552,1682628,18.09,0,0,0
2021-08-25,61.29,0.04,38.67,9613,5970307,64.2,4485,5495300,59.09,99553,1782181,19.16,0,0,0
2021-08-26,61.36,0.03,38.61,10110,5980417,64.31,5058,5500358,59.15,101230,1883411,20.25,0,0,0
2021-08-27,61.35,0.04,38.61,4325,5984742,64.36,2788,5503146,59.18,56695,1940106,20.86,0,0,0
2021-08-28,61.4,0.04,38.57,3702,5988444,64.4,1499,5504645,59.19,33539,1973645,21.22,0,0,0
2021-08-29,61.46,0.03,38.5,10321,5998765,64.51,5931,5510576,59.26,79550,2053195,22.08,0,0,0
2021-08-30,61.53,0.03,38.44,12334,6011099,64.64,7015,5517591,59.33,116008,2169203,23.33,0,0,0
2021-08-31,61.6,0.03,38.37,12077,6023176,64.77,6528,5524119,59.4,114875,2284078,24.56,0,0,0
2021-09-01,61.43,0.03,38.54,9033,6032209,64.87,6042,5530161,59.47,112492,2396570,25.77,0,0,0
2021-09-02,61.49,0.03,38.48,8785,6040994,64.96,7182,5537343,59.55,111543,2508113,26.97,0,0,0
2021-09-03,61.56,0.03,38.42,3750,6044744,65,4116,5541459,59.59,58885,2566998,27.6,0,0,0
2021-09-04,61.59,0.03,38.38,2691,6047435,65.03,2022,5543481,59.61,29951,2596949,27.93,0,0,0
2021-09-05,61.68,0.03,38.29,6991,6054426,65.11,6460,5549941,59.68,73326,2670275,28.71,0,0,0
2021-09-06,61.77,0.03,38.2,2836,6057262,65.14,2716,5552657,59.71,22798,2693073,28.96,0,0,0
2021-09-07,61.85,0.03,38.12,1201,6058463,65.15,879,5553536,59.72,5398,2698471,29.02,0,0,0
2021-09-08,61.93,0.03,38.05,1380,6059843,65.16,1196,5554732,59.73,6621,2705092,29.09,0,0,0
2021-09-09,62.02,0.03,37.95,7090,6066933,65.24,12574,5567306,59.87,73845,2778937,29.88,0,0,0
2021-09-10,62.06,0.03,37.91,3258,6070191,65.28,5016,5572322,59.92,37936,2816873,30.29,0,0,0
2021-09-11,62.08,0.03,37.89,2109,6072300,65.3,2506,5574828,59.95,14816,2831689,30.45,0,0,0
2021-09-12,62.16,0.03,37.81,6106,6078406,65.36,8588,5583416,60.04,54136,2885825,31.03,0,0,0
2021-09-13,62.15,0.03,37.82,5612,6084018,65.42,8263,5591679,60.13,47982,2933807,31.55,0,0,0
2021-09-14,62.2,0.03,37.77,4962,6088980,65.48,7423,5599102,60.21,48855,2982662,32.07,0,0,0
2021-09-15,62.25,0.03,37.72,1750,6090730,65.5,2717,5601819,60.24,16687,2999349,32.25,0,0,0
2021-09-16,62.37,0.03,37.6,343,6091073,65.5,549,5602368,60.25,1740,3001089,32.27,0,0,0
2021-09-17,62.42,0.03,37.54,3682,6094755,65.54,7021,5609389,60.32,42905,3043994,32.73,0,0,0
2021-09-18,62.45,0.03,37.52,2258,6097013,65.56,2945,5612334,60.35,12783,3056777,32.87,0,0,0
2021-09-19,62.55,0.03,37.42,5942,6102955,65.63,10710,5623044,60.47,44332,3101109,33.35,0,0,0
2021-09-20,62.63,0.03,37.34,3246,6106201,65.66,4646,5627690,60.52,16708,3117817,33.53,0,0,0
2021-09-21,62.69,0.03,37.28,1340,6107541,65.68,2062,5629752,60.54,3477,3121294,33.56,0,0,0
2021-09-22,62.72,0.03,37.25,4258,6111799,65.72,7250,5637002,60.62,25072,3146366,33.83,0,0,0
2021-09-23,62.75,0.03,37.22,4390,6116189,65.77,5914,5642916,60.68,27834,3174200,34.13,0,0,0
2021-09-24,62.82,0.03,37.15,3202,6119391,65.8,4185,5647101,60.73,27723,3201923,34.43,0,0,0
2021-09-25,62.85,0.03,37.12,2079,6121470,65.83,2262,5649363,60.75,10443,3212366,34.54,0,0,0
2021-09-26,62.96,0.03,37,5604,6127074,65.89,5973,5655336,60.81,36270,3248636,34.93,0,0,0
2021-09-27,63.02,0.03,36.94,4695,6131769,65.94,4469,5659805,60.86,30455,3279091,35.26,0,0,0
2021-09-28,63.06,0.04,36.91,1472,6133241,65.95,1183,5660988,60.88,6249,3285340,35.33,0,0,0
2021-09-29,63.13,0.03,36.84,9620,6142861,66.06,8348,5669336,60.97,60325,3345665,35.98,0,0,0
2021-09-30,63.18,0.03,36.79,10973,6153834,66.18,8576,5677912,61.06,79701,3425366,36.83,0,0,0
2021-10-01,63.23,0.03,36.73,5126,6158960,66.23,3875,5681787,61.1,46545,3471911,37.34,0,0,0
2021-10-02,63.26,0.03,36.71,2865,6161825,66.26,2127,5683914,61.12,22432,3494343,37.58,0,0,0
2021-10-03,63.35,0.03,36.62,11667,6173492,66.39,7276,5691190,61.2,70726,3565069,38.34,0,0,0
2021-10-04,63.4,0.03,36.57,10320,6183812,66.5,6759,5697949,61.27,51910,3616979,38.9,0,0,0
2021-10-05,63.41,0.03,36.55,8461,6192273,66.59,5314,5703263,61.33,40479,3657458,39.33,0,0,0
2021-10-06,63.52,0.03,36.45,7543,6199816,66.67,4183,5707446,61.38,34148,3691606,39.7,0,0,0
2021-10-07,63.63,0.03,36.34,6891,6206707,66.74,4009,5711455,61.42,34068,3725674,40.06,0,0,0
2021-10-08,63.68,0.03,36.29,3086,6209793,66.78,2643,5714098,61.45,19250,3744924,40.27,0,0,0
2021-10-09,63.71,0.03,36.26,1340,6211133,66.79,1443,5715541,61.46,7441,3752365,40.35,0,0,0
2021-10-10,63.82,0.04,36.14,4676,6215809,66.84,3747,5719288,61.5,21519,3773884,40.58,0,0,0
2021-10-11,63.91,0.04,36.05,4299,6220108,66.89,2944,5722232,61.53,17268,3791152,40.77,0,0,0
2021-10-12,63.99,0.05,35.96,3976,6224084,66.93,3005,5725237,61.57,15356,3806508,40.93,0,0,0
2021-10-13,64.09,0.05,35.86,3487,6227571,66.97,2451,5727688,61.59,13587,3820095,41.08,0,0,0
2021-10-14,64.19,0.06,35.75,3869,6231440,67.01,2685,5730373,61.62,16567,3836662,41.26,0,0,0
2021-10-15,64.23,0.07,35.7,1703,6233143,67.03,1683,5732056,61.64,9011,3845673,41.35,0,0,0
2021-10-16,64.25,0.08,35.67,727,6233870,67.04,956,5733012,61.65,4035,3849708,41.4,0,0,0
2021-10-17,64.36,0.09,35.56,3090,6236960,67.07,2525,5735537,61.68,12798,3862506,41.54,0,0,0
2021-10-18,64.43,0.1,35.47,2460,6239420,67.1,1690,5737227,61.7,10069,3872575,41.64,0,0,0
2021-10-19,64.49,0.1,35.4,2397,6241817,67.12,1284,5738511,61.71,9294,3881869,41.74,0,0,0
2021-10-20,64.14,0.52,35.34,2435,6244252,67.15,2305,5740816,61.73,10102,3891971,41.85,0,0,0
2021-10-21,54.23,10.41,35.36,3034,6247286,67.18,3096,5743912,61.77,12163,3904134,41.98,0,0,0
2021-10-22,54.36,10.26,35.38,1279,6248565,67.19,1437,5745349,61.78,5839,3909973,42.05,0,0,0
2021-10-23,54.42,10.19,35.39,574,6249139,67.2,1266,5746615,61.8,2564,3912537,42.07,0,0,0
2021-10-24,54.22,10.43,35.35,2516,6251655,67.23,2653,5749268,61.82,9855,3922392,42.18,0,0,0
2021-10-25,54.59,10.22,35.19,2638,6254293,67.26,2751,5752019,61.85,8510,3930902,42.27,0,0,0
2021-10-26,54.64,10.26,35.1,2380,6256673,67.28,2058,5754077,61.88,8525,3939427,42.36,0,0,0
2021-10-27,54.58,10.37,35.06,2289,6258962,67.31,2566,5756643,61.9,7957,3947384,42.45,0,0,0
2021-10-28,54.69,10.76,34.55,2503,6261465,67.33,2780,5759423,61.93,8673,3956057,42.54,0,0,0
2021-10-29,54.73,10.75,34.52,900,6262365,67.34,1153,5760576,61.95,4138,3960195,42.59,0,0,0
2021-10-30,54.68,10.81,34.52,366,6262731,67.35,530,5761106,61.95,1712,3961907,42.6,0,0,0
2021-10-31,54.83,10.7,34.47,2260,6264991,67.37,2495,5763601,61.98,8255,3970162,42.69,0,0,0
2021-11-01,54.95,10.63,34.42,1738,6266729,67.39,2093,5765694,62,6479,3976641,42.76,0,0,0
2021-11-02,54.89,10.69,34.42,2026,6268755,67.41,2047,5767741,62.02,6296,3982937,42.83,0,0,0
2021-11-03,54.86,10.75,34.39,1763,6270518,67.43,1897,5769638,62.04,5556,3988493,42.89,0,0,0
2021-11-04,54.85,10.81,34.33,2111,6272629,67.45,2802,5772440,62.07,7130,3995623,42.97,0,0,0
2021-11-05,54.85,10.83,34.32,790,6273419,67.46,904,5773344,62.08,3487,3999110,43,0,0,0
2021-11-06,54.82,10.86,34.32,347,6273766,67.47,388,5773732,62.09,1373,4000483,43.02,0,0,0
2021-11-07,54.92,10.8,34.28,1578,6275344,67.48,1769,5775501,62.11,6134,4006617,43.09,0,0,0
2021-11-08,55.01,10.75,34.24,1519,6276863,67.5,1602,5777103,62.12,5405,4012022,43.14,0,0,0
2021-11-09,55.05,10.74,34.21,1428,6278291,67.51,1611,5778714,62.14,5331,4017353,43.2,0,0,0
2021-11-10,55.08,10.73,34.19,1424,6279715,67.53,1661,5780375,62.16,4778,4022131,43.25,0,0,0
2021-11-11,55.15,10.69,34.15,1627,6281342,67.55,1947,5782322,62.18,5717,4027848,43.31,0,0,0
2021-11-12,55.17,10.69,34.14,635,6281977,67.55,826,5783148,62.19,2923,4030771,43.34,0,0,0
2021-11-13,55.14,10.72,34.14,257,6282234,67.56,290,5783438,62.19,1130,4031901,43.36,0,0,0
2021-11-14,55.21,10.68,34.11,1536,6283770,67.57,1639,5785077,62.21,5110,4037011,43.41,0,0,0
2021-11-15,55.28,10.63,34.09,1275,6285045,67.59,1626,5786703,62.23,4770,4041781,43.46,0,0,0
2021-11-16,55.32,10.62,34.07,1275,6286320,67.6,1416,5788119,62.24,4349,4046130,43.51,0,0,0
2021-11-17,55.35,10.6,34.05,1208,6287528,67.61,1565,5789684,62.26,3915,4050045,43.55,0,0,0
2021-11-18,55.41,10.58,34.02,1364,6288892,67.63,1692,5791376,62.28,5010,4055055,43.61,0,0,0
2021-11-19,55.42,10.57,34.01,588,6289480,67.63,763,5792139,62.29,2460,4057515,43.63,0,0,0
2021-11-20,55.41,10.58,34,238,6289718,67.64,258,5792397,62.29,929,4058444,43.64,0,0,0
2021-11-21,55.47,10.54,33.98,1409,6291127,67.65,1541,5793938,62.31,4881,4063325,43.7,0,0,0
2021-11-22,55.54,10.5,33.96,1680,6292807,67.67,1522,5795460,62.32,4239,4067564,43.74,0,0,0
2021-11-23,55.57,10.48,33.95,8622,6301429,67.76,1688,5797148,62.34,4010,4071574,43.78,0,0,0
2021-11-24,55.6,10.44,33.95,9349,6310778,67.86,1318,5798466,62.35,3923,4075497,43.83,0,0,0
2021-11-25,55.64,10.43,33.93,9812,6320590,67.97,1600,5800066,62.37,4841,4080338,43.88,0,0,0
2021-11-26,55.63,10.45,33.92,5610,6326200,68.03,748,5800814,62.38,2803,4083141,43.91,0,0,0
2021-11-27,55.62,10.46,33.92,4779,6330979,68.08,323,5801137,62.38,1164,4084305,43.92,0,0,0
2021-11-28,55.67,10.43,33.9,10152,6341131,68.19,1479,5802616,62.4,4904,4089209,43.97,0,0,0
2021-11-29,55.73,10.39,33.88,9043,6350174,68.29,1134,5803750,62.41,4376,4093585,44.02,0,0,0
2021-11-30,55.77,10.37,33.86,10044,6360218,68.39,1035,5804785,62.42,4084,4097669,44.06,0,0,0
2021-12-01,55.79,10.36,33.84,8632,6368850,68.49,1097,5805882,62.43,4444,4102113,44.11,6,6,0
2021-12-02,55.84,10.34,33.82,9177,6378027,68.59,1454,5807336,62.45,5125,4107238,44.17,6,12,0
2021-12-03,55.86,10.33,33.81,6333,6384360,68.65,673,5808009,62.46,2868,4110106,44.2,1,13,0
2021-12-04,55.85,10.34,33.81,2509,6386869,68.68,237,5808246,62.46,924,4111030,44.21,3,16,0
2021-12-05,55.9,10.31,33.79,8335,6395204,68.77,1254,5809500,62.47,4683,4115713,44.26,1,17,0
2021-12-06,55.95,10.27,33.78,6723,6401927,68.84,1200,5810700,62.49,4351,4120064,44.31,4,21,0
2021-12-07,55.99,10.25,33.76,5553,6407480,68.9,1504,5812204,62.5,3965,4124029,44.35,9,30,0
2021-12-08,56.03,10.22,33.75,4936,6412416,68.96,1199,5813403,62.51,3883,4127912,44.39,10,40,0
2021-12-09,56.08,10.19,33.73,6239,6418655,69.02,1241,5814644,62.53,4508,4132420,44.44,8,48,0
2021-12-10,56.1,10.18,33.72,3005,6421660,69.06,703,5815347,62.54,2687,4135107,44.47,4,52,0
2021-12-11,56.1,10.18,33.71,1491,6423151,69.07,254,5815601,62.54,1018,4136125,44.48,0,52,0
2021-12-12,56.16,10.15,33.69,7274,6430425,69.15,1444,5817045,62.55,5248,4141373,44.53,3,55,0
2021-12-13,56.21,10.11,33.67,6182,6436607,69.22,1377,5818422,62.57,4350,4145723,44.58,5,60,0
2021-12-14,56.27,10.09,33.65,7317,6443924,69.29,6101,5824523,62.63,4940,4150663,44.63,12,72,0
2021-12-15,56.34,10.06,33.6,7204,6451128,69.37,7405,5831928,62.71,5444,4156107,44.69,7,79,0
2021-12-16,56.53,10.05,33.42,8079,6459207,69.46,8613,5840541,62.81,6563,4162670,44.76,8,87,0
2021-12-17,56.64,10.05,33.3,4406,6463613,69.51,5140,5845681,62.86,3954,4166624,44.81,3,90,0
2021-12-18,56.73,10.07,33.2,3941,6467554,69.55,2914,5848595,62.89,1360,4167984,44.82,2,92,0
2021-12-19,56.92,10.04,33.04,6977,6474531,69.62,9332,5857927,62.99,6275,4174259,44.89,6,98,0
2021-12-20,57.07,10.02,32.91,7972,6482503,69.71,7518,5865445,63.07,5445,4179704,44.95,9,107,0
2021-12-21,57.27,10.01,32.71,9549,6492052,69.81,8649,5874094,63.17,6491,4186195,45.02,8,115,0
2021-12-22,57.49,10,32.52,9664,6501716,69.92,8155,5882249,63.25,6251,4192446,45.08,12,127,0
2021-12-23,57.7,9.97,32.33,11539,6513255,70.04,10264,5892513,63.37,8160,4200606,45.17,16,143,0
2021-12-24,57.83,9.96,32.21,5873,6519128,70.1,6242,5898755,63.43,5281,4205887,45.23,12,155,0
2021-12-25,57.9,9.96,32.15,3338,6522466,70.14,2566,5901321,63.46,2021,4207908,45.25,6,161,0
2021-12-26,58.1,9.92,31.98,10653,6533119,70.25,8910,5910231,63.56,8201,4216109,45.34,8,169,0
2021-12-27,58.27,9.9,31.83,10371,6543490,70.37,7145,5917376,63.63,8187,4224296,45.43,21,190,0
2021-12-28,58.46,9.88,31.66,11375,6554865,70.49,7452,5924828,63.71,9642,4233938,45.53,24,214,0
2021-12-29,58.64,9.85,31.51,9933,6564798,70.59,5963,5930791,63.78,8375,4242313,45.62,21,235,0
2021-12-30,58.84,9.82,31.34,11011,6575809,70.71,7735,5938526,63.86,12241,4254554,45.75,10,245,0
2021-12-31,58.9,9.79,31.3,4829,6580638,70.76,3672,5942198,63.9,7296,4261850,45.83,135,380,0
2022-01-01,58.93,9.79,31.28,1993,6582631,70.79,1591,5943789,63.92,2741,4264591,45.86,66,446,0
2022-01-02,59.14,9.76,31.1,10217,6592848,70.9,6487,5950276,63.99,13002,4277593,46,590,1036,0.01
2022-01-03,59.29,9.71,31,9384,6602232,71,5258,5955534,64.04,11341,4288934,46.12,25054,26090,0.28
2022-01-04,59.46,9.68,30.86,8966,6611198,71.09,5950,5961484,64.11,10525,4299459,46.23,50659,76749,0.83
2022-01-05,59.56,9.65,30.79,8553,6619751,71.19,5739,5967223,64.17,10494,4309953,46.35,59590,136339,1.47
2022-01-06,59.81,9.63,30.56,10339,6630090,71.3,7959,5975182,64.25,13530,4323483,46.49,64001,200340,2.15
2022-01-07,59.89,9.61,30.49,4760,6634850,71.35,4556,5979738,64.3,8166,4331649,46.58,31135,231475,2.49
2022-01-08,59.9,9.64,30.46,2750,6637600,71.38,2451,5982189,64.33,5502,4337151,46.64,27631,259106,2.79
2022-01-09,60.06,9.59,30.35,9306,6646906,71.48,7722,5989911,64.41,11869,4349020,46.77,66765,325871,3.5
2022-01-10,60.21,9.54,30.25,8349,6655255,71.57,7646,5997557,64.49,11882,4360902,46.89,64775,390646,4.2
2022-01-11,60.38,9.49,30.13,8100,6663355,71.65,8621,6006178,64.59,11972,4372874,47.02,56657,447303,4.81
2022-01-12,60.51,9.45,30.04,7277,6670632,71.73,8303,6014481,64.68,11114,4383988,47.14,44631,491934,5.29
2022-01-13,60.7,9.35,29.94,7509,6678141,71.81,9617,6024098,64.78,11543,4395531,47.27,34767,526701,5.66
2022-01-14,60.79,9.31,29.9,2555,6680696,71.84,4935,6029033,64.83,6144,4401675,47.33,11141,537842,5.78
2022-01-15,60.83,9.29,29.87,1469,6682165,71.86,3170,6032203,64.87,3884,4405559,47.38,5716,543558,5.85
2022-01-16,60.97,9.2,29.82,3818,6685983,71.9,8526,6040729,64.96,7682,4413241,47.46,19992,563550,6.06
2022-01-17,61.09,9.13,29.78,2808,6688791,71.93,7047,6047776,65.03,6171,4419412,47.52,17833,581383,6.25
2022-01-18,61.23,9.07,29.7,2475,6691266,71.95,7386,6055162,65.11,5534,4424946,47.58,14817,596200,6.41
2022-01-19,61.37,8.98,29.65,1915,6693181,71.98,6369,6061531,65.18,4520,4429466,47.63,8461,604661,6.5
2022-01-20,61.44,8.85,29.71,1778,6694959,71.99,6969,6068500,65.26,4793,4434259,47.68,8041,612702,6.59
2022-01-21,61.51,8.81,29.68,905,6695864,72,3725,6072225,65.3,2646,4436905,47.71,3358,616060,6.62
2022-01-22,61.51,8.75,29.74,328,6696192,72.01,1461,6073686,65.31,1066,4437971,47.72,1113,617173,6.64
2022-01-23,61.61,8.7,29.69,1068,6697260,72.02,5632,6079318,65.37,2879,4440850,47.75,6083,623256,6.7
2022-01-24,61.73,8.62,29.65,759,6698019,72.03,4480,6083798,65.42,2267,4443117,47.78,5055,628311,6.76
2022-01-25,61.9,8.51,29.59,744,6698763,72.04,4401,6088199,65.47,2184,4445301,47.8,7102,635413,6.83
2022-01-26,62.02,8.42,29.57,615,6699378,72.04,3285,6091484,65.5,1612,4446913,47.82,4262,639675,6.88
2022-01-27,62.12,8.35,29.52,798,6700176,72.05,4406,6095890,65.55,2005,4448918,47.84,5441,645116,6.94
2022-01-28,62.16,8.33,29.5,395,6700571,72.05,2376,6098266,65.58,1181,4450099,47.85,3452,648568,6.97
2022-01-29,62.23,8.29,29.48,124,6700695,72.06,1046,6099312,65.59,424,4450523,47.86,1162,649730,6.99
2022-01-30,62.3,8.24,29.46,769,6701464,72.06,4719,6104031,65.64,2020,4452543,47.88,8099,657829,7.07
2022-01-31,62.39,8.17,29.43,528,6701992,72.07,3184,6107215,65.67,1610,4454153,47.9,6472,664301,7.14
2022-02-01,62.45,8.15,29.4,481,6702473,72.08,2808,6110023,65.7,1526,4455679,47.91,5721,670022,7.21
2022-02-02,62.28,8.13,29.59,375,6702848,72.08,2395,6112418,65.73,1385,4457064,47.93,5074,675096,7.26
2022-02-03,62.34,8.08,29.57,446,6703294,72.08,2776,6115194,65.76,1462,4458526,47.94,5607,680703,7.32
2022-02-04,62.37,8.06,29.57,174,6703468,72.09,991,6116185,65.77,757,4459283,47.95,2455,683158,7.35
2022-02-05,62.34,8.09,29.56,62,6703530,72.09,342,6116527,65.77,221,4459504,47.96,420,683578,7.35
2022-02-06,62.41,8.05,29.55,407,6703937,72.09,2320,6118847,65.8,1343,4460847,47.97,5686,689264,7.41
2022-02-07,62.47,8.01,29.52,282,6704219,72.09,1308,6120155,65.81,983,4461830,47.98,5960,695224,7.48
2022-02-08,62.54,7.97,29.49,317,6704536,72.1,1498,6121653,65.83,1068,4462898,47.99,6137,701361,7.54
2022-02-09,62.6,7.95,29.45,254,6704790,72.1,1102,6122755,65.84,946,4463844,48,4570,705931,7.59
2022-02-10,62.63,7.93,29.44,273,6705063,72.1,1293,6124048,65.85,936,4464780,48.01,4815,710746,7.64
2022-02-11,62.67,7.91,29.42,211,6705274,72.11,557,6124605,65.86,518,4465298,48.02,2540,713286,7.67
2022-02-12,62.67,7.91,29.41,32,6705306,72.11,90,6124695,65.86,135,4465433,48.02,269,713555,7.67
2022-02-13,62.73,7.87,29.39,286,6705592,72.11,946,6125641,65.87,966,4466399,48.03,4998,718553,7.73
2022-02-14,62.89,7.74,29.36,180,6705772,72.11,627,6126268,65.88,760,4467159,48.04,3142,721695,7.76
2022-02-15,62.92,7.73,29.35,266,6706038,72.11,763,6127031,65.89,936,4468095,48.05,3819,725514,7.8
2022-02-16,62.95,7.72,29.34,179,6706217,72.12,577,6127608,65.89,803,4468898,48.06,2488,728002,7.83
2022-02-17,62.96,7.7,29.34,247,6706464,72.12,740,6128348,65.9,775,4469673,48.06,3061,731063,7.86
2022-02-18,62.98,7.69,29.33,130,6706594,72.12,343,6128691,65.9,439,4470112,48.07,1119,732182,7.87
2022-02-19,62.99,7.69,29.32,33,6706627,72.12,84,6128775,65.91,82,4470194,48.07,80,732262,7.87
2022-02-20,63.01,7.67,29.32,204,6706831,72.12,604,6129379,65.91,723,4470917,48.08,2574,734836,7.9
2022-02-21,63.04,7.65,29.31,173,6707004,72.12,413,6129792,65.92,489,4471406,48.08,1542,736378,7.92
2022-02-22,63.05,7.65,29.3,158,6707162,72.13,454,6130246,65.92,570,4471976,48.09,1871,738249,7.94
2022-02-23,63.06,7.65,29.29,109,6707271,72.13,353,6130599,65.93,453,4472429,48.09,1153,739402,7.95
2022-02-24,63.05,7.66,29.29,138,6707409,72.13,463,6131062,65.93,568,4472997,48.1,1493,740895,7.97
2022-02-25,63.06,7.66,29.28,59,6707468,72.13,144,6131206,65.93,192,4473189,48.1,456,741351,7.97
2022-02-26,63.05,7.67,29.28,17,6707485,72.13,28,6131234,65.93,161,4473350,48.1,35,741386,7.97
2022-02-27,63.05,7.67,29.28,112,6707597,72.13,341,6131575,65.94,448,4473798,48.11,1119,742505,7.98
2022-02-28,63.07,7.65,29.28,108,6707705,72.13,271,6131846,65.94,423,4474221,48.11,907,743412,7.99
2022-03-01,63.1,7.63,29.27,95,6707800,72.13,280,6132126,65.94,373,4474594,48.12,797,744209,8
2022-03-02,63.11,7.62,29.27,77,6707877,72.13,199,6132325,65.94,324,4474918,48.12,697,744906,8.01
2022-03-03,63.05,7.67,29.27,157,6708034,72.13,371,6132696,65.95,498,4475416,48.13,987,745893,8.02
2022-03-04,63.05,7.68,29.27,53,6708087,72.14,170,6132866,65.95,170,4475586,48.13,227,746120,8.02
2022-03-05,63.04,7.69,29.27,4,6708091,72.14,25,6132891,65.95,43,4475629,48.13,32,746152,8.02
2022-03-06,63.04,7.69,29.27,97,6708188,72.14,258,6133149,65.95,418,4476047,48.13,760,746912,8.03
2022-03-07,63.05,7.69,29.26,87,6708275,72.14,260,6133409,65.96,354,4476401,48.14,604,747516,8.04
2022-03-08,63.04,7.7,29.26,99,6708374,72.14,263,6133672,65.96,333,4476734,48.14,550,748066,8.04
2022-03-09,63.02,7.72,29.25,89,6708463,72.14,213,6133885,65.96,337,4477071,48.14,492,748558,8.05
2022-03-10,63.01,7.74,29.25,115,6708578,72.14,375,6134260,65.96,428,4477499,48.15,620,749178,8.06
2022-03-11,63,7.75,29.25,24,6708602,72.14,86,6134346,65.97,123,4477622,48.15,144,749322,8.06
2022-03-12,62.98,7.77,29.24,11,6708613,72.14,12,6134358,65.97,34,4477656,48.15,28,749350,8.06
2022-03-13,62.98,7.78,29.24,100,6708713,72.14,271,6134629,65.97,358,4478014,48.15,595,749945,8.06
2022-03-14,62.98,7.78,29.24,65,6708778,72.14,254,6134883,65.97,316,4478330,48.16,559,750504,8.07
2022-03-15,62.95,7.81,29.24,79,6708857,72.14,185,6135068,65.97,293,4478623,48.16,591,751095,8.08
2022-03-16,62.94,7.82,29.24,76,6708933,72.14,205,6135273,65.98,305,4478928,48.16,668,751763,8.08
2022-03-17,62.94,7.82,29.24,65,6708998,72.15,122,6135395,65.98,286,4479214,48.17,613,752376,8.09
2022-03-18,62.94,7.82,29.24,20,6709018,72.15,54,6135449,65.98,100,4479314,48.17,234,752610,8.09
2022-03-19,62.89,7.88,29.23,6,6709024,72.15,11,6135460,65.98,28,4479342,48.17,39,752649,8.09
2022-03-20,62.87,7.89,29.23,119,6709143,72.15,260,6135720,65.98,486,4479828,48.17,1431,754080,8.11
2022-03-21,62.87,7.9,29.23,97,6709240,72.15,247,6135967,65.98,379,4480207,48.18,1132,755212,8.12
2022-03-22,62.84,7.94,29.23,141,6709381,72.15,342,6136309,65.99,508,4480715,48.18,1770,756982,8.14
2022-03-23,62.81,7.97,29.22,108,6709489,72.15,212,6136521,65.99,463,4481178,48.19,1677,758659,8.16
2022-03-24,62.78,8,29.22,174,6709663,72.15,345,6136866,65.99,769,4481947,48.2,2362,761021,8.18
2022-03-25,62.78,8,29.23,39,6709702,72.15,82,6136948,65.99,157,4482104,48.2,629,761650,8.19
2022-03-26,62.77,8,29.22,12,6709714,72.15,13,6136961,65.99,34,4482138,48.2,91,761741,8.19
2022-03-27,62.75,8.02,29.22,167,6709881,72.15,344,6137305,66,758,4482896,48.21,3193,764934,8.23
2022-03-28,62.75,8.03,29.22,113,6709994,72.16,270,6137575,66,623,4483519,48.21,2416,767350,8.25
2022-03-29,62.7,8.07,29.22,125,6710119,72.16,258,6137833,66,641,4484160,48.22,2772,770122,8.28
2022-03-30,62.81,8.11,29.07,132,6710251,72.16,207,6138040,66.01,539,4484699,48.23,2370,772492,8.31
2022-03-31,62.79,8.11,29.1,166,6710417,72.16,302,6138342,66.01,730,4485429,48.23,2853,775345,8.34
2022-04-01,62.72,8.13,29.15,122,6710539,72.16,161,6138503,66.01,277,4485706,48.24,585,775930,8.34
2022-04-02,62.69,8.15,29.16,7,6710546,72.16,7,6138510,66.01,37,4485743,48.24,52,775982,8.34
2022-04-03,62.65,8.16,29.19,159,6710705,72.16,270,6138780,66.01,569,4486312,48.24,2478,778460,8.37
2022-04-04,62.62,8.16,29.22,103,6710808,72.16,207,6138987,66.02,484,4486796,48.25,2224,780684,8.4
2022-04-05,62.57,8.19,29.25,122,6710930,72.17,219,6139206,66.02,513,4487309,48.25,2242,782926,8.42
2022-04-06,62.55,8.2,29.25,91,6711021,72.17,155,6139361,66.02,382,4487691,48.26,2023,784949,8.44
2022-04-07,62.56,8.2,29.24,191,6711212,72.17,215,6139576,66.02,641,4488332,48.27,2556,787505,8.47
2022-04-08,62.54,8.22,29.23,30,6711242,72.17,61,6139637,66.02,153,4488485,48.27,482,787987,8.47
2022-04-09,62.52,8.25,29.23,6,6711248,72.17,17,6139654,66.02,28,4488513,48.27,47,788034,8.47
2022-04-10,62.51,8.26,29.23,103,6711351,72.17,264,6139918,66.03,429,4488942,48.27,1845,789879,8.49
2022-04-11,62.54,8.26,29.2,78,6711429,72.17,201,6140119,66.03,371,4489313,48.28,1425,791304,8.51
2022-04-12,62.58,8.29,29.12,204,6711633,72.17,168,6140287,66.03,375,4489688,48.28,1360,792664,8.52
2022-04-13,62.58,8.31,29.1,117,6711750,72.17,150,6140437,66.03,298,4489986,48.28,1218,793882,8.54
2022-04-14,62.57,8.33,29.1,85,6711835,72.18,221,6140658,66.03,320,4490306,48.29,1069,794951,8.55
2022-04-15,62.55,8.35,29.1,9,6711844,72.18,51,6140709,66.03,48,4490354,48.29,82,795033,8.55
2022-04-16,62.53,8.37,29.1,3,6711847,72.18,8,6140717,66.03,21,4490375,48.29,29,795062,8.55
2022-04-17,62.52,8.38,29.1,62,6711909,72.18,131,6140848,66.04,229,4490604,48.29,807,795869,8.56
2022-04-18,62.51,8.38,29.1,69,6711978,72.18,109,6140957,66.04,252,4490856,48.29,750,796619,8.57
2022-04-19,62.5,8.4,29.1,62,6712040,72.18,145,6141102,66.04,273,4491129,48.3,842,797461,8.58
2022-04-20,62.48,8.42,29.1,60,6712100,72.18,117,6141219,66.04,235,4491364,48.3,656,798117,8.58
2022-04-21,62.47,8.43,29.1,53,6712153,72.18,109,6141328,66.04,197,4491561,48.3,479,798596,8.59
2022-04-22,62.45,8.44,29.11,3,6712156,72.18,17,6141345,66.04,19,4491580,48.3,19,798615,8.59
2022-04-23,62.43,8.46,29.11,6,6712162,72.18,9,6141354,66.04,16,4491596,48.3,13,798628,8.59
2022-04-24,62.43,8.47,29.1,92,6712254,72.18,250,6141604,66.04,329,4491925,48.3,872,799500,8.6
2022-04-25,62.43,8.47,29.1,105,6712359,72.18,191,6141795,66.05,316,4492241,48.31,739,800239,8.61
2022-04-26,62.42,8.48,29.1,76,6712435,72.18,175,6141970,66.05,304,4492545,48.31,787,801026,8.61
2022-04-27,62.41,8.49,29.1,54,6712489,72.18,160,6142130,66.05,227,4492772,48.31,640,801666,8.62
2022-04-28,62.41,8.5,29.1,96,6712585,72.18,232,6142362,66.05,329,4493101,48.32,871,802537,8.63
2022-04-29,62.39,8.51,29.1,112,6712697,72.19,159,6142521,66.05,184,4493285,48.32,196,802733,8.63
2022-04-30,62.38,8.52,29.1,1,6712698,72.19,3,6142524,66.05,24,4493309,48.32,22,802755,8.63
2022-05-01,62.38,8.53,29.09,135,6712833,72.19,185,6142709,66.06,316,4493625,48.32,630,803385,8.64
2022-05-02,62.37,8.54,29.09,62,6712895,72.19,155,6142864,66.06,235,4493860,48.32,491,803876,8.64
2022-05-03,62.36,8.55,29.09,72,6712967,72.19,151,6143015,66.06,288,4494148,48.33,508,804384,8.65
2022-05-04,62.35,8.57,29.08,23,6712990,72.19,56,6143071,66.06,63,4494211,48.33,129,804513,8.65
2022-05-05,62.34,8.58,29.08,4,6712994,72.19,1,6143072,66.06,8,4494219,48.33,14,804527,8.65
2022-05-06,62.33,8.59,29.08,20,6713014,72.19,59,6143131,66.06,64,4494283,48.33,153,804680,8.65
2022-05-07,62.32,8.6,29.08,1,6713015,72.19,7,6143138,66.06,27,4494310,48.33,24,804704,8.65
2022-05-08,62.31,8.61,29.08,118,6713133,72.19,207,6143345,66.06,270,4494580,48.33,457,805161,8.66
2022-05-09,62.31,8.61,29.08,59,6713192,72.19,162,6143507,66.06,251,4494831,48.34,505,805666,8.66
2022-05-10,62.3,8.62,29.08,131,6713323,72.19,169,6143676,66.07,261,4495092,48.34,508,806174,8.67
2022-05-11,62.3,8.63,29.08,58,6713381,72.19,118,6143794,66.07,182,4495274,48.34,464,806638,8.67
2022-05-12,62.29,8.64,29.07,119,6713500,72.19,200,6143994,66.07,278,4495552,48.34,666,807304,8.68
2022-05-13,62.28,8.65,29.07,11,6713511,72.19,44,6144038,66.07,71,4495623,48.34,110,807414,8.68
2022-05-14,62.26,8.66,29.07,6,6713517,72.19,13,6144051,66.07,13,4495636,48.34,23,807437,8.68
2022-05-15,62.26,8.67,29.07,90,6713607,72.19,175,6144226,66.07,246,4495882,48.35,665,808102,8.69
2022-05-16,62.19,8.65,29.16,68,6713675,72.2,141,6144367,66.07,230,4496112,48.35,509,808611,8.7
2022-05-17,62.18,8.66,29.16,73,6713748,72.2,153,6144520,66.08,267,4496379,48.35,618,809229,8.7
2022-05-18,62.17,8.67,29.16,43,6713791,72.2,99,6144619,66.08,169,4496548,48.35,447,809676,8.71
2022-05-19,62.16,8.68,29.16,64,6713855,72.2,171,6144790,66.08,213,4496761,48.36,499,810175,8.71
2022-05-20,62.15,8.69,29.16,75,6713930,72.2,114,6144904,66.08,130,4496891,48.36,138,810313,8.71
2022-05-21,62.14,8.7,29.16,4,6713934,72.2,7,6144911,66.08,14,4496905,48.36,18,810331,8.71
2022-05-22,62.14,8.71,29.16,87,6714021,72.2,188,6145099,66.08,216,4497121,48.36,426,810757,8.72
2022-05-23,62.14,8.71,29.16,64,6714085,72.2,120,6145219,66.08,156,4497277,48.36,348,811105,8.72
2022-05-24,62.13,8.71,29.15,43,6714128,72.2,119,6145338,66.08,157,4497434,48.36,394,811499,8.73
2022-05-25,62.12,8.72,29.15,61,6714189,72.2,103,6145441,66.09,168,4497602,48.37,337,811836,8.73
2022-05-26,62.11,8.73,29.16,72,6714261,72.2,136,6145577,66.09,186,4497788,48.37,348,812184,8.73
2022-05-27,62.1,8.74,29.16,12,6714273,72.2,29,6145606,66.09,43,4497831,48.37,59,812243,8.73
2022-05-28,62.09,8.75,29.16,2,6714275,72.2,5,6145611,66.09,8,4497839,48.37,12,812255,8.73
2022-05-29,62.09,8.75,29.16,89,6714364,72.2,153,6145764,66.09,163,4498002,48.37,316,812571,8.74
2022-05-30,62.09,8.76,29.16,56,6714420,72.2,133,6145897,66.09,125,4498127,48.37,291,812862,8.74
2022-05-31,62.07,8.78,29.15,45,6714465,72.2,104,6146001,66.09,153,4498280,48.37,351,813213,8.74
2022-06-01,61.95,8.9,29.16,63,6714528,72.2,90,6146091,66.09,118,4498398,48.37,276,813489,8.75
2022-06-02,45.96,24.88,29.15,77,6714605,72.21,156,6146247,66.09,177,4498575,48.38,255,813744,8.75
2022-06-03,45.9,24.95,29.16,10,6714615,72.21,23,6146270,66.09,21,4498596,48.38,33,813777,8.75
2022-06-04,45.84,25,29.16,0,6714615,72.21,7,6146277,66.09,8,4498604,48.38,5,813782,8.75
2022-06-05,45.8,25.05,29.16,11,6714626,72.21,14,6146291,66.09,7,4498611,48.38,2,813784,8.75
2022-06-06,39.96,30.89,29.16,58,6714684,72.21,145,6146436,66.1,161,4498772,48.38,262,814046,8.75
2022-06-07,39.92,30.93,29.15,54,6714738,72.21,134,6146570,66.1,142,4498914,48.38,379,814425,8.76
2022-06-08,39.89,30.96,29.15,58,6714796,72.21,104,6146674,66.1,131,4499045,48.38,497,814922,8.76
2022-06-09,39.86,30.99,29.15,84,6714880,72.21,207,6146881,66.1,234,4499279,48.38,642,815564,8.77
2022-06-10,39.83,31.02,29.15,14,6714894,72.21,51,6146932,66.1,59,4499338,48.38,141,815705,8.77
2022-06-11,39.8,31.05,29.15,0,6714894,72.21,3,6146935,66.1,7,4499345,48.38,19,815724,8.77
2022-06-12,39.8,31.05,29.15,109,6715003,72.21,199,6147134,66.1,191,4499536,48.39,767,816491,8.78
2022-06-13,39.81,31.04,29.15,84,6715087,72.21,142,6147276,66.1,168,4499704,48.39,626,817117,8.79
2022-06-14,39.79,31.06,29.15,116,6715203,72.21,173,6147449,66.11,208,4499912,48.39,759,817876,8.8
2022-06-15,39.78,31.08,29.15,71,6715274,72.21,141,6147590,66.11,207,4500119,48.39,700,818576,8.8
2022-06-16,39.74,31.11,29.14,94,6715368,72.21,136,6147726,66.11,218,4500337,48.39,742,819318,8.81
2022-06-17,39.72,31.14,29.15,16,6715384,72.21,63,6147789,66.11,53,4500390,48.39,124,819442,8.81
2022-06-18,39.68,31.17,29.14,3,6715387,72.21,4,6147793,66.11,11,4500401,48.4,15,819457,8.81
2022-06-19,39.53,31.33,29.15,115,6715502,72.22,207,6148000,66.11,318,4500719,48.4,877,820334,8.82
2022-06-20,33.92,36.85,29.23,99,6715601,72.22,152,6148152,66.11,307,4501026,48.4,922,821256,8.83
2022-06-21,33.58,37.19,29.23,94,6715695,72.22,154,6148306,66.12,375,4501401,48.41,1229,822485,8.84
2022-06-22,33.28,37.49,29.23,110,6715805,72.22,135,6148441,66.12,339,4501740,48.41,894,823379,8.85
2022-06-23,32.84,37.92,29.23,132,6715937,72.22,217,6148658,66.12,525,4502265,48.42,1146,824525,8.87
2022-06-24,32.43,38.34,29.24,19,6715956,72.22,35,6148693,66.12,110,4502375,48.42,208,824733,8.87
2022-06-25,32.04,38.72,29.24,1,6715957,72.22,3,6148696,66.12,12,4502387,48.42,16,824749,8.87
2022-06-26,31.63,39.13,29.24,107,6716064,72.22,158,6148854,66.12,379,4502766,48.42,933,825682,8.88
2022-06-27,31.29,39.47,29.24,86,6716150,72.22,172,6149026,66.12,392,4503158,48.42,1028,826710,8.89
2022-06-28,30.86,39.91,29.24,84,6716234,72.22,151,6149177,66.13,364,4503522,48.43,932,827642,8.9
2022-06-29,30.48,40.28,29.24,76,6716310,72.22,106,6149283,66.13,265,4503787,48.43,816,828458,8.91
2022-06-30,30.05,40.71,29.24,86,6716396,72.22,165,6149448,66.13,355,4504142,48.44,1062,829520,8.92
2022-07-01,29.62,41.14,29.24,22,6716418,72.22,28,6149476,66.13,55,4504197,48.44,80,829600,8.92
2022-07-02,29.2,41.56,29.24,1,6716419,72.23,2,6149478,66.13,8,4504205,48.44,18,829618,8.92
2022-07-03,28.81,41.95,29.24,100,6716519,72.23,177,6149655,66.13,322,4504527,48.44,637,830255,8.93
2022-07-04,28.5,42.26,29.24,76,6716595,72.23,140,6149795,66.13,278,4504805,48.44,749,831004,8.94
2022-07-05,28.06,42.7,29.24,59,6716654,72.23,142,6149937,66.13,302,4505107,48.45,688,831692,8.94
2022-07-06,27.39,43.37,29.24,78,6716732,72.23,124,6150061,66.13,211,4505318,48.45,646,832338,8.95
2022-07-07,26.48,44.28,29.24,82,6716814,72.23,164,6150225,66.14,267,4505585,48.45,721,833059,8.96
2022-07-08,25.47,45.29,29.24,17,6716831,72.23,33,6150258,66.14,69,4505654,48.45,131,833190,8.96
2022-07-09,24.42,46.34,29.24,0,6716831,72.23,1,6150259,66.14,3,4505657,48.45,2,833192,8.96
2022-07-10,23.77,46.99,29.24,90,6716921,72.23,164,6150423,66.14,229,4505886,48.45,470,833662,8.96
2022-07-11,23.22,47.54,29.24,64,6716985,72.23,142,6150565,66.14,248,4506134,48.46,575,834237,8.97
2022-07-12,22.13,48.63,29.24,69,6717054,72.23,129,6150694,66.14,207,4506341,48.46,558,834795,8.98
2022-07-13,21.1,49.66,29.24,43,6717097,72.23,101,6150795,66.14,165,4506506,48.46,488,835283,8.98
2022-07-14,20.12,50.63,29.24,69,6717166,72.23,147,6150942,66.14,209,4506715,48.46,513,835796,8.99
2022-07-15,19.27,51.48,29.25,64,6717230,72.23,88,6151030,66.15,127,4506842,48.46,166,835962,8.99
2022-07-16,18.29,52.46,29.25,0,6717230,72.23,6,6151036,66.15,7,4506849,48.46,8,835970,8.99
2022-07-17,17.83,52.92,29.25,77,6717307,72.23,183,6151219,66.15,241,4507090,48.47,468,836438,8.99
2022-07-18,17.48,53.26,29.26,62,6717369,72.24,158,6151377,66.15,207,4507297,48.47,511,836949,9
2022-07-19,16.77,53.97,29.26,62,6717431,72.24,147,6151524,66.15,174,4507471,48.47,368,837317,9
2022-07-20,16.09,54.64,29.26,51,6717482,72.24,134,6151658,66.15,137,4507608,48.47,423,837740,9.01
2022-07-21,15.43,55.3,29.27,61,6717543,72.24,158,6151816,66.15,176,4507784,48.47,341,838081,9.01
2022-07-22,14.64,56.08,29.28,10,6717553,72.24,36,6151852,66.15,43,4507827,48.47,56,838137,9.01
2022-07-23,14.17,56.55,29.28,0,6717553,72.24,4,6151856,66.15,4,4507831,48.48,9,838146,9.01
2022-07-24,13.55,57.16,29.29,58,6717611,72.24,128,6151984,66.16,197,4508028,48.48,364,838510,9.02
2022-07-25,13.09,57.61,29.3,48,6717659,72.24,107,6152091,66.16,172,4508200,48.48,336,838846,9.02
2022-07-26,12.46,58.23,29.3,47,6717706,72.24,99,6152190,66.16,111,4508311,48.48,270,839116,9.02
2022-07-27,11.89,58.8,29.31,43,6717749,72.24,125,6152315,66.16,132,4508443,48.48,243,839359,9.03
2022-07-28,11.35,59.34,29.31,62,6717811,72.24,143,6152458,66.16,147,4508590,48.48,220,839579,9.03
2022-07-29,10.85,59.83,29.32,10,6717821,72.24,25,6152483,66.16,27,4508617,48.48,31,839610,9.03
2022-07-30,10.34,60.33,29.33,0,6717821,72.24,0,6152483,66.16,1,4508618,48.48,1,839611,9.03
2022-07-31,9.97,60.7,29.33,56,6717877,72.24,134,6152617,66.16,131,4508749,48.48,252,839863,9.03
2022-08-01,9.47,61.19,29.34,54,6717931,72.24,76,6152693,66.16,89,4508838,48.49,152,840015,9.03
2022-08-02,8.92,61.73,29.35,111,6718042,72.24,119,6152812,66.16,157,4508995,48.49,264,840279,9.04
2022-08-03,8.46,62.19,29.35,76,6718118,72.24,71,6152883,66.17,92,4509087,48.49,178,840457,9.04
2022-08-04,8.04,62.61,29.36,133,6718251,72.24,133,6153016,66.17,111,4509198,48.49,246,840703,9.04
2022-08-05,7.71,62.93,29.36,30,6718281,72.25,23,6153039,66.17,13,4509211,48.49,24,840727,9.04
2022-08-06,7.32,63.32,29.36,1,6718282,72.25,2,6153041,66.17,3,4509214,48.49,5,840732,9.04
2022-08-07,6.92,63.71,29.37,89,6718371,72.25,97,6153138,66.17,69,4509283,48.49,169,840901,9.04
2022-08-08,6.74,63.89,29.37,76,6718447,72.25,95,6153233,66.17,122,4509405,48.49,172,841073,9.04
2022-08-09,6.25,64.37,29.38,96,6718543,72.25,90,6153323,66.17,99,4509504,48.49,213,841286,9.05
2022-08-10,5.91,64.71,29.38,77,6718620,72.25,60,6153383,66.17,76,4509580,48.49,115,841401,9.05
2022-08-11,5.59,65.03,29.38,54,6718674,72.25,101,6153484,66.17,91,4509671,48.49,155,841556,9.05
2022-08-12,5.35,65.27,29.38,8,6718682,72.25,12,6153496,66.17,18,4509689,48.49,29,841585,9.05
2022-08-13,5.1,65.52,29.38,0,6718682,72.25,2,6153498,66.17,2,4509691,48.49,3,841588,9.05
2022-08-14,4.87,65.75,29.39,74,6718756,72.25,75,6153573,66.17,82,4509773,48.5,150,841738,9.05
2022-08-15,4.74,65.87,29.39,68,6718824,72.25,81,6153654,66.17,93,4509866,48.5,143,841881,9.05
2022-08-16,4.46,66.15,29.39,82,6718906,72.25,84,6153738,66.17,84,4509950,48.5,187,842068,9.06
2022-08-17,4.16,66.44,29.39,47,6718953,72.25,55,6153793,66.17,36,4509986,48.5,115,842183,9.06
2022-08-18,3.98,66.63,29.39,70,6719023,72.25,93,6153886,66.18,120,4510106,48.5,173,842356,9.06
2022-08-19,3.83,66.78,29.39,77,6719100,72.25,67,6153953,66.18,56,4510162,48.5,38,842394,9.06
2022-08-20,3.67,66.94,29.39,1,6719101,72.25,1,6153954,66.18,3,4510165,48.5,3,842397,9.06
2022-08-21,3.52,67.08,29.4,51,6719152,72.25,85,6154039,66.18,84,4510249,48.5,197,842594,9.06
2022-08-22,3.44,67.16,29.4,89,6719241,72.26,74,6154113,66.18,103,4510352,48.5,143,842737,9.06
2022-08-23,3.27,67.33,29.4,72,6719313,72.26,106,6154219,66.18,84,4510436,48.5,180,842917,9.06
2022-08-24,3.15,67.46,29.4,38,6719351,72.26,80,6154299,66.18,49,4510485,48.5,133,843050,9.07
2022-08-25,3.03,67.57,29.4,53,6719404,72.26,75,6154374,66.18,97,4510582,48.5,193,843243,9.07
2022-08-26,2.94,67.66,29.4,4,6719408,72.26,15,6154389,66.18,9,4510591,48.5,14,843257,9.07
2022-08-27,2.84,67.76,29.4,0,6719408,72.26,0,6154389,66.18,0,4510591,48.5,0,843257,9.07
2022-08-28,2.75,67.85,29.4,55,6719463,72.26,80,6154469,66.18,85,4510676,48.51,102,843359,9.07
2022-08-29,2.69,67.91,29.4,48,6719511,72.26,68,6154537,66.18,89,4510765,48.51,107,843466,9.07
2022-08-30,2.6,68,29.4,85,6719596,72.26,113,6154650,66.18,85,4510850,48.51,130,843596,9.07
2022-08-31,2.53,68.07,29.4,43,6719639,72.26,88,6154738,66.19,70,4510920,48.51,96,843692,9.07
2022-09-01,2.46,68.14,29.4,29,6719668,72.26,84,6154822,66.19,58,4510978,48.51,113,843805,9.07
2022-09-02,2.4,68.2,29.4,6,6719674,72.26,20,6154842,66.19,13,4510991,48.51,10,843815,9.07
2022-09-03,2.33,68.27,29.4,2,6719676,72.26,0,6154842,66.19,3,4510994,48.51,1,843816,9.07
2022-09-04,2.27,68.32,29.4,64,6719740,72.26,133,6154975,66.19,80,4511074,48.51,121,843937,9.08
2022-09-05,2.23,68.37,29.4,44,6719784,72.26,77,6155052,66.19,58,4511132,48.51,90,844027,9.08
2022-09-06,2.17,68.42,29.4,60,6719844,72.26,104,6155156,66.19,78,4511210,48.51,130,844157,9.08
2022-09-07,2.12,68.47,29.4,27,6719871,72.26,63,6155219,66.19,53,4511263,48.51,95,844252,9.08
2022-09-08,2.07,68.53,29.4,50,6719921,72.26,101,6155320,66.19,70,4511333,48.51,77,844329,9.08
2022-09-09,2.03,68.57,29.4,10,6719931,72.26,21,6155341,66.19,16,4511349,48.51,17,844346,9.08
2022-09-10,1.97,68.62,29.4,0,6719931,72.26,0,6155341,66.19,5,4511354,48.51,2,844348,9.08
2022-09-11,1.92,68.67,29.41,39,6719970,72.26,117,6155458,66.19,78,4511432,48.51,116,844464,9.08
2022-09-12,1.88,68.71,29.41,24,6719994,72.26,72,6155530,66.19,52,4511484,48.51,68,844532,9.08
2022-09-13,1.82,68.77,29.41,44,6720038,72.26,113,6155643,66.19,54,4511538,48.51,103,844635,9.08
2022-09-14,1.78,68.82,29.41,21,6720059,72.26,64,6155707,66.2,54,4511592,48.52,62,844697,9.08
2022-09-15,1.73,68.86,29.41,32,6720091,72.26,77,6155784,66.2,63,4511655,48.52,107,844804,9.08
2022-09-16,1.7,68.89,29.41,51,6720142,72.27,52,6155836,66.2,27,4511682,48.52,28,844832,9.08
2022-09-17,1.66,68.93,29.41,3,6720145,72.27,0,6155836,66.2,1,4511683,48.52,0,844832,9.08
2022-09-18,1.63,68.96,29.41,28,6720173,72.27,66,6155902,66.2,52,4511735,48.52,115,844947,9.09
2022-09-19,1.61,68.98,29.41,27,6720200,72.27,74,6155976,66.2,44,4511779,48.52,57,845004,9.09
2022-09-20,1.56,69.03,29.41,41,6720241,72.27,93,6156069,66.2,75,4511854,48.52,102,845106,9.09
2022-09-21,1.55,69.05,29.41,22,6720263,72.27,54,6156123,66.2,29,4511883,48.52,56,845162,9.09
2022-09-22,1.52,69.07,29.4,40,6720303,72.27,56,6156179,66.2,27,4511910,48.52,41,845203,9.09
2022-09-23,1.5,69.1,29.41,7,6720310,72.27,11,6156190,66.2,4,4511914,48.52,1,845204,9.09
2022-09-24,1.47,69.13,29.41,0,6720310,72.27,0,6156190,66.2,1,4511915,48.52,0,845204,9.09
2022-09-25,1.46,69.13,29.41,5,6720315,72.27,20,6156210,66.2,10,4511925,48.52,27,845231,9.09
2022-09-26,1.46,69.13,29.41,0,6720315,72.27,5,6156215,66.2,2,4511927,48.52,2,845233,9.09
2022-09-27,1.42,69.17,29.41,2,6720317,72.27,0,6156215,66.2,3,4511930,48.52,3,845236,9.09
2022-09-28,1.39,69.21,29.41,24,6720341,72.27,36,6156251,66.2,25,4511955,48.52,17,845253,9.09
2022-09-29,1.37,69.22,29.41,32,6720373,72.27,61,6156312,66.2,13,4511968,48.52,48,845301,9.09
2022-09-30,1.35,69.24,29.41,3,6720376,72.27,12,6156324,66.2,2,4511970,48.52,0,845301,9.09
2022-10-01,1.31,69.29,29.41,0,6720376,72.27,1,6156325,66.2,1,4511971,48.52,1,845302,9.09
2022-10-02,1.31,69.29,29.41,28,6720404,72.27,51,6156376,66.2,20,4511991,48.52,73,845375,9.09
2022-10-03,1.31,69.28,29.4,23,6720427,72.27,29,6156405,66.2,13,4512004,48.52,12,845387,9.09
2022-10-04,1.27,69.32,29.4,7,6720434,72.27,10,6156415,66.2,0,4512004,48.52,1,845388,9.09
2022-10-05,1.28,69.31,29.4,1,6720435,72.27,0,6156415,66.2,0,4512004,48.52,1,845389,9.09
2022-10-06,1.31,69.28,29.4,17,6720452,72.27,43,6156458,66.2,10,4512014,48.52,20,845409,9.09
2022-10-07,1.3,69.29,29.41,3,6720455,72.27,3,6156461,66.2,4,4512018,48.52,0,845409,9.09
2022-10-08,1.26,69.33,29.41,1,6720456,72.27,1,6156462,66.2,0,4512018,48.52,1,845410,9.09
2022-10-09,1.31,69.28,29.41,7,6720463,72.27,22,6156484,66.2,6,4512024,48.52,5,845415,9.09
2022-10-10,1.38,69.22,29.4,5,6720468,72.27,2,6156486,66.2,0,4512024,48.52,0,845415,9.09
2022-10-11,1.36,69.24,29.4,12,6720480,72.27,32,6156518,66.2,1,4512025,48.52,32,845447,9.09
2022-10-12,1.34,69.26,29.4,13,6720493,72.27,24,6156542,66.2,5,4512030,48.52,4,845451,9.09
2022-10-13,1.4,69.2,29.4,17,6720510,72.27,16,6156558,66.2,5,4512035,48.52,9,845460,9.09
2022-10-14,1.4,69.2,29.4,6,6720516,72.27,7,6156565,66.2,4,4512039,48.52,3,845463,9.09
2022-10-15,1.38,69.22,29.4,0,6720516,72.27,0,6156565,66.2,0,4512039,48.52,1,845464,9.09
2022-10-16,1.39,69.2,29.4,4,6720520,72.27,13,6156578,66.2,5,4512044,48.52,8,845472,9.09
2022-10-17,1.39,69.2,29.4,1,6720521,72.27,1,6156579,66.2,3,4512047,48.52,1,845473,9.09
2022-10-18,1.43,69.17,29.4,24,6720545,72.27,31,6156610,66.21,14,4512061,48.52,16,845489,9.09
2022-10-19,1.47,69.12,29.4,18,6720563,72.27,25,6156635,66.21,7,4512068,48.52,3,845492,9.09
2022-10-20,1.5,69.1,29.4,26,6720589,72.27,44,6156679,66.21,12,4512080,48.52,4,845496,9.09
2022-10-21,1.5,69.09,29.4,4,6720593,72.27,7,6156686,66.21,2,4512082,48.52,4,845500,9.09
2022-10-22,1.49,69.1,29.4,0,6720593,72.27,0,6156686,66.21,0,4512082,48.52,0,845500,9.09
2022-10-23,1.51,69.08,29.4,15,6720608,72.27,33,6156719,66.21,18,4512100,48.52,10,845510,9.09
2022-10-24,1.51,69.08,29.41,20,6720628,72.27,16,6156735,66.21,19,4512119,48.52,9,845519,9.09
2022-10-25,1.55,69.04,29.4,18,6720646,72.27,34,6156769,66.21,22,4512141,48.52,21,845540,9.09
2022-10-26,1.61,68.99,29.4,18,6720664,72.27,25,6156794,66.21,8,4512149,48.52,9,845549,9.09
2022-10-27,1.67,68.93,29.4,18,6720682,72.27,26,6156820,66.21,14,4512163,48.52,17,845566,9.09
2022-10-28,1.67,68.93,29.4,46,6720728,72.27,48,6156868,66.21,31,4512194,48.52,18,845584,9.09
2022-10-29,1.66,68.94,29.4,0,6720728,72.27,0,6156868,66.21,0,4512194,48.52,0,845584,9.09
2022-10-30,1.71,68.89,29.4,15,6720743,72.27,23,6156891,66.21,15,4512209,48.52,9,845593,9.09
2022-10-31,1.76,68.84,29.4,17,6720760,72.27,16,6156907,66.21,8,4512217,48.52,9,845602,9.09
2022-11-01,1.82,68.78,29.4,2,6720762,72.27,1,6156908,66.21,1,4512218,48.52,0,845602,9.09
2022-11-02,1.88,68.72,29.4,13,6720775,72.27,13,6156921,66.21,7,4512225,48.52,8,845610,9.09
2022-11-03,1.96,68.64,29.4,17,6720792,72.27,18,6156939,66.21,11,4512236,48.52,8,845618,9.09
2022-11-04,1.98,68.63,29.4,4,6720796,72.27,6,6156945,66.21,1,4512237,48.52,2,845620,9.09
2022-11-05,1.97,68.63,29.4,0,6720796,72.27,0,6156945,66.21,0,4512237,48.52,0,845620,9.09
2022-11-06,2.03,68.57,29.4,25,6720821,72.27,33,6156978,66.21,11,4512248,48.52,23,845643,9.09
2022-11-07,2.1,68.51,29.4,15,6720836,72.27,11,6156989,66.21,10,4512258,48.52,54,845697,9.09
2022-11-08,2.1,68.5,29.4,28,6720864,72.27,26,6157015,66.21,14,4512272,48.52,9,845706,9.09
2022-11-09,2.16,68.45,29.4,16,6720880,72.27,20,6157035,66.21,17,4512289,48.52,9,845715,9.09
2022-11-10,2.22,68.39,29.4,28,6720908,72.27,17,6157052,66.21,11,4512300,48.52,6,845721,9.09
2022-11-11,2.23,68.37,29.4,1,6720909,72.27,17,6157069,66.21,2,4512302,48.52,1,845722,9.09
2022-11-12,2.22,68.38,29.4,1,6720910,72.27,0,6157069,66.21,2,4512304,48.52,0,845722,9.09
2022-11-13,2.29,68.31,29.4,27,6720937,72.27,31,6157100,66.21,17,4512321,48.52,8,845730,9.09
2022-11-14,2.37,68.23,29.4,20,6720957,72.27,17,6157117,66.21,21,4512342,48.52,16,845746,9.09
2022-11-15,2.43,68.17,29.4,40,6720997,72.27,25,6157142,66.21,16,4512358,48.52,18,845764,9.09
2022-11-16,2.5,68.1,29.4,14,6721011,72.27,27,6157169,66.21,16,4512374,48.52,11,845775,9.1
2022-11-17,2.59,68.02,29.4,19,6721030,72.27,33,6157202,66.21,18,4512392,48.52,5,845780,9.1
2022-11-18,2.61,67.99,29.4,6,6721036,72.27,4,6157206,66.21,4,4512396,48.52,0,845780,9.1
2022-11-19,2.6,68,29.4,0,6721036,72.27,0,6157206,66.21,0,4512396,48.52,0,845780,9.1
2022-11-20,2.67,67.93,29.4,19,6721055,72.27,19,6157225,66.21,6,4512402,48.52,13,845793,9.1
2022-11-21,2.76,67.85,29.4,14,6721069,72.28,13,6157238,66.21,6,4512408,48.52,6,845799,9.1
2022-11-22,2.83,67.77,29.4,26,6721095,72.28,13,6157251,66.21,17,4512425,48.52,6,845805,9.1
2022-11-23,2.9,67.7,29.4,17,6721112,72.28,20,6157271,66.21,4,4512429,48.52,8,845813,9.1
2022-11-24,2.98,67.62,29.4,9,6721121,72.28,16,6157287,66.21,13,4512442,48.52,27,845840,9.1
2022-11-25,3,67.6,29.4,17,6721138,72.28,34,6157321,66.21,14,4512456,48.52,12,845852,9.1
2022-11-26,3,67.61,29.4,0,6721138,72.28,2,6157323,66.21,0,4512456,48.52,0,845852,9.1
2022-11-27,3.06,67.54,29.4,14,6721152,72.28,15,6157338,66.21,19,4512475,48.52,2,845854,9.1
2022-11-28,3.14,67.47,29.4,8,6721160,72.28,23,6157361,66.21,8,4512483,48.52,6,845860,9.1
2022-11-29,3.2,67.4,29.4,38,6721198,72.28,31,6157392,66.21,19,4512502,48.53,14,845874,9.1
2022-11-30,3.27,67.34,29.39,12,6721210,72.28,25,6157417,66.21,20,4512522,48.53,8,845882,9.1
2022-12-01,3.34,67.26,29.39,13,6721223,72.28,17,6157434,66.21,15,4512537,48.53,4,845886,9.1
2022-12-02,3.36,67.24,29.39,2,6721225,72.28,7,6157441,66.21,4,4512541,48.53,10,845896,9.1
2022-12-03,3.36,67.24,29.39,0,6721225,72.28,0,6157441,66.21,0,4512541,48.53,1,845897,9.1
2022-12-04,3.42,67.18,29.39,29,6721254,72.28,25,6157466,66.21,29,4512570,48.53,26,845923,9.1
2022-12-05,3.48,67.12,29.4,9,6721263,72.28,17,6157483,66.21,11,4512581,48.53,18,845941,9.1
2022-12-06,3.55,67.06,29.39,32,6721295,72.28,26,6157509,66.21,27,4512608,48.53,7,845948,9.1
2022-12-07,3.62,66.99,29.39,10,6721305,72.28,17,6157526,66.22,8,4512616,48.53,7,845955,9.1
2022-12-08,3.69,66.91,29.39,18,6721323,72.28,30,6157556,66.22,15,4512631,48.53,3,845958,9.1
2022-12-09,3.71,66.9,29.39,4,6721327,72.28,1,6157557,66.22,1,4512632,48.53,7,845965,9.1
2022-12-10,3.7,66.91,29.39,1,6721328,72.28,0,6157557,66.22,2,4512634,48.53,0,845965,9.1
2022-12-11,3.76,66.84,29.39,14,6721342,72.28,19,6157576,66.22,15,4512649,48.53,16,845981,9.1
2022-12-12,3.82,66.78,29.39,14,6721356,72.28,13,6157589,66.22,5,4512654,48.53,0,845981,9.1
2022-12-13,3.87,66.73,29.39,17,6721373,72.28,44,6157633,66.22,18,4512672,48.53,13,845994,9.1
2022-12-14,3.92,66.69,29.39,17,6721390,72.28,16,6157649,66.22,7,4512679,48.53,3,845997,9.1
2022-12-15,3.97,66.64,29.39,22,6721412,72.28,19,6157668,66.22,7,4512686,48.53,12,846009,9.1
2022-12-16,3.98,66.62,29.39,11,6721423,72.28,2,6157670,66.22,1,4512687,48.53,0,846009,9.1
2022-12-17,3.97,66.63,29.39,0,6721423,72.28,0,6157670,66.22,0,4512687,48.53,0,846009,9.1
2022-12-18,4.01,66.59,29.39,9,6721432,72.28,17,6157687,66.22,8,4512695,48.53,3,846012,9.1
2022-12-19,4.06,66.54,29.4,7,6721439,72.28,14,6157701,66.22,12,4512707,48.53,1,846013,9.1
2022-12-20,4.1,66.51,29.39,12,6721451,72.28,17,6157718,66.22,2,4512709,48.53,2,846015,9.1
2022-12-21,4.14,66.47,29.39,9,6721460,72.28,14,6157732,66.22,13,4512722,48.53,3,846018,9.1
2022-12-22,4.18,66.42,29.39,4,6721464,72.28,10,6157742,66.22,14,4512736,48.53,1,846019,9.1
2022-12-23,4.19,66.42,29.39,8,6721472,72.28,0,6157742,66.22,2,4512738,48.53,0,846019,9.1
2022-12-24,4.18,66.43,29.39,0,6721472,72.28,0,6157742,66.22,0,4512738,48.53,0,846019,9.1
2022-12-25,4.21,66.4,29.39,6,6721478,72.28,17,6157759,66.22,1,4512739,48.53,2,846021,9.1
2022-12-26,4.24,66.36,29.39,17,6721495,72.28,6,6157765,66.22,13,4512752,48.53,0,846021,9.1
2022-12-27,4.25,66.36,29.39,24,6721519,72.28,24,6157789,66.22,17,4512769,48.53,7,846028,9.1
2022-12-28,4.26,66.34,29.39,18,6721537,72.28,18,6157807,66.22,24,4512793,48.53,64,846092,9.1
2022-12-29,4.28,66.33,29.39,15,6721552,72.28,23,6157830,66.22,14,4512807,48.53,4,846096,9.1
2022-12-30,4.27,66.33,29.4,4,6721556,72.28,5,6157835,66.22,3,4512810,48.53,0,846096,9.1
2022-12-31,4.26,66.35,29.4,0,6721556,72.28,1,6157836,66.22,0,4512810,48.53,0,846096,9.1
2023-01-01,4.27,66.33,29.4,6,6721562,72.28,14,6157850,66.22,2,4512812,48.53,1,846097,9.1
2023-01-02,4.29,66.31,29.4,10,6721572,72.28,8,6157858,66.22,3,4512815,48.53,1,846098,9.1
2023-01-03,4.3,66.3,29.4,20,6721592,72.28,17,6157875,66.22,7,4512822,48.53,3,846101,9.1
2023-01-04,4.3,66.3,29.4,6,6721598,72.28,11,6157886,66.22,4,4512826,48.53,2,846103,9.1
2023-01-05,4.31,66.29,29.39,12,6721610,72.28,19,6157905,66.22,11,4512837,48.53,2,846105,9.1
2023-01-06,4.31,66.29,29.4,2,6721612,72.28,1,6157906,66.22,1,4512838,48.53,0,846105,9.1
2023-01-07,4.3,66.31,29.4,1,6721613,72.28,0,6157906,66.22,0,4512838,48.53,0,846105,9.1
2023-01-08,4.33,66.28,29.4,12,6721625,72.28,31,6157937,66.22,9,4512847,48.53,3,846108,9.1
2023-01-09,4.34,66.26,29.4,12,6721637,72.28,20,6157957,66.22,1,4512848,48.53,1,846109,9.1
2023-01-10,4.35,66.25,29.4,38,6721675,72.28,26,6157983,66.22,9,4512857,48.53,4,846113,9.1
2023-01-11,4.36,66.25,29.4,14,6721689,72.28,18,6158001,66.22,11,4512868,48.53,1,846114,9.1
2023-01-12,4.37,66.24,29.39,22,6721711,72.28,20,6158021,66.22,11,4512879,48.53,2,846116,9.1
2023-01-13,4.36,66.24,29.4,3,6721714,72.28,2,6158023,66.22,0,4512879,48.53,0,846116,9.1
2023-01-14,4.35,66.25,29.4,1,6721715,72.28,0,6158023,66.22,0,4512879,48.53,0,846116,9.1
2023-01-15,4.36,66.24,29.4,17,6721732,72.28,14,6158037,66.22,4,4512883,48.53,3,846119,9.1
2023-01-16,4.38,66.22,29.4,0,6721732,72.28,0,6158037,66.22,0,4512883,48.53,0,846119,9.1
