Date,Valid vaccinated pop. perc.,Expired vaccinated pop. perc.,Not vaccinated pop. perc.,Vaccinated (daily),Vaccinated (cumu),Vaccinated pop. perc.,Second dose (daily),Second dose (cumu),Second dose pop. perc.,Third dose (daily),Third dose (cumu),Third dose pop. perc.,Fourth dose (daily),Fourth dose (cumu),Fourth dose pop. perc.
2020-12-19,0,0,100,46,70,0,0,4,0,0,0,0,0,0,0
2020-12-20,0,0,100,7395,7465,0.08,0,4,0,0,0,0,0,0,0
2020-12-21,0,0,100,24923,32388,0.35,0,4,0,0,0,0,0,0,0
2020-12-22,0,0,100,44667,77055,0.83,0,4,0,0,0,0,0,0,0
2020-12-23,0,0,100,62918,139973,1.51,0,4,0,0,0,0,0,0,0
2020-12-24,0,0,100,73429,213402,2.29,0,4,0,0,0,0,0,0,0
2020-12-25,0,0,100,38516,251918,2.71,0,4,0,0,0,0,0,0,0
2020-12-26,0,0,100,32617,284535,3.06,0,4,0,0,0,0,0,0,0
2020-12-27,0,0,100,104571,389106,4.18,0,4,0,0,0,0,0,0,0
2020-12-28,0,0,100,135037,524143,5.64,0,4,0,0,0,0,0,0,0
2020-12-29,0,0,100,156334,680477,7.32,2,6,0,0,0,0,0,0,0
2020-12-30,0,0,100,153182,833659,8.96,0,6,0,0,0,0,0,0,0
2020-12-31,0,0,100,158590,992249,10.67,0,6,0,0,0,0,0,0,0
2021-01-01,0,0,100,71435,1063684,11.44,0,6,0,0,0,0,0,0,0
2021-01-02,0,0,100,71742,1135426,12.21,0,6,0,0,0,0,0,0,0
2021-01-03,0,0,100,149763,1285189,13.82,0,6,0,0,0,0,0,0,0
2021-01-04,0,0,100,152198,1437387,15.46,1,7,0,0,0,0,0,0,0
2021-01-05,0,0,100,125216,1562603,16.8,4,11,0,0,0,0,0,0,0
2021-01-06,0,0,100,103369,1665972,17.91,2,13,0,0,0,0,0,0,0
2021-01-07,0,0,100,116062,1782034,19.16,9,22,0,0,0,0,0,0,0
2021-01-08,0,0,100,66461,1848495,19.88,5,27,0,0,0,0,0,0,0
2021-01-09,0,0,100,44552,1893047,20.36,24,51,0,0,0,0,0,0,0
2021-01-10,0,0,100,37648,1930695,20.76,6000,6051,0.07,0,0,0,0,0,0
2021-01-11,0,0,100,21174,1951869,20.99,19264,25315,0.27,0,0,0,0,0,0
2021-01-12,0,0,100,24075,1975944,21.25,35674,60989,0.66,0,0,0,0,0,0
2021-01-13,0,0,100,52074,2028018,21.81,56874,117863,1.27,0,0,0,0,0,0
2021-01-14,0,0,100,56476,2084494,22.42,68838,186701,2.01,0,0,0,0,0,0
2021-01-15,0,0,100,30775,2115269,22.75,35941,222642,2.39,0,0,0,0,0,0
2021-01-16,0,0,100,29479,2144748,23.06,26006,248648,2.67,0,0,0,0,0,0
2021-01-17,0.31,0,99.69,68441,2213189,23.8,84596,333244,3.58,0,0,0,0,0,0
2021-01-18,0.58,0,99.42,69816,2283005,24.55,120434,453678,4.88,0,0,0,0,0,0
2021-01-19,1.09,0,98.91,72895,2355900,25.33,137847,591525,6.36,0,0,0,0,0,0
2021-01-20,1.9,0,98.1,76917,2432817,26.16,143762,735287,7.91,0,0,0,0,0,0
2021-01-21,2.88,0,97.12,70001,2502818,26.91,164471,899758,9.68,0,0,0,0,0,0
2021-01-22,3.39,0,96.61,37928,2540746,27.32,71131,970889,10.44,0,0,0,0,0,0
2021-01-23,3.77,0,96.23,39965,2580711,27.75,53594,1024483,11.02,0,0,0,0,0,0
2021-01-24,4.96,0,95.04,69146,2649857,28.5,140707,1165190,12.53,0,0,0,0,0,0
2021-01-25,6.61,0,93.39,80943,2730800,29.37,139519,1304709,14.03,0,0,0,0,0,0
2021-01-26,8.45,0,91.55,78730,2809530,30.21,126442,1431151,15.39,0,0,0,0,0,0
2021-01-27,10.34,0,89.66,77978,2887508,31.05,125067,1556218,16.73,0,0,0,0,0,0
2021-01-28,12.43,0,87.57,79569,2967077,31.91,130629,1686847,18.14,0,0,0,0,0,0
2021-01-29,13.34,0,86.66,36704,3003781,32.3,64792,1751639,18.84,0,0,0,0,0,0
2021-01-30,14.02,0,85.98,34394,3038175,32.67,42766,1794405,19.3,0,0,0,0,0,0
2021-01-31,15.76,0,84.24,73330,3111505,33.46,59502,1853907,19.94,0,0,0,0,0,0
2021-02-01,17.48,0,82.52,82508,3194013,34.35,35356,1889263,20.32,0,0,0,0,0,0
2021-02-02,19.01,0,80.99,70102,3264115,35.1,31072,1920335,20.65,0,0,0,0,0,0
2021-02-03,20.47,0,79.53,60307,3324422,35.75,51443,1971778,21.2,0,0,0,0,0,0
2021-02-04,22,0,78,72633,3397055,36.53,58096,2029874,21.83,0,0,0,0,0,0
2021-02-05,22.75,0,77.25,33943,3430998,36.9,28805,2058679,22.14,0,0,0,0,0,0
2021-02-06,23.23,0,76.77,21621,3452619,37.13,22231,2080910,22.38,0,0,0,0,0,0
2021-02-07,23.99,0,76.01,54080,3506699,37.71,68739,2149649,23.12,0,0,0,0,0,0
2021-02-08,24.52,0,75.48,58639,3565338,38.34,65467,2215116,23.82,0,0,0,0,0,0
2021-02-09,25.04,0,74.96,66352,3631690,39.05,67577,2282693,24.55,0,0,0,0,0,0
2021-02-10,25.77,0,74.23,70569,3702259,39.81,72310,2355003,25.32,0,0,0,0,0,0
2021-02-11,26.61,0,73.39,81173,3783432,40.69,72106,2427109,26.1,0,0,0,0,0,0
2021-02-12,27.02,0,72.98,39106,3822538,41.11,37596,2464705,26.5,0,0,0,0,0,0
2021-02-13,27.33,0,72.67,27463,3850001,41.4,30440,2495145,26.83,0,0,0,0,0,0
2021-02-14,28.25,0,71.75,74915,3924916,42.21,69083,2564228,27.57,0,0,0,0,0,0
2021-02-15,29.17,0,70.83,81544,4006460,43.08,75719,2639947,28.39,0,0,0,0,0,0
2021-02-16,30.11,0,69.89,83416,4089876,43.98,78298,2718245,29.23,0,0,0,0,0,0
2021-02-17,31.01,0,68.99,61983,4151859,44.65,75641,2793886,30.04,0,0,0,0,0,0
2021-02-18,31.94,0,68.06,69157,4221016,45.39,79738,2873624,30.9,0,0,0,0,0,0
2021-02-19,32.45,0,67.55,39674,4260690,45.82,38162,2911786,31.31,0,0,0,0,0,0
2021-02-20,32.85,0,67.15,31650,4292340,46.16,28723,2940509,31.62,0,0,0,0,0,0
2021-02-21,33.8,0,66.2,79434,4371774,47.01,78444,3018953,32.46,0,0,0,0,0,0
2021-02-22,34.83,0,65.17,85058,4456832,47.93,80592,3099545,33.33,0,0,0,0,0,0
2021-02-23,35.84,0,64.16,77328,4534160,48.76,70485,3170030,34.09,0,0,0,0,0,0
2021-02-24,36.76,0,63.24,61066,4595226,49.41,63144,3233174,34.77,0,0,0,0,0,0
2021-02-25,37.66,0,62.34,51727,4646953,49.97,64805,3297979,35.46,0,0,0,0,0,0
2021-02-26,38.1,0,61.9,25911,4672864,50.25,32041,3330020,35.81,0,0,0,0,0,0
2021-02-27,38.42,0,61.58,18351,4691215,50.45,21196,3351216,36.04,0,0,0,0,0,0
2021-02-28,39.24,0,60.76,40364,4731579,50.88,55873,3407089,36.64,0,0,0,0,0,0
2021-03-01,40.1,0,59.9,45748,4777327,51.37,61441,3468530,37.3,0,0,0,0,0,0
2021-03-02,40.85,0,59.15,41200,4818527,51.82,64798,3533328,38,0,0,0,0,0,0
2021-03-03,41.55,0,58.45,42033,4860560,52.27,66789,3600117,38.71,0,0,0,0,0,0
2021-03-04,42.24,0,57.76,39718,4900278,52.7,79124,3679241,39.56,0,0,0,0,0,0
2021-03-05,42.57,0,57.43,17366,4917644,52.88,40468,3719709,40,0,0,0,0,0,0
2021-03-06,42.78,0,57.22,10722,4928366,53,25347,3745056,40.27,0,0,0,0,0,0
2021-03-07,43.36,0,56.64,31156,4959522,53.33,72845,3817901,41.06,0,0,0,0,0,0
2021-03-08,43.97,0,56.03,27387,4986909,53.63,73295,3891196,41.84,0,0,0,0,0,0
2021-03-09,44.62,0,55.38,26757,5013666,53.91,76599,3967795,42.67,0,0,0,0,0,0
2021-03-10,45.27,0,54.73,23371,5037037,54.17,58684,4026479,43.3,0,0,0,0,0,0
2021-03-11,45.99,0,54.01,23304,5060341,54.42,69094,4095573,44.04,0,0,0,0,0,0
2021-03-12,46.34,0,53.66,11296,5071637,54.54,41414,4136987,44.49,0,0,0,0,0,0
2021-03-13,46.57,0,53.43,7952,5079589,54.62,25239,4162226,44.76,0,0,0,0,0,0
2021-03-14,47.2,0,52.8,20989,5100578,54.85,73935,4236161,45.55,0,0,0,0,0,0
2021-03-15,47.81,0,52.19,20150,5120728,55.07,78281,4314442,46.4,0,0,0,0,0,0
2021-03-16,48.43,0,51.57,18755,5139483,55.27,71479,4385921,47.16,0,0,0,0,0,0
2021-03-17,48.92,0,51.08,17704,5157187,55.46,59010,4444931,47.8,0,0,0,0,0,0
2021-03-18,49.45,0,50.55,16048,5173235,55.63,58125,4503056,48.42,0,0,0,0,0,0
2021-03-19,49.75,0,50.25,6956,5180191,55.71,27979,4531035,48.72,0,0,0,0,0,0
2021-03-20,49.93,0,50.07,5226,5185417,55.76,15301,4546336,48.89,0,0,0,0,0,0
2021-03-21,50.46,0,49.54,13170,5198587,55.9,40510,4586846,49.32,0,0,0,0,0,0
2021-03-22,51,0,49,13579,5212166,56.05,40541,4627387,49.76,0,0,0,0,0,0
2021-03-23,51.43,0,48.57,2844,5215010,56.08,7302,4634689,49.84,0,0,0,0,0,0
2021-03-24,51.84,0,48.16,11001,5226011,56.2,46556,4681245,50.34,0,0,0,0,0,0
2021-03-25,52.22,0,47.78,10270,5236281,56.31,35438,4716683,50.72,0,0,0,0,0,0
2021-03-26,52.4,0,47.6,4186,5240467,56.35,13333,4730016,50.86,0,0,0,0,0,0
2021-03-27,52.5,0,47.5,1786,5242253,56.37,4269,4734285,50.91,0,0,0,0,0,0
2021-03-28,52.74,0,47.26,2113,5244366,56.4,4611,4738896,50.96,0,0,0,0,0,0
2021-03-29,53,0,47,6915,5251281,56.47,30016,4768912,51.28,0,0,0,0,0,0
2021-03-30,53.08,0,46.92,7891,5259172,56.55,22454,4791366,51.52,0,0,0,0,0,0
2021-03-31,53.38,0,46.62,8153,5267325,56.64,19501,4810867,51.73,0,0,0,0,0,0
2021-04-01,53.62,0,46.38,8211,5275536,56.73,18701,4829568,51.93,0,0,0,0,0,0
2021-04-02,53.71,0,46.29,2941,5278477,56.76,8131,4837699,52.02,0,0,0,0,0,0
2021-04-03,53.74,0,46.26,1433,5279910,56.78,2982,4840681,52.05,0,0,0,0,0,0
2021-04-04,53.82,0,46.18,9618,5289528,56.88,22832,4863513,52.3,0,0,0,0,0,0
2021-04-05,54.04,0,45.96,10362,5299890,56.99,21275,4884788,52.53,0,0,0,0,0,0
2021-04-06,54.21,0,45.79,9029,5308919,57.09,16793,4901581,52.71,0,0,0,0,0,0
2021-04-07,54.36,0,45.64,8929,5317848,57.19,15311,4916892,52.87,0,0,0,0,0,0
2021-04-08,54.52,0,45.48,9428,5327276,57.29,17014,4933906,53.06,0,0,0,0,0,0
2021-04-09,54.58,0,45.42,3607,5330883,57.33,6257,4940163,53.12,0,0,0,0,0,0
2021-04-10,54.61,0,45.39,1634,5332517,57.34,3520,4943683,53.16,0,0,0,0,0,0
2021-04-11,54.78,0,45.22,9045,5341562,57.44,14248,4957931,53.32,0,0,0,0,0,0
2021-04-12,54.95,0,45.05,8935,5350497,57.54,13233,4971164,53.46,0,0,0,0,0,0
2021-04-13,55.08,0,44.92,5841,5356338,57.6,4959,4976123,53.51,0,0,0,0,0,0
2021-04-14,55.18,0,44.82,3649,5359987,57.64,5309,4981432,53.57,0,0,0,0,0,0
2021-04-15,55.27,0,44.73,697,5360684,57.65,581,4982013,53.57,0,0,0,0,0,0
2021-04-16,55.33,0,44.67,3416,5364100,57.68,6649,4988662,53.65,0,0,0,0,0,0
2021-04-17,55.35,0,44.65,822,5364922,57.69,1972,4990634,53.67,0,0,0,0,0,0
2021-04-18,55.47,0,44.53,7099,5372021,57.77,7433,4998067,53.75,0,0,0,0,0,0
2021-04-19,55.58,0,44.42,6404,5378425,57.84,7133,5005200,53.82,0,0,0,0,0,0
2021-04-20,55.65,0,44.35,6279,5384704,57.9,6886,5012086,53.9,0,0,0,0,0,0
2021-04-21,55.71,0,44.29,6380,5391084,57.97,7108,5019194,53.97,0,0,0,0,0,0
2021-04-22,55.75,0,44.25,5948,5397032,58.04,7688,5026882,54.06,0,0,0,0,0,0
2021-04-23,55.8,0,44.2,2765,5399797,58.07,3389,5030271,54.09,0,0,0,0,0,0
2021-04-24,55.82,0,44.18,767,5400564,58.07,1290,5031561,54.11,0,0,0,0,0,0
2021-04-25,55.89,0,44.11,4828,5405392,58.13,6924,5038485,54.18,0,0,0,0,0,0
2021-04-26,55.96,0,44.04,5479,5410871,58.19,7889,5046374,54.27,0,0,0,0,0,0
2021-04-27,56.03,0,43.97,4506,5415377,58.23,6625,5052999,54.34,0,0,0,0,0,0
2021-04-28,56.09,0,43.91,4499,5419876,58.28,7333,5060332,54.42,0,0,0,0,0,0
2021-04-29,56.16,0,43.84,4376,5424252,58.33,7292,5067624,54.49,0,0,0,0,0,0
2021-04-30,56.19,0,43.81,1923,5426175,58.35,3200,5070824,54.53,0,0,0,0,0,0
2021-05-01,56.2,0,43.8,458,5426633,58.36,895,5071719,54.54,0,0,0,0,0,0
2021-05-02,56.26,0,43.74,3225,5429858,58.39,6091,5077810,54.6,0,0,0,0,0,0
2021-05-03,56.32,0,43.68,3535,5433393,58.43,5831,5083641,54.67,0,0,0,0,0,0
2021-05-04,56.38,0,43.62,3591,5436984,58.47,4736,5088377,54.72,0,0,0,0,0,0
2021-05-05,56.44,0,43.56,3291,5440275,58.5,4092,5092469,54.76,0,0,0,0,0,0
2021-05-06,56.5,0,43.5,3642,5443917,58.54,3143,5095612,54.8,0,0,0,0,0,0
2021-05-07,56.52,0,43.48,1843,5445760,58.56,2508,5098120,54.82,0,0,0,0,0,0
2021-05-08,56.53,0,43.47,241,5446001,58.56,507,5098627,54.83,0,0,0,0,0,0
2021-05-09,56.58,0,43.42,2851,5448852,58.59,4750,5103377,54.88,0,0,0,0,0,0
2021-05-10,56.63,0,43.37,2897,5451749,58.63,4710,5108087,54.93,0,0,0,0,0,0
2021-05-11,56.67,0,43.33,2622,5454371,58.65,3879,5111966,54.97,0,0,0,0,0,0
2021-05-12,56.7,0,43.3,2030,5456401,58.68,3339,5115305,55.01,0,0,0,0,0,0
2021-05-13,56.73,0,43.27,2041,5458442,58.7,3684,5118989,55.05,0,0,0,0,0,0
2021-05-14,56.75,0,43.25,978,5459420,58.71,1494,5120483,55.06,0,0,0,0,0,0
2021-05-15,56.75,0,43.25,255,5459675,58.71,259,5120742,55.07,0,0,0,0,0,0
2021-05-16,56.78,0,43.22,529,5460204,58.72,1206,5121948,55.08,0,0,0,0,0,0
2021-05-17,56.81,0,43.19,300,5460504,58.72,848,5122796,55.09,0,0,0,0,0,0
2021-05-18,56.84,0,43.16,1961,5462465,58.74,4937,5127733,55.14,0,0,0,0,0,0
2021-05-19,56.87,0,43.13,2232,5464697,58.76,5041,5132774,55.2,0,0,0,0,0,0
2021-05-20,56.9,0,43.1,2312,5467009,58.79,3879,5136653,55.24,0,0,0,0,0,0
2021-05-21,56.92,0,43.08,1193,5468202,58.8,1414,5138067,55.25,0,0,0,0,0,0
2021-05-22,56.92,0,43.08,206,5468408,58.8,395,5138462,55.26,0,0,0,0,0,0
2021-05-23,56.94,0,43.06,2271,5470679,58.83,3216,5141678,55.29,0,0,0,0,0,0
2021-05-24,56.96,0,43.04,2137,5472816,58.85,3596,5145274,55.33,0,0,0,0,0,0
2021-05-25,56.99,0,43.01,1821,5474637,58.87,2586,5147860,55.36,0,0,0,0,0,0
2021-05-26,57.03,0,42.97,1410,5476047,58.89,2503,5150363,55.38,0,0,0,0,0,0
2021-05-27,57.06,0,42.94,1860,5477907,58.91,3187,5153550,55.42,0,0,0,0,0,0
2021-05-28,57.07,0,42.93,790,5478697,58.92,1405,5154955,55.43,0,0,0,0,0,0
2021-05-29,57.07,0,42.93,190,5478887,58.92,224,5155179,55.44,0,0,0,0,0,0
2021-05-30,57.1,0,42.9,1644,5480531,58.93,1937,5157116,55.46,0,0,0,0,0,0
2021-05-31,57.13,0,42.87,1738,5482269,58.95,2093,5159209,55.48,0,0,0,0,0,0
2021-06-01,57.47,0,42.53,1383,5483652,58.97,1823,5161032,55.5,0,0,0,0,0,0
2021-06-02,57.25,0,42.75,1513,5485165,58.98,1608,5162640,55.52,0,0,0,0,0,0
2021-06-03,57.27,0,42.73,1684,5486849,59,1491,5164131,55.53,0,0,0,0,0,0
2021-06-04,57.28,0,42.72,1101,5487950,59.01,783,5164914,55.54,0,0,0,0,0,0
2021-06-05,57.29,0,42.71,184,5488134,59.02,159,5165073,55.54,0,0,0,0,0,0
2021-06-06,57.31,0,42.69,4291,5492425,59.06,1002,5166075,55.55,0,0,0,0,0,0
2021-06-07,57.34,0,42.66,4438,5496863,59.11,812,5166887,55.56,0,0,0,0,0,0
2021-06-08,57.36,0,42.64,3739,5500602,59.15,1174,5168061,55.57,0,0,0,0,0,0
2021-06-09,57.4,0,42.6,3614,5504216,59.19,1327,5169388,55.59,0,0,0,0,0,0
2021-06-10,57.42,0,42.58,3359,5507575,59.23,1300,5170688,55.6,0,0,0,0,0,0
2021-06-11,57.43,0,42.57,1397,5508972,59.24,588,5171276,55.61,0,0,0,0,0,0
2021-06-12,57.43,0,42.57,218,5509190,59.24,173,5171449,55.61,0,0,0,0,0,0
2021-06-13,57.45,0,42.55,3101,5512291,59.28,1260,5172709,55.62,0,0,0,0,0,0
2021-06-14,57.46,0,42.54,3056,5515347,59.31,1531,5174240,55.64,0,0,0,0,0,0
2021-06-15,57.48,0,42.52,3137,5518484,59.34,1375,5175615,55.66,0,0,0,0,0,0
2021-06-16,57.49,0,42.51,2730,5521214,59.37,1000,5176615,55.67,0,0,0,0,0,0
2021-06-17,57.51,0,42.49,2731,5523945,59.4,1206,5177821,55.68,0,0,0,0,0,0
2021-06-18,57.52,0,42.48,1265,5525210,59.42,506,5178327,55.69,0,0,0,0,0,0
2021-06-19,57.52,0,42.48,242,5525452,59.42,139,5178466,55.69,0,0,0,0,0,0
2021-06-20,57.54,0,42.46,3316,5528768,59.45,1330,5179796,55.7,0,0,0,0,0,0
2021-06-21,57.56,0,42.44,5245,5534013,59.51,1217,5181013,55.71,0,0,0,0,0,0
2021-06-22,57.58,0,42.42,6933,5540946,59.58,1099,5182112,55.73,0,0,0,0,0,0
2021-06-23,57.6,0,42.4,10755,5551701,59.7,1304,5183416,55.74,0,0,0,0,0,0
2021-06-24,57.62,0,42.38,12045,5563746,59.83,1466,5184882,55.76,0,0,0,0,0,0
2021-06-25,57.62,0,42.38,7114,5570860,59.91,944,5185826,55.77,0,0,0,0,0,0
2021-06-26,57.63,0,42.37,2274,5573134,59.93,200,5186026,55.77,0,0,0,0,0,0
2021-06-27,57.65,0,42.35,13631,5586765,60.08,3436,5189462,55.8,0,0,0,0,0,0
2021-06-28,57.68,0,42.32,14518,5601283,60.23,3675,5193137,55.84,0,0,0,0,0,0
2021-06-29,57.69,0,42.31,16710,5617993,60.41,3743,5196880,55.88,0,0,0,0,0,0
2021-06-30,57.72,0,42.28,16485,5634478,60.59,3396,5200276,55.92,0,0,0,0,0,0
2021-07-01,57.78,0,42.22,16835,5651313,60.77,3376,5203652,55.96,121,121,0,0,0,0
2021-07-02,57.79,0,42.21,9836,5661149,60.88,1605,5205257,55.97,7,128,0,0,0,0
2021-07-03,57.79,0,42.21,2677,5663826,60.91,296,5205553,55.98,1,129,0,0,0,0
2021-07-04,57.85,0,42.15,17735,5681561,61.1,3161,5208714,56.01,2,131,0,0,0,0
2021-07-05,57.91,0,42.09,17849,5699410,61.29,3043,5211757,56.04,7,138,0,0,0,0
2021-07-06,57.99,0,42.01,17847,5717257,61.48,3409,5215166,56.08,11,149,0,0,0,0
2021-07-07,58.05,0,41.95,15526,5732783,61.65,2701,5217867,56.11,12,161,0,0,0,0
2021-07-08,58.12,0,41.88,16586,5749369,61.83,2879,5220746,56.14,17,178,0,0,0,0
2021-07-09,58.15,0,41.85,11125,5760494,61.95,1534,5222280,56.16,4,182,0,0,0,0
2021-07-10,58.15,0,41.85,4988,5765482,62,389,5222669,56.16,6,188,0,0,0,0
2021-07-11,58.22,0,41.78,1456,5766938,62.01,2848,5225517,56.19,8,196,0,0,0,0
2021-07-12,58.29,0,41.71,2425,5769363,62.04,3691,5229208,56.23,56,252,0,0,0,0
2021-07-13,58.36,0,41.64,2964,5772327,62.07,5458,5234666,56.29,124,376,0,0,0,0
2021-07-14,58.42,0,41.58,2747,5775074,62.1,7532,5242198,56.37,441,817,0.01,0,0,0
2021-07-15,58.5,0,41.5,3005,5778079,62.13,9297,5251495,56.47,374,1191,0.01,0,0,0
2021-07-16,58.54,0,41.46,1293,5779372,62.15,5897,5257392,56.54,66,1257,0.01,0,0,0
2021-07-17,58.55,0,41.44,370,5779742,62.15,1391,5258783,56.55,8,1265,0.01,0,0,0
2021-07-18,58.6,0,41.4,2073,5781815,62.17,9768,5268551,56.66,235,1500,0.02,0,0,0
2021-07-19,58.65,0,41.35,3210,5785025,62.21,11345,5279896,56.78,461,1961,0.02,0,0,0
2021-07-20,58.72,0,41.28,2686,5787711,62.24,11912,5291808,56.91,373,2334,0.03,0,0,0
2021-07-21,58.81,0,41.19,2405,5790116,62.26,11880,5303688,57.03,325,2659,0.03,0,0,0
2021-07-22,58.93,0,41.07,2875,5792991,62.3,13275,5316963,57.18,391,3050,0.03,0,0,0
2021-07-23,58.99,0,41.01,2035,5795026,62.32,8249,5325212,57.26,106,3156,0.03,0,0,0
2021-07-24,58.99,0,41,642,5795668,62.32,1485,5326697,57.28,7,3163,0.03,0,0,0
2021-07-25,59.1,0,40.89,4416,5800084,62.37,15497,5342194,57.45,223,3386,0.04,0,0,0
2021-07-26,59.24,0,40.75,5169,5805253,62.43,13533,5355727,57.59,325,3711,0.04,0,0,0
2021-07-27,59.37,0.01,40.62,5491,5810744,62.49,13577,5369304,57.74,414,4125,0.04,0,0,0
2021-07-28,59.5,0.01,40.49,3987,5814731,62.53,12342,5381646,57.87,472,4597,0.05,0,0,0
2021-07-29,59.65,0.01,40.33,4664,5819395,62.58,14199,5395845,58.02,532,5129,0.06,0,0,0
2021-07-30,59.74,0.02,40.25,2653,5822048,62.61,10854,5406699,58.14,4122,9251,0.1,0,0,0
2021-07-31,59.75,0.02,40.23,1405,5823453,62.62,3552,5410251,58.18,6159,15410,0.17,0,0,0
2021-08-01,59.91,0.02,40.06,3075,5826528,62.66,3364,5413615,58.22,31047,46457,0.5,0,0,0
2021-08-02,60.06,0.03,39.91,3132,5829660,62.69,3173,5416788,58.25,58514,104971,1.13,0,0,0
2021-08-03,60.21,0.03,39.76,3387,5833047,62.73,3328,5420116,58.29,78953,183924,1.98,0,0,0
2021-08-04,60.34,0.03,39.63,3527,5836574,62.76,3255,5423371,58.32,80764,264688,2.85,0,0,0
2021-08-05,60.49,0.04,39.47,4513,5841087,62.81,3569,5426940,58.36,88442,353130,3.8,0,0,0
2021-08-06,60.6,0.04,39.36,2435,5843522,62.84,1860,5428800,58.38,44743,397873,4.28,0,0,0
2021-08-07,60.63,0.04,39.32,1033,5844555,62.85,698,5429498,58.39,27353,425226,4.57,0,0,0
2021-08-08,60.68,0.04,39.28,4989,5849544,62.9,3082,5432580,58.42,80087,505313,5.43,0,0,0
2021-08-09,60.72,0.04,39.24,5339,5854883,62.96,3059,5435639,58.45,76489,581802,6.26,0,0,0
2021-08-10,60.75,0.04,39.2,5552,5860435,63.02,3202,5438841,58.49,75427,657229,7.07,0,0,0
2021-08-11,60.79,0.04,39.17,5694,5866129,63.08,2946,5441787,58.52,62639,719868,7.74,0,0,0
2021-08-12,60.83,0.04,39.12,7039,5873168,63.16,3287,5445074,58.55,59462,779330,8.38,0,0,0
2021-08-13,60.84,0.05,39.11,3819,5876987,63.2,2071,5447145,58.58,43869,823199,8.85,0,0,0
2021-08-14,60.85,0.05,39.1,2252,5879239,63.22,850,5447995,58.59,44486,867685,9.33,0,0,0
2021-08-15,60.89,0.05,39.06,7143,5886382,63.3,4531,5452526,58.63,97983,965668,10.38,0,0,0
2021-08-16,60.92,0.04,39.03,6990,5893372,63.37,4747,5457273,58.68,89519,1055187,11.35,0,0,0
2021-08-17,60.96,0.04,39,7572,5900944,63.46,5134,5462407,58.74,83320,1138507,12.24,0,0,0
2021-08-18,60.99,0.04,38.96,8643,5909587,63.55,4603,5467010,58.79,69267,1207774,12.99,0,0,0
2021-08-19,61.03,0.04,38.92,10080,5919667,63.66,5216,5472226,58.85,65974,1273748,13.7,0,0,0
2021-08-20,61.05,0.05,38.9,4768,5924435,63.71,2826,5475052,58.88,60452,1334200,14.35,0,0,0
2021-08-21,61.06,0.05,38.89,3498,5927933,63.75,1580,5476632,58.89,50725,1384925,14.89,0,0,0
2021-08-22,61.12,0.04,38.84,9821,5937754,63.85,4807,5481439,58.94,105106,1490031,16.02,0,0,0
2021-08-23,61.17,0.04,38.79,10924,5948678,63.97,4447,5485886,58.99,94031,1584062,17.03,0,0,0
2021-08-24,61.23,0.04,38.73,11721,5960399,64.1,4703,5490589,59.04,98551,1682613,18.09,0,0,0
2021-08-25,61.29,0.04,38.67,9612,5970011,64.2,4482,5495071,59.09,99548,1782161,19.16,0,0,0
2021-08-26,61.36,0.03,38.61,10107,5980118,64.31,5057,5500128,59.15,101228,1883389,20.25,0,0,0
2021-08-27,61.35,0.04,38.61,4325,5984443,64.35,2785,5502913,59.18,56694,1940083,20.86,0,0,0
2021-08-28,61.4,0.04,38.57,3698,5988141,64.39,1497,5504410,59.19,33539,1973622,21.22,0,0,0
2021-08-29,61.46,0.03,38.5,10321,5998462,64.5,5931,5510341,59.26,79548,2053170,22.08,0,0,0
2021-08-30,61.53,0.03,38.44,12334,6010796,64.64,7015,5517356,59.33,116004,2169174,23.33,0,0,0
2021-08-31,61.6,0.03,38.37,12075,6022871,64.77,6527,5523883,59.4,114874,2284048,24.56,0,0,0
2021-09-01,61.43,0.03,38.54,9032,6031903,64.86,6039,5529922,59.47,112489,2396537,25.77,0,0,0
2021-09-02,61.49,0.03,38.48,8784,6040687,64.96,7180,5537102,59.54,111542,2508079,26.97,0,0,0
2021-09-03,61.56,0.03,38.42,3749,6044436,65,4115,5541217,59.59,58884,2566963,27.6,0,0,0
2021-09-04,61.59,0.03,38.38,2692,6047128,65.03,2021,5543238,59.61,29950,2596913,27.93,0,0,0
2021-09-05,61.68,0.03,38.29,6991,6054119,65.1,6460,5549698,59.68,73326,2670239,28.71,0,0,0
2021-09-06,61.77,0.03,38.2,2834,6056953,65.13,2712,5552410,59.71,22797,2693036,28.96,0,0,0
2021-09-07,61.85,0.03,38.12,1199,6058152,65.15,879,5553289,59.72,5398,2698434,29.02,0,0,0
2021-09-08,61.93,0.03,38.05,1380,6059532,65.16,1195,5554484,59.73,6621,2705055,29.09,0,0,0
2021-09-09,62.02,0.03,37.95,7089,6066621,65.24,12573,5567057,59.87,73845,2778900,29.88,0,0,0
2021-09-10,62.06,0.03,37.91,3258,6069879,65.27,5015,5572072,59.92,37936,2816836,30.29,0,0,0
2021-09-11,62.08,0.03,37.89,2109,6071988,65.3,2505,5574577,59.95,14816,2831652,30.45,0,0,0
2021-09-12,62.16,0.03,37.81,6107,6078095,65.36,8587,5583164,60.04,54135,2885787,31.03,0,0,0
2021-09-13,62.15,0.03,37.82,5610,6083705,65.42,8262,5591426,60.13,47981,2933768,31.55,0,0,0
2021-09-14,62.2,0.03,37.77,4961,6088666,65.47,7420,5598846,60.21,48854,2982622,32.07,0,0,0
2021-09-15,62.25,0.03,37.72,1750,6090416,65.49,2717,5601563,60.24,16686,2999308,32.25,0,0,0
2021-09-16,62.37,0.03,37.6,343,6090759,65.5,549,5602112,60.24,1740,3001048,32.27,0,0,0
2021-09-17,62.42,0.03,37.54,3682,6094441,65.54,7019,5609131,60.32,42904,3043952,32.73,0,0,0
2021-09-18,62.45,0.03,37.52,2258,6096699,65.56,2944,5612075,60.35,12783,3056735,32.87,0,0,0
2021-09-19,62.55,0.03,37.42,5941,6102640,65.62,10710,5622785,60.46,44332,3101067,33.35,0,0,0
2021-09-20,62.63,0.03,37.34,3245,6105885,65.66,4645,5627430,60.51,16707,3117774,33.53,0,0,0
2021-09-21,62.69,0.03,37.28,1339,6107224,65.67,2059,5629489,60.54,3476,3121250,33.56,0,0,0
2021-09-22,62.72,0.03,37.25,4257,6111481,65.72,7250,5636739,60.61,25072,3146322,33.83,0,0,0
2021-09-23,62.75,0.03,37.22,4389,6115870,65.77,5912,5642651,60.68,27833,3174155,34.13,0,0,0
2021-09-24,62.82,0.03,37.15,3202,6119072,65.8,4185,5646836,60.72,27721,3201876,34.43,0,0,0
2021-09-25,62.85,0.03,37.12,2079,6121151,65.82,2261,5649097,60.75,10443,3212319,34.54,0,0,0
2021-09-26,62.96,0.03,37,5604,6126755,65.88,5972,5655069,60.81,36269,3248588,34.93,0,0,0
2021-09-27,63.02,0.03,36.94,4693,6131448,65.93,4468,5659537,60.86,30455,3279043,35.26,0,0,0
2021-09-28,63.06,0.04,36.91,1471,6132919,65.95,1180,5660717,60.87,6249,3285292,35.33,0,0,0
2021-09-29,63.13,0.03,36.84,9620,6142539,66.05,8346,5669063,60.96,60324,3345616,35.98,0,0,0
2021-09-30,63.18,0.03,36.79,10974,6153513,66.17,8574,5677637,61.05,79697,3425313,36.83,0,0,0
2021-10-01,63.23,0.03,36.73,5124,6158637,66.23,3875,5681512,61.1,46545,3471858,37.33,0,0,0
2021-10-02,63.26,0.03,36.71,2862,6161499,66.26,2127,5683639,61.12,22432,3494290,37.58,0,0,0
2021-10-03,63.35,0.03,36.62,11667,6173166,66.38,7273,5690912,61.2,70725,3565015,38.34,0,0,0
2021-10-04,63.4,0.03,36.57,10320,6183486,66.49,6757,5697669,61.27,51907,3616922,38.89,0,0,0
2021-10-05,63.41,0.03,36.55,8459,6191945,66.59,5314,5702983,61.33,40479,3657401,39.33,0,0,0
2021-10-06,63.52,0.03,36.45,7542,6199487,66.67,4183,5707166,61.37,34147,3691548,39.7,0,0,0
2021-10-07,63.63,0.03,36.34,6892,6206379,66.74,4008,5711174,61.42,34066,3725614,40.06,0,0,0
2021-10-08,63.68,0.03,36.29,3085,6209464,66.77,2643,5713817,61.44,19250,3744864,40.27,0,0,0
2021-10-09,63.71,0.03,36.26,1337,6210801,66.79,1443,5715260,61.46,7441,3752305,40.35,0,0,0
2021-10-10,63.82,0.04,36.14,4675,6215476,66.84,3747,5719007,61.5,21518,3773823,40.58,0,0,0
2021-10-11,63.91,0.04,36.05,4299,6219775,66.88,2943,5721950,61.53,17267,3791090,40.77,0,0,0
2021-10-12,63.99,0.05,35.96,3973,6223748,66.93,3003,5724953,61.56,15356,3806446,40.93,0,0,0
2021-10-13,64.09,0.05,35.86,3487,6227235,66.96,2451,5727404,61.59,13587,3820033,41.08,0,0,0
2021-10-14,64.19,0.06,35.75,3868,6231103,67.01,2685,5730089,61.62,16566,3836599,41.26,0,0,0
2021-10-15,64.23,0.07,35.7,1703,6232806,67.02,1682,5731771,61.64,9008,3845607,41.35,0,0,0
2021-10-16,64.25,0.08,35.67,727,6233533,67.03,956,5732727,61.65,4034,3849641,41.4,0,0,0
2021-10-17,64.36,0.09,35.56,3089,6236622,67.07,2525,5735252,61.67,12798,3862439,41.53,0,0,0
2021-10-18,64.43,0.1,35.47,2460,6239082,67.09,1689,5736941,61.69,10069,3872508,41.64,0,0,0
2021-10-19,64.49,0.1,35.4,2397,6241479,67.12,1282,5738223,61.71,9295,3881803,41.74,0,0,0
2021-10-20,64.14,0.52,35.34,2434,6243913,67.14,2304,5740527,61.73,10100,3891903,41.85,0,0,0
2021-10-21,54.23,10.41,35.36,3032,6246945,67.18,3096,5743623,61.76,12163,3904066,41.98,0,0,0
2021-10-22,54.36,10.26,35.38,1279,6248224,67.19,1435,5745058,61.78,5835,3909901,42.05,0,0,0
2021-10-23,54.42,10.19,35.39,572,6248796,67.2,1266,5746324,61.79,2564,3912465,42.07,0,0,0
2021-10-24,54.22,10.43,35.35,2515,6251311,67.22,2653,5748977,61.82,9855,3922320,42.18,0,0,0
2021-10-25,54.59,10.22,35.19,2635,6253946,67.25,2750,5751727,61.85,8509,3930829,42.27,0,0,0
2021-10-26,54.64,10.26,35.1,2381,6256327,67.28,2056,5753783,61.87,8522,3939351,42.36,0,0,0
2021-10-27,54.58,10.37,35.06,2289,6258616,67.3,2566,5756349,61.9,7954,3947305,42.45,0,0,0
2021-10-28,54.69,10.76,34.55,2504,6261120,67.33,2778,5759127,61.93,8671,3955976,42.54,0,0,0
2021-10-29,54.73,10.75,34.52,900,6262020,67.34,1151,5760278,61.94,4137,3960113,42.59,0,0,0
2021-10-30,54.68,10.81,34.52,366,6262386,67.34,530,5760808,61.95,1712,3961825,42.6,0,0,0
2021-10-31,54.83,10.7,34.47,2260,6264646,67.37,2495,5763303,61.98,8255,3970080,42.69,0,0,0
2021-11-01,54.95,10.63,34.42,1736,6266382,67.39,2091,5765394,62,6479,3976559,42.76,0,0,0
2021-11-02,54.89,10.69,34.42,2026,6268408,67.41,2044,5767438,62.02,6294,3982853,42.83,0,0,0
2021-11-03,54.86,10.75,34.39,1763,6270171,67.43,1897,5769335,62.04,5556,3988409,42.89,0,0,0
2021-11-04,54.85,10.81,34.33,2111,6272282,67.45,2802,5772137,62.07,7127,3995536,42.97,0,0,0
2021-11-05,54.85,10.83,34.32,789,6273071,67.46,904,5773041,62.08,3485,3999021,43,0,0,0
2021-11-06,54.82,10.86,34.32,346,6273417,67.46,386,5773427,62.08,1373,4000394,43.02,0,0,0
2021-11-07,54.92,10.8,34.28,1578,6274995,67.48,1769,5775196,62.1,6134,4006528,43.08,0,0,0
2021-11-08,55.01,10.75,34.24,1519,6276514,67.49,1602,5776798,62.12,5405,4011933,43.14,0,0,0
2021-11-09,55.05,10.74,34.21,1428,6277942,67.51,1609,5778407,62.14,5331,4017264,43.2,0,0,0
2021-11-10,55.08,10.73,34.19,1423,6279365,67.53,1659,5780066,62.16,4777,4022041,43.25,0,0,0
2021-11-11,55.15,10.69,34.15,1627,6280992,67.54,1944,5782010,62.18,5716,4027757,43.31,0,0,0
2021-11-12,55.17,10.69,34.14,634,6281626,67.55,826,5782836,62.19,2922,4030679,43.34,0,0,0
2021-11-13,55.14,10.72,34.14,256,6281882,67.55,286,5783122,62.19,1130,4031809,43.36,0,0,0
2021-11-14,55.21,10.68,34.11,1536,6283418,67.57,1637,5784759,62.21,5109,4036918,43.41,0,0,0
2021-11-15,55.28,10.63,34.09,1274,6284692,67.58,1622,5786381,62.22,4770,4041688,43.46,0,0,0
2021-11-16,55.32,10.62,34.07,1273,6285965,67.6,1416,5787797,62.24,4347,4046035,43.51,0,0,0
2021-11-17,55.35,10.6,34.05,1205,6287170,67.61,1565,5789362,62.26,3915,4049950,43.55,0,0,0
2021-11-18,55.41,10.58,34.02,1361,6288531,67.62,1692,5791054,62.27,5010,4054960,43.6,0,0,0
2021-11-19,55.42,10.57,34.01,588,6289119,67.63,763,5791817,62.28,2457,4057417,43.63,0,0,0
2021-11-20,55.41,10.58,34,238,6289357,67.63,257,5792074,62.29,929,4058346,43.64,0,0,0
2021-11-21,55.47,10.54,33.98,1409,6290766,67.65,1541,5793615,62.3,4879,4063225,43.69,0,0,0
2021-11-22,55.54,10.5,33.96,1680,6292446,67.67,1522,5795137,62.32,4239,4067464,43.74,0,0,0
2021-11-23,55.57,10.48,33.95,8622,6301068,67.76,1687,5796824,62.34,4008,4071472,43.78,0,0,0
2021-11-24,55.6,10.44,33.95,9349,6310417,67.86,1317,5798141,62.35,3923,4075395,43.82,0,0,0
2021-11-25,55.64,10.43,33.93,9812,6320229,67.96,1601,5799742,62.37,4839,4080234,43.88,0,0,0
2021-11-26,55.63,10.45,33.92,5610,6325839,68.03,748,5800490,62.38,2800,4083034,43.91,0,0,0
2021-11-27,55.62,10.46,33.92,4779,6330618,68.08,323,5800813,62.38,1163,4084197,43.92,0,0,0
2021-11-28,55.67,10.43,33.9,10152,6340770,68.19,1477,5802290,62.4,4901,4089098,43.97,0,0,0
2021-11-29,55.73,10.39,33.88,9042,6349812,68.28,1131,5803421,62.41,4376,4093474,44.02,0,0,0
2021-11-30,55.77,10.37,33.86,10044,6359856,68.39,1035,5804456,62.42,4084,4097558,44.06,0,0,0
2021-12-01,55.79,10.36,33.84,8632,6368488,68.48,1095,5805551,62.43,4442,4102000,44.11,6,6,0
2021-12-02,55.84,10.34,33.82,9176,6377664,68.58,1454,5807005,62.45,5124,4107124,44.17,6,12,0
2021-12-03,55.86,10.33,33.81,6331,6383995,68.65,673,5807678,62.45,2867,4109991,44.2,1,13,0
2021-12-04,55.85,10.34,33.81,2509,6386504,68.68,235,5807913,62.46,922,4110913,44.21,3,16,0
2021-12-05,55.9,10.31,33.79,8335,6394839,68.77,1253,5809166,62.47,4683,4115596,44.26,1,17,0
2021-12-06,55.95,10.27,33.78,6723,6401562,68.84,1200,5810366,62.48,4350,4119946,44.3,4,21,0
2021-12-07,55.99,10.25,33.76,5553,6407115,68.9,1503,5811869,62.5,3965,4123911,44.35,9,30,0
2021-12-08,56.03,10.22,33.75,4935,6412050,68.95,1199,5813068,62.51,3883,4127794,44.39,10,40,0
2021-12-09,56.08,10.19,33.73,6237,6418287,69.02,1239,5814307,62.52,4506,4132300,44.44,8,48,0
2021-12-10,56.1,10.18,33.72,3005,6421292,69.05,703,5815010,62.53,2686,4134986,44.47,4,52,0
2021-12-11,56.1,10.18,33.71,1491,6422783,69.07,252,5815262,62.53,1016,4136002,44.48,0,52,0
2021-12-12,56.16,10.15,33.69,7274,6430057,69.15,1444,5816706,62.55,5248,4141250,44.53,3,55,0
2021-12-13,56.21,10.11,33.67,6181,6436238,69.21,1374,5818080,62.56,4350,4145600,44.58,5,60,0
2021-12-14,56.27,10.09,33.65,7317,6443555,69.29,6101,5824181,62.63,4937,4150537,44.63,12,72,0
2021-12-15,56.34,10.06,33.6,7203,6450758,69.37,7403,5831584,62.71,5445,4155982,44.69,7,79,0
2021-12-16,56.53,10.05,33.42,8079,6458837,69.46,8613,5840197,62.8,6563,4162545,44.76,8,87,0
2021-12-17,56.64,10.05,33.3,4406,6463243,69.5,5140,5845337,62.86,3953,4166498,44.8,3,90,0
2021-12-18,56.73,10.07,33.2,3941,6467184,69.54,2914,5848251,62.89,1360,4167858,44.82,2,92,0
2021-12-19,56.92,10.04,33.04,6980,6474164,69.62,9331,5857582,62.99,6273,4174131,44.89,6,98,0
2021-12-20,57.07,10.02,32.91,7969,6482133,69.71,7517,5865099,63.07,5443,4179574,44.95,9,107,0
2021-12-21,57.27,10.01,32.71,9549,6491682,69.81,8649,5873748,63.16,6490,4186064,45.01,8,115,0
2021-12-22,57.49,10,32.52,9664,6501346,69.91,8155,5881903,63.25,6249,4192313,45.08,12,127,0
2021-12-23,57.7,9.97,32.33,11538,6512884,70.04,10264,5892167,63.36,8159,4200472,45.17,16,143,0
2021-12-24,57.83,9.96,32.21,5873,6518757,70.1,6240,5898407,63.43,5280,4205752,45.23,12,155,0
2021-12-25,57.9,9.96,32.15,3338,6522095,70.14,2566,5900973,63.46,2021,4207773,45.25,6,161,0
2021-12-26,58.1,9.92,31.98,10653,6532748,70.25,8910,5909883,63.55,8201,4215974,45.34,8,169,0
2021-12-27,58.27,9.9,31.83,10371,6543119,70.36,7145,5917028,63.63,8185,4224159,45.42,21,190,0
2021-12-28,58.46,9.88,31.66,11374,6554493,70.48,7452,5924480,63.71,9639,4233798,45.53,24,214,0
2021-12-29,58.64,9.85,31.51,9932,6564425,70.59,5963,5930443,63.77,8375,4242173,45.62,20,234,0
2021-12-30,58.84,9.82,31.34,11011,6575436,70.71,7735,5938178,63.86,12241,4254414,45.75,10,244,0
2021-12-31,58.9,9.79,31.3,4829,6580265,70.76,3672,5941850,63.9,7294,4261708,45.83,135,379,0
2022-01-01,58.93,9.79,31.28,1992,6582257,70.78,1591,5943441,63.91,2741,4264449,45.86,66,445,0
2022-01-02,59.14,9.76,31.1,10217,6592474,70.89,6487,5949928,63.98,13002,4277451,46,590,1035,0.01
2022-01-03,59.29,9.71,31,9384,6601858,70.99,5258,5955186,64.04,11338,4288789,46.12,25055,26090,0.28
2022-01-04,59.46,9.68,30.86,8967,6610825,71.09,5949,5961135,64.1,10524,4299313,46.23,50658,76748,0.83
2022-01-05,59.56,9.65,30.79,8553,6619378,71.18,5739,5966874,64.16,10491,4309804,46.35,59589,136337,1.47
2022-01-06,59.81,9.63,30.56,10340,6629718,71.29,7959,5974833,64.25,13530,4323334,46.49,63999,200336,2.15
2022-01-07,59.89,9.61,30.49,4760,6634478,71.34,4556,5979389,64.3,8161,4331495,46.58,31135,231471,2.49
2022-01-08,59.9,9.64,30.46,2750,6637228,71.37,2452,5981841,64.33,5501,4336996,46.64,27631,259102,2.79
2022-01-09,60.06,9.59,30.35,9306,6646534,71.47,7722,5989563,64.41,11868,4348864,46.77,66765,325867,3.5
2022-01-10,60.21,9.54,30.25,8350,6654884,71.56,7645,5997208,64.49,11877,4360741,46.89,64774,390641,4.2
2022-01-11,60.38,9.49,30.13,8100,6662984,71.65,8621,6005829,64.58,11971,4372712,47.02,56657,447298,4.81
2022-01-12,60.51,9.45,30.04,7277,6670261,71.73,8303,6014132,64.67,11114,4383826,47.14,44631,491929,5.29
2022-01-13,60.7,9.35,29.94,7508,6677769,71.81,9616,6023748,64.78,11542,4395368,47.27,34765,526694,5.66
2022-01-14,60.79,9.31,29.9,2555,6680324,71.84,4935,6028683,64.83,6142,4401510,47.33,11141,537835,5.78
2022-01-15,60.83,9.29,29.87,1469,6681793,71.85,3170,6031853,64.86,3884,4405394,47.37,5716,543551,5.85
2022-01-16,60.97,9.2,29.82,3818,6685611,71.89,8525,6040378,64.96,7681,4413075,47.46,19992,563543,6.06
2022-01-17,61.09,9.13,29.78,2809,6688420,71.92,7046,6047424,65.03,6170,4419245,47.52,17832,581375,6.25
2022-01-18,61.23,9.07,29.7,2475,6690895,71.95,7385,6054809,65.11,5534,4424779,47.58,14817,596192,6.41
2022-01-19,61.37,8.98,29.65,1915,6692810,71.97,6369,6061178,65.18,4520,4429299,47.63,8460,604652,6.5
2022-01-20,61.44,8.85,29.71,1778,6694588,71.99,6969,6068147,65.25,4792,4434091,47.68,8041,612693,6.59
2022-01-21,61.51,8.81,29.68,905,6695493,72,3725,6071872,65.29,2645,4436736,47.71,3358,616051,6.62
2022-01-22,61.51,8.75,29.74,328,6695821,72,1461,6073333,65.31,1066,4437802,47.72,1113,617164,6.64
2022-01-23,61.61,8.7,29.69,1068,6696889,72.02,5632,6078965,65.37,2878,4440680,47.75,6083,623247,6.7
2022-01-24,61.73,8.62,29.65,759,6697648,72.02,4480,6083445,65.42,2267,4442947,47.78,5055,628302,6.76
2022-01-25,61.9,8.51,29.59,744,6698392,72.03,4400,6087845,65.47,2182,4445129,47.8,7102,635404,6.83
2022-01-26,62.02,8.42,29.57,615,6699007,72.04,3285,6091130,65.5,1611,4446740,47.82,4262,639666,6.88
2022-01-27,62.12,8.35,29.52,798,6699805,72.05,4406,6095536,65.55,2004,4448744,47.84,5441,645107,6.94
2022-01-28,62.16,8.33,29.5,395,6700200,72.05,2376,6097912,65.57,1179,4449923,47.85,3452,648559,6.97
2022-01-29,62.23,8.29,29.48,124,6700324,72.05,1046,6098958,65.59,424,4450347,47.86,1162,649721,6.99
2022-01-30,62.3,8.24,29.46,769,6701093,72.06,4719,6103677,65.64,2020,4452367,47.88,8099,657820,7.07
2022-01-31,62.39,8.17,29.43,528,6701621,72.07,3184,6106861,65.67,1609,4453976,47.9,6472,664292,7.14
2022-02-01,62.45,8.15,29.4,480,6702101,72.07,2807,6109668,65.7,1525,4455501,47.91,5721,670013,7.21
2022-02-02,62.28,8.13,29.59,375,6702476,72.08,2394,6112062,65.73,1381,4456882,47.93,5074,675087,7.26
2022-02-03,62.34,8.08,29.57,446,6702922,72.08,2776,6114838,65.76,1461,4458343,47.94,5607,680694,7.32
2022-02-04,62.37,8.06,29.57,174,6703096,72.08,991,6115829,65.77,755,4459098,47.95,2455,683149,7.35
2022-02-05,62.34,8.09,29.56,62,6703158,72.08,342,6116171,65.77,221,4459319,47.95,420,683569,7.35
2022-02-06,62.41,8.05,29.55,406,6703564,72.09,2320,6118491,65.8,1343,4460662,47.97,5686,689255,7.41
2022-02-07,62.47,8.01,29.52,282,6703846,72.09,1307,6119798,65.81,983,4461645,47.98,5960,695215,7.48
2022-02-08,62.54,7.97,29.49,317,6704163,72.09,1498,6121296,65.83,1068,4462713,47.99,6137,701352,7.54
2022-02-09,62.6,7.95,29.45,254,6704417,72.1,1102,6122398,65.84,945,4463658,48,4570,705922,7.59
2022-02-10,62.63,7.93,29.44,273,6704690,72.1,1293,6123691,65.85,936,4464594,48.01,4815,710737,7.64
2022-02-11,62.67,7.91,29.42,211,6704901,72.1,557,6124248,65.86,518,4465112,48.02,2539,713276,7.67
2022-02-12,62.67,7.91,29.41,32,6704933,72.1,90,6124338,65.86,133,4465245,48.02,269,713545,7.67
2022-02-13,62.73,7.87,29.39,286,6705219,72.1,946,6125284,65.87,966,4466211,48.03,4998,718543,7.73
2022-02-14,62.89,7.74,29.36,180,6705399,72.11,627,6125911,65.88,760,4466971,48.04,3142,721685,7.76
2022-02-15,62.92,7.73,29.35,266,6705665,72.11,763,6126674,65.88,936,4467907,48.05,3818,725503,7.8
2022-02-16,62.95,7.72,29.34,179,6705844,72.11,577,6127251,65.89,803,4468710,48.05,2487,727990,7.83
2022-02-17,62.96,7.7,29.34,246,6706090,72.11,740,6127991,65.9,775,4469485,48.06,3061,731051,7.86
2022-02-18,62.98,7.69,29.33,131,6706221,72.12,342,6128333,65.9,436,4469921,48.07,1118,732169,7.87
2022-02-19,62.99,7.69,29.32,33,6706254,72.12,84,6128417,65.9,82,4470003,48.07,79,732248,7.87
2022-02-20,63.01,7.67,29.32,203,6706457,72.12,604,6129021,65.91,721,4470724,48.08,2574,734822,7.9
2022-02-21,63.04,7.65,29.31,173,6706630,72.12,413,6129434,65.91,489,4471213,48.08,1542,736364,7.92
2022-02-22,63.05,7.65,29.3,158,6706788,72.12,454,6129888,65.92,569,4471782,48.09,1871,738235,7.94
2022-02-23,63.06,7.65,29.29,109,6706897,72.12,353,6130241,65.92,452,4472234,48.09,1153,739388,7.95
2022-02-24,63.05,7.66,29.29,138,6707035,72.12,462,6130703,65.93,568,4472802,48.1,1492,740880,7.97
2022-02-25,63.06,7.66,29.28,59,6707094,72.12,144,6130847,65.93,190,4472992,48.1,456,741336,7.97
2022-02-26,63.05,7.67,29.28,17,6707111,72.13,28,6130875,65.93,161,4473153,48.1,35,741371,7.97
2022-02-27,63.05,7.67,29.28,112,6707223,72.13,341,6131216,65.93,448,4473601,48.11,1119,742490,7.98
2022-02-28,63.07,7.65,29.28,108,6707331,72.13,271,6131487,65.94,422,4474023,48.11,907,743397,7.99
2022-03-01,63.1,7.63,29.27,95,6707426,72.13,280,6131767,65.94,373,4474396,48.12,797,744194,8
2022-03-02,63.11,7.62,29.27,77,6707503,72.13,199,6131966,65.94,324,4474720,48.12,697,744891,8.01
2022-03-03,63.05,7.67,29.27,156,6707659,72.13,371,6132337,65.94,496,4475216,48.12,987,745878,8.02
2022-03-04,63.05,7.68,29.27,53,6707712,72.13,170,6132507,65.95,170,4475386,48.13,227,746105,8.02
2022-03-05,63.04,7.69,29.27,4,6707716,72.13,25,6132532,65.95,43,4475429,48.13,32,746137,8.02
2022-03-06,63.04,7.69,29.27,97,6707813,72.13,258,6132790,65.95,418,4475847,48.13,760,746897,8.03
2022-03-07,63.05,7.69,29.26,87,6707900,72.13,260,6133050,65.95,353,4476200,48.13,604,747501,8.04
2022-03-08,63.04,7.7,29.26,98,6707998,72.13,263,6133313,65.95,333,4476533,48.14,550,748051,8.04
2022-03-09,63.02,7.72,29.25,89,6708087,72.14,213,6133526,65.96,337,4476870,48.14,492,748543,8.05
2022-03-10,63.01,7.74,29.25,115,6708202,72.14,373,6133899,65.96,427,4477297,48.15,620,749163,8.06
2022-03-11,63,7.75,29.25,24,6708226,72.14,86,6133985,65.96,122,4477419,48.15,144,749307,8.06
2022-03-12,62.98,7.77,29.24,11,6708237,72.14,12,6133997,65.96,33,4477452,48.15,28,749335,8.06
2022-03-13,62.98,7.78,29.24,100,6708337,72.14,271,6134268,65.96,358,4477810,48.15,595,749930,8.06
2022-03-14,62.98,7.78,29.24,65,6708402,72.14,252,6134520,65.97,316,4478126,48.16,559,750489,8.07
2022-03-15,62.95,7.81,29.24,79,6708481,72.14,185,6134705,65.97,293,4478419,48.16,591,751080,8.08
2022-03-16,62.94,7.82,29.24,76,6708557,72.14,205,6134910,65.97,304,4478723,48.16,668,751748,8.08
2022-03-17,62.94,7.82,29.24,65,6708622,72.14,121,6135031,65.97,286,4479009,48.17,613,752361,8.09
2022-03-18,62.94,7.82,29.24,19,6708641,72.14,54,6135085,65.97,100,4479109,48.17,234,752595,8.09
2022-03-19,62.89,7.88,29.23,5,6708646,72.14,11,6135096,65.97,28,4479137,48.17,39,752634,8.09
2022-03-20,62.87,7.89,29.23,119,6708765,72.14,260,6135356,65.98,486,4479623,48.17,1431,754065,8.11
2022-03-21,62.87,7.9,29.23,97,6708862,72.14,247,6135603,65.98,379,4480002,48.18,1132,755197,8.12
2022-03-22,62.84,7.94,29.23,141,6709003,72.15,342,6135945,65.98,507,4480509,48.18,1770,756967,8.14
2022-03-23,62.81,7.97,29.22,108,6709111,72.15,212,6136157,65.99,463,4480972,48.19,1676,758643,8.16
2022-03-24,62.78,8,29.22,174,6709285,72.15,345,6136502,65.99,768,4481740,48.19,2361,761004,8.18
2022-03-25,62.78,8,29.23,39,6709324,72.15,82,6136584,65.99,156,4481896,48.2,629,761633,8.19
2022-03-26,62.77,8,29.22,12,6709336,72.15,13,6136597,65.99,34,4481930,48.2,91,761724,8.19
2022-03-27,62.75,8.02,29.22,167,6709503,72.15,344,6136941,65.99,758,4482688,48.2,3193,764917,8.23
2022-03-28,62.75,8.03,29.22,113,6709616,72.15,270,6137211,66,623,4483311,48.21,2416,767333,8.25
2022-03-29,62.7,8.07,29.22,125,6709741,72.15,258,6137469,66,641,4483952,48.22,2771,770104,8.28
2022-03-30,62.81,8.11,29.07,132,6709873,72.15,207,6137676,66,539,4484491,48.22,2370,772474,8.31
2022-03-31,62.79,8.11,29.1,166,6710039,72.16,302,6137978,66,730,4485221,48.23,2852,775326,8.34
2022-04-01,62.72,8.13,29.15,122,6710161,72.16,160,6138138,66.01,277,4485498,48.23,585,775911,8.34
2022-04-02,62.69,8.15,29.16,6,6710167,72.16,7,6138145,66.01,37,4485535,48.24,52,775963,8.34
2022-04-03,62.65,8.16,29.19,159,6710326,72.16,270,6138415,66.01,569,4486104,48.24,2478,778441,8.37
2022-04-04,62.62,8.16,29.22,103,6710429,72.16,207,6138622,66.01,484,4486588,48.25,2224,780665,8.39
2022-04-05,62.57,8.19,29.25,122,6710551,72.16,219,6138841,66.01,513,4487101,48.25,2242,782907,8.42
2022-04-06,62.55,8.2,29.25,92,6710643,72.16,155,6138996,66.02,381,4487482,48.26,2021,784928,8.44
2022-04-07,62.56,8.2,29.24,191,6710834,72.17,215,6139211,66.02,641,4488123,48.26,2556,787484,8.47
2022-04-08,62.54,8.22,29.23,30,6710864,72.17,60,6139271,66.02,153,4488276,48.26,482,787966,8.47
2022-04-09,62.52,8.25,29.23,6,6710870,72.17,17,6139288,66.02,27,4488303,48.27,47,788013,8.47
2022-04-10,62.51,8.26,29.23,103,6710973,72.17,264,6139552,66.02,429,4488732,48.27,1845,789858,8.49
2022-04-11,62.54,8.26,29.2,78,6711051,72.17,201,6139753,66.02,371,4489103,48.27,1425,791283,8.51
2022-04-12,62.58,8.29,29.12,204,6711255,72.17,168,6139921,66.03,374,4489477,48.28,1360,792643,8.52
2022-04-13,62.58,8.31,29.1,119,6711374,72.17,150,6140071,66.03,296,4489773,48.28,1217,793860,8.54
2022-04-14,62.57,8.33,29.1,85,6711459,72.17,221,6140292,66.03,320,4490093,48.28,1069,794929,8.55
2022-04-15,62.55,8.35,29.1,9,6711468,72.17,51,6140343,66.03,47,4490140,48.28,82,795011,8.55
2022-04-16,62.53,8.37,29.1,3,6711471,72.17,8,6140351,66.03,21,4490161,48.28,29,795040,8.55
2022-04-17,62.52,8.38,29.1,62,6711533,72.17,131,6140482,66.03,229,4490390,48.29,807,795847,8.56
2022-04-18,62.51,8.38,29.1,69,6711602,72.17,109,6140591,66.03,252,4490642,48.29,749,796596,8.57
2022-04-19,62.5,8.4,29.1,62,6711664,72.17,144,6140735,66.03,273,4490915,48.29,842,797438,8.58
2022-04-20,62.48,8.42,29.1,60,6711724,72.17,117,6140852,66.04,235,4491150,48.3,654,798092,8.58
2022-04-21,62.47,8.43,29.1,53,6711777,72.18,109,6140961,66.04,196,4491346,48.3,479,798571,8.59
2022-04-22,62.45,8.44,29.11,3,6711780,72.18,17,6140978,66.04,19,4491365,48.3,19,798590,8.59
2022-04-23,62.43,8.46,29.11,6,6711786,72.18,9,6140987,66.04,15,4491380,48.3,13,798603,8.59
2022-04-24,62.43,8.47,29.1,92,6711878,72.18,250,6141237,66.04,329,4491709,48.3,872,799475,8.6
2022-04-25,62.43,8.47,29.1,105,6711983,72.18,191,6141428,66.04,316,4492025,48.3,738,800213,8.61
2022-04-26,62.42,8.48,29.1,75,6712058,72.18,175,6141603,66.04,303,4492328,48.31,787,801000,8.61
2022-04-27,62.41,8.49,29.1,54,6712112,72.18,160,6141763,66.05,227,4492555,48.31,640,801640,8.62
2022-04-28,62.41,8.5,29.1,96,6712208,72.18,232,6141995,66.05,329,4492884,48.31,871,802511,8.63
2022-04-29,62.39,8.51,29.1,112,6712320,72.18,159,6142154,66.05,183,4493067,48.32,195,802706,8.63
2022-04-30,62.38,8.52,29.1,1,6712321,72.18,3,6142157,66.05,24,4493091,48.32,22,802728,8.63
2022-05-01,62.38,8.53,29.09,135,6712456,72.18,185,6142342,66.05,316,4493407,48.32,630,803358,8.64
2022-05-02,62.37,8.54,29.09,62,6712518,72.18,155,6142497,66.05,235,4493642,48.32,491,803849,8.64
2022-05-03,62.36,8.55,29.09,72,6712590,72.18,151,6142648,66.05,288,4493930,48.33,507,804356,8.65
2022-05-04,62.35,8.57,29.08,23,6712613,72.18,56,6142704,66.06,63,4493993,48.33,126,804482,8.65
2022-05-05,62.34,8.58,29.08,4,6712617,72.18,1,6142705,66.06,8,4494001,48.33,13,804495,8.65
2022-05-06,62.33,8.59,29.08,20,6712637,72.18,59,6142764,66.06,64,4494065,48.33,151,804646,8.65
2022-05-07,62.32,8.6,29.08,1,6712638,72.18,7,6142771,66.06,27,4494092,48.33,24,804670,8.65
2022-05-08,62.31,8.61,29.08,118,6712756,72.19,207,6142978,66.06,270,4494362,48.33,457,805127,8.66
2022-05-09,62.31,8.61,29.08,59,6712815,72.19,162,6143140,66.06,251,4494613,48.33,505,805632,8.66
2022-05-10,62.3,8.62,29.08,131,6712946,72.19,169,6143309,66.06,261,4494874,48.34,508,806140,8.67
2022-05-11,62.3,8.63,29.08,58,6713004,72.19,118,6143427,66.06,182,4495056,48.34,464,806604,8.67
2022-05-12,62.29,8.64,29.07,119,6713123,72.19,200,6143627,66.07,278,4495334,48.34,665,807269,8.68
2022-05-13,62.28,8.65,29.07,11,6713134,72.19,43,6143670,66.07,71,4495405,48.34,110,807379,8.68
2022-05-14,62.26,8.66,29.07,6,6713140,72.19,13,6143683,66.07,11,4495416,48.34,23,807402,8.68
2022-05-15,62.26,8.67,29.07,90,6713230,72.19,175,6143858,66.07,246,4495662,48.34,665,808067,8.69
2022-05-16,62.19,8.65,29.16,68,6713298,72.19,141,6143999,66.07,230,4495892,48.35,508,808575,8.7
2022-05-17,62.18,8.66,29.16,73,6713371,72.19,153,6144152,66.07,269,4496161,48.35,617,809192,8.7
2022-05-18,62.17,8.67,29.16,43,6713414,72.19,99,6144251,66.07,169,4496330,48.35,445,809637,8.71
2022-05-19,62.16,8.68,29.16,64,6713478,72.19,170,6144421,66.07,212,4496542,48.35,499,810136,8.71
2022-05-20,62.15,8.69,29.16,75,6713553,72.19,114,6144535,66.08,130,4496672,48.35,138,810274,8.71
2022-05-21,62.14,8.7,29.16,4,6713557,72.19,7,6144542,66.08,14,4496686,48.36,18,810292,8.71
2022-05-22,62.14,8.71,29.16,87,6713644,72.2,188,6144730,66.08,216,4496902,48.36,426,810718,8.72
2022-05-23,62.14,8.71,29.16,64,6713708,72.2,120,6144850,66.08,156,4497058,48.36,346,811064,8.72
2022-05-24,62.13,8.71,29.15,43,6713751,72.2,119,6144969,66.08,157,4497215,48.36,394,811458,8.73
2022-05-25,62.12,8.72,29.15,61,6713812,72.2,103,6145072,66.08,166,4497381,48.36,337,811795,8.73
2022-05-26,62.11,8.73,29.16,72,6713884,72.2,136,6145208,66.08,186,4497567,48.36,348,812143,8.73
2022-05-27,62.1,8.74,29.16,12,6713896,72.2,29,6145237,66.08,43,4497610,48.37,59,812202,8.73
2022-05-28,62.09,8.75,29.16,2,6713898,72.2,5,6145242,66.08,8,4497618,48.37,12,812214,8.73
2022-05-29,62.09,8.75,29.16,89,6713987,72.2,153,6145395,66.08,163,4497781,48.37,315,812529,8.74
2022-05-30,62.09,8.76,29.16,56,6714043,72.2,133,6145528,66.09,125,4497906,48.37,291,812820,8.74
2022-05-31,62.07,8.78,29.15,45,6714088,72.2,104,6145632,66.09,153,4498059,48.37,351,813171,8.74
2022-06-01,61.95,8.9,29.16,63,6714151,72.2,90,6145722,66.09,117,4498176,48.37,276,813447,8.75
2022-06-02,45.96,24.88,29.15,77,6714228,72.2,156,6145878,66.09,177,4498353,48.37,255,813702,8.75
2022-06-03,45.9,24.95,29.16,10,6714238,72.2,23,6145901,66.09,21,4498374,48.37,33,813735,8.75
2022-06-04,45.84,25,29.16,0,6714238,72.2,7,6145908,66.09,8,4498382,48.37,5,813740,8.75
2022-06-05,45.8,25.05,29.16,11,6714249,72.2,14,6145922,66.09,7,4498389,48.37,2,813742,8.75
2022-06-06,39.96,30.89,29.16,58,6714307,72.2,144,6146066,66.09,161,4498550,48.38,262,814004,8.75
2022-06-07,39.92,30.93,29.15,54,6714361,72.2,134,6146200,66.09,142,4498692,48.38,379,814383,8.76
2022-06-08,39.89,30.96,29.15,58,6714419,72.2,104,6146304,66.09,131,4498823,48.38,497,814880,8.76
2022-06-09,39.86,30.99,29.15,84,6714503,72.2,207,6146511,66.1,234,4499057,48.38,642,815522,8.77
2022-06-10,39.83,31.02,29.15,14,6714517,72.2,51,6146562,66.1,59,4499116,48.38,141,815663,8.77
2022-06-11,39.8,31.05,29.15,0,6714517,72.2,3,6146565,66.1,7,4499123,48.38,19,815682,8.77
2022-06-12,39.8,31.05,29.15,109,6714626,72.21,199,6146764,66.1,191,4499314,48.38,767,816449,8.78
2022-06-13,39.81,31.04,29.15,84,6714710,72.21,142,6146906,66.1,168,4499482,48.39,625,817074,8.79
2022-06-14,39.79,31.06,29.15,116,6714826,72.21,173,6147079,66.1,208,4499690,48.39,759,817833,8.79
2022-06-15,39.78,31.08,29.15,71,6714897,72.21,141,6147220,66.1,207,4499897,48.39,699,818532,8.8
2022-06-16,39.74,31.11,29.14,94,6714991,72.21,136,6147356,66.11,218,4500115,48.39,742,819274,8.81
2022-06-17,39.72,31.14,29.15,16,6715007,72.21,63,6147419,66.11,53,4500168,48.39,124,819398,8.81
2022-06-18,39.68,31.17,29.14,3,6715010,72.21,4,6147423,66.11,11,4500179,48.39,15,819413,8.81
2022-06-19,39.53,31.33,29.15,115,6715125,72.21,207,6147630,66.11,318,4500497,48.4,877,820290,8.82
2022-06-20,33.92,36.85,29.23,99,6715224,72.21,152,6147782,66.11,307,4500804,48.4,922,821212,8.83
2022-06-21,33.58,37.19,29.23,94,6715318,72.21,154,6147936,66.11,375,4501179,48.4,1229,822441,8.84
2022-06-22,33.28,37.49,29.23,110,6715428,72.21,135,6148071,66.11,339,4501518,48.41,894,823335,8.85
2022-06-23,32.84,37.92,29.23,132,6715560,72.22,217,6148288,66.12,525,4502043,48.41,1146,824481,8.87
2022-06-24,32.43,38.34,29.24,19,6715579,72.22,35,6148323,66.12,110,4502153,48.41,207,824688,8.87
2022-06-25,32.04,38.72,29.24,1,6715580,72.22,3,6148326,66.12,12,4502165,48.41,16,824704,8.87
2022-06-26,31.63,39.13,29.24,107,6715687,72.22,158,6148484,66.12,379,4502544,48.42,933,825637,8.88
2022-06-27,31.29,39.47,29.24,86,6715773,72.22,172,6148656,66.12,392,4502936,48.42,1028,826665,8.89
2022-06-28,30.86,39.91,29.24,84,6715857,72.22,151,6148807,66.12,364,4503300,48.43,932,827597,8.9
2022-06-29,30.48,40.28,29.24,76,6715933,72.22,106,6148913,66.12,265,4503565,48.43,816,828413,8.91
2022-06-30,30.05,40.71,29.24,86,6716019,72.22,165,6149078,66.12,356,4503921,48.43,1061,829474,8.92
2022-07-01,29.62,41.14,29.24,22,6716041,72.22,28,6149106,66.12,55,4503976,48.43,80,829554,8.92
2022-07-02,29.2,41.56,29.24,1,6716042,72.22,2,6149108,66.12,8,4503984,48.43,18,829572,8.92
2022-07-03,28.81,41.95,29.24,100,6716142,72.22,177,6149285,66.13,322,4504306,48.44,637,830209,8.93
2022-07-04,28.5,42.26,29.24,76,6716218,72.22,140,6149425,66.13,278,4504584,48.44,749,830958,8.94
2022-07-05,28.06,42.7,29.24,59,6716277,72.22,142,6149567,66.13,302,4504886,48.44,688,831646,8.94
2022-07-06,27.39,43.37,29.24,78,6716355,72.22,124,6149691,66.13,211,4505097,48.45,646,832292,8.95
2022-07-07,26.48,44.28,29.24,82,6716437,72.23,164,6149855,66.13,267,4505364,48.45,721,833013,8.96
2022-07-08,25.47,45.29,29.24,17,6716454,72.23,33,6149888,66.13,69,4505433,48.45,131,833144,8.96
2022-07-09,24.42,46.34,29.24,0,6716454,72.23,1,6149889,66.13,3,4505436,48.45,2,833146,8.96
2022-07-10,23.77,46.99,29.24,90,6716544,72.23,164,6150053,66.13,229,4505665,48.45,470,833616,8.96
2022-07-11,23.22,47.54,29.24,64,6716608,72.23,142,6150195,66.14,248,4505913,48.45,575,834191,8.97
2022-07-12,22.13,48.63,29.24,69,6716677,72.23,129,6150324,66.14,207,4506120,48.46,557,834748,8.98
2022-07-13,21.1,49.66,29.24,43,6716720,72.23,101,6150425,66.14,164,4506284,48.46,488,835236,8.98
2022-07-14,20.12,50.63,29.24,69,6716789,72.23,147,6150572,66.14,209,4506493,48.46,512,835748,8.99
2022-07-15,19.27,51.48,29.25,64,6716853,72.23,88,6150660,66.14,127,4506620,48.46,166,835914,8.99
2022-07-16,18.29,52.46,29.25,0,6716853,72.23,6,6150666,66.14,7,4506627,48.46,8,835922,8.99
2022-07-17,17.83,52.92,29.25,77,6716930,72.23,183,6150849,66.14,241,4506868,48.46,468,836390,8.99
2022-07-18,17.48,53.26,29.26,62,6716992,72.23,158,6151007,66.14,207,4507075,48.47,511,836901,9
2022-07-19,16.77,53.97,29.26,62,6717054,72.23,147,6151154,66.15,174,4507249,48.47,368,837269,9
2022-07-20,16.09,54.64,29.26,52,6717106,72.23,133,6151287,66.15,137,4507386,48.47,423,837692,9.01
2022-07-21,15.43,55.3,29.27,61,6717167,72.23,158,6151445,66.15,176,4507562,48.47,341,838033,9.01
2022-07-22,14.64,56.08,29.28,10,6717177,72.23,36,6151481,66.15,43,4507605,48.47,56,838089,9.01
2022-07-23,14.17,56.55,29.28,0,6717177,72.23,4,6151485,66.15,4,4507609,48.47,9,838098,9.01
2022-07-24,13.55,57.16,29.29,58,6717235,72.23,128,6151613,66.15,197,4507806,48.47,364,838462,9.02
2022-07-25,13.09,57.61,29.3,48,6717283,72.23,107,6151720,66.15,172,4507978,48.48,336,838798,9.02
2022-07-26,12.46,58.23,29.3,47,6717330,72.23,99,6151819,66.15,111,4508089,48.48,270,839068,9.02
2022-07-27,11.89,58.8,29.31,43,6717373,72.24,125,6151944,66.16,132,4508221,48.48,243,839311,9.03
2022-07-28,11.35,59.34,29.31,62,6717435,72.24,142,6152086,66.16,147,4508368,48.48,220,839531,9.03
2022-07-29,10.85,59.83,29.32,10,6717445,72.24,25,6152111,66.16,27,4508395,48.48,31,839562,9.03
2022-07-30,10.34,60.33,29.33,0,6717445,72.24,0,6152111,66.16,1,4508396,48.48,1,839563,9.03
2022-07-31,9.97,60.7,29.33,56,6717501,72.24,134,6152245,66.16,131,4508527,48.48,252,839815,9.03
2022-08-01,9.47,61.19,29.34,54,6717555,72.24,76,6152321,66.16,89,4508616,48.48,152,839967,9.03
2022-08-02,8.92,61.73,29.35,111,6717666,72.24,119,6152440,66.16,157,4508773,48.49,264,840231,9.04
2022-08-03,8.46,62.19,29.35,76,6717742,72.24,71,6152511,66.16,92,4508865,48.49,178,840409,9.04
2022-08-04,8.04,62.61,29.36,133,6717875,72.24,133,6152644,66.16,111,4508976,48.49,246,840655,9.04
2022-08-05,7.71,62.93,29.36,30,6717905,72.24,23,6152667,66.16,13,4508989,48.49,24,840679,9.04
2022-08-06,7.32,63.32,29.36,1,6717906,72.24,2,6152669,66.16,1,4508990,48.49,5,840684,9.04
2022-08-07,6.92,63.71,29.37,89,6717995,72.24,97,6152766,66.16,69,4509059,48.49,169,840853,9.04
2022-08-08,6.74,63.89,29.37,76,6718071,72.24,95,6152861,66.16,122,4509181,48.49,172,841025,9.04
2022-08-09,6.25,64.37,29.38,96,6718167,72.24,90,6152951,66.17,99,4509280,48.49,213,841238,9.05
2022-08-10,5.91,64.71,29.38,77,6718244,72.24,59,6153010,66.17,76,4509356,48.49,115,841353,9.05
2022-08-11,5.59,65.03,29.38,54,6718298,72.25,101,6153111,66.17,91,4509447,48.49,155,841508,9.05
2022-08-12,5.35,65.27,29.38,8,6718306,72.25,12,6153123,66.17,18,4509465,48.49,29,841537,9.05
2022-08-13,5.1,65.52,29.38,0,6718306,72.25,2,6153125,66.17,2,4509467,48.49,3,841540,9.05
2022-08-14,4.87,65.75,29.39,74,6718380,72.25,75,6153200,66.17,82,4509549,48.49,150,841690,9.05
2022-08-15,4.74,65.87,29.39,68,6718448,72.25,81,6153281,66.17,93,4509642,48.49,143,841833,9.05
2022-08-16,4.46,66.15,29.39,82,6718530,72.25,84,6153365,66.17,84,4509726,48.5,187,842020,9.05
2022-08-17,4.16,66.44,29.39,47,6718577,72.25,55,6153420,66.17,36,4509762,48.5,115,842135,9.06
2022-08-18,3.98,66.63,29.39,68,6718645,72.25,93,6153513,66.17,120,4509882,48.5,173,842308,9.06
2022-08-19,3.83,66.78,29.39,77,6718722,72.25,67,6153580,66.17,56,4509938,48.5,38,842346,9.06
2022-08-20,3.67,66.94,29.39,1,6718723,72.25,1,6153581,66.17,3,4509941,48.5,3,842349,9.06
2022-08-21,3.52,67.08,29.4,51,6718774,72.25,85,6153666,66.17,84,4510025,48.5,197,842546,9.06
2022-08-22,3.44,67.16,29.4,89,6718863,72.25,74,6153740,66.17,103,4510128,48.5,143,842689,9.06
2022-08-23,3.27,67.33,29.4,72,6718935,72.25,106,6153846,66.18,84,4510212,48.5,180,842869,9.06
2022-08-24,3.15,67.46,29.4,38,6718973,72.25,80,6153926,66.18,49,4510261,48.5,133,843002,9.07
2022-08-25,3.03,67.57,29.4,53,6719026,72.25,75,6154001,66.18,97,4510358,48.5,193,843195,9.07
2022-08-26,2.94,67.66,29.4,4,6719030,72.25,15,6154016,66.18,9,4510367,48.5,14,843209,9.07
2022-08-27,2.84,67.76,29.4,0,6719030,72.25,0,6154016,66.18,0,4510367,48.5,0,843209,9.07
2022-08-28,2.75,67.85,29.4,55,6719085,72.25,80,6154096,66.18,85,4510452,48.5,102,843311,9.07
2022-08-29,2.69,67.91,29.4,48,6719133,72.25,68,6154164,66.18,89,4510541,48.5,107,843418,9.07
2022-08-30,2.6,68,29.4,85,6719218,72.26,112,6154276,66.18,85,4510626,48.5,130,843548,9.07
2022-08-31,2.53,68.07,29.4,42,6719260,72.26,88,6154364,66.18,70,4510696,48.51,95,843643,9.07
2022-09-01,2.46,68.14,29.4,29,6719289,72.26,84,6154448,66.18,58,4510754,48.51,113,843756,9.07
2022-09-02,2.4,68.2,29.4,6,6719295,72.26,20,6154468,66.18,13,4510767,48.51,10,843766,9.07
2022-09-03,2.33,68.27,29.4,2,6719297,72.26,0,6154468,66.18,3,4510770,48.51,1,843767,9.07
2022-09-04,2.27,68.32,29.4,64,6719361,72.26,133,6154601,66.18,80,4510850,48.51,121,843888,9.07
2022-09-05,2.23,68.37,29.4,44,6719405,72.26,77,6154678,66.18,58,4510908,48.51,90,843978,9.08
2022-09-06,2.17,68.42,29.4,60,6719465,72.26,104,6154782,66.19,78,4510986,48.51,130,844108,9.08
2022-09-07,2.12,68.47,29.4,27,6719492,72.26,63,6154845,66.19,53,4511039,48.51,95,844203,9.08
2022-09-08,2.07,68.53,29.4,50,6719542,72.26,101,6154946,66.19,70,4511109,48.51,77,844280,9.08
2022-09-09,2.03,68.57,29.4,10,6719552,72.26,21,6154967,66.19,16,4511125,48.51,17,844297,9.08
2022-09-10,1.97,68.62,29.4,0,6719552,72.26,0,6154967,66.19,5,4511130,48.51,2,844299,9.08
2022-09-11,1.92,68.67,29.41,39,6719591,72.26,117,6155084,66.19,78,4511208,48.51,116,844415,9.08
2022-09-12,1.88,68.71,29.41,24,6719615,72.26,72,6155156,66.19,52,4511260,48.51,68,844483,9.08
2022-09-13,1.82,68.77,29.41,44,6719659,72.26,113,6155269,66.19,54,4511314,48.51,103,844586,9.08
2022-09-14,1.78,68.82,29.41,21,6719680,72.26,64,6155333,66.19,54,4511368,48.51,62,844648,9.08
2022-09-15,1.73,68.86,29.41,32,6719712,72.26,77,6155410,66.19,63,4511431,48.51,107,844755,9.08
2022-09-16,1.7,68.89,29.41,48,6719760,72.26,52,6155462,66.19,27,4511458,48.51,28,844783,9.08
2022-09-17,1.66,68.93,29.41,3,6719763,72.26,0,6155462,66.19,1,4511459,48.51,0,844783,9.08
2022-09-18,1.63,68.96,29.41,28,6719791,72.26,66,6155528,66.19,52,4511511,48.51,114,844897,9.09
2022-09-19,1.61,68.98,29.41,27,6719818,72.26,74,6155602,66.19,44,4511555,48.52,57,844954,9.09
2022-09-20,1.56,69.03,29.41,41,6719859,72.26,93,6155695,66.2,75,4511630,48.52,102,845056,9.09
2022-09-21,1.55,69.05,29.41,22,6719881,72.26,54,6155749,66.2,29,4511659,48.52,56,845112,9.09
2022-09-22,1.52,69.07,29.4,40,6719921,72.26,56,6155805,66.2,27,4511686,48.52,41,845153,9.09
2022-09-23,1.5,69.1,29.41,6,6719927,72.26,11,6155816,66.2,4,4511690,48.52,1,845154,9.09
2022-09-24,1.47,69.13,29.41,0,6719927,72.26,0,6155816,66.2,0,4511690,48.52,0,845154,9.09
2022-09-25,1.46,69.13,29.41,5,6719932,72.26,20,6155836,66.2,10,4511700,48.52,27,845181,9.09
2022-09-26,1.46,69.13,29.41,0,6719932,72.26,5,6155841,66.2,2,4511702,48.52,2,845183,9.09
2022-09-27,1.42,69.17,29.41,2,6719934,72.26,0,6155841,66.2,3,4511705,48.52,3,845186,9.09
2022-09-28,1.39,69.21,29.41,24,6719958,72.26,36,6155877,66.2,25,4511730,48.52,16,845202,9.09
2022-09-29,1.37,69.22,29.41,32,6719990,72.26,61,6155938,66.2,13,4511743,48.52,48,845250,9.09
2022-09-30,1.35,69.24,29.41,3,6719993,72.26,12,6155950,66.2,2,4511745,48.52,0,845250,9.09
2022-10-01,1.31,69.29,29.41,0,6719993,72.26,1,6155951,66.2,1,4511746,48.52,1,845251,9.09
2022-10-02,1.31,69.29,29.41,24,6720017,72.26,51,6156002,66.2,20,4511766,48.52,73,845324,9.09
2022-10-03,1.31,69.28,29.4,23,6720040,72.26,29,6156031,66.2,13,4511779,48.52,12,845336,9.09
2022-10-04,1.27,69.32,29.4,7,6720047,72.26,10,6156041,66.2,0,4511779,48.52,1,845337,9.09
2022-10-05,1.28,69.31,29.4,0,6720047,72.26,0,6156041,66.2,0,4511779,48.52,0,845337,9.09
2022-10-06,1.31,69.28,29.4,17,6720064,72.26,43,6156084,66.2,10,4511789,48.52,20,845357,9.09
2022-10-07,1.3,69.29,29.41,3,6720067,72.26,3,6156087,66.2,3,4511792,48.52,0,845357,9.09
2022-10-08,1.26,69.33,29.41,1,6720068,72.26,1,6156088,66.2,0,4511792,48.52,1,845358,9.09
2022-10-09,1.31,69.28,29.41,7,6720075,72.26,22,6156110,66.2,6,4511798,48.52,5,845363,9.09
2022-10-10,1.38,69.22,29.4,5,6720080,72.26,2,6156112,66.2,0,4511798,48.52,0,845363,9.09
2022-10-11,1.36,69.24,29.4,12,6720092,72.26,32,6156144,66.2,1,4511799,48.52,32,845395,9.09
2022-10-12,1.34,69.26,29.4,13,6720105,72.26,24,6156168,66.2,5,4511804,48.52,4,845399,9.09
2022-10-13,1.4,69.2,29.4,17,6720122,72.26,16,6156184,66.2,5,4511809,48.52,9,845408,9.09
2022-10-14,1.4,69.2,29.4,6,6720128,72.26,7,6156191,66.2,4,4511813,48.52,3,845411,9.09
2022-10-15,1.38,69.22,29.4,0,6720128,72.26,0,6156191,66.2,0,4511813,48.52,1,845412,9.09
2022-10-16,1.39,69.2,29.4,4,6720132,72.27,13,6156204,66.2,5,4511818,48.52,8,845420,9.09
2022-10-17,1.39,69.2,29.4,1,6720133,72.27,1,6156205,66.2,1,4511819,48.52,0,845420,9.09
2022-10-18,1.43,69.17,29.4,24,6720157,72.27,31,6156236,66.2,14,4511833,48.52,16,845436,9.09
2022-10-19,1.47,69.12,29.4,18,6720175,72.27,25,6156261,66.2,7,4511840,48.52,3,845439,9.09
2022-10-20,1.5,69.1,29.4,25,6720200,72.27,44,6156305,66.2,12,4511852,48.52,4,845443,9.09
2022-10-21,1.5,69.09,29.4,4,6720204,72.27,7,6156312,66.2,2,4511854,48.52,2,845445,9.09
2022-10-22,1.49,69.1,29.4,0,6720204,72.27,0,6156312,66.2,0,4511854,48.52,0,845445,9.09
2022-10-23,1.51,69.08,29.4,15,6720219,72.27,33,6156345,66.2,18,4511872,48.52,10,845455,9.09
2022-10-24,1.51,69.08,29.41,20,6720239,72.27,16,6156361,66.2,19,4511891,48.52,9,845464,9.09
2022-10-25,1.55,69.04,29.4,18,6720257,72.27,34,6156395,66.2,22,4511913,48.52,21,845485,9.09
2022-10-26,1.61,68.99,29.4,18,6720275,72.27,25,6156420,66.2,8,4511921,48.52,9,845494,9.09
2022-10-27,1.67,68.93,29.4,18,6720293,72.27,26,6156446,66.2,14,4511935,48.52,16,845510,9.09
2022-10-28,1.67,68.93,29.4,43,6720336,72.27,47,6156493,66.2,31,4511966,48.52,18,845528,9.09
2022-10-29,1.66,68.94,29.4,0,6720336,72.27,0,6156493,66.2,0,4511966,48.52,0,845528,9.09
2022-10-30,1.71,68.89,29.4,14,6720350,72.27,23,6156516,66.2,15,4511981,48.52,9,845537,9.09
2022-10-31,1.76,68.84,29.4,17,6720367,72.27,16,6156532,66.2,8,4511989,48.52,9,845546,9.09
2022-11-01,1.82,68.78,29.4,2,6720369,72.27,1,6156533,66.2,1,4511990,48.52,0,845546,9.09
2022-11-02,1.88,68.72,29.4,13,6720382,72.27,13,6156546,66.2,7,4511997,48.52,8,845554,9.09
2022-11-03,1.96,68.64,29.4,16,6720398,72.27,18,6156564,66.2,11,4512008,48.52,8,845562,9.09
2022-11-04,1.98,68.63,29.4,4,6720402,72.27,6,6156570,66.2,1,4512009,48.52,2,845564,9.09
2022-11-05,1.97,68.63,29.4,0,6720402,72.27,0,6156570,66.2,0,4512009,48.52,0,845564,9.09
2022-11-06,2.03,68.57,29.4,24,6720426,72.27,32,6156602,66.21,11,4512020,48.52,23,845587,9.09
2022-11-07,2.1,68.51,29.4,15,6720441,72.27,11,6156613,66.21,10,4512030,48.52,54,845641,9.09
2022-11-08,2.1,68.5,29.4,28,6720469,72.27,26,6156639,66.21,14,4512044,48.52,9,845650,9.09
2022-11-09,2.16,68.45,29.4,16,6720485,72.27,20,6156659,66.21,17,4512061,48.52,9,845659,9.09
2022-11-10,2.22,68.39,29.4,26,6720511,72.27,14,6156673,66.21,11,4512072,48.52,4,845663,9.09
2022-11-11,2.23,68.37,29.4,1,6720512,72.27,17,6156690,66.21,2,4512074,48.52,1,845664,9.09
2022-11-12,2.22,68.38,29.4,1,6720513,72.27,0,6156690,66.21,1,4512075,48.52,0,845664,9.09
2022-11-13,2.29,68.31,29.4,24,6720537,72.27,30,6156720,66.21,17,4512092,48.52,8,845672,9.09
2022-11-14,2.37,68.23,29.4,20,6720557,72.27,17,6156737,66.21,21,4512113,48.52,16,845688,9.09
2022-11-15,2.43,68.17,29.4,39,6720596,72.27,25,6156762,66.21,16,4512129,48.52,17,845705,9.09
2022-11-16,2.5,68.1,29.4,14,6720610,72.27,27,6156789,66.21,16,4512145,48.52,11,845716,9.09
2022-11-17,2.59,68.02,29.4,19,6720629,72.27,33,6156822,66.21,18,4512163,48.52,4,845720,9.09
2022-11-18,2.61,67.99,29.4,6,6720635,72.27,4,6156826,66.21,4,4512167,48.52,0,845720,9.09
2022-11-19,2.6,68,29.4,0,6720635,72.27,0,6156826,66.21,0,4512167,48.52,0,845720,9.09
2022-11-20,2.67,67.93,29.4,19,6720654,72.27,19,6156845,66.21,6,4512173,48.52,13,845733,9.09
2022-11-21,2.76,67.85,29.4,14,6720668,72.27,13,6156858,66.21,6,4512179,48.52,6,845739,9.09
2022-11-22,2.83,67.77,29.4,26,6720694,72.27,13,6156871,66.21,17,4512196,48.52,6,845745,9.09
2022-11-23,2.9,67.7,29.4,17,6720711,72.27,20,6156891,66.21,4,4512200,48.52,8,845753,9.09
2022-11-24,2.98,67.62,29.4,9,6720720,72.27,16,6156907,66.21,13,4512213,48.52,27,845780,9.1
2022-11-25,3,67.6,29.4,17,6720737,72.27,31,6156938,66.21,14,4512227,48.52,12,845792,9.1
2022-11-26,3,67.61,29.4,0,6720737,72.27,2,6156940,66.21,0,4512227,48.52,0,845792,9.1
2022-11-27,3.06,67.54,29.4,14,6720751,72.27,14,6156954,66.21,19,4512246,48.52,2,845794,9.1
2022-11-28,3.14,67.47,29.4,8,6720759,72.27,23,6156977,66.21,8,4512254,48.52,6,845800,9.1
2022-11-29,3.2,67.4,29.4,37,6720796,72.27,31,6157008,66.21,19,4512273,48.52,14,845814,9.1
2022-11-30,3.27,67.34,29.39,12,6720808,72.27,25,6157033,66.21,20,4512293,48.52,8,845822,9.1
2022-12-01,3.34,67.26,29.39,13,6720821,72.27,16,6157049,66.21,15,4512308,48.52,4,845826,9.1
2022-12-02,3.36,67.24,29.39,2,6720823,72.27,7,6157056,66.21,4,4512312,48.52,10,845836,9.1
2022-12-03,3.36,67.24,29.39,0,6720823,72.27,0,6157056,66.21,0,4512312,48.52,1,845837,9.1
2022-12-04,3.42,67.18,29.39,25,6720848,72.27,23,6157079,66.21,29,4512341,48.52,23,845860,9.1
2022-12-05,3.48,67.12,29.4,9,6720857,72.27,17,6157096,66.21,11,4512352,48.52,18,845878,9.1
2022-12-06,3.55,67.06,29.39,32,6720889,72.27,25,6157121,66.21,27,4512379,48.52,9,845887,9.1
2022-12-07,3.62,66.99,29.39,10,6720899,72.27,17,6157138,66.21,8,4512387,48.52,7,845894,9.1
2022-12-08,3.69,66.91,29.39,18,6720917,72.27,26,6157164,66.21,15,4512402,48.52,3,845897,9.1
2022-12-09,3.71,66.9,29.39,4,6720921,72.27,1,6157165,66.21,1,4512403,48.52,7,845904,9.1
2022-12-10,3.7,66.91,29.39,1,6720922,72.27,0,6157165,66.21,2,4512405,48.52,0,845904,9.1
2022-12-11,3.76,66.84,29.39,14,6720936,72.27,19,6157184,66.21,15,4512420,48.52,16,845920,9.1
2022-12-12,3.82,66.78,29.39,14,6720950,72.27,11,6157195,66.21,5,4512425,48.52,0,845920,9.1
2022-12-13,3.87,66.73,29.39,17,6720967,72.27,44,6157239,66.21,18,4512443,48.52,13,845933,9.1
2022-12-14,3.92,66.69,29.39,17,6720984,72.27,16,6157255,66.21,7,4512450,48.52,3,845936,9.1
2022-12-15,3.97,66.64,29.39,21,6721005,72.27,16,6157271,66.21,7,4512457,48.52,3,845939,9.1
2022-12-16,3.98,66.62,29.39,10,6721015,72.27,2,6157273,66.21,1,4512458,48.52,0,845939,9.1
2022-12-17,3.97,66.63,29.39,0,6721015,72.27,0,6157273,66.21,0,4512458,48.52,0,845939,9.1
2022-12-18,4.01,66.59,29.39,9,6721024,72.27,17,6157290,66.21,8,4512466,48.52,3,845942,9.1
2022-12-19,4.06,66.54,29.4,7,6721031,72.27,14,6157304,66.21,12,4512478,48.52,6,845948,9.1
2022-12-20,4.1,66.51,29.39,12,6721043,72.27,17,6157321,66.21,2,4512480,48.52,2,845950,9.1
2022-12-21,4.14,66.47,29.39,9,6721052,72.27,14,6157335,66.21,13,4512493,48.53,2,845952,9.1
2022-12-22,4.18,66.42,29.39,2,6721054,72.27,5,6157340,66.21,3,4512496,48.53,1,845953,9.1
