Date,Valid vaccinated pop. perc.,Expired vaccinated pop. perc.,Not vaccinated pop. perc.,Vaccinated (daily),Vaccinated (cumu),Vaccinated pop. perc.,Second dose (daily),Second dose (cumu),Second dose pop. perc.,Third dose (daily),Third dose (cumu),Third dose pop. perc.,Fourth dose (daily),Fourth dose (cumu),Fourth dose pop. perc.
2020-12-19,0,0,100,46,70,0,0,4,0,0,0,0,0,0,0
2020-12-20,0,0,100,7395,7465,0.08,0,4,0,0,0,0,0,0,0
2020-12-21,0,0,100,24923,32388,0.35,0,4,0,0,0,0,0,0,0
2020-12-22,0,0,100,44665,77053,0.83,0,4,0,0,0,0,0,0,0
2020-12-23,0,0,100,62917,139970,1.51,0,4,0,0,0,0,0,0,0
2020-12-24,0,0,100,73428,213398,2.29,0,4,0,0,0,0,0,0,0
2020-12-25,0,0,100,38515,251913,2.71,0,4,0,0,0,0,0,0,0
2020-12-26,0,0,100,32617,284530,3.06,0,4,0,0,0,0,0,0,0
2020-12-27,0,0,100,104570,389100,4.18,0,4,0,0,0,0,0,0,0
2020-12-28,0,0,100,135035,524135,5.64,0,4,0,0,0,0,0,0,0
2020-12-29,0,0,100,156332,680467,7.32,2,6,0,0,0,0,0,0,0
2020-12-30,0,0,100,153178,833645,8.96,0,6,0,0,0,0,0,0,0
2020-12-31,0,0,100,158590,992235,10.67,0,6,0,0,0,0,0,0,0
2021-01-01,0,0,100,71434,1063669,11.44,0,6,0,0,0,0,0,0,0
2021-01-02,0,0,100,71742,1135411,12.21,0,6,0,0,0,0,0,0,0
2021-01-03,0,0,100,149760,1285171,13.82,0,6,0,0,0,0,0,0,0
2021-01-04,0,0,100,152197,1437368,15.46,1,7,0,0,0,0,0,0,0
2021-01-05,0,0,100,125214,1562582,16.8,4,11,0,0,0,0,0,0,0
2021-01-06,0,0,100,103365,1665947,17.91,2,13,0,0,0,0,0,0,0
2021-01-07,0,0,100,116060,1782007,19.16,9,22,0,0,0,0,0,0,0
2021-01-08,0,0,100,66460,1848467,19.88,5,27,0,0,0,0,0,0,0
2021-01-09,0,0,100,44549,1893016,20.36,24,51,0,0,0,0,0,0,0
2021-01-10,0,0,100,37648,1930664,20.76,6000,6051,0.07,0,0,0,0,0,0
2021-01-11,0,0,100,21175,1951839,20.99,19264,25315,0.27,0,0,0,0,0,0
2021-01-12,0,0,100,24075,1975914,21.25,35673,60988,0.66,0,0,0,0,0,0
2021-01-13,0,0,100,52074,2027988,21.81,56874,117862,1.27,0,0,0,0,0,0
2021-01-14,0,0,100,56474,2084462,22.42,68836,186698,2.01,0,0,0,0,0,0
2021-01-15,0,0,100,30775,2115237,22.75,35940,222638,2.39,0,0,0,0,0,0
2021-01-16,0,0,100,29479,2144716,23.06,26006,248644,2.67,0,0,0,0,0,0
2021-01-17,0.31,0,99.69,68439,2213155,23.8,84595,333239,3.58,0,0,0,0,0,0
2021-01-18,0.58,0,99.42,69814,2282969,24.55,120434,453673,4.88,0,0,0,0,0,0
2021-01-19,1.09,0,98.91,72893,2355862,25.33,137844,591517,6.36,0,0,0,0,0,0
2021-01-20,1.9,0,98.1,76914,2432776,26.16,143760,735277,7.91,0,0,0,0,0,0
2021-01-21,2.88,0,97.12,70001,2502777,26.91,164470,899747,9.68,0,0,0,0,0,0
2021-01-22,3.39,0,96.61,37927,2540704,27.32,71130,970877,10.44,0,0,0,0,0,0
2021-01-23,3.77,0,96.23,39964,2580668,27.75,53594,1024471,11.02,0,0,0,0,0,0
2021-01-24,4.96,0,95.04,69146,2649814,28.49,140705,1165176,12.53,0,0,0,0,0,0
2021-01-25,6.61,0,93.39,80943,2730757,29.37,139518,1304694,14.03,0,0,0,0,0,0
2021-01-26,8.45,0,91.55,78729,2809486,30.21,126441,1431135,15.39,0,0,0,0,0,0
2021-01-27,10.34,0,89.66,77976,2887462,31.05,125064,1556199,16.73,0,0,0,0,0,0
2021-01-28,12.43,0,87.57,79569,2967031,31.91,130625,1686824,18.14,0,0,0,0,0,0
2021-01-29,13.34,0,86.66,36703,3003734,32.3,64792,1751616,18.84,0,0,0,0,0,0
2021-01-30,14.02,0,85.98,34393,3038127,32.67,42763,1794379,19.3,0,0,0,0,0,0
2021-01-31,15.76,0,84.24,73330,3111457,33.46,59502,1853881,19.94,0,0,0,0,0,0
2021-02-01,17.48,0,82.52,82505,3193962,34.35,35356,1889237,20.32,0,0,0,0,0,0
2021-02-02,19.01,0,80.99,70101,3264063,35.1,31070,1920307,20.65,0,0,0,0,0,0
2021-02-03,20.47,0,79.53,60307,3324370,35.75,51442,1971749,21.2,0,0,0,0,0,0
2021-02-04,22,0,78,72631,3397001,36.53,58096,2029845,21.83,0,0,0,0,0,0
2021-02-05,22.75,0,77.25,33943,3430944,36.89,28805,2058650,22.14,0,0,0,0,0,0
2021-02-06,23.23,0,76.77,21621,3452565,37.13,22230,2080880,22.38,0,0,0,0,0,0
2021-02-07,23.99,0,76.01,54080,3506645,37.71,68738,2149618,23.12,0,0,0,0,0,0
2021-02-08,24.52,0,75.48,58639,3565284,38.34,65465,2215083,23.82,0,0,0,0,0,0
2021-02-09,25.04,0,74.96,66352,3631636,39.05,67576,2282659,24.55,0,0,0,0,0,0
2021-02-10,25.77,0,74.23,70566,3702202,39.81,72309,2354968,25.32,0,0,0,0,0,0
2021-02-11,26.61,0,73.39,81173,3783375,40.68,72105,2427073,26.1,0,0,0,0,0,0
2021-02-12,27.02,0,72.98,39104,3822479,41.11,37595,2464668,26.5,0,0,0,0,0,0
2021-02-13,27.33,0,72.67,27463,3849942,41.4,30440,2495108,26.83,0,0,0,0,0,0
2021-02-14,28.25,0,71.75,74913,3924855,42.21,69082,2564190,27.57,0,0,0,0,0,0
2021-02-15,29.17,0,70.83,81544,4006399,43.08,75719,2639909,28.39,0,0,0,0,0,0
2021-02-16,30.11,0,69.89,83416,4089815,43.98,78297,2718206,29.23,0,0,0,0,0,0
2021-02-17,31.01,0,68.99,61980,4151795,44.65,75640,2793846,30.04,0,0,0,0,0,0
2021-02-18,31.94,0,68.06,69155,4220950,45.39,79738,2873584,30.9,0,0,0,0,0,0
2021-02-19,32.45,0,67.55,39674,4260624,45.82,38160,2911744,31.31,0,0,0,0,0,0
2021-02-20,32.85,0,67.15,31650,4292274,46.16,28723,2940467,31.62,0,0,0,0,0,0
2021-02-21,33.8,0,66.2,79434,4371708,47.01,78444,3018911,32.46,0,0,0,0,0,0
2021-02-22,34.83,0,65.17,85057,4456765,47.93,80592,3099503,33.33,0,0,0,0,0,0
2021-02-23,35.84,0,64.16,77328,4534093,48.76,70484,3169987,34.09,0,0,0,0,0,0
2021-02-24,36.76,0,63.24,61065,4595158,49.41,63143,3233130,34.77,0,0,0,0,0,0
2021-02-25,37.66,0,62.34,51726,4646884,49.97,64805,3297935,35.46,0,0,0,0,0,0
2021-02-26,38.1,0,61.9,25910,4672794,50.25,32041,3329976,35.81,0,0,0,0,0,0
2021-02-27,38.42,0,61.58,18349,4691143,50.45,21195,3351171,36.04,0,0,0,0,0,0
2021-02-28,39.24,0,60.76,40363,4731506,50.88,55873,3407044,36.64,0,0,0,0,0,0
2021-03-01,40.1,0,59.9,45748,4777254,51.37,61438,3468482,37.3,0,0,0,0,0,0
2021-03-02,40.85,0,59.15,41200,4818454,51.82,64798,3533280,38,0,0,0,0,0,0
2021-03-03,41.55,0,58.45,42032,4860486,52.27,66787,3600067,38.71,0,0,0,0,0,0
2021-03-04,42.24,0,57.76,39718,4900204,52.69,79124,3679191,39.56,0,0,0,0,0,0
2021-03-05,42.57,0,57.43,17365,4917569,52.88,40466,3719657,40,0,0,0,0,0,0
2021-03-06,42.78,0,57.22,10720,4928289,53,25347,3745004,40.27,0,0,0,0,0,0
2021-03-07,43.36,0,56.64,31155,4959444,53.33,72845,3817849,41.06,0,0,0,0,0,0
2021-03-08,43.97,0,56.03,27387,4986831,53.63,73295,3891144,41.84,0,0,0,0,0,0
2021-03-09,44.62,0,55.38,26756,5013587,53.91,76598,3967742,42.67,0,0,0,0,0,0
2021-03-10,45.27,0,54.73,23371,5036958,54.16,58684,4026426,43.3,0,0,0,0,0,0
2021-03-11,45.99,0,54.01,23303,5060261,54.42,69093,4095519,44.04,0,0,0,0,0,0
2021-03-12,46.34,0,53.66,11296,5071557,54.54,41414,4136933,44.49,0,0,0,0,0,0
2021-03-13,46.57,0,53.43,7952,5079509,54.62,25239,4162172,44.76,0,0,0,0,0,0
2021-03-14,47.2,0,52.8,20989,5100498,54.85,73935,4236107,45.55,0,0,0,0,0,0
2021-03-15,47.81,0,52.19,20149,5120647,55.06,78281,4314388,46.39,0,0,0,0,0,0
2021-03-16,48.43,0,51.57,18755,5139402,55.27,71479,4385867,47.16,0,0,0,0,0,0
2021-03-17,48.92,0,51.08,17703,5157105,55.46,59006,4444873,47.8,0,0,0,0,0,0
2021-03-18,49.45,0,50.55,16048,5173153,55.63,58125,4502998,48.42,0,0,0,0,0,0
2021-03-19,49.75,0,50.25,6955,5180108,55.7,27979,4530977,48.72,0,0,0,0,0,0
2021-03-20,49.93,0,50.07,5226,5185334,55.76,15299,4546276,48.89,0,0,0,0,0,0
2021-03-21,50.46,0,49.54,13171,5198505,55.9,40508,4586784,49.32,0,0,0,0,0,0
2021-03-22,51,0,49,13577,5212082,56.05,40540,4627324,49.76,0,0,0,0,0,0
2021-03-23,51.43,0,48.57,2844,5214926,56.08,7301,4634625,49.84,0,0,0,0,0,0
2021-03-24,51.84,0,48.16,11000,5225926,56.2,46558,4681183,50.34,0,0,0,0,0,0
2021-03-25,52.22,0,47.78,10270,5236196,56.31,35438,4716621,50.72,0,0,0,0,0,0
2021-03-26,52.4,0,47.6,4186,5240382,56.35,13333,4729954,50.86,0,0,0,0,0,0
2021-03-27,52.5,0,47.5,1785,5242167,56.37,4268,4734222,50.91,0,0,0,0,0,0
2021-03-28,52.74,0,47.26,2111,5244278,56.39,4611,4738833,50.96,0,0,0,0,0,0
2021-03-29,53,0,47,6914,5251192,56.47,30016,4768849,51.28,0,0,0,0,0,0
2021-03-30,53.08,0,46.92,7889,5259081,56.55,22454,4791303,51.52,0,0,0,0,0,0
2021-03-31,53.38,0,46.62,8153,5267234,56.64,19501,4810804,51.73,0,0,0,0,0,0
2021-04-01,53.62,0,46.38,8210,5275444,56.73,18700,4829504,51.93,0,0,0,0,0,0
2021-04-02,53.71,0,46.29,2939,5278383,56.76,8130,4837634,52.02,0,0,0,0,0,0
2021-04-03,53.74,0,46.26,1433,5279816,56.78,2982,4840616,52.05,0,0,0,0,0,0
2021-04-04,53.82,0,46.18,9618,5289434,56.88,22832,4863448,52.3,0,0,0,0,0,0
2021-04-05,54.04,0,45.96,10361,5299795,56.99,21275,4884723,52.53,0,0,0,0,0,0
2021-04-06,54.21,0,45.79,9028,5308823,57.09,16792,4901515,52.71,0,0,0,0,0,0
2021-04-07,54.36,0,45.64,8928,5317751,57.18,15310,4916825,52.87,0,0,0,0,0,0
2021-04-08,54.52,0,45.48,9428,5327179,57.29,17011,4933836,53.06,0,0,0,0,0,0
2021-04-09,54.58,0,45.42,3607,5330786,57.32,6256,4940092,53.12,0,0,0,0,0,0
2021-04-10,54.61,0,45.39,1633,5332419,57.34,3519,4943611,53.16,0,0,0,0,0,0
2021-04-11,54.78,0,45.22,9044,5341463,57.44,14248,4957859,53.31,0,0,0,0,0,0
2021-04-12,54.95,0,45.05,8935,5350398,57.54,13232,4971091,53.46,0,0,0,0,0,0
2021-04-13,55.08,0,44.92,5839,5356237,57.6,4959,4976050,53.51,0,0,0,0,0,0
2021-04-14,55.18,0,44.82,3647,5359884,57.64,5308,4981358,53.57,0,0,0,0,0,0
2021-04-15,55.27,0,44.73,695,5360579,57.65,581,4981939,53.57,0,0,0,0,0,0
2021-04-16,55.33,0,44.67,3414,5363993,57.68,6648,4988587,53.64,0,0,0,0,0,0
2021-04-17,55.35,0,44.65,822,5364815,57.69,1971,4990558,53.67,0,0,0,0,0,0
2021-04-18,55.47,0,44.53,7097,5371912,57.77,7432,4997990,53.75,0,0,0,0,0,0
2021-04-19,55.58,0,44.42,6404,5378316,57.84,7131,5005121,53.82,0,0,0,0,0,0
2021-04-20,55.65,0,44.35,6279,5384595,57.9,6886,5012007,53.9,0,0,0,0,0,0
2021-04-21,55.71,0,44.29,6377,5390972,57.97,7108,5019115,53.97,0,0,0,0,0,0
2021-04-22,55.75,0,44.25,5948,5396920,58.04,7687,5026802,54.06,0,0,0,0,0,0
2021-04-23,55.8,0,44.2,2765,5399685,58.07,3387,5030189,54.09,0,0,0,0,0,0
2021-04-24,55.82,0,44.18,767,5400452,58.07,1290,5031479,54.11,0,0,0,0,0,0
2021-04-25,55.89,0,44.11,4828,5405280,58.13,6923,5038402,54.18,0,0,0,0,0,0
2021-04-26,55.96,0,44.04,5478,5410758,58.18,7889,5046291,54.27,0,0,0,0,0,0
2021-04-27,56.03,0,43.97,4505,5415263,58.23,6624,5052915,54.34,0,0,0,0,0,0
2021-04-28,56.09,0,43.91,4497,5419760,58.28,7331,5060246,54.42,0,0,0,0,0,0
2021-04-29,56.16,0,43.84,4376,5424136,58.33,7292,5067538,54.49,0,0,0,0,0,0
2021-04-30,56.19,0,43.81,1923,5426059,58.35,3200,5070738,54.53,0,0,0,0,0,0
2021-05-01,56.2,0,43.8,458,5426517,58.35,894,5071632,54.54,0,0,0,0,0,0
2021-05-02,56.26,0,43.74,3224,5429741,58.39,6090,5077722,54.6,0,0,0,0,0,0
2021-05-03,56.32,0,43.68,3535,5433276,58.43,5831,5083553,54.67,0,0,0,0,0,0
2021-05-04,56.38,0,43.62,3591,5436867,58.47,4735,5088288,54.72,0,0,0,0,0,0
2021-05-05,56.44,0,43.56,3290,5440157,58.5,4091,5092379,54.76,0,0,0,0,0,0
2021-05-06,56.5,0,43.5,3641,5443798,58.54,3143,5095522,54.79,0,0,0,0,0,0
2021-05-07,56.52,0,43.48,1841,5445639,58.56,2508,5098030,54.82,0,0,0,0,0,0
2021-05-08,56.53,0,43.47,239,5445878,58.56,507,5098537,54.83,0,0,0,0,0,0
2021-05-09,56.58,0,43.42,2851,5448729,58.59,4749,5103286,54.88,0,0,0,0,0,0
2021-05-10,56.63,0,43.37,2894,5451623,58.62,4710,5107996,54.93,0,0,0,0,0,0
2021-05-11,56.67,0,43.33,2622,5454245,58.65,3879,5111875,54.97,0,0,0,0,0,0
2021-05-12,56.7,0,43.3,2030,5456275,58.67,3339,5115214,55.01,0,0,0,0,0,0
2021-05-13,56.73,0,43.27,2041,5458316,58.7,3683,5118897,55.05,0,0,0,0,0,0
2021-05-14,56.75,0,43.25,977,5459293,58.71,1493,5120390,55.06,0,0,0,0,0,0
2021-05-15,56.75,0,43.25,254,5459547,58.71,259,5120649,55.06,0,0,0,0,0,0
2021-05-16,56.78,0,43.22,529,5460076,58.71,1206,5121855,55.08,0,0,0,0,0,0
2021-05-17,56.81,0,43.19,299,5460375,58.72,846,5122701,55.09,0,0,0,0,0,0
2021-05-18,56.84,0,43.16,1961,5462336,58.74,4936,5127637,55.14,0,0,0,0,0,0
2021-05-19,56.87,0,43.13,2232,5464568,58.76,5041,5132678,55.19,0,0,0,0,0,0
2021-05-20,56.9,0,43.1,2311,5466879,58.79,3879,5136557,55.24,0,0,0,0,0,0
2021-05-21,56.92,0,43.08,1189,5468068,58.8,1414,5137971,55.25,0,0,0,0,0,0
2021-05-22,56.92,0,43.08,206,5468274,58.8,395,5138366,55.26,0,0,0,0,0,0
2021-05-23,56.94,0,43.06,2271,5470545,58.83,3216,5141582,55.29,0,0,0,0,0,0
2021-05-24,56.96,0,43.04,2135,5472680,58.85,3596,5145178,55.33,0,0,0,0,0,0
2021-05-25,56.99,0,43.01,1819,5474499,58.87,2586,5147764,55.36,0,0,0,0,0,0
2021-05-26,57.03,0,42.97,1410,5475909,58.89,2502,5150266,55.38,0,0,0,0,0,0
2021-05-27,57.06,0,42.94,1858,5477767,58.91,3186,5153452,55.42,0,0,0,0,0,0
2021-05-28,57.07,0,42.93,785,5478552,58.91,1404,5154856,55.43,0,0,0,0,0,0
2021-05-29,57.07,0,42.93,190,5478742,58.92,224,5155080,55.44,0,0,0,0,0,0
2021-05-30,57.1,0,42.9,1644,5480386,58.93,1937,5157017,55.46,0,0,0,0,0,0
2021-05-31,57.13,0,42.87,1738,5482124,58.95,2093,5159110,55.48,0,0,0,0,0,0
2021-06-01,57.47,0,42.53,1379,5483503,58.97,1822,5160932,55.5,0,0,0,0,0,0
2021-06-02,57.25,0,42.75,1513,5485016,58.98,1607,5162539,55.52,0,0,0,0,0,0
2021-06-03,57.27,0,42.73,1683,5486699,59,1490,5164029,55.53,0,0,0,0,0,0
2021-06-04,57.28,0,42.72,1101,5487800,59.01,782,5164811,55.54,0,0,0,0,0,0
2021-06-05,57.29,0,42.71,183,5487983,59.02,159,5164970,55.54,0,0,0,0,0,0
2021-06-06,57.31,0,42.69,4290,5492273,59.06,1002,5165972,55.55,0,0,0,0,0,0
2021-06-07,57.34,0,42.66,4438,5496711,59.11,811,5166783,55.56,0,0,0,0,0,0
2021-06-08,57.36,0,42.64,3737,5500448,59.15,1174,5167957,55.57,0,0,0,0,0,0
2021-06-09,57.4,0,42.6,3614,5504062,59.19,1327,5169284,55.59,0,0,0,0,0,0
2021-06-10,57.42,0,42.58,3359,5507421,59.22,1299,5170583,55.6,0,0,0,0,0,0
2021-06-11,57.43,0,42.57,1396,5508817,59.24,585,5171168,55.61,0,0,0,0,0,0
2021-06-12,57.43,0,42.57,217,5509034,59.24,173,5171341,55.61,0,0,0,0,0,0
2021-06-13,57.45,0,42.55,3101,5512135,59.27,1260,5172601,55.62,0,0,0,0,0,0
2021-06-14,57.46,0,42.54,3056,5515191,59.31,1529,5174130,55.64,0,0,0,0,0,0
2021-06-15,57.48,0,42.52,3137,5518328,59.34,1375,5175505,55.65,0,0,0,0,0,0
2021-06-16,57.49,0,42.51,2729,5521057,59.37,999,5176504,55.67,0,0,0,0,0,0
2021-06-17,57.51,0,42.49,2729,5523786,59.4,1204,5177708,55.68,0,0,0,0,0,0
2021-06-18,57.52,0,42.48,1265,5525051,59.41,505,5178213,55.68,0,0,0,0,0,0
2021-06-19,57.52,0,42.48,242,5525293,59.42,139,5178352,55.69,0,0,0,0,0,0
2021-06-20,57.54,0,42.46,3315,5528608,59.45,1330,5179682,55.7,0,0,0,0,0,0
2021-06-21,57.56,0,42.44,5244,5533852,59.51,1215,5180897,55.71,0,0,0,0,0,0
2021-06-22,57.58,0,42.42,6933,5540785,59.58,1099,5181996,55.72,0,0,0,0,0,0
2021-06-23,57.6,0,42.4,10754,5551539,59.7,1304,5183300,55.74,0,0,0,0,0,0
2021-06-24,57.62,0,42.38,12045,5563584,59.83,1466,5184766,55.75,0,0,0,0,0,0
2021-06-25,57.62,0,42.38,7112,5570696,59.9,944,5185710,55.76,0,0,0,0,0,0
2021-06-26,57.63,0,42.37,2273,5572969,59.93,199,5185909,55.77,0,0,0,0,0,0
2021-06-27,57.65,0,42.35,13631,5586600,60.08,3436,5189345,55.8,0,0,0,0,0,0
2021-06-28,57.68,0,42.32,14518,5601118,60.23,3675,5193020,55.84,0,0,0,0,0,0
2021-06-29,57.69,0,42.31,16709,5617827,60.41,3743,5196763,55.88,0,0,0,0,0,0
2021-06-30,57.72,0,42.28,16484,5634311,60.59,3396,5200159,55.92,0,0,0,0,0,0
2021-07-01,57.78,0,42.22,16834,5651145,60.77,3373,5203532,55.96,121,121,0,0,0,0
2021-07-02,57.79,0,42.21,9836,5660981,60.88,1603,5205135,55.97,7,128,0,0,0,0
2021-07-03,57.79,0,42.21,2677,5663658,60.9,296,5205431,55.98,1,129,0,0,0,0
2021-07-04,57.85,0,42.15,17735,5681393,61.09,3161,5208592,56.01,2,131,0,0,0,0
2021-07-05,57.91,0,42.09,17847,5699240,61.29,3043,5211635,56.04,7,138,0,0,0,0
2021-07-06,57.99,0,42.01,17847,5717087,61.48,3406,5215041,56.08,11,149,0,0,0,0
2021-07-07,58.05,0,41.95,15526,5732613,61.65,2701,5217742,56.11,12,161,0,0,0,0
2021-07-08,58.12,0,41.88,16585,5749198,61.82,2879,5220621,56.14,17,178,0,0,0,0
2021-07-09,58.15,0,41.85,11124,5760322,61.94,1534,5222155,56.16,4,182,0,0,0,0
2021-07-10,58.15,0,41.85,4988,5765310,62,389,5222544,56.16,6,188,0,0,0,0
2021-07-11,58.22,0,41.78,1456,5766766,62.01,2848,5225392,56.19,8,196,0,0,0,0
2021-07-12,58.29,0,41.71,2424,5769190,62.04,3689,5229081,56.23,56,252,0,0,0,0
2021-07-13,58.36,0,41.64,2963,5772153,62.07,5458,5234539,56.29,124,376,0,0,0,0
2021-07-14,58.42,0,41.58,2746,5774899,62.1,7531,5242070,56.37,441,817,0.01,0,0,0
2021-07-15,58.5,0,41.5,3003,5777902,62.13,9295,5251365,56.47,374,1191,0.01,0,0,0
2021-07-16,58.54,0,41.46,1292,5779194,62.15,5896,5257261,56.53,66,1257,0.01,0,0,0
2021-07-17,58.55,0,41.44,370,5779564,62.15,1391,5258652,56.55,8,1265,0.01,0,0,0
2021-07-18,58.6,0,41.4,2073,5781637,62.17,9768,5268420,56.65,235,1500,0.02,0,0,0
2021-07-19,58.65,0,41.35,3209,5784846,62.21,11345,5279765,56.78,461,1961,0.02,0,0,0
2021-07-20,58.72,0,41.28,2683,5787529,62.24,11912,5291677,56.9,373,2334,0.03,0,0,0
2021-07-21,58.81,0,41.19,2405,5789934,62.26,11880,5303557,57.03,325,2659,0.03,0,0,0
2021-07-22,58.93,0,41.07,2874,5792808,62.29,13272,5316829,57.17,391,3050,0.03,0,0,0
2021-07-23,58.99,0,41.01,2035,5794843,62.31,8245,5325074,57.26,106,3156,0.03,0,0,0
2021-07-24,58.99,0,41,641,5795484,62.32,1485,5326559,57.28,7,3163,0.03,0,0,0
2021-07-25,59.1,0,40.89,4416,5799900,62.37,15497,5342056,57.45,223,3386,0.04,0,0,0
2021-07-26,59.24,0,40.75,5169,5805069,62.42,13533,5355589,57.59,325,3711,0.04,0,0,0
2021-07-27,59.37,0.01,40.62,5491,5810560,62.48,13576,5369165,57.74,414,4125,0.04,0,0,0
2021-07-28,59.5,0.01,40.49,3987,5814547,62.53,12342,5381507,57.87,472,4597,0.05,0,0,0
2021-07-29,59.65,0.01,40.33,4660,5819207,62.58,14198,5395705,58.02,532,5129,0.06,0,0,0
2021-07-30,59.74,0.02,40.25,2652,5821859,62.61,10854,5406559,58.14,4122,9251,0.1,0,0,0
2021-07-31,59.75,0.02,40.23,1404,5823263,62.62,3551,5410110,58.18,6159,15410,0.17,0,0,0
2021-08-01,59.91,0.02,40.06,3075,5826338,62.65,3364,5413474,58.21,31047,46457,0.5,0,0,0
2021-08-02,60.06,0.03,39.91,3132,5829470,62.69,3173,5416647,58.25,58514,104971,1.13,0,0,0
2021-08-03,60.21,0.03,39.76,3384,5832854,62.72,3326,5419973,58.28,78953,183924,1.98,0,0,0
2021-08-04,60.34,0.03,39.63,3526,5836380,62.76,3255,5423228,58.32,80764,264688,2.85,0,0,0
2021-08-05,60.49,0.04,39.47,4511,5840891,62.81,3569,5426797,58.36,88442,353130,3.8,0,0,0
2021-08-06,60.6,0.04,39.36,2434,5843325,62.84,1857,5428654,58.38,44743,397873,4.28,0,0,0
2021-08-07,60.63,0.04,39.32,1032,5844357,62.85,697,5429351,58.38,27353,425226,4.57,0,0,0
2021-08-08,60.68,0.04,39.28,4988,5849345,62.9,3082,5432433,58.42,80088,505314,5.43,0,0,0
2021-08-09,60.72,0.04,39.24,5340,5854685,62.96,3058,5435491,58.45,76489,581803,6.26,0,0,0
2021-08-10,60.75,0.04,39.2,5551,5860236,63.02,3202,5438693,58.48,75427,657230,7.07,0,0,0
2021-08-11,60.79,0.04,39.17,5694,5865930,63.08,2946,5441639,58.52,62639,719869,7.74,0,0,0
2021-08-12,60.83,0.04,39.12,7038,5872968,63.15,3287,5444926,58.55,59461,779330,8.38,0,0,0
2021-08-13,60.84,0.05,39.11,3816,5876784,63.2,2067,5446993,58.57,43869,823199,8.85,0,0,0
2021-08-14,60.85,0.05,39.1,2252,5879036,63.22,850,5447843,58.58,44486,867685,9.33,0,0,0
2021-08-15,60.89,0.05,39.06,7142,5886178,63.3,4530,5452373,58.63,97983,965668,10.38,0,0,0
2021-08-16,60.92,0.04,39.03,6987,5893165,63.37,4743,5457116,58.68,89518,1055186,11.35,0,0,0
2021-08-17,60.96,0.04,39,7572,5900737,63.45,5134,5462250,58.74,83319,1138505,12.24,0,0,0
2021-08-18,60.99,0.04,38.96,8642,5909379,63.55,4603,5466853,58.79,69266,1207771,12.99,0,0,0
2021-08-19,61.03,0.04,38.92,10079,5919458,63.65,5216,5472069,58.84,65974,1273745,13.7,0,0,0
2021-08-20,61.05,0.05,38.9,4768,5924226,63.71,2825,5474894,58.87,60452,1334197,14.35,0,0,0
2021-08-21,61.06,0.05,38.89,3497,5927723,63.74,1580,5476474,58.89,50725,1384922,14.89,0,0,0
2021-08-22,61.12,0.04,38.84,9820,5937543,63.85,4806,5481280,58.94,105106,1490028,16.02,0,0,0
2021-08-23,61.17,0.04,38.79,10925,5948468,63.97,4448,5485728,58.99,94028,1584056,17.03,0,0,0
2021-08-24,61.23,0.04,38.73,11721,5960189,64.09,4703,5490431,59.04,98551,1682607,18.09,0,0,0
2021-08-25,61.29,0.04,38.67,9614,5969803,64.2,4481,5494912,59.09,99544,1782151,19.16,0,0,0
2021-08-26,61.36,0.03,38.61,10107,5979910,64.31,5057,5499969,59.14,101226,1883377,20.25,0,0,0
2021-08-27,61.35,0.04,38.61,4325,5984235,64.35,2783,5502752,59.17,56694,1940071,20.86,0,0,0
2021-08-28,61.4,0.04,38.57,3697,5987932,64.39,1497,5504249,59.19,33538,1973609,21.22,0,0,0
2021-08-29,61.46,0.03,38.5,10322,5998254,64.5,5931,5510180,59.25,79546,2053155,22.08,0,0,0
2021-08-30,61.53,0.03,38.44,12335,6010589,64.63,7015,5517195,59.33,116003,2169158,23.33,0,0,0
2021-08-31,61.6,0.03,38.37,12075,6022664,64.76,6527,5523722,59.4,114873,2284031,24.56,0,0,0
2021-09-01,61.43,0.03,38.54,9034,6031698,64.86,6038,5529760,59.46,112489,2396520,25.77,0,0,0
2021-09-02,61.49,0.03,38.48,8783,6040481,64.96,7179,5536939,59.54,111542,2508062,26.97,0,0,0
2021-09-03,61.56,0.03,38.42,3750,6044231,65,4115,5541054,59.59,58883,2566945,27.6,0,0,0
2021-09-04,61.59,0.03,38.38,2692,6046923,65.03,2020,5543074,59.61,29950,2596895,27.93,0,0,0
2021-09-05,61.68,0.03,38.29,6990,6053913,65.1,6460,5549534,59.68,73325,2670220,28.71,0,0,0
2021-09-06,61.77,0.03,38.2,2832,6056745,65.13,2709,5552243,59.71,22796,2693016,28.96,0,0,0
2021-09-07,61.85,0.03,38.12,1199,6057944,65.14,878,5553121,59.72,5397,2698413,29.02,0,0,0
2021-09-08,61.93,0.03,38.05,1379,6059323,65.16,1194,5554315,59.73,6621,2705034,29.09,0,0,0
2021-09-09,62.02,0.03,37.95,7089,6066412,65.24,12573,5566888,59.86,73844,2778878,29.88,0,0,0
2021-09-10,62.06,0.03,37.91,3258,6069670,65.27,5015,5571903,59.92,37935,2816813,30.29,0,0,0
2021-09-11,62.08,0.03,37.89,2109,6071779,65.29,2505,5574408,59.94,14816,2831629,30.45,0,0,0
2021-09-12,62.16,0.03,37.81,6107,6077886,65.36,8586,5582994,60.04,54134,2885763,31.03,0,0,0
2021-09-13,62.15,0.03,37.82,5610,6083496,65.42,8259,5591253,60.13,47981,2933744,31.55,0,0,0
2021-09-14,62.2,0.03,37.77,4960,6088456,65.47,7420,5598673,60.21,48853,2982597,32.07,0,0,0
2021-09-15,62.25,0.03,37.72,1749,6090205,65.49,2716,5601389,60.23,16686,2999283,32.25,0,0,0
2021-09-16,62.37,0.03,37.6,343,6090548,65.49,548,5601937,60.24,1740,3001023,32.27,0,0,0
2021-09-17,62.42,0.03,37.54,3682,6094230,65.53,7019,5608956,60.32,42904,3043927,32.73,0,0,0
2021-09-18,62.45,0.03,37.52,2258,6096488,65.56,2943,5611899,60.35,12783,3056710,32.87,0,0,0
2021-09-19,62.55,0.03,37.42,5941,6102429,65.62,10710,5622609,60.46,44332,3101042,33.35,0,0,0
2021-09-20,62.63,0.03,37.34,3245,6105674,65.66,4645,5627254,60.51,16707,3117749,33.53,0,0,0
2021-09-21,62.69,0.03,37.28,1339,6107013,65.67,2058,5629312,60.53,3476,3121225,33.56,0,0,0
2021-09-22,62.72,0.03,37.25,4257,6111270,65.72,7250,5636562,60.61,25072,3146297,33.83,0,0,0
2021-09-23,62.75,0.03,37.22,4389,6115659,65.76,5912,5642474,60.68,27833,3174130,34.13,0,0,0
2021-09-24,62.82,0.03,37.15,3202,6118861,65.8,4184,5646658,60.72,27721,3201851,34.43,0,0,0
2021-09-25,62.85,0.03,37.12,2079,6120940,65.82,2260,5648918,60.75,10443,3212294,34.54,0,0,0
2021-09-26,62.96,0.03,37,5605,6126545,65.88,5971,5654889,60.81,36267,3248561,34.93,0,0,0
2021-09-27,63.02,0.03,36.94,4693,6131238,65.93,4468,5659357,60.86,30453,3279014,35.26,0,0,0
2021-09-28,63.06,0.04,36.91,1471,6132709,65.95,1180,5660537,60.87,6249,3285263,35.33,0,0,0
2021-09-29,63.13,0.03,36.84,9620,6142329,66.05,8346,5668883,60.96,60324,3345587,35.98,0,0,0
2021-09-30,63.18,0.03,36.79,10974,6153303,66.17,8573,5677456,61.05,79695,3425282,36.83,0,0,0
2021-10-01,63.23,0.03,36.73,5124,6158427,66.22,3875,5681331,61.09,46544,3471826,37.33,0,0,0
2021-10-02,63.26,0.03,36.71,2862,6161289,66.26,2127,5683458,61.12,22432,3494258,37.58,0,0,0
2021-10-03,63.35,0.03,36.62,11667,6172956,66.38,7273,5690731,61.2,70725,3564983,38.34,0,0,0
2021-10-04,63.4,0.03,36.57,10320,6183276,66.49,6757,5697488,61.27,51905,3616888,38.89,0,0,0
2021-10-05,63.41,0.03,36.55,8459,6191735,66.58,5312,5702800,61.33,40477,3657365,39.33,0,0,0
2021-10-06,63.52,0.03,36.45,7541,6199276,66.66,4182,5706982,61.37,34143,3691508,39.7,0,0,0
2021-10-07,63.63,0.03,36.34,6892,6206168,66.74,4008,5710990,61.41,34066,3725574,40.06,0,0,0
2021-10-08,63.68,0.03,36.29,3085,6209253,66.77,2643,5713633,61.44,19248,3744822,40.27,0,0,0
2021-10-09,63.71,0.03,36.26,1337,6210590,66.79,1443,5715076,61.46,7441,3752263,40.35,0,0,0
2021-10-10,63.82,0.04,36.14,4675,6215265,66.84,3745,5718821,61.5,21517,3773780,40.58,0,0,0
2021-10-11,63.91,0.04,36.05,4299,6219564,66.88,2942,5721763,61.53,17264,3791044,40.77,0,0,0
2021-10-12,63.99,0.05,35.96,3973,6223537,66.92,3003,5724766,61.56,15356,3806400,40.93,0,0,0
2021-10-13,64.09,0.05,35.86,3487,6227024,66.96,2451,5727217,61.59,13586,3819986,41.08,0,0,0
2021-10-14,64.19,0.06,35.75,3867,6230891,67,2685,5729902,61.62,16566,3836552,41.26,0,0,0
2021-10-15,64.23,0.07,35.7,1702,6232593,67.02,1682,5731584,61.63,9007,3845559,41.35,0,0,0
2021-10-16,64.25,0.08,35.67,727,6233320,67.03,954,5732538,61.64,4034,3849593,41.4,0,0,0
2021-10-17,64.36,0.09,35.56,3088,6236408,67.06,2525,5735063,61.67,12798,3862391,41.53,0,0,0
2021-10-18,64.43,0.1,35.47,2460,6238868,67.09,1689,5736752,61.69,10069,3872460,41.64,0,0,0
2021-10-19,64.49,0.1,35.4,2397,6241265,67.12,1281,5738033,61.7,9295,3881755,41.74,0,0,0
2021-10-20,64.14,0.52,35.34,2434,6243699,67.14,2304,5740337,61.73,10097,3891852,41.85,0,0,0
2021-10-21,54.23,10.41,35.36,3031,6246730,67.17,3093,5743430,61.76,12162,3904014,41.98,0,0,0
2021-10-22,54.36,10.26,35.38,1279,6248009,67.19,1435,5744865,61.78,5833,3909847,42.04,0,0,0
2021-10-23,54.42,10.19,35.39,572,6248581,67.19,1266,5746131,61.79,2564,3912411,42.07,0,0,0
2021-10-24,54.22,10.43,35.35,2515,6251096,67.22,2653,5748784,61.82,9855,3922266,42.18,0,0,0
2021-10-25,54.59,10.22,35.19,2635,6253731,67.25,2749,5751533,61.85,8507,3930773,42.27,0,0,0
2021-10-26,54.64,10.26,35.1,2380,6256111,67.28,2055,5753588,61.87,8522,3939295,42.36,0,0,0
2021-10-27,54.58,10.37,35.06,2289,6258400,67.3,2566,5756154,61.9,7953,3947248,42.45,0,0,0
2021-10-28,54.69,10.76,34.55,2504,6260904,67.33,2777,5758931,61.93,8670,3955918,42.54,0,0,0
2021-10-29,54.73,10.75,34.52,900,6261804,67.34,1151,5760082,61.94,4135,3960053,42.58,0,0,0
2021-10-30,54.68,10.81,34.52,365,6262169,67.34,530,5760612,61.95,1710,3961763,42.6,0,0,0
2021-10-31,54.83,10.7,34.47,2260,6264429,67.36,2495,5763107,61.97,8254,3970017,42.69,0,0,0
2021-11-01,54.95,10.63,34.42,1736,6266165,67.38,2090,5765197,62,6478,3976495,42.76,0,0,0
2021-11-02,54.89,10.69,34.42,2026,6268191,67.41,2043,5767240,62.02,6293,3982788,42.83,0,0,0
2021-11-03,54.86,10.75,34.39,1762,6269953,67.42,1897,5769137,62.04,5556,3988344,42.89,0,0,0
2021-11-04,54.85,10.81,34.33,2110,6272063,67.45,2801,5771938,62.07,7126,3995470,42.97,0,0,0
2021-11-05,54.85,10.83,34.32,788,6272851,67.46,904,5772842,62.08,3482,3998952,43,0,0,0
2021-11-06,54.82,10.86,34.32,346,6273197,67.46,385,5773227,62.08,1372,4000324,43.02,0,0,0
2021-11-07,54.92,10.8,34.28,1578,6274775,67.48,1769,5774996,62.1,6134,4006458,43.08,0,0,0
2021-11-08,55.01,10.75,34.24,1519,6276294,67.49,1602,5776598,62.12,5405,4011863,43.14,0,0,0
2021-11-09,55.05,10.74,34.21,1429,6277723,67.51,1607,5778205,62.14,5330,4017193,43.2,0,0,0
2021-11-10,55.08,10.73,34.19,1423,6279146,67.52,1659,5779864,62.15,4777,4021970,43.25,0,0,0
2021-11-11,55.15,10.69,34.15,1627,6280773,67.54,1944,5781808,62.17,5714,4027684,43.31,0,0,0
2021-11-12,55.17,10.69,34.14,633,6281406,67.55,825,5782633,62.18,2922,4030606,43.34,0,0,0
2021-11-13,55.14,10.72,34.14,255,6281661,67.55,286,5782919,62.19,1130,4031736,43.36,0,0,0
2021-11-14,55.21,10.68,34.11,1536,6283197,67.57,1637,5784556,62.2,5109,4036845,43.41,0,0,0
2021-11-15,55.28,10.63,34.09,1274,6284471,67.58,1622,5786178,62.22,4768,4041613,43.46,0,0,0
2021-11-16,55.32,10.62,34.07,1272,6285743,67.59,1415,5787593,62.24,4347,4045960,43.51,0,0,0
2021-11-17,55.35,10.6,34.05,1204,6286947,67.61,1564,5789157,62.25,3914,4049874,43.55,0,0,0
2021-11-18,55.41,10.58,34.02,1361,6288308,67.62,1692,5790849,62.27,5009,4054883,43.6,0,0,0
2021-11-19,55.42,10.57,34.01,588,6288896,67.63,763,5791612,62.28,2456,4057339,43.63,0,0,0
2021-11-20,55.41,10.58,34,237,6289133,67.63,255,5791867,62.28,929,4058268,43.64,0,0,0
2021-11-21,55.47,10.54,33.98,1408,6290541,67.65,1540,5793407,62.3,4879,4063147,43.69,0,0,0
2021-11-22,55.54,10.5,33.96,1680,6292221,67.66,1522,5794929,62.32,4238,4067385,43.74,0,0,0
2021-11-23,55.57,10.48,33.95,8622,6300843,67.76,1687,5796616,62.33,4006,4071391,43.78,0,0,0
2021-11-24,55.6,10.44,33.95,9349,6310192,67.86,1317,5797933,62.35,3922,4075313,43.82,0,0,0
2021-11-25,55.64,10.43,33.93,9812,6320004,67.96,1601,5799534,62.37,4839,4080152,43.88,0,0,0
2021-11-26,55.63,10.45,33.92,5610,6325614,68.02,747,5800281,62.37,2799,4082951,43.91,0,0,0
2021-11-27,55.62,10.46,33.92,4779,6330393,68.07,323,5800604,62.38,1163,4084114,43.92,0,0,0
2021-11-28,55.67,10.43,33.9,10152,6340545,68.18,1476,5802080,62.39,4901,4089015,43.97,0,0,0
2021-11-29,55.73,10.39,33.88,9042,6349587,68.28,1130,5803210,62.4,4374,4093389,44.02,0,0,0
2021-11-30,55.77,10.37,33.86,10044,6359631,68.39,1035,5804245,62.42,4084,4097473,44.06,0,0,0
2021-12-01,55.79,10.36,33.84,8630,6368261,68.48,1095,5805340,62.43,4441,4101914,44.11,6,6,0
2021-12-02,55.84,10.34,33.82,9175,6377436,68.58,1453,5806793,62.44,5121,4107035,44.16,6,12,0
2021-12-03,55.86,10.33,33.81,6331,6383767,68.65,673,5807466,62.45,2867,4109902,44.2,1,13,0
2021-12-04,55.85,10.34,33.81,2508,6386275,68.67,235,5807701,62.45,920,4110822,44.21,3,16,0
2021-12-05,55.9,10.31,33.79,8335,6394610,68.76,1253,5808954,62.47,4683,4115505,44.26,1,17,0
2021-12-06,55.95,10.27,33.78,6723,6401333,68.84,1197,5810151,62.48,4350,4119855,44.3,4,21,0
2021-12-07,55.99,10.25,33.76,5553,6406886,68.9,1502,5811653,62.5,3965,4123820,44.35,9,30,0
2021-12-08,56.03,10.22,33.75,4933,6411819,68.95,1199,5812852,62.51,3881,4127701,44.39,10,40,0
2021-12-09,56.08,10.19,33.73,6237,6418056,69.02,1238,5814090,62.52,4507,4132208,44.44,8,48,0
2021-12-10,56.1,10.18,33.72,3005,6421061,69.05,703,5814793,62.53,2685,4134893,44.46,4,52,0
2021-12-11,56.1,10.18,33.71,1491,6422552,69.06,252,5815045,62.53,1016,4135909,44.48,0,52,0
2021-12-12,56.16,10.15,33.69,7273,6429825,69.14,1444,5816489,62.55,5247,4141156,44.53,3,55,0
2021-12-13,56.21,10.11,33.67,6180,6436005,69.21,1374,5817863,62.56,4349,4145505,44.58,5,60,0
2021-12-14,56.27,10.09,33.65,7317,6443322,69.29,6100,5823963,62.63,4937,4150442,44.63,12,72,0
2021-12-15,56.34,10.06,33.6,7203,6450525,69.37,7403,5831366,62.71,5443,4155885,44.69,7,79,0
2021-12-16,56.53,10.05,33.42,8079,6458604,69.45,8613,5839979,62.8,6563,4162448,44.76,8,87,0
2021-12-17,56.64,10.05,33.3,4406,6463010,69.5,5140,5845119,62.86,3952,4166400,44.8,3,90,0
2021-12-18,56.73,10.07,33.2,3940,6466950,69.54,2913,5848032,62.89,1360,4167760,44.82,2,92,0
2021-12-19,56.92,10.04,33.04,6980,6473930,69.62,9331,5857363,62.99,6273,4174033,44.89,6,98,0
2021-12-20,57.07,10.02,32.91,7969,6481899,69.7,7517,5864880,63.07,5443,4179476,44.94,9,107,0
2021-12-21,57.27,10.01,32.71,9549,6491448,69.81,8649,5873529,63.16,6489,4185965,45.01,8,115,0
2021-12-22,57.49,10,32.52,9664,6501112,69.91,8155,5881684,63.25,6248,4192213,45.08,12,127,0
2021-12-23,57.7,9.97,32.33,11538,6512650,70.03,10264,5891948,63.36,8158,4200371,45.17,16,143,0
2021-12-24,57.83,9.96,32.21,5871,6518521,70.1,6240,5898188,63.43,5280,4205651,45.23,12,155,0
2021-12-25,57.9,9.96,32.15,3338,6521859,70.13,2565,5900753,63.45,2021,4207672,45.25,6,161,0
2021-12-26,58.1,9.92,31.98,10653,6532512,70.25,8910,5909663,63.55,8201,4215873,45.34,8,169,0
2021-12-27,58.27,9.9,31.83,10370,6542882,70.36,7145,5916808,63.63,8184,4224057,45.42,21,190,0
2021-12-28,58.46,9.88,31.66,11374,6554256,70.48,7452,5924260,63.71,9639,4233696,45.53,24,214,0
2021-12-29,58.64,9.85,31.51,9933,6564189,70.59,5963,5930223,63.77,8374,4242070,45.62,20,234,0
2021-12-30,58.84,9.82,31.34,11011,6575200,70.71,7735,5937958,63.85,12240,4254310,45.75,10,244,0
2021-12-31,58.9,9.79,31.3,4829,6580029,70.76,3672,5941630,63.89,7294,4261604,45.83,135,379,0
2022-01-01,58.93,9.79,31.28,1992,6582021,70.78,1591,5943221,63.91,2741,4264345,45.86,66,445,0
2022-01-02,59.14,9.76,31.1,10217,6592238,70.89,6487,5949708,63.98,13001,4277346,46,590,1035,0.01
2022-01-03,59.29,9.71,31,9383,6601621,70.99,5257,5954965,64.04,11336,4288682,46.12,25055,26090,0.28
2022-01-04,59.46,9.68,30.86,8966,6610587,71.09,5949,5960914,64.1,10522,4299204,46.23,50658,76748,0.83
2022-01-05,59.56,9.65,30.79,8553,6619140,71.18,5737,5966651,64.16,10491,4309695,46.34,59589,136337,1.47
2022-01-06,59.81,9.63,30.56,10340,6629480,71.29,7959,5974610,64.25,13530,4323225,46.49,63999,200336,2.15
2022-01-07,59.89,9.61,30.49,4760,6634240,71.34,4556,5979166,64.3,8160,4331385,46.58,31135,231471,2.49
2022-01-08,59.9,9.64,30.46,2750,6636990,71.37,2450,5981616,64.32,5503,4336888,46.64,27629,259100,2.79
2022-01-09,60.06,9.59,30.35,9306,6646296,71.47,7722,5989338,64.41,11868,4348756,46.76,66764,325864,3.5
2022-01-10,60.21,9.54,30.25,8350,6654646,71.56,7646,5996984,64.49,11877,4360633,46.89,64773,390637,4.2
2022-01-11,60.38,9.49,30.13,8101,6662747,71.65,8621,6005605,64.58,11967,4372600,47.02,56657,447294,4.81
2022-01-12,60.51,9.45,30.04,7275,6670022,71.73,8304,6013909,64.67,11114,4383714,47.14,44630,491924,5.29
2022-01-13,60.7,9.35,29.94,7508,6677530,71.81,9617,6023526,64.77,11541,4395255,47.26,34764,526688,5.66
2022-01-14,60.79,9.31,29.9,2556,6680086,71.83,4935,6028461,64.83,6141,4401396,47.33,11141,537829,5.78
2022-01-15,60.83,9.29,29.87,1467,6681553,71.85,3167,6031628,64.86,3882,4405278,47.37,5716,543545,5.85
2022-01-16,60.97,9.2,29.82,3818,6685371,71.89,8524,6040152,64.95,7682,4412960,47.45,19991,563536,6.06
2022-01-17,61.09,9.13,29.78,2808,6688179,71.92,7045,6047197,65.03,6170,4419130,47.52,17832,581368,6.25
2022-01-18,61.23,9.07,29.7,2475,6690654,71.95,7385,6054582,65.11,5533,4424663,47.58,14817,596185,6.41
2022-01-19,61.37,8.98,29.65,1915,6692569,71.97,6369,6060951,65.18,4520,4429183,47.63,8460,604645,6.5
2022-01-20,61.44,8.85,29.71,1778,6694347,71.99,6968,6067919,65.25,4791,4433974,47.68,8041,612686,6.59
2022-01-21,61.51,8.81,29.68,905,6695252,72,3725,6071644,65.29,2643,4436617,47.71,3358,616044,6.62
2022-01-22,61.51,8.75,29.74,328,6695580,72,1461,6073105,65.31,1066,4437683,47.72,1113,617157,6.64
2022-01-23,61.61,8.7,29.69,1068,6696648,72.01,5632,6078737,65.37,2878,4440561,47.75,6083,623240,6.7
2022-01-24,61.73,8.62,29.65,758,6697406,72.02,4481,6083218,65.42,2267,4442828,47.78,5054,628294,6.76
2022-01-25,61.9,8.51,29.59,743,6698149,72.03,4400,6087618,65.46,2179,4445007,47.8,7102,635396,6.83
2022-01-26,62.02,8.42,29.57,614,6698763,72.04,3285,6090903,65.5,1611,4446618,47.82,4262,639658,6.88
2022-01-27,62.12,8.35,29.52,797,6699560,72.04,4406,6095309,65.55,2003,4448621,47.84,5441,645099,6.94
2022-01-28,62.16,8.33,29.5,395,6699955,72.05,2376,6097685,65.57,1177,4449798,47.85,3450,648549,6.97
2022-01-29,62.23,8.29,29.48,124,6700079,72.05,1046,6098731,65.58,424,4450222,47.86,1162,649711,6.99
2022-01-30,62.3,8.24,29.46,769,6700848,72.06,4719,6103450,65.63,2020,4452242,47.88,8099,657810,7.07
2022-01-31,62.39,8.17,29.43,528,6701376,72.06,3184,6106634,65.67,1609,4453851,47.89,6472,664282,7.14
2022-02-01,62.45,8.15,29.4,480,6701856,72.07,2807,6109441,65.7,1525,4455376,47.91,5721,670003,7.2
2022-02-02,62.28,8.13,29.59,375,6702231,72.07,2394,6111835,65.72,1381,4456757,47.93,5074,675077,7.26
2022-02-03,62.34,8.08,29.57,446,6702677,72.08,2776,6114611,65.75,1460,4458217,47.94,5607,680684,7.32
2022-02-04,62.37,8.06,29.57,174,6702851,72.08,991,6115602,65.76,754,4458971,47.95,2455,683139,7.35
2022-02-05,62.34,8.09,29.56,62,6702913,72.08,340,6115942,65.77,221,4459192,47.95,420,683559,7.35
2022-02-06,62.41,8.05,29.55,406,6703319,72.08,2320,6118262,65.79,1343,4460535,47.97,5686,689245,7.41
2022-02-07,62.47,8.01,29.52,282,6703601,72.09,1306,6119568,65.81,982,4461517,47.98,5960,695205,7.48
2022-02-08,62.54,7.97,29.49,317,6703918,72.09,1498,6121066,65.82,1068,4462585,47.99,6137,701342,7.54
2022-02-09,62.6,7.95,29.45,254,6704172,72.09,1102,6122168,65.83,945,4463530,48,4570,705912,7.59
2022-02-10,62.63,7.93,29.44,273,6704445,72.1,1293,6123461,65.85,936,4464466,48.01,4815,710727,7.64
2022-02-11,62.67,7.91,29.42,211,6704656,72.1,557,6124018,65.85,516,4464982,48.01,2539,713266,7.67
2022-02-12,62.67,7.91,29.41,32,6704688,72.1,90,6124108,65.86,131,4465113,48.02,269,713535,7.67
2022-02-13,62.73,7.87,29.39,286,6704974,72.1,946,6125054,65.87,966,4466079,48.03,4998,718533,7.73
2022-02-14,62.89,7.74,29.36,180,6705154,72.1,627,6125681,65.87,760,4466839,48.03,3142,721675,7.76
2022-02-15,62.92,7.73,29.35,266,6705420,72.11,763,6126444,65.88,934,4467773,48.04,3817,725492,7.8
2022-02-16,62.95,7.72,29.34,179,6705599,72.11,577,6127021,65.89,803,4468576,48.05,2487,727979,7.83
2022-02-17,62.96,7.7,29.34,246,6705845,72.11,739,6127760,65.89,773,4469349,48.06,3061,731040,7.86
2022-02-18,62.98,7.69,29.33,131,6705976,72.11,342,6128102,65.9,436,4469785,48.07,1118,732158,7.87
2022-02-19,62.99,7.69,29.32,33,6706009,72.11,84,6128186,65.9,82,4469867,48.07,79,732237,7.87
2022-02-20,63.01,7.67,29.32,203,6706212,72.12,604,6128790,65.91,721,4470588,48.07,2574,734811,7.9
2022-02-21,63.04,7.65,29.31,173,6706385,72.12,413,6129203,65.91,488,4471076,48.08,1542,736353,7.92
2022-02-22,63.05,7.65,29.3,158,6706543,72.12,454,6129657,65.92,567,4471643,48.09,1871,738224,7.94
2022-02-23,63.06,7.65,29.29,109,6706652,72.12,353,6130010,65.92,451,4472094,48.09,1153,739377,7.95
2022-02-24,63.05,7.66,29.29,138,6706790,72.12,462,6130472,65.92,568,4472662,48.1,1492,740869,7.97
2022-02-25,63.06,7.66,29.28,59,6706849,72.12,142,6130614,65.93,188,4472850,48.1,456,741325,7.97
2022-02-26,63.05,7.67,29.28,17,6706866,72.12,28,6130642,65.93,161,4473011,48.1,35,741360,7.97
2022-02-27,63.05,7.67,29.28,112,6706978,72.12,341,6130983,65.93,448,4473459,48.11,1119,742479,7.98
2022-02-28,63.07,7.65,29.28,108,6707086,72.12,271,6131254,65.93,421,4473880,48.11,907,743386,7.99
2022-03-01,63.1,7.63,29.27,95,6707181,72.13,280,6131534,65.94,372,4474252,48.11,797,744183,8
2022-03-02,63.11,7.62,29.27,77,6707258,72.13,199,6131733,65.94,324,4474576,48.12,697,744880,8.01
2022-03-03,63.05,7.67,29.27,156,6707414,72.13,371,6132104,65.94,496,4475072,48.12,987,745867,8.02
2022-03-04,63.05,7.68,29.27,53,6707467,72.13,170,6132274,65.94,168,4475240,48.12,227,746094,8.02
2022-03-05,63.04,7.69,29.27,4,6707471,72.13,25,6132299,65.94,43,4475283,48.13,32,746126,8.02
2022-03-06,63.04,7.69,29.27,97,6707568,72.13,258,6132557,65.95,418,4475701,48.13,760,746886,8.03
2022-03-07,63.05,7.69,29.26,87,6707655,72.13,260,6132817,65.95,353,4476054,48.13,604,747490,8.04
2022-03-08,63.04,7.7,29.26,98,6707753,72.13,263,6133080,65.95,333,4476387,48.14,550,748040,8.04
2022-03-09,63.02,7.72,29.25,89,6707842,72.13,213,6133293,65.95,337,4476724,48.14,492,748532,8.05
2022-03-10,63.01,7.74,29.25,115,6707957,72.13,373,6133666,65.96,427,4477151,48.15,620,749152,8.06
2022-03-11,63,7.75,29.25,24,6707981,72.13,86,6133752,65.96,122,4477273,48.15,144,749296,8.06
2022-03-12,62.98,7.77,29.24,10,6707991,72.13,12,6133764,65.96,33,4477306,48.15,28,749324,8.06
2022-03-13,62.98,7.78,29.24,100,6708091,72.14,271,6134035,65.96,358,4477664,48.15,595,749919,8.06
2022-03-14,62.98,7.78,29.24,65,6708156,72.14,252,6134287,65.97,316,4477980,48.15,559,750478,8.07
2022-03-15,62.95,7.81,29.24,79,6708235,72.14,185,6134472,65.97,293,4478273,48.16,591,751069,8.08
2022-03-16,62.94,7.82,29.24,76,6708311,72.14,205,6134677,65.97,302,4478575,48.16,668,751737,8.08
2022-03-17,62.94,7.82,29.24,65,6708376,72.14,121,6134798,65.97,286,4478861,48.16,613,752350,8.09
2022-03-18,62.94,7.82,29.24,19,6708395,72.14,54,6134852,65.97,100,4478961,48.16,234,752584,8.09
2022-03-19,62.89,7.88,29.23,5,6708400,72.14,11,6134863,65.97,28,4478989,48.16,39,752623,8.09
2022-03-20,62.87,7.89,29.23,119,6708519,72.14,260,6135123,65.97,486,4479475,48.17,1430,754053,8.11
2022-03-21,62.87,7.9,29.23,97,6708616,72.14,247,6135370,65.98,379,4479854,48.17,1132,755185,8.12
2022-03-22,62.84,7.94,29.23,141,6708757,72.14,342,6135712,65.98,507,4480361,48.18,1770,756955,8.14
2022-03-23,62.81,7.97,29.22,108,6708865,72.14,212,6135924,65.98,463,4480824,48.18,1676,758631,8.16
2022-03-24,62.78,8,29.22,174,6709039,72.15,345,6136269,65.99,768,4481592,48.19,2361,760992,8.18
2022-03-25,62.78,8,29.23,39,6709078,72.15,82,6136351,65.99,156,4481748,48.19,629,761621,8.19
2022-03-26,62.77,8,29.22,12,6709090,72.15,13,6136364,65.99,34,4481782,48.19,91,761712,8.19
2022-03-27,62.75,8.02,29.22,167,6709257,72.15,344,6136708,65.99,758,4482540,48.2,3193,764905,8.23
2022-03-28,62.75,8.03,29.22,113,6709370,72.15,270,6136978,65.99,623,4483163,48.21,2416,767321,8.25
2022-03-29,62.7,8.07,29.22,125,6709495,72.15,257,6137235,66,641,4483804,48.22,2771,770092,8.28
2022-03-30,62.81,8.11,29.07,132,6709627,72.15,207,6137442,66,539,4484343,48.22,2370,772462,8.31
2022-03-31,62.79,8.11,29.1,166,6709793,72.15,302,6137744,66,730,4485073,48.23,2852,775314,8.34
2022-04-01,62.72,8.13,29.15,122,6709915,72.16,160,6137904,66,277,4485350,48.23,585,775899,8.34
2022-04-02,62.69,8.15,29.16,6,6709921,72.16,6,6137910,66,37,4485387,48.23,52,775951,8.34
2022-04-03,62.65,8.16,29.19,159,6710080,72.16,270,6138180,66.01,569,4485956,48.24,2478,778429,8.37
2022-04-04,62.62,8.16,29.22,103,6710183,72.16,207,6138387,66.01,484,4486440,48.24,2222,780651,8.39
2022-04-05,62.57,8.19,29.25,122,6710305,72.16,219,6138606,66.01,513,4486953,48.25,2242,782893,8.42
2022-04-06,62.55,8.2,29.25,92,6710397,72.16,155,6138761,66.01,381,4487334,48.25,2021,784914,8.44
2022-04-07,62.56,8.2,29.24,191,6710588,72.16,215,6138976,66.02,641,4487975,48.26,2556,787470,8.47
2022-04-08,62.54,8.22,29.23,30,6710618,72.16,60,6139036,66.02,153,4488128,48.26,480,787950,8.47
2022-04-09,62.52,8.25,29.23,6,6710624,72.16,17,6139053,66.02,27,4488155,48.26,46,787996,8.47
2022-04-10,62.51,8.26,29.23,103,6710727,72.16,264,6139317,66.02,429,4488584,48.27,1845,789841,8.49
2022-04-11,62.54,8.26,29.2,78,6710805,72.16,201,6139518,66.02,371,4488955,48.27,1425,791266,8.51
2022-04-12,62.58,8.29,29.12,204,6711009,72.17,168,6139686,66.02,374,4489329,48.28,1360,792626,8.52
2022-04-13,62.58,8.31,29.1,119,6711128,72.17,150,6139836,66.02,296,4489625,48.28,1217,793843,8.54
2022-04-14,62.57,8.33,29.1,85,6711213,72.17,221,6140057,66.03,320,4489945,48.28,1068,794911,8.55
2022-04-15,62.55,8.35,29.1,9,6711222,72.17,51,6140108,66.03,47,4489992,48.28,82,794993,8.55
2022-04-16,62.53,8.37,29.1,3,6711225,72.17,8,6140116,66.03,21,4490013,48.28,29,795022,8.55
2022-04-17,62.52,8.38,29.1,62,6711287,72.17,131,6140247,66.03,229,4490242,48.29,807,795829,8.56
2022-04-18,62.51,8.38,29.1,69,6711356,72.17,109,6140356,66.03,252,4490494,48.29,749,796578,8.57
2022-04-19,62.5,8.4,29.1,62,6711418,72.17,144,6140500,66.03,273,4490767,48.29,842,797420,8.58
2022-04-20,62.48,8.42,29.1,60,6711478,72.17,117,6140617,66.03,235,4491002,48.29,654,798074,8.58
2022-04-21,62.47,8.43,29.1,53,6711531,72.17,109,6140726,66.03,196,4491198,48.3,479,798553,8.59
2022-04-22,62.45,8.44,29.11,3,6711534,72.17,16,6140742,66.03,19,4491217,48.3,19,798572,8.59
2022-04-23,62.43,8.46,29.11,6,6711540,72.17,9,6140751,66.03,15,4491232,48.3,13,798585,8.59
2022-04-24,62.43,8.47,29.1,92,6711632,72.17,250,6141001,66.04,329,4491561,48.3,872,799457,8.6
2022-04-25,62.43,8.47,29.1,105,6711737,72.17,191,6141192,66.04,316,4491877,48.3,738,800195,8.6
2022-04-26,62.42,8.48,29.1,75,6711812,72.18,175,6141367,66.04,303,4492180,48.31,787,800982,8.61
2022-04-27,62.41,8.49,29.1,54,6711866,72.18,160,6141527,66.04,227,4492407,48.31,640,801622,8.62
2022-04-28,62.41,8.5,29.1,96,6711962,72.18,232,6141759,66.05,329,4492736,48.31,869,802491,8.63
2022-04-29,62.39,8.51,29.1,112,6712074,72.18,159,6141918,66.05,183,4492919,48.31,195,802686,8.63
2022-04-30,62.38,8.52,29.1,1,6712075,72.18,3,6141921,66.05,24,4492943,48.31,22,802708,8.63
2022-05-01,62.38,8.53,29.09,135,6712210,72.18,185,6142106,66.05,316,4493259,48.32,630,803338,8.64
2022-05-02,62.37,8.54,29.09,62,6712272,72.18,153,6142259,66.05,235,4493494,48.32,489,803827,8.64
2022-05-03,62.36,8.55,29.09,72,6712344,72.18,151,6142410,66.05,288,4493782,48.32,507,804334,8.65
2022-05-04,62.35,8.57,29.08,23,6712367,72.18,56,6142466,66.05,63,4493845,48.32,126,804460,8.65
2022-05-05,62.34,8.58,29.08,4,6712371,72.18,1,6142467,66.05,8,4493853,48.32,13,804473,8.65
2022-05-06,62.33,8.59,29.08,19,6712390,72.18,59,6142526,66.05,64,4493917,48.33,151,804624,8.65
2022-05-07,62.32,8.6,29.08,1,6712391,72.18,7,6142533,66.05,26,4493943,48.33,24,804648,8.65
2022-05-08,62.31,8.61,29.08,118,6712509,72.18,207,6142740,66.06,270,4494213,48.33,457,805105,8.66
2022-05-09,62.31,8.61,29.08,59,6712568,72.18,162,6142902,66.06,251,4494464,48.33,504,805609,8.66
2022-05-10,62.3,8.62,29.08,130,6712698,72.19,169,6143071,66.06,260,4494724,48.33,508,806117,8.67
2022-05-11,62.3,8.63,29.08,58,6712756,72.19,118,6143189,66.06,182,4494906,48.34,464,806581,8.67
2022-05-12,62.29,8.64,29.07,119,6712875,72.19,200,6143389,66.06,277,4495183,48.34,665,807246,8.68
2022-05-13,62.28,8.65,29.07,11,6712886,72.19,43,6143432,66.06,71,4495254,48.34,110,807356,8.68
2022-05-14,62.26,8.66,29.07,6,6712892,72.19,12,6143444,66.06,11,4495265,48.34,23,807379,8.68
2022-05-15,62.26,8.67,29.07,89,6712981,72.19,175,6143619,66.07,246,4495511,48.34,665,808044,8.69
2022-05-16,62.19,8.65,29.16,68,6713049,72.19,141,6143760,66.07,230,4495741,48.34,508,808552,8.69
2022-05-17,62.18,8.66,29.16,73,6713122,72.19,153,6143913,66.07,269,4496010,48.35,617,809169,8.7
2022-05-18,62.17,8.67,29.16,43,6713165,72.19,99,6144012,66.07,169,4496179,48.35,445,809614,8.71
2022-05-19,62.16,8.68,29.16,64,6713229,72.19,170,6144182,66.07,212,4496391,48.35,499,810113,8.71
2022-05-20,62.15,8.69,29.16,75,6713304,72.19,114,6144296,66.07,130,4496521,48.35,138,810251,8.71
2022-05-21,62.14,8.7,29.16,4,6713308,72.19,7,6144303,66.07,14,4496535,48.35,18,810269,8.71
2022-05-22,62.14,8.71,29.16,87,6713395,72.19,188,6144491,66.07,216,4496751,48.36,426,810695,8.72
2022-05-23,62.14,8.71,29.16,64,6713459,72.19,120,6144611,66.08,156,4496907,48.36,346,811041,8.72
2022-05-24,62.13,8.71,29.15,43,6713502,72.19,119,6144730,66.08,156,4497063,48.36,394,811435,8.73
2022-05-25,62.12,8.72,29.15,61,6713563,72.19,103,6144833,66.08,166,4497229,48.36,337,811772,8.73
2022-05-26,62.11,8.73,29.16,72,6713635,72.2,136,6144969,66.08,186,4497415,48.36,348,812120,8.73
2022-05-27,62.1,8.74,29.16,12,6713647,72.2,29,6144998,66.08,43,4497458,48.36,59,812179,8.73
2022-05-28,62.09,8.75,29.16,2,6713649,72.2,5,6145003,66.08,8,4497466,48.36,12,812191,8.73
2022-05-29,62.09,8.75,29.16,89,6713738,72.2,152,6145155,66.08,163,4497629,48.37,315,812506,8.74
2022-05-30,62.09,8.76,29.16,56,6713794,72.2,133,6145288,66.08,125,4497754,48.37,291,812797,8.74
2022-05-31,62.07,8.78,29.15,45,6713839,72.2,104,6145392,66.08,153,4497907,48.37,351,813148,8.74
2022-06-01,61.95,8.9,29.16,63,6713902,72.2,90,6145482,66.09,117,4498024,48.37,276,813424,8.75
2022-06-02,45.96,24.88,29.15,77,6713979,72.2,156,6145638,66.09,177,4498201,48.37,255,813679,8.75
2022-06-03,45.9,24.95,29.16,10,6713989,72.2,23,6145661,66.09,21,4498222,48.37,33,813712,8.75
2022-06-04,45.84,25,29.16,0,6713989,72.2,7,6145668,66.09,8,4498230,48.37,5,813717,8.75
2022-06-05,45.8,25.05,29.16,11,6714000,72.2,14,6145682,66.09,7,4498237,48.37,2,813719,8.75
2022-06-06,39.96,30.89,29.16,58,6714058,72.2,144,6145826,66.09,162,4498399,48.37,261,813980,8.75
2022-06-07,39.92,30.93,29.15,54,6714112,72.2,134,6145960,66.09,142,4498541,48.38,377,814357,8.76
2022-06-08,39.89,30.96,29.15,57,6714169,72.2,104,6146064,66.09,131,4498672,48.38,497,814854,8.76
2022-06-09,39.86,30.99,29.15,84,6714253,72.2,207,6146271,66.09,234,4498906,48.38,641,815495,8.77
2022-06-10,39.83,31.02,29.15,14,6714267,72.2,51,6146322,66.09,59,4498965,48.38,141,815636,8.77
2022-06-11,39.8,31.05,29.15,0,6714267,72.2,3,6146325,66.09,7,4498972,48.38,19,815655,8.77
2022-06-12,39.8,31.05,29.15,109,6714376,72.2,199,6146524,66.1,191,4499163,48.38,767,816422,8.78
2022-06-13,39.81,31.04,29.15,84,6714460,72.2,142,6146666,66.1,168,4499331,48.38,625,817047,8.79
2022-06-14,39.79,31.06,29.15,116,6714576,72.21,173,6146839,66.1,208,4499539,48.39,759,817806,8.79
2022-06-15,39.78,31.08,29.15,71,6714647,72.21,141,6146980,66.1,207,4499746,48.39,699,818505,8.8
2022-06-16,39.74,31.11,29.14,94,6714741,72.21,136,6147116,66.1,218,4499964,48.39,742,819247,8.81
2022-06-17,39.72,31.14,29.15,16,6714757,72.21,63,6147179,66.1,53,4500017,48.39,124,819371,8.81
2022-06-18,39.68,31.17,29.14,3,6714760,72.21,4,6147183,66.1,11,4500028,48.39,15,819386,8.81
2022-06-19,39.53,31.33,29.15,115,6714875,72.21,207,6147390,66.11,318,4500346,48.39,877,820263,8.82
2022-06-20,33.92,36.85,29.23,99,6714974,72.21,152,6147542,66.11,307,4500653,48.4,922,821185,8.83
2022-06-21,33.58,37.19,29.23,94,6715068,72.21,154,6147696,66.11,375,4501028,48.4,1229,822414,8.84
2022-06-22,33.28,37.49,29.23,110,6715178,72.21,135,6147831,66.11,339,4501367,48.41,894,823308,8.85
2022-06-23,32.84,37.92,29.23,133,6715311,72.21,217,6148048,66.11,524,4501891,48.41,1146,824454,8.87
2022-06-24,32.43,38.34,29.24,19,6715330,72.21,35,6148083,66.11,110,4502001,48.41,207,824661,8.87
2022-06-25,32.04,38.72,29.24,1,6715331,72.21,3,6148086,66.11,12,4502013,48.41,16,824677,8.87
2022-06-26,31.63,39.13,29.24,107,6715438,72.21,158,6148244,66.12,379,4502392,48.42,933,825610,8.88
2022-06-27,31.29,39.47,29.24,86,6715524,72.22,172,6148416,66.12,392,4502784,48.42,1028,826638,8.89
2022-06-28,30.86,39.91,29.24,84,6715608,72.22,151,6148567,66.12,364,4503148,48.42,932,827570,8.9
2022-06-29,30.48,40.28,29.24,76,6715684,72.22,106,6148673,66.12,265,4503413,48.43,816,828386,8.91
2022-06-30,30.05,40.71,29.24,86,6715770,72.22,165,6148838,66.12,356,4503769,48.43,1057,829443,8.92
2022-07-01,29.62,41.14,29.24,22,6715792,72.22,28,6148866,66.12,55,4503824,48.43,80,829523,8.92
2022-07-02,29.2,41.56,29.24,1,6715793,72.22,2,6148868,66.12,8,4503832,48.43,18,829541,8.92
2022-07-03,28.81,41.95,29.24,100,6715893,72.22,177,6149045,66.12,322,4504154,48.44,637,830178,8.93
2022-07-04,28.5,42.26,29.24,76,6715969,72.22,140,6149185,66.13,278,4504432,48.44,749,830927,8.94
2022-07-05,28.06,42.7,29.24,59,6716028,72.22,142,6149327,66.13,302,4504734,48.44,688,831615,8.94
2022-07-06,27.39,43.37,29.24,78,6716106,72.22,124,6149451,66.13,211,4504945,48.44,645,832260,8.95
2022-07-07,26.48,44.28,29.24,82,6716188,72.22,164,6149615,66.13,267,4505212,48.45,721,832981,8.96
2022-07-08,25.47,45.29,29.24,17,6716205,72.22,33,6149648,66.13,69,4505281,48.45,131,833112,8.96
2022-07-09,24.42,46.34,29.24,0,6716205,72.22,1,6149649,66.13,2,4505283,48.45,2,833114,8.96
2022-07-10,23.77,46.99,29.24,90,6716295,72.22,164,6149813,66.13,229,4505512,48.45,470,833584,8.96
2022-07-11,23.22,47.54,29.24,64,6716359,72.22,142,6149955,66.13,248,4505760,48.45,575,834159,8.97
2022-07-12,22.13,48.63,29.24,69,6716428,72.23,128,6150083,66.14,207,4505967,48.45,557,834716,8.98
2022-07-13,21.1,49.66,29.24,43,6716471,72.23,101,6150184,66.14,164,4506131,48.46,488,835204,8.98
2022-07-14,20.12,50.63,29.24,69,6716540,72.23,147,6150331,66.14,209,4506340,48.46,512,835716,8.99
2022-07-15,19.27,51.48,29.25,64,6716604,72.23,88,6150419,66.14,127,4506467,48.46,166,835882,8.99
2022-07-16,18.29,52.46,29.25,0,6716604,72.23,6,6150425,66.14,7,4506474,48.46,8,835890,8.99
2022-07-17,17.83,52.92,29.25,76,6716680,72.23,183,6150608,66.14,241,4506715,48.46,468,836358,8.99
2022-07-18,17.48,53.26,29.26,62,6716742,72.23,158,6150766,66.14,207,4506922,48.47,511,836869,9
2022-07-19,16.77,53.97,29.26,61,6716803,72.23,147,6150913,66.14,174,4507096,48.47,368,837237,9
2022-07-20,16.09,54.64,29.26,52,6716855,72.23,133,6151046,66.15,137,4507233,48.47,423,837660,9.01
2022-07-21,15.43,55.3,29.27,61,6716916,72.23,158,6151204,66.15,176,4507409,48.47,341,838001,9.01
2022-07-22,14.64,56.08,29.28,10,6716926,72.23,36,6151240,66.15,43,4507452,48.47,56,838057,9.01
2022-07-23,14.17,56.55,29.28,0,6716926,72.23,4,6151244,66.15,4,4507456,48.47,9,838066,9.01
2022-07-24,13.55,57.16,29.29,58,6716984,72.23,128,6151372,66.15,196,4507652,48.47,364,838430,9.02
2022-07-25,13.09,57.61,29.3,48,6717032,72.23,107,6151479,66.15,172,4507824,48.47,336,838766,9.02
2022-07-26,12.46,58.23,29.3,47,6717079,72.23,99,6151578,66.15,111,4507935,48.48,270,839036,9.02
2022-07-27,11.89,58.8,29.31,43,6717122,72.23,125,6151703,66.15,132,4508067,48.48,243,839279,9.03
2022-07-28,11.35,59.34,29.31,62,6717184,72.23,142,6151845,66.15,147,4508214,48.48,220,839499,9.03
2022-07-29,10.85,59.83,29.32,10,6717194,72.23,25,6151870,66.15,27,4508241,48.48,31,839530,9.03
2022-07-30,10.34,60.33,29.33,0,6717194,72.23,0,6151870,66.15,1,4508242,48.48,1,839531,9.03
2022-07-31,9.97,60.7,29.33,56,6717250,72.23,134,6152004,66.16,131,4508373,48.48,252,839783,9.03
2022-08-01,9.47,61.19,29.34,54,6717304,72.23,76,6152080,66.16,89,4508462,48.48,152,839935,9.03
2022-08-02,8.92,61.73,29.35,111,6717415,72.24,119,6152199,66.16,157,4508619,48.48,264,840199,9.04
2022-08-03,8.46,62.19,29.35,76,6717491,72.24,71,6152270,66.16,92,4508711,48.48,178,840377,9.04
2022-08-04,8.04,62.61,29.36,133,6717624,72.24,133,6152403,66.16,111,4508822,48.49,246,840623,9.04
2022-08-05,7.71,62.93,29.36,30,6717654,72.24,23,6152426,66.16,13,4508835,48.49,24,840647,9.04
2022-08-06,7.32,63.32,29.36,1,6717655,72.24,2,6152428,66.16,1,4508836,48.49,5,840652,9.04
2022-08-07,6.92,63.71,29.37,89,6717744,72.24,97,6152525,66.16,69,4508905,48.49,169,840821,9.04
2022-08-08,6.74,63.89,29.37,76,6717820,72.24,95,6152620,66.16,122,4509027,48.49,172,840993,9.04
2022-08-09,6.25,64.37,29.38,96,6717916,72.24,88,6152708,66.16,99,4509126,48.49,213,841206,9.05
2022-08-10,5.91,64.71,29.38,77,6717993,72.24,58,6152766,66.16,76,4509202,48.49,115,841321,9.05
2022-08-11,5.59,65.03,29.38,54,6718047,72.24,101,6152867,66.16,91,4509293,48.49,155,841476,9.05
2022-08-12,5.35,65.27,29.38,8,6718055,72.24,12,6152879,66.16,18,4509311,48.49,29,841505,9.05
2022-08-13,5.1,65.52,29.38,0,6718055,72.24,2,6152881,66.16,2,4509313,48.49,3,841508,9.05
2022-08-14,4.87,65.75,29.39,74,6718129,72.24,75,6152956,66.17,82,4509395,48.49,150,841658,9.05
2022-08-15,4.74,65.87,29.39,68,6718197,72.24,81,6153037,66.17,93,4509488,48.49,143,841801,9.05
2022-08-16,4.46,66.15,29.39,82,6718279,72.25,84,6153121,66.17,84,4509572,48.49,187,841988,9.05
2022-08-17,4.16,66.44,29.39,48,6718327,72.25,55,6153176,66.17,36,4509608,48.49,114,842102,9.06
2022-08-18,3.98,66.63,29.39,68,6718395,72.25,93,6153269,66.17,120,4509728,48.5,173,842275,9.06
2022-08-19,3.83,66.78,29.39,77,6718472,72.25,67,6153336,66.17,56,4509784,48.5,38,842313,9.06
2022-08-20,3.67,66.94,29.39,1,6718473,72.25,1,6153337,66.17,3,4509787,48.5,3,842316,9.06
2022-08-21,3.52,67.08,29.4,51,6718524,72.25,85,6153422,66.17,84,4509871,48.5,197,842513,9.06
2022-08-22,3.44,67.16,29.4,89,6718613,72.25,74,6153496,66.17,103,4509974,48.5,143,842656,9.06
2022-08-23,3.27,67.33,29.4,72,6718685,72.25,106,6153602,66.17,84,4510058,48.5,180,842836,9.06
2022-08-24,3.15,67.46,29.4,38,6718723,72.25,80,6153682,66.17,49,4510107,48.5,133,842969,9.06
2022-08-25,3.03,67.57,29.4,53,6718776,72.25,75,6153757,66.17,97,4510204,48.5,193,843162,9.07
2022-08-26,2.94,67.66,29.4,4,6718780,72.25,15,6153772,66.17,9,4510213,48.5,14,843176,9.07
2022-08-27,2.84,67.76,29.4,0,6718780,72.25,0,6153772,66.17,0,4510213,48.5,0,843176,9.07
2022-08-28,2.75,67.85,29.4,55,6718835,72.25,80,6153852,66.18,85,4510298,48.5,102,843278,9.07
2022-08-29,2.69,67.91,29.4,48,6718883,72.25,68,6153920,66.18,89,4510387,48.5,107,843385,9.07
2022-08-30,2.6,68,29.4,85,6718968,72.25,112,6154032,66.18,85,4510472,48.5,130,843515,9.07
2022-08-31,2.53,68.07,29.4,42,6719010,72.25,88,6154120,66.18,70,4510542,48.5,95,843610,9.07
2022-09-01,2.46,68.14,29.4,29,6719039,72.25,84,6154204,66.18,58,4510600,48.5,113,843723,9.07
2022-09-02,2.4,68.2,29.4,6,6719045,72.25,20,6154224,66.18,13,4510613,48.5,10,843733,9.07
2022-09-03,2.33,68.27,29.4,2,6719047,72.25,0,6154224,66.18,3,4510616,48.5,1,843734,9.07
2022-09-04,2.27,68.32,29.4,64,6719111,72.25,133,6154357,66.18,80,4510696,48.51,121,843855,9.07
2022-09-05,2.23,68.37,29.4,44,6719155,72.25,77,6154434,66.18,58,4510754,48.51,90,843945,9.08
2022-09-06,2.17,68.42,29.4,60,6719215,72.26,104,6154538,66.18,78,4510832,48.51,130,844075,9.08
2022-09-07,2.12,68.47,29.4,27,6719242,72.26,63,6154601,66.18,53,4510885,48.51,94,844169,9.08
2022-09-08,2.07,68.53,29.4,50,6719292,72.26,101,6154702,66.18,70,4510955,48.51,77,844246,9.08
2022-09-09,2.03,68.57,29.4,10,6719302,72.26,21,6154723,66.18,16,4510971,48.51,17,844263,9.08
2022-09-10,1.97,68.62,29.4,0,6719302,72.26,0,6154723,66.18,5,4510976,48.51,2,844265,9.08
2022-09-11,1.92,68.67,29.41,39,6719341,72.26,117,6154840,66.19,78,4511054,48.51,116,844381,9.08
2022-09-12,1.88,68.71,29.41,24,6719365,72.26,72,6154912,66.19,52,4511106,48.51,68,844449,9.08
2022-09-13,1.82,68.77,29.41,44,6719409,72.26,112,6155024,66.19,54,4511160,48.51,103,844552,9.08
2022-09-14,1.78,68.82,29.41,21,6719430,72.26,64,6155088,66.19,53,4511213,48.51,62,844614,9.08
2022-09-15,1.73,68.86,29.41,32,6719462,72.26,77,6155165,66.19,63,4511276,48.51,107,844721,9.08
2022-09-16,1.7,68.89,29.41,48,6719510,72.26,52,6155217,66.19,27,4511303,48.51,28,844749,9.08
2022-09-17,1.66,68.93,29.41,3,6719513,72.26,0,6155217,66.19,1,4511304,48.51,0,844749,9.08
2022-09-18,1.63,68.96,29.41,28,6719541,72.26,66,6155283,66.19,52,4511356,48.51,114,844863,9.09
2022-09-19,1.61,68.98,29.41,27,6719568,72.26,74,6155357,66.19,44,4511400,48.51,57,844920,9.09
2022-09-20,1.56,69.03,29.41,41,6719609,72.26,93,6155450,66.19,75,4511475,48.51,102,845022,9.09
2022-09-21,1.55,69.05,29.41,22,6719631,72.26,54,6155504,66.19,29,4511504,48.51,56,845078,9.09
2022-09-22,1.52,69.07,29.4,40,6719671,72.26,56,6155560,66.19,27,4511531,48.51,41,845119,9.09
2022-09-23,1.5,69.1,29.41,6,6719677,72.26,11,6155571,66.19,4,4511535,48.51,1,845120,9.09
2022-09-24,1.47,69.13,29.41,0,6719677,72.26,0,6155571,66.19,0,4511535,48.51,0,845120,9.09
2022-09-25,1.46,69.13,29.41,5,6719682,72.26,20,6155591,66.19,10,4511545,48.51,27,845147,9.09
2022-09-26,1.46,69.13,29.41,0,6719682,72.26,5,6155596,66.19,2,4511547,48.52,2,845149,9.09
2022-09-27,1.42,69.17,29.41,2,6719684,72.26,0,6155596,66.19,3,4511550,48.52,3,845152,9.09
2022-09-28,1.39,69.21,29.41,24,6719708,72.26,36,6155632,66.19,25,4511575,48.52,16,845168,9.09
2022-09-29,1.37,69.22,29.41,32,6719740,72.26,61,6155693,66.2,13,4511588,48.52,48,845216,9.09
2022-09-30,1.35,69.24,29.41,3,6719743,72.26,12,6155705,66.2,2,4511590,48.52,0,845216,9.09
2022-10-01,1.31,69.29,29.41,0,6719743,72.26,1,6155706,66.2,1,4511591,48.52,1,845217,9.09
2022-10-02,1.31,69.29,29.41,22,6719765,72.26,51,6155757,66.2,20,4511611,48.52,73,845290,9.09
2022-10-03,1.31,69.28,29.4,23,6719788,72.26,29,6155786,66.2,13,4511624,48.52,12,845302,9.09
2022-10-04,1.27,69.32,29.4,7,6719795,72.26,10,6155796,66.2,0,4511624,48.52,1,845303,9.09
2022-10-05,1.28,69.31,29.4,0,6719795,72.26,0,6155796,66.2,0,4511624,48.52,0,845303,9.09
2022-10-06,1.31,69.28,29.4,17,6719812,72.26,43,6155839,66.2,10,4511634,48.52,20,845323,9.09
2022-10-07,1.3,69.29,29.41,3,6719815,72.26,3,6155842,66.2,3,4511637,48.52,0,845323,9.09
2022-10-08,1.26,69.33,29.41,1,6719816,72.26,1,6155843,66.2,0,4511637,48.52,1,845324,9.09
2022-10-09,1.31,69.28,29.41,7,6719823,72.26,22,6155865,66.2,6,4511643,48.52,5,845329,9.09
2022-10-10,1.38,69.22,29.4,5,6719828,72.26,2,6155867,66.2,0,4511643,48.52,0,845329,9.09
2022-10-11,1.36,69.24,29.4,12,6719840,72.26,32,6155899,66.2,1,4511644,48.52,32,845361,9.09
2022-10-12,1.34,69.26,29.4,13,6719853,72.26,24,6155923,66.2,5,4511649,48.52,4,845365,9.09
2022-10-13,1.4,69.2,29.4,17,6719870,72.26,16,6155939,66.2,5,4511654,48.52,9,845374,9.09
2022-10-14,1.4,69.2,29.4,6,6719876,72.26,7,6155946,66.2,4,4511658,48.52,3,845377,9.09
2022-10-15,1.38,69.22,29.4,0,6719876,72.26,0,6155946,66.2,0,4511658,48.52,1,845378,9.09
2022-10-16,1.39,69.2,29.4,4,6719880,72.26,13,6155959,66.2,5,4511663,48.52,8,845386,9.09
2022-10-17,1.39,69.2,29.4,1,6719881,72.26,1,6155960,66.2,1,4511664,48.52,0,845386,9.09
2022-10-18,1.43,69.17,29.4,24,6719905,72.26,31,6155991,66.2,14,4511678,48.52,16,845402,9.09
2022-10-19,1.47,69.12,29.4,18,6719923,72.26,25,6156016,66.2,7,4511685,48.52,3,845405,9.09
2022-10-20,1.5,69.1,29.4,25,6719948,72.26,44,6156060,66.2,12,4511697,48.52,4,845409,9.09
2022-10-21,1.5,69.09,29.4,4,6719952,72.26,7,6156067,66.2,2,4511699,48.52,2,845411,9.09
2022-10-22,1.49,69.1,29.4,0,6719952,72.26,0,6156067,66.2,0,4511699,48.52,0,845411,9.09
2022-10-23,1.51,69.08,29.4,15,6719967,72.26,33,6156100,66.2,18,4511717,48.52,10,845421,9.09
2022-10-24,1.51,69.08,29.41,20,6719987,72.26,16,6156116,66.2,19,4511736,48.52,9,845430,9.09
2022-10-25,1.55,69.04,29.4,18,6720005,72.26,34,6156150,66.2,22,4511758,48.52,21,845451,9.09
2022-10-26,1.61,68.99,29.4,18,6720023,72.26,25,6156175,66.2,8,4511766,48.52,9,845460,9.09
2022-10-27,1.67,68.93,29.4,18,6720041,72.26,26,6156201,66.2,14,4511780,48.52,16,845476,9.09
2022-10-28,1.67,68.93,29.4,43,6720084,72.26,47,6156248,66.2,31,4511811,48.52,18,845494,9.09
2022-10-29,1.66,68.94,29.4,0,6720084,72.26,0,6156248,66.2,0,4511811,48.52,0,845494,9.09
2022-10-30,1.71,68.89,29.4,15,6720099,72.26,23,6156271,66.2,15,4511826,48.52,9,845503,9.09
2022-10-31,1.76,68.84,29.4,17,6720116,72.26,16,6156287,66.2,8,4511834,48.52,9,845512,9.09
2022-11-01,1.82,68.78,29.4,2,6720118,72.26,1,6156288,66.2,1,4511835,48.52,0,845512,9.09
2022-11-02,1.88,68.72,29.4,13,6720131,72.27,13,6156301,66.2,7,4511842,48.52,8,845520,9.09
2022-11-03,1.96,68.64,29.4,16,6720147,72.27,18,6156319,66.2,11,4511853,48.52,8,845528,9.09
2022-11-04,1.98,68.63,29.4,4,6720151,72.27,6,6156325,66.2,1,4511854,48.52,2,845530,9.09
2022-11-05,1.97,68.63,29.4,0,6720151,72.27,0,6156325,66.2,0,4511854,48.52,0,845530,9.09
2022-11-06,2.03,68.57,29.4,24,6720175,72.27,30,6156355,66.2,11,4511865,48.52,23,845553,9.09
2022-11-07,2.1,68.51,29.4,15,6720190,72.27,11,6156366,66.2,10,4511875,48.52,54,845607,9.09
2022-11-08,2.1,68.5,29.4,28,6720218,72.27,26,6156392,66.2,14,4511889,48.52,9,845616,9.09
2022-11-09,2.16,68.45,29.4,16,6720234,72.27,20,6156412,66.2,17,4511906,48.52,9,845625,9.09
2022-11-10,2.22,68.39,29.4,26,6720260,72.27,14,6156426,66.2,11,4511917,48.52,4,845629,9.09
2022-11-11,2.23,68.37,29.4,1,6720261,72.27,17,6156443,66.2,2,4511919,48.52,1,845630,9.09
2022-11-12,2.22,68.38,29.4,1,6720262,72.27,0,6156443,66.2,1,4511920,48.52,0,845630,9.09
2022-11-13,2.29,68.31,29.4,24,6720286,72.27,27,6156470,66.2,17,4511937,48.52,8,845638,9.09
2022-11-14,2.37,68.23,29.4,20,6720306,72.27,17,6156487,66.2,21,4511958,48.52,16,845654,9.09
2022-11-15,2.43,68.17,29.4,39,6720345,72.27,26,6156513,66.2,15,4511973,48.52,17,845671,9.09
2022-11-16,2.5,68.1,29.4,14,6720359,72.27,26,6156539,66.2,16,4511989,48.52,11,845682,9.09
2022-11-17,2.59,68.02,29.4,19,6720378,72.27,31,6156570,66.2,18,4512007,48.52,4,845686,9.09
2022-11-18,2.61,67.99,29.4,6,6720384,72.27,4,6156574,66.2,4,4512011,48.52,0,845686,9.09
2022-11-19,2.6,68,29.4,0,6720384,72.27,0,6156574,66.2,0,4512011,48.52,0,845686,9.09
2022-11-20,2.67,67.93,29.4,19,6720403,72.27,19,6156593,66.2,6,4512017,48.52,13,845699,9.09
2022-11-21,2.76,67.85,29.4,15,6720418,72.27,12,6156605,66.21,6,4512023,48.52,6,845705,9.09
2022-11-22,2.83,67.77,29.4,25,6720443,72.27,13,6156618,66.21,17,4512040,48.52,6,845711,9.09
2022-11-23,2.9,67.7,29.4,17,6720460,72.27,20,6156638,66.21,4,4512044,48.52,8,845719,9.09
2022-11-24,2.98,67.62,29.4,9,6720469,72.27,16,6156654,66.21,13,4512057,48.52,27,845746,9.09
2022-11-25,3,67.6,29.4,17,6720486,72.27,30,6156684,66.21,14,4512071,48.52,12,845758,9.09
2022-11-26,3,67.61,29.4,0,6720486,72.27,2,6156686,66.21,0,4512071,48.52,0,845758,9.09
2022-11-27,3.06,67.54,29.4,14,6720500,72.27,14,6156700,66.21,19,4512090,48.52,2,845760,9.09
2022-11-28,3.14,67.47,29.4,8,6720508,72.27,23,6156723,66.21,8,4512098,48.52,6,845766,9.1
2022-11-29,3.2,67.4,29.4,39,6720547,72.27,31,6156754,66.21,17,4512115,48.52,14,845780,9.1
2022-11-30,3.27,67.34,29.39,12,6720559,72.27,25,6156779,66.21,20,4512135,48.52,8,845788,9.1
2022-12-01,3.34,67.26,29.39,13,6720572,72.27,16,6156795,66.21,15,4512150,48.52,4,845792,9.1
2022-12-02,3.36,67.24,29.39,2,6720574,72.27,7,6156802,66.21,4,4512154,48.52,10,845802,9.1
2022-12-03,3.36,67.24,29.39,0,6720574,72.27,0,6156802,66.21,0,4512154,48.52,1,845803,9.1
2022-12-04,3.42,67.18,29.39,25,6720599,72.27,23,6156825,66.21,29,4512183,48.52,23,845826,9.1
2022-12-05,3.48,67.12,29.4,9,6720608,72.27,17,6156842,66.21,11,4512194,48.52,18,845844,9.1
2022-12-06,3.55,67.05,29.39,32,6720640,72.27,24,6156866,66.21,27,4512221,48.52,9,845853,9.1
2022-12-07,3.62,66.99,29.39,10,6720650,72.27,17,6156883,66.21,8,4512229,48.52,7,845860,9.1
2022-12-08,3.69,66.91,29.39,18,6720668,72.27,26,6156909,66.21,15,4512244,48.52,2,845862,9.1
2022-12-09,3.71,66.9,29.39,4,6720672,72.27,1,6156910,66.21,1,4512245,48.52,7,845869,9.1
2022-12-10,3.7,66.91,29.39,1,6720673,72.27,0,6156910,66.21,2,4512247,48.52,0,845869,9.1
2022-12-11,3.76,66.84,29.39,13,6720686,72.27,18,6156928,66.21,14,4512261,48.52,3,845872,9.1
2022-12-12,3.82,66.78,29.39,14,6720700,72.27,11,6156939,66.21,4,4512265,48.52,0,845872,9.1
2022-12-13,3.87,66.73,29.39,0,6720700,72.27,0,6156939,66.21,0,4512265,48.52,0,845872,9.1
