Date,Valid vaccinated pop. perc.,Expired vaccinated pop. perc.,Not vaccinated pop. perc.,Vaccinated (daily),Vaccinated (cumu),Vaccinated pop. perc.,Second dose (daily),Second dose (cumu),Second dose pop. perc.,Third dose (daily),Third dose (cumu),Third dose pop. perc.,Fourth dose (daily),Fourth dose (cumu),Fourth dose pop. perc.
2020-12-19,0,0,100,46,70,0,0,4,0,0,0,0,0,0,0
2020-12-20,0,0,100,7396,7466,0.08,0,4,0,0,0,0,0,0,0
2020-12-21,0,0,100,24923,32389,0.35,0,4,0,0,0,0,0,0,0
2020-12-22,0,0,100,44668,77057,0.83,0,4,0,0,0,0,0,0,0
2020-12-23,0,0,100,62919,139976,1.51,0,4,0,0,0,0,0,0,0
2020-12-24,0,0,100,73430,213406,2.29,0,4,0,0,0,0,0,0,0
2020-12-25,0,0,100,38517,251923,2.71,0,4,0,0,0,0,0,0,0
2020-12-26,0,0,100,32618,284541,3.06,0,4,0,0,0,0,0,0,0
2020-12-27,0,0,100,104575,389116,4.18,0,4,0,0,0,0,0,0,0
2020-12-28,0,0,100,135041,524157,5.64,0,4,0,0,0,0,0,0,0
2020-12-29,0,0,100,156340,680497,7.32,2,6,0,0,0,0,0,0,0
2020-12-30,0,0,100,153191,833688,8.97,0,6,0,0,0,0,0,0,0
2020-12-31,0,0,100,158601,992289,10.67,0,6,0,0,0,0,0,0,0
2021-01-01,0,0,100,71435,1063724,11.44,0,6,0,0,0,0,0,0,0
2021-01-02,0,0,100,71744,1135468,12.21,0,6,0,0,0,0,0,0,0
2021-01-03,0,0,100,149767,1285235,13.82,0,6,0,0,0,0,0,0,0
2021-01-04,0,0,100,152207,1437442,15.46,1,7,0,0,0,0,0,0,0
2021-01-05,0,0,100,125222,1562664,16.8,4,11,0,0,0,0,0,0,0
2021-01-06,0,0,100,103374,1666038,17.92,2,13,0,0,0,0,0,0,0
2021-01-07,0,0,100,116063,1782101,19.16,9,22,0,0,0,0,0,0,0
2021-01-08,0,0,100,66465,1848566,19.88,5,27,0,0,0,0,0,0,0
2021-01-09,0,0,100,44554,1893120,20.36,24,51,0,0,0,0,0,0,0
2021-01-10,0,0,100,37649,1930769,20.76,6001,6052,0.07,0,0,0,0,0,0
2021-01-11,0,0,100,21176,1951945,20.99,19264,25316,0.27,0,0,0,0,0,0
2021-01-12,0,0,100,24075,1976020,21.25,35674,60990,0.66,0,0,0,0,0,0
2021-01-13,0,0,100,52079,2028099,21.81,56874,117864,1.27,0,0,0,0,0,0
2021-01-14,0,0,100,56480,2084579,22.42,68838,186702,2.01,0,0,0,0,0,0
2021-01-15,0,0,100,30776,2115355,22.75,35942,222644,2.39,0,0,0,0,0,0
2021-01-16,0,0,100,29481,2144836,23.06,26007,248651,2.67,0,0,0,0,0,0
2021-01-17,0.31,0,99.69,68445,2213281,23.8,84598,333249,3.58,0,0,0,0,0,0
2021-01-18,0.58,0,99.42,69820,2283101,24.55,120437,453686,4.88,0,0,0,0,0,0
2021-01-19,1.09,0,98.91,72897,2355998,25.34,137851,591537,6.36,0,0,0,0,0,0
2021-01-20,1.9,0,98.1,76919,2432917,26.16,143768,735305,7.91,0,0,0,0,0,0
2021-01-21,2.88,0,97.12,70009,2502926,26.92,164477,899782,9.68,0,0,0,0,0,0
2021-01-22,3.39,0,96.61,37933,2540859,27.32,71134,970916,10.44,0,0,0,0,0,0
2021-01-23,3.77,0,96.23,39965,2580824,27.75,53596,1024512,11.02,0,0,0,0,0,0
2021-01-24,4.96,0,95.04,69147,2649971,28.5,140711,1165223,12.53,0,0,0,0,0,0
2021-01-25,6.61,0,93.39,80944,2730915,29.37,139522,1304745,14.03,0,0,0,0,0,0
2021-01-26,8.45,0,91.55,78737,2809652,30.21,126446,1431191,15.39,0,0,0,0,0,0
2021-01-27,10.34,0,89.66,77982,2887634,31.05,125073,1556264,16.74,0,0,0,0,0,0
2021-01-28,12.43,0,87.57,79570,2967204,31.91,130632,1686896,18.14,0,0,0,0,0,0
2021-01-29,13.34,0,86.66,36704,3003908,32.3,64794,1751690,18.84,0,0,0,0,0,0
2021-01-30,14.02,0,85.98,34396,3038304,32.67,42767,1794457,19.3,0,0,0,0,0,0
2021-01-31,15.76,0,84.24,73331,3111635,33.46,59503,1853960,19.94,0,0,0,0,0,0
2021-02-01,17.48,0,82.52,82511,3194146,34.35,35357,1889317,20.32,0,0,0,0,0,0
2021-02-02,19.01,0,80.99,70107,3264253,35.1,31074,1920391,20.65,0,0,0,0,0,0
2021-02-03,20.47,0,79.53,60308,3324561,35.75,51445,1971836,21.2,0,0,0,0,0,0
2021-02-04,22,0,78,72640,3397201,36.53,58096,2029932,21.83,0,0,0,0,0,0
2021-02-05,22.75,0,77.25,33947,3431148,36.9,28807,2058739,22.14,0,0,0,0,0,0
2021-02-06,23.23,0,76.77,21622,3452770,37.13,22233,2080972,22.38,0,0,0,0,0,0
2021-02-07,23.99,0,76.01,54081,3506851,37.71,68744,2149716,23.12,0,0,0,0,0,0
2021-02-08,24.52,0,75.48,58644,3565495,38.34,65468,2215184,23.82,0,0,0,0,0,0
2021-02-09,25.04,0,74.96,66360,3631855,39.06,67579,2282763,24.55,0,0,0,0,0,0
2021-02-10,25.77,0,74.23,70571,3702426,39.81,72316,2355079,25.33,0,0,0,0,0,0
2021-02-11,26.61,0,73.39,81175,3783601,40.69,72113,2427192,26.1,0,0,0,0,0,0
2021-02-12,27.02,0,72.98,39111,3822712,41.11,37600,2464792,26.51,0,0,0,0,0,0
2021-02-13,27.33,0,72.67,27465,3850177,41.4,30441,2495233,26.83,0,0,0,0,0,0
2021-02-14,28.25,0,71.75,74917,3925094,42.21,69085,2564318,27.58,0,0,0,0,0,0
2021-02-15,29.17,0,70.83,81548,4006642,43.09,75722,2640040,28.39,0,0,0,0,0,0
2021-02-16,30.11,0,69.89,83423,4090065,43.98,78301,2718341,29.23,0,0,0,0,0,0
2021-02-17,31.01,0,68.99,61984,4152049,44.65,75645,2793986,30.05,0,0,0,0,0,0
2021-02-18,31.94,0,68.06,69159,4221208,45.39,79739,2873725,30.9,0,0,0,0,0,0
2021-02-19,32.45,0,67.55,39676,4260884,45.82,38162,2911887,31.31,0,0,0,0,0,0
2021-02-20,32.85,0,67.15,31651,4292535,46.16,28724,2940611,31.62,0,0,0,0,0,0
2021-02-21,33.8,0,66.2,79436,4371971,47.01,78446,3019057,32.47,0,0,0,0,0,0
2021-02-22,34.83,0,65.17,85056,4457027,47.93,80597,3099654,33.33,0,0,0,0,0,0
2021-02-23,35.84,0,64.16,77332,4534359,48.76,70486,3170140,34.09,0,0,0,0,0,0
2021-02-24,36.76,0,63.24,61067,4595426,49.42,63144,3233284,34.77,0,0,0,0,0,0
2021-02-25,37.66,0,62.34,51730,4647156,49.97,64810,3298094,35.47,0,0,0,0,0,0
2021-02-26,38.1,0,61.9,25913,4673069,50.25,32046,3330140,35.81,0,0,0,0,0,0
2021-02-27,38.42,0,61.58,18353,4691422,50.45,21197,3351337,36.04,0,0,0,0,0,0
2021-02-28,39.24,0,60.76,40365,4731787,50.88,55874,3407211,36.64,0,0,0,0,0,0
2021-03-01,40.1,0,59.9,45751,4777538,51.38,61445,3468656,37.3,0,0,0,0,0,0
2021-03-02,40.85,0,59.15,41202,4818740,51.82,64802,3533458,38,0,0,0,0,0,0
2021-03-03,41.55,0,58.45,42035,4860775,52.27,66794,3600252,38.72,0,0,0,0,0,0
2021-03-04,42.24,0,57.76,39722,4900497,52.7,79126,3679378,39.57,0,0,0,0,0,0
2021-03-05,42.57,0,57.43,17369,4917866,52.88,40471,3719849,40,0,0,0,0,0,0
2021-03-06,42.78,0,57.22,10722,4928588,53,25349,3745198,40.27,0,0,0,0,0,0
2021-03-07,43.36,0,56.64,31156,4959744,53.33,72847,3818045,41.06,0,0,0,0,0,0
2021-03-08,43.97,0,56.03,27387,4987131,53.63,73295,3891340,41.85,0,0,0,0,0,0
2021-03-09,44.62,0,55.38,26756,5013887,53.92,76605,3967945,42.67,0,0,0,0,0,0
2021-03-10,45.27,0,54.73,23373,5037260,54.17,58685,4026630,43.3,0,0,0,0,0,0
2021-03-11,45.99,0,54.01,23307,5060567,54.42,69098,4095728,44.04,0,0,0,0,0,0
2021-03-12,46.34,0,53.66,11296,5071863,54.54,41418,4137146,44.49,0,0,0,0,0,0
2021-03-13,46.57,0,53.43,7954,5079817,54.63,25239,4162385,44.76,0,0,0,0,0,0
2021-03-14,47.2,0,52.8,20991,5100808,54.85,73936,4236321,45.56,0,0,0,0,0,0
2021-03-15,47.81,0,52.19,20152,5120960,55.07,78281,4314602,46.4,0,0,0,0,0,0
2021-03-16,48.43,0,51.57,18759,5139719,55.27,71481,4386083,47.17,0,0,0,0,0,0
2021-03-17,48.92,0,51.08,17705,5157424,55.46,59010,4445093,47.8,0,0,0,0,0,0
2021-03-18,49.45,0,50.55,16050,5173474,55.63,58126,4503219,48.43,0,0,0,0,0,0
2021-03-19,49.75,0,50.25,6957,5180431,55.71,27981,4531200,48.73,0,0,0,0,0,0
2021-03-20,49.93,0,50.07,5227,5185658,55.76,15302,4546502,48.89,0,0,0,0,0,0
2021-03-21,50.46,0,49.54,13172,5198830,55.91,40511,4587013,49.33,0,0,0,0,0,0
2021-03-22,51,0,49,13583,5212413,56.05,40542,4627555,49.76,0,0,0,0,0,0
2021-03-23,51.43,0,48.57,2846,5215259,56.08,7303,4634858,49.84,0,0,0,0,0,0
2021-03-24,51.84,0,48.16,11006,5226265,56.2,46560,4681418,50.34,0,0,0,0,0,0
2021-03-25,52.22,0,47.78,10273,5236538,56.31,35440,4716858,50.72,0,0,0,0,0,0
2021-03-26,52.4,0,47.6,4186,5240724,56.36,13334,4730192,50.87,0,0,0,0,0,0
2021-03-27,52.5,0,47.5,1787,5242511,56.38,4269,4734461,50.91,0,0,0,0,0,0
2021-03-28,52.74,0,47.26,2114,5244625,56.4,4611,4739072,50.96,0,0,0,0,0,0
2021-03-29,53,0,47,6918,5251543,56.47,30017,4769089,51.28,0,0,0,0,0,0
2021-03-30,53.08,0,46.92,7897,5259440,56.56,22454,4791543,51.53,0,0,0,0,0,0
2021-03-31,53.38,0,46.62,8154,5267594,56.65,19502,4811045,51.74,0,0,0,0,0,0
2021-04-01,53.62,0,46.38,8222,5275816,56.73,18703,4829748,51.94,0,0,0,0,0,0
2021-04-02,53.71,0,46.29,2946,5278762,56.77,8131,4837879,52.02,0,0,0,0,0,0
2021-04-03,53.74,0,46.26,1432,5280194,56.78,2983,4840862,52.06,0,0,0,0,0,0
2021-04-04,53.82,0,46.18,9618,5289812,56.88,22832,4863694,52.3,0,0,0,0,0,0
2021-04-05,54.04,0,45.96,10364,5300176,57,21278,4884972,52.53,0,0,0,0,0,0
2021-04-06,54.21,0,45.79,9035,5309211,57.09,16794,4901766,52.71,0,0,0,0,0,0
2021-04-07,54.36,0,45.64,8934,5318145,57.19,15314,4917080,52.88,0,0,0,0,0,0
2021-04-08,54.52,0,45.48,9431,5327576,57.29,17017,4934097,53.06,0,0,0,0,0,0
2021-04-09,54.58,0,45.42,3609,5331185,57.33,6259,4940356,53.13,0,0,0,0,0,0
2021-04-10,54.61,0,45.39,1636,5332821,57.35,3522,4943878,53.16,0,0,0,0,0,0
2021-04-11,54.78,0,45.22,9045,5341866,57.44,14249,4958127,53.32,0,0,0,0,0,0
2021-04-12,54.95,0,45.05,8936,5350802,57.54,13236,4971363,53.46,0,0,0,0,0,0
2021-04-13,55.08,0,44.92,5841,5356643,57.6,4960,4976323,53.51,0,0,0,0,0,0
2021-04-14,55.18,0,44.82,3650,5360293,57.64,5311,4981634,53.57,0,0,0,0,0,0
2021-04-15,55.27,0,44.73,698,5360991,57.65,582,4982216,53.58,0,0,0,0,0,0
2021-04-16,55.33,0,44.67,3419,5364410,57.69,6652,4988868,53.65,0,0,0,0,0,0
2021-04-17,55.35,0,44.65,822,5365232,57.7,1973,4990841,53.67,0,0,0,0,0,0
2021-04-18,55.47,0,44.53,7099,5372331,57.77,7433,4998274,53.75,0,0,0,0,0,0
2021-04-19,55.58,0,44.42,6407,5378738,57.84,7134,5005408,53.83,0,0,0,0,0,0
2021-04-20,55.65,0,44.35,6287,5385025,57.91,6889,5012297,53.9,0,0,0,0,0,0
2021-04-21,55.71,0,44.29,6381,5391406,57.98,7112,5019409,53.98,0,0,0,0,0,0
2021-04-22,55.75,0,44.25,5952,5397358,58.04,7691,5027100,54.06,0,0,0,0,0,0
2021-04-23,55.8,0,44.2,2768,5400126,58.07,3391,5030491,54.1,0,0,0,0,0,0
2021-04-24,55.82,0,44.18,768,5400894,58.08,1290,5031781,54.11,0,0,0,0,0,0
2021-04-25,55.89,0,44.11,4829,5405723,58.13,6925,5038706,54.18,0,0,0,0,0,0
2021-04-26,55.96,0,44.04,5479,5411202,58.19,7889,5046595,54.27,0,0,0,0,0,0
2021-04-27,56.03,0,43.97,4507,5415709,58.24,6627,5053222,54.34,0,0,0,0,0,0
2021-04-28,56.09,0,43.91,4501,5420210,58.29,7336,5060558,54.42,0,0,0,0,0,0
2021-04-29,56.16,0,43.84,4378,5424588,58.33,7296,5067854,54.5,0,0,0,0,0,0
2021-04-30,56.19,0,43.81,1925,5426513,58.35,3202,5071056,54.53,0,0,0,0,0,0
2021-05-01,56.2,0,43.8,458,5426971,58.36,895,5071951,54.54,0,0,0,0,0,0
2021-05-02,56.26,0,43.74,3225,5430196,58.39,6092,5078043,54.61,0,0,0,0,0,0
2021-05-03,56.32,0,43.68,3535,5433731,58.43,5835,5083878,54.67,0,0,0,0,0,0
2021-05-04,56.38,0,43.62,3593,5437324,58.47,4737,5088615,54.72,0,0,0,0,0,0
2021-05-05,56.44,0,43.56,3292,5440616,58.51,4093,5092708,54.76,0,0,0,0,0,0
2021-05-06,56.5,0,43.5,3645,5444261,58.54,3144,5095852,54.8,0,0,0,0,0,0
2021-05-07,56.52,0,43.48,1847,5446108,58.56,2509,5098361,54.83,0,0,0,0,0,0
2021-05-08,56.53,0,43.47,244,5446352,58.57,507,5098868,54.83,0,0,0,0,0,0
2021-05-09,56.58,0,43.42,2851,5449203,58.6,4751,5103619,54.88,0,0,0,0,0,0
2021-05-10,56.63,0,43.37,2897,5452100,58.63,4715,5108334,54.93,0,0,0,0,0,0
2021-05-11,56.67,0,43.33,2622,5454722,58.66,3881,5112215,54.97,0,0,0,0,0,0
2021-05-12,56.7,0,43.3,2034,5456756,58.68,3342,5115557,55.01,0,0,0,0,0,0
2021-05-13,56.73,0,43.27,2043,5458799,58.7,3688,5119245,55.05,0,0,0,0,0,0
2021-05-14,56.75,0,43.25,978,5459777,58.71,1494,5120739,55.07,0,0,0,0,0,0
2021-05-15,56.75,0,43.25,259,5460036,58.71,259,5120998,55.07,0,0,0,0,0,0
2021-05-16,56.78,0,43.22,529,5460565,58.72,1206,5122204,55.08,0,0,0,0,0,0
2021-05-17,56.81,0,43.19,303,5460868,58.72,848,5123052,55.09,0,0,0,0,0,0
2021-05-18,56.84,0,43.16,1963,5462831,58.74,4939,5127991,55.14,0,0,0,0,0,0
2021-05-19,56.87,0,43.13,2233,5465064,58.77,5042,5133033,55.2,0,0,0,0,0,0
2021-05-20,56.9,0,43.1,2312,5467376,58.79,3880,5136913,55.24,0,0,0,0,0,0
2021-05-21,56.92,0,43.08,1194,5468570,58.81,1414,5138327,55.25,0,0,0,0,0,0
2021-05-22,56.92,0,43.08,206,5468776,58.81,396,5138723,55.26,0,0,0,0,0,0
2021-05-23,56.94,0,43.06,2272,5471048,58.83,3216,5141939,55.29,0,0,0,0,0,0
2021-05-24,56.96,0,43.04,2140,5473188,58.86,3597,5145536,55.33,0,0,0,0,0,0
2021-05-25,56.99,0,43.01,1822,5475010,58.88,2588,5148124,55.36,0,0,0,0,0,0
2021-05-26,57.03,0,42.97,1415,5476425,58.89,2504,5150628,55.39,0,0,0,0,0,0
2021-05-27,57.06,0,42.94,1865,5478290,58.91,3189,5153817,55.42,0,0,0,0,0,0
2021-05-28,57.07,0,42.93,794,5479084,58.92,1406,5155223,55.44,0,0,0,0,0,0
2021-05-29,57.07,0,42.93,192,5479276,58.92,226,5155449,55.44,0,0,0,0,0,0
2021-05-30,57.1,0,42.9,1645,5480921,58.94,1937,5157386,55.46,0,0,0,0,0,0
2021-05-31,57.13,0,42.87,1740,5482661,58.96,2093,5159479,55.48,0,0,0,0,0,0
2021-06-01,57.47,0,42.53,1385,5484046,58.97,1823,5161302,55.5,0,0,0,0,0,0
2021-06-02,57.25,0,42.75,1514,5485560,58.99,1610,5162912,55.52,0,0,0,0,0,0
2021-06-03,57.27,0,42.73,1685,5487245,59.01,1495,5164407,55.54,0,0,0,0,0,0
2021-06-04,57.28,0,42.72,1102,5488347,59.02,784,5165191,55.54,0,0,0,0,0,0
2021-06-05,57.29,0,42.71,184,5488531,59.02,159,5165350,55.55,0,0,0,0,0,0
2021-06-06,57.31,0,42.69,4293,5492824,59.07,1002,5166352,55.56,0,0,0,0,0,0
2021-06-07,57.34,0,42.66,4439,5497263,59.11,814,5167166,55.57,0,0,0,0,0,0
2021-06-08,57.36,0,42.64,3739,5501002,59.16,1175,5168341,55.58,0,0,0,0,0,0
2021-06-09,57.4,0,42.6,3615,5504617,59.19,1331,5169672,55.59,0,0,0,0,0,0
2021-06-10,57.42,0,42.58,3364,5507981,59.23,1300,5170972,55.61,0,0,0,0,0,0
2021-06-11,57.43,0,42.57,1401,5509382,59.25,590,5171562,55.61,0,0,0,0,0,0
2021-06-12,57.43,0,42.57,222,5509604,59.25,173,5171735,55.61,0,0,0,0,0,0
2021-06-13,57.45,0,42.55,3101,5512705,59.28,1260,5172995,55.63,0,0,0,0,0,0
2021-06-14,57.46,0,42.54,3057,5515762,59.31,1534,5174529,55.64,0,0,0,0,0,0
2021-06-15,57.48,0,42.52,3138,5518900,59.35,1378,5175907,55.66,0,0,0,0,0,0
2021-06-16,57.49,0,42.51,2734,5521634,59.38,1004,5176911,55.67,0,0,0,0,0,0
2021-06-17,57.51,0,42.49,2733,5524367,59.41,1209,5178120,55.68,0,0,0,0,0,0
2021-06-18,57.52,0,42.48,1270,5525637,59.42,506,5178626,55.69,0,0,0,0,0,0
2021-06-19,57.52,0,42.48,242,5525879,59.42,139,5178765,55.69,0,0,0,0,0,0
2021-06-20,57.54,0,42.46,3316,5529195,59.46,1332,5180097,55.7,0,0,0,0,0,0
2021-06-21,57.56,0,42.44,5250,5534445,59.51,1218,5181315,55.72,0,0,0,0,0,0
2021-06-22,57.58,0,42.42,6935,5541380,59.59,1101,5182416,55.73,0,0,0,0,0,0
2021-06-23,57.6,0,42.4,10762,5552142,59.7,1303,5183719,55.74,0,0,0,0,0,0
2021-06-24,57.62,0,42.38,12051,5564193,59.83,1466,5185185,55.76,0,0,0,0,0,0
2021-06-25,57.62,0,42.38,7117,5571310,59.91,945,5186130,55.77,0,0,0,0,0,0
2021-06-26,57.63,0,42.37,2278,5573588,59.94,200,5186330,55.77,0,0,0,0,0,0
2021-06-27,57.65,0,42.35,13633,5587221,60.08,3438,5189768,55.81,0,0,0,0,0,0
2021-06-28,57.68,0,42.32,14518,5601739,60.24,3675,5193443,55.85,0,0,0,0,0,0
2021-06-29,57.69,0,42.31,16711,5618450,60.42,3745,5197188,55.89,0,0,0,0,0,0
2021-06-30,57.72,0,42.28,16487,5634937,60.6,3397,5200585,55.92,0,0,0,0,0,0
2021-07-01,57.78,0,42.22,16837,5651774,60.78,3381,5203966,55.96,121,121,0,0,0,0
2021-07-02,57.79,0,42.21,9836,5661610,60.88,1609,5205575,55.98,7,128,0,0,0,0
2021-07-03,57.79,0,42.21,2678,5664288,60.91,300,5205875,55.98,1,129,0,0,0,0
2021-07-04,57.85,0,42.15,17735,5682023,61.1,3161,5209036,56.02,2,131,0,0,0,0
2021-07-05,57.91,0,42.09,17850,5699873,61.29,3046,5212082,56.05,7,138,0,0,0,0
2021-07-06,57.99,0,42.01,17848,5717721,61.49,3412,5215494,56.08,11,149,0,0,0,0
2021-07-07,58.05,0,41.95,15533,5733254,61.65,2703,5218197,56.11,12,161,0,0,0,0
2021-07-08,58.12,0,41.88,16589,5749843,61.83,2881,5221078,56.14,17,178,0,0,0,0
2021-07-09,58.15,0,41.85,11125,5760968,61.95,1536,5222614,56.16,4,182,0,0,0,0
2021-07-10,58.15,0,41.85,4989,5765957,62,391,5223005,56.17,6,188,0,0,0,0
2021-07-11,58.22,0,41.78,1456,5767413,62.02,2847,5225852,56.2,9,197,0,0,0,0
2021-07-12,58.29,0,41.71,2427,5769840,62.05,3696,5229548,56.24,57,254,0,0,0,0
2021-07-13,58.36,0,41.64,2965,5772805,62.08,5460,5235008,56.29,124,378,0,0,0,0
2021-07-14,58.42,0,41.58,2747,5775552,62.11,7536,5242544,56.38,441,819,0.01,0,0,0
2021-07-15,58.5,0,41.5,3010,5778562,62.14,9302,5251846,56.48,374,1193,0.01,0,0,0
2021-07-16,58.54,0,41.46,1296,5779858,62.15,5898,5257744,56.54,66,1259,0.01,0,0,0
2021-07-17,58.55,0,41.44,372,5780230,62.16,1393,5259137,56.55,8,1267,0.01,0,0,0
2021-07-18,58.6,0,41.4,2074,5782304,62.18,9770,5268907,56.66,235,1502,0.02,0,0,0
2021-07-19,58.65,0,41.35,3212,5785516,62.21,11346,5280253,56.78,461,1963,0.02,0,0,0
2021-07-20,58.72,0,41.28,2690,5788206,62.24,11914,5292167,56.91,374,2337,0.03,0,0,0
2021-07-21,58.81,0,41.19,2408,5790614,62.27,11880,5304047,57.04,325,2662,0.03,0,0,0
2021-07-22,58.93,0,41.07,2878,5793492,62.3,13279,5317326,57.18,391,3053,0.03,0,0,0
2021-07-23,58.99,0,41.01,2038,5795530,62.32,8250,5325576,57.27,106,3159,0.03,0,0,0
2021-07-24,58.99,0,41,645,5796175,62.33,1486,5327062,57.28,7,3166,0.03,0,0,0
2021-07-25,59.1,0,40.89,4416,5800591,62.38,15499,5342561,57.45,223,3389,0.04,0,0,0
2021-07-26,59.24,0,40.75,5173,5805764,62.43,13533,5356094,57.6,325,3714,0.04,0,0,0
2021-07-27,59.37,0.01,40.62,5493,5811257,62.49,13579,5369673,57.74,414,4128,0.04,0,0,0
2021-07-28,59.5,0.01,40.49,3990,5815247,62.53,12345,5382018,57.88,472,4600,0.05,0,0,0
2021-07-29,59.65,0.01,40.33,4665,5819912,62.58,14202,5396220,58.03,532,5132,0.06,0,0,0
2021-07-30,59.74,0.02,40.25,2657,5822569,62.61,10856,5407076,58.15,4122,9254,0.1,0,0,0
2021-07-31,59.75,0.02,40.23,1407,5823976,62.63,3554,5410630,58.18,6159,15413,0.17,0,0,0
2021-08-01,59.91,0.02,40.06,3078,5827054,62.66,3366,5413996,58.22,31047,46460,0.5,0,0,0
2021-08-02,60.06,0.03,39.91,3134,5830188,62.7,3176,5417172,58.25,58514,104974,1.13,0,0,0
2021-08-03,60.21,0.03,39.76,3386,5833574,62.73,3330,5420502,58.29,78954,183928,1.98,0,0,0
2021-08-04,60.34,0.03,39.63,3534,5837108,62.77,3255,5423757,58.32,80765,264693,2.85,0,0,0
2021-08-05,60.49,0.04,39.47,4515,5841623,62.82,3570,5427327,58.36,88442,353135,3.8,0,0,0
2021-08-06,60.6,0.04,39.36,2437,5844060,62.84,1863,5429190,58.38,44744,397879,4.28,0,0,0
2021-08-07,60.63,0.04,39.32,1034,5845094,62.86,701,5429891,58.39,27353,425232,4.57,0,0,0
2021-08-08,60.68,0.04,39.28,4991,5850085,62.91,3082,5432973,58.42,80087,505319,5.43,0,0,0
2021-08-09,60.72,0.04,39.24,5341,5855426,62.97,3064,5436037,58.46,76489,581808,6.26,0,0,0
2021-08-10,60.75,0.04,39.2,5554,5860980,63.03,3208,5439245,58.49,75427,657235,7.07,0,0,0
2021-08-11,60.79,0.04,39.17,5695,5866675,63.09,2949,5442194,58.52,62642,719877,7.74,0,0,0
2021-08-12,60.83,0.04,39.12,7039,5873714,63.16,3291,5445485,58.56,59462,779339,8.38,0,0,0
2021-08-13,60.84,0.05,39.11,3821,5877535,63.2,2074,5447559,58.58,43870,823209,8.85,0,0,0
2021-08-14,60.85,0.05,39.1,2255,5879790,63.23,853,5448412,58.59,44486,867695,9.33,0,0,0
2021-08-15,60.89,0.05,39.06,7145,5886935,63.31,4530,5452942,58.64,97985,965680,10.38,0,0,0
2021-08-16,60.92,0.04,39.03,6991,5893926,63.38,4749,5457691,58.69,89522,1055202,11.35,0,0,0
2021-08-17,60.96,0.04,39,7573,5901499,63.46,5138,5462829,58.74,83320,1138522,12.24,0,0,0
2021-08-18,60.99,0.04,38.96,8642,5910141,63.55,4603,5467432,58.79,69269,1207791,12.99,0,0,0
2021-08-19,61.03,0.04,38.92,10082,5920223,63.66,5217,5472649,58.85,65976,1273767,13.7,0,0,0
2021-08-20,61.05,0.05,38.9,4768,5924991,63.71,2827,5475476,58.88,60454,1334221,14.35,0,0,0
2021-08-21,61.06,0.05,38.89,3499,5928490,63.75,1580,5477056,58.9,50725,1384946,14.89,0,0,0
2021-08-22,61.12,0.04,38.84,9824,5938314,63.86,4808,5481864,58.95,105111,1490057,16.02,0,0,0
2021-08-23,61.17,0.04,38.79,10923,5949237,63.98,4448,5486312,59,94034,1584091,17.03,0,0,0
2021-08-24,61.23,0.04,38.73,11724,5960961,64.1,4702,5491014,59.05,98557,1682648,18.09,0,0,0
2021-08-25,61.29,0.04,38.67,9612,5970573,64.2,4484,5495498,59.1,99558,1782206,19.16,0,0,0
2021-08-26,61.36,0.03,38.61,10110,5980683,64.31,5059,5500557,59.15,101231,1883437,20.25,0,0,0
2021-08-27,61.35,0.04,38.61,4325,5985008,64.36,2788,5503345,59.18,56696,1940133,20.86,0,0,0
2021-08-28,61.4,0.04,38.57,3702,5988710,64.4,1500,5504845,59.2,33540,1973673,21.22,0,0,0
2021-08-29,61.46,0.03,38.5,10323,5999033,64.51,5932,5510777,59.26,79550,2053223,22.08,0,0,0
2021-08-30,61.53,0.03,38.44,12334,6011367,64.64,7017,5517794,59.34,116009,2169232,23.33,0,0,0
2021-08-31,61.6,0.03,38.37,12076,6023443,64.77,6529,5524323,59.41,114881,2284113,24.56,0,0,0
2021-09-01,61.43,0.03,38.54,9034,6032477,64.87,6043,5530366,59.47,112492,2396605,25.77,0,0,0
2021-09-02,61.49,0.03,38.48,8784,6041261,64.96,7182,5537548,59.55,111545,2508150,26.97,0,0,0
2021-09-03,61.56,0.03,38.42,3751,6045012,65.01,4116,5541664,59.59,58886,2567036,27.6,0,0,0
2021-09-04,61.59,0.03,38.38,2691,6047703,65.03,2023,5543687,59.61,29953,2596989,27.93,0,0,0
2021-09-05,61.68,0.03,38.29,6991,6054694,65.11,6460,5550147,59.68,73326,2670315,28.72,0,0,0
2021-09-06,61.77,0.03,38.2,2836,6057530,65.14,2718,5552865,59.71,22800,2693115,28.96,0,0,0
2021-09-07,61.85,0.03,38.12,1202,6058732,65.15,879,5553744,59.72,5398,2698513,29.02,0,0,0
2021-09-08,61.93,0.03,38.05,1380,6060112,65.17,1196,5554940,59.74,6621,2705134,29.09,0,0,0
2021-09-09,62.02,0.03,37.95,7093,6067205,65.24,12573,5567513,59.87,73845,2778979,29.88,0,0,0
2021-09-10,62.06,0.03,37.91,3258,6070463,65.28,5016,5572529,59.92,37938,2816917,30.29,0,0,0
2021-09-11,62.08,0.03,37.89,2108,6072571,65.3,2509,5575038,59.95,14817,2831734,30.45,0,0,0
2021-09-12,62.16,0.03,37.81,6106,6078677,65.37,8589,5583627,60.04,54136,2885870,31.03,0,0,0
2021-09-13,62.15,0.03,37.82,5611,6084288,65.43,8265,5591892,60.13,47983,2933853,31.55,0,0,0
2021-09-14,62.2,0.03,37.77,4963,6089251,65.48,7424,5599316,60.21,48856,2982709,32.07,0,0,0
2021-09-15,62.25,0.03,37.72,1750,6091001,65.5,2718,5602034,60.24,16687,2999396,32.25,0,0,0
2021-09-16,62.37,0.03,37.6,343,6091344,65.5,550,5602584,60.25,1740,3001136,32.27,0,0,0
2021-09-17,62.42,0.03,37.54,3683,6095027,65.54,7022,5609606,60.32,42905,3044041,32.73,0,0,0
2021-09-18,62.45,0.03,37.52,2258,6097285,65.57,2946,5612552,60.35,12783,3056824,32.87,0,0,0
2021-09-19,62.55,0.03,37.42,5942,6103227,65.63,10712,5623264,60.47,44332,3101156,33.35,0,0,0
2021-09-20,62.63,0.03,37.34,3246,6106473,65.67,4646,5627910,60.52,16708,3117864,33.53,0,0,0
2021-09-21,62.69,0.03,37.28,1340,6107813,65.68,2066,5629976,60.54,3477,3121341,33.57,0,0,0
2021-09-22,62.72,0.03,37.25,4260,6112073,65.73,7250,5637226,60.62,25072,3146413,33.84,0,0,0
2021-09-23,62.75,0.03,37.22,4391,6116464,65.77,5916,5643142,60.68,27834,3174247,34.13,0,0,0
2021-09-24,62.82,0.03,37.15,3202,6119666,65.81,4185,5647327,60.73,27723,3201970,34.43,0,0,0
2021-09-25,62.85,0.03,37.12,2081,6121747,65.83,2263,5649590,60.75,10443,3212413,34.54,0,0,0
2021-09-26,62.96,0.03,37,5605,6127352,65.89,5973,5655563,60.82,36270,3248683,34.93,0,0,0
2021-09-27,63.02,0.03,36.94,4696,6132048,65.94,4469,5660032,60.87,30457,3279140,35.26,0,0,0
2021-09-28,63.06,0.04,36.91,1472,6133520,65.96,1185,5661217,60.88,6249,3285389,35.33,0,0,0
2021-09-29,63.13,0.03,36.84,9622,6143142,66.06,8349,5669566,60.97,60325,3345714,35.98,0,0,0
2021-09-30,63.18,0.03,36.79,10976,6154118,66.18,8579,5678145,61.06,79703,3425417,36.84,0,0,0
2021-10-01,63.23,0.03,36.73,5128,6159246,66.23,3875,5682020,61.1,46546,3471963,37.34,0,0,0
2021-10-02,63.26,0.03,36.71,2865,6162111,66.26,2127,5684147,61.12,22433,3494396,37.58,0,0,0
2021-10-03,63.35,0.03,36.62,11667,6173778,66.39,7276,5691423,61.2,70726,3565122,38.34,0,0,0
2021-10-04,63.4,0.03,36.57,10320,6184098,66.5,6759,5698182,61.28,51913,3617035,38.9,0,0,0
2021-10-05,63.41,0.03,36.55,8461,6192559,66.59,5314,5703496,61.33,40479,3657514,39.33,0,0,0
2021-10-06,63.52,0.03,36.45,7543,6200102,66.67,4185,5707681,61.38,34150,3691664,39.7,0,0,0
2021-10-07,63.63,0.03,36.34,6896,6206998,66.75,4010,5711691,61.42,34069,3725733,40.06,0,0,0
2021-10-08,63.68,0.03,36.29,3086,6210084,66.78,2644,5714335,61.45,19250,3744983,40.27,0,0,0
2021-10-09,63.71,0.03,36.26,1341,6211425,66.79,1444,5715779,61.46,7441,3752424,40.35,0,0,0
2021-10-10,63.82,0.04,36.14,4677,6216102,66.84,3748,5719527,61.5,21519,3773943,40.58,0,0,0
2021-10-11,63.91,0.04,36.05,4299,6220401,66.89,2946,5722473,61.54,17269,3791212,40.77,0,0,0
2021-10-12,63.99,0.05,35.96,3977,6224378,66.93,3007,5725480,61.57,15357,3806569,40.93,0,0,0
2021-10-13,64.09,0.05,35.86,3487,6227865,66.97,2451,5727931,61.6,13587,3820156,41.08,0,0,0
2021-10-14,64.19,0.06,35.75,3870,6231735,67.01,2685,5730616,61.62,16568,3836724,41.26,0,0,0
2021-10-15,64.23,0.07,35.7,1703,6233438,67.03,1685,5732301,61.64,9011,3845735,41.36,0,0,0
2021-10-16,64.25,0.08,35.67,729,6234167,67.04,957,5733258,61.65,4035,3849770,41.4,0,0,0
2021-10-17,64.36,0.09,35.56,3090,6237257,67.07,2526,5735784,61.68,12798,3862568,41.54,0,0,0
2021-10-18,64.43,0.1,35.47,2460,6239717,67.1,1693,5737477,61.7,10069,3872637,41.64,0,0,0
2021-10-19,64.49,0.1,35.4,2399,6242116,67.12,1284,5738761,61.71,9294,3881931,41.74,0,0,0
2021-10-20,64.14,0.52,35.34,2436,6244552,67.15,2304,5741065,61.74,10103,3892034,41.85,0,0,0
2021-10-21,54.23,10.41,35.36,3034,6247586,67.18,3097,5744162,61.77,12163,3904197,41.98,0,0,0
2021-10-22,54.36,10.26,35.38,1279,6248865,67.2,1437,5745599,61.79,5840,3910037,42.05,0,0,0
2021-10-23,54.42,10.19,35.39,575,6249440,67.2,1266,5746865,61.8,2564,3912601,42.07,0,0,0
2021-10-24,54.22,10.43,35.35,2518,6251958,67.23,2653,5749518,61.83,9855,3922456,42.18,0,0,0
2021-10-25,54.59,10.22,35.19,2638,6254596,67.26,2752,5752270,61.86,8511,3930967,42.27,0,0,0
2021-10-26,54.64,10.26,35.1,2381,6256977,67.28,2059,5754329,61.88,8529,3939496,42.36,0,0,0
2021-10-27,54.58,10.37,35.06,2292,6259269,67.31,2566,5756895,61.91,7959,3947455,42.45,0,0,0
2021-10-28,54.69,10.76,34.55,2505,6261774,67.34,2782,5759677,61.94,8675,3956130,42.54,0,0,0
2021-10-29,54.73,10.75,34.52,901,6262675,67.35,1154,5760831,61.95,4138,3960268,42.59,0,0,0
2021-10-30,54.68,10.81,34.52,366,6263041,67.35,530,5761361,61.95,1712,3961980,42.61,0,0,0
2021-10-31,54.83,10.7,34.47,2261,6265302,67.37,2495,5763856,61.98,8256,3970236,42.69,0,0,0
2021-11-01,54.95,10.63,34.42,1737,6267039,67.39,2094,5765950,62,6480,3976716,42.76,0,0,0
2021-11-02,54.89,10.69,34.42,2026,6269065,67.41,2050,5768000,62.03,6296,3983012,42.83,0,0,0
2021-11-03,54.86,10.75,34.39,1764,6270829,67.43,1897,5769897,62.05,5556,3988568,42.89,0,0,0
2021-11-04,54.85,10.81,34.33,2111,6272940,67.46,2802,5772699,62.08,7133,3995701,42.97,0,0,0
2021-11-05,54.85,10.83,34.32,790,6273730,67.46,905,5773604,62.09,3488,3999189,43.01,0,0,0
2021-11-06,54.82,10.86,34.32,347,6274077,67.47,389,5773993,62.09,1375,4000564,43.02,0,0,0
2021-11-07,54.92,10.8,34.28,1578,6275655,67.49,1770,5775763,62.11,6134,4006698,43.09,0,0,0
2021-11-08,55.01,10.75,34.24,1520,6277175,67.5,1603,5777366,62.13,5406,4012104,43.14,0,0,0
2021-11-09,55.05,10.74,34.21,1428,6278603,67.52,1611,5778977,62.14,5333,4017437,43.2,0,0,0
2021-11-10,55.08,10.73,34.19,1424,6280027,67.53,1662,5780639,62.16,4779,4022216,43.25,0,0,0
2021-11-11,55.15,10.69,34.15,1628,6281655,67.55,1947,5782586,62.18,5718,4027934,43.31,0,0,0
2021-11-12,55.17,10.69,34.14,637,6282292,67.56,826,5783412,62.19,2925,4030859,43.35,0,0,0
2021-11-13,55.14,10.72,34.14,257,6282549,67.56,290,5783702,62.2,1130,4031989,43.36,0,0,0
2021-11-14,55.21,10.68,34.11,1536,6284085,67.58,1639,5785341,62.21,5111,4037100,43.41,0,0,0
2021-11-15,55.28,10.63,34.09,1275,6285360,67.59,1626,5786967,62.23,4770,4041870,43.46,0,0,0
2021-11-16,55.32,10.62,34.07,1275,6286635,67.6,1419,5788386,62.25,4349,4046219,43.51,0,0,0
2021-11-17,55.35,10.6,34.05,1208,6287843,67.62,1567,5789953,62.26,3915,4050134,43.55,0,0,0
2021-11-18,55.41,10.58,34.02,1364,6289207,67.63,1693,5791646,62.28,5012,4055146,43.61,0,0,0
2021-11-19,55.42,10.57,34.01,588,6289795,67.64,763,5792409,62.29,2460,4057606,43.63,0,0,0
2021-11-20,55.41,10.58,34,238,6290033,67.64,258,5792667,62.29,929,4058535,43.64,0,0,0
2021-11-21,55.47,10.54,33.98,1409,6291442,67.66,1542,5794209,62.31,4881,4063416,43.7,0,0,0
2021-11-22,55.54,10.5,33.96,1681,6293123,67.67,1523,5795732,62.32,4238,4067654,43.74,0,0,0
2021-11-23,55.57,10.48,33.95,8616,6301739,67.77,1688,5797420,62.34,4012,4071666,43.78,0,0,0
2021-11-24,55.6,10.44,33.95,9348,6311087,67.87,1319,5798739,62.36,3924,4075590,43.83,0,0,0
2021-11-25,55.64,10.43,33.93,9808,6320895,67.97,1600,5800339,62.37,4841,4080431,43.88,0,0,0
2021-11-26,55.63,10.45,33.92,5610,6326505,68.03,748,5801087,62.38,2805,4083236,43.91,0,0,0
2021-11-27,55.62,10.46,33.92,4776,6331281,68.08,324,5801411,62.39,1164,4084400,43.92,0,0,0
2021-11-28,55.67,10.43,33.9,10145,6341426,68.19,1481,5802892,62.4,4905,4089305,43.97,0,0,0
2021-11-29,55.73,10.39,33.88,9043,6350469,68.29,1134,5804026,62.41,4376,4093681,44.02,0,0,0
2021-11-30,55.77,10.37,33.86,10043,6360512,68.4,1038,5805064,62.42,4084,4097765,44.07,0,0,0
2021-12-01,55.79,10.36,33.84,8630,6369142,68.49,1097,5806161,62.44,4444,4102209,44.11,5,5,0
2021-12-02,55.84,10.34,33.82,9173,6378315,68.59,1456,5807617,62.45,5125,4107334,44.17,6,11,0
2021-12-03,55.86,10.33,33.81,6329,6384644,68.66,673,5808290,62.46,2868,4110202,44.2,1,12,0
2021-12-04,55.85,10.34,33.81,2509,6387153,68.68,238,5808528,62.46,926,4111128,44.21,3,15,0
2021-12-05,55.9,10.31,33.79,8334,6395487,68.77,1254,5809782,62.48,4683,4115811,44.26,1,16,0
2021-12-06,55.95,10.27,33.78,6720,6402207,68.85,1200,5810982,62.49,4351,4120162,44.31,4,20,0
2021-12-07,55.99,10.25,33.76,5553,6407760,68.91,1506,5812488,62.5,3966,4124128,44.35,9,29,0
2021-12-08,56.03,10.22,33.75,4936,6412696,68.96,1200,5813688,62.52,3884,4128012,44.39,10,39,0
2021-12-09,56.08,10.19,33.73,6239,6418935,69.03,1241,5814929,62.53,4508,4132520,44.44,8,47,0
2021-12-10,56.1,10.18,33.72,3006,6421941,69.06,704,5815633,62.54,2687,4135207,44.47,4,51,0
2021-12-11,56.1,10.18,33.71,1491,6423432,69.07,255,5815888,62.54,1021,4136228,44.48,0,51,0
2021-12-12,56.16,10.15,33.69,7274,6430706,69.15,1444,5817332,62.56,5248,4141476,44.54,3,54,0
2021-12-13,56.21,10.11,33.67,6180,6436886,69.22,1377,5818709,62.57,4351,4145827,44.58,5,59,0
2021-12-14,56.27,10.09,33.65,7316,6444202,69.3,6098,5824807,62.64,4941,4150768,44.64,12,71,0
2021-12-15,56.34,10.06,33.6,7204,6451406,69.38,7404,5832211,62.72,5446,4156214,44.69,7,78,0
2021-12-16,56.53,10.05,33.42,8079,6459485,69.46,8609,5840820,62.81,6564,4162778,44.76,8,86,0
2021-12-17,56.64,10.05,33.3,4406,6463891,69.51,5141,5845961,62.86,3954,4166732,44.81,3,89,0
2021-12-18,56.73,10.07,33.2,3941,6467832,69.55,2913,5848874,62.9,1361,4168093,44.82,2,91,0
2021-12-19,56.92,10.04,33.04,6978,6474810,69.63,9328,5858202,63,6276,4174369,44.89,6,97,0
2021-12-20,57.07,10.02,32.91,7972,6482782,69.71,7518,5865720,63.08,5447,4179816,44.95,9,106,0
2021-12-21,57.27,10.01,32.71,9548,6492330,69.82,8647,5874367,63.17,6492,4186308,45.02,8,114,0
2021-12-22,57.49,10,32.52,9663,6501993,69.92,8151,5882518,63.26,6255,4192563,45.08,12,126,0
2021-12-23,57.7,9.97,32.33,11539,6513532,70.04,10261,5892779,63.37,8160,4200723,45.17,16,142,0
2021-12-24,57.83,9.96,32.21,5875,6519407,70.11,6241,5899020,63.44,5281,4206004,45.23,12,154,0
2021-12-25,57.9,9.96,32.15,3338,6522745,70.14,2566,5901586,63.46,2021,4208025,45.25,6,160,0
2021-12-26,58.1,9.92,31.98,10652,6533397,70.26,8908,5910494,63.56,8201,4216226,45.34,8,168,0
2021-12-27,58.27,9.9,31.83,10370,6543767,70.37,7142,5917636,63.64,8188,4224414,45.43,23,191,0
2021-12-28,58.46,9.88,31.66,11375,6555142,70.49,7451,5925087,63.72,9643,4234057,45.53,24,215,0
2021-12-29,58.64,9.85,31.51,9933,6565075,70.6,5964,5931051,63.78,8376,4242433,45.62,21,236,0
2021-12-30,58.84,9.82,31.34,11012,6576087,70.72,7735,5938786,63.86,12240,4254673,45.75,10,246,0
2021-12-31,58.9,9.79,31.3,4829,6580916,70.77,3672,5942458,63.9,7296,4261969,45.83,135,381,0
2022-01-01,58.93,9.79,31.28,1993,6582909,70.79,1592,5944050,63.92,2741,4264710,45.86,66,447,0
2022-01-02,59.14,9.76,31.1,10216,6593125,70.9,6487,5950537,63.99,13002,4277712,46,590,1037,0.01
2022-01-03,59.29,9.71,31,9384,6602509,71,5259,5955796,64.05,11342,4289054,46.12,25055,26092,0.28
2022-01-04,59.46,9.68,30.86,8964,6611473,71.1,5948,5961744,64.11,10525,4299579,46.24,50660,76752,0.83
2022-01-05,59.56,9.65,30.79,8553,6620026,71.19,5739,5967483,64.17,10494,4310073,46.35,59590,136342,1.47
2022-01-06,59.81,9.63,30.56,10339,6630365,71.3,7959,5975442,64.26,13531,4323604,46.49,64001,200343,2.15
2022-01-07,59.89,9.61,30.49,4759,6635124,71.35,4557,5979999,64.31,8166,4331770,46.58,31135,231478,2.49
2022-01-08,59.9,9.64,30.46,2749,6637873,71.38,2451,5982450,64.33,5501,4337271,46.64,27632,259110,2.79
2022-01-09,60.06,9.59,30.35,9305,6647178,71.48,7724,5990174,64.42,11871,4349142,46.77,66765,325875,3.5
2022-01-10,60.21,9.54,30.25,8347,6655525,71.57,7646,5997820,64.5,11884,4361026,46.9,64780,390655,4.2
2022-01-11,60.38,9.49,30.13,8099,6663624,71.66,8621,6006441,64.59,11974,4373000,47.03,56660,447315,4.81
2022-01-12,60.51,9.45,30.04,7275,6670899,71.74,8305,6014746,64.68,11114,4384114,47.14,44631,491946,5.29
2022-01-13,60.7,9.35,29.94,7509,6678408,71.82,9617,6024363,64.78,11547,4395661,47.27,34768,526714,5.66
2022-01-14,60.79,9.31,29.9,2554,6680962,71.84,4935,6029298,64.84,6146,4401807,47.33,11142,537856,5.78
2022-01-15,60.83,9.29,29.87,1469,6682431,71.86,3170,6032468,64.87,3884,4405691,47.38,5716,543572,5.85
2022-01-16,60.97,9.2,29.82,3817,6686248,71.9,8524,6040992,64.96,7682,4413373,47.46,19993,563565,6.06
2022-01-17,61.09,9.13,29.78,2808,6689056,71.93,7047,6048039,65.04,6173,4419546,47.53,17833,581398,6.25
2022-01-18,61.23,9.07,29.7,2475,6691531,71.96,7386,6055425,65.12,5535,4425081,47.59,14817,596215,6.41
2022-01-19,61.37,8.98,29.65,1915,6693446,71.98,6369,6061794,65.19,4522,4429603,47.63,8461,604676,6.5
2022-01-20,61.44,8.85,29.71,1777,6695223,72,6971,6068765,65.26,4793,4434396,47.69,8041,612717,6.59
2022-01-21,61.51,8.81,29.68,905,6696128,72.01,3725,6072490,65.3,2646,4437042,47.71,3358,616075,6.63
2022-01-22,61.51,8.75,29.74,328,6696456,72.01,1462,6073952,65.32,1067,4438109,47.73,1113,617188,6.64
2022-01-23,61.61,8.7,29.69,1068,6697524,72.02,5632,6079584,65.38,2879,4440988,47.76,6083,623271,6.7
2022-01-24,61.73,8.62,29.65,759,6698283,72.03,4481,6084065,65.42,2270,4443258,47.78,5057,628328,6.76
2022-01-25,61.9,8.51,29.59,744,6699027,72.04,4401,6088466,65.47,2187,4445445,47.8,7102,635430,6.83
2022-01-26,62.02,8.42,29.57,615,6699642,72.04,3285,6091751,65.51,1612,4447057,47.82,4262,639692,6.88
2022-01-27,62.12,8.35,29.52,798,6700440,72.05,4405,6096156,65.56,2005,4449062,47.84,5441,645133,6.94
2022-01-28,62.16,8.33,29.5,397,6700837,72.06,2376,6098532,65.58,1181,4450243,47.86,3452,648585,6.97
2022-01-29,62.23,8.29,29.48,124,6700961,72.06,1046,6099578,65.59,425,4450668,47.86,1162,649747,6.99
2022-01-30,62.3,8.24,29.46,769,6701730,72.07,4719,6104297,65.64,2020,4452688,47.88,8099,657846,7.07
2022-01-31,62.39,8.17,29.43,528,6702258,72.07,3183,6107480,65.68,1610,4454298,47.9,6472,664318,7.14
2022-02-01,62.45,8.15,29.4,482,6702740,72.08,2809,6110289,65.71,1526,4455824,47.92,5722,670040,7.21
2022-02-02,62.28,8.13,29.59,375,6703115,72.08,2394,6112683,65.73,1386,4457210,47.93,5073,675113,7.26
2022-02-03,62.34,8.08,29.57,446,6703561,72.09,2776,6115459,65.76,1462,4458672,47.95,5607,680720,7.32
2022-02-04,62.37,8.06,29.57,174,6703735,72.09,991,6116450,65.77,757,4459429,47.95,2455,683175,7.35
2022-02-05,62.34,8.09,29.56,62,6703797,72.09,342,6116792,65.78,221,4459650,47.96,420,683595,7.35
2022-02-06,62.41,8.05,29.55,407,6704204,72.09,2320,6119112,65.8,1344,4460994,47.97,5687,689282,7.41
2022-02-07,62.47,8.01,29.52,283,6704487,72.1,1308,6120420,65.82,983,4461977,47.98,5960,695242,7.48
2022-02-08,62.54,7.97,29.49,317,6704804,72.1,1498,6121918,65.83,1068,4463045,47.99,6138,701380,7.54
2022-02-09,62.6,7.95,29.45,254,6705058,72.1,1102,6123020,65.84,946,4463991,48,4570,705950,7.59
2022-02-10,62.63,7.93,29.44,273,6705331,72.11,1292,6124312,65.86,936,4464927,48.01,4815,710765,7.64
2022-02-11,62.67,7.91,29.42,211,6705542,72.11,557,6124869,65.86,518,4465445,48.02,2540,713305,7.67
2022-02-12,62.67,7.91,29.41,32,6705574,72.11,91,6124960,65.86,136,4465581,48.02,269,713574,7.67
2022-02-13,62.73,7.87,29.39,286,6705860,72.11,946,6125906,65.88,966,4466547,48.03,4998,718572,7.73
2022-02-14,62.89,7.74,29.36,179,6706039,72.11,628,6126534,65.88,760,4467307,48.04,3143,721715,7.76
2022-02-15,62.92,7.73,29.35,265,6706304,72.12,763,6127297,65.89,938,4468245,48.05,3819,725534,7.8
2022-02-16,62.95,7.72,29.34,179,6706483,72.12,577,6127874,65.9,803,4469048,48.06,2488,728022,7.83
2022-02-17,62.96,7.7,29.34,247,6706730,72.12,740,6128614,65.9,775,4469823,48.07,3061,731083,7.86
2022-02-18,62.98,7.69,29.33,130,6706860,72.12,343,6128957,65.91,439,4470262,48.07,1119,732202,7.87
2022-02-19,62.99,7.69,29.32,33,6706893,72.12,84,6129041,65.91,82,4470344,48.07,80,732282,7.87
2022-02-20,63.01,7.67,29.32,204,6707097,72.12,604,6129645,65.92,723,4471067,48.08,2574,734856,7.9
2022-02-21,63.04,7.65,29.31,173,6707270,72.13,413,6130058,65.92,490,4471557,48.08,1542,736398,7.92
2022-02-22,63.05,7.65,29.3,158,6707428,72.13,455,6130513,65.92,570,4472127,48.09,1871,738269,7.94
2022-02-23,63.06,7.65,29.29,109,6707537,72.13,353,6130866,65.93,453,4472580,48.1,1153,739422,7.95
2022-02-24,63.05,7.66,29.29,138,6707675,72.13,463,6131329,65.93,568,4473148,48.1,1493,740915,7.97
2022-02-25,63.06,7.66,29.28,59,6707734,72.13,144,6131473,65.93,193,4473341,48.1,456,741371,7.97
2022-02-26,63.05,7.67,29.28,17,6707751,72.13,28,6131501,65.94,161,4473502,48.11,35,741406,7.97
2022-02-27,63.05,7.67,29.28,112,6707863,72.13,341,6131842,65.94,448,4473950,48.11,1119,742525,7.98
2022-02-28,63.07,7.65,29.28,108,6707971,72.13,271,6132113,65.94,424,4474374,48.12,908,743433,7.99
2022-03-01,63.1,7.63,29.27,97,6708068,72.14,280,6132393,65.94,373,4474747,48.12,797,744230,8
2022-03-02,63.11,7.62,29.27,77,6708145,72.14,199,6132592,65.95,324,4475071,48.12,698,744928,8.01
2022-03-03,63.05,7.67,29.27,157,6708302,72.14,371,6132963,65.95,498,4475569,48.13,987,745915,8.02
2022-03-04,63.05,7.68,29.27,53,6708355,72.14,170,6133133,65.95,170,4475739,48.13,228,746143,8.02
2022-03-05,63.04,7.69,29.27,5,6708360,72.14,25,6133158,65.95,44,4475783,48.13,32,746175,8.02
2022-03-06,63.04,7.69,29.27,98,6708458,72.14,259,6133417,65.96,417,4476200,48.13,760,746935,8.03
2022-03-07,63.05,7.69,29.26,86,6708544,72.14,260,6133677,65.96,354,4476554,48.14,605,747540,8.04
2022-03-08,63.04,7.7,29.26,99,6708643,72.14,263,6133940,65.96,333,4476887,48.14,550,748090,8.04
2022-03-09,63.02,7.72,29.25,89,6708732,72.14,213,6134153,65.96,337,4477224,48.15,492,748582,8.05
2022-03-10,63.01,7.74,29.25,115,6708847,72.14,375,6134528,65.97,428,4477652,48.15,620,749202,8.06
2022-03-11,63,7.75,29.25,24,6708871,72.14,85,6134613,65.97,123,4477775,48.15,144,749346,8.06
2022-03-12,62.98,7.77,29.24,11,6708882,72.14,12,6134625,65.97,34,4477809,48.15,28,749374,8.06
2022-03-13,62.98,7.78,29.24,100,6708982,72.15,271,6134896,65.97,358,4478167,48.16,595,749969,8.06
2022-03-14,62.98,7.78,29.24,66,6709048,72.15,253,6135149,65.97,316,4478483,48.16,559,750528,8.07
2022-03-15,62.95,7.81,29.24,80,6709128,72.15,185,6135334,65.98,293,4478776,48.16,591,751119,8.08
2022-03-16,62.94,7.82,29.24,77,6709205,72.15,205,6135539,65.98,305,4479081,48.17,668,751787,8.08
2022-03-17,62.94,7.82,29.24,65,6709270,72.15,122,6135661,65.98,286,4479367,48.17,613,752400,8.09
2022-03-18,62.94,7.82,29.24,20,6709290,72.15,54,6135715,65.98,100,4479467,48.17,234,752634,8.09
2022-03-19,62.89,7.88,29.23,6,6709296,72.15,11,6135726,65.98,29,4479496,48.17,39,752673,8.09
2022-03-20,62.87,7.89,29.23,119,6709415,72.15,260,6135986,65.98,486,4479982,48.18,1431,754104,8.11
2022-03-21,62.87,7.9,29.23,97,6709512,72.15,247,6136233,65.99,379,4480361,48.18,1132,755236,8.12
2022-03-22,62.84,7.94,29.23,141,6709653,72.15,342,6136575,65.99,508,4480869,48.19,1770,757006,8.14
2022-03-23,62.81,7.97,29.22,108,6709761,72.15,212,6136787,65.99,463,4481332,48.19,1677,758683,8.16
2022-03-24,62.78,8,29.22,174,6709935,72.16,345,6137132,66,769,4482101,48.2,2363,761046,8.18
2022-03-25,62.78,8,29.23,39,6709974,72.16,82,6137214,66,159,4482260,48.2,630,761676,8.19
2022-03-26,62.77,8,29.22,12,6709986,72.16,13,6137227,66,34,4482294,48.2,91,761767,8.19
2022-03-27,62.75,8.02,29.22,167,6710153,72.16,344,6137571,66,760,4483054,48.21,3193,764960,8.23
2022-03-28,62.75,8.03,29.22,113,6710266,72.16,271,6137842,66,623,4483677,48.22,2416,767376,8.25
2022-03-29,62.7,8.07,29.22,125,6710391,72.16,258,6138100,66.01,641,4484318,48.22,2772,770148,8.28
2022-03-30,62.81,8.11,29.07,132,6710523,72.16,208,6138308,66.01,542,4484860,48.23,2370,772518,8.31
2022-03-31,62.79,8.11,29.1,166,6710689,72.16,302,6138610,66.01,730,4485590,48.24,2853,775371,8.34
2022-04-01,62.72,8.13,29.15,122,6710811,72.16,161,6138771,66.01,277,4485867,48.24,588,775959,8.34
2022-04-02,62.69,8.15,29.16,7,6710818,72.16,7,6138778,66.01,37,4485904,48.24,52,776011,8.34
2022-04-03,62.65,8.16,29.19,159,6710977,72.17,270,6139048,66.02,569,4486473,48.25,2478,778489,8.37
2022-04-04,62.62,8.16,29.22,103,6711080,72.17,208,6139256,66.02,484,4486957,48.25,2225,780714,8.4
2022-04-05,62.57,8.19,29.25,122,6711202,72.17,221,6139477,66.02,513,4487470,48.26,2243,782957,8.42
2022-04-06,62.55,8.2,29.25,91,6711293,72.17,157,6139634,66.02,382,4487852,48.26,2023,784980,8.44
2022-04-07,62.56,8.2,29.24,191,6711484,72.17,215,6139849,66.02,641,4488493,48.27,2556,787536,8.47
2022-04-08,62.54,8.22,29.23,30,6711514,72.17,61,6139910,66.03,154,4488647,48.27,482,788018,8.47
2022-04-09,62.52,8.25,29.23,6,6711520,72.17,17,6139927,66.03,28,4488675,48.27,47,788065,8.47
2022-04-10,62.51,8.26,29.23,103,6711623,72.17,264,6140191,66.03,429,4489104,48.27,1845,789910,8.49
2022-04-11,62.54,8.26,29.2,78,6711701,72.17,201,6140392,66.03,371,4489475,48.28,1425,791335,8.51
2022-04-12,62.58,8.29,29.12,204,6711905,72.18,168,6140560,66.03,376,4489851,48.28,1360,792695,8.52
2022-04-13,62.58,8.31,29.1,117,6712022,72.18,150,6140710,66.03,298,4490149,48.28,1218,793913,8.54
2022-04-14,62.57,8.33,29.1,85,6712107,72.18,221,6140931,66.04,321,4490470,48.29,1069,794982,8.55
2022-04-15,62.55,8.35,29.1,9,6712116,72.18,51,6140982,66.04,48,4490518,48.29,82,795064,8.55
2022-04-16,62.53,8.37,29.1,3,6712119,72.18,8,6140990,66.04,21,4490539,48.29,29,795093,8.55
2022-04-17,62.52,8.38,29.1,62,6712181,72.18,131,6141121,66.04,229,4490768,48.29,807,795900,8.56
2022-04-18,62.51,8.38,29.1,68,6712249,72.18,109,6141230,66.04,253,4491021,48.29,750,796650,8.57
2022-04-19,62.5,8.4,29.1,61,6712310,72.18,145,6141375,66.04,273,4491294,48.3,842,797492,8.58
2022-04-20,62.48,8.42,29.1,60,6712370,72.18,117,6141492,66.04,235,4491529,48.3,656,798148,8.58
2022-04-21,62.47,8.43,29.1,53,6712423,72.18,109,6141601,66.04,197,4491726,48.3,479,798627,8.59
2022-04-22,62.45,8.44,29.11,3,6712426,72.18,17,6141618,66.04,19,4491745,48.3,20,798647,8.59
2022-04-23,62.43,8.46,29.11,6,6712432,72.18,9,6141627,66.04,16,4491761,48.3,13,798660,8.59
2022-04-24,62.43,8.47,29.1,92,6712524,72.18,250,6141877,66.05,329,4492090,48.31,872,799532,8.6
2022-04-25,62.43,8.47,29.1,104,6712628,72.18,191,6142068,66.05,316,4492406,48.31,739,800271,8.61
2022-04-26,62.42,8.48,29.1,76,6712704,72.19,175,6142243,66.05,304,4492710,48.31,789,801060,8.61
2022-04-27,62.41,8.49,29.1,54,6712758,72.19,160,6142403,66.05,227,4492937,48.31,640,801700,8.62
2022-04-28,62.41,8.5,29.1,97,6712855,72.19,232,6142635,66.05,329,4493266,48.32,872,802572,8.63
2022-04-29,62.39,8.51,29.1,112,6712967,72.19,159,6142794,66.06,184,4493450,48.32,196,802768,8.63
2022-04-30,62.38,8.52,29.1,1,6712968,72.19,3,6142797,66.06,24,4493474,48.32,22,802790,8.63
2022-05-01,62.38,8.53,29.09,135,6713103,72.19,185,6142982,66.06,317,4493791,48.32,630,803420,8.64
2022-05-02,62.37,8.54,29.09,62,6713165,72.19,155,6143137,66.06,235,4494026,48.33,491,803911,8.64
2022-05-03,62.36,8.55,29.09,73,6713238,72.19,151,6143288,66.06,288,4494314,48.33,508,804419,8.65
2022-05-04,62.35,8.57,29.08,23,6713261,72.19,56,6143344,66.06,63,4494377,48.33,129,804548,8.65
2022-05-05,62.34,8.58,29.08,5,6713266,72.19,1,6143345,66.06,8,4494385,48.33,14,804562,8.65
2022-05-06,62.33,8.59,29.08,20,6713286,72.19,59,6143404,66.06,63,4494448,48.33,154,804716,8.65
2022-05-07,62.32,8.6,29.08,1,6713287,72.19,7,6143411,66.06,27,4494475,48.33,24,804740,8.65
2022-05-08,62.31,8.61,29.08,118,6713405,72.19,207,6143618,66.07,270,4494745,48.33,457,805197,8.66
2022-05-09,62.31,8.61,29.08,59,6713464,72.19,162,6143780,66.07,251,4494996,48.34,505,805702,8.66
2022-05-10,62.3,8.62,29.08,131,6713595,72.19,169,6143949,66.07,261,4495257,48.34,508,806210,8.67
2022-05-11,62.3,8.63,29.08,58,6713653,72.2,118,6144067,66.07,183,4495440,48.34,464,806674,8.67
2022-05-12,62.29,8.64,29.07,119,6713772,72.2,200,6144267,66.07,280,4495720,48.34,666,807340,8.68
2022-05-13,62.28,8.65,29.07,11,6713783,72.2,44,6144311,66.07,71,4495791,48.35,110,807450,8.68
2022-05-14,62.26,8.66,29.07,6,6713789,72.2,13,6144324,66.07,14,4495805,48.35,24,807474,8.68
2022-05-15,62.26,8.67,29.07,90,6713879,72.2,175,6144499,66.07,246,4496051,48.35,665,808139,8.69
2022-05-16,62.19,8.65,29.16,68,6713947,72.2,141,6144640,66.08,230,4496281,48.35,510,808649,8.7
2022-05-17,62.18,8.66,29.16,73,6714020,72.2,153,6144793,66.08,267,4496548,48.35,618,809267,8.7
2022-05-18,62.17,8.67,29.16,43,6714063,72.2,99,6144892,66.08,169,4496717,48.36,447,809714,8.71
2022-05-19,62.16,8.68,29.16,62,6714125,72.2,173,6145065,66.08,213,4496930,48.36,499,810213,8.71
2022-05-20,62.15,8.69,29.16,76,6714201,72.2,114,6145179,66.08,130,4497060,48.36,138,810351,8.71
2022-05-21,62.14,8.7,29.16,4,6714205,72.2,7,6145186,66.08,15,4497075,48.36,18,810369,8.71
2022-05-22,62.14,8.71,29.16,85,6714290,72.2,190,6145376,66.08,216,4497291,48.36,427,810796,8.72
2022-05-23,62.14,8.71,29.16,65,6714355,72.2,121,6145497,66.09,156,4497447,48.36,348,811144,8.72
2022-05-24,62.13,8.71,29.15,43,6714398,72.2,119,6145616,66.09,157,4497604,48.37,394,811538,8.73
2022-05-25,62.12,8.72,29.15,61,6714459,72.2,103,6145719,66.09,168,4497772,48.37,337,811875,8.73
2022-05-26,62.11,8.73,29.16,72,6714531,72.2,136,6145855,66.09,186,4497958,48.37,347,812222,8.73
2022-05-27,62.1,8.74,29.16,12,6714543,72.2,29,6145884,66.09,43,4498001,48.37,59,812281,8.73
2022-05-28,62.09,8.75,29.16,2,6714545,72.2,5,6145889,66.09,8,4498009,48.37,12,812293,8.74
2022-05-29,62.09,8.75,29.16,89,6714634,72.21,153,6146042,66.09,163,4498172,48.37,316,812609,8.74
2022-05-30,62.09,8.76,29.16,56,6714690,72.21,134,6146176,66.09,125,4498297,48.37,291,812900,8.74
2022-05-31,62.07,8.78,29.15,45,6714735,72.21,104,6146280,66.09,153,4498450,48.37,351,813251,8.75
2022-06-01,61.95,8.9,29.16,65,6714800,72.21,90,6146370,66.09,119,4498569,48.38,277,813528,8.75
2022-06-02,45.96,24.88,29.15,77,6714877,72.21,156,6146526,66.1,178,4498747,48.38,255,813783,8.75
2022-06-03,45.9,24.95,29.16,10,6714887,72.21,23,6146549,66.1,21,4498768,48.38,33,813816,8.75
2022-06-04,45.84,25,29.16,0,6714887,72.21,7,6146556,66.1,8,4498776,48.38,5,813821,8.75
2022-06-05,45.8,25.05,29.16,11,6714898,72.21,14,6146570,66.1,7,4498783,48.38,2,813823,8.75
2022-06-06,39.96,30.89,29.16,58,6714956,72.21,145,6146715,66.1,161,4498944,48.38,262,814085,8.75
2022-06-07,39.92,30.93,29.15,54,6715010,72.21,134,6146849,66.1,142,4499086,48.38,379,814464,8.76
2022-06-08,39.89,30.96,29.15,59,6715069,72.21,104,6146953,66.1,131,4499217,48.38,497,814961,8.76
2022-06-09,39.86,30.99,29.15,84,6715153,72.21,208,6147161,66.1,234,4499451,48.38,642,815603,8.77
2022-06-10,39.83,31.02,29.15,14,6715167,72.21,51,6147212,66.1,59,4499510,48.39,142,815745,8.77
2022-06-11,39.8,31.05,29.15,0,6715167,72.21,3,6147215,66.1,7,4499517,48.39,19,815764,8.77
2022-06-12,39.8,31.05,29.15,109,6715276,72.21,199,6147414,66.11,191,4499708,48.39,767,816531,8.78
2022-06-13,39.81,31.04,29.15,84,6715360,72.21,142,6147556,66.11,168,4499876,48.39,626,817157,8.79
2022-06-14,39.79,31.06,29.15,116,6715476,72.21,173,6147729,66.11,208,4500084,48.39,759,817916,8.8
2022-06-15,39.78,31.08,29.15,71,6715547,72.22,141,6147870,66.11,207,4500291,48.39,700,818616,8.8
2022-06-16,39.74,31.11,29.14,94,6715641,72.22,136,6148006,66.11,218,4500509,48.4,742,819358,8.81
2022-06-17,39.72,31.14,29.15,16,6715657,72.22,63,6148069,66.11,53,4500562,48.4,125,819483,8.81
2022-06-18,39.68,31.17,29.14,3,6715660,72.22,4,6148073,66.11,11,4500573,48.4,15,819498,8.81
2022-06-19,39.53,31.33,29.15,115,6715775,72.22,208,6148281,66.12,318,4500891,48.4,877,820375,8.82
2022-06-20,33.92,36.85,29.23,99,6715874,72.22,152,6148433,66.12,307,4501198,48.4,922,821297,8.83
2022-06-21,33.58,37.19,29.23,94,6715968,72.22,154,6148587,66.12,375,4501573,48.41,1229,822526,8.85
2022-06-22,33.28,37.49,29.23,110,6716078,72.22,136,6148723,66.12,339,4501912,48.41,894,823420,8.85
2022-06-23,32.84,37.92,29.23,132,6716210,72.22,217,6148940,66.12,525,4502437,48.42,1146,824566,8.87
2022-06-24,32.43,38.34,29.24,19,6716229,72.22,35,6148975,66.12,110,4502547,48.42,208,824774,8.87
2022-06-25,32.04,38.72,29.24,1,6716230,72.22,3,6148978,66.12,13,4502560,48.42,16,824790,8.87
2022-06-26,31.63,39.13,29.24,107,6716337,72.22,158,6149136,66.12,379,4502939,48.42,933,825723,8.88
2022-06-27,31.29,39.47,29.24,86,6716423,72.23,172,6149308,66.13,392,4503331,48.43,1028,826751,8.89
2022-06-28,30.86,39.91,29.24,85,6716508,72.23,151,6149459,66.13,363,4503694,48.43,932,827683,8.9
2022-06-29,30.48,40.28,29.24,76,6716584,72.23,108,6149567,66.13,265,4503959,48.43,816,828499,8.91
2022-06-30,30.05,40.71,29.24,86,6716670,72.23,165,6149732,66.13,355,4504314,48.44,1062,829561,8.92
2022-07-01,29.62,41.14,29.24,22,6716692,72.23,28,6149760,66.13,55,4504369,48.44,80,829641,8.92
2022-07-02,29.2,41.56,29.24,1,6716693,72.23,2,6149762,66.13,8,4504377,48.44,18,829659,8.92
2022-07-03,28.81,41.95,29.24,100,6716793,72.23,177,6149939,66.13,322,4504699,48.44,637,830296,8.93
2022-07-04,28.5,42.26,29.24,76,6716869,72.23,140,6150079,66.13,278,4504977,48.44,749,831045,8.94
2022-07-05,28.06,42.7,29.24,59,6716928,72.23,142,6150221,66.14,302,4505279,48.45,688,831733,8.94
2022-07-06,27.39,43.37,29.24,78,6717006,72.23,124,6150345,66.14,211,4505490,48.45,646,832379,8.95
2022-07-07,26.48,44.28,29.24,82,6717088,72.23,164,6150509,66.14,267,4505757,48.45,721,833100,8.96
2022-07-08,25.47,45.29,29.24,17,6717105,72.23,33,6150542,66.14,69,4505826,48.45,131,833231,8.96
2022-07-09,24.42,46.34,29.24,0,6717105,72.23,1,6150543,66.14,3,4505829,48.45,3,833234,8.96
2022-07-10,23.77,46.99,29.24,90,6717195,72.23,164,6150707,66.14,229,4506058,48.46,470,833704,8.97
2022-07-11,23.22,47.54,29.24,64,6717259,72.23,142,6150849,66.14,248,4506306,48.46,575,834279,8.97
2022-07-12,22.13,48.63,29.24,69,6717328,72.23,129,6150978,66.14,207,4506513,48.46,558,834837,8.98
2022-07-13,21.1,49.66,29.24,43,6717371,72.24,101,6151079,66.15,165,4506678,48.46,488,835325,8.98
2022-07-14,20.12,50.63,29.24,70,6717441,72.24,147,6151226,66.15,208,4506886,48.46,513,835838,8.99
2022-07-15,19.27,51.48,29.25,64,6717505,72.24,88,6151314,66.15,127,4507013,48.47,168,836006,8.99
2022-07-16,18.29,52.46,29.25,0,6717505,72.24,6,6151320,66.15,7,4507020,48.47,8,836014,8.99
2022-07-17,17.83,52.92,29.25,77,6717582,72.24,183,6151503,66.15,241,4507261,48.47,468,836482,9
2022-07-18,17.48,53.26,29.26,62,6717644,72.24,158,6151661,66.15,207,4507468,48.47,511,836993,9
2022-07-19,16.77,53.97,29.26,63,6717707,72.24,147,6151808,66.15,173,4507641,48.47,368,837361,9
2022-07-20,16.09,54.64,29.26,51,6717758,72.24,134,6151942,66.16,137,4507778,48.47,423,837784,9.01
2022-07-21,15.43,55.3,29.27,61,6717819,72.24,160,6152102,66.16,177,4507955,48.48,341,838125,9.01
2022-07-22,14.64,56.08,29.28,10,6717829,72.24,36,6152138,66.16,43,4507998,48.48,56,838181,9.01
2022-07-23,14.17,56.55,29.28,0,6717829,72.24,4,6152142,66.16,4,4508002,48.48,9,838190,9.01
2022-07-24,13.55,57.16,29.29,58,6717887,72.24,128,6152270,66.16,197,4508199,48.48,364,838554,9.02
2022-07-25,13.09,57.61,29.3,48,6717935,72.24,107,6152377,66.16,172,4508371,48.48,336,838890,9.02
2022-07-26,12.46,58.23,29.3,47,6717982,72.24,99,6152476,66.16,111,4508482,48.48,270,839160,9.02
2022-07-27,11.89,58.8,29.31,43,6718025,72.24,125,6152601,66.16,132,4508614,48.48,243,839403,9.03
2022-07-28,11.35,59.34,29.31,62,6718087,72.24,143,6152744,66.16,148,4508762,48.48,220,839623,9.03
2022-07-29,10.85,59.83,29.32,10,6718097,72.24,25,6152769,66.16,27,4508789,48.49,31,839654,9.03
2022-07-30,10.34,60.33,29.33,0,6718097,72.24,0,6152769,66.16,1,4508790,48.49,1,839655,9.03
2022-07-31,9.97,60.7,29.33,56,6718153,72.24,134,6152903,66.17,131,4508921,48.49,252,839907,9.03
2022-08-01,9.47,61.19,29.34,54,6718207,72.24,76,6152979,66.17,91,4509012,48.49,152,840059,9.03
2022-08-02,8.92,61.73,29.35,111,6718318,72.25,119,6153098,66.17,157,4509169,48.49,264,840323,9.04
2022-08-03,8.46,62.19,29.35,76,6718394,72.25,71,6153169,66.17,92,4509261,48.49,180,840503,9.04
2022-08-04,8.04,62.61,29.36,133,6718527,72.25,133,6153302,66.17,111,4509372,48.49,246,840749,9.04
2022-08-05,7.71,62.93,29.36,31,6718558,72.25,23,6153325,66.17,13,4509385,48.49,24,840773,9.04
2022-08-06,7.32,63.32,29.36,1,6718559,72.25,2,6153327,66.17,3,4509388,48.49,5,840778,9.04
2022-08-07,6.92,63.71,29.37,89,6718648,72.25,97,6153424,66.17,69,4509457,48.49,169,840947,9.04
2022-08-08,6.74,63.89,29.37,109,6718757,72.25,92,6153516,66.17,92,4509549,48.49,172,841119,9.05
2022-08-09,6.25,64.37,29.38,96,6718853,72.25,90,6153606,66.17,99,4509648,48.49,213,841332,9.05
2022-08-10,5.91,64.71,29.38,77,6718930,72.25,60,6153666,66.17,76,4509724,48.5,115,841447,9.05
2022-08-11,5.59,65.03,29.38,54,6718984,72.25,101,6153767,66.17,91,4509815,48.5,155,841602,9.05
2022-08-12,5.35,65.27,29.38,8,6718992,72.25,12,6153779,66.17,18,4509833,48.5,29,841631,9.05
2022-08-13,5.1,65.52,29.38,0,6718992,72.25,2,6153781,66.17,2,4509835,48.5,3,841634,9.05
2022-08-14,4.87,65.75,29.39,74,6719066,72.25,75,6153856,66.18,82,4509917,48.5,150,841784,9.05
2022-08-15,4.74,65.87,29.39,69,6719135,72.25,81,6153937,66.18,92,4510009,48.5,143,841927,9.05
2022-08-16,4.46,66.15,29.39,82,6719217,72.26,84,6154021,66.18,83,4510092,48.5,187,842114,9.06
2022-08-17,4.16,66.44,29.39,47,6719264,72.26,56,6154077,66.18,36,4510128,48.5,115,842229,9.06
2022-08-18,3.98,66.63,29.39,70,6719334,72.26,93,6154170,66.18,120,4510248,48.5,173,842402,9.06
2022-08-19,3.83,66.78,29.39,78,6719412,72.26,67,6154237,66.18,57,4510305,48.5,38,842440,9.06
2022-08-20,3.67,66.94,29.39,1,6719413,72.26,1,6154238,66.18,3,4510308,48.5,3,842443,9.06
2022-08-21,3.52,67.08,29.4,52,6719465,72.26,85,6154323,66.18,84,4510392,48.5,197,842640,9.06
2022-08-22,3.44,67.16,29.4,89,6719554,72.26,74,6154397,66.18,103,4510495,48.5,144,842784,9.06
2022-08-23,3.27,67.33,29.4,72,6719626,72.26,106,6154503,66.18,84,4510579,48.5,180,842964,9.06
2022-08-24,3.15,67.46,29.4,38,6719664,72.26,80,6154583,66.18,49,4510628,48.51,133,843097,9.07
2022-08-25,3.03,67.57,29.4,53,6719717,72.26,75,6154658,66.18,97,4510725,48.51,193,843290,9.07
2022-08-26,2.94,67.66,29.4,4,6719721,72.26,15,6154673,66.18,9,4510734,48.51,14,843304,9.07
2022-08-27,2.84,67.76,29.4,0,6719721,72.26,0,6154673,66.18,0,4510734,48.51,0,843304,9.07
2022-08-28,2.75,67.85,29.4,55,6719776,72.26,80,6154753,66.19,85,4510819,48.51,102,843406,9.07
2022-08-29,2.69,67.91,29.4,48,6719824,72.26,68,6154821,66.19,89,4510908,48.51,107,843513,9.07
2022-08-30,2.6,68,29.4,85,6719909,72.26,113,6154934,66.19,85,4510993,48.51,131,843644,9.07
2022-08-31,2.53,68.07,29.4,42,6719951,72.26,89,6155023,66.19,70,4511063,48.51,96,843740,9.07
2022-09-01,2.46,68.14,29.4,29,6719980,72.26,84,6155107,66.19,58,4511121,48.51,113,843853,9.07
2022-09-02,2.4,68.2,29.4,6,6719986,72.26,20,6155127,66.19,13,4511134,48.51,10,843863,9.07
2022-09-03,2.33,68.27,29.4,2,6719988,72.26,0,6155127,66.19,3,4511137,48.51,1,843864,9.07
2022-09-04,2.27,68.32,29.4,64,6720052,72.26,133,6155260,66.19,80,4511217,48.51,121,843985,9.08
2022-09-05,2.23,68.37,29.4,44,6720096,72.26,77,6155337,66.19,58,4511275,48.51,90,844075,9.08
2022-09-06,2.17,68.42,29.4,60,6720156,72.27,104,6155441,66.19,78,4511353,48.51,130,844205,9.08
2022-09-07,2.12,68.47,29.4,28,6720184,72.27,63,6155504,66.19,53,4511406,48.51,95,844300,9.08
2022-09-08,2.07,68.53,29.4,50,6720234,72.27,101,6155605,66.19,70,4511476,48.51,77,844377,9.08
2022-09-09,2.03,68.57,29.4,10,6720244,72.27,21,6155626,66.19,16,4511492,48.51,17,844394,9.08
2022-09-10,1.97,68.62,29.4,1,6720245,72.27,0,6155626,66.19,5,4511497,48.51,2,844396,9.08
2022-09-11,1.92,68.67,29.41,39,6720284,72.27,117,6155743,66.2,78,4511575,48.52,116,844512,9.08
2022-09-12,1.88,68.71,29.41,24,6720308,72.27,72,6155815,66.2,52,4511627,48.52,68,844580,9.08
2022-09-13,1.82,68.77,29.41,44,6720352,72.27,113,6155928,66.2,54,4511681,48.52,103,844683,9.08
2022-09-14,1.78,68.82,29.41,21,6720373,72.27,64,6155992,66.2,54,4511735,48.52,62,844745,9.08
2022-09-15,1.73,68.86,29.41,32,6720405,72.27,77,6156069,66.2,63,4511798,48.52,107,844852,9.09
2022-09-16,1.7,68.89,29.41,51,6720456,72.27,52,6156121,66.2,27,4511825,48.52,28,844880,9.09
2022-09-17,1.66,68.93,29.41,3,6720459,72.27,0,6156121,66.2,1,4511826,48.52,0,844880,9.09
2022-09-18,1.63,68.96,29.41,28,6720487,72.27,66,6156187,66.2,52,4511878,48.52,115,844995,9.09
2022-09-19,1.61,68.98,29.41,28,6720515,72.27,74,6156261,66.2,44,4511922,48.52,57,845052,9.09
2022-09-20,1.56,69.03,29.41,41,6720556,72.27,94,6156355,66.2,75,4511997,48.52,102,845154,9.09
2022-09-21,1.55,69.05,29.41,22,6720578,72.27,54,6156409,66.2,29,4512026,48.52,56,845210,9.09
2022-09-22,1.52,69.07,29.4,42,6720620,72.27,56,6156465,66.2,27,4512053,48.52,41,845251,9.09
2022-09-23,1.5,69.1,29.41,7,6720627,72.27,11,6156476,66.2,4,4512057,48.52,1,845252,9.09
2022-09-24,1.47,69.13,29.41,0,6720627,72.27,0,6156476,66.2,1,4512058,48.52,0,845252,9.09
2022-09-25,1.46,69.13,29.41,5,6720632,72.27,20,6156496,66.2,10,4512068,48.52,27,845279,9.09
2022-09-26,1.46,69.13,29.41,0,6720632,72.27,5,6156501,66.2,2,4512070,48.52,2,845281,9.09
2022-09-27,1.42,69.17,29.41,2,6720634,72.27,0,6156501,66.2,3,4512073,48.52,3,845284,9.09
2022-09-28,1.39,69.21,29.41,24,6720658,72.27,36,6156537,66.2,25,4512098,48.52,17,845301,9.09
2022-09-29,1.37,69.22,29.41,32,6720690,72.27,61,6156598,66.2,13,4512111,48.52,48,845349,9.09
2022-09-30,1.35,69.24,29.41,4,6720694,72.27,12,6156610,66.21,2,4512113,48.52,0,845349,9.09
2022-10-01,1.31,69.29,29.41,0,6720694,72.27,1,6156611,66.21,1,4512114,48.52,1,845350,9.09
2022-10-02,1.31,69.29,29.41,28,6720722,72.27,51,6156662,66.21,20,4512134,48.52,73,845423,9.09
2022-10-03,1.31,69.28,29.4,23,6720745,72.27,29,6156691,66.21,13,4512147,48.52,12,845435,9.09
2022-10-04,1.27,69.32,29.4,7,6720752,72.27,11,6156702,66.21,0,4512147,48.52,1,845436,9.09
2022-10-05,1.28,69.31,29.4,1,6720753,72.27,0,6156702,66.21,0,4512147,48.52,1,845437,9.09
2022-10-06,1.31,69.28,29.4,17,6720770,72.27,43,6156745,66.21,10,4512157,48.52,20,845457,9.09
2022-10-07,1.3,69.29,29.41,3,6720773,72.27,3,6156748,66.21,4,4512161,48.52,0,845457,9.09
2022-10-08,1.26,69.33,29.41,1,6720774,72.27,1,6156749,66.21,0,4512161,48.52,1,845458,9.09
2022-10-09,1.31,69.28,29.41,7,6720781,72.27,22,6156771,66.21,6,4512167,48.52,5,845463,9.09
2022-10-10,1.38,69.22,29.4,5,6720786,72.27,2,6156773,66.21,0,4512167,48.52,0,845463,9.09
2022-10-11,1.36,69.24,29.4,12,6720798,72.27,32,6156805,66.21,1,4512168,48.52,32,845495,9.09
2022-10-12,1.34,69.26,29.4,13,6720811,72.27,24,6156829,66.21,5,4512173,48.52,4,845499,9.09
2022-10-13,1.4,69.2,29.4,17,6720828,72.27,16,6156845,66.21,5,4512178,48.52,9,845508,9.09
2022-10-14,1.4,69.2,29.4,6,6720834,72.27,7,6156852,66.21,4,4512182,48.52,3,845511,9.09
2022-10-15,1.38,69.22,29.4,0,6720834,72.27,1,6156853,66.21,0,4512182,48.52,1,845512,9.09
2022-10-16,1.39,69.2,29.4,4,6720838,72.27,13,6156866,66.21,5,4512187,48.52,8,845520,9.09
2022-10-17,1.39,69.2,29.4,1,6720839,72.27,1,6156867,66.21,4,4512191,48.52,1,845521,9.09
2022-10-18,1.43,69.17,29.4,24,6720863,72.27,31,6156898,66.21,14,4512205,48.52,16,845537,9.09
2022-10-19,1.47,69.12,29.4,18,6720881,72.27,25,6156923,66.21,7,4512212,48.52,3,845540,9.09
2022-10-20,1.5,69.1,29.4,26,6720907,72.27,44,6156967,66.21,12,4512224,48.52,4,845544,9.09
2022-10-21,1.5,69.09,29.4,4,6720911,72.27,7,6156974,66.21,2,4512226,48.52,4,845548,9.09
2022-10-22,1.49,69.1,29.4,0,6720911,72.27,0,6156974,66.21,0,4512226,48.52,0,845548,9.09
2022-10-23,1.51,69.08,29.4,15,6720926,72.27,33,6157007,66.21,18,4512244,48.52,10,845558,9.09
2022-10-24,1.51,69.08,29.41,20,6720946,72.27,16,6157023,66.21,19,4512263,48.52,9,845567,9.09
2022-10-25,1.55,69.04,29.4,18,6720964,72.27,34,6157057,66.21,22,4512285,48.52,21,845588,9.09
2022-10-26,1.61,68.99,29.4,18,6720982,72.27,25,6157082,66.21,8,4512293,48.52,10,845598,9.09
2022-10-27,1.67,68.93,29.4,17,6720999,72.27,27,6157109,66.21,14,4512307,48.52,17,845615,9.09
2022-10-28,1.67,68.93,29.4,54,6721053,72.27,49,6157158,66.21,31,4512338,48.52,18,845633,9.09
2022-10-29,1.66,68.94,29.4,0,6721053,72.27,0,6157158,66.21,0,4512338,48.52,0,845633,9.09
2022-10-30,1.71,68.89,29.4,15,6721068,72.28,23,6157181,66.21,15,4512353,48.52,9,845642,9.09
2022-10-31,1.76,68.84,29.4,17,6721085,72.28,16,6157197,66.21,8,4512361,48.52,9,845651,9.09
2022-11-01,1.82,68.78,29.4,2,6721087,72.28,1,6157198,66.21,1,4512362,48.52,0,845651,9.09
2022-11-02,1.88,68.72,29.4,13,6721100,72.28,13,6157211,66.21,7,4512369,48.52,8,845659,9.09
2022-11-03,1.96,68.64,29.4,17,6721117,72.28,18,6157229,66.21,11,4512380,48.52,8,845667,9.09
2022-11-04,1.98,68.63,29.4,4,6721121,72.28,6,6157235,66.21,1,4512381,48.52,2,845669,9.09
2022-11-05,1.97,68.63,29.4,0,6721121,72.28,0,6157235,66.21,0,4512381,48.52,0,845669,9.09
2022-11-06,2.03,68.57,29.4,27,6721148,72.28,33,6157268,66.21,11,4512392,48.52,23,845692,9.09
2022-11-07,2.1,68.51,29.4,15,6721163,72.28,11,6157279,66.21,10,4512402,48.52,54,845746,9.09
2022-11-08,2.1,68.5,29.4,28,6721191,72.28,26,6157305,66.21,14,4512416,48.52,9,845755,9.09
2022-11-09,2.16,68.45,29.4,16,6721207,72.28,20,6157325,66.21,17,4512433,48.52,9,845764,9.09
2022-11-10,2.22,68.39,29.4,28,6721235,72.28,17,6157342,66.21,11,4512444,48.52,6,845770,9.1
2022-11-11,2.23,68.37,29.4,1,6721236,72.28,17,6157359,66.21,2,4512446,48.52,1,845771,9.1
2022-11-12,2.22,68.38,29.4,1,6721237,72.28,0,6157359,66.21,2,4512448,48.52,0,845771,9.1
2022-11-13,2.29,68.31,29.4,29,6721266,72.28,31,6157390,66.21,17,4512465,48.52,8,845779,9.1
2022-11-14,2.37,68.23,29.4,20,6721286,72.28,17,6157407,66.21,21,4512486,48.52,16,845795,9.1
2022-11-15,2.43,68.17,29.4,40,6721326,72.28,25,6157432,66.21,16,4512502,48.53,18,845813,9.1
2022-11-16,2.5,68.1,29.4,14,6721340,72.28,27,6157459,66.21,16,4512518,48.53,11,845824,9.1
2022-11-17,2.59,68.02,29.4,19,6721359,72.28,33,6157492,66.21,18,4512536,48.53,5,845829,9.1
2022-11-18,2.61,67.99,29.4,6,6721365,72.28,4,6157496,66.21,4,4512540,48.53,0,845829,9.1
2022-11-19,2.6,68,29.4,0,6721365,72.28,0,6157496,66.21,0,4512540,48.53,0,845829,9.1
2022-11-20,2.67,67.93,29.4,19,6721384,72.28,19,6157515,66.21,6,4512546,48.53,13,845842,9.1
2022-11-21,2.76,67.85,29.4,14,6721398,72.28,13,6157528,66.22,6,4512552,48.53,6,845848,9.1
2022-11-22,2.83,67.77,29.4,27,6721425,72.28,13,6157541,66.22,17,4512569,48.53,6,845854,9.1
2022-11-23,2.9,67.7,29.4,17,6721442,72.28,20,6157561,66.22,4,4512573,48.53,8,845862,9.1
2022-11-24,2.98,67.62,29.4,9,6721451,72.28,16,6157577,66.22,13,4512586,48.53,27,845889,9.1
2022-11-25,3,67.6,29.4,12,6721463,72.28,45,6157622,66.22,14,4512600,48.53,12,845901,9.1
2022-11-26,3,67.61,29.4,0,6721463,72.28,2,6157624,66.22,0,4512600,48.53,0,845901,9.1
2022-11-27,3.06,67.54,29.4,14,6721477,72.28,15,6157639,66.22,19,4512619,48.53,2,845903,9.1
2022-11-28,3.14,67.47,29.4,8,6721485,72.28,23,6157662,66.22,8,4512627,48.53,6,845909,9.1
2022-11-29,3.2,67.4,29.4,38,6721523,72.28,31,6157693,66.22,19,4512646,48.53,14,845923,9.1
2022-11-30,3.27,67.34,29.39,12,6721535,72.28,25,6157718,66.22,20,4512666,48.53,8,845931,9.1
2022-12-01,3.34,67.26,29.39,13,6721548,72.28,18,6157736,66.22,15,4512681,48.53,4,845935,9.1
2022-12-02,3.36,67.24,29.39,2,6721550,72.28,7,6157743,66.22,4,4512685,48.53,10,845945,9.1
2022-12-03,3.36,67.24,29.39,0,6721550,72.28,0,6157743,66.22,0,4512685,48.53,1,845946,9.1
2022-12-04,3.42,67.18,29.39,37,6721587,72.28,27,6157770,66.22,30,4512715,48.53,26,845972,9.1
2022-12-05,3.48,67.12,29.4,9,6721596,72.28,17,6157787,66.22,11,4512726,48.53,20,845992,9.1
2022-12-06,3.55,67.06,29.39,32,6721628,72.28,26,6157813,66.22,27,4512753,48.53,8,846000,9.1
2022-12-07,3.62,66.99,29.39,10,6721638,72.28,17,6157830,66.22,8,4512761,48.53,8,846008,9.1
2022-12-08,3.69,66.91,29.39,18,6721656,72.28,31,6157861,66.22,15,4512776,48.53,3,846011,9.1
2022-12-09,3.71,66.9,29.39,4,6721660,72.28,1,6157862,66.22,1,4512777,48.53,7,846018,9.1
2022-12-10,3.7,66.91,29.39,1,6721661,72.28,0,6157862,66.22,2,4512779,48.53,0,846018,9.1
2022-12-11,3.76,66.84,29.39,16,6721677,72.28,22,6157884,66.22,15,4512794,48.53,16,846034,9.1
2022-12-12,3.82,66.78,29.39,15,6721692,72.28,14,6157898,66.22,5,4512799,48.53,0,846034,9.1
2022-12-13,3.87,66.73,29.39,17,6721709,72.28,44,6157942,66.22,18,4512817,48.53,13,846047,9.1
2022-12-14,3.92,66.69,29.39,17,6721726,72.28,16,6157958,66.22,7,4512824,48.53,3,846050,9.1
2022-12-15,3.97,66.64,29.39,22,6721748,72.28,19,6157977,66.22,7,4512831,48.53,12,846062,9.1
2022-12-16,3.98,66.62,29.39,12,6721760,72.28,4,6157981,66.22,1,4512832,48.53,0,846062,9.1
2022-12-17,3.97,66.63,29.39,0,6721760,72.28,0,6157981,66.22,0,4512832,48.53,0,846062,9.1
2022-12-18,4.01,66.59,29.39,9,6721769,72.28,18,6157999,66.22,8,4512840,48.53,3,846065,9.1
2022-12-19,4.06,66.54,29.4,7,6721776,72.28,14,6158013,66.22,12,4512852,48.53,1,846066,9.1
2022-12-20,4.1,66.51,29.39,12,6721788,72.28,17,6158030,66.22,2,4512854,48.53,2,846068,9.1
2022-12-21,4.14,66.47,29.39,9,6721797,72.28,14,6158044,66.22,13,4512867,48.53,3,846071,9.1
2022-12-22,4.18,66.42,29.39,4,6721801,72.28,10,6158054,66.22,14,4512881,48.53,1,846072,9.1
2022-12-23,4.19,66.42,29.39,10,6721811,72.28,0,6158054,66.22,2,4512883,48.53,0,846072,9.1
2022-12-24,4.18,66.43,29.39,0,6721811,72.28,0,6158054,66.22,0,4512883,48.53,0,846072,9.1
2022-12-25,4.21,66.4,29.39,6,6721817,72.28,17,6158071,66.22,1,4512884,48.53,2,846074,9.1
2022-12-26,4.24,66.36,29.39,17,6721834,72.28,6,6158077,66.22,13,4512897,48.53,0,846074,9.1
2022-12-27,4.25,66.36,29.39,24,6721858,72.28,24,6158101,66.22,17,4512914,48.53,7,846081,9.1
2022-12-28,4.26,66.34,29.39,17,6721875,72.28,18,6158119,66.22,25,4512939,48.53,64,846145,9.1
2022-12-29,4.28,66.33,29.39,15,6721890,72.28,23,6158142,66.22,14,4512953,48.53,4,846149,9.1
2022-12-30,4.27,66.33,29.4,4,6721894,72.28,5,6158147,66.22,3,4512956,48.53,1,846150,9.1
2022-12-31,4.26,66.35,29.4,0,6721894,72.28,1,6158148,66.22,0,4512956,48.53,0,846150,9.1
2023-01-01,4.27,66.33,29.4,6,6721900,72.28,22,6158170,66.22,2,4512958,48.53,1,846151,9.1
2023-01-02,4.29,66.31,29.4,10,6721910,72.28,8,6158178,66.22,3,4512961,48.53,1,846152,9.1
2023-01-03,4.3,66.3,29.4,20,6721930,72.28,17,6158195,66.22,7,4512968,48.53,3,846155,9.1
2023-01-04,4.3,66.3,29.4,7,6721937,72.28,11,6158206,66.22,4,4512972,48.53,2,846157,9.1
2023-01-05,4.31,66.29,29.39,12,6721949,72.28,19,6158225,66.22,11,4512983,48.53,4,846161,9.1
2023-01-06,4.31,66.29,29.4,2,6721951,72.28,1,6158226,66.22,1,4512984,48.53,0,846161,9.1
2023-01-07,4.3,66.31,29.4,1,6721952,72.28,0,6158226,66.22,0,4512984,48.53,0,846161,9.1
2023-01-08,4.33,66.28,29.4,14,6721966,72.28,33,6158259,66.22,10,4512994,48.53,2,846163,9.1
2023-01-09,4.34,66.26,29.4,12,6721978,72.28,20,6158279,66.22,1,4512995,48.53,1,846164,9.1
2023-01-10,4.35,66.25,29.4,39,6722017,72.29,27,6158306,66.22,10,4513005,48.53,4,846168,9.1
2023-01-11,4.36,66.25,29.4,14,6722031,72.29,18,6158324,66.22,11,4513016,48.53,2,846170,9.1
2023-01-12,4.37,66.24,29.39,22,6722053,72.29,20,6158344,66.22,11,4513027,48.53,2,846172,9.1
2023-01-13,4.36,66.24,29.4,3,6722056,72.29,2,6158346,66.22,0,4513027,48.53,0,846172,9.1
2023-01-14,4.35,66.25,29.4,1,6722057,72.29,0,6158346,66.22,0,4513027,48.53,0,846172,9.1
2023-01-15,4.36,66.24,29.4,17,6722074,72.29,16,6158362,66.22,4,4513031,48.53,3,846175,9.1
2023-01-16,4.38,66.22,29.4,9,6722083,72.29,15,6158377,66.22,6,4513037,48.53,0,846175,9.1
2023-01-17,4.38,66.22,29.4,15,6722098,72.29,14,6158391,66.22,6,4513043,48.53,0,846175,9.1
2023-01-18,4.39,66.21,29.4,7,6722105,72.29,8,6158399,66.22,3,4513046,48.53,1,846176,9.1
2023-01-19,4.4,66.2,29.4,13,6722118,72.29,15,6158414,66.22,2,4513048,48.53,4,846180,9.1
2023-01-20,4.39,66.2,29.4,4,6722122,72.29,2,6158416,66.22,0,4513048,48.53,1,846181,9.1
2023-01-21,4.39,66.21,29.4,0,6722122,72.29,0,6158416,66.22,0,4513048,48.53,0,846181,9.1
2023-01-22,4.4,66.2,29.4,8,6722130,72.29,3,6158419,66.22,8,4513056,48.53,4,846185,9.1
2023-01-23,4.41,66.19,29.4,11,6722141,72.29,5,6158424,66.22,6,4513062,48.53,0,846185,9.1
2023-01-24,4.41,66.19,29.4,21,6722162,72.29,21,6158445,66.22,11,4513073,48.53,2,846187,9.1
2023-01-25,4.41,66.18,29.4,5,6722167,72.29,5,6158450,66.22,0,4513073,48.53,2,846189,9.1
2023-01-26,4.42,66.18,29.4,10,6722177,72.29,15,6158465,66.23,9,4513082,48.53,2,846191,9.1
2023-01-27,4.41,66.18,29.4,0,6722177,72.29,9,6158474,66.23,0,4513082,48.53,0,846191,9.1
2023-01-28,4.41,66.19,29.4,0,6722177,72.29,0,6158474,66.23,0,4513082,48.53,0,846191,9.1
2023-01-29,4.41,66.19,29.41,12,6722189,72.29,8,6158482,66.23,5,4513087,48.53,2,846193,9.1
2023-01-30,4.42,66.17,29.41,9,6722198,72.29,16,6158498,66.23,2,4513089,48.53,1,846194,9.1
2023-01-31,4.42,66.17,29.41,20,6722218,72.29,23,6158521,66.23,3,4513092,48.53,1,846195,9.1
2023-02-01,4.32,64.71,30.96,10,6722228,72.29,11,6158532,66.23,4,4513096,48.53,0,846195,9.1
2023-02-02,4.33,64.71,30.96,14,6722242,72.29,31,6158563,66.23,3,4513099,48.53,0,846195,9.1
2023-02-03,4.32,64.71,30.97,3,6722245,72.29,1,6158564,66.23,0,4513099,48.53,1,846196,9.1
2023-02-04,4.32,64.72,30.97,0,6722245,72.29,0,6158564,66.23,0,4513099,48.53,0,846196,9.1
2023-02-05,4.32,64.71,30.97,15,6722260,72.29,8,6158572,66.23,6,4513105,48.53,4,846200,9.1
2023-02-06,4.33,64.7,30.97,17,6722277,72.29,13,6158585,66.23,4,4513109,48.53,0,846200,9.1
2023-02-07,4.33,64.7,30.97,22,6722299,72.29,22,6158607,66.23,8,4513117,48.53,2,846202,9.1
2023-02-08,4.33,64.7,30.97,15,6722314,72.29,14,6158621,66.23,1,4513118,48.53,0,846202,9.1
2023-02-09,4.33,64.7,30.97,35,6722349,72.29,33,6158654,66.23,5,4513123,48.53,2,846204,9.1
2023-02-10,4.33,64.7,30.97,2,6722351,72.29,3,6158657,66.23,2,4513125,48.53,0,846204,9.1
2023-02-11,4.33,64.7,30.97,2,6722353,72.29,1,6158658,66.23,0,4513125,48.53,0,846204,9.1
2023-02-12,4.33,64.7,30.97,15,6722368,72.29,18,6158676,66.23,3,4513128,48.53,2,846206,9.1
2023-02-13,4.33,64.7,30.97,14,6722382,72.29,20,6158696,66.23,8,4513136,48.53,2,846208,9.1
2023-02-14,4.33,64.7,30.97,20,6722402,72.29,8,6158704,66.23,7,4513143,48.53,5,846213,9.1
2023-02-15,4.33,64.7,30.97,10,6722412,72.29,16,6158720,66.23,3,4513146,48.53,0,846213,9.1
2023-02-16,4.33,64.7,30.97,22,6722434,72.29,24,6158744,66.23,2,4513148,48.53,0,846213,9.1
2023-02-17,4.33,64.7,30.97,5,6722439,72.29,2,6158746,66.23,1,4513149,48.53,0,846213,9.1
2023-02-18,4.33,64.7,30.97,0,6722439,72.29,0,6158746,66.23,0,4513149,48.53,0,846213,9.1
2023-02-19,4.33,64.7,30.98,16,6722455,72.29,13,6158759,66.23,1,4513150,48.53,0,846213,9.1
2023-02-20,4.33,64.69,30.98,9,6722464,72.29,10,6158769,66.23,1,4513151,48.53,0,846213,9.1
2023-02-21,4.33,64.69,30.98,40,6722504,72.29,18,6158787,66.23,5,4513156,48.53,1,846214,9.1
2023-02-22,4.33,64.7,30.98,6,6722510,72.29,9,6158796,66.23,8,4513164,48.53,0,846214,9.1
2023-02-23,4.33,64.7,30.98,1,6722511,72.29,8,6158804,66.23,2,4513166,48.53,2,846216,9.1
