Date,Valid vaccinated pop. perc.,Expired vaccinated pop. perc.,Not vaccinated pop. perc.,Vaccinated (daily),Vaccinated (cumu),Vaccinated pop. perc.,Second dose (daily),Second dose (cumu),Second dose pop. perc.,Third dose (daily),Third dose (cumu),Third dose pop. perc.,Fourth dose (daily),Fourth dose (cumu),Fourth dose pop. perc.
2020-12-19,0,0,100,46,70,0,0,4,0,0,0,0,0,0,0
2020-12-20,0,0,100,7396,7466,0.08,0,4,0,0,0,0,0,0,0
2020-12-21,0,0,100,24923,32389,0.35,0,4,0,0,0,0,0,0,0
2020-12-22,0,0,100,44668,77057,0.83,0,4,0,0,0,0,0,0,0
2020-12-23,0,0,100,62919,139976,1.51,0,4,0,0,0,0,0,0,0
2020-12-24,0,0,100,73430,213406,2.29,0,4,0,0,0,0,0,0,0
2020-12-25,0,0,100,38517,251923,2.71,0,4,0,0,0,0,0,0,0
2020-12-26,0,0,100,32617,284540,3.06,0,4,0,0,0,0,0,0,0
2020-12-27,0,0,100,104574,389114,4.18,0,4,0,0,0,0,0,0,0
2020-12-28,0,0,100,135041,524155,5.64,0,4,0,0,0,0,0,0,0
2020-12-29,0,0,100,156337,680492,7.32,2,6,0,0,0,0,0,0,0
2020-12-30,0,0,100,153188,833680,8.96,0,6,0,0,0,0,0,0,0
2020-12-31,0,0,100,158597,992277,10.67,0,6,0,0,0,0,0,0,0
2021-01-01,0,0,100,71435,1063712,11.44,0,6,0,0,0,0,0,0,0
2021-01-02,0,0,100,71743,1135455,12.21,0,6,0,0,0,0,0,0,0
2021-01-03,0,0,100,149764,1285219,13.82,0,6,0,0,0,0,0,0,0
2021-01-04,0,0,100,152204,1437423,15.46,1,7,0,0,0,0,0,0,0
2021-01-05,0,0,100,125220,1562643,16.8,4,11,0,0,0,0,0,0,0
2021-01-06,0,0,100,103373,1666016,17.92,2,13,0,0,0,0,0,0,0
2021-01-07,0,0,100,116063,1782079,19.16,9,22,0,0,0,0,0,0,0
2021-01-08,0,0,100,66464,1848543,19.88,5,27,0,0,0,0,0,0,0
2021-01-09,0,0,100,44553,1893096,20.36,24,51,0,0,0,0,0,0,0
2021-01-10,0,0,100,37649,1930745,20.76,6001,6052,0.07,0,0,0,0,0,0
2021-01-11,0,0,100,21175,1951920,20.99,19264,25316,0.27,0,0,0,0,0,0
2021-01-12,0,0,100,24075,1975995,21.25,35674,60990,0.66,0,0,0,0,0,0
2021-01-13,0,0,100,52079,2028074,21.81,56874,117864,1.27,0,0,0,0,0,0
2021-01-14,0,0,100,56480,2084554,22.42,68838,186702,2.01,0,0,0,0,0,0
2021-01-15,0,0,100,30775,2115329,22.75,35942,222644,2.39,0,0,0,0,0,0
2021-01-16,0,0,100,29481,2144810,23.06,26006,248650,2.67,0,0,0,0,0,0
2021-01-17,0.31,0,99.69,68444,2213254,23.8,84598,333248,3.58,0,0,0,0,0,0
2021-01-18,0.58,0,99.42,69819,2283073,24.55,120437,453685,4.88,0,0,0,0,0,0
2021-01-19,1.09,0,98.91,72897,2355970,25.33,137849,591534,6.36,0,0,0,0,0,0
2021-01-20,1.9,0,98.1,76920,2432890,26.16,143766,735300,7.91,0,0,0,0,0,0
2021-01-21,2.88,0,97.12,70006,2502896,26.91,164474,899774,9.68,0,0,0,0,0,0
2021-01-22,3.39,0,96.61,37931,2540827,27.32,71134,970908,10.44,0,0,0,0,0,0
2021-01-23,3.77,0,96.23,39965,2580792,27.75,53595,1024503,11.02,0,0,0,0,0,0
2021-01-24,4.96,0,95.04,69148,2649940,28.5,140708,1165211,12.53,0,0,0,0,0,0
2021-01-25,6.61,0,93.39,80944,2730884,29.37,139520,1304731,14.03,0,0,0,0,0,0
2021-01-26,8.45,0,91.55,78737,2809621,30.21,126445,1431176,15.39,0,0,0,0,0,0
2021-01-27,10.34,0,89.66,77982,2887603,31.05,125071,1556247,16.74,0,0,0,0,0,0
2021-01-28,12.43,0,87.57,79570,2967173,31.91,130632,1686879,18.14,0,0,0,0,0,0
2021-01-29,13.34,0,86.66,36704,3003877,32.3,64793,1751672,18.84,0,0,0,0,0,0
2021-01-30,14.02,0,85.98,34396,3038273,32.67,42767,1794439,19.3,0,0,0,0,0,0
2021-01-31,15.76,0,84.24,73331,3111604,33.46,59503,1853942,19.94,0,0,0,0,0,0
2021-02-01,17.48,0,82.52,82510,3194114,34.35,35356,1889298,20.32,0,0,0,0,0,0
2021-02-02,19.01,0,80.99,70105,3264219,35.1,31073,1920371,20.65,0,0,0,0,0,0
2021-02-03,20.47,0,79.53,60308,3324527,35.75,51445,1971816,21.2,0,0,0,0,0,0
2021-02-04,22,0,78,72640,3397167,36.53,58096,2029912,21.83,0,0,0,0,0,0
2021-02-05,22.75,0,77.25,33947,3431114,36.9,28805,2058717,22.14,0,0,0,0,0,0
2021-02-06,23.23,0,76.77,21622,3452736,37.13,22233,2080950,22.38,0,0,0,0,0,0
2021-02-07,23.99,0,76.01,54081,3506817,37.71,68744,2149694,23.12,0,0,0,0,0,0
2021-02-08,24.52,0,75.48,58644,3565461,38.34,65467,2215161,23.82,0,0,0,0,0,0
2021-02-09,25.04,0,74.96,66356,3631817,39.05,67579,2282740,24.55,0,0,0,0,0,0
2021-02-10,25.77,0,74.23,70570,3702387,39.81,72314,2355054,25.33,0,0,0,0,0,0
2021-02-11,26.61,0,73.39,81175,3783562,40.69,72113,2427167,26.1,0,0,0,0,0,0
2021-02-12,27.02,0,72.98,39111,3822673,41.11,37598,2464765,26.5,0,0,0,0,0,0
2021-02-13,27.33,0,72.67,27465,3850138,41.4,30441,2495206,26.83,0,0,0,0,0,0
2021-02-14,28.25,0,71.75,74917,3925055,42.21,69085,2564291,27.58,0,0,0,0,0,0
2021-02-15,29.17,0,70.83,81548,4006603,43.09,75722,2640013,28.39,0,0,0,0,0,0
2021-02-16,30.11,0,69.89,83422,4090025,43.98,78301,2718314,29.23,0,0,0,0,0,0
2021-02-17,31.01,0,68.99,61984,4152009,44.65,75645,2793959,30.04,0,0,0,0,0,0
2021-02-18,31.94,0,68.06,69158,4221167,45.39,79739,2873698,30.9,0,0,0,0,0,0
2021-02-19,32.45,0,67.55,39676,4260843,45.82,38162,2911860,31.31,0,0,0,0,0,0
2021-02-20,32.85,0,67.15,31650,4292493,46.16,28724,2940584,31.62,0,0,0,0,0,0
2021-02-21,33.8,0,66.2,79435,4371928,47.01,78446,3019030,32.47,0,0,0,0,0,0
2021-02-22,34.83,0,65.17,85057,4456985,47.93,80596,3099626,33.33,0,0,0,0,0,0
2021-02-23,35.84,0,64.16,77332,4534317,48.76,70485,3170111,34.09,0,0,0,0,0,0
2021-02-24,36.76,0,63.24,61066,4595383,49.42,63144,3233255,34.77,0,0,0,0,0,0
2021-02-25,37.66,0,62.34,51729,4647112,49.97,64810,3298065,35.47,0,0,0,0,0,0
2021-02-26,38.1,0,61.9,25912,4673024,50.25,32046,3330111,35.81,0,0,0,0,0,0
2021-02-27,38.42,0,61.58,18353,4691377,50.45,21197,3351308,36.04,0,0,0,0,0,0
2021-02-28,39.24,0,60.76,40364,4731741,50.88,55874,3407182,36.64,0,0,0,0,0,0
2021-03-01,40.1,0,59.9,45752,4777493,51.37,61445,3468627,37.3,0,0,0,0,0,0
2021-03-02,40.85,0,59.15,41202,4818695,51.82,64800,3533427,38,0,0,0,0,0,0
2021-03-03,41.55,0,58.45,42035,4860730,52.27,66793,3600220,38.71,0,0,0,0,0,0
2021-03-04,42.24,0,57.76,39719,4900449,52.7,79125,3679345,39.57,0,0,0,0,0,0
2021-03-05,42.57,0,57.43,17369,4917818,52.88,40471,3719816,40,0,0,0,0,0,0
2021-03-06,42.78,0,57.22,10722,4928540,53,25349,3745165,40.27,0,0,0,0,0,0
2021-03-07,43.36,0,56.64,31156,4959696,53.33,72847,3818012,41.06,0,0,0,0,0,0
2021-03-08,43.97,0,56.03,27387,4987083,53.63,73295,3891307,41.85,0,0,0,0,0,0
2021-03-09,44.62,0,55.38,26756,5013839,53.92,76604,3967911,42.67,0,0,0,0,0,0
2021-03-10,45.27,0,54.73,23373,5037212,54.17,58685,4026596,43.3,0,0,0,0,0,0
2021-03-11,45.99,0,54.01,23305,5060517,54.42,69097,4095693,44.04,0,0,0,0,0,0
2021-03-12,46.34,0,53.66,11296,5071813,54.54,41418,4137111,44.49,0,0,0,0,0,0
2021-03-13,46.57,0,53.43,7952,5079765,54.63,25239,4162350,44.76,0,0,0,0,0,0
2021-03-14,47.2,0,52.8,20991,5100756,54.85,73935,4236285,45.55,0,0,0,0,0,0
2021-03-15,47.81,0,52.19,20151,5120907,55.07,78281,4314566,46.4,0,0,0,0,0,0
2021-03-16,48.43,0,51.57,18759,5139666,55.27,71480,4386046,47.17,0,0,0,0,0,0
2021-03-17,48.92,0,51.08,17704,5157370,55.46,59010,4445056,47.8,0,0,0,0,0,0
2021-03-18,49.45,0,50.55,16050,5173420,55.63,58125,4503181,48.43,0,0,0,0,0,0
2021-03-19,49.75,0,50.25,6956,5180376,55.71,27980,4531161,48.73,0,0,0,0,0,0
2021-03-20,49.93,0,50.07,5227,5185603,55.76,15302,4546463,48.89,0,0,0,0,0,0
2021-03-21,50.46,0,49.54,13172,5198775,55.91,40510,4586973,49.33,0,0,0,0,0,0
2021-03-22,51,0,49,13582,5212357,56.05,40542,4627515,49.76,0,0,0,0,0,0
2021-03-23,51.43,0,48.57,2845,5215202,56.08,7303,4634818,49.84,0,0,0,0,0,0
2021-03-24,51.84,0,48.16,11007,5226209,56.2,46560,4681378,50.34,0,0,0,0,0,0
2021-03-25,52.22,0,47.78,10273,5236482,56.31,35440,4716818,50.72,0,0,0,0,0,0
2021-03-26,52.4,0,47.6,4186,5240668,56.36,13333,4730151,50.87,0,0,0,0,0,0
2021-03-27,52.5,0,47.5,1787,5242455,56.37,4269,4734420,50.91,0,0,0,0,0,0
2021-03-28,52.74,0,47.26,2113,5244568,56.4,4611,4739031,50.96,0,0,0,0,0,0
2021-03-29,53,0,47,6918,5251486,56.47,30017,4769048,51.28,0,0,0,0,0,0
2021-03-30,53.08,0,46.92,7895,5259381,56.56,22454,4791502,51.53,0,0,0,0,0,0
2021-03-31,53.38,0,46.62,8154,5267535,56.64,19502,4811004,51.74,0,0,0,0,0,0
2021-04-01,53.62,0,46.38,8220,5275755,56.73,18701,4829705,51.94,0,0,0,0,0,0
2021-04-02,53.71,0,46.29,2946,5278701,56.76,8131,4837836,52.02,0,0,0,0,0,0
2021-04-03,53.74,0,46.26,1432,5280133,56.78,2983,4840819,52.06,0,0,0,0,0,0
2021-04-04,53.82,0,46.18,9618,5289751,56.88,22832,4863651,52.3,0,0,0,0,0,0
2021-04-05,54.04,0,45.96,10364,5300115,56.99,21277,4884928,52.53,0,0,0,0,0,0
2021-04-06,54.21,0,45.79,9034,5309149,57.09,16794,4901722,52.71,0,0,0,0,0,0
2021-04-07,54.36,0,45.64,8932,5318081,57.19,15313,4917035,52.88,0,0,0,0,0,0
2021-04-08,54.52,0,45.48,9429,5327510,57.29,17017,4934052,53.06,0,0,0,0,0,0
2021-04-09,54.58,0,45.42,3608,5331118,57.33,6259,4940311,53.13,0,0,0,0,0,0
2021-04-10,54.61,0,45.39,1636,5332754,57.35,3520,4943831,53.16,0,0,0,0,0,0
2021-04-11,54.78,0,45.22,9045,5341799,57.44,14249,4958080,53.32,0,0,0,0,0,0
2021-04-12,54.95,0,45.05,8936,5350735,57.54,13235,4971315,53.46,0,0,0,0,0,0
2021-04-13,55.08,0,44.92,5841,5356576,57.6,4960,4976275,53.51,0,0,0,0,0,0
2021-04-14,55.18,0,44.82,3651,5360227,57.64,5312,4981587,53.57,0,0,0,0,0,0
2021-04-15,55.27,0,44.73,698,5360925,57.65,582,4982169,53.58,0,0,0,0,0,0
2021-04-16,55.33,0,44.67,3419,5364344,57.69,6652,4988821,53.65,0,0,0,0,0,0
2021-04-17,55.35,0,44.65,822,5365166,57.69,1973,4990794,53.67,0,0,0,0,0,0
2021-04-18,55.47,0,44.53,7099,5372265,57.77,7433,4998227,53.75,0,0,0,0,0,0
2021-04-19,55.58,0,44.42,6407,5378672,57.84,7134,5005361,53.83,0,0,0,0,0,0
2021-04-20,55.65,0,44.35,6286,5384958,57.91,6889,5012250,53.9,0,0,0,0,0,0
2021-04-21,55.71,0,44.29,6381,5391339,57.98,7112,5019362,53.98,0,0,0,0,0,0
2021-04-22,55.75,0,44.25,5951,5397290,58.04,7690,5027052,54.06,0,0,0,0,0,0
2021-04-23,55.8,0,44.2,2768,5400058,58.07,3391,5030443,54.09,0,0,0,0,0,0
2021-04-24,55.82,0,44.18,767,5400825,58.08,1290,5031733,54.11,0,0,0,0,0,0
2021-04-25,55.89,0,44.11,4828,5405653,58.13,6925,5038658,54.18,0,0,0,0,0,0
2021-04-26,55.96,0,44.04,5479,5411132,58.19,7889,5046547,54.27,0,0,0,0,0,0
2021-04-27,56.03,0,43.97,4507,5415639,58.24,6627,5053174,54.34,0,0,0,0,0,0
2021-04-28,56.09,0,43.91,4501,5420140,58.29,7334,5060508,54.42,0,0,0,0,0,0
2021-04-29,56.16,0,43.84,4377,5424517,58.33,7294,5067802,54.5,0,0,0,0,0,0
2021-04-30,56.19,0,43.81,1924,5426441,58.35,3202,5071004,54.53,0,0,0,0,0,0
2021-05-01,56.2,0,43.8,458,5426899,58.36,895,5071899,54.54,0,0,0,0,0,0
2021-05-02,56.26,0,43.74,3225,5430124,58.39,6092,5077991,54.61,0,0,0,0,0,0
2021-05-03,56.32,0,43.68,3535,5433659,58.43,5835,5083826,54.67,0,0,0,0,0,0
2021-05-04,56.38,0,43.62,3593,5437252,58.47,4736,5088562,54.72,0,0,0,0,0,0
2021-05-05,56.44,0,43.56,3292,5440544,58.5,4093,5092655,54.76,0,0,0,0,0,0
2021-05-06,56.5,0,43.5,3644,5444188,58.54,3144,5095799,54.8,0,0,0,0,0,0
2021-05-07,56.52,0,43.48,1846,5446034,58.56,2509,5098308,54.82,0,0,0,0,0,0
2021-05-08,56.53,0,43.47,243,5446277,58.57,507,5098815,54.83,0,0,0,0,0,0
2021-05-09,56.58,0,43.42,2851,5449128,58.6,4751,5103566,54.88,0,0,0,0,0,0
2021-05-10,56.63,0,43.37,2897,5452025,58.63,4715,5108281,54.93,0,0,0,0,0,0
2021-05-11,56.67,0,43.33,2622,5454647,58.66,3881,5112162,54.97,0,0,0,0,0,0
2021-05-12,56.7,0,43.3,2033,5456680,58.68,3342,5115504,55.01,0,0,0,0,0,0
2021-05-13,56.73,0,43.27,2043,5458723,58.7,3687,5119191,55.05,0,0,0,0,0,0
2021-05-14,56.75,0,43.25,978,5459701,58.71,1494,5120685,55.07,0,0,0,0,0,0
2021-05-15,56.75,0,43.25,257,5459958,58.71,259,5120944,55.07,0,0,0,0,0,0
2021-05-16,56.78,0,43.22,529,5460487,58.72,1206,5122150,55.08,0,0,0,0,0,0
2021-05-17,56.81,0,43.19,302,5460789,58.72,848,5122998,55.09,0,0,0,0,0,0
2021-05-18,56.84,0,43.16,1963,5462752,58.74,4939,5127937,55.14,0,0,0,0,0,0
2021-05-19,56.87,0,43.13,2232,5464984,58.77,5042,5132979,55.2,0,0,0,0,0,0
2021-05-20,56.9,0,43.1,2312,5467296,58.79,3880,5136859,55.24,0,0,0,0,0,0
2021-05-21,56.92,0,43.08,1194,5468490,58.81,1414,5138273,55.25,0,0,0,0,0,0
2021-05-22,56.92,0,43.08,206,5468696,58.81,396,5138669,55.26,0,0,0,0,0,0
2021-05-23,56.94,0,43.06,2272,5470968,58.83,3216,5141885,55.29,0,0,0,0,0,0
2021-05-24,56.96,0,43.04,2139,5473107,58.86,3596,5145481,55.33,0,0,0,0,0,0
2021-05-25,56.99,0,43.01,1822,5474929,58.87,2588,5148069,55.36,0,0,0,0,0,0
2021-05-26,57.03,0,42.97,1412,5476341,58.89,2504,5150573,55.39,0,0,0,0,0,0
2021-05-27,57.06,0,42.94,1865,5478206,58.91,3188,5153761,55.42,0,0,0,0,0,0
2021-05-28,57.07,0,42.93,791,5478997,58.92,1406,5155167,55.44,0,0,0,0,0,0
2021-05-29,57.07,0,42.93,191,5479188,58.92,226,5155393,55.44,0,0,0,0,0,0
2021-05-30,57.1,0,42.9,1644,5480832,58.94,1937,5157330,55.46,0,0,0,0,0,0
2021-05-31,57.13,0,42.87,1740,5482572,58.96,2093,5159423,55.48,0,0,0,0,0,0
2021-06-01,57.47,0,42.53,1384,5483956,58.97,1823,5161246,55.5,0,0,0,0,0,0
2021-06-02,57.25,0,42.75,1514,5485470,58.99,1610,5162856,55.52,0,0,0,0,0,0
2021-06-03,57.27,0,42.73,1685,5487155,59.01,1493,5164349,55.53,0,0,0,0,0,0
2021-06-04,57.28,0,42.72,1102,5488257,59.02,784,5165133,55.54,0,0,0,0,0,0
2021-06-05,57.29,0,42.71,184,5488441,59.02,159,5165292,55.55,0,0,0,0,0,0
2021-06-06,57.31,0,42.69,4293,5492734,59.07,1002,5166294,55.56,0,0,0,0,0,0
2021-06-07,57.34,0,42.66,4438,5497172,59.11,814,5167108,55.56,0,0,0,0,0,0
2021-06-08,57.36,0,42.64,3739,5500911,59.15,1175,5168283,55.58,0,0,0,0,0,0
2021-06-09,57.4,0,42.6,3615,5504526,59.19,1331,5169614,55.59,0,0,0,0,0,0
2021-06-10,57.42,0,42.58,3364,5507890,59.23,1300,5170914,55.61,0,0,0,0,0,0
2021-06-11,57.43,0,42.57,1401,5509291,59.24,590,5171504,55.61,0,0,0,0,0,0
2021-06-12,57.43,0,42.57,220,5509511,59.25,173,5171677,55.61,0,0,0,0,0,0
2021-06-13,57.45,0,42.55,3101,5512612,59.28,1260,5172937,55.63,0,0,0,0,0,0
2021-06-14,57.46,0,42.54,3057,5515669,59.31,1531,5174468,55.64,0,0,0,0,0,0
2021-06-15,57.48,0,42.52,3136,5518805,59.35,1377,5175845,55.66,0,0,0,0,0,0
2021-06-16,57.49,0,42.51,2733,5521538,59.38,1003,5176848,55.67,0,0,0,0,0,0
2021-06-17,57.51,0,42.49,2733,5524271,59.41,1209,5178057,55.68,0,0,0,0,0,0
2021-06-18,57.52,0,42.48,1269,5525540,59.42,506,5178563,55.69,0,0,0,0,0,0
2021-06-19,57.52,0,42.48,242,5525782,59.42,139,5178702,55.69,0,0,0,0,0,0
2021-06-20,57.54,0,42.46,3317,5529099,59.46,1330,5180032,55.7,0,0,0,0,0,0
2021-06-21,57.56,0,42.44,5250,5534349,59.51,1218,5181250,55.72,0,0,0,0,0,0
2021-06-22,57.58,0,42.42,6935,5541284,59.59,1099,5182349,55.73,0,0,0,0,0,0
2021-06-23,57.6,0,42.4,10761,5552045,59.7,1304,5183653,55.74,0,0,0,0,0,0
2021-06-24,57.62,0,42.38,12051,5564096,59.83,1466,5185119,55.76,0,0,0,0,0,0
2021-06-25,57.62,0,42.38,7117,5571213,59.91,944,5186063,55.77,0,0,0,0,0,0
2021-06-26,57.63,0,42.37,2277,5573490,59.93,200,5186263,55.77,0,0,0,0,0,0
2021-06-27,57.65,0,42.35,13632,5587122,60.08,3437,5189700,55.81,0,0,0,0,0,0
2021-06-28,57.68,0,42.32,14518,5601640,60.24,3675,5193375,55.85,0,0,0,0,0,0
2021-06-29,57.69,0,42.31,16711,5618351,60.42,3745,5197120,55.89,0,0,0,0,0,0
2021-06-30,57.72,0,42.28,16486,5634837,60.59,3396,5200516,55.92,0,0,0,0,0,0
2021-07-01,57.78,0,42.22,16837,5651674,60.78,3379,5203895,55.96,121,121,0,0,0,0
2021-07-02,57.79,0,42.21,9836,5661510,60.88,1609,5205504,55.98,7,128,0,0,0,0
2021-07-03,57.79,0,42.21,2678,5664188,60.91,298,5205802,55.98,1,129,0,0,0,0
2021-07-04,57.85,0,42.15,17735,5681923,61.1,3161,5208963,56.01,2,131,0,0,0,0
2021-07-05,57.91,0,42.09,17850,5699773,61.29,3046,5212009,56.05,7,138,0,0,0,0
2021-07-06,57.99,0,42.01,17848,5717621,61.48,3410,5215419,56.08,11,149,0,0,0,0
2021-07-07,58.05,0,41.95,15530,5733151,61.65,2703,5218122,56.11,12,161,0,0,0,0
2021-07-08,58.12,0,41.88,16588,5749739,61.83,2882,5221004,56.14,17,178,0,0,0,0
2021-07-09,58.15,0,41.85,11125,5760864,61.95,1535,5222539,56.16,4,182,0,0,0,0
2021-07-10,58.15,0,41.85,4989,5765853,62,391,5222930,56.16,6,188,0,0,0,0
2021-07-11,58.22,0,41.78,1456,5767309,62.02,2847,5225777,56.2,8,196,0,0,0,0
2021-07-12,58.29,0,41.71,2427,5769736,62.04,3695,5229472,56.24,56,252,0,0,0,0
2021-07-13,58.36,0,41.64,2965,5772701,62.08,5460,5234932,56.29,124,376,0,0,0,0
2021-07-14,58.42,0,41.58,2747,5775448,62.11,7534,5242466,56.37,441,817,0.01,0,0,0
2021-07-15,58.5,0,41.5,3009,5778457,62.14,9302,5251768,56.47,374,1191,0.01,0,0,0
2021-07-16,58.54,0,41.46,1296,5779753,62.15,5898,5257666,56.54,66,1257,0.01,0,0,0
2021-07-17,58.55,0,41.44,372,5780125,62.16,1393,5259059,56.55,8,1265,0.01,0,0,0
2021-07-18,58.6,0,41.4,2074,5782199,62.18,9769,5268828,56.66,235,1500,0.02,0,0,0
2021-07-19,58.65,0,41.35,3211,5785410,62.21,11346,5280174,56.78,461,1961,0.02,0,0,0
2021-07-20,58.72,0,41.28,2690,5788100,62.24,11914,5292088,56.91,373,2334,0.03,0,0,0
2021-07-21,58.81,0,41.19,2408,5790508,62.27,11880,5303968,57.04,325,2659,0.03,0,0,0
2021-07-22,58.93,0,41.07,2877,5793385,62.3,13278,5317246,57.18,391,3050,0.03,0,0,0
2021-07-23,58.99,0,41.01,2038,5795423,62.32,8250,5325496,57.27,106,3156,0.03,0,0,0
2021-07-24,58.99,0,41,645,5796068,62.33,1486,5326982,57.28,7,3163,0.03,0,0,0
2021-07-25,59.1,0,40.89,4416,5800484,62.38,15499,5342481,57.45,223,3386,0.04,0,0,0
2021-07-26,59.24,0,40.75,5173,5805657,62.43,13533,5356014,57.6,325,3711,0.04,0,0,0
2021-07-27,59.37,0.01,40.62,5493,5811150,62.49,13579,5369593,57.74,414,4125,0.04,0,0,0
2021-07-28,59.5,0.01,40.49,3990,5815140,62.53,12345,5381938,57.87,472,4597,0.05,0,0,0
2021-07-29,59.65,0.01,40.33,4665,5819805,62.58,14199,5396137,58.03,532,5129,0.06,0,0,0
2021-07-30,59.74,0.02,40.25,2657,5822462,62.61,10855,5406992,58.14,4122,9251,0.1,0,0,0
2021-07-31,59.75,0.02,40.23,1407,5823869,62.63,3553,5410545,58.18,6159,15410,0.17,0,0,0
2021-08-01,59.91,0.02,40.06,3078,5826947,62.66,3366,5413911,58.22,31047,46457,0.5,0,0,0
2021-08-02,60.06,0.03,39.91,3134,5830081,62.69,3175,5417086,58.25,58514,104971,1.13,0,0,0
2021-08-03,60.21,0.03,39.76,3386,5833467,62.73,3330,5420416,58.29,78953,183924,1.98,0,0,0
2021-08-04,60.34,0.03,39.63,3534,5837001,62.77,3255,5423671,58.32,80764,264688,2.85,0,0,0
2021-08-05,60.49,0.04,39.47,4515,5841516,62.82,3570,5427241,58.36,88442,353130,3.8,0,0,0
2021-08-06,60.6,0.04,39.36,2437,5843953,62.84,1861,5429102,58.38,44744,397874,4.28,0,0,0
2021-08-07,60.63,0.04,39.32,1034,5844987,62.85,700,5429802,58.39,27353,425227,4.57,0,0,0
2021-08-08,60.68,0.04,39.28,4991,5849978,62.91,3082,5432884,58.42,80087,505314,5.43,0,0,0
2021-08-09,60.72,0.04,39.24,5341,5855319,62.97,3063,5435947,58.46,76489,581803,6.26,0,0,0
2021-08-10,60.75,0.04,39.2,5554,5860873,63.02,3206,5439153,58.49,75427,657230,7.07,0,0,0
2021-08-11,60.79,0.04,39.17,5695,5866568,63.09,2947,5442100,58.52,62641,719871,7.74,0,0,0
2021-08-12,60.83,0.04,39.12,7039,5873607,63.16,3290,5445390,58.56,59462,779333,8.38,0,0,0
2021-08-13,60.84,0.05,39.11,3821,5877428,63.2,2074,5447464,58.58,43870,823203,8.85,0,0,0
2021-08-14,60.85,0.05,39.1,2254,5879682,63.23,853,5448317,58.59,44486,867689,9.33,0,0,0
2021-08-15,60.89,0.05,39.06,7145,5886827,63.3,4530,5452847,58.64,97986,965675,10.38,0,0,0
2021-08-16,60.92,0.04,39.03,6991,5893818,63.38,4749,5457596,58.69,89521,1055196,11.35,0,0,0
2021-08-17,60.96,0.04,39,7573,5901391,63.46,5138,5462734,58.74,83320,1138516,12.24,0,0,0
2021-08-18,60.99,0.04,38.96,8643,5910034,63.55,4603,5467337,58.79,69267,1207783,12.99,0,0,0
2021-08-19,61.03,0.04,38.92,10082,5920116,63.66,5217,5472554,58.85,65975,1273758,13.7,0,0,0
2021-08-20,61.05,0.05,38.9,4768,5924884,63.71,2827,5475381,58.88,60453,1334211,14.35,0,0,0
2021-08-21,61.06,0.05,38.89,3499,5928383,63.75,1580,5476961,58.9,50725,1384936,14.89,0,0,0
2021-08-22,61.12,0.04,38.84,9823,5938206,63.86,4808,5481769,58.95,105110,1490046,16.02,0,0,0
2021-08-23,61.17,0.04,38.79,10923,5949129,63.97,4448,5486217,59,94033,1584079,17.03,0,0,0
2021-08-24,61.23,0.04,38.73,11723,5960852,64.1,4703,5490920,59.05,98554,1682633,18.09,0,0,0
2021-08-25,61.29,0.04,38.67,9613,5970465,64.2,4485,5495405,59.09,99554,1782187,19.16,0,0,0
2021-08-26,61.36,0.03,38.61,10109,5980574,64.31,5059,5500464,59.15,101231,1883418,20.25,0,0,0
2021-08-27,61.35,0.04,38.61,4326,5984900,64.36,2788,5503252,59.18,56695,1940113,20.86,0,0,0
2021-08-28,61.4,0.04,38.57,3702,5988602,64.4,1500,5504752,59.2,33539,1973652,21.22,0,0,0
2021-08-29,61.46,0.03,38.5,10322,5998924,64.51,5932,5510684,59.26,79550,2053202,22.08,0,0,0
2021-08-30,61.53,0.03,38.44,12335,6011259,64.64,7017,5517701,59.33,116008,2169210,23.33,0,0,0
2021-08-31,61.6,0.03,38.37,12077,6023336,64.77,6529,5524230,59.4,114878,2284088,24.56,0,0,0
2021-09-01,61.43,0.03,38.54,9033,6032369,64.87,6042,5530272,59.47,112492,2396580,25.77,0,0,0
2021-09-02,61.49,0.03,38.48,8785,6041154,64.96,7182,5537454,59.55,111545,2508125,26.97,0,0,0
2021-09-03,61.56,0.03,38.42,3751,6044905,65,4116,5541570,59.59,58885,2567010,27.6,0,0,0
2021-09-04,61.59,0.03,38.38,2691,6047596,65.03,2023,5543593,59.61,29953,2596963,27.93,0,0,0
2021-09-05,61.68,0.03,38.29,6991,6054587,65.11,6460,5550053,59.68,73326,2670289,28.72,0,0,0
2021-09-06,61.77,0.03,38.2,2836,6057423,65.14,2718,5552771,59.71,22798,2693087,28.96,0,0,0
2021-09-07,61.85,0.03,38.12,1201,6058624,65.15,879,5553650,59.72,5398,2698485,29.02,0,0,0
2021-09-08,61.93,0.03,38.05,1380,6060004,65.17,1196,5554846,59.73,6621,2705106,29.09,0,0,0
2021-09-09,62.02,0.03,37.95,7093,6067097,65.24,12573,5567419,59.87,73845,2778951,29.88,0,0,0
2021-09-10,62.06,0.03,37.91,3258,6070355,65.28,5016,5572435,59.92,37938,2816889,30.29,0,0,0
2021-09-11,62.08,0.03,37.89,2109,6072464,65.3,2509,5574944,59.95,14816,2831705,30.45,0,0,0
2021-09-12,62.16,0.03,37.81,6106,6078570,65.37,8589,5583533,60.04,54136,2885841,31.03,0,0,0
2021-09-13,62.15,0.03,37.82,5611,6084181,65.43,8264,5591797,60.13,47982,2933823,31.55,0,0,0
2021-09-14,62.2,0.03,37.77,4963,6089144,65.48,7424,5599221,60.21,48856,2982679,32.07,0,0,0
2021-09-15,62.25,0.03,37.72,1750,6090894,65.5,2718,5601939,60.24,16687,2999366,32.25,0,0,0
2021-09-16,62.37,0.03,37.6,343,6091237,65.5,549,5602488,60.25,1740,3001106,32.27,0,0,0
2021-09-17,62.42,0.03,37.54,3683,6094920,65.54,7022,5609510,60.32,42905,3044011,32.73,0,0,0
2021-09-18,62.45,0.03,37.52,2258,6097178,65.57,2946,5612456,60.35,12783,3056794,32.87,0,0,0
2021-09-19,62.55,0.03,37.42,5942,6103120,65.63,10711,5623167,60.47,44332,3101126,33.35,0,0,0
2021-09-20,62.63,0.03,37.34,3246,6106366,65.66,4646,5627813,60.52,16708,3117834,33.53,0,0,0
2021-09-21,62.69,0.03,37.28,1340,6107706,65.68,2066,5629879,60.54,3477,3121311,33.56,0,0,0
2021-09-22,62.72,0.03,37.25,4259,6111965,65.73,7250,5637129,60.62,25072,3146383,33.83,0,0,0
2021-09-23,62.75,0.03,37.22,4390,6116355,65.77,5916,5643045,60.68,27834,3174217,34.13,0,0,0
2021-09-24,62.82,0.03,37.15,3202,6119557,65.81,4185,5647230,60.73,27723,3201940,34.43,0,0,0
2021-09-25,62.85,0.03,37.12,2080,6121637,65.83,2263,5649493,60.75,10443,3212383,34.54,0,0,0
2021-09-26,62.96,0.03,37,5603,6127240,65.89,5973,5655466,60.82,36271,3248654,34.93,0,0,0
2021-09-27,63.02,0.03,36.94,4695,6131935,65.94,4469,5659935,60.86,30457,3279111,35.26,0,0,0
2021-09-28,63.06,0.04,36.91,1472,6133407,65.96,1184,5661119,60.88,6249,3285360,35.33,0,0,0
2021-09-29,63.13,0.03,36.84,9622,6143029,66.06,8349,5669468,60.97,60325,3345685,35.98,0,0,0
2021-09-30,63.18,0.03,36.79,10975,6154004,66.18,8579,5678047,61.06,79702,3425387,36.83,0,0,0
2021-10-01,63.23,0.03,36.73,5126,6159130,66.23,3875,5681922,61.1,46546,3471933,37.34,0,0,0
2021-10-02,63.26,0.03,36.71,2865,6161995,66.26,2127,5684049,61.12,22432,3494365,37.58,0,0,0
2021-10-03,63.35,0.03,36.62,11667,6173662,66.39,7276,5691325,61.2,70726,3565091,38.34,0,0,0
2021-10-04,63.4,0.03,36.57,10320,6183982,66.5,6759,5698084,61.27,51913,3617004,38.9,0,0,0
2021-10-05,63.41,0.03,36.55,8461,6192443,66.59,5314,5703398,61.33,40479,3657483,39.33,0,0,0
2021-10-06,63.52,0.03,36.45,7543,6199986,66.67,4185,5707583,61.38,34150,3691633,39.7,0,0,0
2021-10-07,63.63,0.03,36.34,6893,6206879,66.75,4009,5711592,61.42,34068,3725701,40.06,0,0,0
2021-10-08,63.68,0.03,36.29,3086,6209965,66.78,2643,5714235,61.45,19250,3744951,40.27,0,0,0
2021-10-09,63.71,0.03,36.26,1341,6211306,66.79,1444,5715679,61.46,7441,3752392,40.35,0,0,0
2021-10-10,63.82,0.04,36.14,4676,6215982,66.84,3747,5719426,61.5,21519,3773911,40.58,0,0,0
2021-10-11,63.91,0.04,36.05,4299,6220281,66.89,2944,5722370,61.54,17269,3791180,40.77,0,0,0
2021-10-12,63.99,0.05,35.96,3977,6224258,66.93,3007,5725377,61.57,15357,3806537,40.93,0,0,0
2021-10-13,64.09,0.05,35.86,3487,6227745,66.97,2451,5727828,61.59,13587,3820124,41.08,0,0,0
2021-10-14,64.19,0.06,35.75,3869,6231614,67.01,2685,5730513,61.62,16567,3836691,41.26,0,0,0
2021-10-15,64.23,0.07,35.7,1703,6233317,67.03,1685,5732198,61.64,9010,3845701,41.35,0,0,0
2021-10-16,64.25,0.08,35.67,727,6234044,67.04,956,5733154,61.65,4035,3849736,41.4,0,0,0
2021-10-17,64.36,0.09,35.56,3090,6237134,67.07,2525,5735679,61.68,12798,3862534,41.54,0,0,0
2021-10-18,64.43,0.1,35.47,2460,6239594,67.1,1690,5737369,61.7,10069,3872603,41.64,0,0,0
2021-10-19,64.49,0.1,35.4,2398,6241992,67.12,1284,5738653,61.71,9294,3881897,41.74,0,0,0
2021-10-20,64.14,0.52,35.34,2435,6244427,67.15,2305,5740958,61.74,10102,3891999,41.85,0,0,0
2021-10-21,54.23,10.41,35.36,3034,6247461,67.18,3097,5744055,61.77,12163,3904162,41.98,0,0,0
2021-10-22,54.36,10.26,35.38,1279,6248740,67.2,1437,5745492,61.78,5840,3910002,42.05,0,0,0
2021-10-23,54.42,10.19,35.39,574,6249314,67.2,1266,5746758,61.8,2564,3912566,42.07,0,0,0
2021-10-24,54.22,10.43,35.35,2516,6251830,67.23,2653,5749411,61.83,9855,3922421,42.18,0,0,0
2021-10-25,54.59,10.22,35.19,2638,6254468,67.26,2752,5752163,61.86,8511,3930932,42.27,0,0,0
2021-10-26,54.64,10.26,35.1,2381,6256849,67.28,2059,5754222,61.88,8528,3939460,42.36,0,0,0
2021-10-27,54.58,10.37,35.06,2292,6259141,67.31,2566,5756788,61.91,7959,3947419,42.45,0,0,0
2021-10-28,54.69,10.76,34.55,2503,6261644,67.33,2782,5759570,61.94,8674,3956093,42.54,0,0,0
2021-10-29,54.73,10.75,34.52,901,6262545,67.34,1154,5760724,61.95,4138,3960231,42.59,0,0,0
2021-10-30,54.68,10.81,34.52,366,6262911,67.35,530,5761254,61.95,1712,3961943,42.6,0,0,0
2021-10-31,54.83,10.7,34.47,2261,6265172,67.37,2495,5763749,61.98,8256,3970199,42.69,0,0,0
2021-11-01,54.95,10.63,34.42,1737,6266909,67.39,2093,5765842,62,6480,3976679,42.76,0,0,0
2021-11-02,54.89,10.69,34.42,2026,6268935,67.41,2048,5767890,62.02,6296,3982975,42.83,0,0,0
2021-11-03,54.86,10.75,34.39,1764,6270699,67.43,1897,5769787,62.05,5556,3988531,42.89,0,0,0
2021-11-04,54.85,10.81,34.33,2111,6272810,67.45,2802,5772589,62.08,7131,3995662,42.97,0,0,0
2021-11-05,54.85,10.83,34.32,790,6273600,67.46,905,5773494,62.09,3487,3999149,43,0,0,0
2021-11-06,54.82,10.86,34.32,347,6273947,67.47,389,5773883,62.09,1375,4000524,43.02,0,0,0
2021-11-07,54.92,10.8,34.28,1578,6275525,67.48,1769,5775652,62.11,6134,4006658,43.09,0,0,0
2021-11-08,55.01,10.75,34.24,1519,6277044,67.5,1603,5777255,62.13,5405,4012063,43.14,0,0,0
2021-11-09,55.05,10.74,34.21,1428,6278472,67.52,1611,5778866,62.14,5332,4017395,43.2,0,0,0
2021-11-10,55.08,10.73,34.19,1424,6279896,67.53,1661,5780527,62.16,4779,4022174,43.25,0,0,0
2021-11-11,55.15,10.69,34.15,1628,6281524,67.55,1947,5782474,62.18,5717,4027891,43.31,0,0,0
2021-11-12,55.17,10.69,34.14,637,6282161,67.56,826,5783300,62.19,2925,4030816,43.35,0,0,0
2021-11-13,55.14,10.72,34.14,257,6282418,67.56,290,5783590,62.19,1130,4031946,43.36,0,0,0
2021-11-14,55.21,10.68,34.11,1536,6283954,67.57,1639,5785229,62.21,5111,4037057,43.41,0,0,0
2021-11-15,55.28,10.63,34.09,1275,6285229,67.59,1626,5786855,62.23,4770,4041827,43.46,0,0,0
2021-11-16,55.32,10.62,34.07,1275,6286504,67.6,1417,5788272,62.24,4349,4046176,43.51,0,0,0
2021-11-17,55.35,10.6,34.05,1208,6287712,67.62,1566,5789838,62.26,3915,4050091,43.55,0,0,0
2021-11-18,55.41,10.58,34.02,1364,6289076,67.63,1692,5791530,62.28,5012,4055103,43.61,0,0,0
2021-11-19,55.42,10.57,34.01,588,6289664,67.64,763,5792293,62.29,2460,4057563,43.63,0,0,0
2021-11-20,55.41,10.58,34,238,6289902,67.64,258,5792551,62.29,929,4058492,43.64,0,0,0
2021-11-21,55.47,10.54,33.98,1409,6291311,67.65,1542,5794093,62.31,4881,4063373,43.7,0,0,0
2021-11-22,55.54,10.5,33.96,1680,6292991,67.67,1522,5795615,62.32,4238,4067611,43.74,0,0,0
2021-11-23,55.57,10.48,33.95,8622,6301613,67.76,1688,5797303,62.34,4011,4071622,43.78,0,0,0
2021-11-24,55.6,10.44,33.95,9350,6310963,67.86,1319,5798622,62.36,3924,4075546,43.83,0,0,0
2021-11-25,55.64,10.43,33.93,9812,6320775,67.97,1600,5800222,62.37,4841,4080387,43.88,0,0,0
2021-11-26,55.63,10.45,33.92,5610,6326385,68.03,748,5800970,62.38,2805,4083192,43.91,0,0,0
2021-11-27,55.62,10.46,33.92,4779,6331164,68.08,324,5801294,62.38,1164,4084356,43.92,0,0,0
2021-11-28,55.67,10.43,33.9,10152,6341316,68.19,1480,5802774,62.4,4904,4089260,43.97,0,0,0
2021-11-29,55.73,10.39,33.88,9043,6350359,68.29,1133,5803907,62.41,4376,4093636,44.02,0,0,0
2021-11-30,55.77,10.37,33.86,10044,6360403,68.4,1036,5804943,62.42,4084,4097720,44.06,0,0,0
2021-12-01,55.79,10.36,33.84,8632,6369035,68.49,1097,5806040,62.44,4444,4102164,44.11,5,5,0
2021-12-02,55.84,10.34,33.82,9177,6378212,68.59,1456,5807496,62.45,5125,4107289,44.17,6,11,0
2021-12-03,55.86,10.33,33.81,6333,6384545,68.66,673,5808169,62.46,2868,4110157,44.2,1,12,0
2021-12-04,55.85,10.34,33.81,2509,6387054,68.68,238,5808407,62.46,925,4111082,44.21,3,15,0
2021-12-05,55.9,10.31,33.79,8335,6395389,68.77,1254,5809661,62.47,4683,4115765,44.26,1,16,0
2021-12-06,55.95,10.27,33.78,6723,6402112,68.85,1200,5810861,62.49,4351,4120116,44.31,4,20,0
2021-12-07,55.99,10.25,33.76,5553,6407665,68.9,1505,5812366,62.5,3965,4124081,44.35,9,29,0
2021-12-08,56.03,10.22,33.75,4936,6412601,68.96,1200,5813566,62.52,3884,4127965,44.39,10,39,0
2021-12-09,56.08,10.19,33.73,6239,6418840,69.03,1241,5814807,62.53,4508,4132473,44.44,8,47,0
2021-12-10,56.1,10.18,33.72,3006,6421846,69.06,704,5815511,62.54,2687,4135160,44.47,4,51,0
2021-12-11,56.1,10.18,33.71,1491,6423337,69.07,255,5815766,62.54,1019,4136179,44.48,0,51,0
2021-12-12,56.16,10.15,33.69,7274,6430611,69.15,1444,5817210,62.56,5248,4141427,44.53,3,54,0
2021-12-13,56.21,10.11,33.67,6183,6436794,69.22,1377,5818587,62.57,4351,4145778,44.58,5,59,0
2021-12-14,56.27,10.09,33.65,7317,6444111,69.3,6101,5824688,62.64,4940,4150718,44.63,12,71,0
2021-12-15,56.34,10.06,33.6,7204,6451315,69.37,7408,5832096,62.72,5446,4156164,44.69,7,78,0
2021-12-16,56.53,10.05,33.42,8079,6459394,69.46,8613,5840709,62.81,6563,4162727,44.76,8,86,0
2021-12-17,56.64,10.05,33.3,4406,6463800,69.51,5140,5845849,62.86,3954,4166681,44.81,3,89,0
2021-12-18,56.73,10.07,33.2,3941,6467741,69.55,2914,5848763,62.89,1361,4168042,44.82,2,91,0
2021-12-19,56.92,10.04,33.04,6977,6474718,69.63,9332,5858095,63,6275,4174317,44.89,6,97,0
2021-12-20,57.07,10.02,32.91,7972,6482690,69.71,7518,5865613,63.08,5446,4179763,44.95,9,106,0
2021-12-21,57.27,10.01,32.71,9549,6492239,69.81,8649,5874262,63.17,6492,4186255,45.02,8,114,0
2021-12-22,57.49,10,32.52,9664,6501903,69.92,8155,5882417,63.26,6252,4192507,45.08,12,126,0
2021-12-23,57.7,9.97,32.33,11539,6513442,70.04,10265,5892682,63.37,8160,4200667,45.17,16,142,0
2021-12-24,57.83,9.96,32.21,5873,6519315,70.11,6242,5898924,63.43,5281,4205948,45.23,12,154,0
2021-12-25,57.9,9.96,32.15,3338,6522653,70.14,2566,5901490,63.46,2021,4207969,45.25,6,160,0
2021-12-26,58.1,9.92,31.98,10653,6533306,70.26,8910,5910400,63.56,8201,4216170,45.34,8,168,0
2021-12-27,58.27,9.9,31.83,10372,6543678,70.37,7145,5917545,63.63,8187,4224357,45.43,21,189,0
2021-12-28,58.46,9.88,31.66,11375,6555053,70.49,7453,5924998,63.71,9642,4233999,45.53,24,213,0
2021-12-29,58.64,9.85,31.51,9933,6564986,70.6,5964,5930962,63.78,8376,4242375,45.62,21,234,0
2021-12-30,58.84,9.82,31.34,11012,6575998,70.71,7735,5938697,63.86,12241,4254616,45.75,10,244,0
2021-12-31,58.9,9.79,31.3,4829,6580827,70.77,3672,5942369,63.9,7296,4261912,45.83,135,379,0
2022-01-01,58.93,9.79,31.28,1993,6582820,70.79,1592,5943961,63.92,2741,4264653,45.86,66,445,0
2022-01-02,59.14,9.76,31.1,10217,6593037,70.9,6487,5950448,63.99,13002,4277655,46,590,1035,0.01
2022-01-03,59.29,9.71,31,9384,6602421,71,5259,5955707,64.04,11341,4288996,46.12,25055,26090,0.28
2022-01-04,59.46,9.68,30.86,8966,6611387,71.1,5950,5961657,64.11,10526,4299522,46.23,50659,76749,0.83
2022-01-05,59.56,9.65,30.79,8553,6619940,71.19,5739,5967396,64.17,10494,4310016,46.35,59590,136339,1.47
2022-01-06,59.81,9.63,30.56,10339,6630279,71.3,7959,5975355,64.26,13530,4323546,46.49,64001,200340,2.15
2022-01-07,59.89,9.61,30.49,4761,6635040,71.35,4556,5979911,64.31,8166,4331712,46.58,31135,231475,2.49
2022-01-08,59.9,9.64,30.46,2750,6637790,71.38,2451,5982362,64.33,5502,4337214,46.64,27631,259106,2.79
2022-01-09,60.06,9.59,30.35,9306,6647096,71.48,7722,5990084,64.41,11869,4349083,46.77,66765,325871,3.5
2022-01-10,60.21,9.54,30.25,8349,6655445,71.57,7647,5997731,64.5,11882,4360965,46.9,64776,390647,4.2
2022-01-11,60.38,9.49,30.13,8100,6663545,71.66,8621,6006352,64.59,11974,4372939,47.02,56657,447304,4.81
2022-01-12,60.51,9.45,30.04,7277,6670822,71.73,8303,6014655,64.68,11114,4384053,47.14,44632,491936,5.29
2022-01-13,60.7,9.35,29.94,7509,6678331,71.82,9617,6024272,64.78,11544,4395597,47.27,34767,526703,5.66
2022-01-14,60.79,9.31,29.9,2555,6680886,71.84,4935,6029207,64.84,6145,4401742,47.33,11142,537845,5.78
2022-01-15,60.83,9.29,29.87,1469,6682355,71.86,3170,6032377,64.87,3884,4405626,47.38,5716,543561,5.85
2022-01-16,60.97,9.2,29.82,3818,6686173,71.9,8526,6040903,64.96,7682,4413308,47.46,19992,563553,6.06
2022-01-17,61.09,9.13,29.78,2808,6688981,71.93,7047,6047950,65.04,6173,4419481,47.52,17833,581386,6.25
2022-01-18,61.23,9.07,29.7,2476,6691457,71.96,7386,6055336,65.12,5534,4425015,47.58,14817,596203,6.41
2022-01-19,61.37,8.98,29.65,1915,6693372,71.98,6369,6061705,65.18,4521,4429536,47.63,8461,604664,6.5
2022-01-20,61.44,8.85,29.71,1777,6695149,72,6971,6068676,65.26,4793,4434329,47.68,8041,612705,6.59
2022-01-21,61.51,8.81,29.68,905,6696054,72.01,3725,6072401,65.3,2646,4436975,47.71,3358,616063,6.62
2022-01-22,61.51,8.75,29.74,328,6696382,72.01,1461,6073862,65.32,1066,4438041,47.72,1113,617176,6.64
2022-01-23,61.61,8.7,29.69,1068,6697450,72.02,5632,6079494,65.38,2879,4440920,47.76,6083,623259,6.7
2022-01-24,61.73,8.62,29.65,759,6698209,72.03,4480,6083974,65.42,2269,4443189,47.78,5055,628314,6.76
2022-01-25,61.9,8.51,29.59,744,6698953,72.04,4401,6088375,65.47,2185,4445374,47.8,7102,635416,6.83
2022-01-26,62.02,8.42,29.57,615,6699568,72.04,3285,6091660,65.51,1612,4446986,47.82,4262,639678,6.88
2022-01-27,62.12,8.35,29.52,798,6700366,72.05,4406,6096066,65.55,2005,4448991,47.84,5441,645119,6.94
2022-01-28,62.16,8.33,29.5,395,6700761,72.06,2376,6098442,65.58,1181,4450172,47.85,3452,648571,6.97
2022-01-29,62.23,8.29,29.48,124,6700885,72.06,1046,6099488,65.59,424,4450596,47.86,1162,649733,6.99
2022-01-30,62.3,8.24,29.46,769,6701654,72.07,4720,6104208,65.64,2020,4452616,47.88,8099,657832,7.07
2022-01-31,62.39,8.17,29.43,528,6702182,72.07,3184,6107392,65.68,1610,4454226,47.9,6472,664304,7.14
2022-02-01,62.45,8.15,29.4,482,6702664,72.08,2808,6110200,65.71,1526,4455752,47.91,5721,670025,7.21
2022-02-02,62.28,8.13,29.59,375,6703039,72.08,2395,6112595,65.73,1385,4457137,47.93,5073,675098,7.26
2022-02-03,62.34,8.08,29.57,446,6703485,72.09,2776,6115371,65.76,1462,4458599,47.95,5607,680705,7.32
2022-02-04,62.37,8.06,29.57,174,6703659,72.09,991,6116362,65.77,757,4459356,47.95,2455,683160,7.35
2022-02-05,62.34,8.09,29.56,62,6703721,72.09,342,6116704,65.78,221,4459577,47.96,420,683580,7.35
2022-02-06,62.41,8.05,29.55,407,6704128,72.09,2320,6119024,65.8,1344,4460921,47.97,5686,689266,7.41
2022-02-07,62.47,8.01,29.52,282,6704410,72.1,1308,6120332,65.81,983,4461904,47.98,5960,695226,7.48
2022-02-08,62.54,7.97,29.49,317,6704727,72.1,1498,6121830,65.83,1068,4462972,47.99,6137,701363,7.54
2022-02-09,62.6,7.95,29.45,254,6704981,72.1,1102,6122932,65.84,946,4463918,48,4570,705933,7.59
2022-02-10,62.63,7.93,29.44,273,6705254,72.1,1293,6124225,65.86,936,4464854,48.01,4815,710748,7.64
2022-02-11,62.67,7.91,29.42,211,6705465,72.11,557,6124782,65.86,518,4465372,48.02,2540,713288,7.67
2022-02-12,62.67,7.91,29.41,32,6705497,72.11,90,6124872,65.86,136,4465508,48.02,269,713557,7.67
2022-02-13,62.73,7.87,29.39,286,6705783,72.11,946,6125818,65.87,966,4466474,48.03,4998,718555,7.73
2022-02-14,62.89,7.74,29.36,179,6705962,72.11,629,6126447,65.88,760,4467234,48.04,3142,721697,7.76
2022-02-15,62.92,7.73,29.35,266,6706228,72.12,763,6127210,65.89,937,4468171,48.05,3819,725516,7.8
2022-02-16,62.95,7.72,29.34,179,6706407,72.12,577,6127787,65.9,803,4468974,48.06,2488,728004,7.83
2022-02-17,62.96,7.7,29.34,247,6706654,72.12,740,6128527,65.9,775,4469749,48.07,3061,731065,7.86
2022-02-18,62.98,7.69,29.33,130,6706784,72.12,344,6128871,65.91,439,4470188,48.07,1119,732184,7.87
2022-02-19,62.99,7.69,29.32,33,6706817,72.12,84,6128955,65.91,82,4470270,48.07,80,732264,7.87
2022-02-20,63.01,7.67,29.32,204,6707021,72.12,604,6129559,65.91,723,4470993,48.08,2574,734838,7.9
2022-02-21,63.04,7.65,29.31,173,6707194,72.13,413,6129972,65.92,489,4471482,48.08,1542,736380,7.92
2022-02-22,63.05,7.65,29.3,158,6707352,72.13,455,6130427,65.92,570,4472052,48.09,1871,738251,7.94
2022-02-23,63.06,7.65,29.29,109,6707461,72.13,353,6130780,65.93,453,4472505,48.1,1153,739404,7.95
2022-02-24,63.05,7.66,29.29,138,6707599,72.13,463,6131243,65.93,568,4473073,48.1,1493,740897,7.97
2022-02-25,63.06,7.66,29.28,59,6707658,72.13,144,6131387,65.93,192,4473265,48.1,456,741353,7.97
2022-02-26,63.05,7.67,29.28,17,6707675,72.13,28,6131415,65.93,161,4473426,48.1,35,741388,7.97
2022-02-27,63.05,7.67,29.28,112,6707787,72.13,341,6131756,65.94,448,4473874,48.11,1119,742507,7.98
2022-02-28,63.07,7.65,29.28,108,6707895,72.13,271,6132027,65.94,424,4474298,48.11,908,743415,7.99
2022-03-01,63.1,7.63,29.27,95,6707990,72.13,280,6132307,65.94,374,4474672,48.12,797,744212,8
2022-03-02,63.11,7.62,29.27,77,6708067,72.14,199,6132506,65.95,324,4474996,48.12,698,744910,8.01
2022-03-03,63.05,7.67,29.27,157,6708224,72.14,371,6132877,65.95,498,4475494,48.13,987,745897,8.02
2022-03-04,63.05,7.68,29.27,53,6708277,72.14,170,6133047,65.95,170,4475664,48.13,228,746125,8.02
2022-03-05,63.04,7.69,29.27,4,6708281,72.14,25,6133072,65.95,44,4475708,48.13,32,746157,8.02
2022-03-06,63.04,7.69,29.27,98,6708379,72.14,258,6133330,65.95,417,4476125,48.13,760,746917,8.03
2022-03-07,63.05,7.69,29.26,87,6708466,72.14,260,6133590,65.96,354,4476479,48.14,604,747521,8.04
2022-03-08,63.04,7.7,29.26,99,6708565,72.14,263,6133853,65.96,333,4476812,48.14,550,748071,8.04
2022-03-09,63.02,7.72,29.25,89,6708654,72.14,213,6134066,65.96,337,4477149,48.15,492,748563,8.05
2022-03-10,63.01,7.74,29.25,115,6708769,72.14,375,6134441,65.97,428,4477577,48.15,620,749183,8.06
2022-03-11,63,7.75,29.25,24,6708793,72.14,86,6134527,65.97,123,4477700,48.15,144,749327,8.06
2022-03-12,62.98,7.77,29.24,11,6708804,72.14,12,6134539,65.97,34,4477734,48.15,28,749355,8.06
2022-03-13,62.98,7.78,29.24,100,6708904,72.14,271,6134810,65.97,358,4478092,48.16,595,749950,8.06
2022-03-14,62.98,7.78,29.24,66,6708970,72.15,253,6135063,65.97,316,4478408,48.16,559,750509,8.07
2022-03-15,62.95,7.81,29.24,80,6709050,72.15,185,6135248,65.98,293,4478701,48.16,591,751100,8.08
2022-03-16,62.94,7.82,29.24,77,6709127,72.15,205,6135453,65.98,305,4479006,48.16,668,751768,8.08
2022-03-17,62.94,7.82,29.24,65,6709192,72.15,122,6135575,65.98,286,4479292,48.17,613,752381,8.09
2022-03-18,62.94,7.82,29.24,20,6709212,72.15,54,6135629,65.98,100,4479392,48.17,234,752615,8.09
2022-03-19,62.89,7.88,29.23,6,6709218,72.15,11,6135640,65.98,29,4479421,48.17,39,752654,8.09
2022-03-20,62.87,7.89,29.23,119,6709337,72.15,260,6135900,65.98,486,4479907,48.17,1431,754085,8.11
2022-03-21,62.87,7.9,29.23,97,6709434,72.15,247,6136147,65.99,379,4480286,48.18,1132,755217,8.12
2022-03-22,62.84,7.94,29.23,141,6709575,72.15,342,6136489,65.99,508,4480794,48.18,1770,756987,8.14
2022-03-23,62.81,7.97,29.22,108,6709683,72.15,212,6136701,65.99,463,4481257,48.19,1677,758664,8.16
2022-03-24,62.78,8,29.22,174,6709857,72.15,345,6137046,65.99,769,4482026,48.2,2362,761026,8.18
2022-03-25,62.78,8,29.23,39,6709896,72.15,82,6137128,66,159,4482185,48.2,630,761656,8.19
2022-03-26,62.77,8,29.22,12,6709908,72.16,13,6137141,66,34,4482219,48.2,91,761747,8.19
2022-03-27,62.75,8.02,29.22,167,6710075,72.16,344,6137485,66,758,4482977,48.21,3193,764940,8.23
2022-03-28,62.75,8.03,29.22,113,6710188,72.16,270,6137755,66,623,4483600,48.21,2416,767356,8.25
2022-03-29,62.7,8.07,29.22,125,6710313,72.16,258,6138013,66.01,641,4484241,48.22,2772,770128,8.28
2022-03-30,62.81,8.11,29.07,132,6710445,72.16,208,6138221,66.01,539,4484780,48.23,2370,772498,8.31
2022-03-31,62.79,8.11,29.1,166,6710611,72.16,302,6138523,66.01,730,4485510,48.23,2853,775351,8.34
2022-04-01,62.72,8.13,29.15,122,6710733,72.16,161,6138684,66.01,277,4485787,48.24,588,775939,8.34
2022-04-02,62.69,8.15,29.16,7,6710740,72.16,7,6138691,66.01,37,4485824,48.24,52,775991,8.34
2022-04-03,62.65,8.16,29.19,159,6710899,72.17,270,6138961,66.02,569,4486393,48.24,2478,778469,8.37
2022-04-04,62.62,8.16,29.22,103,6711002,72.17,208,6139169,66.02,484,4486877,48.25,2225,780694,8.4
2022-04-05,62.57,8.19,29.25,122,6711124,72.17,221,6139390,66.02,513,4487390,48.26,2243,782937,8.42
2022-04-06,62.55,8.2,29.25,91,6711215,72.17,157,6139547,66.02,382,4487772,48.26,2023,784960,8.44
2022-04-07,62.56,8.2,29.24,191,6711406,72.17,215,6139762,66.02,641,4488413,48.27,2556,787516,8.47
2022-04-08,62.54,8.22,29.23,30,6711436,72.17,61,6139823,66.02,154,4488567,48.27,482,787998,8.47
2022-04-09,62.52,8.25,29.23,6,6711442,72.17,17,6139840,66.02,28,4488595,48.27,47,788045,8.47
2022-04-10,62.51,8.26,29.23,103,6711545,72.17,264,6140104,66.03,429,4489024,48.27,1845,789890,8.49
2022-04-11,62.54,8.26,29.2,78,6711623,72.17,201,6140305,66.03,371,4489395,48.28,1425,791315,8.51
2022-04-12,62.58,8.29,29.12,204,6711827,72.18,168,6140473,66.03,376,4489771,48.28,1360,792675,8.52
2022-04-13,62.58,8.31,29.1,117,6711944,72.18,150,6140623,66.03,298,4490069,48.28,1218,793893,8.54
2022-04-14,62.57,8.33,29.1,85,6712029,72.18,221,6140844,66.04,321,4490390,48.29,1069,794962,8.55
2022-04-15,62.55,8.35,29.1,9,6712038,72.18,51,6140895,66.04,48,4490438,48.29,82,795044,8.55
2022-04-16,62.53,8.37,29.1,3,6712041,72.18,8,6140903,66.04,21,4490459,48.29,29,795073,8.55
2022-04-17,62.52,8.38,29.1,62,6712103,72.18,131,6141034,66.04,229,4490688,48.29,807,795880,8.56
2022-04-18,62.51,8.38,29.1,69,6712172,72.18,109,6141143,66.04,252,4490940,48.29,750,796630,8.57
2022-04-19,62.5,8.4,29.1,62,6712234,72.18,145,6141288,66.04,273,4491213,48.3,842,797472,8.58
2022-04-20,62.48,8.42,29.1,60,6712294,72.18,117,6141405,66.04,235,4491448,48.3,656,798128,8.58
2022-04-21,62.47,8.43,29.1,53,6712347,72.18,109,6141514,66.04,197,4491645,48.3,479,798607,8.59
2022-04-22,62.45,8.44,29.11,3,6712350,72.18,17,6141531,66.04,19,4491664,48.3,20,798627,8.59
2022-04-23,62.43,8.46,29.11,6,6712356,72.18,9,6141540,66.04,16,4491680,48.3,13,798640,8.59
2022-04-24,62.43,8.47,29.1,92,6712448,72.18,250,6141790,66.05,329,4492009,48.3,872,799512,8.6
2022-04-25,62.43,8.47,29.1,105,6712553,72.18,191,6141981,66.05,316,4492325,48.31,739,800251,8.61
2022-04-26,62.42,8.48,29.1,76,6712629,72.18,175,6142156,66.05,304,4492629,48.31,788,801039,8.61
2022-04-27,62.41,8.49,29.1,54,6712683,72.18,160,6142316,66.05,227,4492856,48.31,640,801679,8.62
2022-04-28,62.41,8.5,29.1,96,6712779,72.19,232,6142548,66.05,329,4493185,48.32,871,802550,8.63
2022-04-29,62.39,8.51,29.1,112,6712891,72.19,159,6142707,66.06,184,4493369,48.32,196,802746,8.63
2022-04-30,62.38,8.52,29.1,1,6712892,72.19,3,6142710,66.06,24,4493393,48.32,22,802768,8.63
2022-05-01,62.38,8.53,29.09,135,6713027,72.19,185,6142895,66.06,317,4493710,48.32,630,803398,8.64
2022-05-02,62.37,8.54,29.09,62,6713089,72.19,155,6143050,66.06,235,4493945,48.33,491,803889,8.64
2022-05-03,62.36,8.55,29.09,73,6713162,72.19,151,6143201,66.06,288,4494233,48.33,508,804397,8.65
2022-05-04,62.35,8.57,29.08,23,6713185,72.19,56,6143257,66.06,63,4494296,48.33,129,804526,8.65
2022-05-05,62.34,8.58,29.08,4,6713189,72.19,1,6143258,66.06,8,4494304,48.33,14,804540,8.65
2022-05-06,62.33,8.59,29.08,20,6713209,72.19,59,6143317,66.06,64,4494368,48.33,153,804693,8.65
2022-05-07,62.32,8.6,29.08,1,6713210,72.19,7,6143324,66.06,27,4494395,48.33,24,804717,8.65
2022-05-08,62.31,8.61,29.08,118,6713328,72.19,207,6143531,66.06,270,4494665,48.33,457,805174,8.66
2022-05-09,62.31,8.61,29.08,59,6713387,72.19,162,6143693,66.07,251,4494916,48.34,505,805679,8.66
2022-05-10,62.3,8.62,29.08,131,6713518,72.19,169,6143862,66.07,261,4495177,48.34,508,806187,8.67
2022-05-11,62.3,8.63,29.08,58,6713576,72.19,118,6143980,66.07,183,4495360,48.34,464,806651,8.67
2022-05-12,62.29,8.64,29.07,119,6713695,72.2,200,6144180,66.07,280,4495640,48.34,666,807317,8.68
2022-05-13,62.28,8.65,29.07,11,6713706,72.2,44,6144224,66.07,71,4495711,48.34,110,807427,8.68
2022-05-14,62.26,8.66,29.07,6,6713712,72.2,13,6144237,66.07,14,4495725,48.34,24,807451,8.68
2022-05-15,62.26,8.67,29.07,90,6713802,72.2,175,6144412,66.07,246,4495971,48.35,665,808116,8.69
2022-05-16,62.19,8.65,29.16,68,6713870,72.2,141,6144553,66.08,230,4496201,48.35,510,808626,8.7
2022-05-17,62.18,8.66,29.16,73,6713943,72.2,153,6144706,66.08,267,4496468,48.35,618,809244,8.7
2022-05-18,62.17,8.67,29.16,43,6713986,72.2,99,6144805,66.08,169,4496637,48.35,447,809691,8.71
2022-05-19,62.16,8.68,29.16,64,6714050,72.2,171,6144976,66.08,213,4496850,48.36,499,810190,8.71
2022-05-20,62.15,8.69,29.16,76,6714126,72.2,114,6145090,66.08,130,4496980,48.36,138,810328,8.71
2022-05-21,62.14,8.7,29.16,4,6714130,72.2,7,6145097,66.08,15,4496995,48.36,18,810346,8.71
2022-05-22,62.14,8.71,29.16,85,6714215,72.2,190,6145287,66.08,216,4497211,48.36,426,810772,8.72
2022-05-23,62.14,8.71,29.16,65,6714280,72.2,120,6145407,66.08,156,4497367,48.36,348,811120,8.72
2022-05-24,62.13,8.71,29.15,43,6714323,72.2,119,6145526,66.09,157,4497524,48.36,394,811514,8.73
2022-05-25,62.12,8.72,29.15,61,6714384,72.2,103,6145629,66.09,168,4497692,48.37,337,811851,8.73
2022-05-26,62.11,8.73,29.16,72,6714456,72.2,136,6145765,66.09,186,4497878,48.37,347,812198,8.73
2022-05-27,62.1,8.74,29.16,12,6714468,72.2,29,6145794,66.09,43,4497921,48.37,59,812257,8.73
2022-05-28,62.09,8.75,29.16,2,6714470,72.2,5,6145799,66.09,8,4497929,48.37,12,812269,8.73
2022-05-29,62.09,8.75,29.16,89,6714559,72.21,153,6145952,66.09,163,4498092,48.37,316,812585,8.74
2022-05-30,62.09,8.76,29.16,56,6714615,72.21,133,6146085,66.09,125,4498217,48.37,291,812876,8.74
2022-05-31,62.07,8.78,29.15,45,6714660,72.21,104,6146189,66.09,153,4498370,48.37,351,813227,8.75
2022-06-01,61.95,8.9,29.16,65,6714725,72.21,90,6146279,66.09,119,4498489,48.37,277,813504,8.75
2022-06-02,45.96,24.88,29.15,77,6714802,72.21,156,6146435,66.1,178,4498667,48.38,255,813759,8.75
2022-06-03,45.9,24.95,29.16,10,6714812,72.21,23,6146458,66.1,21,4498688,48.38,33,813792,8.75
2022-06-04,45.84,25,29.16,0,6714812,72.21,7,6146465,66.1,8,4498696,48.38,5,813797,8.75
2022-06-05,45.8,25.05,29.16,11,6714823,72.21,14,6146479,66.1,7,4498703,48.38,2,813799,8.75
2022-06-06,39.96,30.89,29.16,58,6714881,72.21,145,6146624,66.1,161,4498864,48.38,262,814061,8.75
2022-06-07,39.92,30.93,29.15,54,6714935,72.21,134,6146758,66.1,142,4499006,48.38,379,814440,8.76
2022-06-08,39.89,30.96,29.15,59,6714994,72.21,104,6146862,66.1,131,4499137,48.38,497,814937,8.76
2022-06-09,39.86,30.99,29.15,84,6715078,72.21,208,6147070,66.1,234,4499371,48.38,642,815579,8.77
2022-06-10,39.83,31.02,29.15,14,6715092,72.21,51,6147121,66.1,59,4499430,48.38,142,815721,8.77
2022-06-11,39.8,31.05,29.15,0,6715092,72.21,3,6147124,66.1,7,4499437,48.38,19,815740,8.77
2022-06-12,39.8,31.05,29.15,109,6715201,72.21,199,6147323,66.11,191,4499628,48.39,767,816507,8.78
2022-06-13,39.81,31.04,29.15,84,6715285,72.21,142,6147465,66.11,168,4499796,48.39,626,817133,8.79
2022-06-14,39.79,31.06,29.15,116,6715401,72.21,173,6147638,66.11,208,4500004,48.39,759,817892,8.8
2022-06-15,39.78,31.08,29.15,71,6715472,72.21,141,6147779,66.11,207,4500211,48.39,700,818592,8.8
2022-06-16,39.74,31.11,29.14,94,6715566,72.22,136,6147915,66.11,218,4500429,48.4,742,819334,8.81
2022-06-17,39.72,31.14,29.15,16,6715582,72.22,63,6147978,66.11,53,4500482,48.4,125,819459,8.81
2022-06-18,39.68,31.17,29.14,3,6715585,72.22,4,6147982,66.11,11,4500493,48.4,15,819474,8.81
2022-06-19,39.53,31.33,29.15,115,6715700,72.22,208,6148190,66.11,318,4500811,48.4,877,820351,8.82
2022-06-20,33.92,36.85,29.23,99,6715799,72.22,152,6148342,66.12,307,4501118,48.4,922,821273,8.83
2022-06-21,33.58,37.19,29.23,94,6715893,72.22,154,6148496,66.12,375,4501493,48.41,1229,822502,8.84
2022-06-22,33.28,37.49,29.23,110,6716003,72.22,136,6148632,66.12,339,4501832,48.41,894,823396,8.85
2022-06-23,32.84,37.92,29.23,132,6716135,72.22,217,6148849,66.12,525,4502357,48.42,1146,824542,8.87
2022-06-24,32.43,38.34,29.24,19,6716154,72.22,35,6148884,66.12,110,4502467,48.42,208,824750,8.87
2022-06-25,32.04,38.72,29.24,1,6716155,72.22,3,6148887,66.12,13,4502480,48.42,16,824766,8.87
2022-06-26,31.63,39.13,29.24,107,6716262,72.22,158,6149045,66.12,379,4502859,48.42,933,825699,8.88
2022-06-27,31.29,39.47,29.24,86,6716348,72.22,172,6149217,66.13,392,4503251,48.43,1028,826727,8.89
2022-06-28,30.86,39.91,29.24,84,6716432,72.23,151,6149368,66.13,364,4503615,48.43,932,827659,8.9
2022-06-29,30.48,40.28,29.24,76,6716508,72.23,108,6149476,66.13,265,4503880,48.43,816,828475,8.91
2022-06-30,30.05,40.71,29.24,86,6716594,72.23,165,6149641,66.13,355,4504235,48.44,1062,829537,8.92
2022-07-01,29.62,41.14,29.24,22,6716616,72.23,28,6149669,66.13,55,4504290,48.44,80,829617,8.92
2022-07-02,29.2,41.56,29.24,1,6716617,72.23,2,6149671,66.13,8,4504298,48.44,18,829635,8.92
2022-07-03,28.81,41.95,29.24,100,6716717,72.23,177,6149848,66.13,322,4504620,48.44,637,830272,8.93
2022-07-04,28.5,42.26,29.24,76,6716793,72.23,140,6149988,66.13,278,4504898,48.44,749,831021,8.94
2022-07-05,28.06,42.7,29.24,59,6716852,72.23,142,6150130,66.14,302,4505200,48.45,688,831709,8.94
2022-07-06,27.39,43.37,29.24,78,6716930,72.23,124,6150254,66.14,211,4505411,48.45,646,832355,8.95
2022-07-07,26.48,44.28,29.24,82,6717012,72.23,164,6150418,66.14,267,4505678,48.45,721,833076,8.96
2022-07-08,25.47,45.29,29.24,17,6717029,72.23,33,6150451,66.14,69,4505747,48.45,131,833207,8.96
2022-07-09,24.42,46.34,29.24,0,6717029,72.23,1,6150452,66.14,3,4505750,48.45,2,833209,8.96
2022-07-10,23.77,46.99,29.24,90,6717119,72.23,164,6150616,66.14,229,4505979,48.46,470,833679,8.97
2022-07-11,23.22,47.54,29.24,64,6717183,72.23,142,6150758,66.14,248,4506227,48.46,575,834254,8.97
2022-07-12,22.13,48.63,29.24,69,6717252,72.23,129,6150887,66.14,207,4506434,48.46,558,834812,8.98
2022-07-13,21.1,49.66,29.24,43,6717295,72.23,101,6150988,66.14,165,4506599,48.46,488,835300,8.98
2022-07-14,20.12,50.63,29.24,69,6717364,72.24,147,6151135,66.15,209,4506808,48.46,513,835813,8.99
2022-07-15,19.27,51.48,29.25,64,6717428,72.24,88,6151223,66.15,127,4506935,48.47,166,835979,8.99
2022-07-16,18.29,52.46,29.25,0,6717428,72.24,6,6151229,66.15,7,4506942,48.47,8,835987,8.99
2022-07-17,17.83,52.92,29.25,77,6717505,72.24,183,6151412,66.15,241,4507183,48.47,468,836455,8.99
2022-07-18,17.48,53.26,29.26,62,6717567,72.24,158,6151570,66.15,207,4507390,48.47,511,836966,9
2022-07-19,16.77,53.97,29.26,62,6717629,72.24,147,6151717,66.15,174,4507564,48.47,368,837334,9
2022-07-20,16.09,54.64,29.26,51,6717680,72.24,134,6151851,66.15,137,4507701,48.47,423,837757,9.01
2022-07-21,15.43,55.3,29.27,61,6717741,72.24,159,6152010,66.16,177,4507878,48.48,341,838098,9.01
2022-07-22,14.64,56.08,29.28,10,6717751,72.24,36,6152046,66.16,43,4507921,48.48,56,838154,9.01
2022-07-23,14.17,56.55,29.28,0,6717751,72.24,4,6152050,66.16,4,4507925,48.48,9,838163,9.01
2022-07-24,13.55,57.16,29.29,58,6717809,72.24,128,6152178,66.16,197,4508122,48.48,364,838527,9.02
2022-07-25,13.09,57.61,29.3,48,6717857,72.24,107,6152285,66.16,172,4508294,48.48,336,838863,9.02
2022-07-26,12.46,58.23,29.3,47,6717904,72.24,99,6152384,66.16,111,4508405,48.48,270,839133,9.02
2022-07-27,11.89,58.8,29.31,43,6717947,72.24,125,6152509,66.16,132,4508537,48.48,243,839376,9.03
2022-07-28,11.35,59.34,29.31,62,6718009,72.24,143,6152652,66.16,148,4508685,48.48,220,839596,9.03
2022-07-29,10.85,59.83,29.32,10,6718019,72.24,25,6152677,66.16,27,4508712,48.48,31,839627,9.03
2022-07-30,10.34,60.33,29.33,0,6718019,72.24,0,6152677,66.16,1,4508713,48.48,1,839628,9.03
2022-07-31,9.97,60.7,29.33,56,6718075,72.24,134,6152811,66.16,131,4508844,48.49,252,839880,9.03
2022-08-01,9.47,61.19,29.34,54,6718129,72.24,76,6152887,66.17,91,4508935,48.49,152,840032,9.03
2022-08-02,8.92,61.73,29.35,111,6718240,72.24,119,6153006,66.17,157,4509092,48.49,264,840296,9.04
2022-08-03,8.46,62.19,29.35,76,6718316,72.25,71,6153077,66.17,92,4509184,48.49,178,840474,9.04
2022-08-04,8.04,62.61,29.36,133,6718449,72.25,133,6153210,66.17,111,4509295,48.49,246,840720,9.04
2022-08-05,7.71,62.93,29.36,31,6718480,72.25,23,6153233,66.17,13,4509308,48.49,24,840744,9.04
2022-08-06,7.32,63.32,29.36,1,6718481,72.25,2,6153235,66.17,3,4509311,48.49,5,840749,9.04
2022-08-07,6.92,63.71,29.37,89,6718570,72.25,97,6153332,66.17,69,4509380,48.49,169,840918,9.04
2022-08-08,6.74,63.89,29.37,76,6718646,72.25,95,6153427,66.17,122,4509502,48.49,172,841090,9.04
2022-08-09,6.25,64.37,29.38,96,6718742,72.25,90,6153517,66.17,99,4509601,48.49,213,841303,9.05
2022-08-10,5.91,64.71,29.38,77,6718819,72.25,60,6153577,66.17,76,4509677,48.49,115,841418,9.05
2022-08-11,5.59,65.03,29.38,54,6718873,72.25,101,6153678,66.17,91,4509768,48.5,155,841573,9.05
2022-08-12,5.35,65.27,29.38,8,6718881,72.25,12,6153690,66.17,18,4509786,48.5,29,841602,9.05
2022-08-13,5.1,65.52,29.38,0,6718881,72.25,2,6153692,66.17,2,4509788,48.5,3,841605,9.05
2022-08-14,4.87,65.75,29.39,74,6718955,72.25,75,6153767,66.17,82,4509870,48.5,150,841755,9.05
2022-08-15,4.74,65.87,29.39,68,6719023,72.25,81,6153848,66.18,93,4509963,48.5,143,841898,9.05
2022-08-16,4.46,66.15,29.39,82,6719105,72.25,84,6153932,66.18,83,4510046,48.5,187,842085,9.06
2022-08-17,4.16,66.44,29.39,47,6719152,72.25,56,6153988,66.18,36,4510082,48.5,115,842200,9.06
2022-08-18,3.98,66.63,29.39,70,6719222,72.26,93,6154081,66.18,120,4510202,48.5,173,842373,9.06
2022-08-19,3.83,66.78,29.39,78,6719300,72.26,67,6154148,66.18,57,4510259,48.5,38,842411,9.06
2022-08-20,3.67,66.94,29.39,1,6719301,72.26,1,6154149,66.18,3,4510262,48.5,3,842414,9.06
2022-08-21,3.52,67.08,29.4,51,6719352,72.26,85,6154234,66.18,84,4510346,48.5,197,842611,9.06
2022-08-22,3.44,67.16,29.4,89,6719441,72.26,74,6154308,66.18,103,4510449,48.5,144,842755,9.06
2022-08-23,3.27,67.33,29.4,72,6719513,72.26,106,6154414,66.18,84,4510533,48.5,180,842935,9.06
2022-08-24,3.15,67.46,29.4,38,6719551,72.26,80,6154494,66.18,49,4510582,48.5,133,843068,9.07
2022-08-25,3.03,67.57,29.4,53,6719604,72.26,75,6154569,66.18,97,4510679,48.51,193,843261,9.07
2022-08-26,2.94,67.66,29.4,4,6719608,72.26,15,6154584,66.18,9,4510688,48.51,14,843275,9.07
2022-08-27,2.84,67.76,29.4,0,6719608,72.26,0,6154584,66.18,0,4510688,48.51,0,843275,9.07
2022-08-28,2.75,67.85,29.4,55,6719663,72.26,80,6154664,66.18,85,4510773,48.51,102,843377,9.07
2022-08-29,2.69,67.91,29.4,48,6719711,72.26,68,6154732,66.19,89,4510862,48.51,107,843484,9.07
2022-08-30,2.6,68,29.4,85,6719796,72.26,113,6154845,66.19,85,4510947,48.51,131,843615,9.07
2022-08-31,2.53,68.07,29.4,42,6719838,72.26,89,6154934,66.19,70,4511017,48.51,96,843711,9.07
2022-09-01,2.46,68.14,29.4,29,6719867,72.26,84,6155018,66.19,58,4511075,48.51,113,843824,9.07
2022-09-02,2.4,68.2,29.4,6,6719873,72.26,20,6155038,66.19,13,4511088,48.51,10,843834,9.07
2022-09-03,2.33,68.27,29.4,2,6719875,72.26,0,6155038,66.19,3,4511091,48.51,1,843835,9.07
2022-09-04,2.27,68.32,29.4,64,6719939,72.26,133,6155171,66.19,80,4511171,48.51,121,843956,9.08
2022-09-05,2.23,68.37,29.4,44,6719983,72.26,77,6155248,66.19,58,4511229,48.51,90,844046,9.08
2022-09-06,2.17,68.42,29.4,60,6720043,72.26,104,6155352,66.19,78,4511307,48.51,130,844176,9.08
2022-09-07,2.12,68.47,29.4,28,6720071,72.26,63,6155415,66.19,53,4511360,48.51,95,844271,9.08
2022-09-08,2.07,68.53,29.4,50,6720121,72.26,101,6155516,66.19,70,4511430,48.51,77,844348,9.08
2022-09-09,2.03,68.57,29.4,10,6720131,72.27,21,6155537,66.19,16,4511446,48.51,17,844365,9.08
2022-09-10,1.97,68.62,29.4,0,6720131,72.27,0,6155537,66.19,5,4511451,48.51,2,844367,9.08
2022-09-11,1.92,68.67,29.41,39,6720170,72.27,117,6155654,66.19,78,4511529,48.51,116,844483,9.08
2022-09-12,1.88,68.71,29.41,24,6720194,72.27,72,6155726,66.2,52,4511581,48.52,68,844551,9.08
2022-09-13,1.82,68.77,29.41,44,6720238,72.27,113,6155839,66.2,54,4511635,48.52,103,844654,9.08
2022-09-14,1.78,68.82,29.41,21,6720259,72.27,64,6155903,66.2,54,4511689,48.52,62,844716,9.08
2022-09-15,1.73,68.86,29.41,32,6720291,72.27,77,6155980,66.2,63,4511752,48.52,107,844823,9.08
2022-09-16,1.7,68.89,29.41,51,6720342,72.27,52,6156032,66.2,28,4511780,48.52,28,844851,9.09
2022-09-17,1.66,68.93,29.41,3,6720345,72.27,0,6156032,66.2,1,4511781,48.52,0,844851,9.09
2022-09-18,1.63,68.96,29.41,28,6720373,72.27,66,6156098,66.2,52,4511833,48.52,115,844966,9.09
2022-09-19,1.61,68.98,29.41,27,6720400,72.27,74,6156172,66.2,44,4511877,48.52,57,845023,9.09
2022-09-20,1.56,69.03,29.41,41,6720441,72.27,93,6156265,66.2,75,4511952,48.52,102,845125,9.09
2022-09-21,1.55,69.05,29.41,22,6720463,72.27,54,6156319,66.2,29,4511981,48.52,56,845181,9.09
2022-09-22,1.52,69.07,29.4,42,6720505,72.27,56,6156375,66.2,27,4512008,48.52,41,845222,9.09
2022-09-23,1.5,69.1,29.41,7,6720512,72.27,11,6156386,66.2,4,4512012,48.52,1,845223,9.09
2022-09-24,1.47,69.13,29.41,0,6720512,72.27,0,6156386,66.2,1,4512013,48.52,0,845223,9.09
2022-09-25,1.46,69.13,29.41,5,6720517,72.27,20,6156406,66.2,10,4512023,48.52,27,845250,9.09
2022-09-26,1.46,69.13,29.41,0,6720517,72.27,5,6156411,66.2,2,4512025,48.52,2,845252,9.09
2022-09-27,1.42,69.17,29.41,2,6720519,72.27,0,6156411,66.2,3,4512028,48.52,3,845255,9.09
2022-09-28,1.39,69.21,29.41,24,6720543,72.27,36,6156447,66.2,25,4512053,48.52,17,845272,9.09
2022-09-29,1.37,69.22,29.41,32,6720575,72.27,61,6156508,66.2,13,4512066,48.52,48,845320,9.09
2022-09-30,1.35,69.24,29.41,4,6720579,72.27,12,6156520,66.2,2,4512068,48.52,0,845320,9.09
2022-10-01,1.31,69.29,29.41,0,6720579,72.27,1,6156521,66.2,1,4512069,48.52,1,845321,9.09
2022-10-02,1.31,69.29,29.41,28,6720607,72.27,51,6156572,66.2,20,4512089,48.52,73,845394,9.09
2022-10-03,1.31,69.28,29.4,23,6720630,72.27,29,6156601,66.21,13,4512102,48.52,12,845406,9.09
2022-10-04,1.27,69.32,29.4,7,6720637,72.27,10,6156611,66.21,0,4512102,48.52,1,845407,9.09
2022-10-05,1.28,69.31,29.4,1,6720638,72.27,0,6156611,66.21,0,4512102,48.52,1,845408,9.09
2022-10-06,1.31,69.28,29.4,17,6720655,72.27,43,6156654,66.21,10,4512112,48.52,20,845428,9.09
2022-10-07,1.3,69.29,29.41,3,6720658,72.27,3,6156657,66.21,4,4512116,48.52,0,845428,9.09
2022-10-08,1.26,69.33,29.41,1,6720659,72.27,1,6156658,66.21,0,4512116,48.52,1,845429,9.09
2022-10-09,1.31,69.28,29.41,7,6720666,72.27,22,6156680,66.21,6,4512122,48.52,5,845434,9.09
2022-10-10,1.38,69.22,29.4,5,6720671,72.27,2,6156682,66.21,0,4512122,48.52,0,845434,9.09
2022-10-11,1.36,69.24,29.4,12,6720683,72.27,32,6156714,66.21,1,4512123,48.52,32,845466,9.09
2022-10-12,1.34,69.26,29.4,13,6720696,72.27,24,6156738,66.21,5,4512128,48.52,4,845470,9.09
2022-10-13,1.4,69.2,29.4,17,6720713,72.27,16,6156754,66.21,5,4512133,48.52,9,845479,9.09
2022-10-14,1.4,69.2,29.4,6,6720719,72.27,7,6156761,66.21,4,4512137,48.52,3,845482,9.09
2022-10-15,1.38,69.22,29.4,0,6720719,72.27,0,6156761,66.21,0,4512137,48.52,1,845483,9.09
2022-10-16,1.39,69.2,29.4,4,6720723,72.27,13,6156774,66.21,5,4512142,48.52,8,845491,9.09
2022-10-17,1.39,69.2,29.4,1,6720724,72.27,1,6156775,66.21,3,4512145,48.52,1,845492,9.09
2022-10-18,1.43,69.17,29.4,24,6720748,72.27,31,6156806,66.21,14,4512159,48.52,16,845508,9.09
2022-10-19,1.47,69.12,29.4,18,6720766,72.27,25,6156831,66.21,7,4512166,48.52,3,845511,9.09
2022-10-20,1.5,69.1,29.4,26,6720792,72.27,44,6156875,66.21,12,4512178,48.52,4,845515,9.09
2022-10-21,1.5,69.09,29.4,4,6720796,72.27,7,6156882,66.21,2,4512180,48.52,4,845519,9.09
2022-10-22,1.49,69.1,29.4,0,6720796,72.27,0,6156882,66.21,0,4512180,48.52,0,845519,9.09
2022-10-23,1.51,69.08,29.4,15,6720811,72.27,33,6156915,66.21,18,4512198,48.52,10,845529,9.09
2022-10-24,1.51,69.08,29.41,20,6720831,72.27,16,6156931,66.21,19,4512217,48.52,9,845538,9.09
2022-10-25,1.55,69.04,29.4,18,6720849,72.27,34,6156965,66.21,22,4512239,48.52,21,845559,9.09
2022-10-26,1.61,68.99,29.4,18,6720867,72.27,25,6156990,66.21,8,4512247,48.52,10,845569,9.09
2022-10-27,1.67,68.93,29.4,17,6720884,72.27,27,6157017,66.21,14,4512261,48.52,17,845586,9.09
2022-10-28,1.67,68.93,29.4,48,6720932,72.27,49,6157066,66.21,31,4512292,48.52,18,845604,9.09
2022-10-29,1.66,68.94,29.4,0,6720932,72.27,0,6157066,66.21,0,4512292,48.52,0,845604,9.09
2022-10-30,1.71,68.89,29.4,15,6720947,72.27,23,6157089,66.21,15,4512307,48.52,9,845613,9.09
2022-10-31,1.76,68.84,29.4,17,6720964,72.27,16,6157105,66.21,8,4512315,48.52,9,845622,9.09
2022-11-01,1.82,68.78,29.4,2,6720966,72.27,1,6157106,66.21,1,4512316,48.52,0,845622,9.09
2022-11-02,1.88,68.72,29.4,13,6720979,72.27,13,6157119,66.21,7,4512323,48.52,8,845630,9.09
2022-11-03,1.96,68.64,29.4,17,6720996,72.27,18,6157137,66.21,11,4512334,48.52,8,845638,9.09
2022-11-04,1.98,68.63,29.4,4,6721000,72.27,6,6157143,66.21,1,4512335,48.52,2,845640,9.09
2022-11-05,1.97,68.63,29.4,0,6721000,72.27,0,6157143,66.21,0,4512335,48.52,0,845640,9.09
2022-11-06,2.03,68.57,29.4,27,6721027,72.27,33,6157176,66.21,11,4512346,48.52,23,845663,9.09
2022-11-07,2.1,68.51,29.4,15,6721042,72.27,11,6157187,66.21,10,4512356,48.52,54,845717,9.09
2022-11-08,2.1,68.5,29.4,28,6721070,72.28,26,6157213,66.21,14,4512370,48.52,9,845726,9.09
2022-11-09,2.16,68.45,29.4,16,6721086,72.28,20,6157233,66.21,17,4512387,48.52,9,845735,9.09
2022-11-10,2.22,68.39,29.4,28,6721114,72.28,17,6157250,66.21,11,4512398,48.52,6,845741,9.09
2022-11-11,2.23,68.37,29.4,1,6721115,72.28,17,6157267,66.21,2,4512400,48.52,1,845742,9.09
2022-11-12,2.22,68.38,29.4,1,6721116,72.28,0,6157267,66.21,2,4512402,48.52,0,845742,9.09
2022-11-13,2.29,68.31,29.4,29,6721145,72.28,31,6157298,66.21,17,4512419,48.52,8,845750,9.09
2022-11-14,2.37,68.23,29.4,20,6721165,72.28,17,6157315,66.21,21,4512440,48.52,16,845766,9.1
2022-11-15,2.43,68.17,29.4,40,6721205,72.28,25,6157340,66.21,16,4512456,48.52,18,845784,9.1
2022-11-16,2.5,68.1,29.4,14,6721219,72.28,27,6157367,66.21,16,4512472,48.52,11,845795,9.1
2022-11-17,2.59,68.02,29.4,19,6721238,72.28,33,6157400,66.21,18,4512490,48.53,5,845800,9.1
2022-11-18,2.61,67.99,29.4,6,6721244,72.28,4,6157404,66.21,4,4512494,48.53,0,845800,9.1
2022-11-19,2.6,68,29.4,0,6721244,72.28,0,6157404,66.21,0,4512494,48.53,0,845800,9.1
2022-11-20,2.67,67.93,29.4,19,6721263,72.28,19,6157423,66.21,6,4512500,48.53,13,845813,9.1
2022-11-21,2.76,67.85,29.4,14,6721277,72.28,13,6157436,66.21,6,4512506,48.53,6,845819,9.1
2022-11-22,2.83,67.77,29.4,26,6721303,72.28,13,6157449,66.21,17,4512523,48.53,6,845825,9.1
2022-11-23,2.9,67.7,29.4,17,6721320,72.28,20,6157469,66.21,4,4512527,48.53,8,845833,9.1
2022-11-24,2.98,67.62,29.4,9,6721329,72.28,16,6157485,66.21,13,4512540,48.53,27,845860,9.1
2022-11-25,3,67.6,29.4,14,6721343,72.28,39,6157524,66.22,14,4512554,48.53,12,845872,9.1
2022-11-26,3,67.61,29.4,0,6721343,72.28,2,6157526,66.22,0,4512554,48.53,0,845872,9.1
2022-11-27,3.06,67.54,29.4,14,6721357,72.28,15,6157541,66.22,19,4512573,48.53,2,845874,9.1
2022-11-28,3.14,67.47,29.4,8,6721365,72.28,23,6157564,66.22,8,4512581,48.53,6,845880,9.1
2022-11-29,3.2,67.4,29.4,38,6721403,72.28,31,6157595,66.22,19,4512600,48.53,14,845894,9.1
2022-11-30,3.27,67.34,29.39,12,6721415,72.28,25,6157620,66.22,20,4512620,48.53,8,845902,9.1
2022-12-01,3.34,67.26,29.39,13,6721428,72.28,18,6157638,66.22,15,4512635,48.53,4,845906,9.1
2022-12-02,3.36,67.24,29.39,2,6721430,72.28,7,6157645,66.22,4,4512639,48.53,10,845916,9.1
2022-12-03,3.36,67.24,29.39,0,6721430,72.28,0,6157645,66.22,0,4512639,48.53,1,845917,9.1
2022-12-04,3.42,67.18,29.39,32,6721462,72.28,27,6157672,66.22,30,4512669,48.53,26,845943,9.1
2022-12-05,3.48,67.12,29.4,9,6721471,72.28,17,6157689,66.22,11,4512680,48.53,20,845963,9.1
2022-12-06,3.55,67.06,29.39,32,6721503,72.28,26,6157715,66.22,27,4512707,48.53,7,845970,9.1
2022-12-07,3.62,66.99,29.39,10,6721513,72.28,17,6157732,66.22,8,4512715,48.53,8,845978,9.1
2022-12-08,3.69,66.91,29.39,18,6721531,72.28,31,6157763,66.22,15,4512730,48.53,3,845981,9.1
2022-12-09,3.71,66.9,29.39,4,6721535,72.28,1,6157764,66.22,1,4512731,48.53,7,845988,9.1
2022-12-10,3.7,66.91,29.39,1,6721536,72.28,0,6157764,66.22,2,4512733,48.53,0,845988,9.1
2022-12-11,3.76,66.84,29.39,16,6721552,72.28,22,6157786,66.22,15,4512748,48.53,16,846004,9.1
2022-12-12,3.82,66.78,29.39,15,6721567,72.28,13,6157799,66.22,5,4512753,48.53,0,846004,9.1
2022-12-13,3.87,66.73,29.39,17,6721584,72.28,44,6157843,66.22,18,4512771,48.53,13,846017,9.1
2022-12-14,3.92,66.69,29.39,17,6721601,72.28,16,6157859,66.22,7,4512778,48.53,3,846020,9.1
2022-12-15,3.97,66.64,29.39,22,6721623,72.28,19,6157878,66.22,7,4512785,48.53,12,846032,9.1
2022-12-16,3.98,66.62,29.39,12,6721635,72.28,3,6157881,66.22,1,4512786,48.53,0,846032,9.1
2022-12-17,3.97,66.63,29.39,0,6721635,72.28,0,6157881,66.22,0,4512786,48.53,0,846032,9.1
2022-12-18,4.01,66.59,29.39,9,6721644,72.28,18,6157899,66.22,8,4512794,48.53,3,846035,9.1
2022-12-19,4.06,66.54,29.4,7,6721651,72.28,14,6157913,66.22,12,4512806,48.53,1,846036,9.1
2022-12-20,4.1,66.51,29.39,12,6721663,72.28,17,6157930,66.22,2,4512808,48.53,2,846038,9.1
2022-12-21,4.14,66.47,29.39,9,6721672,72.28,14,6157944,66.22,13,4512821,48.53,3,846041,9.1
2022-12-22,4.18,66.42,29.39,4,6721676,72.28,10,6157954,66.22,14,4512835,48.53,1,846042,9.1
2022-12-23,4.19,66.42,29.39,8,6721684,72.28,0,6157954,66.22,2,4512837,48.53,0,846042,9.1
2022-12-24,4.18,66.43,29.39,0,6721684,72.28,0,6157954,66.22,0,4512837,48.53,0,846042,9.1
2022-12-25,4.21,66.4,29.39,6,6721690,72.28,17,6157971,66.22,1,4512838,48.53,2,846044,9.1
2022-12-26,4.24,66.36,29.39,17,6721707,72.28,6,6157977,66.22,13,4512851,48.53,0,846044,9.1
2022-12-27,4.25,66.36,29.39,24,6721731,72.28,24,6158001,66.22,17,4512868,48.53,7,846051,9.1
2022-12-28,4.26,66.34,29.39,17,6721748,72.28,18,6158019,66.22,25,4512893,48.53,64,846115,9.1
2022-12-29,4.28,66.33,29.39,15,6721763,72.28,23,6158042,66.22,14,4512907,48.53,4,846119,9.1
2022-12-30,4.27,66.33,29.4,4,6721767,72.28,5,6158047,66.22,3,4512910,48.53,0,846119,9.1
2022-12-31,4.26,66.35,29.4,0,6721767,72.28,1,6158048,66.22,0,4512910,48.53,0,846119,9.1
2023-01-01,4.27,66.33,29.4,6,6721773,72.28,18,6158066,66.22,2,4512912,48.53,1,846120,9.1
2023-01-02,4.29,66.31,29.4,10,6721783,72.28,8,6158074,66.22,3,4512915,48.53,1,846121,9.1
2023-01-03,4.3,66.3,29.4,20,6721803,72.28,17,6158091,66.22,7,4512922,48.53,3,846124,9.1
2023-01-04,4.3,66.3,29.4,7,6721810,72.28,11,6158102,66.22,4,4512926,48.53,2,846126,9.1
2023-01-05,4.31,66.29,29.39,12,6721822,72.28,19,6158121,66.22,11,4512937,48.53,4,846130,9.1
2023-01-06,4.31,66.29,29.4,2,6721824,72.28,1,6158122,66.22,1,4512938,48.53,0,846130,9.1
2023-01-07,4.3,66.31,29.4,1,6721825,72.28,0,6158122,66.22,0,4512938,48.53,0,846130,9.1
2023-01-08,4.33,66.28,29.4,14,6721839,72.28,31,6158153,66.22,9,4512947,48.53,2,846132,9.1
2023-01-09,4.34,66.26,29.4,12,6721851,72.28,20,6158173,66.22,1,4512948,48.53,1,846133,9.1
2023-01-10,4.35,66.25,29.4,38,6721889,72.28,27,6158200,66.22,10,4512958,48.53,4,846137,9.1
2023-01-11,4.36,66.25,29.4,14,6721903,72.28,18,6158218,66.22,11,4512969,48.53,2,846139,9.1
2023-01-12,4.37,66.24,29.39,22,6721925,72.28,20,6158238,66.22,11,4512980,48.53,2,846141,9.1
2023-01-13,4.36,66.24,29.4,3,6721928,72.28,2,6158240,66.22,0,4512980,48.53,0,846141,9.1
2023-01-14,4.35,66.25,29.4,1,6721929,72.28,0,6158240,66.22,0,4512980,48.53,0,846141,9.1
2023-01-15,4.36,66.24,29.4,17,6721946,72.28,16,6158256,66.22,4,4512984,48.53,3,846144,9.1
2023-01-16,4.38,66.22,29.4,9,6721955,72.28,14,6158270,66.22,6,4512990,48.53,0,846144,9.1
2023-01-17,4.38,66.22,29.4,14,6721969,72.28,14,6158284,66.22,6,4512996,48.53,0,846144,9.1
2023-01-18,4.39,66.21,29.4,7,6721976,72.28,8,6158292,66.22,3,4512999,48.53,1,846145,9.1
2023-01-19,4.4,66.2,29.4,13,6721989,72.28,15,6158307,66.22,2,4513001,48.53,4,846149,9.1
2023-01-20,4.39,66.2,29.4,4,6721993,72.28,2,6158309,66.22,0,4513001,48.53,1,846150,9.1
2023-01-21,4.39,66.21,29.4,0,6721993,72.28,0,6158309,66.22,0,4513001,48.53,0,846150,9.1
2023-01-22,4.4,66.2,29.4,8,6722001,72.29,3,6158312,66.22,8,4513009,48.53,4,846154,9.1
2023-01-23,4.41,66.19,29.4,11,6722012,72.29,5,6158317,66.22,6,4513015,48.53,0,846154,9.1
2023-01-24,4.41,66.19,29.4,21,6722033,72.29,21,6158338,66.22,11,4513026,48.53,2,846156,9.1
2023-01-25,4.41,66.18,29.4,5,6722038,72.29,5,6158343,66.22,0,4513026,48.53,2,846158,9.1
2023-01-26,4.42,66.18,29.4,10,6722048,72.29,15,6158358,66.22,8,4513034,48.53,2,846160,9.1
2023-01-27,4.41,66.18,29.4,0,6722048,72.29,9,6158367,66.22,0,4513034,48.53,0,846160,9.1
2023-01-28,4.41,66.19,29.4,0,6722048,72.29,0,6158367,66.22,0,4513034,48.53,0,846160,9.1
2023-01-29,4.41,66.19,29.41,12,6722060,72.29,8,6158375,66.22,5,4513039,48.53,2,846162,9.1
2023-01-30,4.42,66.17,29.41,9,6722069,72.29,16,6158391,66.22,2,4513041,48.53,1,846163,9.1
2023-01-31,4.42,66.17,29.41,19,6722088,72.29,23,6158414,66.22,4,4513045,48.53,1,846164,9.1
2023-02-01,4.42,66.17,29.41,10,6722098,72.29,11,6158425,66.22,4,4513049,48.53,0,846164,9.1
2023-02-02,4.43,66.17,29.41,14,6722112,72.29,31,6158456,66.22,3,4513052,48.53,0,846164,9.1
2023-02-03,4.42,66.17,29.41,3,6722115,72.29,1,6158457,66.22,0,4513052,48.53,0,846164,9.1
2023-02-04,4.42,66.18,29.41,0,6722115,72.29,0,6158457,66.22,0,4513052,48.53,0,846164,9.1
2023-02-05,4.42,66.17,29.41,0,6722115,72.29,0,6158457,66.22,0,4513052,48.53,0,846164,9.1
