Date,Valid vaccinated pop. perc.,Expired vaccinated pop. perc.,Not vaccinated pop. perc.,Vaccinated (daily),Vaccinated (cumu),Vaccinated pop. perc.,Second dose (daily),Second dose (cumu),Second dose pop. perc.,Third dose (daily),Third dose (cumu),Third dose pop. perc.,Fourth dose (daily),Fourth dose (cumu),Fourth dose pop. perc.
2020-12-19,0,0,100,46,71,0,0,4,0,0,0,0,0,0,0
2020-12-20,0,0,100,7396,7467,0.08,0,4,0,0,0,0,0,0,0
2020-12-21,0,0,100,24923,32390,0.35,0,4,0,0,0,0,0,0,0
2020-12-22,0,0,100,44669,77059,0.83,0,4,0,0,0,0,0,0,0
2020-12-23,0,0,100,62918,139977,1.51,0,4,0,0,0,0,0,0,0
2020-12-24,0,0,100,73431,213408,2.29,0,4,0,0,0,0,0,0,0
2020-12-25,0,0,100,38518,251926,2.71,0,4,0,0,0,0,0,0,0
2020-12-26,0,0,100,32618,284544,3.06,0,4,0,0,0,0,0,0,0
2020-12-27,0,0,100,104575,389119,4.18,0,4,0,0,0,0,0,0,0
2020-12-28,0,0,100,135042,524161,5.64,0,4,0,0,0,0,0,0,0
2020-12-29,0,0,100,156343,680504,7.32,2,6,0,0,0,0,0,0,0
2020-12-30,0,0,100,153192,833696,8.97,0,6,0,0,0,0,0,0,0
2020-12-31,0,0,100,158602,992298,10.67,0,6,0,0,0,0,0,0,0
2021-01-01,0,0,100,71435,1063733,11.44,0,6,0,0,0,0,0,0,0
2021-01-02,0,0,100,71745,1135478,12.21,0,6,0,0,0,0,0,0,0
2021-01-03,0,0,100,149768,1285246,13.82,0,6,0,0,0,0,0,0,0
2021-01-04,0,0,100,152208,1437454,15.46,1,7,0,0,0,0,0,0,0
2021-01-05,0,0,100,125222,1562676,16.8,4,11,0,0,0,0,0,0,0
2021-01-06,0,0,100,103375,1666051,17.92,2,13,0,0,0,0,0,0,0
2021-01-07,0,0,100,116065,1782116,19.16,9,22,0,0,0,0,0,0,0
2021-01-08,0,0,100,66465,1848581,19.88,5,27,0,0,0,0,0,0,0
2021-01-09,0,0,100,44554,1893135,20.36,24,51,0,0,0,0,0,0,0
2021-01-10,0,0,100,37649,1930784,20.76,6001,6052,0.07,0,0,0,0,0,0
2021-01-11,0,0,100,21176,1951960,20.99,19264,25316,0.27,0,0,0,0,0,0
2021-01-12,0,0,100,24077,1976037,21.25,35674,60990,0.66,0,0,0,0,0,0
2021-01-13,0,0,100,52079,2028116,21.81,56873,117863,1.27,0,0,0,0,0,0
2021-01-14,0,0,100,56480,2084596,22.42,68839,186702,2.01,0,0,0,0,0,0
2021-01-15,0,0,100,30776,2115372,22.75,35943,222645,2.39,0,0,0,0,0,0
2021-01-16,0,0,100,29481,2144853,23.06,26007,248652,2.67,0,0,0,0,0,0
2021-01-17,0.31,0,99.69,68446,2213299,23.8,84598,333250,3.58,0,0,0,0,0,0
2021-01-18,0.58,0,99.42,69820,2283119,24.55,120438,453688,4.88,0,0,0,0,0,0
2021-01-19,1.09,0,98.91,72896,2356015,25.34,137852,591540,6.36,0,0,0,0,0,0
2021-01-20,1.9,0,98.1,76919,2432934,26.16,143769,735309,7.91,0,0,0,0,0,0
2021-01-21,2.88,0,97.12,70010,2502944,26.92,164478,899787,9.68,0,0,0,0,0,0
2021-01-22,3.39,0,96.61,37933,2540877,27.32,71134,970921,10.44,0,0,0,0,0,0
2021-01-23,3.77,0,96.23,39965,2580842,27.75,53597,1024518,11.02,0,0,0,0,0,0
2021-01-24,4.96,0,95.04,69148,2649990,28.5,140712,1165230,12.53,0,0,0,0,0,0
2021-01-25,6.61,0,93.39,80943,2730933,29.37,139523,1304753,14.03,0,0,0,0,0,0
2021-01-26,8.45,0,91.55,78737,2809670,30.21,126446,1431199,15.39,0,0,0,0,0,0
2021-01-27,10.34,0,89.66,77984,2887654,31.05,125073,1556272,16.74,0,0,0,0,0,0
2021-01-28,12.43,0,87.57,79571,2967225,31.91,130633,1686905,18.14,0,0,0,0,0,0
2021-01-29,13.34,0,86.66,36704,3003929,32.3,64794,1751699,18.84,0,0,0,0,0,0
2021-01-30,14.02,0,85.98,34395,3038324,32.67,42767,1794466,19.3,0,0,0,0,0,0
2021-01-31,15.76,0,84.24,73331,3111655,33.46,59504,1853970,19.94,0,0,0,0,0,0
2021-02-01,17.48,0,82.52,82513,3194168,34.35,35358,1889328,20.32,0,0,0,0,0,0
2021-02-02,19.01,0,80.99,70107,3264275,35.1,31074,1920402,20.65,0,0,0,0,0,0
2021-02-03,20.47,0,79.53,60309,3324584,35.75,51445,1971847,21.2,0,0,0,0,0,0
2021-02-04,22,0,78,72640,3397224,36.53,58096,2029943,21.83,0,0,0,0,0,0
2021-02-05,22.75,0,77.25,33947,3431171,36.9,28807,2058750,22.14,0,0,0,0,0,0
2021-02-06,23.23,0,76.77,21622,3452793,37.13,22233,2080983,22.38,0,0,0,0,0,0
2021-02-07,23.99,0,76.01,54081,3506874,37.71,68745,2149728,23.12,0,0,0,0,0,0
2021-02-08,24.52,0,75.48,58644,3565518,38.34,65468,2215196,23.82,0,0,0,0,0,0
2021-02-09,25.04,0,74.96,66360,3631878,39.06,67580,2282776,24.55,0,0,0,0,0,0
2021-02-10,25.77,0,74.23,70571,3702449,39.81,72316,2355092,25.33,0,0,0,0,0,0
2021-02-11,26.61,0,73.39,81175,3783624,40.69,72114,2427206,26.1,0,0,0,0,0,0
2021-02-12,27.02,0,72.98,39111,3822735,41.11,37600,2464806,26.51,0,0,0,0,0,0
2021-02-13,27.33,0,72.67,27465,3850200,41.4,30441,2495247,26.83,0,0,0,0,0,0
2021-02-14,28.25,0,71.75,74917,3925117,42.21,69085,2564332,27.58,0,0,0,0,0,0
2021-02-15,29.17,0,70.83,81549,4006666,43.09,75722,2640054,28.39,0,0,0,0,0,0
2021-02-16,30.11,0,69.89,83423,4090089,43.98,78301,2718355,29.23,0,0,0,0,0,0
2021-02-17,31.01,0,68.99,61984,4152073,44.65,75646,2794001,30.05,0,0,0,0,0,0
2021-02-18,31.94,0,68.06,69159,4221232,45.39,79739,2873740,30.9,0,0,0,0,0,0
2021-02-19,32.45,0,67.55,39676,4260908,45.82,38162,2911902,31.31,0,0,0,0,0,0
2021-02-20,32.85,0,67.15,31652,4292560,46.16,28723,2940625,31.62,0,0,0,0,0,0
2021-02-21,33.8,0,66.2,79437,4371997,47.01,78446,3019071,32.47,0,0,0,0,0,0
2021-02-22,34.83,0,65.17,85056,4457053,47.93,80599,3099670,33.33,0,0,0,0,0,0
2021-02-23,35.84,0,64.16,77332,4534385,48.76,70487,3170157,34.09,0,0,0,0,0,0
2021-02-24,36.76,0,63.24,61067,4595452,49.42,63145,3233302,34.77,0,0,0,0,0,0
2021-02-25,37.66,0,62.34,51730,4647182,49.97,64810,3298112,35.47,0,0,0,0,0,0
2021-02-26,38.1,0,61.9,25913,4673095,50.25,32046,3330158,35.81,0,0,0,0,0,0
2021-02-27,38.42,0,61.58,18353,4691448,50.45,21197,3351355,36.04,0,0,0,0,0,0
2021-02-28,39.24,0,60.76,40365,4731813,50.88,55874,3407229,36.64,0,0,0,0,0,0
2021-03-01,40.1,0,59.9,45752,4777565,51.38,61445,3468674,37.3,0,0,0,0,0,0
2021-03-02,40.85,0,59.15,41203,4818768,51.82,64802,3533476,38,0,0,0,0,0,0
2021-03-03,41.55,0,58.45,42035,4860803,52.27,66794,3600270,38.72,0,0,0,0,0,0
2021-03-04,42.24,0,57.76,39722,4900525,52.7,79126,3679396,39.57,0,0,0,0,0,0
2021-03-05,42.57,0,57.43,17369,4917894,52.88,40471,3719867,40,0,0,0,0,0,0
2021-03-06,42.78,0,57.22,10722,4928616,53,25349,3745216,40.27,0,0,0,0,0,0
2021-03-07,43.36,0,56.64,31157,4959773,53.34,72847,3818063,41.06,0,0,0,0,0,0
2021-03-08,43.97,0,56.03,27387,4987160,53.63,73296,3891359,41.85,0,0,0,0,0,0
2021-03-09,44.62,0,55.38,26756,5013916,53.92,76605,3967964,42.67,0,0,0,0,0,0
2021-03-10,45.27,0,54.73,23373,5037289,54.17,58685,4026649,43.3,0,0,0,0,0,0
2021-03-11,45.99,0,54.01,23308,5060597,54.42,69098,4095747,44.04,0,0,0,0,0,0
2021-03-12,46.34,0,53.66,11296,5071893,54.54,41418,4137165,44.49,0,0,0,0,0,0
2021-03-13,46.57,0,53.43,7954,5079847,54.63,25240,4162405,44.76,0,0,0,0,0,0
2021-03-14,47.2,0,52.8,20991,5100838,54.85,73937,4236342,45.56,0,0,0,0,0,0
2021-03-15,47.81,0,52.19,20152,5120990,55.07,78281,4314623,46.4,0,0,0,0,0,0
2021-03-16,48.43,0,51.57,18759,5139749,55.27,71481,4386104,47.17,0,0,0,0,0,0
2021-03-17,48.92,0,51.08,17705,5157454,55.46,59010,4445114,47.8,0,0,0,0,0,0
2021-03-18,49.45,0,50.55,16050,5173504,55.63,58126,4503240,48.43,0,0,0,0,0,0
2021-03-19,49.75,0,50.25,6958,5180462,55.71,27981,4531221,48.73,0,0,0,0,0,0
2021-03-20,49.93,0,50.07,5228,5185690,55.76,15302,4546523,48.89,0,0,0,0,0,0
2021-03-21,50.46,0,49.54,13172,5198862,55.91,40511,4587034,49.33,0,0,0,0,0,0
2021-03-22,51,0,49,13583,5212445,56.05,40542,4627576,49.76,0,0,0,0,0,0
2021-03-23,51.43,0,48.57,2846,5215291,56.08,7303,4634879,49.84,0,0,0,0,0,0
2021-03-24,51.84,0,48.16,11006,5226297,56.2,46561,4681440,50.34,0,0,0,0,0,0
2021-03-25,52.22,0,47.78,10274,5236571,56.31,35440,4716880,50.72,0,0,0,0,0,0
2021-03-26,52.4,0,47.6,4186,5240757,56.36,13334,4730214,50.87,0,0,0,0,0,0
2021-03-27,52.5,0,47.5,1787,5242544,56.38,4269,4734483,50.91,0,0,0,0,0,0
2021-03-28,52.74,0,47.26,2114,5244658,56.4,4611,4739094,50.96,0,0,0,0,0,0
2021-03-29,53,0,47,6920,5251578,56.47,30017,4769111,51.28,0,0,0,0,0,0
2021-03-30,53.08,0,46.92,7897,5259475,56.56,22455,4791566,51.53,0,0,0,0,0,0
2021-03-31,53.38,0,46.62,8154,5267629,56.65,19502,4811068,51.74,0,0,0,0,0,0
2021-04-01,53.62,0,46.38,8222,5275851,56.73,18704,4829772,51.94,0,0,0,0,0,0
2021-04-02,53.71,0,46.29,2947,5278798,56.77,8131,4837903,52.02,0,0,0,0,0,0
2021-04-03,53.74,0,46.26,1432,5280230,56.78,2983,4840886,52.06,0,0,0,0,0,0
2021-04-04,53.82,0,46.18,9618,5289848,56.88,22832,4863718,52.3,0,0,0,0,0,0
2021-04-05,54.04,0,45.96,10364,5300212,57,21278,4884996,52.53,0,0,0,0,0,0
2021-04-06,54.21,0,45.79,9035,5309247,57.09,16794,4901790,52.71,0,0,0,0,0,0
2021-04-07,54.36,0,45.64,8935,5318182,57.19,15314,4917104,52.88,0,0,0,0,0,0
2021-04-08,54.52,0,45.48,9430,5327612,57.29,17018,4934122,53.06,0,0,0,0,0,0
2021-04-09,54.58,0,45.42,3610,5331222,57.33,6259,4940381,53.13,0,0,0,0,0,0
2021-04-10,54.61,0,45.39,1637,5332859,57.35,3523,4943904,53.16,0,0,0,0,0,0
2021-04-11,54.78,0,45.22,9045,5341904,57.44,14249,4958153,53.32,0,0,0,0,0,0
2021-04-12,54.95,0,45.05,8938,5350842,57.54,13236,4971389,53.46,0,0,0,0,0,0
2021-04-13,55.08,0,44.92,5841,5356683,57.6,4960,4976349,53.51,0,0,0,0,0,0
2021-04-14,55.18,0,44.82,3650,5360333,57.64,5311,4981660,53.57,0,0,0,0,0,0
2021-04-15,55.27,0,44.73,698,5361031,57.65,583,4982243,53.58,0,0,0,0,0,0
2021-04-16,55.33,0,44.67,3420,5364451,57.69,6652,4988895,53.65,0,0,0,0,0,0
2021-04-17,55.35,0,44.65,822,5365273,57.7,1973,4990868,53.67,0,0,0,0,0,0
2021-04-18,55.47,0,44.53,7099,5372372,57.77,7433,4998301,53.75,0,0,0,0,0,0
2021-04-19,55.58,0,44.42,6407,5378779,57.84,7135,5005436,53.83,0,0,0,0,0,0
2021-04-20,55.65,0,44.35,6287,5385066,57.91,6889,5012325,53.9,0,0,0,0,0,0
2021-04-21,55.71,0,44.29,6381,5391447,57.98,7112,5019437,53.98,0,0,0,0,0,0
2021-04-22,55.75,0,44.25,5952,5397399,58.04,7691,5027128,54.06,0,0,0,0,0,0
2021-04-23,55.8,0,44.2,2768,5400167,58.07,3391,5030519,54.1,0,0,0,0,0,0
2021-04-24,55.82,0,44.18,769,5400936,58.08,1290,5031809,54.11,0,0,0,0,0,0
2021-04-25,55.89,0,44.11,4829,5405765,58.13,6925,5038734,54.18,0,0,0,0,0,0
2021-04-26,55.96,0,44.04,5479,5411244,58.19,7889,5046623,54.27,0,0,0,0,0,0
2021-04-27,56.03,0,43.97,4507,5415751,58.24,6627,5053250,54.34,0,0,0,0,0,0
2021-04-28,56.09,0,43.91,4501,5420252,58.29,7337,5060587,54.42,0,0,0,0,0,0
2021-04-29,56.16,0,43.84,4378,5424630,58.33,7297,5067884,54.5,0,0,0,0,0,0
2021-04-30,56.19,0,43.81,1925,5426555,58.35,3203,5071087,54.53,0,0,0,0,0,0
2021-05-01,56.2,0,43.8,458,5427013,58.36,895,5071982,54.54,0,0,0,0,0,0
2021-05-02,56.26,0,43.74,3225,5430238,58.39,6092,5078074,54.61,0,0,0,0,0,0
2021-05-03,56.32,0,43.68,3535,5433773,58.43,5835,5083909,54.67,0,0,0,0,0,0
2021-05-04,56.38,0,43.62,3593,5437366,58.47,4738,5088647,54.72,0,0,0,0,0,0
2021-05-05,56.44,0,43.56,3292,5440658,58.51,4093,5092740,54.76,0,0,0,0,0,0
2021-05-06,56.5,0,43.5,3646,5444304,58.55,3144,5095884,54.8,0,0,0,0,0,0
2021-05-07,56.52,0,43.48,1847,5446151,58.57,2509,5098393,54.83,0,0,0,0,0,0
2021-05-08,56.53,0,43.47,244,5446395,58.57,508,5098901,54.83,0,0,0,0,0,0
2021-05-09,56.58,0,43.42,2851,5449246,58.6,4751,5103652,54.88,0,0,0,0,0,0
2021-05-10,56.63,0,43.37,2899,5452145,58.63,4715,5108367,54.93,0,0,0,0,0,0
2021-05-11,56.67,0,43.33,2622,5454767,58.66,3881,5112248,54.97,0,0,0,0,0,0
2021-05-12,56.7,0,43.3,2034,5456801,58.68,3342,5115590,55.01,0,0,0,0,0,0
2021-05-13,56.73,0,43.27,2043,5458844,58.7,3688,5119278,55.05,0,0,0,0,0,0
2021-05-14,56.75,0,43.25,979,5459823,58.71,1495,5120773,55.07,0,0,0,0,0,0
2021-05-15,56.75,0,43.25,259,5460082,58.71,259,5121032,55.07,0,0,0,0,0,0
2021-05-16,56.78,0,43.22,529,5460611,58.72,1206,5122238,55.08,0,0,0,0,0,0
2021-05-17,56.81,0,43.19,303,5460914,58.72,848,5123086,55.09,0,0,0,0,0,0
2021-05-18,56.84,0,43.16,1963,5462877,58.75,4939,5128025,55.14,0,0,0,0,0,0
2021-05-19,56.87,0,43.13,2233,5465110,58.77,5042,5133067,55.2,0,0,0,0,0,0
2021-05-20,56.9,0,43.1,2312,5467422,58.79,3880,5136947,55.24,0,0,0,0,0,0
2021-05-21,56.92,0,43.08,1194,5468616,58.81,1414,5138361,55.26,0,0,0,0,0,0
2021-05-22,56.92,0,43.08,206,5468822,58.81,396,5138757,55.26,0,0,0,0,0,0
2021-05-23,56.94,0,43.06,2272,5471094,58.83,3216,5141973,55.29,0,0,0,0,0,0
2021-05-24,56.96,0,43.04,2140,5473234,58.86,3597,5145570,55.33,0,0,0,0,0,0
2021-05-25,56.99,0,43.01,1822,5475056,58.88,2588,5148158,55.36,0,0,0,0,0,0
2021-05-26,57.03,0,42.97,1415,5476471,58.89,2504,5150662,55.39,0,0,0,0,0,0
2021-05-27,57.06,0,42.94,1865,5478336,58.91,3189,5153851,55.42,0,0,0,0,0,0
2021-05-28,57.07,0,42.93,794,5479130,58.92,1406,5155257,55.44,0,0,0,0,0,0
2021-05-29,57.07,0,42.93,192,5479322,58.92,227,5155484,55.44,0,0,0,0,0,0
2021-05-30,57.1,0,42.9,1645,5480967,58.94,1937,5157421,55.46,0,0,0,0,0,0
2021-05-31,57.13,0,42.87,1740,5482707,58.96,2093,5159514,55.48,0,0,0,0,0,0
2021-06-01,57.47,0,42.53,1385,5484092,58.97,1823,5161337,55.5,0,0,0,0,0,0
2021-06-02,57.25,0,42.75,1514,5485606,58.99,1610,5162947,55.52,0,0,0,0,0,0
2021-06-03,57.27,0,42.73,1685,5487291,59.01,1496,5164443,55.54,0,0,0,0,0,0
2021-06-04,57.28,0,42.72,1102,5488393,59.02,784,5165227,55.54,0,0,0,0,0,0
2021-06-05,57.29,0,42.71,184,5488577,59.02,159,5165386,55.55,0,0,0,0,0,0
2021-06-06,57.31,0,42.69,4293,5492870,59.07,1002,5166388,55.56,0,0,0,0,0,0
2021-06-07,57.34,0,42.66,4440,5497310,59.12,814,5167202,55.57,0,0,0,0,0,0
2021-06-08,57.36,0,42.64,3739,5501049,59.16,1175,5168377,55.58,0,0,0,0,0,0
2021-06-09,57.4,0,42.6,3615,5504664,59.19,1331,5169708,55.59,0,0,0,0,0,0
2021-06-10,57.42,0,42.58,3364,5508028,59.23,1300,5171008,55.61,0,0,0,0,0,0
2021-06-11,57.43,0,42.57,1402,5509430,59.25,590,5171598,55.61,0,0,0,0,0,0
2021-06-12,57.43,0,42.57,222,5509652,59.25,173,5171771,55.61,0,0,0,0,0,0
2021-06-13,57.45,0,42.55,3101,5512753,59.28,1260,5173031,55.63,0,0,0,0,0,0
2021-06-14,57.46,0,42.54,3057,5515810,59.31,1534,5174565,55.64,0,0,0,0,0,0
2021-06-15,57.48,0,42.52,3137,5518947,59.35,1378,5175943,55.66,0,0,0,0,0,0
2021-06-16,57.49,0,42.51,2734,5521681,59.38,1004,5176947,55.67,0,0,0,0,0,0
2021-06-17,57.51,0,42.49,2733,5524414,59.41,1209,5178156,55.68,0,0,0,0,0,0
2021-06-18,57.52,0,42.48,1270,5525684,59.42,506,5178662,55.69,0,0,0,0,0,0
2021-06-19,57.52,0,42.48,242,5525926,59.42,139,5178801,55.69,0,0,0,0,0,0
2021-06-20,57.54,0,42.46,3316,5529242,59.46,1332,5180133,55.7,0,0,0,0,0,0
2021-06-21,57.56,0,42.44,5250,5534492,59.52,1218,5181351,55.72,0,0,0,0,0,0
2021-06-22,57.58,0,42.42,6935,5541427,59.59,1101,5182452,55.73,0,0,0,0,0,0
2021-06-23,57.6,0,42.4,10762,5552189,59.71,1303,5183755,55.74,0,0,0,0,0,0
2021-06-24,57.62,0,42.38,12051,5564240,59.84,1466,5185221,55.76,0,0,0,0,0,0
2021-06-25,57.62,0,42.38,7117,5571357,59.91,945,5186166,55.77,0,0,0,0,0,0
2021-06-26,57.63,0,42.37,2278,5573635,59.94,200,5186366,55.77,0,0,0,0,0,0
2021-06-27,57.65,0,42.35,13634,5587269,60.08,3438,5189804,55.81,0,0,0,0,0,0
2021-06-28,57.68,0,42.32,14518,5601787,60.24,3675,5193479,55.85,0,0,0,0,0,0
2021-06-29,57.69,0,42.31,16711,5618498,60.42,3745,5197224,55.89,0,0,0,0,0,0
2021-06-30,57.72,0,42.28,16487,5634985,60.6,3397,5200621,55.92,0,0,0,0,0,0
2021-07-01,57.78,0,42.22,16838,5651823,60.78,3381,5204002,55.96,121,121,0,0,0,0
2021-07-02,57.79,0,42.21,9836,5661659,60.88,1609,5205611,55.98,7,128,0,0,0,0
2021-07-03,57.79,0,42.21,2679,5664338,60.91,300,5205911,55.98,1,129,0,0,0,0
2021-07-04,57.85,0,42.15,17735,5682073,61.1,3161,5209072,56.02,2,131,0,0,0,0
2021-07-05,57.91,0,42.09,17850,5699923,61.29,3046,5212118,56.05,7,138,0,0,0,0
2021-07-06,57.99,0,42.01,17849,5717772,61.49,3412,5215530,56.09,11,149,0,0,0,0
2021-07-07,58.05,0,41.95,15533,5733305,61.65,2704,5218234,56.11,12,161,0,0,0,0
2021-07-08,58.12,0,41.88,16590,5749895,61.83,2881,5221115,56.15,17,178,0,0,0,0
2021-07-09,58.15,0,41.85,11125,5761020,61.95,1535,5222650,56.16,4,182,0,0,0,0
2021-07-10,58.15,0,41.85,4989,5766009,62,391,5223041,56.17,6,188,0,0,0,0
2021-07-11,58.22,0,41.78,1458,5767467,62.02,2848,5225889,56.2,9,197,0,0,0,0
2021-07-12,58.29,0,41.71,2427,5769894,62.05,3697,5229586,56.24,58,255,0,0,0,0
2021-07-13,58.36,0,41.64,2965,5772859,62.08,5460,5235046,56.3,124,379,0,0,0,0
2021-07-14,58.42,0,41.58,2747,5775606,62.11,7536,5242582,56.38,441,820,0.01,0,0,0
2021-07-15,58.5,0,41.5,3010,5778616,62.14,9302,5251884,56.48,374,1194,0.01,0,0,0
2021-07-16,58.54,0,41.46,1296,5779912,62.15,5898,5257782,56.54,66,1260,0.01,0,0,0
2021-07-17,58.55,0,41.44,372,5780284,62.16,1394,5259176,56.55,8,1268,0.01,0,0,0
2021-07-18,58.6,0,41.4,2074,5782358,62.18,9770,5268946,56.66,235,1503,0.02,0,0,0
2021-07-19,58.65,0,41.35,3212,5785570,62.22,11346,5280292,56.78,461,1964,0.02,0,0,0
2021-07-20,58.72,0,41.28,2691,5788261,62.24,11915,5292207,56.91,374,2338,0.03,0,0,0
2021-07-21,58.81,0,41.19,2408,5790669,62.27,11880,5304087,57.04,325,2663,0.03,0,0,0
2021-07-22,58.93,0,41.07,2879,5793548,62.3,13281,5317368,57.18,391,3054,0.03,0,0,0
2021-07-23,58.99,0,41.01,2039,5795587,62.32,8250,5325618,57.27,106,3160,0.03,0,0,0
2021-07-24,58.99,0,41,645,5796232,62.33,1486,5327104,57.28,7,3167,0.03,0,0,0
2021-07-25,59.1,0,40.89,4417,5800649,62.38,15499,5342603,57.45,223,3390,0.04,0,0,0
2021-07-26,59.24,0,40.75,5174,5805823,62.43,13535,5356138,57.6,325,3715,0.04,0,0,0
2021-07-27,59.37,0.01,40.62,5493,5811316,62.49,13579,5369717,57.74,414,4129,0.04,0,0,0
2021-07-28,59.5,0.01,40.49,3990,5815306,62.53,12345,5382062,57.88,472,4601,0.05,0,0,0
2021-07-29,59.65,0.01,40.33,4665,5819971,62.59,14203,5396265,58.03,532,5133,0.06,0,0,0
2021-07-30,59.74,0.02,40.25,2658,5822629,62.61,10856,5407121,58.15,4122,9255,0.1,0,0,0
2021-07-31,59.75,0.02,40.23,1407,5824036,62.63,3554,5410675,58.18,6159,15414,0.17,0,0,0
2021-08-01,59.91,0.02,40.06,3079,5827115,62.66,3367,5414042,58.22,31048,46462,0.5,0,0,0
2021-08-02,60.06,0.03,39.91,3134,5830249,62.7,3176,5417218,58.25,58514,104976,1.13,0,0,0
2021-08-03,60.21,0.03,39.76,3387,5833636,62.73,3330,5420548,58.29,78954,183930,1.98,0,0,0
2021-08-04,60.34,0.03,39.63,3534,5837170,62.77,3255,5423803,58.32,80766,264696,2.85,0,0,0
2021-08-05,60.49,0.04,39.47,4515,5841685,62.82,3570,5427373,58.36,88442,353138,3.8,0,0,0
2021-08-06,60.6,0.04,39.36,2437,5844122,62.84,1863,5429236,58.38,44744,397882,4.28,0,0,0
2021-08-07,60.63,0.04,39.32,1034,5845156,62.86,701,5429937,58.39,27353,425235,4.57,0,0,0
2021-08-08,60.68,0.04,39.28,4991,5850147,62.91,3082,5433019,58.42,80087,505322,5.43,0,0,0
2021-08-09,60.72,0.04,39.24,5341,5855488,62.97,3064,5436083,58.46,76489,581811,6.26,0,0,0
2021-08-10,60.75,0.04,39.2,5554,5861042,63.03,3209,5439292,58.49,75427,657238,7.07,0,0,0
2021-08-11,60.79,0.04,39.17,5696,5866738,63.09,2949,5442241,58.52,62642,719880,7.74,0,0,0
2021-08-12,60.83,0.04,39.12,7039,5873777,63.16,3291,5445532,58.56,59462,779342,8.38,0,0,0
2021-08-13,60.84,0.05,39.11,3821,5877598,63.2,2074,5447606,58.58,43870,823212,8.85,0,0,0
2021-08-14,60.85,0.05,39.1,2255,5879853,63.23,853,5448459,58.59,44486,867698,9.33,0,0,0
2021-08-15,60.89,0.05,39.06,7145,5886998,63.31,4531,5452990,58.64,97985,965683,10.38,0,0,0
2021-08-16,60.92,0.04,39.03,6991,5893989,63.38,4750,5457740,58.69,89522,1055205,11.35,0,0,0
2021-08-17,60.96,0.04,39,7573,5901562,63.46,5138,5462878,58.75,83320,1138525,12.24,0,0,0
2021-08-18,60.99,0.04,38.96,8642,5910204,63.56,4603,5467481,58.79,69269,1207794,12.99,0,0,0
2021-08-19,61.03,0.04,38.92,10082,5920286,63.66,5217,5472698,58.85,65976,1273770,13.7,0,0,0
2021-08-20,61.05,0.05,38.9,4769,5925055,63.72,2827,5475525,58.88,60454,1334224,14.35,0,0,0
2021-08-21,61.06,0.05,38.89,3499,5928554,63.75,1580,5477105,58.9,50725,1384949,14.89,0,0,0
2021-08-22,61.12,0.04,38.84,9824,5938378,63.86,4808,5481913,58.95,105111,1490060,16.02,0,0,0
2021-08-23,61.17,0.04,38.79,10923,5949301,63.98,4448,5486361,59,94035,1584095,17.03,0,0,0
2021-08-24,61.23,0.04,38.73,11723,5961024,64.1,4701,5491062,59.05,98559,1682654,18.09,0,0,0
2021-08-25,61.29,0.04,38.67,9613,5970637,64.21,4484,5495546,59.1,99559,1782213,19.16,0,0,0
2021-08-26,61.36,0.03,38.61,10111,5980748,64.31,5059,5500605,59.15,101230,1883443,20.25,0,0,0
2021-08-27,61.35,0.04,38.61,4325,5985073,64.36,2788,5503393,59.18,56696,1940139,20.86,0,0,0
2021-08-28,61.4,0.04,38.57,3704,5988777,64.4,1500,5504893,59.2,33540,1973679,21.22,0,0,0
2021-08-29,61.46,0.03,38.5,10323,5999100,64.51,5932,5510825,59.26,79550,2053229,22.08,0,0,0
2021-08-30,61.53,0.03,38.44,12334,6011434,64.64,7017,5517842,59.34,116009,2169238,23.33,0,0,0
2021-08-31,61.6,0.03,38.37,12076,6023510,64.77,6529,5524371,59.41,114882,2284120,24.56,0,0,0
2021-09-01,61.43,0.03,38.54,9035,6032545,64.87,6043,5530414,59.47,112491,2396611,25.77,0,0,0
2021-09-02,61.49,0.03,38.48,8784,6041329,64.97,7183,5537597,59.55,111547,2508158,26.97,0,0,0
2021-09-03,61.56,0.03,38.42,3751,6045080,65.01,4118,5541715,59.59,58886,2567044,27.6,0,0,0
2021-09-04,61.59,0.03,38.38,2692,6047772,65.03,2023,5543738,59.61,29953,2596997,27.93,0,0,0
2021-09-05,61.68,0.03,38.29,6991,6054763,65.11,6460,5550198,59.68,73326,2670323,28.72,0,0,0
2021-09-06,61.77,0.03,38.2,2836,6057599,65.14,2718,5552916,59.71,22800,2693123,28.96,0,0,0
2021-09-07,61.85,0.03,38.12,1202,6058801,65.15,879,5553795,59.72,5398,2698521,29.02,0,0,0
2021-09-08,61.93,0.03,38.05,1380,6060181,65.17,1196,5554991,59.74,6621,2705142,29.09,0,0,0
2021-09-09,62.02,0.03,37.95,7092,6067273,65.24,12573,5567564,59.87,73847,2778989,29.88,0,0,0
2021-09-10,62.06,0.03,37.91,3258,6070531,65.28,5016,5572580,59.92,37938,2816927,30.29,0,0,0
2021-09-11,62.08,0.03,37.89,2108,6072639,65.3,2509,5575089,59.95,14817,2831744,30.45,0,0,0
2021-09-12,62.16,0.03,37.81,6105,6078744,65.37,8589,5583678,60.04,54137,2885881,31.03,0,0,0
2021-09-13,62.15,0.03,37.82,5611,6084355,65.43,8265,5591943,60.13,47983,2933864,31.55,0,0,0
2021-09-14,62.2,0.03,37.77,4964,6089319,65.48,7424,5599367,60.21,48855,2982719,32.07,0,0,0
2021-09-15,62.25,0.03,37.72,1750,6091069,65.5,2718,5602085,60.24,16687,2999406,32.25,0,0,0
2021-09-16,62.37,0.03,37.6,343,6091412,65.5,550,5602635,60.25,1740,3001146,32.27,0,0,0
2021-09-17,62.42,0.03,37.54,3683,6095095,65.54,7022,5609657,60.32,42905,3044051,32.73,0,0,0
2021-09-18,62.45,0.03,37.52,2258,6097353,65.57,2946,5612603,60.36,12783,3056834,32.87,0,0,0
2021-09-19,62.55,0.03,37.42,5943,6103296,65.63,10712,5623315,60.47,44331,3101165,33.35,0,0,0
2021-09-20,62.63,0.03,37.34,3246,6106542,65.67,4646,5627961,60.52,16708,3117873,33.53,0,0,0
2021-09-21,62.69,0.03,37.28,1340,6107882,65.68,2067,5630028,60.54,3477,3121350,33.57,0,0,0
2021-09-22,62.72,0.03,37.25,4260,6112142,65.73,7250,5637278,60.62,25073,3146423,33.84,0,0,0
2021-09-23,62.75,0.03,37.22,4391,6116533,65.77,5916,5643194,60.68,27834,3174257,34.13,0,0,0
2021-09-24,62.82,0.03,37.15,3202,6119735,65.81,4185,5647379,60.73,27724,3201981,34.43,0,0,0
2021-09-25,62.85,0.03,37.12,2080,6121815,65.83,2264,5649643,60.75,10443,3212424,34.54,0,0,0
2021-09-26,62.96,0.03,37,5605,6127420,65.89,5973,5655616,60.82,36270,3248694,34.93,0,0,0
2021-09-27,63.02,0.03,36.94,4696,6132116,65.94,4469,5660085,60.87,30457,3279151,35.26,0,0,0
2021-09-28,63.06,0.04,36.91,1473,6133589,65.96,1187,5661272,60.88,6249,3285400,35.33,0,0,0
2021-09-29,63.13,0.03,36.84,9622,6143211,66.06,8349,5669621,60.97,60325,3345725,35.98,0,0,0
2021-09-30,63.18,0.03,36.79,10976,6154187,66.18,8580,5678201,61.06,79704,3425429,36.84,0,0,0
2021-10-01,63.23,0.03,36.73,5128,6159315,66.23,3876,5682077,61.1,46546,3471975,37.34,0,0,0
2021-10-02,63.26,0.03,36.71,2865,6162180,66.27,2127,5684204,61.13,22433,3494408,37.58,0,0,0
2021-10-03,63.35,0.03,36.62,11668,6173848,66.39,7275,5691479,61.2,70726,3565134,38.34,0,0,0
2021-10-04,63.4,0.03,36.57,10321,6184169,66.5,6759,5698238,61.28,51912,3617046,38.9,0,0,0
2021-10-05,63.41,0.03,36.55,8461,6192630,66.59,5314,5703552,61.33,40479,3657525,39.33,0,0,0
2021-10-06,63.52,0.03,36.45,7543,6200173,66.67,4185,5707737,61.38,34150,3691675,39.7,0,0,0
2021-10-07,63.63,0.03,36.34,6896,6207069,66.75,4010,5711747,61.42,34070,3725745,40.06,0,0,0
2021-10-08,63.68,0.03,36.29,3086,6210155,66.78,2644,5714391,61.45,19250,3744995,40.27,0,0,0
2021-10-09,63.71,0.03,36.26,1341,6211496,66.8,1444,5715835,61.47,7441,3752436,40.35,0,0,0
2021-10-10,63.82,0.04,36.14,4677,6216173,66.85,3748,5719583,61.51,21519,3773955,40.58,0,0,0
2021-10-11,63.91,0.04,36.05,4299,6220472,66.89,2946,5722529,61.54,17270,3791225,40.77,0,0,0
2021-10-12,63.99,0.05,35.96,3977,6224449,66.93,3007,5725536,61.57,15357,3806582,40.93,0,0,0
2021-10-13,64.09,0.05,35.86,3487,6227936,66.97,2451,5727987,61.6,13587,3820169,41.08,0,0,0
2021-10-14,64.19,0.06,35.75,3870,6231806,67.01,2686,5730673,61.62,16568,3836737,41.26,0,0,0
2021-10-15,64.23,0.07,35.7,1704,6233510,67.03,1685,5732358,61.64,9011,3845748,41.36,0,0,0
2021-10-16,64.25,0.08,35.67,729,6234239,67.04,957,5733315,61.65,4035,3849783,41.4,0,0,0
2021-10-17,64.36,0.09,35.56,3090,6237329,67.07,2526,5735841,61.68,12798,3862581,41.54,0,0,0
2021-10-18,64.43,0.1,35.47,2459,6239788,67.1,1694,5737535,61.7,10069,3872650,41.64,0,0,0
2021-10-19,64.49,0.1,35.4,2399,6242187,67.13,1284,5738819,61.71,9295,3881945,41.74,0,0,0
2021-10-20,64.14,0.52,35.34,2438,6244625,67.15,2304,5741123,61.74,10103,3892048,41.85,0,0,0
2021-10-21,54.23,10.41,35.36,3034,6247659,67.18,3098,5744221,61.77,12163,3904211,41.98,0,0,0
2021-10-22,54.36,10.26,35.38,1279,6248938,67.2,1437,5745658,61.79,5842,3910053,42.05,0,0,0
2021-10-23,54.42,10.19,35.39,575,6249513,67.2,1266,5746924,61.8,2565,3912618,42.07,0,0,0
2021-10-24,54.22,10.43,35.35,2518,6252031,67.23,2653,5749577,61.83,9855,3922473,42.18,0,0,0
2021-10-25,54.59,10.22,35.19,2640,6254671,67.26,2752,5752329,61.86,8511,3930984,42.27,0,0,0
2021-10-26,54.64,10.26,35.1,2381,6257052,67.29,2059,5754388,61.88,8529,3939513,42.36,0,0,0
2021-10-27,54.58,10.37,35.06,2292,6259344,67.31,2566,5756954,61.91,7959,3947472,42.45,0,0,0
2021-10-28,54.69,10.76,34.55,2506,6261850,67.34,2782,5759736,61.94,8675,3956147,42.54,0,0,0
2021-10-29,54.73,10.75,34.52,903,6262753,67.35,1154,5760890,61.95,4138,3960285,42.59,0,0,0
2021-10-30,54.68,10.81,34.52,366,6263119,67.35,530,5761420,61.96,1712,3961997,42.61,0,0,0
2021-10-31,54.83,10.7,34.47,2262,6265381,67.37,2495,5763915,61.98,8255,3970252,42.69,0,0,0
2021-11-01,54.95,10.63,34.42,1737,6267118,67.39,2094,5766009,62,6480,3976732,42.76,0,0,0
2021-11-02,54.89,10.69,34.42,2026,6269144,67.42,2050,5768059,62.03,6296,3983028,42.83,0,0,0
2021-11-03,54.86,10.75,34.39,1764,6270908,67.43,1897,5769956,62.05,5556,3988584,42.89,0,0,0
2021-11-04,54.85,10.81,34.33,2111,6273019,67.46,2802,5772758,62.08,7133,3995717,42.97,0,0,0
2021-11-05,54.85,10.83,34.32,791,6273810,67.47,907,5773665,62.09,3488,3999205,43.01,0,0,0
2021-11-06,54.82,10.86,34.32,347,6274157,67.47,389,5774054,62.09,1375,4000580,43.02,0,0,0
2021-11-07,54.92,10.8,34.28,1578,6275735,67.49,1770,5775824,62.11,6134,4006714,43.09,0,0,0
2021-11-08,55.01,10.75,34.24,1520,6277255,67.5,1603,5777427,62.13,5406,4012120,43.14,0,0,0
2021-11-09,55.05,10.74,34.21,1429,6278684,67.52,1612,5779039,62.14,5332,4017452,43.2,0,0,0
2021-11-10,55.08,10.73,34.19,1424,6280108,67.53,1662,5780701,62.16,4779,4022231,43.25,0,0,0
2021-11-11,55.15,10.69,34.15,1628,6281736,67.55,1947,5782648,62.18,5719,4027950,43.31,0,0,0
2021-11-12,55.17,10.69,34.14,637,6282373,67.56,826,5783474,62.19,2925,4030875,43.35,0,0,0
2021-11-13,55.14,10.72,34.14,259,6282632,67.56,291,5783765,62.2,1130,4032005,43.36,0,0,0
2021-11-14,55.21,10.68,34.11,1536,6284168,67.58,1639,5785404,62.21,5111,4037116,43.41,0,0,0
2021-11-15,55.28,10.63,34.09,1275,6285443,67.59,1628,5787032,62.23,4770,4041886,43.46,0,0,0
2021-11-16,55.32,10.62,34.07,1275,6286718,67.6,1419,5788451,62.25,4349,4046235,43.51,0,0,0
2021-11-17,55.35,10.6,34.05,1208,6287926,67.62,1567,5790018,62.26,3915,4050150,43.55,0,0,0
2021-11-18,55.41,10.58,34.02,1364,6289290,67.63,1693,5791711,62.28,5012,4055162,43.61,0,0,0
2021-11-19,55.42,10.57,34.01,588,6289878,67.64,765,5792476,62.29,2460,4057622,43.63,0,0,0
2021-11-20,55.41,10.58,34,238,6290116,67.64,258,5792734,62.29,929,4058551,43.64,0,0,0
2021-11-21,55.47,10.54,33.98,1409,6291525,67.66,1542,5794276,62.31,4881,4063432,43.7,0,0,0
2021-11-22,55.54,10.5,33.96,1681,6293206,67.67,1523,5795799,62.33,4238,4067670,43.74,0,0,0
2021-11-23,55.57,10.48,33.95,8616,6301822,67.77,1688,5797487,62.34,4012,4071682,43.78,0,0,0
2021-11-24,55.6,10.44,33.95,9348,6311170,67.87,1319,5798806,62.36,3924,4075606,43.83,0,0,0
2021-11-25,55.64,10.43,33.93,9808,6320978,67.97,1600,5800406,62.37,4841,4080447,43.88,0,0,0
2021-11-26,55.63,10.45,33.92,5610,6326588,68.03,749,5801155,62.38,2806,4083253,43.91,0,0,0
2021-11-27,55.62,10.46,33.92,4776,6331364,68.08,324,5801479,62.39,1164,4084417,43.92,0,0,0
2021-11-28,55.67,10.43,33.9,10145,6341509,68.19,1481,5802960,62.4,4905,4089322,43.97,0,0,0
2021-11-29,55.73,10.39,33.88,9043,6350552,68.29,1134,5804094,62.41,4376,4093698,44.02,0,0,0
2021-11-30,55.77,10.37,33.86,10043,6360595,68.4,1039,5805133,62.43,4085,4097783,44.07,0,0,0
2021-12-01,55.79,10.36,33.84,8629,6369224,68.49,1098,5806231,62.44,4445,4102228,44.11,5,5,0
2021-12-02,55.84,10.34,33.82,9173,6378397,68.59,1456,5807687,62.45,5126,4107354,44.17,6,11,0
2021-12-03,55.86,10.33,33.81,6329,6384726,68.66,673,5808360,62.46,2868,4110222,44.2,1,12,0
2021-12-04,55.85,10.34,33.81,2509,6387235,68.69,239,5808599,62.46,926,4111148,44.21,3,15,0
2021-12-05,55.9,10.31,33.79,8334,6395569,68.77,1254,5809853,62.48,4683,4115831,44.26,1,16,0
2021-12-06,55.95,10.27,33.78,6720,6402289,68.85,1200,5811053,62.49,4351,4120182,44.31,4,20,0
2021-12-07,55.99,10.25,33.76,5553,6407842,68.91,1506,5812559,62.51,3966,4124148,44.35,9,29,0
2021-12-08,56.03,10.22,33.75,4934,6412776,68.96,1201,5813760,62.52,3885,4128033,44.39,10,39,0
2021-12-09,56.08,10.19,33.73,6239,6419015,69.03,1241,5815001,62.53,4508,4132541,44.44,8,47,0
2021-12-10,56.1,10.18,33.72,3006,6422021,69.06,704,5815705,62.54,2687,4135228,44.47,4,51,0
2021-12-11,56.1,10.18,33.71,1491,6423512,69.08,255,5815960,62.54,1021,4136249,44.48,0,51,0
2021-12-12,56.16,10.15,33.69,7273,6430785,69.15,1444,5817404,62.56,5249,4141498,44.54,3,54,0
2021-12-13,56.21,10.11,33.67,6180,6436965,69.22,1377,5818781,62.57,4351,4145849,44.58,5,59,0
2021-12-14,56.27,10.09,33.65,7316,6444281,69.3,6098,5824879,62.64,4941,4150790,44.64,12,71,0
2021-12-15,56.34,10.06,33.6,7204,6451485,69.38,7404,5832283,62.72,5446,4156236,44.69,7,78,0
2021-12-16,56.53,10.05,33.42,8079,6459564,69.46,8610,5840893,62.81,6563,4162799,44.76,8,86,0
2021-12-17,56.64,10.05,33.3,4406,6463970,69.51,5141,5846034,62.87,3955,4166754,44.81,3,89,0
2021-12-18,56.73,10.07,33.2,3941,6467911,69.55,2913,5848947,62.9,1361,4168115,44.82,2,91,0
2021-12-19,56.92,10.04,33.04,6978,6474889,69.63,9328,5858275,63,6276,4174391,44.89,6,97,0
2021-12-20,57.07,10.02,32.91,7972,6482861,69.71,7519,5865794,63.08,5447,4179838,44.95,9,106,0
2021-12-21,57.27,10.01,32.71,9548,6492409,69.82,8647,5874441,63.17,6492,4186330,45.02,8,114,0
2021-12-22,57.49,10,32.52,9663,6502072,69.92,8151,5882592,63.26,6255,4192585,45.08,12,126,0
2021-12-23,57.7,9.97,32.33,11539,6513611,70.04,10262,5892854,63.37,8160,4200745,45.17,16,142,0
2021-12-24,57.83,9.96,32.21,5875,6519486,70.11,6241,5899095,63.44,5281,4206026,45.23,12,154,0
2021-12-25,57.9,9.96,32.15,3338,6522824,70.14,2566,5901661,63.46,2021,4208047,45.25,6,160,0
2021-12-26,58.1,9.92,31.98,10652,6533476,70.26,8908,5910569,63.56,8201,4216248,45.34,8,168,0
2021-12-27,58.27,9.9,31.83,10370,6543846,70.37,7142,5917711,63.64,8188,4224436,45.43,23,191,0
2021-12-28,58.46,9.88,31.66,11375,6555221,70.49,7451,5925162,63.72,9643,4234079,45.53,28,219,0
2021-12-29,58.64,9.85,31.51,9933,6565154,70.6,5964,5931126,63.78,8376,4242455,45.62,21,240,0
2021-12-30,58.84,9.82,31.34,11012,6576166,70.72,7735,5938861,63.86,12240,4254695,45.75,10,250,0
2021-12-31,58.9,9.79,31.3,4829,6580995,70.77,3672,5942533,63.9,7296,4261991,45.83,135,385,0
2022-01-01,58.93,9.79,31.28,1993,6582988,70.79,1592,5944125,63.92,2741,4264732,45.86,66,451,0
2022-01-02,59.14,9.76,31.1,10216,6593204,70.9,6487,5950612,63.99,13002,4277734,46,590,1041,0.01
2022-01-03,59.29,9.71,31,9384,6602588,71,5259,5955871,64.05,11342,4289076,46.12,25055,26096,0.28
2022-01-04,59.46,9.68,30.86,8963,6611551,71.1,5948,5961819,64.11,10525,4299601,46.24,50661,76757,0.83
2022-01-05,59.56,9.65,30.79,8552,6620103,71.19,5739,5967558,64.17,10494,4310095,46.35,59592,136349,1.47
2022-01-06,59.81,9.63,30.56,10339,6630442,71.3,7958,5975516,64.26,13532,4323627,46.49,64003,200352,2.15
2022-01-07,59.89,9.61,30.49,4759,6635201,71.35,4557,5980073,64.31,8166,4331793,46.58,31135,231487,2.49
2022-01-08,59.9,9.64,30.46,2749,6637950,71.38,2451,5982524,64.33,5502,4337295,46.64,27633,259120,2.79
2022-01-09,60.06,9.59,30.35,9305,6647255,71.48,7724,5990248,64.42,11871,4349166,46.77,66768,325888,3.5
2022-01-10,60.21,9.54,30.25,8347,6655602,71.57,7646,5997894,64.5,11884,4361050,46.9,64782,390670,4.2
2022-01-11,60.38,9.49,30.13,8097,6663699,71.66,8622,6006516,64.59,11974,4373024,47.03,56661,447331,4.81
2022-01-12,60.51,9.45,30.04,7275,6670974,71.74,8305,6014821,64.68,11114,4384138,47.14,44633,491964,5.29
2022-01-13,60.7,9.35,29.94,7509,6678483,71.82,9618,6024439,64.78,11547,4395685,47.27,34768,526732,5.66
2022-01-14,60.79,9.31,29.9,2555,6681038,71.84,4935,6029374,64.84,6146,4401831,47.34,11144,537876,5.78
2022-01-15,60.83,9.29,29.87,1469,6682507,71.86,3170,6032544,64.87,3885,4405716,47.38,5716,543592,5.85
2022-01-16,60.97,9.2,29.82,3817,6686324,71.9,8524,6041068,64.96,7682,4413398,47.46,19993,563585,6.06
2022-01-17,61.09,9.13,29.78,2808,6689132,71.93,7047,6048115,65.04,6173,4419571,47.53,17835,581420,6.25
2022-01-18,61.23,9.07,29.7,2475,6691607,71.96,7386,6055501,65.12,5535,4425106,47.59,14818,596238,6.41
2022-01-19,61.37,8.98,29.65,1915,6693522,71.98,6368,6061869,65.19,4522,4429628,47.63,8462,604700,6.5
2022-01-20,61.44,8.85,29.71,1777,6695299,72,6971,6068840,65.26,4793,4434421,47.69,8041,612741,6.59
2022-01-21,61.51,8.81,29.68,905,6696204,72.01,3725,6072565,65.3,2646,4437067,47.71,3358,616099,6.63
2022-01-22,61.51,8.75,29.74,328,6696532,72.01,1462,6074027,65.32,1067,4438134,47.73,1113,617212,6.64
2022-01-23,61.61,8.7,29.69,1068,6697600,72.02,5632,6079659,65.38,2879,4441013,47.76,6083,623295,6.7
2022-01-24,61.73,8.62,29.65,759,6698359,72.03,4481,6084140,65.43,2270,4443283,47.78,5057,628352,6.76
2022-01-25,61.9,8.51,29.59,744,6699103,72.04,4401,6088541,65.47,2187,4445470,47.8,7102,635454,6.83
2022-01-26,62.02,8.42,29.57,615,6699718,72.05,3286,6091827,65.51,1612,4447082,47.82,4262,639716,6.88
2022-01-27,62.12,8.35,29.52,797,6700515,72.05,4405,6096232,65.56,2006,4449088,47.84,5441,645157,6.94
2022-01-28,62.16,8.33,29.5,397,6700912,72.06,2376,6098608,65.58,1182,4450270,47.86,3452,648609,6.97
2022-01-29,62.23,8.29,29.48,124,6701036,72.06,1046,6099654,65.59,425,4450695,47.86,1162,649771,6.99
2022-01-30,62.3,8.24,29.46,769,6701805,72.07,4719,6104373,65.64,2020,4452715,47.88,8099,657870,7.07
2022-01-31,62.39,8.17,29.43,528,6702333,72.07,3183,6107556,65.68,1610,4454325,47.9,6472,664342,7.14
2022-02-01,62.45,8.15,29.4,482,6702815,72.08,2809,6110365,65.71,1526,4455851,47.92,5722,670064,7.21
2022-02-02,62.28,8.13,29.59,375,6703190,72.08,2394,6112759,65.73,1386,4457237,47.93,5073,675137,7.26
2022-02-03,62.34,8.08,29.57,446,6703636,72.09,2776,6115535,65.76,1462,4458699,47.95,5607,680744,7.32
2022-02-04,62.37,8.06,29.57,174,6703810,72.09,991,6116526,65.77,758,4459457,47.95,2455,683199,7.35
2022-02-05,62.34,8.09,29.56,62,6703872,72.09,342,6116868,65.78,221,4459678,47.96,420,683619,7.35
2022-02-06,62.41,8.05,29.55,407,6704279,72.09,2321,6119189,65.8,1344,4461022,47.97,5687,689306,7.41
2022-02-07,62.47,8.01,29.52,283,6704562,72.1,1308,6120497,65.82,984,4462006,47.98,5960,695266,7.48
2022-02-08,62.54,7.97,29.49,317,6704879,72.1,1498,6121995,65.83,1068,4463074,47.99,6138,701404,7.54
2022-02-09,62.6,7.95,29.45,254,6705133,72.1,1102,6123097,65.84,946,4464020,48,4570,705974,7.59
2022-02-10,62.63,7.93,29.44,273,6705406,72.11,1292,6124389,65.86,936,4464956,48.01,4816,710790,7.64
2022-02-11,62.67,7.91,29.42,211,6705617,72.11,557,6124946,65.86,518,4465474,48.02,2540,713330,7.67
2022-02-12,62.67,7.91,29.41,32,6705649,72.11,91,6125037,65.87,136,4465610,48.02,269,713599,7.67
2022-02-13,62.73,7.87,29.39,286,6705935,72.11,946,6125983,65.88,966,4466576,48.03,4998,718597,7.73
2022-02-14,62.89,7.74,29.36,179,6706114,72.11,628,6126611,65.88,760,4467336,48.04,3143,721740,7.76
2022-02-15,62.92,7.73,29.35,266,6706380,72.12,763,6127374,65.89,938,4468274,48.05,3819,725559,7.8
2022-02-16,62.95,7.72,29.34,179,6706559,72.12,577,6127951,65.9,803,4469077,48.06,2488,728047,7.83
2022-02-17,62.96,7.7,29.34,247,6706806,72.12,740,6128691,65.9,775,4469852,48.07,3061,731108,7.86
2022-02-18,62.98,7.69,29.33,130,6706936,72.12,343,6129034,65.91,440,4470292,48.07,1119,732227,7.87
2022-02-19,62.99,7.69,29.32,33,6706969,72.12,84,6129118,65.91,82,4470374,48.07,80,732307,7.87
2022-02-20,63.01,7.67,29.32,204,6707173,72.13,604,6129722,65.92,723,4471097,48.08,2574,734881,7.9
2022-02-21,63.04,7.65,29.31,173,6707346,72.13,413,6130135,65.92,490,4471587,48.09,1542,736423,7.92
2022-02-22,63.05,7.65,29.3,158,6707504,72.13,455,6130590,65.93,570,4472157,48.09,1871,738294,7.94
2022-02-23,63.06,7.65,29.29,109,6707613,72.13,353,6130943,65.93,453,4472610,48.1,1153,739447,7.95
2022-02-24,63.05,7.66,29.29,138,6707751,72.13,463,6131406,65.93,568,4473178,48.1,1493,740940,7.97
2022-02-25,63.06,7.66,29.28,59,6707810,72.13,144,6131550,65.94,193,4473371,48.1,456,741396,7.97
2022-02-26,63.05,7.67,29.28,17,6707827,72.13,28,6131578,65.94,161,4473532,48.11,35,741431,7.97
2022-02-27,63.05,7.67,29.28,112,6707939,72.13,341,6131919,65.94,448,4473980,48.11,1119,742550,7.99
2022-02-28,63.07,7.65,29.28,108,6708047,72.14,271,6132190,65.94,424,4474404,48.12,908,743458,7.99
2022-03-01,63.1,7.63,29.27,97,6708144,72.14,280,6132470,65.95,373,4474777,48.12,797,744255,8
2022-03-02,63.11,7.62,29.27,77,6708221,72.14,199,6132669,65.95,324,4475101,48.12,698,744953,8.01
2022-03-03,63.05,7.67,29.27,157,6708378,72.14,371,6133040,65.95,498,4475599,48.13,987,745940,8.02
2022-03-04,63.05,7.68,29.27,53,6708431,72.14,170,6133210,65.95,170,4475769,48.13,228,746168,8.02
2022-03-05,63.04,7.69,29.27,5,6708436,72.14,25,6133235,65.95,44,4475813,48.13,32,746200,8.02
2022-03-06,63.04,7.69,29.27,98,6708534,72.14,259,6133494,65.96,417,4476230,48.14,760,746960,8.03
2022-03-07,63.05,7.69,29.26,86,6708620,72.14,260,6133754,65.96,354,4476584,48.14,605,747565,8.04
2022-03-08,63.04,7.7,29.26,100,6708720,72.14,263,6134017,65.96,333,4476917,48.14,550,748115,8.04
2022-03-09,63.02,7.72,29.25,89,6708809,72.14,213,6134230,65.96,337,4477254,48.15,492,748607,8.05
2022-03-10,63.01,7.74,29.25,115,6708924,72.14,375,6134605,65.97,428,4477682,48.15,620,749227,8.06
2022-03-11,63,7.75,29.25,24,6708948,72.14,85,6134690,65.97,123,4477805,48.15,144,749371,8.06
2022-03-12,62.98,7.77,29.24,11,6708959,72.14,12,6134702,65.97,34,4477839,48.15,28,749399,8.06
2022-03-13,62.98,7.78,29.24,100,6709059,72.15,271,6134973,65.97,359,4478198,48.16,595,749994,8.07
2022-03-14,62.98,7.78,29.24,66,6709125,72.15,253,6135226,65.98,316,4478514,48.16,559,750553,8.07
2022-03-15,62.95,7.81,29.24,80,6709205,72.15,185,6135411,65.98,293,4478807,48.16,591,751144,8.08
2022-03-16,62.94,7.82,29.24,77,6709282,72.15,205,6135616,65.98,305,4479112,48.17,668,751812,8.08
2022-03-17,62.94,7.82,29.24,65,6709347,72.15,122,6135738,65.98,286,4479398,48.17,613,752425,8.09
2022-03-18,62.94,7.82,29.24,20,6709367,72.15,54,6135792,65.98,100,4479498,48.17,234,752659,8.09
2022-03-19,62.89,7.88,29.23,6,6709373,72.15,11,6135803,65.98,29,4479527,48.17,39,752698,8.09
2022-03-20,62.87,7.89,29.23,119,6709492,72.15,260,6136063,65.98,486,4480013,48.18,1431,754129,8.11
2022-03-21,62.87,7.9,29.23,97,6709589,72.15,247,6136310,65.99,379,4480392,48.18,1132,755261,8.12
2022-03-22,62.84,7.94,29.23,141,6709730,72.15,342,6136652,65.99,508,4480900,48.19,1770,757031,8.14
2022-03-23,62.81,7.97,29.22,108,6709838,72.15,212,6136864,65.99,464,4481364,48.19,1677,758708,8.16
2022-03-24,62.78,8,29.22,175,6710013,72.16,345,6137209,66,769,4482133,48.2,2363,761071,8.18
2022-03-25,62.78,8,29.23,39,6710052,72.16,82,6137291,66,159,4482292,48.2,630,761701,8.19
2022-03-26,62.77,8,29.22,12,6710064,72.16,13,6137304,66,34,4482326,48.2,91,761792,8.19
2022-03-27,62.75,8.02,29.22,167,6710231,72.16,344,6137648,66,760,4483086,48.21,3193,764985,8.23
2022-03-28,62.75,8.03,29.22,113,6710344,72.16,271,6137919,66,623,4483709,48.22,2416,767401,8.25
2022-03-29,62.7,8.07,29.22,125,6710469,72.16,258,6138177,66.01,641,4484350,48.22,2772,770173,8.28
2022-03-30,62.81,8.11,29.07,132,6710601,72.16,208,6138385,66.01,542,4484892,48.23,2370,772543,8.31
2022-03-31,62.79,8.11,29.1,166,6710767,72.16,302,6138687,66.01,730,4485622,48.24,2853,775396,8.34
2022-04-01,62.72,8.13,29.15,122,6710889,72.17,161,6138848,66.01,277,4485899,48.24,588,775984,8.34
2022-04-02,62.69,8.15,29.16,7,6710896,72.17,7,6138855,66.01,37,4485936,48.24,52,776036,8.35
2022-04-03,62.65,8.16,29.19,159,6711055,72.17,270,6139125,66.02,569,4486505,48.25,2478,778514,8.37
2022-04-04,62.62,8.16,29.22,103,6711158,72.17,208,6139333,66.02,485,4486990,48.25,2225,780739,8.4
2022-04-05,62.57,8.19,29.25,123,6711281,72.17,221,6139554,66.02,513,4487503,48.26,2243,782982,8.42
2022-04-06,62.55,8.2,29.25,91,6711372,72.17,157,6139711,66.02,382,4487885,48.26,2023,785005,8.44
2022-04-07,62.56,8.2,29.24,191,6711563,72.17,215,6139926,66.03,641,4488526,48.27,2556,787561,8.47
2022-04-08,62.54,8.22,29.23,30,6711593,72.17,61,6139987,66.03,154,4488680,48.27,482,788043,8.47
2022-04-09,62.52,8.25,29.23,6,6711599,72.17,17,6140004,66.03,28,4488708,48.27,47,788090,8.47
2022-04-10,62.51,8.26,29.23,103,6711702,72.17,264,6140268,66.03,429,4489137,48.27,1845,789935,8.49
2022-04-11,62.54,8.26,29.2,78,6711780,72.18,201,6140469,66.03,371,4489508,48.28,1425,791360,8.51
2022-04-12,62.58,8.29,29.12,204,6711984,72.18,168,6140637,66.03,376,4489884,48.28,1361,792721,8.52
2022-04-13,62.58,8.31,29.1,117,6712101,72.18,150,6140787,66.03,298,4490182,48.29,1218,793939,8.54
2022-04-14,62.57,8.33,29.1,85,6712186,72.18,222,6141009,66.04,321,4490503,48.29,1069,795008,8.55
2022-04-15,62.55,8.35,29.1,9,6712195,72.18,51,6141060,66.04,48,4490551,48.29,82,795090,8.55
2022-04-16,62.53,8.37,29.1,3,6712198,72.18,8,6141068,66.04,21,4490572,48.29,29,795119,8.55
2022-04-17,62.52,8.38,29.1,62,6712260,72.18,131,6141199,66.04,229,4490801,48.29,807,795926,8.56
2022-04-18,62.51,8.38,29.1,68,6712328,72.18,109,6141308,66.04,253,4491054,48.29,750,796676,8.57
2022-04-19,62.5,8.4,29.1,62,6712390,72.18,145,6141453,66.04,273,4491327,48.3,842,797518,8.58
2022-04-20,62.48,8.42,29.1,60,6712450,72.18,117,6141570,66.04,235,4491562,48.3,656,798174,8.58
2022-04-21,62.47,8.43,29.1,53,6712503,72.18,109,6141679,66.04,197,4491759,48.3,479,798653,8.59
2022-04-22,62.45,8.44,29.11,3,6712506,72.18,17,6141696,66.04,19,4491778,48.3,20,798673,8.59
2022-04-23,62.43,8.46,29.11,6,6712512,72.18,9,6141705,66.04,17,4491795,48.3,13,798686,8.59
2022-04-24,62.43,8.47,29.1,92,6712604,72.18,250,6141955,66.05,329,4492124,48.31,872,799558,8.6
2022-04-25,62.43,8.47,29.1,104,6712708,72.19,191,6142146,66.05,316,4492440,48.31,739,800297,8.61
2022-04-26,62.42,8.48,29.1,76,6712784,72.19,175,6142321,66.05,304,4492744,48.31,789,801086,8.61
2022-04-27,62.41,8.49,29.1,54,6712838,72.19,160,6142481,66.05,227,4492971,48.32,640,801726,8.62
2022-04-28,62.41,8.5,29.1,97,6712935,72.19,232,6142713,66.06,329,4493300,48.32,872,802598,8.63
2022-04-29,62.39,8.51,29.1,112,6713047,72.19,159,6142872,66.06,184,4493484,48.32,196,802794,8.63
2022-04-30,62.38,8.52,29.1,1,6713048,72.19,3,6142875,66.06,24,4493508,48.32,22,802816,8.63
2022-05-01,62.38,8.53,29.09,135,6713183,72.19,185,6143060,66.06,317,4493825,48.32,630,803446,8.64
2022-05-02,62.37,8.54,29.09,62,6713245,72.19,155,6143215,66.06,235,4494060,48.33,491,803937,8.65
2022-05-03,62.36,8.55,29.09,73,6713318,72.19,151,6143366,66.06,288,4494348,48.33,508,804445,8.65
2022-05-04,62.35,8.57,29.08,23,6713341,72.19,56,6143422,66.06,63,4494411,48.33,129,804574,8.65
2022-05-05,62.34,8.58,29.08,5,6713346,72.19,1,6143423,66.06,8,4494419,48.33,14,804588,8.65
2022-05-06,62.33,8.59,29.08,20,6713366,72.19,59,6143482,66.06,63,4494482,48.33,154,804742,8.65
2022-05-07,62.32,8.6,29.08,1,6713367,72.19,7,6143489,66.06,27,4494509,48.33,24,804766,8.65
2022-05-08,62.31,8.61,29.08,118,6713485,72.19,207,6143696,66.07,270,4494779,48.33,457,805223,8.66
2022-05-09,62.31,8.61,29.08,59,6713544,72.19,162,6143858,66.07,251,4495030,48.34,505,805728,8.66
2022-05-10,62.3,8.62,29.08,131,6713675,72.2,169,6144027,66.07,261,4495291,48.34,508,806236,8.67
2022-05-11,62.3,8.63,29.08,58,6713733,72.2,118,6144145,66.07,183,4495474,48.34,464,806700,8.67
2022-05-12,62.29,8.64,29.07,119,6713852,72.2,200,6144345,66.07,280,4495754,48.35,667,807367,8.68
2022-05-13,62.28,8.65,29.07,11,6713863,72.2,44,6144389,66.07,71,4495825,48.35,110,807477,8.68
2022-05-14,62.26,8.66,29.07,6,6713869,72.2,13,6144402,66.07,14,4495839,48.35,24,807501,8.68
2022-05-15,62.26,8.67,29.07,90,6713959,72.2,175,6144577,66.08,246,4496085,48.35,665,808166,8.69
2022-05-16,62.19,8.65,29.16,68,6714027,72.2,141,6144718,66.08,230,4496315,48.35,510,808676,8.7
2022-05-17,62.18,8.66,29.16,73,6714100,72.2,153,6144871,66.08,267,4496582,48.35,618,809294,8.7
2022-05-18,62.17,8.67,29.16,43,6714143,72.2,99,6144970,66.08,169,4496751,48.36,447,809741,8.71
2022-05-19,62.16,8.68,29.16,62,6714205,72.2,173,6145143,66.08,213,4496964,48.36,499,810240,8.71
2022-05-20,62.15,8.69,29.16,76,6714281,72.2,114,6145257,66.08,130,4497094,48.36,138,810378,8.71
2022-05-21,62.14,8.7,29.16,4,6714285,72.2,7,6145264,66.08,15,4497109,48.36,18,810396,8.71
2022-05-22,62.14,8.71,29.16,85,6714370,72.2,190,6145454,66.09,216,4497325,48.36,427,810823,8.72
2022-05-23,62.14,8.71,29.16,66,6714436,72.2,120,6145574,66.09,157,4497482,48.36,348,811171,8.72
2022-05-24,62.13,8.71,29.15,43,6714479,72.2,119,6145693,66.09,157,4497639,48.37,394,811565,8.73
2022-05-25,62.12,8.72,29.15,61,6714540,72.2,103,6145796,66.09,168,4497807,48.37,337,811902,8.73
2022-05-26,62.11,8.73,29.16,72,6714612,72.21,136,6145932,66.09,186,4497993,48.37,347,812249,8.73
2022-05-27,62.1,8.74,29.16,12,6714624,72.21,29,6145961,66.09,43,4498036,48.37,59,812308,8.74
2022-05-28,62.09,8.75,29.16,2,6714626,72.21,5,6145966,66.09,8,4498044,48.37,12,812320,8.74
2022-05-29,62.09,8.75,29.16,89,6714715,72.21,153,6146119,66.09,163,4498207,48.37,316,812636,8.74
2022-05-30,62.09,8.76,29.16,56,6714771,72.21,134,6146253,66.09,125,4498332,48.37,291,812927,8.74
2022-05-31,62.07,8.78,29.15,45,6714816,72.21,104,6146357,66.09,153,4498485,48.37,351,813278,8.75
2022-06-01,61.95,8.9,29.16,65,6714881,72.21,90,6146447,66.1,119,4498604,48.38,277,813555,8.75
2022-06-02,45.96,24.88,29.15,77,6714958,72.21,156,6146603,66.1,178,4498782,48.38,255,813810,8.75
2022-06-03,45.9,24.95,29.16,10,6714968,72.21,23,6146626,66.1,21,4498803,48.38,33,813843,8.75
2022-06-04,45.84,25,29.16,0,6714968,72.21,7,6146633,66.1,8,4498811,48.38,5,813848,8.75
2022-06-05,45.8,25.05,29.16,11,6714979,72.21,14,6146647,66.1,7,4498818,48.38,2,813850,8.75
2022-06-06,39.96,30.89,29.16,58,6715037,72.21,145,6146792,66.1,161,4498979,48.38,262,814112,8.75
2022-06-07,39.92,30.93,29.15,54,6715091,72.21,134,6146926,66.1,142,4499121,48.38,379,814491,8.76
2022-06-08,39.89,30.96,29.15,59,6715150,72.21,104,6147030,66.1,131,4499252,48.38,497,814988,8.76
2022-06-09,39.86,30.99,29.15,84,6715234,72.21,208,6147238,66.1,234,4499486,48.39,642,815630,8.77
2022-06-10,39.83,31.02,29.15,14,6715248,72.21,51,6147289,66.1,59,4499545,48.39,142,815772,8.77
2022-06-11,39.8,31.05,29.15,0,6715248,72.21,3,6147292,66.1,7,4499552,48.39,19,815791,8.77
2022-06-12,39.8,31.05,29.15,109,6715357,72.21,199,6147491,66.11,192,4499744,48.39,768,816559,8.78
2022-06-13,39.81,31.04,29.15,84,6715441,72.21,142,6147633,66.11,168,4499912,48.39,626,817185,8.79
2022-06-14,39.79,31.06,29.15,116,6715557,72.22,174,6147807,66.11,208,4500120,48.39,759,817944,8.8
2022-06-15,39.78,31.08,29.15,71,6715628,72.22,141,6147948,66.11,207,4500327,48.39,700,818644,8.8
2022-06-16,39.74,31.11,29.14,94,6715722,72.22,136,6148084,66.11,218,4500545,48.4,742,819386,8.81
2022-06-17,39.72,31.14,29.15,16,6715738,72.22,63,6148147,66.11,53,4500598,48.4,125,819511,8.81
2022-06-18,39.68,31.17,29.14,3,6715741,72.22,4,6148151,66.11,11,4500609,48.4,15,819526,8.81
2022-06-19,39.53,31.33,29.15,115,6715856,72.22,208,6148359,66.12,318,4500927,48.4,877,820403,8.82
2022-06-20,33.92,36.85,29.23,99,6715955,72.22,152,6148511,66.12,307,4501234,48.4,922,821325,8.83
2022-06-21,33.58,37.19,29.23,94,6716049,72.22,154,6148665,66.12,375,4501609,48.41,1229,822554,8.85
2022-06-22,33.28,37.49,29.23,110,6716159,72.22,136,6148801,66.12,339,4501948,48.41,894,823448,8.86
2022-06-23,32.84,37.92,29.23,132,6716291,72.22,217,6149018,66.12,525,4502473,48.42,1146,824594,8.87
2022-06-24,32.43,38.34,29.24,19,6716310,72.22,35,6149053,66.12,110,4502583,48.42,208,824802,8.87
2022-06-25,32.04,38.72,29.24,1,6716311,72.22,3,6149056,66.12,13,4502596,48.42,16,824818,8.87
2022-06-26,31.63,39.13,29.24,107,6716418,72.22,158,6149214,66.13,379,4502975,48.42,933,825751,8.88
2022-06-27,31.29,39.47,29.24,86,6716504,72.23,172,6149386,66.13,392,4503367,48.43,1028,826779,8.89
2022-06-28,30.86,39.91,29.24,85,6716589,72.23,151,6149537,66.13,363,4503730,48.43,932,827711,8.9
2022-06-29,30.48,40.28,29.24,76,6716665,72.23,108,6149645,66.13,265,4503995,48.43,816,828527,8.91
2022-06-30,30.05,40.71,29.24,86,6716751,72.23,165,6149810,66.13,355,4504350,48.44,1062,829589,8.92
2022-07-01,29.62,41.14,29.24,22,6716773,72.23,28,6149838,66.13,55,4504405,48.44,80,829669,8.92
2022-07-02,29.2,41.56,29.24,1,6716774,72.23,2,6149840,66.13,8,4504413,48.44,18,829687,8.92
2022-07-03,28.81,41.95,29.24,100,6716874,72.23,178,6150018,66.13,322,4504735,48.44,636,830323,8.93
2022-07-04,28.5,42.26,29.24,76,6716950,72.23,140,6150158,66.14,278,4505013,48.44,749,831072,8.94
2022-07-05,28.06,42.7,29.24,59,6717009,72.23,142,6150300,66.14,302,4505315,48.45,688,831760,8.94
2022-07-06,27.39,43.37,29.24,78,6717087,72.23,124,6150424,66.14,211,4505526,48.45,646,832406,8.95
2022-07-07,26.48,44.28,29.24,82,6717169,72.23,164,6150588,66.14,267,4505793,48.45,721,833127,8.96
2022-07-08,25.47,45.29,29.24,17,6717186,72.23,33,6150621,66.14,69,4505862,48.45,131,833258,8.96
2022-07-09,24.42,46.34,29.24,0,6717186,72.23,1,6150622,66.14,3,4505865,48.45,3,833261,8.96
2022-07-10,23.77,46.99,29.24,90,6717276,72.23,164,6150786,66.14,229,4506094,48.46,470,833731,8.97
2022-07-11,23.22,47.54,29.24,64,6717340,72.23,142,6150928,66.14,248,4506342,48.46,575,834306,8.97
2022-07-12,22.13,48.63,29.24,69,6717409,72.24,129,6151057,66.15,207,4506549,48.46,558,834864,8.98
2022-07-13,21.1,49.66,29.24,43,6717452,72.24,101,6151158,66.15,165,4506714,48.46,488,835352,8.98
2022-07-14,20.12,50.63,29.24,70,6717522,72.24,147,6151305,66.15,208,4506922,48.47,513,835865,8.99
2022-07-15,19.27,51.48,29.25,64,6717586,72.24,88,6151393,66.15,127,4507049,48.47,168,836033,8.99
2022-07-16,18.29,52.46,29.25,0,6717586,72.24,6,6151399,66.15,7,4507056,48.47,8,836041,8.99
2022-07-17,17.83,52.92,29.25,77,6717663,72.24,183,6151582,66.15,241,4507297,48.47,468,836509,9
2022-07-18,17.48,53.26,29.26,62,6717725,72.24,158,6151740,66.15,207,4507504,48.47,511,837020,9
2022-07-19,16.77,53.97,29.26,63,6717788,72.24,147,6151887,66.15,173,4507677,48.47,368,837388,9
2022-07-20,16.09,54.64,29.26,51,6717839,72.24,134,6152021,66.16,137,4507814,48.47,423,837811,9.01
2022-07-21,15.43,55.3,29.27,62,6717901,72.24,160,6152181,66.16,176,4507990,48.48,341,838152,9.01
2022-07-22,14.64,56.08,29.28,10,6717911,72.24,36,6152217,66.16,43,4508033,48.48,56,838208,9.01
2022-07-23,14.17,56.55,29.28,0,6717911,72.24,4,6152221,66.16,4,4508037,48.48,9,838217,9.01
2022-07-24,13.55,57.16,29.29,58,6717969,72.24,128,6152349,66.16,197,4508234,48.48,364,838581,9.02
2022-07-25,13.09,57.61,29.3,48,6718017,72.24,107,6152456,66.16,172,4508406,48.48,336,838917,9.02
2022-07-26,12.46,58.23,29.3,47,6718064,72.24,99,6152555,66.16,111,4508517,48.48,270,839187,9.02
2022-07-27,11.89,58.8,29.31,44,6718108,72.24,125,6152680,66.16,132,4508649,48.48,243,839430,9.03
2022-07-28,11.35,59.34,29.31,62,6718170,72.24,143,6152823,66.16,148,4508797,48.49,221,839651,9.03
2022-07-29,10.85,59.83,29.32,10,6718180,72.24,25,6152848,66.16,27,4508824,48.49,31,839682,9.03
2022-07-30,10.34,60.33,29.33,0,6718180,72.24,0,6152848,66.16,1,4508825,48.49,1,839683,9.03
2022-07-31,9.97,60.7,29.33,56,6718236,72.24,134,6152982,66.17,131,4508956,48.49,252,839935,9.03
2022-08-01,9.47,61.19,29.34,54,6718290,72.25,76,6153058,66.17,91,4509047,48.49,152,840087,9.03
2022-08-02,8.92,61.73,29.35,111,6718401,72.25,119,6153177,66.17,157,4509204,48.49,264,840351,9.04
2022-08-03,8.46,62.19,29.35,76,6718477,72.25,71,6153248,66.17,92,4509296,48.49,180,840531,9.04
2022-08-04,8.04,62.61,29.36,133,6718610,72.25,133,6153381,66.17,111,4509407,48.49,246,840777,9.04
2022-08-05,7.71,62.93,29.36,31,6718641,72.25,23,6153404,66.17,13,4509420,48.49,24,840801,9.04
2022-08-06,7.32,63.32,29.36,1,6718642,72.25,2,6153406,66.17,3,4509423,48.49,5,840806,9.04
2022-08-07,6.92,63.71,29.37,89,6718731,72.25,97,6153503,66.17,69,4509492,48.49,169,840975,9.04
2022-08-08,6.74,63.89,29.37,109,6718840,72.25,92,6153595,66.17,92,4509584,48.49,172,841147,9.05
2022-08-09,6.25,64.37,29.38,96,6718936,72.25,90,6153685,66.17,99,4509683,48.49,213,841360,9.05
2022-08-10,5.91,64.71,29.38,77,6719013,72.25,60,6153745,66.17,76,4509759,48.5,115,841475,9.05
2022-08-11,5.59,65.03,29.38,54,6719067,72.25,101,6153846,66.18,91,4509850,48.5,156,841631,9.05
2022-08-12,5.35,65.27,29.38,8,6719075,72.25,12,6153858,66.18,18,4509868,48.5,29,841660,9.05
2022-08-13,5.1,65.52,29.38,0,6719075,72.25,2,6153860,66.18,2,4509870,48.5,3,841663,9.05
2022-08-14,4.87,65.75,29.39,74,6719149,72.25,75,6153935,66.18,82,4509952,48.5,150,841813,9.05
2022-08-15,4.74,65.87,29.39,69,6719218,72.26,80,6154015,66.18,92,4510044,48.5,144,841957,9.05
2022-08-16,4.46,66.15,29.39,82,6719300,72.26,84,6154099,66.18,84,4510128,48.5,187,842144,9.06
2022-08-17,4.16,66.44,29.39,46,6719346,72.26,56,6154155,66.18,36,4510164,48.5,116,842260,9.06
2022-08-18,3.98,66.63,29.39,70,6719416,72.26,93,6154248,66.18,120,4510284,48.5,173,842433,9.06
2022-08-19,3.83,66.78,29.39,79,6719495,72.26,67,6154315,66.18,56,4510340,48.5,38,842471,9.06
2022-08-20,3.67,66.94,29.39,1,6719496,72.26,1,6154316,66.18,3,4510343,48.5,3,842474,9.06
2022-08-21,3.52,67.08,29.4,52,6719548,72.26,85,6154401,66.18,84,4510427,48.5,197,842671,9.06
2022-08-22,3.44,67.16,29.4,89,6719637,72.26,74,6154475,66.18,103,4510530,48.5,144,842815,9.06
2022-08-23,3.27,67.33,29.4,72,6719709,72.26,106,6154581,66.18,84,4510614,48.5,180,842995,9.07
2022-08-24,3.15,67.46,29.4,38,6719747,72.26,80,6154661,66.18,49,4510663,48.51,133,843128,9.07
2022-08-25,3.03,67.57,29.4,53,6719800,72.26,75,6154736,66.19,97,4510760,48.51,193,843321,9.07
2022-08-26,2.94,67.66,29.4,4,6719804,72.26,15,6154751,66.19,9,4510769,48.51,14,843335,9.07
2022-08-27,2.84,67.76,29.4,0,6719804,72.26,0,6154751,66.19,0,4510769,48.51,0,843335,9.07
2022-08-28,2.75,67.85,29.4,55,6719859,72.26,80,6154831,66.19,85,4510854,48.51,102,843437,9.07
2022-08-29,2.69,67.91,29.4,48,6719907,72.26,68,6154899,66.19,89,4510943,48.51,107,843544,9.07
2022-08-30,2.6,68,29.4,85,6719992,72.26,113,6155012,66.19,85,4511028,48.51,131,843675,9.07
2022-08-31,2.53,68.07,29.4,42,6720034,72.26,89,6155101,66.19,70,4511098,48.51,96,843771,9.07
2022-09-01,2.46,68.14,29.4,29,6720063,72.26,84,6155185,66.19,58,4511156,48.51,113,843884,9.07
2022-09-02,2.4,68.2,29.4,6,6720069,72.26,20,6155205,66.19,13,4511169,48.51,10,843894,9.07
2022-09-03,2.33,68.27,29.4,2,6720071,72.26,0,6155205,66.19,3,4511172,48.51,1,843895,9.07
2022-09-04,2.27,68.32,29.4,64,6720135,72.27,133,6155338,66.19,80,4511252,48.51,121,844016,9.08
2022-09-05,2.23,68.37,29.4,44,6720179,72.27,77,6155415,66.19,58,4511310,48.51,90,844106,9.08
2022-09-06,2.17,68.42,29.4,60,6720239,72.27,104,6155519,66.19,78,4511388,48.51,130,844236,9.08
2022-09-07,2.12,68.47,29.4,28,6720267,72.27,63,6155582,66.19,53,4511441,48.51,95,844331,9.08
2022-09-08,2.07,68.53,29.4,50,6720317,72.27,101,6155683,66.2,70,4511511,48.51,77,844408,9.08
2022-09-09,2.03,68.57,29.4,10,6720327,72.27,21,6155704,66.2,16,4511527,48.51,17,844425,9.08
2022-09-10,1.97,68.62,29.4,1,6720328,72.27,0,6155704,66.2,5,4511532,48.51,2,844427,9.08
2022-09-11,1.92,68.67,29.41,39,6720367,72.27,117,6155821,66.2,78,4511610,48.52,116,844543,9.08
2022-09-12,1.88,68.71,29.41,24,6720391,72.27,72,6155893,66.2,52,4511662,48.52,68,844611,9.08
2022-09-13,1.82,68.77,29.41,44,6720435,72.27,113,6156006,66.2,54,4511716,48.52,103,844714,9.08
2022-09-14,1.78,68.82,29.41,21,6720456,72.27,64,6156070,66.2,54,4511770,48.52,62,844776,9.08
2022-09-15,1.73,68.86,29.41,32,6720488,72.27,77,6156147,66.2,63,4511833,48.52,107,844883,9.09
2022-09-16,1.7,68.89,29.41,51,6720539,72.27,52,6156199,66.2,27,4511860,48.52,28,844911,9.09
2022-09-17,1.66,68.93,29.41,3,6720542,72.27,0,6156199,66.2,1,4511861,48.52,0,844911,9.09
2022-09-18,1.63,68.96,29.41,28,6720570,72.27,66,6156265,66.2,52,4511913,48.52,115,845026,9.09
2022-09-19,1.61,68.98,29.41,28,6720598,72.27,74,6156339,66.2,44,4511957,48.52,57,845083,9.09
2022-09-20,1.56,69.03,29.41,41,6720639,72.27,94,6156433,66.2,75,4512032,48.52,102,845185,9.09
2022-09-21,1.55,69.05,29.41,22,6720661,72.27,54,6156487,66.2,29,4512061,48.52,56,845241,9.09
2022-09-22,1.52,69.07,29.4,42,6720703,72.27,56,6156543,66.2,27,4512088,48.52,41,845282,9.09
2022-09-23,1.5,69.1,29.41,7,6720710,72.27,11,6156554,66.2,4,4512092,48.52,1,845283,9.09
2022-09-24,1.47,69.13,29.41,0,6720710,72.27,0,6156554,66.2,1,4512093,48.52,0,845283,9.09
2022-09-25,1.46,69.13,29.41,5,6720715,72.27,20,6156574,66.2,10,4512103,48.52,27,845310,9.09
2022-09-26,1.46,69.13,29.41,0,6720715,72.27,5,6156579,66.2,2,4512105,48.52,2,845312,9.09
2022-09-27,1.42,69.17,29.41,2,6720717,72.27,0,6156579,66.2,3,4512108,48.52,3,845315,9.09
2022-09-28,1.39,69.21,29.41,24,6720741,72.27,36,6156615,66.21,25,4512133,48.52,17,845332,9.09
2022-09-29,1.37,69.22,29.41,32,6720773,72.27,61,6156676,66.21,13,4512146,48.52,48,845380,9.09
2022-09-30,1.35,69.24,29.41,4,6720777,72.27,12,6156688,66.21,2,4512148,48.52,0,845380,9.09
2022-10-01,1.31,69.29,29.41,0,6720777,72.27,1,6156689,66.21,1,4512149,48.52,1,845381,9.09
2022-10-02,1.31,69.29,29.41,28,6720805,72.27,51,6156740,66.21,20,4512169,48.52,73,845454,9.09
2022-10-03,1.31,69.28,29.4,23,6720828,72.27,29,6156769,66.21,13,4512182,48.52,12,845466,9.09
2022-10-04,1.27,69.32,29.4,7,6720835,72.27,11,6156780,66.21,0,4512182,48.52,1,845467,9.09
2022-10-05,1.28,69.31,29.4,1,6720836,72.27,0,6156780,66.21,0,4512182,48.52,1,845468,9.09
2022-10-06,1.31,69.28,29.4,17,6720853,72.27,43,6156823,66.21,10,4512192,48.52,20,845488,9.09
2022-10-07,1.3,69.29,29.41,3,6720856,72.27,3,6156826,66.21,4,4512196,48.52,0,845488,9.09
2022-10-08,1.26,69.33,29.41,1,6720857,72.27,1,6156827,66.21,0,4512196,48.52,1,845489,9.09
2022-10-09,1.31,69.28,29.41,7,6720864,72.27,22,6156849,66.21,6,4512202,48.52,5,845494,9.09
2022-10-10,1.38,69.22,29.4,5,6720869,72.27,2,6156851,66.21,0,4512202,48.52,0,845494,9.09
2022-10-11,1.36,69.24,29.4,12,6720881,72.27,32,6156883,66.21,1,4512203,48.52,32,845526,9.09
2022-10-12,1.34,69.26,29.4,13,6720894,72.27,24,6156907,66.21,5,4512208,48.52,4,845530,9.09
2022-10-13,1.4,69.2,29.4,17,6720911,72.27,16,6156923,66.21,5,4512213,48.52,9,845539,9.09
2022-10-14,1.4,69.2,29.4,6,6720917,72.27,7,6156930,66.21,4,4512217,48.52,3,845542,9.09
2022-10-15,1.38,69.22,29.4,0,6720917,72.27,1,6156931,66.21,0,4512217,48.52,1,845543,9.09
2022-10-16,1.39,69.2,29.4,4,6720921,72.27,13,6156944,66.21,5,4512222,48.52,8,845551,9.09
2022-10-17,1.39,69.2,29.4,1,6720922,72.27,1,6156945,66.21,4,4512226,48.52,1,845552,9.09
2022-10-18,1.43,69.17,29.4,24,6720946,72.27,31,6156976,66.21,14,4512240,48.52,16,845568,9.09
2022-10-19,1.47,69.12,29.4,18,6720964,72.27,25,6157001,66.21,7,4512247,48.52,3,845571,9.09
2022-10-20,1.5,69.1,29.4,26,6720990,72.27,44,6157045,66.21,12,4512259,48.52,4,845575,9.09
2022-10-21,1.5,69.09,29.4,4,6720994,72.27,7,6157052,66.21,2,4512261,48.52,4,845579,9.09
2022-10-22,1.49,69.1,29.4,0,6720994,72.27,0,6157052,66.21,0,4512261,48.52,0,845579,9.09
2022-10-23,1.51,69.08,29.4,15,6721009,72.27,33,6157085,66.21,18,4512279,48.52,10,845589,9.09
2022-10-24,1.51,69.08,29.41,20,6721029,72.27,16,6157101,66.21,19,4512298,48.52,9,845598,9.09
2022-10-25,1.55,69.04,29.4,18,6721047,72.27,34,6157135,66.21,22,4512320,48.52,21,845619,9.09
2022-10-26,1.61,68.99,29.4,18,6721065,72.28,25,6157160,66.21,8,4512328,48.52,10,845629,9.09
2022-10-27,1.67,68.93,29.4,17,6721082,72.28,27,6157187,66.21,14,4512342,48.52,17,845646,9.09
2022-10-28,1.67,68.93,29.4,59,6721141,72.28,49,6157236,66.21,31,4512373,48.52,18,845664,9.09
2022-10-29,1.66,68.94,29.4,0,6721141,72.28,0,6157236,66.21,0,4512373,48.52,0,845664,9.09
2022-10-30,1.71,68.89,29.4,15,6721156,72.28,23,6157259,66.21,15,4512388,48.52,9,845673,9.09
2022-10-31,1.76,68.84,29.4,17,6721173,72.28,16,6157275,66.21,8,4512396,48.52,9,845682,9.09
2022-11-01,1.82,68.78,29.4,2,6721175,72.28,1,6157276,66.21,1,4512397,48.52,0,845682,9.09
2022-11-02,1.88,68.72,29.4,13,6721188,72.28,13,6157289,66.21,7,4512404,48.52,8,845690,9.09
2022-11-03,1.96,68.64,29.4,17,6721205,72.28,18,6157307,66.21,11,4512415,48.52,8,845698,9.09
2022-11-04,1.98,68.63,29.4,4,6721209,72.28,6,6157313,66.21,1,4512416,48.52,2,845700,9.09
2022-11-05,1.97,68.63,29.4,0,6721209,72.28,0,6157313,66.21,0,4512416,48.52,0,845700,9.09
2022-11-06,2.03,68.57,29.4,27,6721236,72.28,33,6157346,66.21,11,4512427,48.52,23,845723,9.09
2022-11-07,2.1,68.51,29.4,15,6721251,72.28,11,6157357,66.21,10,4512437,48.52,54,845777,9.1
2022-11-08,2.1,68.5,29.4,28,6721279,72.28,26,6157383,66.21,14,4512451,48.52,9,845786,9.1
2022-11-09,2.16,68.45,29.4,16,6721295,72.28,20,6157403,66.21,17,4512468,48.52,9,845795,9.1
2022-11-10,2.22,68.39,29.4,28,6721323,72.28,17,6157420,66.21,11,4512479,48.52,6,845801,9.1
2022-11-11,2.23,68.37,29.4,1,6721324,72.28,17,6157437,66.21,2,4512481,48.52,1,845802,9.1
2022-11-12,2.22,68.38,29.4,1,6721325,72.28,0,6157437,66.21,2,4512483,48.52,0,845802,9.1
2022-11-13,2.29,68.31,29.4,29,6721354,72.28,31,6157468,66.21,17,4512500,48.53,8,845810,9.1
2022-11-14,2.37,68.23,29.4,20,6721374,72.28,17,6157485,66.21,21,4512521,48.53,16,845826,9.1
2022-11-15,2.43,68.17,29.4,40,6721414,72.28,25,6157510,66.21,16,4512537,48.53,18,845844,9.1
2022-11-16,2.5,68.1,29.4,14,6721428,72.28,27,6157537,66.22,16,4512553,48.53,11,845855,9.1
2022-11-17,2.59,68.02,29.4,19,6721447,72.28,33,6157570,66.22,18,4512571,48.53,5,845860,9.1
2022-11-18,2.61,67.99,29.4,6,6721453,72.28,4,6157574,66.22,4,4512575,48.53,0,845860,9.1
2022-11-19,2.6,68,29.4,0,6721453,72.28,0,6157574,66.22,0,4512575,48.53,0,845860,9.1
2022-11-20,2.67,67.93,29.4,19,6721472,72.28,20,6157594,66.22,6,4512581,48.53,13,845873,9.1
2022-11-21,2.76,67.85,29.4,14,6721486,72.28,13,6157607,66.22,6,4512587,48.53,7,845880,9.1
2022-11-22,2.83,67.77,29.4,27,6721513,72.28,13,6157620,66.22,17,4512604,48.53,6,845886,9.1
2022-11-23,2.9,67.7,29.4,17,6721530,72.28,20,6157640,66.22,4,4512608,48.53,8,845894,9.1
2022-11-24,2.98,67.62,29.4,9,6721539,72.28,16,6157656,66.22,13,4512621,48.53,27,845921,9.1
2022-11-25,3,67.6,29.4,12,6721551,72.28,50,6157706,66.22,14,4512635,48.53,12,845933,9.1
2022-11-26,3,67.61,29.4,0,6721551,72.28,2,6157708,66.22,0,4512635,48.53,0,845933,9.1
2022-11-27,3.06,67.54,29.4,14,6721565,72.28,15,6157723,66.22,19,4512654,48.53,2,845935,9.1
2022-11-28,3.14,67.47,29.4,8,6721573,72.28,23,6157746,66.22,8,4512662,48.53,6,845941,9.1
2022-11-29,3.2,67.4,29.4,38,6721611,72.28,31,6157777,66.22,19,4512681,48.53,14,845955,9.1
2022-11-30,3.27,67.34,29.39,12,6721623,72.28,25,6157802,66.22,20,4512701,48.53,8,845963,9.1
2022-12-01,3.34,67.26,29.39,13,6721636,72.28,18,6157820,66.22,15,4512716,48.53,4,845967,9.1
2022-12-02,3.36,67.24,29.39,2,6721638,72.28,7,6157827,66.22,4,4512720,48.53,10,845977,9.1
2022-12-03,3.36,67.24,29.39,0,6721638,72.28,0,6157827,66.22,0,4512720,48.53,1,845978,9.1
2022-12-04,3.42,67.18,29.39,38,6721676,72.28,27,6157854,66.22,30,4512750,48.53,26,846004,9.1
2022-12-05,3.48,67.12,29.4,9,6721685,72.28,17,6157871,66.22,11,4512761,48.53,21,846025,9.1
2022-12-06,3.55,67.06,29.39,32,6721717,72.28,26,6157897,66.22,27,4512788,48.53,8,846033,9.1
2022-12-07,3.62,66.99,29.39,10,6721727,72.28,17,6157914,66.22,8,4512796,48.53,8,846041,9.1
2022-12-08,3.69,66.91,29.39,19,6721746,72.28,31,6157945,66.22,15,4512811,48.53,3,846044,9.1
2022-12-09,3.71,66.9,29.39,4,6721750,72.28,1,6157946,66.22,1,4512812,48.53,7,846051,9.1
2022-12-10,3.7,66.91,29.39,1,6721751,72.28,0,6157946,66.22,2,4512814,48.53,0,846051,9.1
2022-12-11,3.76,66.84,29.39,16,6721767,72.28,22,6157968,66.22,15,4512829,48.53,16,846067,9.1
2022-12-12,3.82,66.78,29.39,15,6721782,72.28,14,6157982,66.22,5,4512834,48.53,0,846067,9.1
2022-12-13,3.87,66.73,29.39,17,6721799,72.28,44,6158026,66.22,18,4512852,48.53,13,846080,9.1
2022-12-14,3.92,66.69,29.39,17,6721816,72.28,16,6158042,66.22,7,4512859,48.53,3,846083,9.1
2022-12-15,3.97,66.64,29.39,22,6721838,72.28,19,6158061,66.22,7,4512866,48.53,12,846095,9.1
2022-12-16,3.98,66.62,29.39,12,6721850,72.28,4,6158065,66.22,1,4512867,48.53,0,846095,9.1
2022-12-17,3.97,66.63,29.39,0,6721850,72.28,0,6158065,66.22,0,4512867,48.53,0,846095,9.1
2022-12-18,4.01,66.59,29.39,9,6721859,72.28,18,6158083,66.22,8,4512875,48.53,3,846098,9.1
2022-12-19,4.06,66.54,29.4,7,6721866,72.28,14,6158097,66.22,12,4512887,48.53,1,846099,9.1
2022-12-20,4.1,66.51,29.39,12,6721878,72.28,17,6158114,66.22,2,4512889,48.53,2,846101,9.1
2022-12-21,4.14,66.47,29.39,9,6721887,72.28,14,6158128,66.22,13,4512902,48.53,3,846104,9.1
2022-12-22,4.18,66.42,29.39,4,6721891,72.28,10,6158138,66.22,14,4512916,48.53,1,846105,9.1
2022-12-23,4.19,66.42,29.39,10,6721901,72.28,0,6158138,66.22,2,4512918,48.53,0,846105,9.1
2022-12-24,4.18,66.43,29.39,0,6721901,72.28,0,6158138,66.22,0,4512918,48.53,0,846105,9.1
2022-12-25,4.21,66.4,29.39,6,6721907,72.28,17,6158155,66.22,1,4512919,48.53,2,846107,9.1
2022-12-26,4.24,66.36,29.39,17,6721924,72.28,6,6158161,66.22,13,4512932,48.53,0,846107,9.1
2022-12-27,4.25,66.36,29.39,24,6721948,72.28,24,6158185,66.22,17,4512949,48.53,7,846114,9.1
2022-12-28,4.26,66.34,29.39,17,6721965,72.28,18,6158203,66.22,25,4512974,48.53,64,846178,9.1
2022-12-29,4.28,66.33,29.39,15,6721980,72.28,23,6158226,66.22,14,4512988,48.53,4,846182,9.1
2022-12-30,4.27,66.33,29.4,4,6721984,72.28,5,6158231,66.22,3,4512991,48.53,1,846183,9.1
2022-12-31,4.26,66.35,29.4,0,6721984,72.28,1,6158232,66.22,0,4512991,48.53,0,846183,9.1
2023-01-01,4.27,66.33,29.4,7,6721991,72.28,23,6158255,66.22,2,4512993,48.53,1,846184,9.1
2023-01-02,4.29,66.31,29.4,10,6722001,72.29,8,6158263,66.22,3,4512996,48.53,1,846185,9.1
2023-01-03,4.3,66.3,29.4,20,6722021,72.29,17,6158280,66.22,7,4513003,48.53,4,846189,9.1
2023-01-04,4.3,66.3,29.4,7,6722028,72.29,11,6158291,66.22,4,4513007,48.53,2,846191,9.1
2023-01-05,4.31,66.29,29.39,13,6722041,72.29,19,6158310,66.22,11,4513018,48.53,4,846195,9.1
2023-01-06,4.31,66.29,29.4,2,6722043,72.29,1,6158311,66.22,1,4513019,48.53,0,846195,9.1
2023-01-07,4.3,66.31,29.4,1,6722044,72.29,0,6158311,66.22,0,4513019,48.53,0,846195,9.1
2023-01-08,4.33,66.28,29.4,14,6722058,72.29,33,6158344,66.22,10,4513029,48.53,2,846197,9.1
2023-01-09,4.34,66.26,29.4,12,6722070,72.29,20,6158364,66.22,1,4513030,48.53,1,846198,9.1
2023-01-10,4.35,66.25,29.4,39,6722109,72.29,27,6158391,66.22,10,4513040,48.53,4,846202,9.1
2023-01-11,4.36,66.25,29.4,15,6722124,72.29,17,6158408,66.22,11,4513051,48.53,2,846204,9.1
2023-01-12,4.37,66.24,29.39,22,6722146,72.29,20,6158428,66.22,11,4513062,48.53,2,846206,9.1
2023-01-13,4.36,66.24,29.4,3,6722149,72.29,2,6158430,66.22,0,4513062,48.53,0,846206,9.1
2023-01-14,4.35,66.25,29.4,1,6722150,72.29,0,6158430,66.22,0,4513062,48.53,0,846206,9.1
2023-01-15,4.36,66.24,29.4,17,6722167,72.29,17,6158447,66.22,4,4513066,48.53,3,846209,9.1
2023-01-16,4.38,66.22,29.4,9,6722176,72.29,15,6158462,66.23,6,4513072,48.53,0,846209,9.1
2023-01-17,4.38,66.22,29.4,15,6722191,72.29,14,6158476,66.23,6,4513078,48.53,0,846209,9.1
2023-01-18,4.39,66.21,29.4,7,6722198,72.29,8,6158484,66.23,3,4513081,48.53,1,846210,9.1
2023-01-19,4.4,66.2,29.4,13,6722211,72.29,15,6158499,66.23,2,4513083,48.53,4,846214,9.1
2023-01-20,4.39,66.2,29.4,4,6722215,72.29,2,6158501,66.23,0,4513083,48.53,1,846215,9.1
2023-01-21,4.39,66.21,29.4,0,6722215,72.29,1,6158502,66.23,0,4513083,48.53,0,846215,9.1
2023-01-22,4.4,66.2,29.4,9,6722224,72.29,3,6158505,66.23,8,4513091,48.53,4,846219,9.1
2023-01-23,4.41,66.19,29.4,11,6722235,72.29,5,6158510,66.23,6,4513097,48.53,0,846219,9.1
2023-01-24,4.41,66.19,29.4,21,6722256,72.29,21,6158531,66.23,11,4513108,48.53,2,846221,9.1
2023-01-25,4.41,66.18,29.4,5,6722261,72.29,5,6158536,66.23,0,4513108,48.53,2,846223,9.1
2023-01-26,4.42,66.18,29.4,10,6722271,72.29,15,6158551,66.23,9,4513117,48.53,2,846225,9.1
2023-01-27,4.41,66.18,29.4,0,6722271,72.29,9,6158560,66.23,0,4513117,48.53,0,846225,9.1
2023-01-28,4.41,66.19,29.4,0,6722271,72.29,0,6158560,66.23,0,4513117,48.53,0,846225,9.1
2023-01-29,4.41,66.19,29.41,13,6722284,72.29,8,6158568,66.23,5,4513122,48.53,2,846227,9.1
2023-01-30,4.42,66.17,29.41,9,6722293,72.29,17,6158585,66.23,2,4513124,48.53,1,846228,9.1
2023-01-31,4.42,66.17,29.41,21,6722314,72.29,23,6158608,66.23,2,4513126,48.53,1,846229,9.1
2023-02-01,4.32,64.71,30.96,10,6722324,72.29,11,6158619,66.23,4,4513130,48.53,0,846229,9.1
2023-02-02,4.33,64.71,30.96,14,6722338,72.29,31,6158650,66.23,3,4513133,48.53,0,846229,9.1
2023-02-03,4.32,64.71,30.97,3,6722341,72.29,1,6158651,66.23,0,4513133,48.53,1,846230,9.1
2023-02-04,4.32,64.72,30.97,0,6722341,72.29,0,6158651,66.23,0,4513133,48.53,0,846230,9.1
2023-02-05,4.32,64.71,30.97,15,6722356,72.29,10,6158661,66.23,6,4513139,48.53,4,846234,9.1
2023-02-06,4.33,64.7,30.97,17,6722373,72.29,13,6158674,66.23,4,4513143,48.53,0,846234,9.1
2023-02-07,4.33,64.7,30.97,22,6722395,72.29,22,6158696,66.23,8,4513151,48.53,2,846236,9.1
2023-02-08,4.33,64.7,30.97,15,6722410,72.29,14,6158710,66.23,1,4513152,48.53,0,846236,9.1
2023-02-09,4.33,64.7,30.97,35,6722445,72.29,34,6158744,66.23,5,4513157,48.53,2,846238,9.1
2023-02-10,4.33,64.7,30.97,2,6722447,72.29,3,6158747,66.23,2,4513159,48.53,0,846238,9.1
2023-02-11,4.33,64.7,30.97,2,6722449,72.29,1,6158748,66.23,0,4513159,48.53,0,846238,9.1
2023-02-12,4.33,64.7,30.97,15,6722464,72.29,20,6158768,66.23,3,4513162,48.53,2,846240,9.1
2023-02-13,4.33,64.7,30.97,14,6722478,72.29,20,6158788,66.23,8,4513170,48.53,2,846242,9.1
2023-02-14,4.33,64.7,30.97,20,6722498,72.29,8,6158796,66.23,7,4513177,48.53,5,846247,9.1
2023-02-15,4.33,64.7,30.97,10,6722508,72.29,17,6158813,66.23,3,4513180,48.53,0,846247,9.1
2023-02-16,4.33,64.7,30.97,22,6722530,72.29,24,6158837,66.23,2,4513182,48.53,0,846247,9.1
2023-02-17,4.33,64.7,30.97,5,6722535,72.29,2,6158839,66.23,1,4513183,48.53,0,846247,9.1
2023-02-18,4.33,64.7,30.97,0,6722535,72.29,1,6158840,66.23,0,4513183,48.53,0,846247,9.1
2023-02-19,4.33,64.7,30.98,16,6722551,72.29,15,6158855,66.23,1,4513184,48.53,0,846247,9.1
2023-02-20,4.33,64.69,30.98,9,6722560,72.29,10,6158865,66.23,1,4513185,48.53,0,846247,9.1
2023-02-21,4.33,64.69,30.98,40,6722600,72.29,19,6158884,66.23,5,4513190,48.53,1,846248,9.1
2023-02-22,4.33,64.7,30.98,3,6722603,72.29,9,6158893,66.23,8,4513198,48.53,0,846248,9.1
2023-02-23,4.33,64.7,30.97,10,6722613,72.29,23,6158916,66.23,5,4513203,48.53,2,846250,9.1
2023-02-24,4.33,64.7,30.98,0,6722613,72.29,6,6158922,66.23,1,4513204,48.53,0,846250,9.1
2023-02-25,4.32,64.7,30.98,3,6722616,72.29,0,6158922,66.23,1,4513205,48.53,0,846250,9.1
2023-02-26,4.32,64.7,30.98,12,6722628,72.29,20,6158942,66.23,1,4513206,48.53,0,846250,9.1
2023-02-27,4.32,64.7,30.98,11,6722639,72.29,26,6158968,66.23,2,4513208,48.53,2,846252,9.1
2023-02-28,4.32,64.7,30.98,7,6722646,72.29,21,6158989,66.23,4,4513212,48.53,2,846254,9.1
2023-03-01,4.32,64.7,30.98,3,6722649,72.29,15,6159004,66.23,1,4513213,48.53,0,846254,9.1
2023-03-02,4.32,64.7,30.98,8,6722657,72.29,36,6159040,66.23,4,4513217,48.53,0,846254,9.1
2023-03-03,4.32,64.7,30.98,2,6722659,72.29,3,6159043,66.23,0,4513217,48.53,0,846254,9.1
2023-03-04,4.32,64.71,30.98,2,6722661,72.29,2,6159045,66.23,0,4513217,48.53,0,846254,9.1
2023-03-05,4.32,64.7,30.98,14,6722675,72.29,28,6159073,66.23,1,4513218,48.53,2,846256,9.1
2023-03-06,4.32,64.7,30.98,16,6722691,72.29,25,6159098,66.23,3,4513221,48.53,0,846256,9.1
2023-03-07,4.32,64.7,30.98,8,6722699,72.29,6,6159104,66.23,2,4513223,48.53,0,846256,9.1
2023-03-08,4.32,64.7,30.98,1,6722700,72.29,22,6159126,66.23,3,4513226,48.53,0,846256,9.1
2023-03-09,4.32,64.71,30.98,15,6722715,72.29,46,6159172,66.23,8,4513234,48.53,0,846256,9.1
2023-03-10,4.31,64.71,30.98,0,6722715,72.29,1,6159173,66.23,2,4513236,48.53,0,846256,9.1
2023-03-11,4.31,64.71,30.98,0,6722715,72.29,0,6159173,66.23,0,4513236,48.53,0,846256,9.1
2023-03-12,4.31,64.71,30.98,9,6722724,72.29,20,6159193,66.23,4,4513240,48.53,1,846257,9.1
2023-03-13,4.31,64.71,30.98,6,6722730,72.29,8,6159201,66.23,1,4513241,48.53,0,846257,9.1
2023-03-14,4.31,64.71,30.98,11,6722741,72.29,13,6159214,66.23,1,4513242,48.53,1,846258,9.1
2023-03-15,4.31,64.71,30.98,0,6722741,72.29,0,6159214,66.23,0,4513242,48.53,0,846258,9.1
