Date,Valid vaccinated pop. perc.,Expired vaccinated pop. perc.,Not vaccinated pop. perc.,Vaccinated (daily),Vaccinated (cumu),Vaccinated pop. perc.,Second dose (daily),Second dose (cumu),Second dose pop. perc.,Third dose (daily),Third dose (cumu),Third dose pop. perc.,Fourth dose (daily),Fourth dose (cumu),Fourth dose pop. perc.
2020-12-19,0,0,100,46,70,0,0,4,0,0,0,0,0,0,0
2020-12-20,0,0,100,7396,7466,0.08,0,4,0,0,0,0,0,0,0
2020-12-21,0,0,100,24923,32389,0.35,0,4,0,0,0,0,0,0,0
2020-12-22,0,0,100,44668,77057,0.83,0,4,0,0,0,0,0,0,0
2020-12-23,0,0,100,62919,139976,1.51,0,4,0,0,0,0,0,0,0
2020-12-24,0,0,100,73430,213406,2.29,0,4,0,0,0,0,0,0,0
2020-12-25,0,0,100,38517,251923,2.71,0,4,0,0,0,0,0,0,0
2020-12-26,0,0,100,32617,284540,3.06,0,4,0,0,0,0,0,0,0
2020-12-27,0,0,100,104575,389115,4.18,0,4,0,0,0,0,0,0,0
2020-12-28,0,0,100,135041,524156,5.64,0,4,0,0,0,0,0,0,0
2020-12-29,0,0,100,156337,680493,7.32,2,6,0,0,0,0,0,0,0
2020-12-30,0,0,100,153188,833681,8.96,0,6,0,0,0,0,0,0,0
2020-12-31,0,0,100,158600,992281,10.67,0,6,0,0,0,0,0,0,0
2021-01-01,0,0,100,71435,1063716,11.44,0,6,0,0,0,0,0,0,0
2021-01-02,0,0,100,71744,1135460,12.21,0,6,0,0,0,0,0,0,0
2021-01-03,0,0,100,149765,1285225,13.82,0,6,0,0,0,0,0,0,0
2021-01-04,0,0,100,152204,1437429,15.46,1,7,0,0,0,0,0,0,0
2021-01-05,0,0,100,125221,1562650,16.8,4,11,0,0,0,0,0,0,0
2021-01-06,0,0,100,103373,1666023,17.92,2,13,0,0,0,0,0,0,0
2021-01-07,0,0,100,116063,1782086,19.16,9,22,0,0,0,0,0,0,0
2021-01-08,0,0,100,66464,1848550,19.88,5,27,0,0,0,0,0,0,0
2021-01-09,0,0,100,44553,1893103,20.36,24,51,0,0,0,0,0,0,0
2021-01-10,0,0,100,37649,1930752,20.76,6001,6052,0.07,0,0,0,0,0,0
2021-01-11,0,0,100,21175,1951927,20.99,19264,25316,0.27,0,0,0,0,0,0
2021-01-12,0,0,100,24075,1976002,21.25,35674,60990,0.66,0,0,0,0,0,0
2021-01-13,0,0,100,52079,2028081,21.81,56874,117864,1.27,0,0,0,0,0,0
2021-01-14,0,0,100,56480,2084561,22.42,68838,186702,2.01,0,0,0,0,0,0
2021-01-15,0,0,100,30776,2115337,22.75,35942,222644,2.39,0,0,0,0,0,0
2021-01-16,0,0,100,29481,2144818,23.06,26006,248650,2.67,0,0,0,0,0,0
2021-01-17,0.31,0,99.69,68444,2213262,23.8,84598,333248,3.58,0,0,0,0,0,0
2021-01-18,0.58,0,99.42,69820,2283082,24.55,120437,453685,4.88,0,0,0,0,0,0
2021-01-19,1.09,0,98.91,72897,2355979,25.34,137849,591534,6.36,0,0,0,0,0,0
2021-01-20,1.9,0,98.1,76919,2432898,26.16,143766,735300,7.91,0,0,0,0,0,0
2021-01-21,2.88,0,97.12,70007,2502905,26.91,164475,899775,9.68,0,0,0,0,0,0
2021-01-22,3.39,0,96.61,37931,2540836,27.32,71134,970909,10.44,0,0,0,0,0,0
2021-01-23,3.77,0,96.23,39965,2580801,27.75,53596,1024505,11.02,0,0,0,0,0,0
2021-01-24,4.96,0,95.04,69148,2649949,28.5,140708,1165213,12.53,0,0,0,0,0,0
2021-01-25,6.61,0,93.39,80944,2730893,29.37,139521,1304734,14.03,0,0,0,0,0,0
2021-01-26,8.45,0,91.55,78737,2809630,30.21,126445,1431179,15.39,0,0,0,0,0,0
2021-01-27,10.34,0,89.66,77982,2887612,31.05,125071,1556250,16.74,0,0,0,0,0,0
2021-01-28,12.43,0,87.57,79570,2967182,31.91,130632,1686882,18.14,0,0,0,0,0,0
2021-01-29,13.34,0,86.66,36704,3003886,32.3,64793,1751675,18.84,0,0,0,0,0,0
2021-01-30,14.02,0,85.98,34396,3038282,32.67,42767,1794442,19.3,0,0,0,0,0,0
2021-01-31,15.76,0,84.24,73333,3111615,33.46,59503,1853945,19.94,0,0,0,0,0,0
2021-02-01,17.48,0,82.52,82510,3194125,34.35,35356,1889301,20.32,0,0,0,0,0,0
2021-02-02,19.01,0,80.99,70106,3264231,35.1,31073,1920374,20.65,0,0,0,0,0,0
2021-02-03,20.47,0,79.53,60308,3324539,35.75,51445,1971819,21.2,0,0,0,0,0,0
2021-02-04,22,0,78,72640,3397179,36.53,58096,2029915,21.83,0,0,0,0,0,0
2021-02-05,22.75,0,77.25,33947,3431126,36.9,28806,2058721,22.14,0,0,0,0,0,0
2021-02-06,23.23,0,76.77,21622,3452748,37.13,22233,2080954,22.38,0,0,0,0,0,0
2021-02-07,23.99,0,76.01,54081,3506829,37.71,68743,2149697,23.12,0,0,0,0,0,0
2021-02-08,24.52,0,75.48,58644,3565473,38.34,65468,2215165,23.82,0,0,0,0,0,0
2021-02-09,25.04,0,74.96,66358,3631831,39.05,67579,2282744,24.55,0,0,0,0,0,0
2021-02-10,25.77,0,74.23,70570,3702401,39.81,72314,2355058,25.33,0,0,0,0,0,0
2021-02-11,26.61,0,73.39,81175,3783576,40.69,72113,2427171,26.1,0,0,0,0,0,0
2021-02-12,27.02,0,72.98,39111,3822687,41.11,37598,2464769,26.5,0,0,0,0,0,0
2021-02-13,27.33,0,72.67,27465,3850152,41.4,30441,2495210,26.83,0,0,0,0,0,0
2021-02-14,28.25,0,71.75,74917,3925069,42.21,69085,2564295,27.58,0,0,0,0,0,0
2021-02-15,29.17,0,70.83,81548,4006617,43.09,75722,2640017,28.39,0,0,0,0,0,0
2021-02-16,30.11,0,69.89,83422,4090039,43.98,78301,2718318,29.23,0,0,0,0,0,0
2021-02-17,31.01,0,68.99,61984,4152023,44.65,75645,2793963,30.04,0,0,0,0,0,0
2021-02-18,31.94,0,68.06,69159,4221182,45.39,79739,2873702,30.9,0,0,0,0,0,0
2021-02-19,32.45,0,67.55,39676,4260858,45.82,38162,2911864,31.31,0,0,0,0,0,0
2021-02-20,32.85,0,67.15,31650,4292508,46.16,28724,2940588,31.62,0,0,0,0,0,0
2021-02-21,33.8,0,66.2,79435,4371943,47.01,78448,3019036,32.47,0,0,0,0,0,0
2021-02-22,34.83,0,65.17,85056,4456999,47.93,80596,3099632,33.33,0,0,0,0,0,0
2021-02-23,35.84,0,64.16,77332,4534331,48.76,70485,3170117,34.09,0,0,0,0,0,0
2021-02-24,36.76,0,63.24,61066,4595397,49.42,63144,3233261,34.77,0,0,0,0,0,0
2021-02-25,37.66,0,62.34,51729,4647126,49.97,64810,3298071,35.47,0,0,0,0,0,0
2021-02-26,38.1,0,61.9,25913,4673039,50.25,32046,3330117,35.81,0,0,0,0,0,0
2021-02-27,38.42,0,61.58,18353,4691392,50.45,21197,3351314,36.04,0,0,0,0,0,0
2021-02-28,39.24,0,60.76,40365,4731757,50.88,55874,3407188,36.64,0,0,0,0,0,0
2021-03-01,40.1,0,59.9,45751,4777508,51.38,61445,3468633,37.3,0,0,0,0,0,0
2021-03-02,40.85,0,59.15,41202,4818710,51.82,64800,3533433,38,0,0,0,0,0,0
2021-03-03,41.55,0,58.45,42035,4860745,52.27,66794,3600227,38.72,0,0,0,0,0,0
2021-03-04,42.24,0,57.76,39720,4900465,52.7,79126,3679353,39.57,0,0,0,0,0,0
2021-03-05,42.57,0,57.43,17369,4917834,52.88,40471,3719824,40,0,0,0,0,0,0
2021-03-06,42.78,0,57.22,10722,4928556,53,25349,3745173,40.27,0,0,0,0,0,0
2021-03-07,43.36,0,56.64,31156,4959712,53.33,72847,3818020,41.06,0,0,0,0,0,0
2021-03-08,43.97,0,56.03,27387,4987099,53.63,73295,3891315,41.85,0,0,0,0,0,0
2021-03-09,44.62,0,55.38,26756,5013855,53.92,76604,3967919,42.67,0,0,0,0,0,0
2021-03-10,45.27,0,54.73,23373,5037228,54.17,58685,4026604,43.3,0,0,0,0,0,0
2021-03-11,45.99,0,54.01,23307,5060535,54.42,69098,4095702,44.04,0,0,0,0,0,0
2021-03-12,46.34,0,53.66,11296,5071831,54.54,41418,4137120,44.49,0,0,0,0,0,0
2021-03-13,46.57,0,53.43,7952,5079783,54.63,25239,4162359,44.76,0,0,0,0,0,0
2021-03-14,47.2,0,52.8,20991,5100774,54.85,73935,4236294,45.55,0,0,0,0,0,0
2021-03-15,47.81,0,52.19,20151,5120925,55.07,78281,4314575,46.4,0,0,0,0,0,0
2021-03-16,48.43,0,51.57,18759,5139684,55.27,71480,4386055,47.17,0,0,0,0,0,0
2021-03-17,48.92,0,51.08,17704,5157388,55.46,59009,4445064,47.8,0,0,0,0,0,0
2021-03-18,49.45,0,50.55,16050,5173438,55.63,58125,4503189,48.43,0,0,0,0,0,0
2021-03-19,49.75,0,50.25,6956,5180394,55.71,27981,4531170,48.73,0,0,0,0,0,0
2021-03-20,49.93,0,50.07,5227,5185621,55.76,15302,4546472,48.89,0,0,0,0,0,0
2021-03-21,50.46,0,49.54,13172,5198793,55.91,40511,4586983,49.33,0,0,0,0,0,0
2021-03-22,51,0,49,13582,5212375,56.05,40542,4627525,49.76,0,0,0,0,0,0
2021-03-23,51.43,0,48.57,2846,5215221,56.08,7303,4634828,49.84,0,0,0,0,0,0
2021-03-24,51.84,0,48.16,11006,5226227,56.2,46560,4681388,50.34,0,0,0,0,0,0
2021-03-25,52.22,0,47.78,10273,5236500,56.31,35440,4716828,50.72,0,0,0,0,0,0
2021-03-26,52.4,0,47.6,4186,5240686,56.36,13333,4730161,50.87,0,0,0,0,0,0
2021-03-27,52.5,0,47.5,1787,5242473,56.38,4269,4734430,50.91,0,0,0,0,0,0
2021-03-28,52.74,0,47.26,2113,5244586,56.4,4611,4739041,50.96,0,0,0,0,0,0
2021-03-29,53,0,47,6918,5251504,56.47,30017,4769058,51.28,0,0,0,0,0,0
2021-03-30,53.08,0,46.92,7895,5259399,56.56,22454,4791512,51.53,0,0,0,0,0,0
2021-03-31,53.38,0,46.62,8154,5267553,56.64,19502,4811014,51.74,0,0,0,0,0,0
2021-04-01,53.62,0,46.38,8220,5275773,56.73,18703,4829717,51.94,0,0,0,0,0,0
2021-04-02,53.71,0,46.29,2946,5278719,56.76,8131,4837848,52.02,0,0,0,0,0,0
2021-04-03,53.74,0,46.26,1432,5280151,56.78,2983,4840831,52.06,0,0,0,0,0,0
2021-04-04,53.82,0,46.18,9618,5289769,56.88,22832,4863663,52.3,0,0,0,0,0,0
2021-04-05,54.04,0,45.96,10364,5300133,56.99,21277,4884940,52.53,0,0,0,0,0,0
2021-04-06,54.21,0,45.79,9034,5309167,57.09,16794,4901734,52.71,0,0,0,0,0,0
2021-04-07,54.36,0,45.64,8932,5318099,57.19,15313,4917047,52.88,0,0,0,0,0,0
2021-04-08,54.52,0,45.48,9431,5327530,57.29,17017,4934064,53.06,0,0,0,0,0,0
2021-04-09,54.58,0,45.42,3609,5331139,57.33,6259,4940323,53.13,0,0,0,0,0,0
2021-04-10,54.61,0,45.39,1636,5332775,57.35,3520,4943843,53.16,0,0,0,0,0,0
2021-04-11,54.78,0,45.22,9045,5341820,57.44,14249,4958092,53.32,0,0,0,0,0,0
2021-04-12,54.95,0,45.05,8936,5350756,57.54,13236,4971328,53.46,0,0,0,0,0,0
2021-04-13,55.08,0,44.92,5841,5356597,57.6,4960,4976288,53.51,0,0,0,0,0,0
2021-04-14,55.18,0,44.82,3651,5360248,57.64,5311,4981599,53.57,0,0,0,0,0,0
2021-04-15,55.27,0,44.73,698,5360946,57.65,582,4982181,53.58,0,0,0,0,0,0
2021-04-16,55.33,0,44.67,3419,5364365,57.69,6652,4988833,53.65,0,0,0,0,0,0
2021-04-17,55.35,0,44.65,822,5365187,57.69,1973,4990806,53.67,0,0,0,0,0,0
2021-04-18,55.47,0,44.53,7099,5372286,57.77,7433,4998239,53.75,0,0,0,0,0,0
2021-04-19,55.58,0,44.42,6407,5378693,57.84,7134,5005373,53.83,0,0,0,0,0,0
2021-04-20,55.65,0,44.35,6287,5384980,57.91,6889,5012262,53.9,0,0,0,0,0,0
2021-04-21,55.71,0,44.29,6381,5391361,57.98,7112,5019374,53.98,0,0,0,0,0,0
2021-04-22,55.75,0,44.25,5951,5397312,58.04,7690,5027064,54.06,0,0,0,0,0,0
2021-04-23,55.8,0,44.2,2768,5400080,58.07,3391,5030455,54.1,0,0,0,0,0,0
2021-04-24,55.82,0,44.18,768,5400848,58.08,1290,5031745,54.11,0,0,0,0,0,0
2021-04-25,55.89,0,44.11,4828,5405676,58.13,6925,5038670,54.18,0,0,0,0,0,0
2021-04-26,55.96,0,44.04,5479,5411155,58.19,7889,5046559,54.27,0,0,0,0,0,0
2021-04-27,56.03,0,43.97,4507,5415662,58.24,6627,5053186,54.34,0,0,0,0,0,0
2021-04-28,56.09,0,43.91,4501,5420163,58.29,7334,5060520,54.42,0,0,0,0,0,0
2021-04-29,56.16,0,43.84,4377,5424540,58.33,7296,5067816,54.5,0,0,0,0,0,0
2021-04-30,56.19,0,43.81,1924,5426464,58.35,3202,5071018,54.53,0,0,0,0,0,0
2021-05-01,56.2,0,43.8,458,5426922,58.36,895,5071913,54.54,0,0,0,0,0,0
2021-05-02,56.26,0,43.74,3225,5430147,58.39,6092,5078005,54.61,0,0,0,0,0,0
2021-05-03,56.32,0,43.68,3535,5433682,58.43,5835,5083840,54.67,0,0,0,0,0,0
2021-05-04,56.38,0,43.62,3593,5437275,58.47,4737,5088577,54.72,0,0,0,0,0,0
2021-05-05,56.44,0,43.56,3292,5440567,58.51,4093,5092670,54.76,0,0,0,0,0,0
2021-05-06,56.5,0,43.5,3644,5444211,58.54,3144,5095814,54.8,0,0,0,0,0,0
2021-05-07,56.52,0,43.48,1847,5446058,58.56,2509,5098323,54.82,0,0,0,0,0,0
2021-05-08,56.53,0,43.47,243,5446301,58.57,507,5098830,54.83,0,0,0,0,0,0
2021-05-09,56.58,0,43.42,2851,5449152,58.6,4751,5103581,54.88,0,0,0,0,0,0
2021-05-10,56.63,0,43.37,2897,5452049,58.63,4715,5108296,54.93,0,0,0,0,0,0
2021-05-11,56.67,0,43.33,2622,5454671,58.66,3881,5112177,54.97,0,0,0,0,0,0
2021-05-12,56.7,0,43.3,2033,5456704,58.68,3342,5115519,55.01,0,0,0,0,0,0
2021-05-13,56.73,0,43.27,2043,5458747,58.7,3687,5119206,55.05,0,0,0,0,0,0
2021-05-14,56.75,0,43.25,978,5459725,58.71,1494,5120700,55.07,0,0,0,0,0,0
2021-05-15,56.75,0,43.25,259,5459984,58.71,259,5120959,55.07,0,0,0,0,0,0
2021-05-16,56.78,0,43.22,529,5460513,58.72,1206,5122165,55.08,0,0,0,0,0,0
2021-05-17,56.81,0,43.19,302,5460815,58.72,848,5123013,55.09,0,0,0,0,0,0
2021-05-18,56.84,0,43.16,1963,5462778,58.74,4939,5127952,55.14,0,0,0,0,0,0
2021-05-19,56.87,0,43.13,2233,5465011,58.77,5042,5132994,55.2,0,0,0,0,0,0
2021-05-20,56.9,0,43.1,2312,5467323,58.79,3880,5136874,55.24,0,0,0,0,0,0
2021-05-21,56.92,0,43.08,1194,5468517,58.81,1414,5138288,55.25,0,0,0,0,0,0
2021-05-22,56.92,0,43.08,206,5468723,58.81,396,5138684,55.26,0,0,0,0,0,0
2021-05-23,56.94,0,43.06,2272,5470995,58.83,3216,5141900,55.29,0,0,0,0,0,0
2021-05-24,56.96,0,43.04,2139,5473134,58.86,3596,5145496,55.33,0,0,0,0,0,0
2021-05-25,56.99,0,43.01,1822,5474956,58.88,2588,5148084,55.36,0,0,0,0,0,0
2021-05-26,57.03,0,42.97,1413,5476369,58.89,2504,5150588,55.39,0,0,0,0,0,0
2021-05-27,57.06,0,42.94,1865,5478234,58.91,3188,5153776,55.42,0,0,0,0,0,0
2021-05-28,57.07,0,42.93,791,5479025,58.92,1406,5155182,55.44,0,0,0,0,0,0
2021-05-29,57.07,0,42.93,192,5479217,58.92,226,5155408,55.44,0,0,0,0,0,0
2021-05-30,57.1,0,42.9,1645,5480862,58.94,1937,5157345,55.46,0,0,0,0,0,0
2021-05-31,57.13,0,42.87,1740,5482602,58.96,2093,5159438,55.48,0,0,0,0,0,0
2021-06-01,57.47,0,42.53,1385,5483987,58.97,1823,5161261,55.5,0,0,0,0,0,0
2021-06-02,57.25,0,42.75,1514,5485501,58.99,1610,5162871,55.52,0,0,0,0,0,0
2021-06-03,57.27,0,42.73,1685,5487186,59.01,1493,5164364,55.54,0,0,0,0,0,0
2021-06-04,57.28,0,42.72,1102,5488288,59.02,784,5165148,55.54,0,0,0,0,0,0
2021-06-05,57.29,0,42.71,184,5488472,59.02,159,5165307,55.55,0,0,0,0,0,0
2021-06-06,57.31,0,42.69,4293,5492765,59.07,1002,5166309,55.56,0,0,0,0,0,0
2021-06-07,57.34,0,42.66,4439,5497204,59.11,814,5167123,55.56,0,0,0,0,0,0
2021-06-08,57.36,0,42.64,3739,5500943,59.15,1175,5168298,55.58,0,0,0,0,0,0
2021-06-09,57.4,0,42.6,3615,5504558,59.19,1331,5169629,55.59,0,0,0,0,0,0
2021-06-10,57.42,0,42.58,3364,5507922,59.23,1300,5170929,55.61,0,0,0,0,0,0
2021-06-11,57.43,0,42.57,1401,5509323,59.24,590,5171519,55.61,0,0,0,0,0,0
2021-06-12,57.43,0,42.57,222,5509545,59.25,173,5171692,55.61,0,0,0,0,0,0
2021-06-13,57.45,0,42.55,3101,5512646,59.28,1260,5172952,55.63,0,0,0,0,0,0
2021-06-14,57.46,0,42.54,3057,5515703,59.31,1532,5174484,55.64,0,0,0,0,0,0
2021-06-15,57.48,0,42.52,3136,5518839,59.35,1377,5175861,55.66,0,0,0,0,0,0
2021-06-16,57.49,0,42.51,2733,5521572,59.38,1003,5176864,55.67,0,0,0,0,0,0
2021-06-17,57.51,0,42.49,2733,5524305,59.41,1209,5178073,55.68,0,0,0,0,0,0
2021-06-18,57.52,0,42.48,1269,5525574,59.42,506,5178579,55.69,0,0,0,0,0,0
2021-06-19,57.52,0,42.48,242,5525816,59.42,139,5178718,55.69,0,0,0,0,0,0
2021-06-20,57.54,0,42.46,3317,5529133,59.46,1330,5180048,55.7,0,0,0,0,0,0
2021-06-21,57.56,0,42.44,5250,5534383,59.51,1218,5181266,55.72,0,0,0,0,0,0
2021-06-22,57.58,0,42.42,6935,5541318,59.59,1099,5182365,55.73,0,0,0,0,0,0
2021-06-23,57.6,0,42.4,10762,5552080,59.7,1304,5183669,55.74,0,0,0,0,0,0
2021-06-24,57.62,0,42.38,12051,5564131,59.83,1466,5185135,55.76,0,0,0,0,0,0
2021-06-25,57.62,0,42.38,7117,5571248,59.91,944,5186079,55.77,0,0,0,0,0,0
2021-06-26,57.63,0,42.37,2277,5573525,59.93,200,5186279,55.77,0,0,0,0,0,0
2021-06-27,57.65,0,42.35,13633,5587158,60.08,3438,5189717,55.81,0,0,0,0,0,0
2021-06-28,57.68,0,42.32,14518,5601676,60.24,3675,5193392,55.85,0,0,0,0,0,0
2021-06-29,57.69,0,42.31,16711,5618387,60.42,3745,5197137,55.89,0,0,0,0,0,0
2021-06-30,57.72,0,42.28,16486,5634873,60.59,3397,5200534,55.92,0,0,0,0,0,0
2021-07-01,57.78,0,42.22,16837,5651710,60.78,3381,5203915,55.96,121,121,0,0,0,0
2021-07-02,57.79,0,42.21,9836,5661546,60.88,1609,5205524,55.98,7,128,0,0,0,0
2021-07-03,57.79,0,42.21,2678,5664224,60.91,300,5205824,55.98,1,129,0,0,0,0
2021-07-04,57.85,0,42.15,17735,5681959,61.1,3161,5208985,56.01,2,131,0,0,0,0
2021-07-05,57.91,0,42.09,17850,5699809,61.29,3046,5212031,56.05,7,138,0,0,0,0
2021-07-06,57.99,0,42.01,17848,5717657,61.48,3410,5215441,56.08,11,149,0,0,0,0
2021-07-07,58.05,0,41.95,15531,5733188,61.65,2703,5218144,56.11,12,161,0,0,0,0
2021-07-08,58.12,0,41.88,16589,5749777,61.83,2882,5221026,56.14,17,178,0,0,0,0
2021-07-09,58.15,0,41.85,11125,5760902,61.95,1535,5222561,56.16,4,182,0,0,0,0
2021-07-10,58.15,0,41.85,4989,5765891,62,391,5222952,56.16,6,188,0,0,0,0
2021-07-11,58.22,0,41.78,1456,5767347,62.02,2847,5225799,56.2,8,196,0,0,0,0
2021-07-12,58.29,0,41.71,2427,5769774,62.05,3695,5229494,56.24,56,252,0,0,0,0
2021-07-13,58.36,0,41.64,2965,5772739,62.08,5460,5234954,56.29,124,376,0,0,0,0
2021-07-14,58.42,0,41.58,2747,5775486,62.11,7535,5242489,56.38,441,817,0.01,0,0,0
2021-07-15,58.5,0,41.5,3009,5778495,62.14,9302,5251791,56.48,374,1191,0.01,0,0,0
2021-07-16,58.54,0,41.46,1296,5779791,62.15,5898,5257689,56.54,66,1257,0.01,0,0,0
2021-07-17,58.55,0,41.44,372,5780163,62.16,1393,5259082,56.55,8,1265,0.01,0,0,0
2021-07-18,58.6,0,41.4,2074,5782237,62.18,9769,5268851,56.66,235,1500,0.02,0,0,0
2021-07-19,58.65,0,41.35,3211,5785448,62.21,11346,5280197,56.78,461,1961,0.02,0,0,0
2021-07-20,58.72,0,41.28,2690,5788138,62.24,11914,5292111,56.91,373,2334,0.03,0,0,0
2021-07-21,58.81,0,41.19,2408,5790546,62.27,11880,5303991,57.04,325,2659,0.03,0,0,0
2021-07-22,58.93,0,41.07,2877,5793423,62.3,13278,5317269,57.18,391,3050,0.03,0,0,0
2021-07-23,58.99,0,41.01,2038,5795461,62.32,8250,5325519,57.27,106,3156,0.03,0,0,0
2021-07-24,58.99,0,41,645,5796106,62.33,1486,5327005,57.28,7,3163,0.03,0,0,0
2021-07-25,59.1,0,40.89,4416,5800522,62.38,15499,5342504,57.45,223,3386,0.04,0,0,0
2021-07-26,59.24,0,40.75,5173,5805695,62.43,13533,5356037,57.6,325,3711,0.04,0,0,0
2021-07-27,59.37,0.01,40.62,5493,5811188,62.49,13579,5369616,57.74,414,4125,0.04,0,0,0
2021-07-28,59.5,0.01,40.49,3990,5815178,62.53,12345,5381961,57.88,472,4597,0.05,0,0,0
2021-07-29,59.65,0.01,40.33,4665,5819843,62.58,14200,5396161,58.03,532,5129,0.06,0,0,0
2021-07-30,59.74,0.02,40.25,2657,5822500,62.61,10856,5407017,58.14,4122,9251,0.1,0,0,0
2021-07-31,59.75,0.02,40.23,1407,5823907,62.63,3553,5410570,58.18,6159,15410,0.17,0,0,0
2021-08-01,59.91,0.02,40.06,3078,5826985,62.66,3366,5413936,58.22,31047,46457,0.5,0,0,0
2021-08-02,60.06,0.03,39.91,3134,5830119,62.69,3175,5417111,58.25,58514,104971,1.13,0,0,0
2021-08-03,60.21,0.03,39.76,3386,5833505,62.73,3330,5420441,58.29,78953,183924,1.98,0,0,0
2021-08-04,60.34,0.03,39.63,3534,5837039,62.77,3255,5423696,58.32,80764,264688,2.85,0,0,0
2021-08-05,60.49,0.04,39.47,4515,5841554,62.82,3570,5427266,58.36,88442,353130,3.8,0,0,0
2021-08-06,60.6,0.04,39.36,2437,5843991,62.84,1862,5429128,58.38,44744,397874,4.28,0,0,0
2021-08-07,60.63,0.04,39.32,1034,5845025,62.85,701,5429829,58.39,27353,425227,4.57,0,0,0
2021-08-08,60.68,0.04,39.28,4991,5850016,62.91,3082,5432911,58.42,80087,505314,5.43,0,0,0
2021-08-09,60.72,0.04,39.24,5341,5855357,62.97,3064,5435975,58.46,76489,581803,6.26,0,0,0
2021-08-10,60.75,0.04,39.2,5554,5860911,63.03,3206,5439181,58.49,75427,657230,7.07,0,0,0
2021-08-11,60.79,0.04,39.17,5695,5866606,63.09,2949,5442130,58.52,62641,719871,7.74,0,0,0
2021-08-12,60.83,0.04,39.12,7039,5873645,63.16,3290,5445420,58.56,59462,779333,8.38,0,0,0
2021-08-13,60.84,0.05,39.11,3821,5877466,63.2,2074,5447494,58.58,43872,823205,8.85,0,0,0
2021-08-14,60.85,0.05,39.1,2254,5879720,63.23,853,5448347,58.59,44486,867691,9.33,0,0,0
2021-08-15,60.89,0.05,39.06,7145,5886865,63.3,4530,5452877,58.64,97985,965676,10.38,0,0,0
2021-08-16,60.92,0.04,39.03,6991,5893856,63.38,4749,5457626,58.69,89521,1055197,11.35,0,0,0
2021-08-17,60.96,0.04,39,7573,5901429,63.46,5138,5462764,58.74,83320,1138517,12.24,0,0,0
2021-08-18,60.99,0.04,38.96,8643,5910072,63.55,4603,5467367,58.79,69267,1207784,12.99,0,0,0
2021-08-19,61.03,0.04,38.92,10082,5920154,63.66,5217,5472584,58.85,65976,1273760,13.7,0,0,0
2021-08-20,61.05,0.05,38.9,4768,5924922,63.71,2827,5475411,58.88,60453,1334213,14.35,0,0,0
2021-08-21,61.06,0.05,38.89,3499,5928421,63.75,1580,5476991,58.9,50725,1384938,14.89,0,0,0
2021-08-22,61.12,0.04,38.84,9824,5938245,63.86,4808,5481799,58.95,105110,1490048,16.02,0,0,0
2021-08-23,61.17,0.04,38.79,10923,5949168,63.97,4448,5486247,59,94033,1584081,17.03,0,0,0
2021-08-24,61.23,0.04,38.73,11723,5960891,64.1,4703,5490950,59.05,98555,1682636,18.09,0,0,0
2021-08-25,61.29,0.04,38.67,9612,5970503,64.2,4485,5495435,59.1,99557,1782193,19.16,0,0,0
2021-08-26,61.36,0.03,38.61,10109,5980612,64.31,5059,5500494,59.15,101231,1883424,20.25,0,0,0
2021-08-27,61.35,0.04,38.61,4325,5984937,64.36,2788,5503282,59.18,56696,1940120,20.86,0,0,0
2021-08-28,61.4,0.04,38.57,3702,5988639,64.4,1500,5504782,59.2,33539,1973659,21.22,0,0,0
2021-08-29,61.46,0.03,38.5,10323,5998962,64.51,5932,5510714,59.26,79550,2053209,22.08,0,0,0
2021-08-30,61.53,0.03,38.44,12335,6011297,64.64,7017,5517731,59.34,116008,2169217,23.33,0,0,0
2021-08-31,61.6,0.03,38.37,12077,6023374,64.77,6529,5524260,59.41,114878,2284095,24.56,0,0,0
2021-09-01,61.43,0.03,38.54,9033,6032407,64.87,6043,5530303,59.47,112492,2396587,25.77,0,0,0
2021-09-02,61.49,0.03,38.48,8784,6041191,64.96,7182,5537485,59.55,111545,2508132,26.97,0,0,0
2021-09-03,61.56,0.03,38.42,3751,6044942,65,4116,5541601,59.59,58886,2567018,27.6,0,0,0
2021-09-04,61.59,0.03,38.38,2691,6047633,65.03,2023,5543624,59.61,29953,2596971,27.93,0,0,0
2021-09-05,61.68,0.03,38.29,6991,6054624,65.11,6460,5550084,59.68,73326,2670297,28.72,0,0,0
2021-09-06,61.77,0.03,38.2,2836,6057460,65.14,2718,5552802,59.71,22798,2693095,28.96,0,0,0
2021-09-07,61.85,0.03,38.12,1201,6058661,65.15,879,5553681,59.72,5398,2698493,29.02,0,0,0
2021-09-08,61.93,0.03,38.05,1380,6060041,65.17,1196,5554877,59.73,6621,2705114,29.09,0,0,0
2021-09-09,62.02,0.03,37.95,7093,6067134,65.24,12573,5567450,59.87,73845,2778959,29.88,0,0,0
2021-09-10,62.06,0.03,37.91,3258,6070392,65.28,5016,5572466,59.92,37938,2816897,30.29,0,0,0
2021-09-11,62.08,0.03,37.89,2109,6072501,65.3,2509,5574975,59.95,14816,2831713,30.45,0,0,0
2021-09-12,62.16,0.03,37.81,6106,6078607,65.37,8589,5583564,60.04,54136,2885849,31.03,0,0,0
2021-09-13,62.15,0.03,37.82,5611,6084218,65.43,8265,5591829,60.13,47983,2933832,31.55,0,0,0
2021-09-14,62.2,0.03,37.77,4963,6089181,65.48,7424,5599253,60.21,48856,2982688,32.07,0,0,0
2021-09-15,62.25,0.03,37.72,1750,6090931,65.5,2718,5601971,60.24,16687,2999375,32.25,0,0,0
2021-09-16,62.37,0.03,37.6,343,6091274,65.5,549,5602520,60.25,1740,3001115,32.27,0,0,0
2021-09-17,62.42,0.03,37.54,3683,6094957,65.54,7022,5609542,60.32,42905,3044020,32.73,0,0,0
2021-09-18,62.45,0.03,37.52,2258,6097215,65.57,2946,5612488,60.35,12783,3056803,32.87,0,0,0
2021-09-19,62.55,0.03,37.42,5942,6103157,65.63,10712,5623200,60.47,44332,3101135,33.35,0,0,0
2021-09-20,62.63,0.03,37.34,3246,6106403,65.67,4646,5627846,60.52,16708,3117843,33.53,0,0,0
2021-09-21,62.69,0.03,37.28,1340,6107743,65.68,2066,5629912,60.54,3477,3121320,33.57,0,0,0
2021-09-22,62.72,0.03,37.25,4260,6112003,65.73,7250,5637162,60.62,25072,3146392,33.83,0,0,0
2021-09-23,62.75,0.03,37.22,4390,6116393,65.77,5916,5643078,60.68,27834,3174226,34.13,0,0,0
2021-09-24,62.82,0.03,37.15,3202,6119595,65.81,4185,5647263,60.73,27723,3201949,34.43,0,0,0
2021-09-25,62.85,0.03,37.12,2080,6121675,65.83,2263,5649526,60.75,10443,3212392,34.54,0,0,0
2021-09-26,62.96,0.03,37,5603,6127278,65.89,5973,5655499,60.82,36271,3248663,34.93,0,0,0
2021-09-27,63.02,0.03,36.94,4695,6131973,65.94,4469,5659968,60.86,30457,3279120,35.26,0,0,0
2021-09-28,63.06,0.04,36.91,1472,6133445,65.96,1184,5661152,60.88,6249,3285369,35.33,0,0,0
2021-09-29,63.13,0.03,36.84,9622,6143067,66.06,8349,5669501,60.97,60325,3345694,35.98,0,0,0
2021-09-30,63.18,0.03,36.79,10976,6154043,66.18,8579,5678080,61.06,79702,3425396,36.84,0,0,0
2021-10-01,63.23,0.03,36.73,5126,6159169,66.23,3875,5681955,61.1,46546,3471942,37.34,0,0,0
2021-10-02,63.26,0.03,36.71,2865,6162034,66.26,2127,5684082,61.12,22432,3494374,37.58,0,0,0
2021-10-03,63.35,0.03,36.62,11667,6173701,66.39,7276,5691358,61.2,70726,3565100,38.34,0,0,0
2021-10-04,63.4,0.03,36.57,10320,6184021,66.5,6759,5698117,61.27,51913,3617013,38.9,0,0,0
2021-10-05,63.41,0.03,36.55,8461,6192482,66.59,5314,5703431,61.33,40479,3657492,39.33,0,0,0
2021-10-06,63.52,0.03,36.45,7543,6200025,66.67,4185,5707616,61.38,34150,3691642,39.7,0,0,0
2021-10-07,63.63,0.03,36.34,6895,6206920,66.75,4009,5711625,61.42,34068,3725710,40.06,0,0,0
2021-10-08,63.68,0.03,36.29,3086,6210006,66.78,2643,5714268,61.45,19250,3744960,40.27,0,0,0
2021-10-09,63.71,0.03,36.26,1341,6211347,66.79,1444,5715712,61.46,7441,3752401,40.35,0,0,0
2021-10-10,63.82,0.04,36.14,4676,6216023,66.84,3747,5719459,61.5,21519,3773920,40.58,0,0,0
2021-10-11,63.91,0.04,36.05,4299,6220322,66.89,2944,5722403,61.54,17269,3791189,40.77,0,0,0
2021-10-12,63.99,0.05,35.96,3977,6224299,66.93,3007,5725410,61.57,15357,3806546,40.93,0,0,0
2021-10-13,64.09,0.05,35.86,3487,6227786,66.97,2451,5727861,61.59,13587,3820133,41.08,0,0,0
2021-10-14,64.19,0.06,35.75,3870,6231656,67.01,2685,5730546,61.62,16568,3836701,41.26,0,0,0
2021-10-15,64.23,0.07,35.7,1703,6233359,67.03,1685,5732231,61.64,9010,3845711,41.35,0,0,0
2021-10-16,64.25,0.08,35.67,729,6234088,67.04,956,5733187,61.65,4035,3849746,41.4,0,0,0
2021-10-17,64.36,0.09,35.56,3090,6237178,67.07,2525,5735712,61.68,12798,3862544,41.54,0,0,0
2021-10-18,64.43,0.1,35.47,2460,6239638,67.1,1691,5737403,61.7,10069,3872613,41.64,0,0,0
2021-10-19,64.49,0.1,35.4,2399,6242037,67.12,1284,5738687,61.71,9294,3881907,41.74,0,0,0
2021-10-20,64.14,0.52,35.34,2435,6244472,67.15,2304,5740991,61.74,10102,3892009,41.85,0,0,0
2021-10-21,54.23,10.41,35.36,3034,6247506,67.18,3097,5744088,61.77,12163,3904172,41.98,0,0,0
2021-10-22,54.36,10.26,35.38,1279,6248785,67.2,1437,5745525,61.78,5840,3910012,42.05,0,0,0
2021-10-23,54.42,10.19,35.39,574,6249359,67.2,1266,5746791,61.8,2564,3912576,42.07,0,0,0
2021-10-24,54.22,10.43,35.35,2517,6251876,67.23,2653,5749444,61.83,9855,3922431,42.18,0,0,0
2021-10-25,54.59,10.22,35.19,2638,6254514,67.26,2752,5752196,61.86,8510,3930941,42.27,0,0,0
2021-10-26,54.64,10.26,35.1,2381,6256895,67.28,2059,5754255,61.88,8529,3939470,42.36,0,0,0
2021-10-27,54.58,10.37,35.06,2292,6259187,67.31,2566,5756821,61.91,7959,3947429,42.45,0,0,0
2021-10-28,54.69,10.76,34.55,2504,6261691,67.34,2782,5759603,61.94,8674,3956103,42.54,0,0,0
2021-10-29,54.73,10.75,34.52,901,6262592,67.34,1154,5760757,61.95,4138,3960241,42.59,0,0,0
2021-10-30,54.68,10.81,34.52,366,6262958,67.35,530,5761287,61.95,1712,3961953,42.6,0,0,0
2021-10-31,54.83,10.7,34.47,2261,6265219,67.37,2495,5763782,61.98,8256,3970209,42.69,0,0,0
2021-11-01,54.95,10.63,34.42,1737,6266956,67.39,2093,5765875,62,6480,3976689,42.76,0,0,0
2021-11-02,54.89,10.69,34.42,2026,6268982,67.41,2048,5767923,62.03,6296,3982985,42.83,0,0,0
2021-11-03,54.86,10.75,34.39,1764,6270746,67.43,1897,5769820,62.05,5556,3988541,42.89,0,0,0
2021-11-04,54.85,10.81,34.33,2111,6272857,67.46,2802,5772622,62.08,7133,3995674,42.97,0,0,0
2021-11-05,54.85,10.83,34.32,790,6273647,67.46,905,5773527,62.09,3487,3999161,43,0,0,0
2021-11-06,54.82,10.86,34.32,347,6273994,67.47,389,5773916,62.09,1375,4000536,43.02,0,0,0
2021-11-07,54.92,10.8,34.28,1578,6275572,67.48,1769,5775685,62.11,6134,4006670,43.09,0,0,0
2021-11-08,55.01,10.75,34.24,1520,6277092,67.5,1603,5777288,62.13,5406,4012076,43.14,0,0,0
2021-11-09,55.05,10.74,34.21,1428,6278520,67.52,1611,5778899,62.14,5332,4017408,43.2,0,0,0
2021-11-10,55.08,10.73,34.19,1424,6279944,67.53,1661,5780560,62.16,4779,4022187,43.25,0,0,0
2021-11-11,55.15,10.69,34.15,1628,6281572,67.55,1947,5782507,62.18,5717,4027904,43.31,0,0,0
2021-11-12,55.17,10.69,34.14,637,6282209,67.56,826,5783333,62.19,2925,4030829,43.35,0,0,0
2021-11-13,55.14,10.72,34.14,257,6282466,67.56,290,5783623,62.19,1130,4031959,43.36,0,0,0
2021-11-14,55.21,10.68,34.11,1536,6284002,67.58,1639,5785262,62.21,5111,4037070,43.41,0,0,0
2021-11-15,55.28,10.63,34.09,1275,6285277,67.59,1626,5786888,62.23,4770,4041840,43.46,0,0,0
2021-11-16,55.32,10.62,34.07,1275,6286552,67.6,1419,5788307,62.24,4349,4046189,43.51,0,0,0
2021-11-17,55.35,10.6,34.05,1208,6287760,67.62,1567,5789874,62.26,3915,4050104,43.55,0,0,0
2021-11-18,55.41,10.58,34.02,1364,6289124,67.63,1693,5791567,62.28,5012,4055116,43.61,0,0,0
2021-11-19,55.42,10.57,34.01,588,6289712,67.64,763,5792330,62.29,2460,4057576,43.63,0,0,0
2021-11-20,55.41,10.58,34,238,6289950,67.64,258,5792588,62.29,929,4058505,43.64,0,0,0
2021-11-21,55.47,10.54,33.98,1409,6291359,67.65,1542,5794130,62.31,4881,4063386,43.7,0,0,0
2021-11-22,55.54,10.5,33.96,1681,6293040,67.67,1523,5795653,62.32,4238,4067624,43.74,0,0,0
2021-11-23,55.57,10.48,33.95,8622,6301662,67.77,1688,5797341,62.34,4012,4071636,43.78,0,0,0
2021-11-24,55.6,10.44,33.95,9350,6311012,67.87,1319,5798660,62.36,3924,4075560,43.83,0,0,0
2021-11-25,55.64,10.43,33.93,9812,6320824,67.97,1600,5800260,62.37,4841,4080401,43.88,0,0,0
2021-11-26,55.63,10.45,33.92,5610,6326434,68.03,748,5801008,62.38,2805,4083206,43.91,0,0,0
2021-11-27,55.62,10.46,33.92,4779,6331213,68.08,324,5801332,62.38,1164,4084370,43.92,0,0,0
2021-11-28,55.67,10.43,33.9,10152,6341365,68.19,1481,5802813,62.4,4904,4089274,43.97,0,0,0
2021-11-29,55.73,10.39,33.88,9043,6350408,68.29,1134,5803947,62.41,4376,4093650,44.02,0,0,0
2021-11-30,55.77,10.37,33.86,10044,6360452,68.4,1037,5804984,62.42,4084,4097734,44.06,0,0,0
2021-12-01,55.79,10.36,33.84,8632,6369084,68.49,1097,5806081,62.44,4444,4102178,44.11,5,5,0
2021-12-02,55.84,10.34,33.82,9178,6378262,68.59,1456,5807537,62.45,5125,4107303,44.17,6,11,0
2021-12-03,55.86,10.33,33.81,6333,6384595,68.66,673,5808210,62.46,2868,4110171,44.2,1,12,0
2021-12-04,55.85,10.34,33.81,2509,6387104,68.68,238,5808448,62.46,925,4111096,44.21,3,15,0
2021-12-05,55.9,10.31,33.79,8335,6395439,68.77,1254,5809702,62.47,4683,4115779,44.26,1,16,0
2021-12-06,55.95,10.27,33.78,6723,6402162,68.85,1200,5810902,62.49,4351,4120130,44.31,4,20,0
2021-12-07,55.99,10.25,33.76,5553,6407715,68.91,1506,5812408,62.5,3966,4124096,44.35,9,29,0
2021-12-08,56.03,10.22,33.75,4936,6412651,68.96,1200,5813608,62.52,3884,4127980,44.39,10,39,0
2021-12-09,56.08,10.19,33.73,6239,6418890,69.03,1241,5814849,62.53,4508,4132488,44.44,8,47,0
2021-12-10,56.1,10.18,33.72,3006,6421896,69.06,704,5815553,62.54,2687,4135175,44.47,4,51,0
2021-12-11,56.1,10.18,33.71,1491,6423387,69.07,255,5815808,62.54,1021,4136196,44.48,0,51,0
2021-12-12,56.16,10.15,33.69,7274,6430661,69.15,1444,5817252,62.56,5248,4141444,44.54,3,54,0
2021-12-13,56.21,10.11,33.67,6183,6436844,69.22,1377,5818629,62.57,4351,4145795,44.58,5,59,0
2021-12-14,56.27,10.09,33.65,7317,6444161,69.3,6101,5824730,62.64,4940,4150735,44.64,12,71,0
2021-12-15,56.34,10.06,33.6,7205,6451366,69.37,7408,5832138,62.72,5446,4156181,44.69,7,78,0
2021-12-16,56.53,10.05,33.42,8079,6459445,69.46,8614,5840752,62.81,6564,4162745,44.76,8,86,0
2021-12-17,56.64,10.05,33.3,4406,6463851,69.51,5140,5845892,62.86,3954,4166699,44.81,3,89,0
2021-12-18,56.73,10.07,33.2,3941,6467792,69.55,2914,5848806,62.9,1361,4168060,44.82,2,91,0
2021-12-19,56.92,10.04,33.04,6977,6474769,69.63,9332,5858138,63,6275,4174335,44.89,6,97,0
2021-12-20,57.07,10.02,32.91,7972,6482741,69.71,7518,5865656,63.08,5446,4179781,44.95,9,106,0
2021-12-21,57.27,10.01,32.71,9549,6492290,69.81,8649,5874305,63.17,6492,4186273,45.02,8,114,0
2021-12-22,57.49,10,32.52,9664,6501954,69.92,8155,5882460,63.26,6254,4192527,45.08,12,126,0
2021-12-23,57.7,9.97,32.33,11539,6513493,70.04,10265,5892725,63.37,8160,4200687,45.17,18,144,0
2021-12-24,57.83,9.96,32.21,5873,6519366,70.11,6243,5898968,63.43,5281,4205968,45.23,12,156,0
2021-12-25,57.9,9.96,32.15,3338,6522704,70.14,2566,5901534,63.46,2021,4207989,45.25,6,162,0
2021-12-26,58.1,9.92,31.98,10653,6533357,70.26,8910,5910444,63.56,8201,4216190,45.34,8,170,0
2021-12-27,58.27,9.9,31.83,10371,6543728,70.37,7145,5917589,63.63,8188,4224378,45.43,21,191,0
2021-12-28,58.46,9.88,31.66,11375,6555103,70.49,7453,5925042,63.71,9642,4234020,45.53,24,215,0
2021-12-29,58.64,9.85,31.51,9933,6565036,70.6,5964,5931006,63.78,8376,4242396,45.62,21,236,0
2021-12-30,58.84,9.82,31.34,11012,6576048,70.72,7735,5938741,63.86,12241,4254637,45.75,10,246,0
2021-12-31,58.9,9.79,31.3,4829,6580877,70.77,3672,5942413,63.9,7296,4261933,45.83,135,381,0
2022-01-01,58.93,9.79,31.28,1993,6582870,70.79,1592,5944005,63.92,2741,4264674,45.86,66,447,0
2022-01-02,59.14,9.76,31.1,10217,6593087,70.9,6487,5950492,63.99,13002,4277676,46,590,1037,0.01
2022-01-03,59.29,9.71,31,9384,6602471,71,5259,5955751,64.05,11342,4289018,46.12,25055,26092,0.28
2022-01-04,59.46,9.68,30.86,8966,6611437,71.1,5950,5961701,64.11,10526,4299544,46.24,50659,76751,0.83
2022-01-05,59.56,9.65,30.79,8553,6619990,71.19,5740,5967441,64.17,10494,4310038,46.35,59590,136341,1.47
2022-01-06,59.81,9.63,30.56,10339,6630329,71.3,7959,5975400,64.26,13530,4323568,46.49,64001,200342,2.15
2022-01-07,59.89,9.61,30.49,4760,6635089,71.35,4556,5979956,64.31,8166,4331734,46.58,31135,231477,2.49
2022-01-08,59.9,9.64,30.46,2750,6637839,71.38,2451,5982407,64.33,5502,4337236,46.64,27631,259108,2.79
2022-01-09,60.06,9.59,30.35,9306,6647145,71.48,7723,5990130,64.41,11870,4349106,46.77,66765,325873,3.5
2022-01-10,60.21,9.54,30.25,8349,6655494,71.57,7647,5997777,64.5,11882,4360988,46.9,64777,390650,4.2
2022-01-11,60.38,9.49,30.13,8100,6663594,71.66,8621,6006398,64.59,11974,4372962,47.02,56657,447307,4.81
2022-01-12,60.51,9.45,30.04,7277,6670871,71.74,8303,6014701,64.68,11114,4384076,47.14,44631,491938,5.29
2022-01-13,60.7,9.35,29.94,7509,6678380,71.82,9617,6024318,64.78,11545,4395621,47.27,34767,526705,5.66
2022-01-14,60.79,9.31,29.9,2555,6680935,71.84,4935,6029253,64.84,6145,4401766,47.33,11142,537847,5.78
2022-01-15,60.83,9.29,29.87,1469,6682404,71.86,3170,6032423,64.87,3884,4405650,47.38,5716,543563,5.85
2022-01-16,60.97,9.2,29.82,3818,6686222,71.9,8526,6040949,64.96,7682,4413332,47.46,19992,563555,6.06
2022-01-17,61.09,9.13,29.78,2808,6689030,71.93,7047,6047996,65.04,6173,4419505,47.53,17833,581388,6.25
2022-01-18,61.23,9.07,29.7,2476,6691506,71.96,7386,6055382,65.12,5534,4425039,47.58,14817,596205,6.41
2022-01-19,61.37,8.98,29.65,1915,6693421,71.98,6369,6061751,65.19,4521,4429560,47.63,8461,604666,6.5
2022-01-20,61.44,8.85,29.71,1777,6695198,72,6971,6068722,65.26,4793,4434353,47.68,8041,612707,6.59
2022-01-21,61.51,8.81,29.68,905,6696103,72.01,3725,6072447,65.3,2646,4436999,47.71,3358,616065,6.62
2022-01-22,61.51,8.75,29.74,328,6696431,72.01,1461,6073908,65.32,1066,4438065,47.72,1113,617178,6.64
2022-01-23,61.61,8.7,29.69,1068,6697499,72.02,5632,6079540,65.38,2879,4440944,47.76,6083,623261,6.7
2022-01-24,61.73,8.62,29.65,760,6698259,72.03,4480,6084020,65.42,2270,4443214,47.78,5055,628316,6.76
2022-01-25,61.9,8.51,29.59,744,6699003,72.04,4401,6088421,65.47,2185,4445399,47.8,7102,635418,6.83
2022-01-26,62.02,8.42,29.57,615,6699618,72.04,3285,6091706,65.51,1612,4447011,47.82,4262,639680,6.88
2022-01-27,62.12,8.35,29.52,798,6700416,72.05,4406,6096112,65.55,2005,4449016,47.84,5441,645121,6.94
2022-01-28,62.16,8.33,29.5,396,6700812,72.06,2376,6098488,65.58,1181,4450197,47.86,3452,648573,6.97
2022-01-29,62.23,8.29,29.48,124,6700936,72.06,1046,6099534,65.59,424,4450621,47.86,1162,649735,6.99
2022-01-30,62.3,8.24,29.46,769,6701705,72.07,4720,6104254,65.64,2020,4452641,47.88,8099,657834,7.07
2022-01-31,62.39,8.17,29.43,528,6702233,72.07,3184,6107438,65.68,1610,4454251,47.9,6472,664306,7.14
2022-02-01,62.45,8.15,29.4,482,6702715,72.08,2808,6110246,65.71,1526,4455777,47.92,5722,670028,7.21
2022-02-02,62.28,8.13,29.59,375,6703090,72.08,2395,6112641,65.73,1385,4457162,47.93,5073,675101,7.26
2022-02-03,62.34,8.08,29.57,446,6703536,72.09,2776,6115417,65.76,1462,4458624,47.95,5607,680708,7.32
2022-02-04,62.37,8.06,29.57,174,6703710,72.09,991,6116408,65.77,757,4459381,47.95,2455,683163,7.35
2022-02-05,62.34,8.09,29.56,62,6703772,72.09,342,6116750,65.78,221,4459602,47.96,420,683583,7.35
2022-02-06,62.41,8.05,29.55,407,6704179,72.09,2320,6119070,65.8,1344,4460946,47.97,5686,689269,7.41
2022-02-07,62.47,8.01,29.52,283,6704462,72.1,1308,6120378,65.82,983,4461929,47.98,5960,695229,7.48
2022-02-08,62.54,7.97,29.49,317,6704779,72.1,1498,6121876,65.83,1068,4462997,47.99,6137,701366,7.54
2022-02-09,62.6,7.95,29.45,254,6705033,72.1,1102,6122978,65.84,946,4463943,48,4570,705936,7.59
2022-02-10,62.63,7.93,29.44,273,6705306,72.11,1293,6124271,65.86,936,4464879,48.01,4815,710751,7.64
2022-02-11,62.67,7.91,29.42,211,6705517,72.11,557,6124828,65.86,518,4465397,48.02,2540,713291,7.67
2022-02-12,62.67,7.91,29.41,32,6705549,72.11,90,6124918,65.86,136,4465533,48.02,269,713560,7.67
2022-02-13,62.73,7.87,29.39,286,6705835,72.11,946,6125864,65.87,966,4466499,48.03,4998,718558,7.73
2022-02-14,62.89,7.74,29.36,179,6706014,72.11,629,6126493,65.88,760,4467259,48.04,3142,721700,7.76
2022-02-15,62.92,7.73,29.35,266,6706280,72.12,763,6127256,65.89,937,4468196,48.05,3819,725519,7.8
2022-02-16,62.95,7.72,29.34,179,6706459,72.12,577,6127833,65.9,803,4468999,48.06,2488,728007,7.83
2022-02-17,62.96,7.7,29.34,247,6706706,72.12,740,6128573,65.9,775,4469774,48.07,3061,731068,7.86
2022-02-18,62.98,7.69,29.33,130,6706836,72.12,343,6128916,65.91,439,4470213,48.07,1119,732187,7.87
2022-02-19,62.99,7.69,29.32,33,6706869,72.12,84,6129000,65.91,82,4470295,48.07,80,732267,7.87
2022-02-20,63.01,7.67,29.32,204,6707073,72.12,604,6129604,65.91,723,4471018,48.08,2574,734841,7.9
2022-02-21,63.04,7.65,29.31,173,6707246,72.13,413,6130017,65.92,489,4471507,48.08,1542,736383,7.92
2022-02-22,63.05,7.65,29.3,158,6707404,72.13,455,6130472,65.92,570,4472077,48.09,1871,738254,7.94
2022-02-23,63.06,7.65,29.29,109,6707513,72.13,353,6130825,65.93,453,4472530,48.1,1153,739407,7.95
2022-02-24,63.05,7.66,29.29,138,6707651,72.13,463,6131288,65.93,568,4473098,48.1,1493,740900,7.97
2022-02-25,63.06,7.66,29.28,59,6707710,72.13,144,6131432,65.93,192,4473290,48.1,456,741356,7.97
2022-02-26,63.05,7.67,29.28,17,6707727,72.13,28,6131460,65.93,161,4473451,48.11,35,741391,7.97
2022-02-27,63.05,7.67,29.28,112,6707839,72.13,341,6131801,65.94,448,4473899,48.11,1119,742510,7.98
2022-02-28,63.07,7.65,29.28,108,6707947,72.13,271,6132072,65.94,424,4474323,48.11,908,743418,7.99
2022-03-01,63.1,7.63,29.27,95,6708042,72.14,280,6132352,65.94,374,4474697,48.12,797,744215,8
2022-03-02,63.11,7.62,29.27,77,6708119,72.14,199,6132551,65.95,324,4475021,48.12,698,744913,8.01
2022-03-03,63.05,7.67,29.27,157,6708276,72.14,371,6132922,65.95,498,4475519,48.13,987,745900,8.02
2022-03-04,63.05,7.68,29.27,53,6708329,72.14,170,6133092,65.95,170,4475689,48.13,228,746128,8.02
2022-03-05,63.04,7.69,29.27,4,6708333,72.14,25,6133117,65.95,44,4475733,48.13,32,746160,8.02
2022-03-06,63.04,7.69,29.27,98,6708431,72.14,259,6133376,65.96,417,4476150,48.13,760,746920,8.03
2022-03-07,63.05,7.69,29.26,86,6708517,72.14,260,6133636,65.96,354,4476504,48.14,605,747525,8.04
2022-03-08,63.04,7.7,29.26,99,6708616,72.14,263,6133899,65.96,333,4476837,48.14,550,748075,8.04
2022-03-09,63.02,7.72,29.25,89,6708705,72.14,213,6134112,65.96,337,4477174,48.15,492,748567,8.05
2022-03-10,63.01,7.74,29.25,115,6708820,72.14,375,6134487,65.97,428,4477602,48.15,620,749187,8.06
2022-03-11,63,7.75,29.25,24,6708844,72.14,86,6134573,65.97,123,4477725,48.15,144,749331,8.06
2022-03-12,62.98,7.77,29.24,11,6708855,72.14,12,6134585,65.97,34,4477759,48.15,28,749359,8.06
2022-03-13,62.98,7.78,29.24,100,6708955,72.14,271,6134856,65.97,358,4478117,48.16,595,749954,8.06
2022-03-14,62.98,7.78,29.24,66,6709021,72.15,253,6135109,65.97,316,4478433,48.16,559,750513,8.07
2022-03-15,62.95,7.81,29.24,80,6709101,72.15,185,6135294,65.98,293,4478726,48.16,591,751104,8.08
2022-03-16,62.94,7.82,29.24,77,6709178,72.15,205,6135499,65.98,305,4479031,48.17,668,751772,8.08
2022-03-17,62.94,7.82,29.24,65,6709243,72.15,122,6135621,65.98,286,4479317,48.17,613,752385,8.09
2022-03-18,62.94,7.82,29.24,20,6709263,72.15,54,6135675,65.98,100,4479417,48.17,234,752619,8.09
2022-03-19,62.89,7.88,29.23,6,6709269,72.15,11,6135686,65.98,29,4479446,48.17,39,752658,8.09
2022-03-20,62.87,7.89,29.23,119,6709388,72.15,260,6135946,65.98,486,4479932,48.18,1431,754089,8.11
2022-03-21,62.87,7.9,29.23,97,6709485,72.15,247,6136193,65.99,379,4480311,48.18,1132,755221,8.12
2022-03-22,62.84,7.94,29.23,141,6709626,72.15,342,6136535,65.99,508,4480819,48.18,1770,756991,8.14
2022-03-23,62.81,7.97,29.22,108,6709734,72.15,212,6136747,65.99,463,4481282,48.19,1677,758668,8.16
2022-03-24,62.78,8,29.22,174,6709908,72.16,345,6137092,66,769,4482051,48.2,2363,761031,8.18
2022-03-25,62.78,8,29.23,39,6709947,72.16,82,6137174,66,159,4482210,48.2,630,761661,8.19
2022-03-26,62.77,8,29.22,12,6709959,72.16,13,6137187,66,34,4482244,48.2,91,761752,8.19
2022-03-27,62.75,8.02,29.22,167,6710126,72.16,344,6137531,66,758,4483002,48.21,3193,764945,8.23
2022-03-28,62.75,8.03,29.22,113,6710239,72.16,270,6137801,66,623,4483625,48.21,2416,767361,8.25
2022-03-29,62.7,8.07,29.22,125,6710364,72.16,258,6138059,66.01,641,4484266,48.22,2772,770133,8.28
2022-03-30,62.81,8.11,29.07,132,6710496,72.16,208,6138267,66.01,541,4484807,48.23,2370,772503,8.31
2022-03-31,62.79,8.11,29.1,166,6710662,72.16,302,6138569,66.01,730,4485537,48.24,2853,775356,8.34
2022-04-01,62.72,8.13,29.15,122,6710784,72.16,161,6138730,66.01,277,4485814,48.24,588,775944,8.34
2022-04-02,62.69,8.15,29.16,7,6710791,72.16,7,6138737,66.01,37,4485851,48.24,52,775996,8.34
2022-04-03,62.65,8.16,29.19,159,6710950,72.17,270,6139007,66.02,569,4486420,48.24,2478,778474,8.37
2022-04-04,62.62,8.16,29.22,103,6711053,72.17,208,6139215,66.02,484,4486904,48.25,2225,780699,8.4
2022-04-05,62.57,8.19,29.25,122,6711175,72.17,221,6139436,66.02,513,4487417,48.26,2243,782942,8.42
2022-04-06,62.55,8.2,29.25,91,6711266,72.17,157,6139593,66.02,382,4487799,48.26,2023,784965,8.44
2022-04-07,62.56,8.2,29.24,191,6711457,72.17,215,6139808,66.02,641,4488440,48.27,2556,787521,8.47
2022-04-08,62.54,8.22,29.23,30,6711487,72.17,61,6139869,66.03,154,4488594,48.27,482,788003,8.47
2022-04-09,62.52,8.25,29.23,6,6711493,72.17,17,6139886,66.03,28,4488622,48.27,47,788050,8.47
2022-04-10,62.51,8.26,29.23,103,6711596,72.17,264,6140150,66.03,429,4489051,48.27,1845,789895,8.49
2022-04-11,62.54,8.26,29.2,78,6711674,72.17,201,6140351,66.03,371,4489422,48.28,1425,791320,8.51
2022-04-12,62.58,8.29,29.12,204,6711878,72.18,168,6140519,66.03,376,4489798,48.28,1360,792680,8.52
2022-04-13,62.58,8.31,29.1,117,6711995,72.18,150,6140669,66.03,298,4490096,48.28,1218,793898,8.54
2022-04-14,62.57,8.33,29.1,85,6712080,72.18,221,6140890,66.04,321,4490417,48.29,1069,794967,8.55
2022-04-15,62.55,8.35,29.1,9,6712089,72.18,51,6140941,66.04,48,4490465,48.29,82,795049,8.55
2022-04-16,62.53,8.37,29.1,3,6712092,72.18,8,6140949,66.04,21,4490486,48.29,29,795078,8.55
2022-04-17,62.52,8.38,29.1,62,6712154,72.18,131,6141080,66.04,229,4490715,48.29,807,795885,8.56
2022-04-18,62.51,8.38,29.1,69,6712223,72.18,109,6141189,66.04,252,4490967,48.29,750,796635,8.57
2022-04-19,62.5,8.4,29.1,62,6712285,72.18,145,6141334,66.04,273,4491240,48.3,842,797477,8.58
2022-04-20,62.48,8.42,29.1,60,6712345,72.18,117,6141451,66.04,235,4491475,48.3,656,798133,8.58
2022-04-21,62.47,8.43,29.1,53,6712398,72.18,109,6141560,66.04,197,4491672,48.3,479,798612,8.59
2022-04-22,62.45,8.44,29.11,3,6712401,72.18,17,6141577,66.04,19,4491691,48.3,20,798632,8.59
2022-04-23,62.43,8.46,29.11,6,6712407,72.18,9,6141586,66.04,16,4491707,48.3,13,798645,8.59
2022-04-24,62.43,8.47,29.1,92,6712499,72.18,250,6141836,66.05,329,4492036,48.31,872,799517,8.6
2022-04-25,62.43,8.47,29.1,105,6712604,72.18,191,6142027,66.05,316,4492352,48.31,739,800256,8.61
2022-04-26,62.42,8.48,29.1,76,6712680,72.18,175,6142202,66.05,304,4492656,48.31,788,801044,8.61
2022-04-27,62.41,8.49,29.1,54,6712734,72.19,160,6142362,66.05,227,4492883,48.31,640,801684,8.62
2022-04-28,62.41,8.5,29.1,96,6712830,72.19,232,6142594,66.05,329,4493212,48.32,872,802556,8.63
2022-04-29,62.39,8.51,29.1,112,6712942,72.19,159,6142753,66.06,184,4493396,48.32,196,802752,8.63
2022-04-30,62.38,8.52,29.1,1,6712943,72.19,3,6142756,66.06,24,4493420,48.32,22,802774,8.63
2022-05-01,62.38,8.53,29.09,135,6713078,72.19,185,6142941,66.06,317,4493737,48.32,630,803404,8.64
2022-05-02,62.37,8.54,29.09,62,6713140,72.19,155,6143096,66.06,235,4493972,48.33,491,803895,8.64
2022-05-03,62.36,8.55,29.09,73,6713213,72.19,151,6143247,66.06,288,4494260,48.33,508,804403,8.65
2022-05-04,62.35,8.57,29.08,23,6713236,72.19,56,6143303,66.06,63,4494323,48.33,129,804532,8.65
2022-05-05,62.34,8.58,29.08,5,6713241,72.19,1,6143304,66.06,8,4494331,48.33,14,804546,8.65
2022-05-06,62.33,8.59,29.08,20,6713261,72.19,59,6143363,66.06,64,4494395,48.33,154,804700,8.65
2022-05-07,62.32,8.6,29.08,1,6713262,72.19,7,6143370,66.06,27,4494422,48.33,24,804724,8.65
2022-05-08,62.31,8.61,29.08,118,6713380,72.19,207,6143577,66.06,270,4494692,48.33,457,805181,8.66
2022-05-09,62.31,8.61,29.08,59,6713439,72.19,162,6143739,66.07,251,4494943,48.34,505,805686,8.66
2022-05-10,62.3,8.62,29.08,131,6713570,72.19,169,6143908,66.07,261,4495204,48.34,508,806194,8.67
2022-05-11,62.3,8.63,29.08,58,6713628,72.19,118,6144026,66.07,183,4495387,48.34,464,806658,8.67
2022-05-12,62.29,8.64,29.07,119,6713747,72.2,200,6144226,66.07,280,4495667,48.34,666,807324,8.68
2022-05-13,62.28,8.65,29.07,11,6713758,72.2,44,6144270,66.07,71,4495738,48.34,110,807434,8.68
2022-05-14,62.26,8.66,29.07,6,6713764,72.2,13,6144283,66.07,14,4495752,48.35,24,807458,8.68
2022-05-15,62.26,8.67,29.07,90,6713854,72.2,175,6144458,66.07,246,4495998,48.35,665,808123,8.69
2022-05-16,62.19,8.65,29.16,68,6713922,72.2,141,6144599,66.08,230,4496228,48.35,510,808633,8.7
2022-05-17,62.18,8.66,29.16,73,6713995,72.2,153,6144752,66.08,267,4496495,48.35,618,809251,8.7
2022-05-18,62.17,8.67,29.16,43,6714038,72.2,99,6144851,66.08,169,4496664,48.35,447,809698,8.71
2022-05-19,62.16,8.68,29.16,64,6714102,72.2,171,6145022,66.08,213,4496877,48.36,499,810197,8.71
2022-05-20,62.15,8.69,29.16,76,6714178,72.2,114,6145136,66.08,130,4497007,48.36,138,810335,8.71
2022-05-21,62.14,8.7,29.16,4,6714182,72.2,7,6145143,66.08,15,4497022,48.36,18,810353,8.71
2022-05-22,62.14,8.71,29.16,85,6714267,72.2,190,6145333,66.08,216,4497238,48.36,426,810779,8.72
2022-05-23,62.14,8.71,29.16,65,6714332,72.2,120,6145453,66.09,156,4497394,48.36,348,811127,8.72
2022-05-24,62.13,8.71,29.15,43,6714375,72.2,119,6145572,66.09,157,4497551,48.36,394,811521,8.73
2022-05-25,62.12,8.72,29.15,61,6714436,72.2,103,6145675,66.09,168,4497719,48.37,337,811858,8.73
2022-05-26,62.11,8.73,29.16,72,6714508,72.2,136,6145811,66.09,186,4497905,48.37,347,812205,8.73
2022-05-27,62.1,8.74,29.16,12,6714520,72.2,29,6145840,66.09,43,4497948,48.37,59,812264,8.73
2022-05-28,62.09,8.75,29.16,2,6714522,72.2,5,6145845,66.09,8,4497956,48.37,12,812276,8.73
2022-05-29,62.09,8.75,29.16,89,6714611,72.21,153,6145998,66.09,163,4498119,48.37,316,812592,8.74
2022-05-30,62.09,8.76,29.16,56,6714667,72.21,134,6146132,66.09,125,4498244,48.37,291,812883,8.74
2022-05-31,62.07,8.78,29.15,45,6714712,72.21,104,6146236,66.09,153,4498397,48.37,351,813234,8.75
2022-06-01,61.95,8.9,29.16,65,6714777,72.21,90,6146326,66.09,119,4498516,48.37,277,813511,8.75
2022-06-02,45.96,24.88,29.15,77,6714854,72.21,156,6146482,66.1,178,4498694,48.38,255,813766,8.75
2022-06-03,45.9,24.95,29.16,10,6714864,72.21,23,6146505,66.1,21,4498715,48.38,33,813799,8.75
2022-06-04,45.84,25,29.16,0,6714864,72.21,7,6146512,66.1,8,4498723,48.38,5,813804,8.75
2022-06-05,45.8,25.05,29.16,11,6714875,72.21,14,6146526,66.1,7,4498730,48.38,2,813806,8.75
2022-06-06,39.96,30.89,29.16,58,6714933,72.21,145,6146671,66.1,161,4498891,48.38,262,814068,8.75
2022-06-07,39.92,30.93,29.15,54,6714987,72.21,134,6146805,66.1,142,4499033,48.38,379,814447,8.76
2022-06-08,39.89,30.96,29.15,59,6715046,72.21,104,6146909,66.1,131,4499164,48.38,497,814944,8.76
2022-06-09,39.86,30.99,29.15,84,6715130,72.21,208,6147117,66.1,234,4499398,48.38,642,815586,8.77
2022-06-10,39.83,31.02,29.15,14,6715144,72.21,51,6147168,66.1,59,4499457,48.38,142,815728,8.77
2022-06-11,39.8,31.05,29.15,0,6715144,72.21,3,6147171,66.1,7,4499464,48.38,19,815747,8.77
2022-06-12,39.8,31.05,29.15,109,6715253,72.21,199,6147370,66.11,191,4499655,48.39,767,816514,8.78
2022-06-13,39.81,31.04,29.15,84,6715337,72.21,142,6147512,66.11,168,4499823,48.39,626,817140,8.79
2022-06-14,39.79,31.06,29.15,116,6715453,72.21,173,6147685,66.11,208,4500031,48.39,759,817899,8.8
2022-06-15,39.78,31.08,29.15,71,6715524,72.22,141,6147826,66.11,207,4500238,48.39,700,818599,8.8
2022-06-16,39.74,31.11,29.14,94,6715618,72.22,136,6147962,66.11,218,4500456,48.4,742,819341,8.81
2022-06-17,39.72,31.14,29.15,16,6715634,72.22,63,6148025,66.11,53,4500509,48.4,125,819466,8.81
2022-06-18,39.68,31.17,29.14,3,6715637,72.22,4,6148029,66.11,11,4500520,48.4,15,819481,8.81
2022-06-19,39.53,31.33,29.15,115,6715752,72.22,208,6148237,66.12,318,4500838,48.4,877,820358,8.82
2022-06-20,33.92,36.85,29.23,99,6715851,72.22,152,6148389,66.12,307,4501145,48.4,922,821280,8.83
2022-06-21,33.58,37.19,29.23,94,6715945,72.22,154,6148543,66.12,375,4501520,48.41,1229,822509,8.84
2022-06-22,33.28,37.49,29.23,110,6716055,72.22,136,6148679,66.12,339,4501859,48.41,894,823403,8.85
2022-06-23,32.84,37.92,29.23,132,6716187,72.22,217,6148896,66.12,525,4502384,48.42,1146,824549,8.87
2022-06-24,32.43,38.34,29.24,19,6716206,72.22,35,6148931,66.12,110,4502494,48.42,208,824757,8.87
2022-06-25,32.04,38.72,29.24,1,6716207,72.22,3,6148934,66.12,13,4502507,48.42,16,824773,8.87
2022-06-26,31.63,39.13,29.24,107,6716314,72.22,158,6149092,66.12,379,4502886,48.42,933,825706,8.88
2022-06-27,31.29,39.47,29.24,86,6716400,72.22,172,6149264,66.13,392,4503278,48.43,1028,826734,8.89
2022-06-28,30.86,39.91,29.24,84,6716484,72.23,151,6149415,66.13,364,4503642,48.43,932,827666,8.9
2022-06-29,30.48,40.28,29.24,76,6716560,72.23,108,6149523,66.13,265,4503907,48.43,816,828482,8.91
2022-06-30,30.05,40.71,29.24,86,6716646,72.23,165,6149688,66.13,355,4504262,48.44,1062,829544,8.92
2022-07-01,29.62,41.14,29.24,22,6716668,72.23,28,6149716,66.13,55,4504317,48.44,80,829624,8.92
2022-07-02,29.2,41.56,29.24,1,6716669,72.23,2,6149718,66.13,8,4504325,48.44,18,829642,8.92
2022-07-03,28.81,41.95,29.24,100,6716769,72.23,177,6149895,66.13,322,4504647,48.44,637,830279,8.93
2022-07-04,28.5,42.26,29.24,76,6716845,72.23,140,6150035,66.13,278,4504925,48.44,749,831028,8.94
2022-07-05,28.06,42.7,29.24,59,6716904,72.23,142,6150177,66.14,302,4505227,48.45,688,831716,8.94
2022-07-06,27.39,43.37,29.24,78,6716982,72.23,124,6150301,66.14,211,4505438,48.45,646,832362,8.95
2022-07-07,26.48,44.28,29.24,82,6717064,72.23,164,6150465,66.14,267,4505705,48.45,721,833083,8.96
2022-07-08,25.47,45.29,29.24,17,6717081,72.23,33,6150498,66.14,69,4505774,48.45,131,833214,8.96
2022-07-09,24.42,46.34,29.24,0,6717081,72.23,1,6150499,66.14,3,4505777,48.45,2,833216,8.96
2022-07-10,23.77,46.99,29.24,90,6717171,72.23,164,6150663,66.14,229,4506006,48.46,470,833686,8.97
2022-07-11,23.22,47.54,29.24,64,6717235,72.23,142,6150805,66.14,248,4506254,48.46,575,834261,8.97
2022-07-12,22.13,48.63,29.24,69,6717304,72.23,129,6150934,66.14,207,4506461,48.46,558,834819,8.98
2022-07-13,21.1,49.66,29.24,43,6717347,72.23,101,6151035,66.15,165,4506626,48.46,488,835307,8.98
2022-07-14,20.12,50.63,29.24,69,6717416,72.24,147,6151182,66.15,209,4506835,48.46,513,835820,8.99
2022-07-15,19.27,51.48,29.25,64,6717480,72.24,88,6151270,66.15,127,4506962,48.47,166,835986,8.99
2022-07-16,18.29,52.46,29.25,0,6717480,72.24,6,6151276,66.15,7,4506969,48.47,8,835994,8.99
2022-07-17,17.83,52.92,29.25,77,6717557,72.24,183,6151459,66.15,241,4507210,48.47,468,836462,8.99
2022-07-18,17.48,53.26,29.26,62,6717619,72.24,158,6151617,66.15,207,4507417,48.47,511,836973,9
2022-07-19,16.77,53.97,29.26,62,6717681,72.24,147,6151764,66.15,174,4507591,48.47,368,837341,9
2022-07-20,16.09,54.64,29.26,51,6717732,72.24,134,6151898,66.15,137,4507728,48.47,423,837764,9.01
2022-07-21,15.43,55.3,29.27,61,6717793,72.24,160,6152058,66.16,177,4507905,48.48,341,838105,9.01
2022-07-22,14.64,56.08,29.28,10,6717803,72.24,36,6152094,66.16,43,4507948,48.48,56,838161,9.01
2022-07-23,14.17,56.55,29.28,0,6717803,72.24,4,6152098,66.16,4,4507952,48.48,9,838170,9.01
2022-07-24,13.55,57.16,29.29,58,6717861,72.24,128,6152226,66.16,197,4508149,48.48,364,838534,9.02
2022-07-25,13.09,57.61,29.3,48,6717909,72.24,107,6152333,66.16,172,4508321,48.48,336,838870,9.02
2022-07-26,12.46,58.23,29.3,47,6717956,72.24,99,6152432,66.16,111,4508432,48.48,270,839140,9.02
2022-07-27,11.89,58.8,29.31,43,6717999,72.24,125,6152557,66.16,132,4508564,48.48,243,839383,9.03
2022-07-28,11.35,59.34,29.31,62,6718061,72.24,143,6152700,66.16,148,4508712,48.48,220,839603,9.03
2022-07-29,10.85,59.83,29.32,10,6718071,72.24,25,6152725,66.16,27,4508739,48.48,31,839634,9.03
2022-07-30,10.34,60.33,29.33,0,6718071,72.24,0,6152725,66.16,1,4508740,48.48,1,839635,9.03
2022-07-31,9.97,60.7,29.33,56,6718127,72.24,134,6152859,66.16,131,4508871,48.49,252,839887,9.03
2022-08-01,9.47,61.19,29.34,54,6718181,72.24,76,6152935,66.17,91,4508962,48.49,152,840039,9.03
2022-08-02,8.92,61.73,29.35,111,6718292,72.25,119,6153054,66.17,157,4509119,48.49,264,840303,9.04
2022-08-03,8.46,62.19,29.35,76,6718368,72.25,71,6153125,66.17,92,4509211,48.49,178,840481,9.04
2022-08-04,8.04,62.61,29.36,133,6718501,72.25,133,6153258,66.17,111,4509322,48.49,246,840727,9.04
2022-08-05,7.71,62.93,29.36,31,6718532,72.25,23,6153281,66.17,13,4509335,48.49,24,840751,9.04
2022-08-06,7.32,63.32,29.36,1,6718533,72.25,2,6153283,66.17,3,4509338,48.49,5,840756,9.04
2022-08-07,6.92,63.71,29.37,89,6718622,72.25,97,6153380,66.17,69,4509407,48.49,169,840925,9.04
2022-08-08,6.74,63.89,29.37,76,6718698,72.25,95,6153475,66.17,122,4509529,48.49,172,841097,9.04
2022-08-09,6.25,64.37,29.38,96,6718794,72.25,90,6153565,66.17,99,4509628,48.49,213,841310,9.05
2022-08-10,5.91,64.71,29.38,77,6718871,72.25,60,6153625,66.17,76,4509704,48.5,115,841425,9.05
2022-08-11,5.59,65.03,29.38,54,6718925,72.25,101,6153726,66.17,91,4509795,48.5,155,841580,9.05
2022-08-12,5.35,65.27,29.38,8,6718933,72.25,12,6153738,66.17,18,4509813,48.5,29,841609,9.05
2022-08-13,5.1,65.52,29.38,0,6718933,72.25,2,6153740,66.17,2,4509815,48.5,3,841612,9.05
2022-08-14,4.87,65.75,29.39,74,6719007,72.25,75,6153815,66.18,82,4509897,48.5,150,841762,9.05
2022-08-15,4.74,65.87,29.39,68,6719075,72.25,81,6153896,66.18,93,4509990,48.5,143,841905,9.05
2022-08-16,4.46,66.15,29.39,82,6719157,72.25,84,6153980,66.18,83,4510073,48.5,187,842092,9.06
2022-08-17,4.16,66.44,29.39,47,6719204,72.25,56,6154036,66.18,36,4510109,48.5,115,842207,9.06
2022-08-18,3.98,66.63,29.39,70,6719274,72.26,93,6154129,66.18,120,4510229,48.5,173,842380,9.06
2022-08-19,3.83,66.78,29.39,78,6719352,72.26,67,6154196,66.18,57,4510286,48.5,38,842418,9.06
2022-08-20,3.67,66.94,29.39,1,6719353,72.26,1,6154197,66.18,3,4510289,48.5,3,842421,9.06
2022-08-21,3.52,67.08,29.4,52,6719405,72.26,85,6154282,66.18,84,4510373,48.5,197,842618,9.06
2022-08-22,3.44,67.16,29.4,89,6719494,72.26,74,6154356,66.18,103,4510476,48.5,144,842762,9.06
2022-08-23,3.27,67.33,29.4,72,6719566,72.26,106,6154462,66.18,84,4510560,48.5,180,842942,9.06
2022-08-24,3.15,67.46,29.4,38,6719604,72.26,80,6154542,66.18,49,4510609,48.5,133,843075,9.07
2022-08-25,3.03,67.57,29.4,53,6719657,72.26,75,6154617,66.18,97,4510706,48.51,193,843268,9.07
2022-08-26,2.94,67.66,29.4,4,6719661,72.26,15,6154632,66.18,9,4510715,48.51,14,843282,9.07
2022-08-27,2.84,67.76,29.4,0,6719661,72.26,0,6154632,66.18,0,4510715,48.51,0,843282,9.07
2022-08-28,2.75,67.85,29.4,55,6719716,72.26,80,6154712,66.18,85,4510800,48.51,102,843384,9.07
2022-08-29,2.69,67.91,29.4,48,6719764,72.26,68,6154780,66.19,89,4510889,48.51,107,843491,9.07
2022-08-30,2.6,68,29.4,85,6719849,72.26,113,6154893,66.19,85,4510974,48.51,131,843622,9.07
2022-08-31,2.53,68.07,29.4,42,6719891,72.26,89,6154982,66.19,70,4511044,48.51,96,843718,9.07
2022-09-01,2.46,68.14,29.4,29,6719920,72.26,84,6155066,66.19,58,4511102,48.51,113,843831,9.07
2022-09-02,2.4,68.2,29.4,6,6719926,72.26,20,6155086,66.19,13,4511115,48.51,10,843841,9.07
2022-09-03,2.33,68.27,29.4,2,6719928,72.26,0,6155086,66.19,3,4511118,48.51,1,843842,9.07
2022-09-04,2.27,68.32,29.4,64,6719992,72.26,133,6155219,66.19,80,4511198,48.51,121,843963,9.08
2022-09-05,2.23,68.37,29.4,44,6720036,72.26,77,6155296,66.19,58,4511256,48.51,90,844053,9.08
2022-09-06,2.17,68.42,29.4,60,6720096,72.26,104,6155400,66.19,78,4511334,48.51,130,844183,9.08
2022-09-07,2.12,68.47,29.4,28,6720124,72.26,63,6155463,66.19,53,4511387,48.51,95,844278,9.08
2022-09-08,2.07,68.53,29.4,50,6720174,72.27,101,6155564,66.19,70,4511457,48.51,77,844355,9.08
2022-09-09,2.03,68.57,29.4,10,6720184,72.27,21,6155585,66.19,16,4511473,48.51,17,844372,9.08
2022-09-10,1.97,68.62,29.4,0,6720184,72.27,0,6155585,66.19,5,4511478,48.51,2,844374,9.08
2022-09-11,1.92,68.67,29.41,39,6720223,72.27,117,6155702,66.2,78,4511556,48.52,116,844490,9.08
2022-09-12,1.88,68.71,29.41,24,6720247,72.27,72,6155774,66.2,52,4511608,48.52,68,844558,9.08
2022-09-13,1.82,68.77,29.41,44,6720291,72.27,113,6155887,66.2,54,4511662,48.52,103,844661,9.08
2022-09-14,1.78,68.82,29.41,21,6720312,72.27,64,6155951,66.2,54,4511716,48.52,62,844723,9.08
2022-09-15,1.73,68.86,29.41,32,6720344,72.27,77,6156028,66.2,63,4511779,48.52,107,844830,9.08
2022-09-16,1.7,68.89,29.41,51,6720395,72.27,52,6156080,66.2,27,4511806,48.52,28,844858,9.09
2022-09-17,1.66,68.93,29.41,3,6720398,72.27,0,6156080,66.2,1,4511807,48.52,0,844858,9.09
2022-09-18,1.63,68.96,29.41,28,6720426,72.27,66,6156146,66.2,52,4511859,48.52,115,844973,9.09
2022-09-19,1.61,68.98,29.41,27,6720453,72.27,74,6156220,66.2,44,4511903,48.52,57,845030,9.09
2022-09-20,1.56,69.03,29.41,41,6720494,72.27,93,6156313,66.2,75,4511978,48.52,102,845132,9.09
2022-09-21,1.55,69.05,29.41,22,6720516,72.27,54,6156367,66.2,29,4512007,48.52,56,845188,9.09
2022-09-22,1.52,69.07,29.4,42,6720558,72.27,56,6156423,66.2,27,4512034,48.52,41,845229,9.09
2022-09-23,1.5,69.1,29.41,7,6720565,72.27,11,6156434,66.2,4,4512038,48.52,1,845230,9.09
2022-09-24,1.47,69.13,29.41,0,6720565,72.27,0,6156434,66.2,1,4512039,48.52,0,845230,9.09
2022-09-25,1.46,69.13,29.41,5,6720570,72.27,20,6156454,66.2,10,4512049,48.52,27,845257,9.09
2022-09-26,1.46,69.13,29.41,0,6720570,72.27,5,6156459,66.2,2,4512051,48.52,2,845259,9.09
2022-09-27,1.42,69.17,29.41,2,6720572,72.27,0,6156459,66.2,3,4512054,48.52,3,845262,9.09
2022-09-28,1.39,69.21,29.41,24,6720596,72.27,36,6156495,66.2,25,4512079,48.52,17,845279,9.09
2022-09-29,1.37,69.22,29.41,32,6720628,72.27,61,6156556,66.2,13,4512092,48.52,48,845327,9.09
2022-09-30,1.35,69.24,29.41,4,6720632,72.27,12,6156568,66.2,2,4512094,48.52,0,845327,9.09
2022-10-01,1.31,69.29,29.41,0,6720632,72.27,1,6156569,66.2,1,4512095,48.52,1,845328,9.09
2022-10-02,1.31,69.29,29.41,28,6720660,72.27,51,6156620,66.21,20,4512115,48.52,73,845401,9.09
2022-10-03,1.31,69.28,29.4,23,6720683,72.27,29,6156649,66.21,13,4512128,48.52,12,845413,9.09
2022-10-04,1.27,69.32,29.4,7,6720690,72.27,10,6156659,66.21,0,4512128,48.52,1,845414,9.09
2022-10-05,1.28,69.31,29.4,1,6720691,72.27,0,6156659,66.21,0,4512128,48.52,1,845415,9.09
2022-10-06,1.31,69.28,29.4,17,6720708,72.27,43,6156702,66.21,10,4512138,48.52,20,845435,9.09
2022-10-07,1.3,69.29,29.41,3,6720711,72.27,3,6156705,66.21,4,4512142,48.52,0,845435,9.09
2022-10-08,1.26,69.33,29.41,1,6720712,72.27,1,6156706,66.21,0,4512142,48.52,1,845436,9.09
2022-10-09,1.31,69.28,29.41,7,6720719,72.27,22,6156728,66.21,6,4512148,48.52,5,845441,9.09
2022-10-10,1.38,69.22,29.4,5,6720724,72.27,2,6156730,66.21,0,4512148,48.52,0,845441,9.09
2022-10-11,1.36,69.24,29.4,12,6720736,72.27,32,6156762,66.21,1,4512149,48.52,32,845473,9.09
2022-10-12,1.34,69.26,29.4,13,6720749,72.27,24,6156786,66.21,5,4512154,48.52,4,845477,9.09
2022-10-13,1.4,69.2,29.4,17,6720766,72.27,16,6156802,66.21,5,4512159,48.52,9,845486,9.09
2022-10-14,1.4,69.2,29.4,6,6720772,72.27,7,6156809,66.21,4,4512163,48.52,3,845489,9.09
2022-10-15,1.38,69.22,29.4,0,6720772,72.27,0,6156809,66.21,0,4512163,48.52,1,845490,9.09
2022-10-16,1.39,69.2,29.4,4,6720776,72.27,13,6156822,66.21,5,4512168,48.52,8,845498,9.09
2022-10-17,1.39,69.2,29.4,1,6720777,72.27,1,6156823,66.21,3,4512171,48.52,1,845499,9.09
2022-10-18,1.43,69.17,29.4,24,6720801,72.27,31,6156854,66.21,14,4512185,48.52,16,845515,9.09
2022-10-19,1.47,69.12,29.4,18,6720819,72.27,25,6156879,66.21,7,4512192,48.52,3,845518,9.09
2022-10-20,1.5,69.1,29.4,26,6720845,72.27,44,6156923,66.21,12,4512204,48.52,4,845522,9.09
2022-10-21,1.5,69.09,29.4,4,6720849,72.27,7,6156930,66.21,2,4512206,48.52,4,845526,9.09
2022-10-22,1.49,69.1,29.4,0,6720849,72.27,0,6156930,66.21,0,4512206,48.52,0,845526,9.09
2022-10-23,1.51,69.08,29.4,15,6720864,72.27,33,6156963,66.21,18,4512224,48.52,10,845536,9.09
2022-10-24,1.51,69.08,29.41,20,6720884,72.27,16,6156979,66.21,19,4512243,48.52,9,845545,9.09
2022-10-25,1.55,69.04,29.4,18,6720902,72.27,34,6157013,66.21,22,4512265,48.52,21,845566,9.09
2022-10-26,1.61,68.99,29.4,18,6720920,72.27,25,6157038,66.21,8,4512273,48.52,10,845576,9.09
2022-10-27,1.67,68.93,29.4,17,6720937,72.27,27,6157065,66.21,14,4512287,48.52,17,845593,9.09
2022-10-28,1.67,68.93,29.4,53,6720990,72.27,49,6157114,66.21,31,4512318,48.52,18,845611,9.09
2022-10-29,1.66,68.94,29.4,0,6720990,72.27,0,6157114,66.21,0,4512318,48.52,0,845611,9.09
2022-10-30,1.71,68.89,29.4,15,6721005,72.27,23,6157137,66.21,15,4512333,48.52,9,845620,9.09
2022-10-31,1.76,68.84,29.4,17,6721022,72.27,16,6157153,66.21,8,4512341,48.52,9,845629,9.09
2022-11-01,1.82,68.78,29.4,2,6721024,72.27,1,6157154,66.21,1,4512342,48.52,0,845629,9.09
2022-11-02,1.88,68.72,29.4,13,6721037,72.27,13,6157167,66.21,7,4512349,48.52,8,845637,9.09
2022-11-03,1.96,68.64,29.4,17,6721054,72.27,18,6157185,66.21,11,4512360,48.52,8,845645,9.09
2022-11-04,1.98,68.63,29.4,4,6721058,72.27,6,6157191,66.21,1,4512361,48.52,2,845647,9.09
2022-11-05,1.97,68.63,29.4,0,6721058,72.27,0,6157191,66.21,0,4512361,48.52,0,845647,9.09
2022-11-06,2.03,68.57,29.4,27,6721085,72.28,33,6157224,66.21,11,4512372,48.52,23,845670,9.09
2022-11-07,2.1,68.51,29.4,15,6721100,72.28,11,6157235,66.21,10,4512382,48.52,54,845724,9.09
2022-11-08,2.1,68.5,29.4,28,6721128,72.28,26,6157261,66.21,14,4512396,48.52,9,845733,9.09
2022-11-09,2.16,68.45,29.4,16,6721144,72.28,20,6157281,66.21,17,4512413,48.52,9,845742,9.09
2022-11-10,2.22,68.39,29.4,28,6721172,72.28,17,6157298,66.21,11,4512424,48.52,6,845748,9.09
2022-11-11,2.23,68.37,29.4,1,6721173,72.28,17,6157315,66.21,2,4512426,48.52,1,845749,9.09
2022-11-12,2.22,68.38,29.4,1,6721174,72.28,0,6157315,66.21,2,4512428,48.52,0,845749,9.09
2022-11-13,2.29,68.31,29.4,29,6721203,72.28,31,6157346,66.21,17,4512445,48.52,8,845757,9.09
2022-11-14,2.37,68.23,29.4,20,6721223,72.28,17,6157363,66.21,21,4512466,48.52,16,845773,9.1
2022-11-15,2.43,68.17,29.4,40,6721263,72.28,25,6157388,66.21,16,4512482,48.52,18,845791,9.1
2022-11-16,2.5,68.1,29.4,14,6721277,72.28,27,6157415,66.21,16,4512498,48.53,11,845802,9.1
2022-11-17,2.59,68.02,29.4,19,6721296,72.28,33,6157448,66.21,18,4512516,48.53,5,845807,9.1
2022-11-18,2.61,67.99,29.4,6,6721302,72.28,4,6157452,66.21,4,4512520,48.53,0,845807,9.1
2022-11-19,2.6,68,29.4,0,6721302,72.28,0,6157452,66.21,0,4512520,48.53,0,845807,9.1
2022-11-20,2.67,67.93,29.4,19,6721321,72.28,19,6157471,66.21,6,4512526,48.53,13,845820,9.1
2022-11-21,2.76,67.85,29.4,14,6721335,72.28,13,6157484,66.21,6,4512532,48.53,6,845826,9.1
2022-11-22,2.83,67.77,29.4,26,6721361,72.28,13,6157497,66.21,17,4512549,48.53,6,845832,9.1
2022-11-23,2.9,67.7,29.4,17,6721378,72.28,20,6157517,66.21,4,4512553,48.53,8,845840,9.1
2022-11-24,2.98,67.62,29.4,9,6721387,72.28,16,6157533,66.22,13,4512566,48.53,27,845867,9.1
2022-11-25,3,67.6,29.4,15,6721402,72.28,44,6157577,66.22,14,4512580,48.53,12,845879,9.1
2022-11-26,3,67.61,29.4,0,6721402,72.28,2,6157579,66.22,0,4512580,48.53,0,845879,9.1
2022-11-27,3.06,67.54,29.4,14,6721416,72.28,15,6157594,66.22,19,4512599,48.53,2,845881,9.1
2022-11-28,3.14,67.47,29.4,8,6721424,72.28,23,6157617,66.22,8,4512607,48.53,6,845887,9.1
2022-11-29,3.2,67.4,29.4,38,6721462,72.28,31,6157648,66.22,19,4512626,48.53,14,845901,9.1
2022-11-30,3.27,67.34,29.39,12,6721474,72.28,25,6157673,66.22,20,4512646,48.53,8,845909,9.1
2022-12-01,3.34,67.26,29.39,13,6721487,72.28,18,6157691,66.22,15,4512661,48.53,4,845913,9.1
2022-12-02,3.36,67.24,29.39,2,6721489,72.28,7,6157698,66.22,4,4512665,48.53,10,845923,9.1
2022-12-03,3.36,67.24,29.39,0,6721489,72.28,0,6157698,66.22,0,4512665,48.53,1,845924,9.1
2022-12-04,3.42,67.18,29.39,35,6721524,72.28,27,6157725,66.22,30,4512695,48.53,26,845950,9.1
2022-12-05,3.48,67.12,29.4,9,6721533,72.28,17,6157742,66.22,11,4512706,48.53,20,845970,9.1
2022-12-06,3.55,67.06,29.39,32,6721565,72.28,26,6157768,66.22,27,4512733,48.53,7,845977,9.1
2022-12-07,3.62,66.99,29.39,10,6721575,72.28,17,6157785,66.22,8,4512741,48.53,8,845985,9.1
2022-12-08,3.69,66.91,29.39,18,6721593,72.28,31,6157816,66.22,15,4512756,48.53,3,845988,9.1
2022-12-09,3.71,66.9,29.39,4,6721597,72.28,1,6157817,66.22,1,4512757,48.53,7,845995,9.1
2022-12-10,3.7,66.91,29.39,1,6721598,72.28,0,6157817,66.22,2,4512759,48.53,0,845995,9.1
2022-12-11,3.76,66.84,29.39,16,6721614,72.28,22,6157839,66.22,15,4512774,48.53,16,846011,9.1
2022-12-12,3.82,66.78,29.39,15,6721629,72.28,13,6157852,66.22,5,4512779,48.53,0,846011,9.1
2022-12-13,3.87,66.73,29.39,17,6721646,72.28,44,6157896,66.22,18,4512797,48.53,13,846024,9.1
2022-12-14,3.92,66.69,29.39,17,6721663,72.28,16,6157912,66.22,7,4512804,48.53,3,846027,9.1
2022-12-15,3.97,66.64,29.39,22,6721685,72.28,19,6157931,66.22,7,4512811,48.53,12,846039,9.1
2022-12-16,3.98,66.62,29.39,12,6721697,72.28,4,6157935,66.22,1,4512812,48.53,0,846039,9.1
2022-12-17,3.97,66.63,29.39,0,6721697,72.28,0,6157935,66.22,0,4512812,48.53,0,846039,9.1
2022-12-18,4.01,66.59,29.39,9,6721706,72.28,18,6157953,66.22,8,4512820,48.53,3,846042,9.1
2022-12-19,4.06,66.54,29.4,7,6721713,72.28,14,6157967,66.22,12,4512832,48.53,1,846043,9.1
2022-12-20,4.1,66.51,29.39,12,6721725,72.28,17,6157984,66.22,2,4512834,48.53,2,846045,9.1
2022-12-21,4.14,66.47,29.39,9,6721734,72.28,14,6157998,66.22,13,4512847,48.53,3,846048,9.1
2022-12-22,4.18,66.42,29.39,4,6721738,72.28,10,6158008,66.22,14,4512861,48.53,1,846049,9.1
2022-12-23,4.19,66.42,29.39,8,6721746,72.28,0,6158008,66.22,2,4512863,48.53,0,846049,9.1
2022-12-24,4.18,66.43,29.39,0,6721746,72.28,0,6158008,66.22,0,4512863,48.53,0,846049,9.1
2022-12-25,4.21,66.4,29.39,6,6721752,72.28,17,6158025,66.22,1,4512864,48.53,2,846051,9.1
2022-12-26,4.24,66.36,29.39,17,6721769,72.28,6,6158031,66.22,13,4512877,48.53,0,846051,9.1
2022-12-27,4.25,66.36,29.39,24,6721793,72.28,24,6158055,66.22,17,4512894,48.53,7,846058,9.1
2022-12-28,4.26,66.34,29.39,17,6721810,72.28,18,6158073,66.22,25,4512919,48.53,64,846122,9.1
2022-12-29,4.28,66.33,29.39,15,6721825,72.28,23,6158096,66.22,14,4512933,48.53,4,846126,9.1
2022-12-30,4.27,66.33,29.4,4,6721829,72.28,5,6158101,66.22,3,4512936,48.53,0,846126,9.1
2022-12-31,4.26,66.35,29.4,0,6721829,72.28,1,6158102,66.22,0,4512936,48.53,0,846126,9.1
2023-01-01,4.27,66.33,29.4,6,6721835,72.28,21,6158123,66.22,2,4512938,48.53,1,846127,9.1
2023-01-02,4.29,66.31,29.4,10,6721845,72.28,8,6158131,66.22,3,4512941,48.53,1,846128,9.1
2023-01-03,4.3,66.3,29.4,20,6721865,72.28,17,6158148,66.22,7,4512948,48.53,3,846131,9.1
2023-01-04,4.3,66.3,29.4,7,6721872,72.28,11,6158159,66.22,4,4512952,48.53,2,846133,9.1
2023-01-05,4.31,66.29,29.39,12,6721884,72.28,19,6158178,66.22,11,4512963,48.53,4,846137,9.1
2023-01-06,4.31,66.29,29.4,2,6721886,72.28,1,6158179,66.22,1,4512964,48.53,0,846137,9.1
2023-01-07,4.3,66.31,29.4,1,6721887,72.28,0,6158179,66.22,0,4512964,48.53,0,846137,9.1
2023-01-08,4.33,66.28,29.4,14,6721901,72.28,32,6158211,66.22,9,4512973,48.53,2,846139,9.1
2023-01-09,4.34,66.26,29.4,12,6721913,72.28,20,6158231,66.22,1,4512974,48.53,1,846140,9.1
2023-01-10,4.35,66.25,29.4,39,6721952,72.28,27,6158258,66.22,10,4512984,48.53,4,846144,9.1
2023-01-11,4.36,66.25,29.4,14,6721966,72.28,18,6158276,66.22,11,4512995,48.53,2,846146,9.1
2023-01-12,4.37,66.24,29.39,22,6721988,72.28,20,6158296,66.22,11,4513006,48.53,2,846148,9.1
2023-01-13,4.36,66.24,29.4,3,6721991,72.28,2,6158298,66.22,0,4513006,48.53,0,846148,9.1
2023-01-14,4.35,66.25,29.4,1,6721992,72.28,0,6158298,66.22,0,4513006,48.53,0,846148,9.1
2023-01-15,4.36,66.24,29.4,17,6722009,72.29,16,6158314,66.22,4,4513010,48.53,3,846151,9.1
2023-01-16,4.38,66.22,29.4,9,6722018,72.29,14,6158328,66.22,6,4513016,48.53,0,846151,9.1
2023-01-17,4.38,66.22,29.4,14,6722032,72.29,14,6158342,66.22,6,4513022,48.53,0,846151,9.1
2023-01-18,4.39,66.21,29.4,7,6722039,72.29,8,6158350,66.22,3,4513025,48.53,1,846152,9.1
2023-01-19,4.4,66.2,29.4,13,6722052,72.29,15,6158365,66.22,2,4513027,48.53,4,846156,9.1
2023-01-20,4.39,66.2,29.4,4,6722056,72.29,2,6158367,66.22,0,4513027,48.53,1,846157,9.1
2023-01-21,4.39,66.21,29.4,0,6722056,72.29,0,6158367,66.22,0,4513027,48.53,0,846157,9.1
2023-01-22,4.4,66.2,29.4,7,6722063,72.29,3,6158370,66.22,8,4513035,48.53,4,846161,9.1
2023-01-23,4.41,66.19,29.4,11,6722074,72.29,5,6158375,66.22,6,4513041,48.53,0,846161,9.1
2023-01-24,4.41,66.19,29.4,21,6722095,72.29,21,6158396,66.22,11,4513052,48.53,2,846163,9.1
2023-01-25,4.41,66.18,29.4,5,6722100,72.29,5,6158401,66.22,0,4513052,48.53,2,846165,9.1
2023-01-26,4.42,66.18,29.4,10,6722110,72.29,15,6158416,66.22,8,4513060,48.53,2,846167,9.1
2023-01-27,4.41,66.18,29.4,0,6722110,72.29,9,6158425,66.22,0,4513060,48.53,0,846167,9.1
2023-01-28,4.41,66.19,29.4,0,6722110,72.29,0,6158425,66.22,0,4513060,48.53,0,846167,9.1
2023-01-29,4.41,66.19,29.41,12,6722122,72.29,8,6158433,66.22,5,4513065,48.53,2,846169,9.1
2023-01-30,4.42,66.17,29.41,9,6722131,72.29,16,6158449,66.22,2,4513067,48.53,1,846170,9.1
2023-01-31,4.42,66.17,29.41,19,6722150,72.29,23,6158472,66.23,4,4513071,48.53,1,846171,9.1
2023-02-01,4.42,66.17,29.41,10,6722160,72.29,11,6158483,66.23,4,4513075,48.53,0,846171,9.1
2023-02-02,4.43,66.17,29.41,14,6722174,72.29,31,6158514,66.23,3,4513078,48.53,0,846171,9.1
2023-02-03,4.42,66.17,29.41,3,6722177,72.29,1,6158515,66.23,0,4513078,48.53,0,846171,9.1
2023-02-04,4.42,66.18,29.41,0,6722177,72.29,0,6158515,66.23,0,4513078,48.53,0,846171,9.1
2023-02-05,4.42,66.17,29.41,13,6722190,72.29,8,6158523,66.23,6,4513084,48.53,4,846175,9.1
2023-02-06,4.43,66.16,29.41,17,6722207,72.29,13,6158536,66.23,4,4513088,48.53,0,846175,9.1
2023-02-07,4.43,66.16,29.41,22,6722229,72.29,22,6158558,66.23,8,4513096,48.53,2,846177,9.1
2023-02-08,4.43,66.16,29.41,13,6722242,72.29,12,6158570,66.23,1,4513097,48.53,0,846177,9.1
2023-02-09,4.43,66.16,29.41,35,6722277,72.29,33,6158603,66.23,5,4513102,48.53,2,846179,9.1
2023-02-10,4.43,66.16,29.41,1,6722278,72.29,3,6158606,66.23,2,4513104,48.53,0,846179,9.1
