Date,Valid vaccinated pop. perc.,Expired vaccinated pop. perc.,Not vaccinated pop. perc.,Vaccinated (daily),Vaccinated (cumu),Vaccinated pop. perc.,Second dose (daily),Second dose (cumu),Second dose pop. perc.,Third dose (daily),Third dose (cumu),Third dose pop. perc.,Fourth dose (daily),Fourth dose (cumu),Fourth dose pop. perc.
2020-12-19,0,0,100,46,70,0,0,4,0,0,0,0,0,0,0
2020-12-20,0,0,100,7396,7466,0.08,0,4,0,0,0,0,0,0,0
2020-12-21,0,0,100,24923,32389,0.35,0,4,0,0,0,0,0,0,0
2020-12-22,0,0,100,44669,77058,0.83,0,4,0,0,0,0,0,0,0
2020-12-23,0,0,100,62918,139976,1.51,0,4,0,0,0,0,0,0,0
2020-12-24,0,0,100,73429,213405,2.29,0,4,0,0,0,0,0,0,0
2020-12-25,0,0,100,38517,251922,2.71,0,4,0,0,0,0,0,0,0
2020-12-26,0,0,100,32617,284539,3.06,0,4,0,0,0,0,0,0,0
2020-12-27,0,0,100,104572,389111,4.18,0,4,0,0,0,0,0,0,0
2020-12-28,0,0,100,135040,524151,5.64,0,4,0,0,0,0,0,0,0
2020-12-29,0,0,100,156335,680486,7.32,2,6,0,0,0,0,0,0,0
2020-12-30,0,0,100,153188,833674,8.96,0,6,0,0,0,0,0,0,0
2020-12-31,0,0,100,158594,992268,10.67,0,6,0,0,0,0,0,0,0
2021-01-01,0,0,100,71436,1063704,11.44,0,6,0,0,0,0,0,0,0
2021-01-02,0,0,100,71742,1135446,12.21,0,6,0,0,0,0,0,0,0
2021-01-03,0,0,100,149763,1285209,13.82,0,6,0,0,0,0,0,0,0
2021-01-04,0,0,100,152202,1437411,15.46,1,7,0,0,0,0,0,0,0
2021-01-05,0,0,100,125219,1562630,16.8,4,11,0,0,0,0,0,0,0
2021-01-06,0,0,100,103371,1666001,17.92,2,13,0,0,0,0,0,0,0
2021-01-07,0,0,100,116062,1782063,19.16,9,22,0,0,0,0,0,0,0
2021-01-08,0,0,100,66462,1848525,19.88,5,27,0,0,0,0,0,0,0
2021-01-09,0,0,100,44552,1893077,20.36,24,51,0,0,0,0,0,0,0
2021-01-10,0,0,100,37649,1930726,20.76,6001,6052,0.07,0,0,0,0,0,0
2021-01-11,0,0,100,21174,1951900,20.99,19264,25316,0.27,0,0,0,0,0,0
2021-01-12,0,0,100,24075,1975975,21.25,35675,60991,0.66,0,0,0,0,0,0
2021-01-13,0,0,100,52078,2028053,21.81,56874,117865,1.27,0,0,0,0,0,0
2021-01-14,0,0,100,56478,2084531,22.42,68838,186703,2.01,0,0,0,0,0,0
2021-01-15,0,0,100,30776,2115307,22.75,35942,222645,2.39,0,0,0,0,0,0
2021-01-16,0,0,100,29481,2144788,23.06,26006,248651,2.67,0,0,0,0,0,0
2021-01-17,0.31,0,99.69,68444,2213232,23.8,84597,333248,3.58,0,0,0,0,0,0
2021-01-18,0.58,0,99.42,69819,2283051,24.55,120437,453685,4.88,0,0,0,0,0,0
2021-01-19,1.09,0,98.91,72896,2355947,25.33,137847,591532,6.36,0,0,0,0,0,0
2021-01-20,1.9,0,98.1,76919,2432866,26.16,143765,735297,7.91,0,0,0,0,0,0
2021-01-21,2.88,0,97.12,70002,2502868,26.91,164473,899770,9.68,0,0,0,0,0,0
2021-01-22,3.39,0,96.61,37929,2540797,27.32,71133,970903,10.44,0,0,0,0,0,0
2021-01-23,3.77,0,96.23,39965,2580762,27.75,53595,1024498,11.02,0,0,0,0,0,0
2021-01-24,4.96,0,95.04,69147,2649909,28.5,140707,1165205,12.53,0,0,0,0,0,0
2021-01-25,6.61,0,93.39,80943,2730852,29.37,139519,1304724,14.03,0,0,0,0,0,0
2021-01-26,8.45,0,91.55,78736,2809588,30.21,126444,1431168,15.39,0,0,0,0,0,0
2021-01-27,10.34,0,89.66,77980,2887568,31.05,125069,1556237,16.73,0,0,0,0,0,0
2021-01-28,12.43,0,87.57,79570,2967138,31.91,130631,1686868,18.14,0,0,0,0,0,0
2021-01-29,13.34,0,86.66,36704,3003842,32.3,64793,1751661,18.84,0,0,0,0,0,0
2021-01-30,14.02,0,85.98,34395,3038237,32.67,42767,1794428,19.3,0,0,0,0,0,0
2021-01-31,15.76,0,84.24,73331,3111568,33.46,59503,1853931,19.94,0,0,0,0,0,0
2021-02-01,17.48,0,82.52,82510,3194078,34.35,35356,1889287,20.32,0,0,0,0,0,0
2021-02-02,19.01,0,80.99,70104,3264182,35.1,31072,1920359,20.65,0,0,0,0,0,0
2021-02-03,20.47,0,79.53,60308,3324490,35.75,51444,1971803,21.2,0,0,0,0,0,0
2021-02-04,22,0,78,72637,3397127,36.53,58096,2029899,21.83,0,0,0,0,0,0
2021-02-05,22.75,0,77.25,33945,3431072,36.9,28806,2058705,22.14,0,0,0,0,0,0
2021-02-06,23.23,0,76.77,21621,3452693,37.13,22233,2080938,22.38,0,0,0,0,0,0
2021-02-07,23.99,0,76.01,54081,3506774,37.71,68742,2149680,23.12,0,0,0,0,0,0
2021-02-08,24.52,0,75.48,58641,3565415,38.34,65467,2215147,23.82,0,0,0,0,0,0
2021-02-09,25.04,0,74.96,66355,3631770,39.05,67578,2282725,24.55,0,0,0,0,0,0
2021-02-10,25.77,0,74.23,70570,3702340,39.81,72313,2355038,25.32,0,0,0,0,0,0
2021-02-11,26.61,0,73.39,81176,3783516,40.69,72110,2427148,26.1,0,0,0,0,0,0
2021-02-12,27.02,0,72.98,39109,3822625,41.11,37597,2464745,26.5,0,0,0,0,0,0
2021-02-13,27.33,0,72.67,27463,3850088,41.4,30440,2495185,26.83,0,0,0,0,0,0
2021-02-14,28.25,0,71.75,74915,3925003,42.21,69085,2564270,27.57,0,0,0,0,0,0
2021-02-15,29.17,0,70.83,81545,4006548,43.08,75721,2639991,28.39,0,0,0,0,0,0
2021-02-16,30.11,0,69.89,83422,4089970,43.98,78300,2718291,29.23,0,0,0,0,0,0
2021-02-17,31.01,0,68.99,61984,4151954,44.65,75644,2793935,30.04,0,0,0,0,0,0
2021-02-18,31.94,0,68.06,69157,4221111,45.39,79739,2873674,30.9,0,0,0,0,0,0
2021-02-19,32.45,0,67.55,39676,4260787,45.82,38162,2911836,31.31,0,0,0,0,0,0
2021-02-20,32.85,0,67.15,31650,4292437,46.16,28724,2940560,31.62,0,0,0,0,0,0
2021-02-21,33.8,0,66.2,79434,4371871,47.01,78445,3019005,32.46,0,0,0,0,0,0
2021-02-22,34.83,0,65.17,85057,4456928,47.93,80595,3099600,33.33,0,0,0,0,0,0
2021-02-23,35.84,0,64.16,77329,4534257,48.76,70486,3170086,34.09,0,0,0,0,0,0
2021-02-24,36.76,0,63.24,61066,4595323,49.42,63144,3233230,34.77,0,0,0,0,0,0
2021-02-25,37.66,0,62.34,51729,4647052,49.97,64807,3298037,35.47,0,0,0,0,0,0
2021-02-26,38.1,0,61.9,25912,4672964,50.25,32045,3330082,35.81,0,0,0,0,0,0
2021-02-27,38.42,0,61.58,18352,4691316,50.45,21196,3351278,36.04,0,0,0,0,0,0
2021-02-28,39.24,0,60.76,40364,4731680,50.88,55873,3407151,36.64,0,0,0,0,0,0
2021-03-01,40.1,0,59.9,45752,4777432,51.37,61444,3468595,37.3,0,0,0,0,0,0
2021-03-02,40.85,0,59.15,41202,4818634,51.82,64799,3533394,38,0,0,0,0,0,0
2021-03-03,41.55,0,58.45,42035,4860669,52.27,66792,3600186,38.71,0,0,0,0,0,0
2021-03-04,42.24,0,57.76,39719,4900388,52.7,79126,3679312,39.57,0,0,0,0,0,0
2021-03-05,42.57,0,57.43,17370,4917758,52.88,40468,3719780,40,0,0,0,0,0,0
2021-03-06,42.78,0,57.22,10722,4928480,53,25347,3745127,40.27,0,0,0,0,0,0
2021-03-07,43.36,0,56.64,31156,4959636,53.33,72845,3817972,41.06,0,0,0,0,0,0
2021-03-08,43.97,0,56.03,27387,4987023,53.63,73294,3891266,41.84,0,0,0,0,0,0
2021-03-09,44.62,0,55.38,26757,5013780,53.92,76603,3967869,42.67,0,0,0,0,0,0
2021-03-10,45.27,0,54.73,23373,5037153,54.17,58685,4026554,43.3,0,0,0,0,0,0
2021-03-11,45.99,0,54.01,23305,5060458,54.42,69096,4095650,44.04,0,0,0,0,0,0
2021-03-12,46.34,0,53.66,11296,5071754,54.54,41418,4137068,44.49,0,0,0,0,0,0
2021-03-13,46.57,0,53.43,7952,5079706,54.62,25239,4162307,44.76,0,0,0,0,0,0
2021-03-14,47.2,0,52.8,20989,5100695,54.85,73936,4236243,45.55,0,0,0,0,0,0
2021-03-15,47.81,0,52.19,20150,5120845,55.07,78280,4314523,46.4,0,0,0,0,0,0
2021-03-16,48.43,0,51.57,18758,5139603,55.27,71480,4386003,47.16,0,0,0,0,0,0
2021-03-17,48.92,0,51.08,17704,5157307,55.46,59010,4445013,47.8,0,0,0,0,0,0
2021-03-18,49.45,0,50.55,16050,5173357,55.63,58125,4503138,48.42,0,0,0,0,0,0
2021-03-19,49.75,0,50.25,6956,5180313,55.71,27980,4531118,48.73,0,0,0,0,0,0
2021-03-20,49.93,0,50.07,5227,5185540,55.76,15301,4546419,48.89,0,0,0,0,0,0
2021-03-21,50.46,0,49.54,13172,5198712,55.9,40510,4586929,49.33,0,0,0,0,0,0
2021-03-22,51,0,49,13581,5212293,56.05,40542,4627471,49.76,0,0,0,0,0,0
2021-03-23,51.43,0,48.57,2844,5215137,56.08,7302,4634773,49.84,0,0,0,0,0,0
2021-03-24,51.84,0,48.16,11005,5226142,56.2,46560,4681333,50.34,0,0,0,0,0,0
2021-03-25,52.22,0,47.78,10272,5236414,56.31,35440,4716773,50.72,0,0,0,0,0,0
2021-03-26,52.4,0,47.6,4186,5240600,56.35,13334,4730107,50.87,0,0,0,0,0,0
2021-03-27,52.5,0,47.5,1786,5242386,56.37,4269,4734376,50.91,0,0,0,0,0,0
2021-03-28,52.74,0,47.26,2113,5244499,56.4,4611,4738987,50.96,0,0,0,0,0,0
2021-03-29,53,0,47,6917,5251416,56.47,30017,4769004,51.28,0,0,0,0,0,0
2021-03-30,53.08,0,46.92,7894,5259310,56.56,22454,4791458,51.52,0,0,0,0,0,0
2021-03-31,53.38,0,46.62,8154,5267464,56.64,19501,4810959,51.73,0,0,0,0,0,0
2021-04-01,53.62,0,46.38,8220,5275684,56.73,18701,4829660,51.94,0,0,0,0,0,0
2021-04-02,53.71,0,46.29,2945,5278629,56.76,8131,4837791,52.02,0,0,0,0,0,0
2021-04-03,53.74,0,46.26,1433,5280062,56.78,2983,4840774,52.06,0,0,0,0,0,0
2021-04-04,53.82,0,46.18,9618,5289680,56.88,22832,4863606,52.3,0,0,0,0,0,0
2021-04-05,54.04,0,45.96,10364,5300044,56.99,21276,4884882,52.53,0,0,0,0,0,0
2021-04-06,54.21,0,45.79,9032,5309076,57.09,16794,4901676,52.71,0,0,0,0,0,0
2021-04-07,54.36,0,45.64,8930,5318006,57.19,15312,4916988,52.87,0,0,0,0,0,0
2021-04-08,54.52,0,45.48,9429,5327435,57.29,17017,4934005,53.06,0,0,0,0,0,0
2021-04-09,54.58,0,45.42,3607,5331042,57.33,6259,4940264,53.13,0,0,0,0,0,0
2021-04-10,54.61,0,45.39,1636,5332678,57.34,3520,4943784,53.16,0,0,0,0,0,0
2021-04-11,54.78,0,45.22,9045,5341723,57.44,14249,4958033,53.32,0,0,0,0,0,0
2021-04-12,54.95,0,45.05,8935,5350658,57.54,13235,4971268,53.46,0,0,0,0,0,0
2021-04-13,55.08,0,44.92,5841,5356499,57.6,4960,4976228,53.51,0,0,0,0,0,0
2021-04-14,55.18,0,44.82,3651,5360150,57.64,5311,4981539,53.57,0,0,0,0,0,0
2021-04-15,55.27,0,44.73,697,5360847,57.65,582,4982121,53.58,0,0,0,0,0,0
2021-04-16,55.33,0,44.67,3419,5364266,57.68,6651,4988772,53.65,0,0,0,0,0,0
2021-04-17,55.35,0,44.65,822,5365088,57.69,1972,4990744,53.67,0,0,0,0,0,0
2021-04-18,55.47,0,44.53,7099,5372187,57.77,7433,4998177,53.75,0,0,0,0,0,0
2021-04-19,55.58,0,44.42,6407,5378594,57.84,7134,5005311,53.82,0,0,0,0,0,0
2021-04-20,55.65,0,44.35,6284,5384878,57.91,6887,5012198,53.9,0,0,0,0,0,0
2021-04-21,55.71,0,44.29,6381,5391259,57.97,7112,5019310,53.98,0,0,0,0,0,0
2021-04-22,55.75,0,44.25,5951,5397210,58.04,7690,5027000,54.06,0,0,0,0,0,0
2021-04-23,55.8,0,44.2,2767,5399977,58.07,3391,5030391,54.09,0,0,0,0,0,0
2021-04-24,55.82,0,44.18,767,5400744,58.08,1290,5031681,54.11,0,0,0,0,0,0
2021-04-25,55.89,0,44.11,4828,5405572,58.13,6925,5038606,54.18,0,0,0,0,0,0
2021-04-26,55.96,0,44.04,5479,5411051,58.19,7889,5046495,54.27,0,0,0,0,0,0
2021-04-27,56.03,0,43.97,4507,5415558,58.24,6625,5053120,54.34,0,0,0,0,0,0
2021-04-28,56.09,0,43.91,4501,5420059,58.28,7334,5060454,54.42,0,0,0,0,0,0
2021-04-29,56.16,0,43.84,4376,5424435,58.33,7294,5067748,54.5,0,0,0,0,0,0
2021-04-30,56.19,0,43.81,1924,5426359,58.35,3202,5070950,54.53,0,0,0,0,0,0
2021-05-01,56.2,0,43.8,458,5426817,58.36,895,5071845,54.54,0,0,0,0,0,0
2021-05-02,56.26,0,43.74,3225,5430042,58.39,6092,5077937,54.61,0,0,0,0,0,0
2021-05-03,56.32,0,43.68,3535,5433577,58.43,5835,5083772,54.67,0,0,0,0,0,0
2021-05-04,56.38,0,43.62,3593,5437170,58.47,4736,5088508,54.72,0,0,0,0,0,0
2021-05-05,56.44,0,43.56,3292,5440462,58.5,4093,5092601,54.76,0,0,0,0,0,0
2021-05-06,56.5,0,43.5,3644,5444106,58.54,3143,5095744,54.8,0,0,0,0,0,0
2021-05-07,56.52,0,43.48,1846,5445952,58.56,2509,5098253,54.82,0,0,0,0,0,0
2021-05-08,56.53,0,43.47,242,5446194,58.57,507,5098760,54.83,0,0,0,0,0,0
2021-05-09,56.58,0,43.42,2851,5449045,58.6,4751,5103511,54.88,0,0,0,0,0,0
2021-05-10,56.63,0,43.37,2897,5451942,58.63,4713,5108224,54.93,0,0,0,0,0,0
2021-05-11,56.67,0,43.33,2622,5454564,58.66,3881,5112105,54.97,0,0,0,0,0,0
2021-05-12,56.7,0,43.3,2031,5456595,58.68,3340,5115445,55.01,0,0,0,0,0,0
2021-05-13,56.73,0,43.27,2041,5458636,58.7,3686,5119131,55.05,0,0,0,0,0,0
2021-05-14,56.75,0,43.25,978,5459614,58.71,1494,5120625,55.06,0,0,0,0,0,0
2021-05-15,56.75,0,43.25,257,5459871,58.71,259,5120884,55.07,0,0,0,0,0,0
2021-05-16,56.78,0,43.22,529,5460400,58.72,1206,5122090,55.08,0,0,0,0,0,0
2021-05-17,56.81,0,43.19,301,5460701,58.72,848,5122938,55.09,0,0,0,0,0,0
2021-05-18,56.84,0,43.16,1962,5462663,58.74,4938,5127876,55.14,0,0,0,0,0,0
2021-05-19,56.87,0,43.13,2232,5464895,58.77,5042,5132918,55.2,0,0,0,0,0,0
2021-05-20,56.9,0,43.1,2312,5467207,58.79,3880,5136798,55.24,0,0,0,0,0,0
2021-05-21,56.92,0,43.08,1194,5468401,58.8,1414,5138212,55.25,0,0,0,0,0,0
2021-05-22,56.92,0,43.08,206,5468607,58.81,396,5138608,55.26,0,0,0,0,0,0
2021-05-23,56.94,0,43.06,2272,5470879,58.83,3216,5141824,55.29,0,0,0,0,0,0
2021-05-24,56.96,0,43.04,2139,5473018,58.85,3596,5145420,55.33,0,0,0,0,0,0
2021-05-25,56.99,0,43.01,1822,5474840,58.87,2588,5148008,55.36,0,0,0,0,0,0
2021-05-26,57.03,0,42.97,1410,5476250,58.89,2504,5150512,55.39,0,0,0,0,0,0
2021-05-27,57.06,0,42.94,1865,5478115,58.91,3188,5153700,55.42,0,0,0,0,0,0
2021-05-28,57.07,0,42.93,791,5478906,58.92,1406,5155106,55.44,0,0,0,0,0,0
2021-05-29,57.07,0,42.93,191,5479097,58.92,225,5155331,55.44,0,0,0,0,0,0
2021-05-30,57.1,0,42.9,1644,5480741,58.94,1937,5157268,55.46,0,0,0,0,0,0
2021-05-31,57.13,0,42.87,1739,5482480,58.96,2093,5159361,55.48,0,0,0,0,0,0
2021-06-01,57.47,0,42.53,1385,5483865,58.97,1823,5161184,55.5,0,0,0,0,0,0
2021-06-02,57.25,0,42.75,1514,5485379,58.99,1609,5162793,55.52,0,0,0,0,0,0
2021-06-03,57.27,0,42.73,1685,5487064,59.01,1493,5164286,55.53,0,0,0,0,0,0
2021-06-04,57.28,0,42.72,1101,5488165,59.02,784,5165070,55.54,0,0,0,0,0,0
2021-06-05,57.29,0,42.71,184,5488349,59.02,159,5165229,55.54,0,0,0,0,0,0
2021-06-06,57.31,0,42.69,4293,5492642,59.07,1002,5166231,55.56,0,0,0,0,0,0
2021-06-07,57.34,0,42.66,4438,5497080,59.11,814,5167045,55.56,0,0,0,0,0,0
2021-06-08,57.36,0,42.64,3739,5500819,59.15,1175,5168220,55.58,0,0,0,0,0,0
2021-06-09,57.4,0,42.6,3615,5504434,59.19,1329,5169549,55.59,0,0,0,0,0,0
2021-06-10,57.42,0,42.58,3361,5507795,59.23,1300,5170849,55.6,0,0,0,0,0,0
2021-06-11,57.43,0,42.57,1401,5509196,59.24,590,5171439,55.61,0,0,0,0,0,0
2021-06-12,57.43,0,42.57,220,5509416,59.25,173,5171612,55.61,0,0,0,0,0,0
2021-06-13,57.45,0,42.55,3101,5512517,59.28,1260,5172872,55.63,0,0,0,0,0,0
2021-06-14,57.46,0,42.54,3057,5515574,59.31,1531,5174403,55.64,0,0,0,0,0,0
2021-06-15,57.48,0,42.52,3137,5518711,59.35,1376,5175779,55.66,0,0,0,0,0,0
2021-06-16,57.49,0,42.51,2733,5521444,59.37,1001,5176780,55.67,0,0,0,0,0,0
2021-06-17,57.51,0,42.49,2733,5524177,59.4,1209,5177989,55.68,0,0,0,0,0,0
2021-06-18,57.52,0,42.48,1269,5525446,59.42,506,5178495,55.69,0,0,0,0,0,0
2021-06-19,57.52,0,42.48,242,5525688,59.42,139,5178634,55.69,0,0,0,0,0,0
2021-06-20,57.54,0,42.46,3316,5529004,59.46,1330,5179964,55.7,0,0,0,0,0,0
2021-06-21,57.56,0,42.44,5250,5534254,59.51,1218,5181182,55.72,0,0,0,0,0,0
2021-06-22,57.58,0,42.42,6935,5541189,59.59,1100,5182282,55.73,0,0,0,0,0,0
2021-06-23,57.6,0,42.4,10757,5551946,59.7,1304,5183586,55.74,0,0,0,0,0,0
2021-06-24,57.62,0,42.38,12049,5563995,59.83,1466,5185052,55.76,0,0,0,0,0,0
2021-06-25,57.62,0,42.38,7117,5571112,59.91,944,5185996,55.77,0,0,0,0,0,0
2021-06-26,57.63,0,42.37,2276,5573388,59.93,200,5186196,55.77,0,0,0,0,0,0
2021-06-27,57.65,0,42.35,13631,5587019,60.08,3436,5189632,55.81,0,0,0,0,0,0
2021-06-28,57.68,0,42.32,14518,5601537,60.24,3675,5193307,55.85,0,0,0,0,0,0
2021-06-29,57.69,0,42.31,16710,5618247,60.42,3744,5197051,55.89,0,0,0,0,0,0
2021-06-30,57.72,0,42.28,16485,5634732,60.59,3396,5200447,55.92,0,0,0,0,0,0
2021-07-01,57.78,0,42.22,16837,5651569,60.77,3379,5203826,55.96,121,121,0,0,0,0
2021-07-02,57.79,0,42.21,9836,5661405,60.88,1609,5205435,55.98,7,128,0,0,0,0
2021-07-03,57.79,0,42.21,2677,5664082,60.91,298,5205733,55.98,2,130,0,0,0,0
2021-07-04,57.85,0,42.15,17735,5681817,61.1,3161,5208894,56.01,2,132,0,0,0,0
2021-07-05,57.91,0,42.09,17850,5699667,61.29,3046,5211940,56.05,7,139,0,0,0,0
2021-07-06,57.99,0,42.01,17847,5717514,61.48,3409,5215349,56.08,11,150,0,0,0,0
2021-07-07,58.05,0,41.95,15529,5733043,61.65,2703,5218052,56.11,12,162,0,0,0,0
2021-07-08,58.12,0,41.88,16588,5749631,61.83,2881,5220933,56.14,17,179,0,0,0,0
2021-07-09,58.15,0,41.85,11125,5760756,61.95,1535,5222468,56.16,4,183,0,0,0,0
2021-07-10,58.15,0,41.85,4988,5765744,62,391,5222859,56.16,6,189,0,0,0,0
2021-07-11,58.22,0,41.78,1456,5767200,62.02,2848,5225707,56.19,8,197,0,0,0,0
2021-07-12,58.29,0,41.71,2427,5769627,62.04,3695,5229402,56.23,56,253,0,0,0,0
2021-07-13,58.36,0,41.64,2965,5772592,62.08,5460,5234862,56.29,124,377,0,0,0,0
2021-07-14,58.42,0,41.58,2747,5775339,62.11,7534,5242396,56.37,441,818,0.01,0,0,0
2021-07-15,58.5,0,41.5,3009,5778348,62.14,9301,5251697,56.47,374,1192,0.01,0,0,0
2021-07-16,58.54,0,41.46,1296,5779644,62.15,5898,5257595,56.54,66,1258,0.01,0,0,0
2021-07-17,58.55,0,41.44,371,5780015,62.16,1392,5258987,56.55,8,1266,0.01,0,0,0
2021-07-18,58.6,0,41.4,2074,5782089,62.18,9768,5268755,56.66,235,1501,0.02,0,0,0
2021-07-19,58.65,0,41.35,3211,5785300,62.21,11346,5280101,56.78,461,1962,0.02,0,0,0
2021-07-20,58.72,0,41.28,2688,5787988,62.24,11912,5292013,56.91,373,2335,0.03,0,0,0
2021-07-21,58.81,0,41.19,2408,5790396,62.27,11880,5303893,57.04,325,2660,0.03,0,0,0
2021-07-22,58.93,0,41.07,2876,5793272,62.3,13278,5317171,57.18,391,3051,0.03,0,0,0
2021-07-23,58.99,0,41.01,2036,5795308,62.32,8250,5325421,57.27,106,3157,0.03,0,0,0
2021-07-24,58.99,0,41,643,5795951,62.33,1485,5326906,57.28,7,3164,0.03,0,0,0
2021-07-25,59.1,0,40.89,4416,5800367,62.37,15499,5342405,57.45,223,3387,0.04,0,0,0
2021-07-26,59.24,0,40.75,5172,5805539,62.43,13533,5355938,57.6,325,3712,0.04,0,0,0
2021-07-27,59.37,0.01,40.62,5493,5811032,62.49,13578,5369516,57.74,414,4126,0.04,0,0,0
2021-07-28,59.5,0.01,40.49,3990,5815022,62.53,12345,5381861,57.87,472,4598,0.05,0,0,0
2021-07-29,59.65,0.01,40.33,4665,5819687,62.58,14199,5396060,58.03,532,5130,0.06,0,0,0
2021-07-30,59.74,0.02,40.25,2656,5822343,62.61,10855,5406915,58.14,4122,9252,0.1,0,0,0
2021-07-31,59.75,0.02,40.23,1407,5823750,62.63,3553,5410468,58.18,6159,15411,0.17,0,0,0
2021-08-01,59.91,0.02,40.06,3078,5826828,62.66,3366,5413834,58.22,31047,46458,0.5,0,0,0
2021-08-02,60.06,0.03,39.91,3134,5829962,62.69,3174,5417008,58.25,58514,104972,1.13,0,0,0
2021-08-03,60.21,0.03,39.76,3386,5833348,62.73,3329,5420337,58.29,78953,183925,1.98,0,0,0
2021-08-04,60.34,0.03,39.63,3532,5836880,62.77,3255,5423592,58.32,80764,264689,2.85,0,0,0
2021-08-05,60.49,0.04,39.47,4513,5841393,62.82,3569,5427161,58.36,88442,353131,3.8,0,0,0
2021-08-06,60.6,0.04,39.36,2436,5843829,62.84,1861,5429022,58.38,44744,397875,4.28,0,0,0
2021-08-07,60.63,0.04,39.32,1033,5844862,62.85,700,5429722,58.39,27353,425228,4.57,0,0,0
2021-08-08,60.68,0.04,39.28,4991,5849853,62.91,3082,5432804,58.42,80087,505315,5.43,0,0,0
2021-08-09,60.72,0.04,39.24,5340,5855193,62.96,3062,5435866,58.45,76489,581804,6.26,0,0,0
2021-08-10,60.75,0.04,39.2,5552,5860745,63.02,3204,5439070,58.49,75427,657231,7.07,0,0,0
2021-08-11,60.79,0.04,39.17,5695,5866440,63.08,2947,5442017,58.52,62641,719872,7.74,0,0,0
2021-08-12,60.83,0.04,39.12,7039,5873479,63.16,3289,5445306,58.56,59462,779334,8.38,0,0,0
2021-08-13,60.84,0.05,39.11,3821,5877300,63.2,2074,5447380,58.58,43870,823204,8.85,0,0,0
2021-08-14,60.85,0.05,39.1,2253,5879553,63.23,852,5448232,58.59,44486,867690,9.33,0,0,0
2021-08-15,60.89,0.05,39.06,7144,5886697,63.3,4530,5452762,58.64,97984,965674,10.38,0,0,0
2021-08-16,60.92,0.04,39.03,6991,5893688,63.38,4748,5457510,58.69,89521,1055195,11.35,0,0,0
2021-08-17,60.96,0.04,39,7572,5901260,63.46,5138,5462648,58.74,83320,1138515,12.24,0,0,0
2021-08-18,60.99,0.04,38.96,8643,5909903,63.55,4603,5467251,58.79,69267,1207782,12.99,0,0,0
2021-08-19,61.03,0.04,38.92,10081,5919984,63.66,5217,5472468,58.85,65975,1273757,13.7,0,0,0
2021-08-20,61.05,0.05,38.9,4768,5924752,63.71,2827,5475295,58.88,60453,1334210,14.35,0,0,0
2021-08-21,61.06,0.05,38.89,3499,5928251,63.75,1580,5476875,58.9,50725,1384935,14.89,0,0,0
2021-08-22,61.12,0.04,38.84,9823,5938074,63.86,4808,5481683,58.95,105108,1490043,16.02,0,0,0
2021-08-23,61.17,0.04,38.79,10924,5948998,63.97,4448,5486131,59,94032,1584075,17.03,0,0,0
2021-08-24,61.23,0.04,38.73,11721,5960719,64.1,4703,5490834,59.05,98552,1682627,18.09,0,0,0
2021-08-25,61.29,0.04,38.67,9612,5970331,64.2,4485,5495319,59.09,99554,1782181,19.16,0,0,0
2021-08-26,61.36,0.03,38.61,10110,5980441,64.31,5058,5500377,59.15,101230,1883411,20.25,0,0,0
2021-08-27,61.35,0.04,38.61,4325,5984766,64.36,2788,5503165,59.18,56695,1940106,20.86,0,0,0
2021-08-28,61.4,0.04,38.57,3702,5988468,64.4,1499,5504664,59.19,33539,1973645,21.22,0,0,0
2021-08-29,61.46,0.03,38.5,10321,5998789,64.51,5932,5510596,59.26,79549,2053194,22.08,0,0,0
2021-08-30,61.53,0.03,38.44,12334,6011123,64.64,7016,5517612,59.33,116009,2169203,23.33,0,0,0
2021-08-31,61.6,0.03,38.37,12077,6023200,64.77,6528,5524140,59.4,114877,2284080,24.56,0,0,0
2021-09-01,61.43,0.03,38.54,9033,6032233,64.87,6042,5530182,59.47,112492,2396572,25.77,0,0,0
2021-09-02,61.49,0.03,38.48,8785,6041018,64.96,7182,5537364,59.55,111543,2508115,26.97,0,0,0
2021-09-03,61.56,0.03,38.42,3750,6044768,65,4116,5541480,59.59,58885,2567000,27.6,0,0,0
2021-09-04,61.59,0.03,38.38,2691,6047459,65.03,2022,5543502,59.61,29951,2596951,27.93,0,0,0
2021-09-05,61.68,0.03,38.29,6991,6054450,65.11,6460,5549962,59.68,73326,2670277,28.71,0,0,0
2021-09-06,61.77,0.03,38.2,2836,6057286,65.14,2716,5552678,59.71,22798,2693075,28.96,0,0,0
2021-09-07,61.85,0.03,38.12,1201,6058487,65.15,879,5553557,59.72,5398,2698473,29.02,0,0,0
2021-09-08,61.93,0.03,38.05,1380,6059867,65.16,1196,5554753,59.73,6621,2705094,29.09,0,0,0
2021-09-09,62.02,0.03,37.95,7090,6066957,65.24,12574,5567327,59.87,73845,2778939,29.88,0,0,0
2021-09-10,62.06,0.03,37.91,3258,6070215,65.28,5016,5572343,59.92,37937,2816876,30.29,0,0,0
2021-09-11,62.08,0.03,37.89,2109,6072324,65.3,2507,5574850,59.95,14816,2831692,30.45,0,0,0
2021-09-12,62.16,0.03,37.81,6106,6078430,65.36,8588,5583438,60.04,54136,2885828,31.03,0,0,0
2021-09-13,62.15,0.03,37.82,5612,6084042,65.42,8263,5591701,60.13,47982,2933810,31.55,0,0,0
2021-09-14,62.2,0.03,37.77,4962,6089004,65.48,7423,5599124,60.21,48855,2982665,32.07,0,0,0
2021-09-15,62.25,0.03,37.72,1750,6090754,65.5,2717,5601841,60.24,16687,2999352,32.25,0,0,0
2021-09-16,62.37,0.03,37.6,343,6091097,65.5,549,5602390,60.25,1740,3001092,32.27,0,0,0
2021-09-17,62.42,0.03,37.54,3682,6094779,65.54,7021,5609411,60.32,42905,3043997,32.73,0,0,0
2021-09-18,62.45,0.03,37.52,2258,6097037,65.56,2945,5612356,60.35,12783,3056780,32.87,0,0,0
2021-09-19,62.55,0.03,37.42,5942,6102979,65.63,10710,5623066,60.47,44332,3101112,33.35,0,0,0
2021-09-20,62.63,0.03,37.34,3246,6106225,65.66,4646,5627712,60.52,16708,3117820,33.53,0,0,0
2021-09-21,62.69,0.03,37.28,1340,6107565,65.68,2063,5629775,60.54,3477,3121297,33.56,0,0,0
2021-09-22,62.72,0.03,37.25,4258,6111823,65.72,7250,5637025,60.62,25072,3146369,33.83,0,0,0
2021-09-23,62.75,0.03,37.22,4390,6116213,65.77,5914,5642939,60.68,27834,3174203,34.13,0,0,0
2021-09-24,62.82,0.03,37.15,3202,6119415,65.81,4185,5647124,60.73,27723,3201926,34.43,0,0,0
2021-09-25,62.85,0.03,37.12,2079,6121494,65.83,2262,5649386,60.75,10443,3212369,34.54,0,0,0
2021-09-26,62.96,0.03,37,5603,6127097,65.89,5973,5655359,60.81,36271,3248640,34.93,0,0,0
2021-09-27,63.02,0.03,36.94,4695,6131792,65.94,4469,5659828,60.86,30455,3279095,35.26,0,0,0
2021-09-28,63.06,0.04,36.91,1472,6133264,65.95,1183,5661011,60.88,6249,3285344,35.33,0,0,0
2021-09-29,63.13,0.03,36.84,9621,6142885,66.06,8348,5669359,60.97,60325,3345669,35.98,0,0,0
2021-09-30,63.18,0.03,36.79,10973,6153858,66.18,8576,5677935,61.06,79702,3425371,36.83,0,0,0
2021-10-01,63.23,0.03,36.73,5126,6158984,66.23,3875,5681810,61.1,46545,3471916,37.34,0,0,0
2021-10-02,63.26,0.03,36.71,2865,6161849,66.26,2127,5683937,61.12,22432,3494348,37.58,0,0,0
2021-10-03,63.35,0.03,36.62,11667,6173516,66.39,7276,5691213,61.2,70726,3565074,38.34,0,0,0
2021-10-04,63.4,0.03,36.57,10320,6183836,66.5,6759,5697972,61.27,51910,3616984,38.9,0,0,0
2021-10-05,63.41,0.03,36.55,8461,6192297,66.59,5314,5703286,61.33,40479,3657463,39.33,0,0,0
2021-10-06,63.52,0.03,36.45,7543,6199840,66.67,4183,5707469,61.38,34148,3691611,39.7,0,0,0
2021-10-07,63.63,0.03,36.34,6891,6206731,66.74,4009,5711478,61.42,34068,3725679,40.06,0,0,0
2021-10-08,63.68,0.03,36.29,3086,6209817,66.78,2643,5714121,61.45,19250,3744929,40.27,0,0,0
2021-10-09,63.71,0.03,36.26,1340,6211157,66.79,1443,5715564,61.46,7441,3752370,40.35,0,0,0
2021-10-10,63.82,0.04,36.14,4676,6215833,66.84,3747,5719311,61.5,21519,3773889,40.58,0,0,0
2021-10-11,63.91,0.04,36.05,4299,6220132,66.89,2944,5722255,61.53,17268,3791157,40.77,0,0,0
2021-10-12,63.99,0.05,35.96,3976,6224108,66.93,3005,5725260,61.57,15356,3806513,40.93,0,0,0
2021-10-13,64.09,0.05,35.86,3487,6227595,66.97,2451,5727711,61.59,13587,3820100,41.08,0,0,0
2021-10-14,64.19,0.06,35.75,3869,6231464,67.01,2685,5730396,61.62,16567,3836667,41.26,0,0,0
2021-10-15,64.23,0.07,35.7,1703,6233167,67.03,1683,5732079,61.64,9011,3845678,41.35,0,0,0
2021-10-16,64.25,0.08,35.67,727,6233894,67.04,956,5733035,61.65,4035,3849713,41.4,0,0,0
2021-10-17,64.36,0.09,35.56,3090,6236984,67.07,2525,5735560,61.68,12798,3862511,41.54,0,0,0
2021-10-18,64.43,0.1,35.47,2460,6239444,67.1,1690,5737250,61.7,10069,3872580,41.64,0,0,0
2021-10-19,64.49,0.1,35.4,2397,6241841,67.12,1284,5738534,61.71,9294,3881874,41.74,0,0,0
2021-10-20,64.14,0.52,35.34,2435,6244276,67.15,2305,5740839,61.73,10102,3891976,41.85,0,0,0
2021-10-21,54.23,10.41,35.36,3034,6247310,67.18,3097,5743936,61.77,12163,3904139,41.98,0,0,0
2021-10-22,54.36,10.26,35.38,1279,6248589,67.19,1437,5745373,61.78,5839,3909978,42.05,0,0,0
2021-10-23,54.42,10.19,35.39,574,6249163,67.2,1266,5746639,61.8,2564,3912542,42.07,0,0,0
2021-10-24,54.22,10.43,35.35,2516,6251679,67.23,2653,5749292,61.83,9855,3922397,42.18,0,0,0
2021-10-25,54.59,10.22,35.19,2638,6254317,67.26,2752,5752044,61.85,8510,3930907,42.27,0,0,0
2021-10-26,54.64,10.26,35.1,2381,6256698,67.28,2058,5754102,61.88,8526,3939433,42.36,0,0,0
2021-10-27,54.58,10.37,35.06,2289,6258987,67.31,2566,5756668,61.9,7957,3947390,42.45,0,0,0
2021-10-28,54.69,10.76,34.55,2503,6261490,67.33,2780,5759448,61.93,8673,3956063,42.54,0,0,0
2021-10-29,54.73,10.75,34.52,900,6262390,67.34,1153,5760601,61.95,4138,3960201,42.59,0,0,0
2021-10-30,54.68,10.81,34.52,366,6262756,67.35,530,5761131,61.95,1712,3961913,42.6,0,0,0
2021-10-31,54.83,10.7,34.47,2260,6265016,67.37,2495,5763626,61.98,8255,3970168,42.69,0,0,0
2021-11-01,54.95,10.63,34.42,1738,6266754,67.39,2093,5765719,62,6479,3976647,42.76,0,0,0
2021-11-02,54.89,10.69,34.42,2026,6268780,67.41,2047,5767766,62.02,6296,3982943,42.83,0,0,0
2021-11-03,54.86,10.75,34.39,1763,6270543,67.43,1897,5769663,62.04,5556,3988499,42.89,0,0,0
2021-11-04,54.85,10.81,34.33,2111,6272654,67.45,2802,5772465,62.07,7130,3995629,42.97,0,0,0
2021-11-05,54.85,10.83,34.32,790,6273444,67.46,905,5773370,62.08,3487,3999116,43,0,0,0
2021-11-06,54.82,10.86,34.32,347,6273791,67.47,388,5773758,62.09,1373,4000489,43.02,0,0,0
2021-11-07,54.92,10.8,34.28,1578,6275369,67.48,1769,5775527,62.11,6134,4006623,43.09,0,0,0
2021-11-08,55.01,10.75,34.24,1519,6276888,67.5,1603,5777130,62.12,5405,4012028,43.14,0,0,0
2021-11-09,55.05,10.74,34.21,1428,6278316,67.51,1611,5778741,62.14,5331,4017359,43.2,0,0,0
2021-11-10,55.08,10.73,34.19,1424,6279740,67.53,1661,5780402,62.16,4778,4022137,43.25,0,0,0
2021-11-11,55.15,10.69,34.15,1627,6281367,67.55,1947,5782349,62.18,5717,4027854,43.31,0,0,0
2021-11-12,55.17,10.69,34.14,635,6282002,67.55,826,5783175,62.19,2923,4030777,43.34,0,0,0
2021-11-13,55.14,10.72,34.14,257,6282259,67.56,290,5783465,62.19,1130,4031907,43.36,0,0,0
2021-11-14,55.21,10.68,34.11,1536,6283795,67.57,1639,5785104,62.21,5111,4037018,43.41,0,0,0
2021-11-15,55.28,10.63,34.09,1275,6285070,67.59,1626,5786730,62.23,4770,4041788,43.46,0,0,0
2021-11-16,55.32,10.62,34.07,1275,6286345,67.6,1417,5788147,62.24,4349,4046137,43.51,0,0,0
2021-11-17,55.35,10.6,34.05,1208,6287553,67.61,1565,5789712,62.26,3915,4050052,43.55,0,0,0
2021-11-18,55.41,10.58,34.02,1364,6288917,67.63,1692,5791404,62.28,5011,4055063,43.61,0,0,0
2021-11-19,55.42,10.57,34.01,588,6289505,67.63,763,5792167,62.29,2460,4057523,43.63,0,0,0
2021-11-20,55.41,10.58,34,238,6289743,67.64,258,5792425,62.29,929,4058452,43.64,0,0,0
2021-11-21,55.47,10.54,33.98,1409,6291152,67.65,1541,5793966,62.31,4881,4063333,43.7,0,0,0
2021-11-22,55.54,10.5,33.96,1680,6292832,67.67,1522,5795488,62.32,4239,4067572,43.74,0,0,0
2021-11-23,55.57,10.48,33.95,8622,6301454,67.76,1688,5797176,62.34,4010,4071582,43.78,0,0,0
2021-11-24,55.6,10.44,33.95,9349,6310803,67.86,1318,5798494,62.35,3923,4075505,43.83,0,0,0
2021-11-25,55.64,10.43,33.93,9812,6320615,67.97,1600,5800094,62.37,4841,4080346,43.88,0,0,0
2021-11-26,55.63,10.45,33.92,5610,6326225,68.03,748,5800842,62.38,2803,4083149,43.91,0,0,0
2021-11-27,55.62,10.46,33.92,4779,6331004,68.08,323,5801165,62.38,1164,4084313,43.92,0,0,0
2021-11-28,55.67,10.43,33.9,10152,6341156,68.19,1479,5802644,62.4,4904,4089217,43.97,0,0,0
2021-11-29,55.73,10.39,33.88,9043,6350199,68.29,1134,5803778,62.41,4376,4093593,44.02,0,0,0
2021-11-30,55.77,10.37,33.86,10044,6360243,68.39,1035,5804813,62.42,4084,4097677,44.06,0,0,0
2021-12-01,55.79,10.36,33.84,8632,6368875,68.49,1097,5805910,62.43,4444,4102121,44.11,6,6,0
2021-12-02,55.84,10.34,33.82,9177,6378052,68.59,1454,5807364,62.45,5125,4107246,44.17,6,12,0
2021-12-03,55.86,10.33,33.81,6333,6384385,68.65,673,5808037,62.46,2868,4110114,44.2,1,13,0
2021-12-04,55.85,10.34,33.81,2509,6386894,68.68,237,5808274,62.46,924,4111038,44.21,3,16,0
2021-12-05,55.9,10.31,33.79,8335,6395229,68.77,1254,5809528,62.47,4683,4115721,44.26,1,17,0
2021-12-06,55.95,10.27,33.78,6723,6401952,68.84,1200,5810728,62.49,4351,4120072,44.31,4,21,0
2021-12-07,55.99,10.25,33.76,5553,6407505,68.9,1504,5812232,62.5,3965,4124037,44.35,9,30,0
2021-12-08,56.03,10.22,33.75,4936,6412441,68.96,1199,5813431,62.51,3883,4127920,44.39,10,40,0
2021-12-09,56.08,10.19,33.73,6239,6418680,69.02,1241,5814672,62.53,4508,4132428,44.44,8,48,0
2021-12-10,56.1,10.18,33.72,3006,6421686,69.06,703,5815375,62.54,2687,4135115,44.47,4,52,0
2021-12-11,56.1,10.18,33.71,1491,6423177,69.07,254,5815629,62.54,1018,4136133,44.48,0,52,0
2021-12-12,56.16,10.15,33.69,7274,6430451,69.15,1444,5817073,62.55,5248,4141381,44.53,3,55,0
2021-12-13,56.21,10.11,33.67,6182,6436633,69.22,1377,5818450,62.57,4350,4145731,44.58,5,60,0
2021-12-14,56.27,10.09,33.65,7317,6443950,69.3,6101,5824551,62.63,4940,4150671,44.63,12,72,0
2021-12-15,56.34,10.06,33.6,7204,6451154,69.37,7405,5831956,62.71,5445,4156116,44.69,7,79,0
2021-12-16,56.53,10.05,33.42,8079,6459233,69.46,8613,5840569,62.81,6564,4162680,44.76,8,87,0
2021-12-17,56.64,10.05,33.3,4406,6463639,69.51,5140,5845709,62.86,3954,4166634,44.81,3,90,0
2021-12-18,56.73,10.07,33.2,3941,6467580,69.55,2914,5848623,62.89,1360,4167994,44.82,2,92,0
2021-12-19,56.92,10.04,33.04,6977,6474557,69.62,9332,5857955,62.99,6275,4174269,44.89,6,98,0
2021-12-20,57.07,10.02,32.91,7972,6482529,69.71,7518,5865473,63.07,5445,4179714,44.95,9,107,0
2021-12-21,57.27,10.01,32.71,9549,6492078,69.81,8649,5874122,63.17,6491,4186205,45.02,8,115,0
2021-12-22,57.49,10,32.52,9664,6501742,69.92,8155,5882277,63.26,6251,4192456,45.08,12,127,0
2021-12-23,57.7,9.97,32.33,11539,6513281,70.04,10264,5892541,63.37,8160,4200616,45.17,16,143,0
2021-12-24,57.83,9.96,32.21,5873,6519154,70.1,6242,5898783,63.43,5281,4205897,45.23,12,155,0
2021-12-25,57.9,9.96,32.15,3338,6522492,70.14,2566,5901349,63.46,2021,4207918,45.25,6,161,0
2021-12-26,58.1,9.92,31.98,10653,6533145,70.25,8910,5910259,63.56,8201,4216119,45.34,8,169,0
2021-12-27,58.27,9.9,31.83,10371,6543516,70.37,7145,5917404,63.63,8187,4224306,45.43,21,190,0
2021-12-28,58.46,9.88,31.66,11375,6554891,70.49,7452,5924856,63.71,9642,4233948,45.53,24,214,0
2021-12-29,58.64,9.85,31.51,9933,6564824,70.59,5963,5930819,63.78,8375,4242323,45.62,21,235,0
2021-12-30,58.84,9.82,31.34,11011,6575835,70.71,7735,5938554,63.86,12241,4254564,45.75,10,245,0
2021-12-31,58.9,9.79,31.3,4829,6580664,70.77,3672,5942226,63.9,7296,4261860,45.83,135,380,0
2022-01-01,58.93,9.79,31.28,1993,6582657,70.79,1591,5943817,63.92,2742,4264602,45.86,66,446,0
2022-01-02,59.14,9.76,31.1,10217,6592874,70.9,6487,5950304,63.99,13002,4277604,46,590,1036,0.01
2022-01-03,59.29,9.71,31,9384,6602258,71,5258,5955562,64.04,11341,4288945,46.12,25054,26090,0.28
2022-01-04,59.46,9.68,30.86,8966,6611224,71.09,5950,5961512,64.11,10526,4299471,46.23,50659,76749,0.83
2022-01-05,59.56,9.65,30.79,8553,6619777,71.19,5739,5967251,64.17,10494,4309965,46.35,59590,136339,1.47
2022-01-06,59.81,9.63,30.56,10339,6630116,71.3,7959,5975210,64.25,13530,4323495,46.49,64001,200340,2.15
2022-01-07,59.89,9.61,30.49,4760,6634876,71.35,4556,5979766,64.3,8166,4331661,46.58,31135,231475,2.49
2022-01-08,59.9,9.64,30.46,2750,6637626,71.38,2451,5982217,64.33,5502,4337163,46.64,27631,259106,2.79
2022-01-09,60.06,9.59,30.35,9306,6646932,71.48,7722,5989939,64.41,11869,4349032,46.77,66765,325871,3.5
2022-01-10,60.21,9.54,30.25,8349,6655281,71.57,7646,5997585,64.5,11882,4360914,46.9,64775,390646,4.2
2022-01-11,60.38,9.49,30.13,8100,6663381,71.65,8621,6006206,64.59,11972,4372886,47.02,56657,447303,4.81
2022-01-12,60.51,9.45,30.04,7277,6670658,71.73,8303,6014509,64.68,11114,4384000,47.14,44631,491934,5.29
2022-01-13,60.7,9.35,29.94,7509,6678167,71.81,9617,6024126,64.78,11543,4395543,47.27,34767,526701,5.66
2022-01-14,60.79,9.31,29.9,2555,6680722,71.84,4935,6029061,64.83,6144,4401687,47.33,11141,537842,5.78
2022-01-15,60.83,9.29,29.87,1469,6682191,71.86,3170,6032231,64.87,3884,4405571,47.38,5716,543558,5.85
2022-01-16,60.97,9.2,29.82,3818,6686009,71.9,8526,6040757,64.96,7682,4413253,47.46,19992,563550,6.06
2022-01-17,61.09,9.13,29.78,2808,6688817,71.93,7047,6047804,65.04,6171,4419424,47.52,17833,581383,6.25
2022-01-18,61.23,9.07,29.7,2475,6691292,71.95,7386,6055190,65.11,5534,4424958,47.58,14817,596200,6.41
2022-01-19,61.37,8.98,29.65,1915,6693207,71.98,6369,6061559,65.18,4521,4429479,47.63,8461,604661,6.5
2022-01-20,61.44,8.85,29.71,1778,6694985,71.99,6969,6068528,65.26,4793,4434272,47.68,8041,612702,6.59
2022-01-21,61.51,8.81,29.68,905,6695890,72,3725,6072253,65.3,2646,4436918,47.71,3358,616060,6.62
2022-01-22,61.51,8.75,29.74,328,6696218,72.01,1461,6073714,65.31,1066,4437984,47.72,1113,617173,6.64
2022-01-23,61.61,8.7,29.69,1068,6697286,72.02,5632,6079346,65.37,2879,4440863,47.75,6083,623256,6.7
2022-01-24,61.73,8.62,29.65,759,6698045,72.03,4480,6083826,65.42,2268,4443131,47.78,5055,628311,6.76
2022-01-25,61.9,8.51,29.59,744,6698789,72.04,4401,6088227,65.47,2184,4445315,47.8,7102,635413,6.83
2022-01-26,62.02,8.42,29.57,615,6699404,72.04,3285,6091512,65.51,1612,4446927,47.82,4262,639675,6.88
2022-01-27,62.12,8.35,29.52,798,6700202,72.05,4406,6095918,65.55,2005,4448932,47.84,5441,645116,6.94
2022-01-28,62.16,8.33,29.5,395,6700597,72.05,2376,6098294,65.58,1181,4450113,47.85,3452,648568,6.97
2022-01-29,62.23,8.29,29.48,124,6700721,72.06,1046,6099340,65.59,424,4450537,47.86,1162,649730,6.99
2022-01-30,62.3,8.24,29.46,769,6701490,72.06,4719,6104059,65.64,2020,4452557,47.88,8099,657829,7.07
2022-01-31,62.39,8.17,29.43,528,6702018,72.07,3184,6107243,65.67,1610,4454167,47.9,6472,664301,7.14
2022-02-01,62.45,8.15,29.4,481,6702499,72.08,2808,6110051,65.7,1526,4455693,47.91,5721,670022,7.21
2022-02-02,62.28,8.13,29.59,375,6702874,72.08,2395,6112446,65.73,1385,4457078,47.93,5074,675096,7.26
2022-02-03,62.34,8.08,29.57,446,6703320,72.08,2776,6115222,65.76,1462,4458540,47.94,5607,680703,7.32
2022-02-04,62.37,8.06,29.57,174,6703494,72.09,991,6116213,65.77,757,4459297,47.95,2455,683158,7.35
2022-02-05,62.34,8.09,29.56,62,6703556,72.09,342,6116555,65.77,221,4459518,47.96,420,683578,7.35
2022-02-06,62.41,8.05,29.55,407,6703963,72.09,2320,6118875,65.8,1343,4460861,47.97,5686,689264,7.41
2022-02-07,62.47,8.01,29.52,282,6704245,72.09,1308,6120183,65.81,983,4461844,47.98,5960,695224,7.48
2022-02-08,62.54,7.97,29.49,317,6704562,72.1,1498,6121681,65.83,1068,4462912,47.99,6137,701361,7.54
2022-02-09,62.6,7.95,29.45,254,6704816,72.1,1102,6122783,65.84,946,4463858,48,4570,705931,7.59
2022-02-10,62.63,7.93,29.44,273,6705089,72.1,1293,6124076,65.86,936,4464794,48.01,4815,710746,7.64
2022-02-11,62.67,7.91,29.42,211,6705300,72.11,557,6124633,65.86,518,4465312,48.02,2540,713286,7.67
2022-02-12,62.67,7.91,29.41,32,6705332,72.11,90,6124723,65.86,135,4465447,48.02,269,713555,7.67
2022-02-13,62.73,7.87,29.39,286,6705618,72.11,946,6125669,65.87,966,4466413,48.03,4998,718553,7.73
2022-02-14,62.89,7.74,29.36,180,6705798,72.11,627,6126296,65.88,760,4467173,48.04,3142,721695,7.76
2022-02-15,62.92,7.73,29.35,266,6706064,72.11,763,6127059,65.89,936,4468109,48.05,3819,725514,7.8
2022-02-16,62.95,7.72,29.34,179,6706243,72.12,577,6127636,65.89,803,4468912,48.06,2488,728002,7.83
2022-02-17,62.96,7.7,29.34,247,6706490,72.12,740,6128376,65.9,775,4469687,48.06,3061,731063,7.86
2022-02-18,62.98,7.69,29.33,130,6706620,72.12,343,6128719,65.91,439,4470126,48.07,1119,732182,7.87
2022-02-19,62.99,7.69,29.32,33,6706653,72.12,84,6128803,65.91,82,4470208,48.07,80,732262,7.87
2022-02-20,63.01,7.67,29.32,204,6706857,72.12,604,6129407,65.91,723,4470931,48.08,2574,734836,7.9
2022-02-21,63.04,7.65,29.31,173,6707030,72.12,413,6129820,65.92,489,4471420,48.08,1542,736378,7.92
2022-02-22,63.05,7.65,29.3,158,6707188,72.13,454,6130274,65.92,570,4471990,48.09,1871,738249,7.94
2022-02-23,63.06,7.65,29.29,109,6707297,72.13,353,6130627,65.93,453,4472443,48.09,1153,739402,7.95
2022-02-24,63.05,7.66,29.29,138,6707435,72.13,463,6131090,65.93,568,4473011,48.1,1493,740895,7.97
2022-02-25,63.06,7.66,29.28,59,6707494,72.13,144,6131234,65.93,192,4473203,48.1,456,741351,7.97
2022-02-26,63.05,7.67,29.28,17,6707511,72.13,28,6131262,65.93,161,4473364,48.1,35,741386,7.97
2022-02-27,63.05,7.67,29.28,112,6707623,72.13,341,6131603,65.94,448,4473812,48.11,1119,742505,7.98
2022-02-28,63.07,7.65,29.28,108,6707731,72.13,271,6131874,65.94,424,4474236,48.11,907,743412,7.99
2022-03-01,63.1,7.63,29.27,95,6707826,72.13,280,6132154,65.94,373,4474609,48.12,797,744209,8
2022-03-02,63.11,7.62,29.27,77,6707903,72.13,199,6132353,65.94,324,4474933,48.12,697,744906,8.01
2022-03-03,63.05,7.67,29.27,157,6708060,72.14,371,6132724,65.95,498,4475431,48.13,987,745893,8.02
2022-03-04,63.05,7.68,29.27,53,6708113,72.14,170,6132894,65.95,170,4475601,48.13,228,746121,8.02
2022-03-05,63.04,7.69,29.27,4,6708117,72.14,25,6132919,65.95,43,4475644,48.13,32,746153,8.02
2022-03-06,63.04,7.69,29.27,97,6708214,72.14,258,6133177,65.95,418,4476062,48.13,760,746913,8.03
2022-03-07,63.05,7.69,29.26,87,6708301,72.14,260,6133437,65.96,354,4476416,48.14,604,747517,8.04
2022-03-08,63.04,7.7,29.26,99,6708400,72.14,263,6133700,65.96,333,4476749,48.14,550,748067,8.04
2022-03-09,63.02,7.72,29.25,89,6708489,72.14,213,6133913,65.96,337,4477086,48.14,492,748559,8.05
2022-03-10,63.01,7.74,29.25,115,6708604,72.14,375,6134288,65.97,428,4477514,48.15,620,749179,8.06
2022-03-11,63,7.75,29.25,24,6708628,72.14,86,6134374,65.97,123,4477637,48.15,144,749323,8.06
2022-03-12,62.98,7.77,29.24,11,6708639,72.14,12,6134386,65.97,34,4477671,48.15,28,749351,8.06
2022-03-13,62.98,7.78,29.24,100,6708739,72.14,271,6134657,65.97,358,4478029,48.15,595,749946,8.06
2022-03-14,62.98,7.78,29.24,65,6708804,72.14,254,6134911,65.97,316,4478345,48.16,559,750505,8.07
2022-03-15,62.95,7.81,29.24,79,6708883,72.14,185,6135096,65.97,293,4478638,48.16,591,751096,8.08
2022-03-16,62.94,7.82,29.24,77,6708960,72.14,205,6135301,65.98,305,4478943,48.16,668,751764,8.08
2022-03-17,62.94,7.82,29.24,65,6709025,72.15,122,6135423,65.98,286,4479229,48.17,613,752377,8.09
2022-03-18,62.94,7.82,29.24,20,6709045,72.15,54,6135477,65.98,100,4479329,48.17,234,752611,8.09
2022-03-19,62.89,7.88,29.23,6,6709051,72.15,11,6135488,65.98,28,4479357,48.17,39,752650,8.09
2022-03-20,62.87,7.89,29.23,119,6709170,72.15,260,6135748,65.98,486,4479843,48.17,1431,754081,8.11
2022-03-21,62.87,7.9,29.23,97,6709267,72.15,247,6135995,65.98,379,4480222,48.18,1132,755213,8.12
2022-03-22,62.84,7.94,29.23,141,6709408,72.15,342,6136337,65.99,508,4480730,48.18,1770,756983,8.14
2022-03-23,62.81,7.97,29.22,108,6709516,72.15,212,6136549,65.99,463,4481193,48.19,1677,758660,8.16
2022-03-24,62.78,8,29.22,174,6709690,72.15,345,6136894,65.99,769,4481962,48.2,2362,761022,8.18
2022-03-25,62.78,8,29.23,39,6709729,72.15,82,6136976,65.99,159,4482121,48.2,629,761651,8.19
2022-03-26,62.77,8,29.22,12,6709741,72.15,13,6136989,65.99,34,4482155,48.2,91,761742,8.19
2022-03-27,62.75,8.02,29.22,167,6709908,72.16,344,6137333,66,758,4482913,48.21,3193,764935,8.23
2022-03-28,62.75,8.03,29.22,113,6710021,72.16,270,6137603,66,623,4483536,48.21,2416,767351,8.25
2022-03-29,62.7,8.07,29.22,125,6710146,72.16,258,6137861,66,641,4484177,48.22,2772,770123,8.28
2022-03-30,62.81,8.11,29.07,132,6710278,72.16,207,6138068,66.01,539,4484716,48.23,2370,772493,8.31
2022-03-31,62.79,8.11,29.1,166,6710444,72.16,302,6138370,66.01,730,4485446,48.23,2853,775346,8.34
2022-04-01,62.72,8.13,29.15,122,6710566,72.16,162,6138532,66.01,277,4485723,48.24,585,775931,8.34
2022-04-02,62.69,8.15,29.16,7,6710573,72.16,7,6138539,66.01,37,4485760,48.24,52,775983,8.34
2022-04-03,62.65,8.16,29.19,159,6710732,72.16,270,6138809,66.01,569,4486329,48.24,2478,778461,8.37
2022-04-04,62.62,8.16,29.22,103,6710835,72.17,207,6139016,66.02,484,4486813,48.25,2224,780685,8.4
2022-04-05,62.57,8.19,29.25,122,6710957,72.17,219,6139235,66.02,513,4487326,48.25,2242,782927,8.42
2022-04-06,62.55,8.2,29.25,91,6711048,72.17,156,6139391,66.02,382,4487708,48.26,2023,784950,8.44
2022-04-07,62.56,8.2,29.24,191,6711239,72.17,215,6139606,66.02,641,4488349,48.27,2556,787506,8.47
2022-04-08,62.54,8.22,29.23,30,6711269,72.17,61,6139667,66.02,153,4488502,48.27,482,787988,8.47
2022-04-09,62.52,8.25,29.23,6,6711275,72.17,17,6139684,66.02,28,4488530,48.27,47,788035,8.47
2022-04-10,62.51,8.26,29.23,103,6711378,72.17,264,6139948,66.03,429,4488959,48.27,1845,789880,8.49
2022-04-11,62.54,8.26,29.2,78,6711456,72.17,201,6140149,66.03,371,4489330,48.28,1425,791305,8.51
2022-04-12,62.58,8.29,29.12,204,6711660,72.17,168,6140317,66.03,375,4489705,48.28,1360,792665,8.52
2022-04-13,62.58,8.31,29.1,117,6711777,72.18,150,6140467,66.03,298,4490003,48.28,1218,793883,8.54
2022-04-14,62.57,8.33,29.1,85,6711862,72.18,221,6140688,66.03,320,4490323,48.29,1069,794952,8.55
2022-04-15,62.55,8.35,29.1,9,6711871,72.18,51,6140739,66.03,48,4490371,48.29,82,795034,8.55
2022-04-16,62.53,8.37,29.1,3,6711874,72.18,8,6140747,66.03,21,4490392,48.29,29,795063,8.55
2022-04-17,62.52,8.38,29.1,62,6711936,72.18,131,6140878,66.04,229,4490621,48.29,807,795870,8.56
2022-04-18,62.51,8.38,29.1,69,6712005,72.18,109,6140987,66.04,252,4490873,48.29,750,796620,8.57
2022-04-19,62.5,8.4,29.1,62,6712067,72.18,145,6141132,66.04,273,4491146,48.3,842,797462,8.58
2022-04-20,62.48,8.42,29.1,60,6712127,72.18,117,6141249,66.04,235,4491381,48.3,656,798118,8.58
2022-04-21,62.47,8.43,29.1,53,6712180,72.18,109,6141358,66.04,197,4491578,48.3,479,798597,8.59
2022-04-22,62.45,8.44,29.11,3,6712183,72.18,17,6141375,66.04,19,4491597,48.3,19,798616,8.59
2022-04-23,62.43,8.46,29.11,6,6712189,72.18,9,6141384,66.04,16,4491613,48.3,13,798629,8.59
2022-04-24,62.43,8.47,29.1,92,6712281,72.18,250,6141634,66.04,329,4491942,48.3,872,799501,8.6
2022-04-25,62.43,8.47,29.1,105,6712386,72.18,191,6141825,66.05,316,4492258,48.31,739,800240,8.61
2022-04-26,62.42,8.48,29.1,76,6712462,72.18,175,6142000,66.05,304,4492562,48.31,787,801027,8.61
2022-04-27,62.41,8.49,29.1,54,6712516,72.18,160,6142160,66.05,227,4492789,48.31,640,801667,8.62
2022-04-28,62.41,8.5,29.1,96,6712612,72.18,232,6142392,66.05,329,4493118,48.32,871,802538,8.63
2022-04-29,62.39,8.51,29.1,112,6712724,72.19,159,6142551,66.05,184,4493302,48.32,196,802734,8.63
2022-04-30,62.38,8.52,29.1,1,6712725,72.19,3,6142554,66.05,24,4493326,48.32,22,802756,8.63
2022-05-01,62.38,8.53,29.09,135,6712860,72.19,185,6142739,66.06,317,4493643,48.32,630,803386,8.64
2022-05-02,62.37,8.54,29.09,62,6712922,72.19,155,6142894,66.06,235,4493878,48.32,491,803877,8.64
2022-05-03,62.36,8.55,29.09,72,6712994,72.19,151,6143045,66.06,288,4494166,48.33,508,804385,8.65
2022-05-04,62.35,8.57,29.08,23,6713017,72.19,56,6143101,66.06,63,4494229,48.33,129,804514,8.65
2022-05-05,62.34,8.58,29.08,4,6713021,72.19,1,6143102,66.06,8,4494237,48.33,14,804528,8.65
2022-05-06,62.33,8.59,29.08,20,6713041,72.19,59,6143161,66.06,64,4494301,48.33,153,804681,8.65
2022-05-07,62.32,8.6,29.08,1,6713042,72.19,7,6143168,66.06,27,4494328,48.33,24,804705,8.65
2022-05-08,62.31,8.61,29.08,118,6713160,72.19,207,6143375,66.06,270,4494598,48.33,457,805162,8.66
2022-05-09,62.31,8.61,29.08,59,6713219,72.19,162,6143537,66.06,251,4494849,48.34,505,805667,8.66
2022-05-10,62.3,8.62,29.08,131,6713350,72.19,169,6143706,66.07,261,4495110,48.34,508,806175,8.67
2022-05-11,62.3,8.63,29.08,58,6713408,72.19,118,6143824,66.07,182,4495292,48.34,464,806639,8.67
2022-05-12,62.29,8.64,29.07,119,6713527,72.19,200,6144024,66.07,278,4495570,48.34,666,807305,8.68
2022-05-13,62.28,8.65,29.07,11,6713538,72.19,44,6144068,66.07,71,4495641,48.34,110,807415,8.68
2022-05-14,62.26,8.66,29.07,6,6713544,72.19,13,6144081,66.07,13,4495654,48.34,23,807438,8.68
2022-05-15,62.26,8.67,29.07,90,6713634,72.2,175,6144256,66.07,246,4495900,48.35,665,808103,8.69
2022-05-16,62.19,8.65,29.16,68,6713702,72.2,141,6144397,66.07,230,4496130,48.35,509,808612,8.7
2022-05-17,62.18,8.66,29.16,73,6713775,72.2,153,6144550,66.08,267,4496397,48.35,618,809230,8.7
2022-05-18,62.17,8.67,29.16,43,6713818,72.2,99,6144649,66.08,169,4496566,48.35,447,809677,8.71
2022-05-19,62.16,8.68,29.16,64,6713882,72.2,171,6144820,66.08,213,4496779,48.36,499,810176,8.71
2022-05-20,62.15,8.69,29.16,75,6713957,72.2,114,6144934,66.08,130,4496909,48.36,138,810314,8.71
2022-05-21,62.14,8.7,29.16,4,6713961,72.2,7,6144941,66.08,14,4496923,48.36,18,810332,8.71
2022-05-22,62.14,8.71,29.16,87,6714048,72.2,188,6145129,66.08,216,4497139,48.36,426,810758,8.72
2022-05-23,62.14,8.71,29.16,64,6714112,72.2,120,6145249,66.08,156,4497295,48.36,348,811106,8.72
2022-05-24,62.13,8.71,29.15,43,6714155,72.2,119,6145368,66.08,157,4497452,48.36,394,811500,8.73
2022-05-25,62.12,8.72,29.15,61,6714216,72.2,103,6145471,66.09,168,4497620,48.37,337,811837,8.73
2022-05-26,62.11,8.73,29.16,72,6714288,72.2,136,6145607,66.09,186,4497806,48.37,348,812185,8.73
2022-05-27,62.1,8.74,29.16,12,6714300,72.2,29,6145636,66.09,43,4497849,48.37,59,812244,8.73
2022-05-28,62.09,8.75,29.16,2,6714302,72.2,5,6145641,66.09,8,4497857,48.37,12,812256,8.73
2022-05-29,62.09,8.75,29.16,89,6714391,72.2,153,6145794,66.09,163,4498020,48.37,316,812572,8.74
2022-05-30,62.09,8.76,29.16,56,6714447,72.2,133,6145927,66.09,125,4498145,48.37,291,812863,8.74
2022-05-31,62.07,8.78,29.15,45,6714492,72.2,104,6146031,66.09,153,4498298,48.37,351,813214,8.74
2022-06-01,61.95,8.9,29.16,63,6714555,72.2,90,6146121,66.09,118,4498416,48.37,276,813490,8.75
2022-06-02,45.96,24.88,29.15,77,6714632,72.21,156,6146277,66.09,177,4498593,48.38,255,813745,8.75
2022-06-03,45.9,24.95,29.16,10,6714642,72.21,23,6146300,66.09,21,4498614,48.38,33,813778,8.75
2022-06-04,45.84,25,29.16,0,6714642,72.21,7,6146307,66.09,8,4498622,48.38,5,813783,8.75
2022-06-05,45.8,25.05,29.16,11,6714653,72.21,14,6146321,66.09,7,4498629,48.38,2,813785,8.75
2022-06-06,39.96,30.89,29.16,58,6714711,72.21,145,6146466,66.1,161,4498790,48.38,262,814047,8.75
2022-06-07,39.92,30.93,29.15,54,6714765,72.21,134,6146600,66.1,142,4498932,48.38,379,814426,8.76
2022-06-08,39.89,30.96,29.15,58,6714823,72.21,104,6146704,66.1,131,4499063,48.38,497,814923,8.76
2022-06-09,39.86,30.99,29.15,84,6714907,72.21,207,6146911,66.1,234,4499297,48.38,642,815565,8.77
2022-06-10,39.83,31.02,29.15,14,6714921,72.21,51,6146962,66.1,59,4499356,48.38,142,815707,8.77
2022-06-11,39.8,31.05,29.15,0,6714921,72.21,3,6146965,66.1,7,4499363,48.38,19,815726,8.77
2022-06-12,39.8,31.05,29.15,109,6715030,72.21,199,6147164,66.1,191,4499554,48.39,767,816493,8.78
2022-06-13,39.81,31.04,29.15,84,6715114,72.21,142,6147306,66.11,168,4499722,48.39,626,817119,8.79
2022-06-14,39.79,31.06,29.15,116,6715230,72.21,173,6147479,66.11,208,4499930,48.39,759,817878,8.8
2022-06-15,39.78,31.08,29.15,71,6715301,72.21,141,6147620,66.11,207,4500137,48.39,700,818578,8.8
2022-06-16,39.74,31.11,29.14,94,6715395,72.21,136,6147756,66.11,218,4500355,48.39,742,819320,8.81
2022-06-17,39.72,31.14,29.15,16,6715411,72.21,63,6147819,66.11,53,4500408,48.4,124,819444,8.81
2022-06-18,39.68,31.17,29.14,3,6715414,72.21,4,6147823,66.11,11,4500419,48.4,15,819459,8.81
2022-06-19,39.53,31.33,29.15,115,6715529,72.22,207,6148030,66.11,318,4500737,48.4,877,820336,8.82
2022-06-20,33.92,36.85,29.23,99,6715628,72.22,152,6148182,66.11,307,4501044,48.4,922,821258,8.83
2022-06-21,33.58,37.19,29.23,94,6715722,72.22,154,6148336,66.12,375,4501419,48.41,1229,822487,8.84
2022-06-22,33.28,37.49,29.23,110,6715832,72.22,135,6148471,66.12,339,4501758,48.41,894,823381,8.85
2022-06-23,32.84,37.92,29.23,132,6715964,72.22,217,6148688,66.12,525,4502283,48.42,1146,824527,8.87
2022-06-24,32.43,38.34,29.24,19,6715983,72.22,35,6148723,66.12,110,4502393,48.42,208,824735,8.87
2022-06-25,32.04,38.72,29.24,1,6715984,72.22,3,6148726,66.12,12,4502405,48.42,16,824751,8.87
2022-06-26,31.63,39.13,29.24,107,6716091,72.22,158,6148884,66.12,379,4502784,48.42,933,825684,8.88
2022-06-27,31.29,39.47,29.24,86,6716177,72.22,172,6149056,66.12,392,4503176,48.42,1028,826712,8.89
2022-06-28,30.86,39.91,29.24,84,6716261,72.22,151,6149207,66.13,364,4503540,48.43,932,827644,8.9
2022-06-29,30.48,40.28,29.24,76,6716337,72.22,106,6149313,66.13,265,4503805,48.43,816,828460,8.91
2022-06-30,30.05,40.71,29.24,86,6716423,72.23,165,6149478,66.13,355,4504160,48.44,1062,829522,8.92
2022-07-01,29.62,41.14,29.24,22,6716445,72.23,28,6149506,66.13,55,4504215,48.44,80,829602,8.92
2022-07-02,29.2,41.56,29.24,1,6716446,72.23,2,6149508,66.13,8,4504223,48.44,18,829620,8.92
2022-07-03,28.81,41.95,29.24,100,6716546,72.23,177,6149685,66.13,322,4504545,48.44,637,830257,8.93
2022-07-04,28.5,42.26,29.24,76,6716622,72.23,140,6149825,66.13,278,4504823,48.44,749,831006,8.94
2022-07-05,28.06,42.7,29.24,59,6716681,72.23,142,6149967,66.13,302,4505125,48.45,688,831694,8.94
2022-07-06,27.39,43.37,29.24,78,6716759,72.23,124,6150091,66.14,211,4505336,48.45,646,832340,8.95
2022-07-07,26.48,44.28,29.24,82,6716841,72.23,164,6150255,66.14,267,4505603,48.45,721,833061,8.96
2022-07-08,25.47,45.29,29.24,17,6716858,72.23,33,6150288,66.14,69,4505672,48.45,131,833192,8.96
2022-07-09,24.42,46.34,29.24,0,6716858,72.23,1,6150289,66.14,3,4505675,48.45,2,833194,8.96
2022-07-10,23.77,46.99,29.24,90,6716948,72.23,164,6150453,66.14,229,4505904,48.45,470,833664,8.96
2022-07-11,23.22,47.54,29.24,64,6717012,72.23,142,6150595,66.14,248,4506152,48.46,575,834239,8.97
2022-07-12,22.13,48.63,29.24,69,6717081,72.23,129,6150724,66.14,207,4506359,48.46,558,834797,8.98
2022-07-13,21.1,49.66,29.24,43,6717124,72.23,101,6150825,66.14,165,4506524,48.46,488,835285,8.98
2022-07-14,20.12,50.63,29.24,69,6717193,72.23,147,6150972,66.14,209,4506733,48.46,513,835798,8.99
2022-07-15,19.27,51.48,29.25,64,6717257,72.23,88,6151060,66.15,127,4506860,48.46,166,835964,8.99
2022-07-16,18.29,52.46,29.25,0,6717257,72.23,6,6151066,66.15,7,4506867,48.46,8,835972,8.99
2022-07-17,17.83,52.92,29.25,77,6717334,72.23,183,6151249,66.15,241,4507108,48.47,468,836440,8.99
2022-07-18,17.48,53.26,29.26,62,6717396,72.24,158,6151407,66.15,207,4507315,48.47,511,836951,9
2022-07-19,16.77,53.97,29.26,62,6717458,72.24,147,6151554,66.15,174,4507489,48.47,368,837319,9
2022-07-20,16.09,54.64,29.26,51,6717509,72.24,134,6151688,66.15,137,4507626,48.47,423,837742,9.01
2022-07-21,15.43,55.3,29.27,61,6717570,72.24,158,6151846,66.15,176,4507802,48.47,341,838083,9.01
2022-07-22,14.64,56.08,29.28,10,6717580,72.24,36,6151882,66.15,43,4507845,48.48,56,838139,9.01
2022-07-23,14.17,56.55,29.28,0,6717580,72.24,4,6151886,66.15,4,4507849,48.48,9,838148,9.01
2022-07-24,13.55,57.16,29.29,58,6717638,72.24,128,6152014,66.16,197,4508046,48.48,364,838512,9.02
2022-07-25,13.09,57.61,29.3,48,6717686,72.24,107,6152121,66.16,172,4508218,48.48,336,838848,9.02
2022-07-26,12.46,58.23,29.3,47,6717733,72.24,99,6152220,66.16,111,4508329,48.48,270,839118,9.02
2022-07-27,11.89,58.8,29.31,43,6717776,72.24,125,6152345,66.16,132,4508461,48.48,243,839361,9.03
2022-07-28,11.35,59.34,29.31,62,6717838,72.24,143,6152488,66.16,148,4508609,48.48,220,839581,9.03
2022-07-29,10.85,59.83,29.32,10,6717848,72.24,25,6152513,66.16,27,4508636,48.48,31,839612,9.03
2022-07-30,10.34,60.33,29.33,0,6717848,72.24,0,6152513,66.16,1,4508637,48.48,1,839613,9.03
2022-07-31,9.97,60.7,29.33,56,6717904,72.24,134,6152647,66.16,131,4508768,48.49,252,839865,9.03
2022-08-01,9.47,61.19,29.34,54,6717958,72.24,76,6152723,66.16,89,4508857,48.49,152,840017,9.03
2022-08-02,8.92,61.73,29.35,111,6718069,72.24,119,6152842,66.16,157,4509014,48.49,264,840281,9.04
2022-08-03,8.46,62.19,29.35,76,6718145,72.24,71,6152913,66.17,92,4509106,48.49,178,840459,9.04
2022-08-04,8.04,62.61,29.36,133,6718278,72.25,133,6153046,66.17,111,4509217,48.49,246,840705,9.04
2022-08-05,7.71,62.93,29.36,30,6718308,72.25,23,6153069,66.17,13,4509230,48.49,24,840729,9.04
2022-08-06,7.32,63.32,29.36,1,6718309,72.25,2,6153071,66.17,3,4509233,48.49,5,840734,9.04
2022-08-07,6.92,63.71,29.37,89,6718398,72.25,97,6153168,66.17,69,4509302,48.49,169,840903,9.04
2022-08-08,6.74,63.89,29.37,76,6718474,72.25,95,6153263,66.17,122,4509424,48.49,172,841075,9.04
2022-08-09,6.25,64.37,29.38,96,6718570,72.25,90,6153353,66.17,99,4509523,48.49,213,841288,9.05
2022-08-10,5.91,64.71,29.38,77,6718647,72.25,60,6153413,66.17,76,4509599,48.49,115,841403,9.05
2022-08-11,5.59,65.03,29.38,54,6718701,72.25,101,6153514,66.17,91,4509690,48.49,155,841558,9.05
2022-08-12,5.35,65.27,29.38,8,6718709,72.25,12,6153526,66.17,18,4509708,48.5,29,841587,9.05
2022-08-13,5.1,65.52,29.38,0,6718709,72.25,2,6153528,66.17,2,4509710,48.5,3,841590,9.05
2022-08-14,4.87,65.75,29.39,74,6718783,72.25,75,6153603,66.17,82,4509792,48.5,150,841740,9.05
2022-08-15,4.74,65.87,29.39,68,6718851,72.25,81,6153684,66.17,93,4509885,48.5,143,841883,9.05
2022-08-16,4.46,66.15,29.39,82,6718933,72.25,84,6153768,66.17,84,4509969,48.5,187,842070,9.06
2022-08-17,4.16,66.44,29.39,47,6718980,72.25,55,6153823,66.18,36,4510005,48.5,115,842185,9.06
2022-08-18,3.98,66.63,29.39,70,6719050,72.25,93,6153916,66.18,120,4510125,48.5,173,842358,9.06
2022-08-19,3.83,66.78,29.39,77,6719127,72.25,67,6153983,66.18,57,4510182,48.5,38,842396,9.06
2022-08-20,3.67,66.94,29.39,1,6719128,72.25,1,6153984,66.18,3,4510185,48.5,3,842399,9.06
2022-08-21,3.52,67.08,29.4,51,6719179,72.25,85,6154069,66.18,84,4510269,48.5,197,842596,9.06
2022-08-22,3.44,67.16,29.4,89,6719268,72.26,74,6154143,66.18,103,4510372,48.5,143,842739,9.06
2022-08-23,3.27,67.33,29.4,72,6719340,72.26,106,6154249,66.18,84,4510456,48.5,180,842919,9.06
2022-08-24,3.15,67.46,29.4,38,6719378,72.26,80,6154329,66.18,49,4510505,48.5,133,843052,9.07
2022-08-25,3.03,67.57,29.4,53,6719431,72.26,75,6154404,66.18,97,4510602,48.5,193,843245,9.07
2022-08-26,2.94,67.66,29.4,4,6719435,72.26,15,6154419,66.18,9,4510611,48.5,14,843259,9.07
2022-08-27,2.84,67.76,29.4,0,6719435,72.26,0,6154419,66.18,0,4510611,48.5,0,843259,9.07
2022-08-28,2.75,67.85,29.4,55,6719490,72.26,80,6154499,66.18,85,4510696,48.51,102,843361,9.07
2022-08-29,2.69,67.91,29.4,48,6719538,72.26,68,6154567,66.18,89,4510785,48.51,107,843468,9.07
2022-08-30,2.6,68,29.4,85,6719623,72.26,113,6154680,66.18,85,4510870,48.51,130,843598,9.07
2022-08-31,2.53,68.07,29.4,43,6719666,72.26,88,6154768,66.19,70,4510940,48.51,96,843694,9.07
2022-09-01,2.46,68.14,29.4,29,6719695,72.26,84,6154852,66.19,58,4510998,48.51,113,843807,9.07
2022-09-02,2.4,68.2,29.4,6,6719701,72.26,20,6154872,66.19,13,4511011,48.51,10,843817,9.07
2022-09-03,2.33,68.27,29.4,2,6719703,72.26,0,6154872,66.19,3,4511014,48.51,1,843818,9.07
2022-09-04,2.27,68.32,29.4,64,6719767,72.26,133,6155005,66.19,80,4511094,48.51,121,843939,9.08
2022-09-05,2.23,68.37,29.4,44,6719811,72.26,77,6155082,66.19,58,4511152,48.51,90,844029,9.08
2022-09-06,2.17,68.42,29.4,60,6719871,72.26,104,6155186,66.19,78,4511230,48.51,130,844159,9.08
2022-09-07,2.12,68.47,29.4,27,6719898,72.26,63,6155249,66.19,53,4511283,48.51,95,844254,9.08
2022-09-08,2.07,68.53,29.4,50,6719948,72.26,101,6155350,66.19,70,4511353,48.51,77,844331,9.08
2022-09-09,2.03,68.57,29.4,10,6719958,72.26,21,6155371,66.19,16,4511369,48.51,17,844348,9.08
2022-09-10,1.97,68.62,29.4,0,6719958,72.26,0,6155371,66.19,5,4511374,48.51,2,844350,9.08
2022-09-11,1.92,68.67,29.41,39,6719997,72.26,117,6155488,66.19,78,4511452,48.51,116,844466,9.08
2022-09-12,1.88,68.71,29.41,24,6720021,72.26,72,6155560,66.19,52,4511504,48.51,68,844534,9.08
2022-09-13,1.82,68.77,29.41,44,6720065,72.26,113,6155673,66.2,54,4511558,48.52,103,844637,9.08
2022-09-14,1.78,68.82,29.41,21,6720086,72.26,64,6155737,66.2,54,4511612,48.52,62,844699,9.08
2022-09-15,1.73,68.86,29.41,32,6720118,72.26,77,6155814,66.2,63,4511675,48.52,107,844806,9.08
2022-09-16,1.7,68.89,29.41,51,6720169,72.27,52,6155866,66.2,27,4511702,48.52,28,844834,9.08
2022-09-17,1.66,68.93,29.41,3,6720172,72.27,0,6155866,66.2,1,4511703,48.52,0,844834,9.08
2022-09-18,1.63,68.96,29.41,28,6720200,72.27,66,6155932,66.2,52,4511755,48.52,115,844949,9.09
2022-09-19,1.61,68.98,29.41,27,6720227,72.27,74,6156006,66.2,44,4511799,48.52,57,845006,9.09
2022-09-20,1.56,69.03,29.41,41,6720268,72.27,93,6156099,66.2,75,4511874,48.52,102,845108,9.09
2022-09-21,1.55,69.05,29.41,22,6720290,72.27,54,6156153,66.2,29,4511903,48.52,56,845164,9.09
2022-09-22,1.52,69.07,29.4,40,6720330,72.27,56,6156209,66.2,27,4511930,48.52,41,845205,9.09
2022-09-23,1.5,69.1,29.41,7,6720337,72.27,11,6156220,66.2,4,4511934,48.52,1,845206,9.09
2022-09-24,1.47,69.13,29.41,0,6720337,72.27,0,6156220,66.2,1,4511935,48.52,0,845206,9.09
2022-09-25,1.46,69.13,29.41,5,6720342,72.27,20,6156240,66.2,10,4511945,48.52,27,845233,9.09
2022-09-26,1.46,69.13,29.41,0,6720342,72.27,5,6156245,66.2,2,4511947,48.52,2,845235,9.09
2022-09-27,1.42,69.17,29.41,2,6720344,72.27,0,6156245,66.2,3,4511950,48.52,3,845238,9.09
2022-09-28,1.39,69.21,29.41,24,6720368,72.27,36,6156281,66.2,25,4511975,48.52,17,845255,9.09
2022-09-29,1.37,69.22,29.41,32,6720400,72.27,61,6156342,66.2,13,4511988,48.52,48,845303,9.09
2022-09-30,1.35,69.24,29.41,3,6720403,72.27,12,6156354,66.2,2,4511990,48.52,0,845303,9.09
2022-10-01,1.31,69.29,29.41,0,6720403,72.27,1,6156355,66.2,1,4511991,48.52,1,845304,9.09
2022-10-02,1.31,69.29,29.41,28,6720431,72.27,51,6156406,66.2,20,4512011,48.52,73,845377,9.09
2022-10-03,1.31,69.28,29.4,23,6720454,72.27,29,6156435,66.2,13,4512024,48.52,12,845389,9.09
2022-10-04,1.27,69.32,29.4,7,6720461,72.27,10,6156445,66.2,0,4512024,48.52,1,845390,9.09
2022-10-05,1.28,69.31,29.4,1,6720462,72.27,0,6156445,66.2,0,4512024,48.52,1,845391,9.09
2022-10-06,1.31,69.28,29.4,17,6720479,72.27,43,6156488,66.2,10,4512034,48.52,20,845411,9.09
2022-10-07,1.3,69.29,29.41,3,6720482,72.27,3,6156491,66.2,4,4512038,48.52,0,845411,9.09
2022-10-08,1.26,69.33,29.41,1,6720483,72.27,1,6156492,66.2,0,4512038,48.52,1,845412,9.09
2022-10-09,1.31,69.28,29.41,7,6720490,72.27,22,6156514,66.2,6,4512044,48.52,5,845417,9.09
2022-10-10,1.38,69.22,29.4,5,6720495,72.27,2,6156516,66.2,0,4512044,48.52,0,845417,9.09
2022-10-11,1.36,69.24,29.4,12,6720507,72.27,32,6156548,66.2,1,4512045,48.52,32,845449,9.09
2022-10-12,1.34,69.26,29.4,13,6720520,72.27,24,6156572,66.2,5,4512050,48.52,4,845453,9.09
2022-10-13,1.4,69.2,29.4,17,6720537,72.27,16,6156588,66.2,5,4512055,48.52,9,845462,9.09
2022-10-14,1.4,69.2,29.4,6,6720543,72.27,7,6156595,66.2,4,4512059,48.52,3,845465,9.09
2022-10-15,1.38,69.22,29.4,0,6720543,72.27,0,6156595,66.2,0,4512059,48.52,1,845466,9.09
2022-10-16,1.39,69.2,29.4,4,6720547,72.27,13,6156608,66.21,5,4512064,48.52,8,845474,9.09
2022-10-17,1.39,69.2,29.4,1,6720548,72.27,1,6156609,66.21,3,4512067,48.52,1,845475,9.09
2022-10-18,1.43,69.17,29.4,24,6720572,72.27,31,6156640,66.21,14,4512081,48.52,16,845491,9.09
2022-10-19,1.47,69.12,29.4,18,6720590,72.27,25,6156665,66.21,7,4512088,48.52,3,845494,9.09
2022-10-20,1.5,69.1,29.4,26,6720616,72.27,44,6156709,66.21,12,4512100,48.52,4,845498,9.09
2022-10-21,1.5,69.09,29.4,4,6720620,72.27,7,6156716,66.21,2,4512102,48.52,4,845502,9.09
2022-10-22,1.49,69.1,29.4,0,6720620,72.27,0,6156716,66.21,0,4512102,48.52,0,845502,9.09
2022-10-23,1.51,69.08,29.4,15,6720635,72.27,33,6156749,66.21,18,4512120,48.52,10,845512,9.09
2022-10-24,1.51,69.08,29.41,20,6720655,72.27,16,6156765,66.21,19,4512139,48.52,9,845521,9.09
2022-10-25,1.55,69.04,29.4,18,6720673,72.27,34,6156799,66.21,22,4512161,48.52,21,845542,9.09
2022-10-26,1.61,68.99,29.4,18,6720691,72.27,25,6156824,66.21,8,4512169,48.52,10,845552,9.09
2022-10-27,1.67,68.93,29.4,18,6720709,72.27,26,6156850,66.21,14,4512183,48.52,17,845569,9.09
2022-10-28,1.67,68.93,29.4,46,6720755,72.27,48,6156898,66.21,31,4512214,48.52,18,845587,9.09
2022-10-29,1.66,68.94,29.4,0,6720755,72.27,0,6156898,66.21,0,4512214,48.52,0,845587,9.09
2022-10-30,1.71,68.89,29.4,15,6720770,72.27,23,6156921,66.21,15,4512229,48.52,9,845596,9.09
2022-10-31,1.76,68.84,29.4,17,6720787,72.27,16,6156937,66.21,8,4512237,48.52,9,845605,9.09
2022-11-01,1.82,68.78,29.4,2,6720789,72.27,1,6156938,66.21,1,4512238,48.52,0,845605,9.09
2022-11-02,1.88,68.72,29.4,13,6720802,72.27,13,6156951,66.21,7,4512245,48.52,8,845613,9.09
2022-11-03,1.96,68.64,29.4,17,6720819,72.27,18,6156969,66.21,11,4512256,48.52,8,845621,9.09
2022-11-04,1.98,68.63,29.4,4,6720823,72.27,6,6156975,66.21,1,4512257,48.52,2,845623,9.09
2022-11-05,1.97,68.63,29.4,0,6720823,72.27,0,6156975,66.21,0,4512257,48.52,0,845623,9.09
2022-11-06,2.03,68.57,29.4,25,6720848,72.27,33,6157008,66.21,11,4512268,48.52,23,845646,9.09
2022-11-07,2.1,68.51,29.4,15,6720863,72.27,11,6157019,66.21,10,4512278,48.52,54,845700,9.09
2022-11-08,2.1,68.5,29.4,28,6720891,72.27,26,6157045,66.21,14,4512292,48.52,9,845709,9.09
2022-11-09,2.16,68.45,29.4,16,6720907,72.27,20,6157065,66.21,17,4512309,48.52,9,845718,9.09
2022-11-10,2.22,68.39,29.4,28,6720935,72.27,17,6157082,66.21,11,4512320,48.52,6,845724,9.09
2022-11-11,2.23,68.37,29.4,1,6720936,72.27,17,6157099,66.21,2,4512322,48.52,1,845725,9.09
2022-11-12,2.22,68.38,29.4,1,6720937,72.27,0,6157099,66.21,2,4512324,48.52,0,845725,9.09
2022-11-13,2.29,68.31,29.4,27,6720964,72.27,31,6157130,66.21,17,4512341,48.52,8,845733,9.09
2022-11-14,2.37,68.23,29.4,20,6720984,72.27,17,6157147,66.21,21,4512362,48.52,16,845749,9.09
2022-11-15,2.43,68.17,29.4,40,6721024,72.27,25,6157172,66.21,16,4512378,48.52,18,845767,9.1
2022-11-16,2.5,68.1,29.4,14,6721038,72.27,27,6157199,66.21,16,4512394,48.52,11,845778,9.1
2022-11-17,2.59,68.02,29.4,19,6721057,72.27,33,6157232,66.21,18,4512412,48.52,5,845783,9.1
2022-11-18,2.61,67.99,29.4,6,6721063,72.28,4,6157236,66.21,4,4512416,48.52,0,845783,9.1
2022-11-19,2.6,68,29.4,0,6721063,72.28,0,6157236,66.21,0,4512416,48.52,0,845783,9.1
2022-11-20,2.67,67.93,29.4,19,6721082,72.28,19,6157255,66.21,6,4512422,48.52,13,845796,9.1
2022-11-21,2.76,67.85,29.4,14,6721096,72.28,13,6157268,66.21,6,4512428,48.52,6,845802,9.1
2022-11-22,2.83,67.77,29.4,26,6721122,72.28,13,6157281,66.21,17,4512445,48.52,6,845808,9.1
2022-11-23,2.9,67.7,29.4,17,6721139,72.28,20,6157301,66.21,4,4512449,48.52,8,845816,9.1
2022-11-24,2.98,67.62,29.4,9,6721148,72.28,16,6157317,66.21,13,4512462,48.52,27,845843,9.1
2022-11-25,3,67.6,29.4,17,6721165,72.28,35,6157352,66.21,14,4512476,48.52,12,845855,9.1
2022-11-26,3,67.61,29.4,0,6721165,72.28,2,6157354,66.21,0,4512476,48.52,0,845855,9.1
2022-11-27,3.06,67.54,29.4,14,6721179,72.28,15,6157369,66.21,19,4512495,48.53,2,845857,9.1
2022-11-28,3.14,67.47,29.4,8,6721187,72.28,23,6157392,66.21,8,4512503,48.53,6,845863,9.1
2022-11-29,3.2,67.4,29.4,38,6721225,72.28,31,6157423,66.21,19,4512522,48.53,14,845877,9.1
2022-11-30,3.27,67.34,29.39,12,6721237,72.28,25,6157448,66.21,20,4512542,48.53,8,845885,9.1
2022-12-01,3.34,67.26,29.39,13,6721250,72.28,18,6157466,66.21,15,4512557,48.53,4,845889,9.1
2022-12-02,3.36,67.24,29.39,2,6721252,72.28,7,6157473,66.21,4,4512561,48.53,10,845899,9.1
2022-12-03,3.36,67.24,29.39,0,6721252,72.28,0,6157473,66.21,0,4512561,48.53,1,845900,9.1
2022-12-04,3.42,67.18,29.39,29,6721281,72.28,25,6157498,66.21,29,4512590,48.53,26,845926,9.1
2022-12-05,3.48,67.12,29.4,9,6721290,72.28,17,6157515,66.21,11,4512601,48.53,18,845944,9.1
2022-12-06,3.55,67.06,29.39,32,6721322,72.28,26,6157541,66.22,27,4512628,48.53,7,845951,9.1
2022-12-07,3.62,66.99,29.39,10,6721332,72.28,17,6157558,66.22,8,4512636,48.53,7,845958,9.1
2022-12-08,3.69,66.91,29.39,18,6721350,72.28,30,6157588,66.22,15,4512651,48.53,3,845961,9.1
2022-12-09,3.71,66.9,29.39,4,6721354,72.28,1,6157589,66.22,1,4512652,48.53,7,845968,9.1
2022-12-10,3.7,66.91,29.39,1,6721355,72.28,0,6157589,66.22,2,4512654,48.53,0,845968,9.1
2022-12-11,3.76,66.84,29.39,14,6721369,72.28,19,6157608,66.22,15,4512669,48.53,16,845984,9.1
2022-12-12,3.82,66.78,29.39,15,6721384,72.28,13,6157621,66.22,5,4512674,48.53,0,845984,9.1
2022-12-13,3.87,66.73,29.39,17,6721401,72.28,44,6157665,66.22,18,4512692,48.53,13,845997,9.1
2022-12-14,3.92,66.69,29.39,17,6721418,72.28,16,6157681,66.22,7,4512699,48.53,3,846000,9.1
2022-12-15,3.97,66.64,29.39,22,6721440,72.28,19,6157700,66.22,7,4512706,48.53,12,846012,9.1
2022-12-16,3.98,66.62,29.39,11,6721451,72.28,2,6157702,66.22,1,4512707,48.53,0,846012,9.1
2022-12-17,3.97,66.63,29.39,0,6721451,72.28,0,6157702,66.22,0,4512707,48.53,0,846012,9.1
2022-12-18,4.01,66.59,29.39,9,6721460,72.28,17,6157719,66.22,8,4512715,48.53,3,846015,9.1
2022-12-19,4.06,66.54,29.4,7,6721467,72.28,14,6157733,66.22,12,4512727,48.53,1,846016,9.1
2022-12-20,4.1,66.51,29.39,12,6721479,72.28,17,6157750,66.22,2,4512729,48.53,2,846018,9.1
2022-12-21,4.14,66.47,29.39,9,6721488,72.28,14,6157764,66.22,13,4512742,48.53,3,846021,9.1
2022-12-22,4.18,66.42,29.39,4,6721492,72.28,10,6157774,66.22,14,4512756,48.53,1,846022,9.1
2022-12-23,4.19,66.42,29.39,8,6721500,72.28,0,6157774,66.22,2,4512758,48.53,0,846022,9.1
2022-12-24,4.18,66.43,29.39,0,6721500,72.28,0,6157774,66.22,0,4512758,48.53,0,846022,9.1
2022-12-25,4.21,66.4,29.39,6,6721506,72.28,17,6157791,66.22,1,4512759,48.53,2,846024,9.1
2022-12-26,4.24,66.36,29.39,17,6721523,72.28,6,6157797,66.22,13,4512772,48.53,0,846024,9.1
2022-12-27,4.25,66.36,29.39,24,6721547,72.28,24,6157821,66.22,17,4512789,48.53,7,846031,9.1
2022-12-28,4.26,66.34,29.39,18,6721565,72.28,18,6157839,66.22,24,4512813,48.53,64,846095,9.1
2022-12-29,4.28,66.33,29.39,15,6721580,72.28,23,6157862,66.22,14,4512827,48.53,4,846099,9.1
2022-12-30,4.27,66.33,29.4,4,6721584,72.28,5,6157867,66.22,3,4512830,48.53,0,846099,9.1
2022-12-31,4.26,66.35,29.4,0,6721584,72.28,1,6157868,66.22,0,4512830,48.53,0,846099,9.1
2023-01-01,4.27,66.33,29.4,6,6721590,72.28,14,6157882,66.22,2,4512832,48.53,1,846100,9.1
2023-01-02,4.29,66.31,29.4,10,6721600,72.28,8,6157890,66.22,3,4512835,48.53,1,846101,9.1
2023-01-03,4.3,66.3,29.4,20,6721620,72.28,17,6157907,66.22,7,4512842,48.53,3,846104,9.1
2023-01-04,4.3,66.3,29.4,6,6721626,72.28,11,6157918,66.22,4,4512846,48.53,2,846106,9.1
2023-01-05,4.31,66.29,29.39,12,6721638,72.28,19,6157937,66.22,11,4512857,48.53,4,846110,9.1
2023-01-06,4.31,66.29,29.4,2,6721640,72.28,1,6157938,66.22,1,4512858,48.53,0,846110,9.1
2023-01-07,4.3,66.31,29.4,1,6721641,72.28,0,6157938,66.22,0,4512858,48.53,0,846110,9.1
2023-01-08,4.33,66.28,29.4,12,6721653,72.28,31,6157969,66.22,9,4512867,48.53,3,846113,9.1
2023-01-09,4.34,66.26,29.4,12,6721665,72.28,20,6157989,66.22,1,4512868,48.53,1,846114,9.1
2023-01-10,4.35,66.25,29.4,38,6721703,72.28,27,6158016,66.22,10,4512878,48.53,4,846118,9.1
2023-01-11,4.36,66.25,29.4,14,6721717,72.28,18,6158034,66.22,11,4512889,48.53,2,846120,9.1
2023-01-12,4.37,66.24,29.39,22,6721739,72.28,20,6158054,66.22,11,4512900,48.53,2,846122,9.1
2023-01-13,4.36,66.24,29.4,3,6721742,72.28,2,6158056,66.22,0,4512900,48.53,0,846122,9.1
2023-01-14,4.35,66.25,29.4,1,6721743,72.28,0,6158056,66.22,0,4512900,48.53,0,846122,9.1
2023-01-15,4.36,66.24,29.4,17,6721760,72.28,14,6158070,66.22,4,4512904,48.53,3,846125,9.1
2023-01-16,4.38,66.22,29.4,9,6721769,72.28,14,6158084,66.22,6,4512910,48.53,0,846125,9.1
2023-01-17,4.38,66.22,29.4,13,6721782,72.28,14,6158098,66.22,6,4512916,48.53,0,846125,9.1
2023-01-18,4.39,66.21,29.4,0,6721782,72.28,0,6158098,66.22,0,4512916,48.53,0,846125,9.1
