Date,Valid vaccinated pop. perc.,Expired vaccinated pop. perc.,Not vaccinated pop. perc.,Vaccinated (daily),Vaccinated (cumu),Vaccinated pop. perc.,Second dose (daily),Second dose (cumu),Second dose pop. perc.,Third dose (daily),Third dose (cumu),Third dose pop. perc.,Fourth dose (daily),Fourth dose (cumu),Fourth dose pop. perc.
2020-12-19,0,0,100,46,71,0,0,4,0,0,0,0,0,0,0
2020-12-20,0,0,100,7397,7468,0.08,0,4,0,0,0,0,0,0,0
2020-12-21,0,0,100,24923,32391,0.35,0,4,0,0,0,0,0,0,0
2020-12-22,0,0,100,44669,77060,0.83,0,4,0,0,0,0,0,0,0
2020-12-23,0,0,100,62917,139977,1.51,0,4,0,0,0,0,0,0,0
2020-12-24,0,0,100,73435,213412,2.29,0,4,0,0,0,0,0,0,0
2020-12-25,0,0,100,38518,251930,2.71,0,4,0,0,0,0,0,0,0
2020-12-26,0,0,100,32618,284548,3.06,0,4,0,0,0,0,0,0,0
2020-12-27,0,0,100,104577,389125,4.18,0,4,0,0,0,0,0,0,0
2020-12-28,0,0,100,135045,524170,5.64,0,4,0,0,0,0,0,0,0
2020-12-29,0,0,100,156345,680515,7.32,2,6,0,0,0,0,0,0,0
2020-12-30,0,0,100,153196,833711,8.97,0,6,0,0,0,0,0,0,0
2020-12-31,0,0,100,158603,992314,10.67,0,6,0,0,0,0,0,0,0
2021-01-01,0,0,100,71437,1063751,11.44,0,6,0,0,0,0,0,0,0
2021-01-02,0,0,100,71745,1135496,12.21,0,6,0,0,0,0,0,0,0
2021-01-03,0,0,100,149770,1285266,13.82,0,6,0,0,0,0,0,0,0
2021-01-04,0,0,100,152213,1437479,15.46,1,7,0,0,0,0,0,0,0
2021-01-05,0,0,100,125222,1562701,16.8,4,11,0,0,0,0,0,0,0
2021-01-06,0,0,100,103375,1666076,17.92,2,13,0,0,0,0,0,0,0
2021-01-07,0,0,100,116066,1782142,19.16,9,22,0,0,0,0,0,0,0
2021-01-08,0,0,100,66466,1848608,19.88,5,27,0,0,0,0,0,0,0
2021-01-09,0,0,100,44555,1893163,20.36,24,51,0,0,0,0,0,0,0
2021-01-10,0,0,100,37649,1930812,20.76,6002,6053,0.07,0,0,0,0,0,0
2021-01-11,0,0,100,21176,1951988,20.99,19264,25317,0.27,0,0,0,0,0,0
2021-01-12,0,0,100,24079,1976067,21.25,35674,60991,0.66,0,0,0,0,0,0
2021-01-13,0,0,100,52079,2028146,21.81,56873,117864,1.27,0,0,0,0,0,0
2021-01-14,0,0,100,56479,2084625,22.42,68840,186704,2.01,0,0,0,0,0,0
2021-01-15,0,0,100,30776,2115401,22.75,35944,222648,2.39,0,0,0,0,0,0
2021-01-16,0,0,100,29481,2144882,23.06,26007,248655,2.67,0,0,0,0,0,0
2021-01-17,0.31,0,99.69,68447,2213329,23.8,84598,333253,3.58,0,0,0,0,0,0
2021-01-18,0.58,0,99.42,69820,2283149,24.55,120439,453692,4.88,0,0,0,0,0,0
2021-01-19,1.09,0,98.91,72896,2356045,25.34,137855,591547,6.36,0,0,0,0,0,0
2021-01-20,1.9,0,98.1,76919,2432964,26.16,143770,735317,7.91,0,0,0,0,0,0
2021-01-21,2.88,0,97.12,70013,2502977,26.92,164480,899797,9.68,0,0,0,0,0,0
2021-01-22,3.39,0,96.61,37934,2540911,27.32,71136,970933,10.44,0,0,0,0,0,0
2021-01-23,3.77,0,96.23,39966,2580877,27.75,53598,1024531,11.02,0,0,0,0,0,0
2021-01-24,4.96,0,95.04,69150,2650027,28.5,140712,1165243,12.53,0,0,0,0,0,0
2021-01-25,6.61,0,93.39,80941,2730968,29.37,139528,1304771,14.03,0,0,0,0,0,0
2021-01-26,8.45,0,91.55,78739,2809707,30.21,126448,1431219,15.39,0,0,0,0,0,0
2021-01-27,10.34,0,89.66,77985,2887692,31.05,125074,1556293,16.74,0,0,0,0,0,0
2021-01-28,12.43,0,87.57,79574,2967266,31.91,130634,1686927,18.14,0,0,0,0,0,0
2021-01-29,13.34,0,86.66,36704,3003970,32.3,64795,1751722,18.84,0,0,0,0,0,0
2021-01-30,14.02,0,85.98,34395,3038365,32.67,42768,1794490,19.3,0,0,0,0,0,0
2021-01-31,15.76,0,84.24,73334,3111699,33.46,59504,1853994,19.94,0,0,0,0,0,0
2021-02-01,17.48,0,82.52,82519,3194218,34.35,35358,1889352,20.32,0,0,0,0,0,0
2021-02-02,19.01,0,80.99,70109,3264327,35.1,31076,1920428,20.65,0,0,0,0,0,0
2021-02-03,20.47,0,79.53,60311,3324638,35.75,51445,1971873,21.2,0,0,0,0,0,0
2021-02-04,22,0,78,72642,3397280,36.53,58095,2029968,21.83,0,0,0,0,0,0
2021-02-05,22.75,0,77.25,33947,3431227,36.9,28807,2058775,22.14,0,0,0,0,0,0
2021-02-06,23.23,0,76.77,21623,3452850,37.13,22233,2081008,22.38,0,0,0,0,0,0
2021-02-07,23.99,0,76.01,54080,3506930,37.71,68745,2149753,23.12,0,0,0,0,0,0
2021-02-08,24.52,0,75.48,58645,3565575,38.34,65468,2215221,23.82,0,0,0,0,0,0
2021-02-09,25.04,0,74.96,66362,3631937,39.06,67581,2282802,24.55,0,0,0,0,0,0
2021-02-10,25.77,0,74.23,70573,3702510,39.81,72316,2355118,25.33,0,0,0,0,0,0
2021-02-11,26.61,0,73.39,81176,3783686,40.69,72116,2427234,26.1,0,0,0,0,0,0
2021-02-12,27.02,0,72.98,39109,3822795,41.11,37600,2464834,26.51,0,0,0,0,0,0
2021-02-13,27.33,0,72.67,27467,3850262,41.4,30441,2495275,26.83,0,0,0,0,0,0
2021-02-14,28.25,0,71.75,74918,3925180,42.21,69087,2564362,27.58,0,0,0,0,0,0
2021-02-15,29.17,0,70.83,81552,4006732,43.09,75720,2640082,28.39,0,0,0,0,0,0
2021-02-16,30.11,0,69.89,83423,4090155,43.98,78304,2718386,29.23,0,0,0,0,0,0
2021-02-17,31.01,0,68.99,61984,4152139,44.65,75647,2794033,30.05,0,0,0,0,0,0
2021-02-18,31.94,0,68.06,69163,4221302,45.39,79741,2873774,30.9,0,0,0,0,0,0
2021-02-19,32.45,0,67.55,39676,4260978,45.82,38163,2911937,31.31,0,0,0,0,0,0
2021-02-20,32.85,0,67.15,31652,4292630,46.16,28723,2940660,31.62,0,0,0,0,0,0
2021-02-21,33.8,0,66.2,79437,4372067,47.02,78450,3019110,32.47,0,0,0,0,0,0
2021-02-22,34.83,0,65.17,85056,4457123,47.93,80603,3099713,33.33,0,0,0,0,0,0
2021-02-23,35.84,0,64.16,77333,4534456,48.76,70487,3170200,34.09,0,0,0,0,0,0
2021-02-24,36.76,0,63.24,61068,4595524,49.42,63149,3233349,34.77,0,0,0,0,0,0
2021-02-25,37.66,0,62.34,51730,4647254,49.97,64813,3298162,35.47,0,0,0,0,0,0
2021-02-26,38.1,0,61.9,25913,4673167,50.25,32048,3330210,35.81,0,0,0,0,0,0
2021-02-27,38.42,0,61.58,18353,4691520,50.45,21198,3351408,36.04,0,0,0,0,0,0
2021-02-28,39.24,0,60.76,40364,4731884,50.88,55874,3407282,36.64,0,0,0,0,0,0
2021-03-01,40.1,0,59.9,45752,4777636,51.38,61446,3468728,37.3,0,0,0,0,0,0
2021-03-02,40.85,0,59.15,41203,4818839,51.82,64803,3533531,38,0,0,0,0,0,0
2021-03-03,41.55,0,58.45,42036,4860875,52.27,66795,3600326,38.72,0,0,0,0,0,0
2021-03-04,42.24,0,57.76,39723,4900598,52.7,79127,3679453,39.57,0,0,0,0,0,0
2021-03-05,42.57,0,57.43,17369,4917967,52.89,40469,3719922,40,0,0,0,0,0,0
2021-03-06,42.78,0,57.22,10724,4928691,53,25350,3745272,40.27,0,0,0,0,0,0
2021-03-07,43.36,0,56.64,31157,4959848,53.34,72849,3818121,41.06,0,0,0,0,0,0
2021-03-08,43.97,0,56.03,27388,4987236,53.63,73297,3891418,41.85,0,0,0,0,0,0
2021-03-09,44.62,0,55.38,26756,5013992,53.92,76607,3968025,42.67,0,0,0,0,0,0
2021-03-10,45.27,0,54.73,23374,5037366,54.17,58684,4026709,43.3,0,0,0,0,0,0
2021-03-11,45.99,0,54.01,23308,5060674,54.42,69100,4095809,44.04,0,0,0,0,0,0
2021-03-12,46.34,0,53.66,11298,5071972,54.54,41419,4137228,44.49,0,0,0,0,0,0
2021-03-13,46.57,0,53.43,7955,5079927,54.63,25240,4162468,44.76,0,0,0,0,0,0
2021-03-14,47.2,0,52.8,20992,5100919,54.85,73937,4236405,45.56,0,0,0,0,0,0
2021-03-15,47.81,0,52.19,20152,5121071,55.07,78282,4314687,46.4,0,0,0,0,0,0
2021-03-16,48.43,0,51.57,18759,5139830,55.27,71482,4386169,47.17,0,0,0,0,0,0
2021-03-17,48.92,0,51.08,17706,5157536,55.46,59011,4445180,47.8,0,0,0,0,0,0
2021-03-18,49.45,0,50.55,16050,5173586,55.63,58126,4503306,48.43,0,0,0,0,0,0
2021-03-19,49.75,0,50.25,6959,5180545,55.71,27981,4531287,48.73,0,0,0,0,0,0
2021-03-20,49.93,0,50.07,5229,5185774,55.77,15302,4546589,48.89,0,0,0,0,0,0
2021-03-21,50.46,0,49.54,13172,5198946,55.91,40511,4587100,49.33,0,0,0,0,0,0
2021-03-22,51,0,49,13583,5212529,56.05,40542,4627642,49.76,0,0,0,0,0,0
2021-03-23,51.43,0,48.57,2846,5215375,56.08,7303,4634945,49.84,0,0,0,0,0,0
2021-03-24,51.84,0,48.16,11007,5226382,56.2,46562,4681507,50.34,0,0,0,0,0,0
2021-03-25,52.22,0,47.78,10275,5236657,56.31,35440,4716947,50.72,0,0,0,0,0,0
2021-03-26,52.4,0,47.6,4187,5240844,56.36,13335,4730282,50.87,0,0,0,0,0,0
2021-03-27,52.5,0,47.5,1788,5242632,56.38,4269,4734551,50.91,0,0,0,0,0,0
2021-03-28,52.74,0,47.26,2116,5244748,56.4,4611,4739162,50.96,0,0,0,0,0,0
2021-03-29,53,0,47,6921,5251669,56.47,30018,4769180,51.29,0,0,0,0,0,0
2021-03-30,53.08,0,46.92,7899,5259568,56.56,22455,4791635,51.53,0,0,0,0,0,0
2021-03-31,53.38,0,46.62,8154,5267722,56.65,19504,4811139,51.74,0,0,0,0,0,0
2021-04-01,53.62,0,46.38,8223,5275945,56.73,18704,4829843,51.94,0,0,0,0,0,0
2021-04-02,53.71,0,46.29,2949,5278894,56.77,8131,4837974,52.03,0,0,0,0,0,0
2021-04-03,53.74,0,46.26,1432,5280326,56.78,2984,4840958,52.06,0,0,0,0,0,0
2021-04-04,53.82,0,46.18,9618,5289944,56.89,22833,4863791,52.3,0,0,0,0,0,0
2021-04-05,54.04,0,45.96,10365,5300309,57,21280,4885071,52.53,0,0,0,0,0,0
2021-04-06,54.21,0,45.79,9036,5309345,57.09,16795,4901866,52.71,0,0,0,0,0,0
2021-04-07,54.36,0,45.64,8935,5318280,57.19,15315,4917181,52.88,0,0,0,0,0,0
2021-04-08,54.52,0,45.48,9430,5327710,57.29,17018,4934199,53.06,0,0,0,0,0,0
2021-04-09,54.58,0,45.42,3610,5331320,57.33,6260,4940459,53.13,0,0,0,0,0,0
2021-04-10,54.61,0,45.39,1637,5332957,57.35,3523,4943982,53.17,0,0,0,0,0,0
2021-04-11,54.78,0,45.22,9045,5342002,57.45,14250,4958232,53.32,0,0,0,0,0,0
2021-04-12,54.95,0,45.05,8938,5350940,57.54,13236,4971468,53.46,0,0,0,0,0,0
2021-04-13,55.08,0,44.92,5841,5356781,57.6,4960,4976428,53.51,0,0,0,0,0,0
2021-04-14,55.18,0,44.82,3650,5360431,57.64,5311,4981739,53.57,0,0,0,0,0,0
2021-04-15,55.27,0,44.73,699,5361130,57.65,583,4982322,53.58,0,0,0,0,0,0
2021-04-16,55.33,0,44.67,3421,5364551,57.69,6655,4988977,53.65,0,0,0,0,0,0
2021-04-17,55.35,0,44.65,822,5365373,57.7,1975,4990952,53.67,0,0,0,0,0,0
2021-04-18,55.47,0,44.53,7099,5372472,57.77,7433,4998385,53.75,0,0,0,0,0,0
2021-04-19,55.58,0,44.42,6407,5378879,57.84,7135,5005520,53.83,0,0,0,0,0,0
2021-04-20,55.65,0,44.35,6287,5385166,57.91,6891,5012411,53.9,0,0,0,0,0,0
2021-04-21,55.71,0,44.29,6382,5391548,57.98,7112,5019523,53.98,0,0,0,0,0,0
2021-04-22,55.75,0,44.25,5953,5397501,58.04,7692,5027215,54.06,0,0,0,0,0,0
2021-04-23,55.8,0,44.2,2768,5400269,58.07,3393,5030608,54.1,0,0,0,0,0,0
2021-04-24,55.82,0,44.18,769,5401038,58.08,1290,5031898,54.11,0,0,0,0,0,0
2021-04-25,55.89,0,44.11,4829,5405867,58.13,6927,5038825,54.19,0,0,0,0,0,0
2021-04-26,55.96,0,44.04,5479,5411346,58.19,7889,5046714,54.27,0,0,0,0,0,0
2021-04-27,56.03,0,43.97,4509,5415855,58.24,6628,5053342,54.34,0,0,0,0,0,0
2021-04-28,56.09,0,43.91,4502,5420357,58.29,7337,5060679,54.42,0,0,0,0,0,0
2021-04-29,56.16,0,43.84,4378,5424735,58.33,7297,5067976,54.5,0,0,0,0,0,0
2021-04-30,56.19,0,43.81,1925,5426660,58.36,3204,5071180,54.53,0,0,0,0,0,0
2021-05-01,56.2,0,43.8,458,5427118,58.36,895,5072075,54.54,0,0,0,0,0,0
2021-05-02,56.26,0,43.74,3225,5430343,58.4,6092,5078167,54.61,0,0,0,0,0,0
2021-05-03,56.32,0,43.68,3535,5433878,58.43,5835,5084002,54.67,0,0,0,0,0,0
2021-05-04,56.38,0,43.62,3594,5437472,58.47,4738,5088740,54.72,0,0,0,0,0,0
2021-05-05,56.44,0,43.56,3293,5440765,58.51,4092,5092832,54.77,0,0,0,0,0,0
2021-05-06,56.5,0,43.5,3646,5444411,58.55,3145,5095977,54.8,0,0,0,0,0,0
2021-05-07,56.52,0,43.48,1847,5446258,58.57,2509,5098486,54.83,0,0,0,0,0,0
2021-05-08,56.53,0,43.47,244,5446502,58.57,509,5098995,54.83,0,0,0,0,0,0
2021-05-09,56.58,0,43.42,2851,5449353,58.6,4751,5103746,54.88,0,0,0,0,0,0
2021-05-10,56.63,0,43.37,2900,5452253,58.63,4715,5108461,54.93,0,0,0,0,0,0
2021-05-11,56.67,0,43.33,2623,5454876,58.66,3882,5112343,54.98,0,0,0,0,0,0
2021-05-12,56.7,0,43.3,2034,5456910,58.68,3342,5115685,55.01,0,0,0,0,0,0
2021-05-13,56.73,0,43.27,2044,5458954,58.7,3688,5119373,55.05,0,0,0,0,0,0
2021-05-14,56.75,0,43.25,979,5459933,58.71,1495,5120868,55.07,0,0,0,0,0,0
2021-05-15,56.75,0,43.25,259,5460192,58.72,260,5121128,55.07,0,0,0,0,0,0
2021-05-16,56.78,0,43.22,530,5460722,58.72,1205,5122333,55.08,0,0,0,0,0,0
2021-05-17,56.81,0,43.19,303,5461025,58.73,848,5123181,55.09,0,0,0,0,0,0
2021-05-18,56.84,0,43.16,1963,5462988,58.75,4940,5128121,55.15,0,0,0,0,0,0
2021-05-19,56.87,0,43.13,2233,5465221,58.77,5043,5133164,55.2,0,0,0,0,0,0
2021-05-20,56.9,0,43.1,2311,5467532,58.8,3880,5137044,55.24,0,0,0,0,0,0
2021-05-21,56.92,0,43.08,1194,5468726,58.81,1414,5138458,55.26,0,0,0,0,0,0
2021-05-22,56.92,0,43.08,206,5468932,58.81,396,5138854,55.26,0,0,0,0,0,0
2021-05-23,56.94,0,43.06,2272,5471204,58.83,3216,5142070,55.3,0,0,0,0,0,0
2021-05-24,56.96,0,43.04,2143,5473347,58.86,3597,5145667,55.33,0,0,0,0,0,0
2021-05-25,56.99,0,43.01,1823,5475170,58.88,2588,5148255,55.36,0,0,0,0,0,0
2021-05-26,57.03,0,42.97,1415,5476585,58.89,2504,5150759,55.39,0,0,0,0,0,0
2021-05-27,57.06,0,42.94,1866,5478451,58.91,3189,5153948,55.42,0,0,0,0,0,0
2021-05-28,57.07,0,42.93,794,5479245,58.92,1406,5155354,55.44,0,0,0,0,0,0
2021-05-29,57.07,0,42.93,192,5479437,58.92,227,5155581,55.44,0,0,0,0,0,0
2021-05-30,57.1,0,42.9,1645,5481082,58.94,1937,5157518,55.46,0,0,0,0,0,0
2021-05-31,57.13,0,42.87,1741,5482823,58.96,2094,5159612,55.48,0,0,0,0,0,0
2021-06-01,57.47,0,42.53,1386,5484209,58.97,1824,5161436,55.5,0,0,0,0,0,0
2021-06-02,57.25,0,42.75,1514,5485723,58.99,1610,5163046,55.52,0,0,0,0,0,0
2021-06-03,57.27,0,42.73,1686,5487409,59.01,1496,5164542,55.54,0,0,0,0,0,0
2021-06-04,57.28,0,42.72,1102,5488511,59.02,784,5165326,55.55,0,0,0,0,0,0
2021-06-05,57.29,0,42.71,184,5488695,59.02,159,5165485,55.55,0,0,0,0,0,0
2021-06-06,57.31,0,42.69,4293,5492988,59.07,1003,5166488,55.56,0,0,0,0,0,0
2021-06-07,57.34,0,42.66,4441,5497429,59.12,814,5167302,55.57,0,0,0,0,0,0
2021-06-08,57.36,0,42.64,3740,5501169,59.16,1175,5168477,55.58,0,0,0,0,0,0
2021-06-09,57.4,0,42.6,3615,5504784,59.2,1331,5169808,55.59,0,0,0,0,0,0
2021-06-10,57.42,0,42.58,3366,5508150,59.23,1300,5171108,55.61,0,0,0,0,0,0
2021-06-11,57.43,0,42.57,1402,5509552,59.25,590,5171698,55.61,0,0,0,0,0,0
2021-06-12,57.43,0,42.57,223,5509775,59.25,173,5171871,55.62,0,0,0,0,0,0
2021-06-13,57.45,0,42.55,3101,5512876,59.28,1260,5173131,55.63,0,0,0,0,0,0
2021-06-14,57.46,0,42.54,3057,5515933,59.32,1534,5174665,55.65,0,0,0,0,0,0
2021-06-15,57.48,0,42.52,3141,5519074,59.35,1378,5176043,55.66,0,0,0,0,0,0
2021-06-16,57.49,0,42.51,2736,5521810,59.38,1005,5177048,55.67,0,0,0,0,0,0
2021-06-17,57.51,0,42.49,2735,5524545,59.41,1209,5178257,55.68,0,0,0,0,0,0
2021-06-18,57.52,0,42.48,1272,5525817,59.42,506,5178763,55.69,0,0,0,0,0,0
2021-06-19,57.52,0,42.48,242,5526059,59.42,139,5178902,55.69,0,0,0,0,0,0
2021-06-20,57.54,0,42.46,3316,5529375,59.46,1332,5180234,55.71,0,0,0,0,0,0
2021-06-21,57.56,0,42.44,5250,5534625,59.52,1219,5181453,55.72,0,0,0,0,0,0
2021-06-22,57.58,0,42.42,6935,5541560,59.59,1101,5182554,55.73,0,0,0,0,0,0
2021-06-23,57.6,0,42.4,10762,5552322,59.71,1304,5183858,55.74,0,0,0,0,0,0
2021-06-24,57.62,0,42.38,12051,5564373,59.84,1466,5185324,55.76,0,0,0,0,0,0
2021-06-25,57.62,0,42.38,7116,5571489,59.91,945,5186269,55.77,0,0,0,0,0,0
2021-06-26,57.63,0,42.37,2280,5573769,59.94,200,5186469,55.77,0,0,0,0,0,0
2021-06-27,57.65,0,42.35,13634,5587403,60.08,3439,5189908,55.81,0,0,0,0,0,0
2021-06-28,57.68,0,42.32,14518,5601921,60.24,3675,5193583,55.85,0,0,0,0,0,0
2021-06-29,57.69,0,42.31,16711,5618632,60.42,3746,5197329,55.89,0,0,0,0,0,0
2021-06-30,57.72,0,42.28,16489,5635121,60.6,3397,5200726,55.93,0,0,0,0,0,0
2021-07-01,57.78,0,42.22,16840,5651961,60.78,3381,5204107,55.96,122,122,0,0,0,0
2021-07-02,57.79,0,42.21,9836,5661797,60.88,1609,5205716,55.98,7,129,0,0,0,0
2021-07-03,57.79,0,42.21,2680,5664477,60.91,300,5206016,55.98,1,130,0,0,0,0
2021-07-04,57.85,0,42.15,17735,5682212,61.1,3161,5209177,56.02,2,132,0,0,0,0
2021-07-05,57.91,0,42.09,17853,5700065,61.3,3047,5212224,56.05,7,139,0,0,0,0
2021-07-06,57.99,0,42.01,17851,5717916,61.49,3412,5215636,56.09,11,150,0,0,0,0
2021-07-07,58.05,0,41.95,15535,5733451,61.65,2703,5218339,56.12,12,162,0,0,0,0
2021-07-08,58.12,0,41.88,16590,5750041,61.83,2883,5221222,56.15,17,179,0,0,0,0
2021-07-09,58.15,0,41.85,11127,5761168,61.95,1535,5222757,56.16,4,183,0,0,0,0
2021-07-10,58.15,0,41.85,4989,5766157,62.01,391,5223148,56.17,6,189,0,0,0,0
2021-07-11,58.22,0,41.78,1458,5767615,62.02,2848,5225996,56.2,9,198,0,0,0,0
2021-07-12,58.29,0,41.71,2428,5770043,62.05,3697,5229693,56.24,58,256,0,0,0,0
2021-07-13,58.36,0,41.64,2965,5773008,62.08,5460,5235153,56.3,124,380,0,0,0,0
2021-07-14,58.42,0,41.58,2748,5775756,62.11,7537,5242690,56.38,441,821,0.01,0,0,0
2021-07-15,58.5,0,41.5,3011,5778767,62.14,9305,5251995,56.48,374,1195,0.01,0,0,0
2021-07-16,58.54,0,41.46,1297,5780064,62.16,5898,5257893,56.54,66,1261,0.01,0,0,0
2021-07-17,58.55,0,41.44,374,5780438,62.16,1394,5259287,56.56,8,1269,0.01,0,0,0
2021-07-18,58.6,0,41.4,2074,5782512,62.18,9771,5269058,56.66,235,1504,0.02,0,0,0
2021-07-19,58.65,0,41.35,3211,5785723,62.22,11348,5280406,56.78,461,1965,0.02,0,0,0
2021-07-20,58.72,0,41.28,2691,5788414,62.25,11915,5292321,56.91,374,2339,0.03,0,0,0
2021-07-21,58.81,0,41.19,2408,5790822,62.27,11882,5304203,57.04,325,2664,0.03,0,0,0
2021-07-22,58.93,0,41.07,2880,5793702,62.3,13281,5317484,57.18,392,3056,0.03,0,0,0
2021-07-23,58.99,0,41.01,2039,5795741,62.32,8249,5325733,57.27,106,3162,0.03,0,0,0
2021-07-24,58.99,0,41,646,5796387,62.33,1486,5327219,57.29,7,3169,0.03,0,0,0
2021-07-25,59.1,0,40.89,4417,5800804,62.38,15499,5342718,57.45,223,3392,0.04,0,0,0
2021-07-26,59.24,0,40.75,5175,5805979,62.43,13539,5356257,57.6,325,3717,0.04,0,0,0
2021-07-27,59.37,0.01,40.62,5493,5811472,62.49,13580,5369837,57.74,414,4131,0.04,0,0,0
2021-07-28,59.5,0.01,40.49,3991,5815463,62.54,12345,5382182,57.88,472,4603,0.05,0,0,0
2021-07-29,59.65,0.01,40.33,4665,5820128,62.59,14206,5396388,58.03,533,5136,0.06,0,0,0
2021-07-30,59.74,0.02,40.25,2658,5822786,62.62,10859,5407247,58.15,4122,9258,0.1,0,0,0
2021-07-31,59.75,0.02,40.23,1407,5824193,62.63,3554,5410801,58.19,6159,15417,0.17,0,0,0
2021-08-01,59.91,0.02,40.06,3079,5827272,62.66,3368,5414169,58.22,31048,46465,0.5,0,0,0
2021-08-02,60.06,0.03,39.91,3134,5830406,62.7,3176,5417345,58.26,58514,104979,1.13,0,0,0
2021-08-03,60.21,0.03,39.76,3388,5833794,62.73,3332,5420677,58.29,78954,183933,1.98,0,0,0
2021-08-04,60.34,0.03,39.63,3537,5837331,62.77,3256,5423933,58.33,80766,264699,2.85,0,0,0
2021-08-05,60.49,0.04,39.47,4515,5841846,62.82,3572,5427505,58.36,88442,353141,3.8,0,0,0
2021-08-06,60.6,0.04,39.36,2437,5844283,62.85,1866,5429371,58.38,44744,397885,4.28,0,0,0
2021-08-07,60.63,0.04,39.32,1034,5845317,62.86,701,5430072,58.39,27353,425238,4.57,0,0,0
2021-08-08,60.68,0.04,39.28,4992,5850309,62.91,3082,5433154,58.43,80087,505325,5.43,0,0,0
2021-08-09,60.72,0.04,39.24,5341,5855650,62.97,3064,5436218,58.46,76489,581814,6.26,0,0,0
2021-08-10,60.75,0.04,39.2,5554,5861204,63.03,3211,5439429,58.49,75427,657241,7.07,0,0,0
2021-08-11,60.79,0.04,39.17,5696,5866900,63.09,2949,5442378,58.52,62642,719883,7.74,0,0,0
2021-08-12,60.83,0.04,39.12,7039,5873939,63.17,3291,5445669,58.56,59463,779346,8.38,0,0,0
2021-08-13,60.84,0.05,39.11,3821,5877760,63.21,2074,5447743,58.58,43870,823216,8.85,0,0,0
2021-08-14,60.85,0.05,39.1,2254,5880014,63.23,854,5448597,58.59,44487,867703,9.33,0,0,0
2021-08-15,60.89,0.05,39.06,7144,5887158,63.31,4531,5453128,58.64,97986,965689,10.38,0,0,0
2021-08-16,60.92,0.04,39.03,6991,5894149,63.38,4750,5457878,58.69,89522,1055211,11.35,0,0,0
2021-08-17,60.96,0.04,39,7573,5901722,63.46,5140,5463018,58.75,83320,1138531,12.24,0,0,0
2021-08-18,60.99,0.04,38.96,8643,5910365,63.56,4603,5467621,58.8,69269,1207800,12.99,0,0,0
2021-08-19,61.03,0.04,38.92,10082,5920447,63.67,5217,5472838,58.85,65976,1273776,13.7,0,0,0
2021-08-20,61.05,0.05,38.9,4769,5925216,63.72,2828,5475666,58.88,60454,1334230,14.35,0,0,0
2021-08-21,61.06,0.05,38.89,3499,5928715,63.75,1580,5477246,58.9,50727,1384957,14.89,0,0,0
2021-08-22,61.12,0.04,38.84,9822,5938537,63.86,4808,5482054,58.95,105113,1490070,16.02,0,0,0
2021-08-23,61.17,0.04,38.79,10922,5949459,63.98,4448,5486502,59,94036,1584106,17.03,0,0,0
2021-08-24,61.23,0.04,38.73,11721,5961180,64.1,4701,5491203,59.05,98563,1682669,18.09,0,0,0
2021-08-25,61.29,0.04,38.67,9613,5970793,64.21,4484,5495687,59.1,99559,1782228,19.17,0,0,0
2021-08-26,61.36,0.03,38.61,10115,5980908,64.32,5059,5500746,59.15,101233,1883461,20.25,0,0,0
2021-08-27,61.35,0.04,38.61,4325,5985233,64.36,2790,5503536,59.18,56695,1940156,20.86,0,0,0
2021-08-28,61.4,0.04,38.57,3704,5988937,64.4,1500,5505036,59.2,33543,1973699,21.22,0,0,0
2021-08-29,61.46,0.03,38.5,10323,5999260,64.51,5933,5510969,59.26,79552,2053251,22.08,0,0,0
2021-08-30,61.53,0.03,38.44,12332,6011592,64.65,7017,5517986,59.34,116011,2169262,23.33,0,0,0
2021-08-31,61.6,0.03,38.37,12075,6023667,64.78,6529,5524515,59.41,114885,2284147,24.56,0,0,0
2021-09-01,61.43,0.03,38.54,9036,6032703,64.87,6043,5530558,59.47,112496,2396643,25.77,0,0,0
2021-09-02,61.49,0.03,38.48,8784,6041487,64.97,7186,5537744,59.55,111549,2508192,26.97,0,0,0
2021-09-03,61.56,0.03,38.42,3751,6045238,65.01,4118,5541862,59.59,58886,2567078,27.61,0,0,0
2021-09-04,61.59,0.03,38.38,2692,6047930,65.04,2023,5543885,59.62,29955,2597033,27.93,0,0,0
2021-09-05,61.68,0.03,38.29,6991,6054921,65.11,6460,5550345,59.69,73328,2670361,28.72,0,0,0
2021-09-06,61.77,0.03,38.2,2836,6057757,65.14,2718,5553063,59.71,22800,2693161,28.96,0,0,0
2021-09-07,61.85,0.03,38.12,1202,6058959,65.16,880,5553943,59.72,5398,2698559,29.02,0,0,0
2021-09-08,61.93,0.03,38.05,1380,6060339,65.17,1197,5555140,59.74,6621,2705180,29.09,0,0,0
2021-09-09,62.02,0.03,37.95,7093,6067432,65.25,12574,5567714,59.87,73847,2779027,29.88,0,0,0
2021-09-10,62.06,0.03,37.91,3258,6070690,65.28,5016,5572730,59.93,37938,2816965,30.29,0,0,0
2021-09-11,62.08,0.03,37.89,2109,6072799,65.3,2509,5575239,59.95,14817,2831782,30.45,0,0,0
2021-09-12,62.16,0.03,37.81,6105,6078904,65.37,8589,5583828,60.05,54137,2885919,31.03,0,0,0
2021-09-13,62.15,0.03,37.82,5611,6084515,65.43,8264,5592092,60.13,47984,2933903,31.55,0,0,0
2021-09-14,62.2,0.03,37.77,4964,6089479,65.48,7424,5599516,60.21,48856,2982759,32.08,0,0,0
2021-09-15,62.25,0.03,37.72,1751,6091230,65.5,2719,5602235,60.24,16687,2999446,32.25,0,0,0
2021-09-16,62.37,0.03,37.6,343,6091573,65.51,550,5602785,60.25,1740,3001186,32.27,0,0,0
2021-09-17,62.42,0.03,37.54,3683,6095256,65.55,7022,5609807,60.33,42908,3044094,32.73,0,0,0
2021-09-18,62.45,0.03,37.52,2258,6097514,65.57,2946,5612753,60.36,12784,3056878,32.87,0,0,0
2021-09-19,62.55,0.03,37.42,5943,6103457,65.63,10712,5623465,60.47,44331,3101209,33.35,0,0,0
2021-09-20,62.63,0.03,37.34,3246,6106703,65.67,4646,5628111,60.52,16708,3117917,33.53,0,0,0
2021-09-21,62.69,0.03,37.28,1340,6108043,65.68,2068,5630179,60.54,3476,3121393,33.57,0,0,0
2021-09-22,62.72,0.03,37.25,4260,6112303,65.73,7250,5637429,60.62,25072,3146465,33.84,0,0,0
2021-09-23,62.75,0.03,37.22,4391,6116694,65.78,5918,5643347,60.69,27834,3174299,34.13,0,0,0
2021-09-24,62.82,0.03,37.15,3203,6119897,65.81,4185,5647532,60.73,27725,3202024,34.43,0,0,0
2021-09-25,62.85,0.03,37.12,2080,6121977,65.83,2264,5649796,60.76,10443,3212467,34.55,0,0,0
2021-09-26,62.96,0.03,37,5605,6127582,65.89,5973,5655769,60.82,36271,3248738,34.94,0,0,0
2021-09-27,63.02,0.03,36.94,4696,6132278,65.94,4469,5660238,60.87,30457,3279195,35.26,0,0,0
2021-09-28,63.06,0.04,36.91,1473,6133751,65.96,1187,5661425,60.88,6250,3285445,35.33,0,0,0
2021-09-29,63.13,0.03,36.84,9621,6143372,66.06,8350,5669775,60.97,60325,3345770,35.98,0,0,0
2021-09-30,63.18,0.03,36.79,10978,6154350,66.18,8581,5678356,61.06,79704,3425474,36.84,0,0,0
2021-10-01,63.23,0.03,36.73,5128,6159478,66.24,3876,5682232,61.1,46546,3472020,37.34,0,0,0
2021-10-02,63.26,0.03,36.71,2865,6162343,66.27,2128,5684360,61.13,22433,3494453,37.58,0,0,0
2021-10-03,63.35,0.03,36.62,11668,6174011,66.39,7275,5691635,61.2,70726,3565179,38.34,0,0,0
2021-10-04,63.4,0.03,36.57,10322,6184333,66.5,6759,5698394,61.28,51911,3617090,38.9,0,0,0
2021-10-05,63.41,0.03,36.55,8460,6192793,66.59,5314,5703708,61.33,40484,3657574,39.33,0,0,0
2021-10-06,63.52,0.03,36.45,7543,6200336,66.68,4185,5707893,61.38,34151,3691725,39.7,0,0,0
2021-10-07,63.63,0.03,36.34,6895,6207231,66.75,4011,5711904,61.42,34074,3725799,40.07,0,0,0
2021-10-08,63.68,0.03,36.29,3086,6210317,66.78,2644,5714548,61.45,19250,3745049,40.27,0,0,0
2021-10-09,63.71,0.03,36.26,1341,6211658,66.8,1444,5715992,61.47,7441,3752490,40.35,0,0,0
2021-10-10,63.82,0.04,36.14,4677,6216335,66.85,3747,5719739,61.51,21519,3774009,40.58,0,0,0
2021-10-11,63.91,0.04,36.05,4299,6220634,66.89,2946,5722685,61.54,17270,3791279,40.77,0,0,0
2021-10-12,63.99,0.05,35.96,3977,6224611,66.94,3007,5725692,61.57,15357,3806636,40.93,0,0,0
2021-10-13,64.09,0.05,35.86,3487,6228098,66.97,2451,5728143,61.6,13587,3820223,41.08,0,0,0
2021-10-14,64.19,0.06,35.75,3870,6231968,67.02,2686,5730829,61.63,16569,3836792,41.26,0,0,0
2021-10-15,64.23,0.07,35.7,1705,6233673,67.03,1686,5732515,61.64,9012,3845804,41.36,0,0,0
2021-10-16,64.25,0.08,35.67,729,6234402,67.04,958,5733473,61.65,4036,3849840,41.4,0,0,0
2021-10-17,64.36,0.09,35.56,3090,6237492,67.07,2526,5735999,61.68,12799,3862639,41.54,0,0,0
2021-10-18,64.43,0.1,35.47,2459,6239951,67.1,1694,5737693,61.7,10069,3872708,41.65,0,0,0
2021-10-19,64.49,0.1,35.4,2399,6242350,67.13,1284,5738977,61.71,9295,3882003,41.75,0,0,0
2021-10-20,64.14,0.52,35.34,2438,6244788,67.15,2304,5741281,61.74,10104,3892107,41.85,0,0,0
2021-10-21,54.23,10.41,35.36,3033,6247821,67.19,3098,5744379,61.77,12165,3904272,41.98,0,0,0
2021-10-22,54.36,10.26,35.38,1279,6249100,67.2,1439,5745818,61.79,5842,3910114,42.05,0,0,0
2021-10-23,54.42,10.19,35.39,575,6249675,67.21,1266,5747084,61.8,2565,3912679,42.08,0,0,0
2021-10-24,54.22,10.43,35.35,2518,6252193,67.23,2653,5749737,61.83,9857,3922536,42.18,0,0,0
2021-10-25,54.59,10.22,35.19,2640,6254833,67.26,2753,5752490,61.86,8512,3931048,42.27,0,0,0
2021-10-26,54.64,10.26,35.1,2381,6257214,67.29,2058,5754548,61.88,8531,3939579,42.36,0,0,0
2021-10-27,54.58,10.37,35.06,2292,6259506,67.31,2566,5757114,61.91,7960,3947539,42.45,0,0,0
2021-10-28,54.69,10.76,34.55,2508,6262014,67.34,2782,5759896,61.94,8677,3956216,42.54,0,0,0
2021-10-29,54.73,10.75,34.52,904,6262918,67.35,1154,5761050,61.95,4138,3960354,42.59,0,0,0
2021-10-30,54.68,10.81,34.52,366,6263284,67.35,530,5761580,61.96,1712,3962066,42.61,0,0,0
2021-10-31,54.83,10.7,34.47,2262,6265546,67.38,2495,5764075,61.98,8255,3970321,42.69,0,0,0
2021-11-01,54.95,10.63,34.42,1737,6267283,67.4,2094,5766169,62.01,6481,3976802,42.76,0,0,0
2021-11-02,54.89,10.69,34.42,2026,6269309,67.42,2050,5768219,62.03,6296,3983098,42.83,0,0,0
2021-11-03,54.86,10.75,34.39,1765,6271074,67.44,1897,5770116,62.05,5556,3988654,42.89,0,0,0
2021-11-04,54.85,10.81,34.33,2111,6273185,67.46,2802,5772918,62.08,7135,3995789,42.97,0,0,0
2021-11-05,54.85,10.83,34.32,793,6273978,67.47,907,5773825,62.09,3488,3999277,43.01,0,0,0
2021-11-06,54.82,10.86,34.32,347,6274325,67.47,389,5774214,62.09,1375,4000652,43.02,0,0,0
2021-11-07,54.92,10.8,34.28,1578,6275903,67.49,1770,5775984,62.11,6133,4006785,43.09,0,0,0
2021-11-08,55.01,10.75,34.24,1521,6277424,67.5,1603,5777587,62.13,5406,4012191,43.15,0,0,0
2021-11-09,55.05,10.74,34.21,1429,6278853,67.52,1612,5779199,62.15,5333,4017524,43.2,0,0,0
2021-11-10,55.08,10.73,34.19,1424,6280277,67.53,1662,5780861,62.16,4779,4022303,43.25,0,0,0
2021-11-11,55.15,10.69,34.15,1628,6281905,67.55,1948,5782809,62.19,5720,4028023,43.32,0,0,0
2021-11-12,55.17,10.69,34.14,637,6282542,67.56,826,5783635,62.19,2926,4030949,43.35,0,0,0
2021-11-13,55.14,10.72,34.14,259,6282801,67.56,291,5783926,62.2,1131,4032080,43.36,0,0,0
2021-11-14,55.21,10.68,34.11,1536,6284337,67.58,1639,5785565,62.22,5111,4037191,43.41,0,0,0
2021-11-15,55.28,10.63,34.09,1275,6285612,67.59,1628,5787193,62.23,4770,4041961,43.47,0,0,0
2021-11-16,55.32,10.62,34.07,1275,6286887,67.61,1419,5788612,62.25,4349,4046310,43.51,0,0,0
2021-11-17,55.35,10.6,34.05,1208,6288095,67.62,1567,5790179,62.26,3915,4050225,43.55,0,0,0
2021-11-18,55.41,10.58,34.02,1364,6289459,67.63,1693,5791872,62.28,5014,4055239,43.61,0,0,0
2021-11-19,55.42,10.57,34.01,589,6290048,67.64,765,5792637,62.29,2460,4057699,43.63,0,0,0
2021-11-20,55.41,10.58,34,238,6290286,67.64,258,5792895,62.29,930,4058629,43.64,0,0,0
2021-11-21,55.47,10.54,33.98,1409,6291695,67.66,1542,5794437,62.31,4881,4063510,43.7,0,0,0
2021-11-22,55.54,10.5,33.96,1681,6293376,67.68,1523,5795960,62.33,4238,4067748,43.74,0,0,0
2021-11-23,55.57,10.48,33.95,8616,6301992,67.77,1688,5797648,62.34,4012,4071760,43.79,0,0,0
2021-11-24,55.6,10.44,33.95,9348,6311340,67.87,1319,5798967,62.36,3925,4075685,43.83,0,0,0
2021-11-25,55.64,10.43,33.93,9809,6321149,67.97,1600,5800567,62.38,4841,4080526,43.88,0,0,0
2021-11-26,55.63,10.45,33.92,5610,6326759,68.03,753,5801320,62.38,2807,4083333,43.91,0,0,0
2021-11-27,55.62,10.46,33.92,4776,6331535,68.09,324,5801644,62.39,1164,4084497,43.92,0,0,0
2021-11-28,55.67,10.43,33.9,10148,6341683,68.2,1481,5803125,62.4,4907,4089404,43.98,0,0,0
2021-11-29,55.73,10.39,33.88,9043,6350726,68.29,1135,5804260,62.42,4378,4093782,44.02,0,0,0
2021-11-30,55.77,10.37,33.86,10043,6360769,68.4,1039,5805299,62.43,4085,4097867,44.07,0,0,0
2021-12-01,55.79,10.36,33.84,8629,6369398,68.49,1098,5806397,62.44,4445,4102312,44.11,5,5,0
2021-12-02,55.84,10.34,33.82,9174,6378572,68.59,1457,5807854,62.45,5126,4107438,44.17,6,11,0
2021-12-03,55.86,10.33,33.81,6329,6384901,68.66,673,5808527,62.46,2868,4110306,44.2,1,12,0
2021-12-04,55.85,10.34,33.81,2509,6387410,68.69,239,5808766,62.46,926,4111232,44.21,3,15,0
2021-12-05,55.9,10.31,33.79,8334,6395744,68.78,1254,5810020,62.48,4683,4115915,44.26,1,16,0
2021-12-06,55.95,10.27,33.78,6720,6402464,68.85,1200,5811220,62.49,4351,4120266,44.31,4,20,0
2021-12-07,55.99,10.25,33.76,5553,6408017,68.91,1506,5812726,62.51,3966,4124232,44.35,9,29,0
2021-12-08,56.03,10.22,33.75,4934,6412951,68.96,1201,5813927,62.52,3885,4128117,44.39,10,39,0
2021-12-09,56.08,10.19,33.73,6239,6419190,69.03,1241,5815168,62.53,4508,4132625,44.44,8,47,0
2021-12-10,56.1,10.18,33.72,3006,6422196,69.06,704,5815872,62.54,2687,4135312,44.47,4,51,0
2021-12-11,56.1,10.18,33.71,1491,6423687,69.08,255,5816127,62.54,1022,4136334,44.48,0,51,0
2021-12-12,56.16,10.15,33.69,7273,6430960,69.16,1444,5817571,62.56,5249,4141583,44.54,3,54,0
2021-12-13,56.21,10.11,33.67,6180,6437140,69.22,1377,5818948,62.57,4351,4145934,44.58,5,59,0
2021-12-14,56.27,10.09,33.65,7316,6444456,69.3,6098,5825046,62.64,4941,4150875,44.64,12,71,0
2021-12-15,56.34,10.06,33.6,7204,6451660,69.38,7404,5832450,62.72,5446,4156321,44.7,7,78,0
2021-12-16,56.53,10.05,33.42,8079,6459739,69.46,8611,5841061,62.81,6565,4162886,44.77,8,86,0
2021-12-17,56.64,10.05,33.3,4406,6464145,69.51,5141,5846202,62.87,3955,4166841,44.81,3,89,0
2021-12-18,56.73,10.07,33.2,3941,6468086,69.55,2913,5849115,62.9,1361,4168202,44.82,2,91,0
2021-12-19,56.92,10.04,33.04,6978,6475064,69.63,9328,5858443,63,6276,4174478,44.89,6,97,0
2021-12-20,57.07,10.02,32.91,7971,6483035,69.72,7520,5865963,63.08,5447,4179925,44.95,9,106,0
2021-12-21,57.27,10.01,32.71,9548,6492583,69.82,8647,5874610,63.17,6493,4186418,45.02,8,114,0
2021-12-22,57.49,10,32.52,9663,6502246,69.92,8152,5882762,63.26,6258,4192676,45.09,12,126,0
2021-12-23,57.7,9.97,32.33,11539,6513785,70.05,10262,5893024,63.37,8161,4200837,45.17,16,142,0
2021-12-24,57.83,9.96,32.21,5875,6519660,70.11,6241,5899265,63.44,5281,4206118,45.23,12,154,0
2021-12-25,57.9,9.96,32.15,3338,6522998,70.15,2566,5901831,63.47,2022,4208140,45.25,6,160,0
2021-12-26,58.1,9.92,31.98,10652,6533650,70.26,8909,5910740,63.56,8202,4216342,45.34,8,168,0
2021-12-27,58.27,9.9,31.83,10370,6544020,70.37,7142,5917882,63.64,8188,4224530,45.43,42,210,0
2021-12-28,58.46,9.88,31.66,11375,6555395,70.49,7451,5925333,63.72,9643,4234173,45.53,40,250,0
2021-12-29,58.64,9.85,31.51,9933,6565328,70.6,5964,5931297,63.78,8376,4242549,45.62,21,271,0
2021-12-30,58.84,9.82,31.34,11012,6576340,70.72,7735,5939032,63.87,12240,4254789,45.75,10,281,0
2021-12-31,58.9,9.79,31.3,4829,6581169,70.77,3671,5942703,63.9,7297,4262086,45.83,135,416,0
2022-01-01,58.93,9.79,31.28,1993,6583162,70.79,1593,5944296,63.92,2741,4264827,45.86,66,482,0.01
2022-01-02,59.14,9.76,31.1,10216,6593378,70.9,6487,5950783,63.99,13002,4277829,46,590,1072,0.01
2022-01-03,59.29,9.71,31,9384,6602762,71,5259,5956042,64.05,11343,4289172,46.12,25055,26127,0.28
2022-01-04,59.46,9.68,30.86,8963,6611725,71.1,5947,5961989,64.11,10525,4299697,46.24,50665,76792,0.83
2022-01-05,59.56,9.65,30.79,8554,6620279,71.19,5740,5967729,64.17,10492,4310189,46.35,59598,136390,1.47
2022-01-06,59.81,9.63,30.56,10339,6630618,71.3,7958,5975687,64.26,13532,4323721,46.5,64008,200398,2.16
2022-01-07,59.89,9.61,30.49,4759,6635377,71.35,4557,5980244,64.31,8167,4331888,46.58,31136,231534,2.49
2022-01-08,59.9,9.64,30.46,2749,6638126,71.38,2451,5982695,64.33,5502,4337390,46.64,27634,259168,2.79
2022-01-09,60.06,9.59,30.35,9306,6647432,71.48,7724,5990419,64.42,11872,4349262,46.77,66773,325941,3.51
2022-01-10,60.21,9.54,30.25,8347,6655779,71.57,7646,5998065,64.5,11885,4361147,46.9,64826,390767,4.2
2022-01-11,60.38,9.49,30.13,8097,6663876,71.66,8622,6006687,64.59,11974,4373121,47.03,56662,447429,4.81
2022-01-12,60.51,9.45,30.04,7275,6671151,71.74,8305,6014992,64.68,11114,4384235,47.15,44633,492062,5.29
2022-01-13,60.7,9.35,29.94,7510,6678661,71.82,9617,6024609,64.79,11549,4395784,47.27,34770,526832,5.67
2022-01-14,60.79,9.31,29.9,2555,6681216,71.85,4935,6029544,64.84,6147,4401931,47.34,11146,537978,5.79
2022-01-15,60.83,9.29,29.87,1469,6682685,71.86,3170,6032714,64.87,3885,4405816,47.38,5716,543694,5.85
2022-01-16,60.97,9.2,29.82,3817,6686502,71.9,8524,6041238,64.96,7683,4413499,47.46,19993,563687,6.06
2022-01-17,61.09,9.13,29.78,2808,6689310,71.93,7047,6048285,65.04,6173,4419672,47.53,17835,581522,6.25
2022-01-18,61.23,9.07,29.7,2475,6691785,71.96,7386,6055671,65.12,5537,4425209,47.59,14819,596341,6.41
2022-01-19,61.37,8.98,29.65,1915,6693700,71.98,6368,6062039,65.19,4523,4429732,47.64,8462,604803,6.5
2022-01-20,61.44,8.85,29.71,1777,6695477,72,6971,6069010,65.26,4792,4434524,47.69,8042,612845,6.59
2022-01-21,61.51,8.81,29.68,905,6696382,72.01,3725,6072735,65.3,2646,4437170,47.72,3358,616203,6.63
2022-01-22,61.51,8.75,29.74,327,6696709,72.01,1462,6074197,65.32,1069,4438239,47.73,1114,617317,6.64
2022-01-23,61.61,8.7,29.69,1068,6697777,72.02,5632,6079829,65.38,2879,4441118,47.76,6083,623400,6.7
2022-01-24,61.73,8.62,29.65,759,6698536,72.03,4482,6084311,65.43,2271,4443389,47.78,5057,628457,6.76
2022-01-25,61.9,8.51,29.59,743,6699279,72.04,4401,6088712,65.48,2187,4445576,47.81,7103,635560,6.83
2022-01-26,62.02,8.42,29.57,615,6699894,72.05,3286,6091998,65.51,1612,4447188,47.82,4264,639824,6.88
2022-01-27,62.12,8.35,29.52,797,6700691,72.06,4405,6096403,65.56,2007,4449195,47.84,5441,645265,6.94
2022-01-28,62.16,8.33,29.5,397,6701088,72.06,2377,6098780,65.58,1182,4450377,47.86,3452,648717,6.98
2022-01-29,62.23,8.29,29.48,124,6701212,72.06,1046,6099826,65.59,425,4450802,47.86,1162,649879,6.99
2022-01-30,62.3,8.24,29.46,769,6701981,72.07,4719,6104545,65.65,2020,4452822,47.88,8099,657978,7.08
2022-01-31,62.39,8.17,29.43,528,6702509,72.08,3183,6107728,65.68,1610,4454432,47.9,6472,664450,7.15
2022-02-01,62.45,8.15,29.4,482,6702991,72.08,2810,6110538,65.71,1528,4455960,47.92,5722,670172,7.21
2022-02-02,62.28,8.13,29.59,375,6703366,72.08,2394,6112932,65.74,1386,4457346,47.93,5074,675246,7.26
2022-02-03,62.34,8.08,29.57,446,6703812,72.09,2777,6115709,65.77,1462,4458808,47.95,5606,680852,7.32
2022-02-04,62.37,8.06,29.57,174,6703986,72.09,991,6116700,65.78,758,4459566,47.96,2455,683307,7.35
2022-02-05,62.34,8.09,29.56,62,6704048,72.09,342,6117042,65.78,221,4459787,47.96,420,683727,7.35
2022-02-06,62.41,8.05,29.55,407,6704455,72.1,2321,6119363,65.8,1344,4461131,47.97,5687,689414,7.41
2022-02-07,62.47,8.01,29.52,283,6704738,72.1,1308,6120671,65.82,984,4462115,47.98,5961,695375,7.48
2022-02-08,62.54,7.97,29.49,317,6705055,72.1,1498,6122169,65.83,1068,4463183,47.99,6138,701513,7.54
2022-02-09,62.6,7.95,29.45,254,6705309,72.11,1102,6123271,65.85,946,4464129,48,4572,706085,7.59
2022-02-10,62.63,7.93,29.44,273,6705582,72.11,1292,6124563,65.86,936,4465065,48.02,4816,710901,7.64
2022-02-11,62.67,7.91,29.42,212,6705794,72.11,557,6125120,65.87,519,4465584,48.02,2540,713441,7.67
2022-02-12,62.67,7.91,29.41,32,6705826,72.11,91,6125211,65.87,137,4465721,48.02,269,713710,7.67
2022-02-13,62.73,7.87,29.39,286,6706112,72.11,947,6126158,65.88,967,4466688,48.03,4998,718708,7.73
2022-02-14,62.89,7.74,29.36,179,6706291,72.12,628,6126786,65.88,761,4467449,48.04,3143,721851,7.76
2022-02-15,62.92,7.73,29.35,266,6706557,72.12,763,6127549,65.89,938,4468387,48.05,3819,725670,7.8
2022-02-16,62.95,7.72,29.34,179,6706736,72.12,577,6128126,65.9,803,4469190,48.06,2488,728158,7.83
2022-02-17,62.96,7.7,29.34,247,6706983,72.12,740,6128866,65.91,775,4469965,48.07,3061,731219,7.86
2022-02-18,62.98,7.69,29.33,130,6707113,72.13,343,6129209,65.91,441,4470406,48.07,1119,732338,7.88
2022-02-19,62.99,7.69,29.32,33,6707146,72.13,84,6129293,65.91,82,4470488,48.07,80,732418,7.88
2022-02-20,63.01,7.67,29.32,204,6707350,72.13,604,6129897,65.92,723,4471211,48.08,2574,734992,7.9
2022-02-21,63.04,7.65,29.31,173,6707523,72.13,415,6130312,65.92,490,4471701,48.09,1542,736534,7.92
2022-02-22,63.05,7.65,29.3,158,6707681,72.13,455,6130767,65.93,571,4472272,48.09,1871,738405,7.94
2022-02-23,63.06,7.65,29.29,109,6707790,72.13,353,6131120,65.93,453,4472725,48.1,1153,739558,7.95
2022-02-24,63.05,7.66,29.29,138,6707928,72.13,463,6131583,65.94,568,4473293,48.1,1493,741051,7.97
2022-02-25,63.06,7.66,29.28,59,6707987,72.13,144,6131727,65.94,193,4473486,48.11,456,741507,7.97
2022-02-26,63.05,7.67,29.28,17,6708004,72.13,28,6131755,65.94,161,4473647,48.11,35,741542,7.97
2022-02-27,63.05,7.67,29.28,112,6708116,72.14,341,6132096,65.94,448,4474095,48.11,1119,742661,7.99
2022-02-28,63.07,7.65,29.28,108,6708224,72.14,271,6132367,65.94,426,4474521,48.12,908,743569,8
2022-03-01,63.1,7.63,29.27,97,6708321,72.14,281,6132648,65.95,373,4474894,48.12,797,744366,8
2022-03-02,63.11,7.62,29.27,77,6708398,72.14,199,6132847,65.95,324,4475218,48.12,698,745064,8.01
2022-03-03,63.05,7.67,29.27,158,6708556,72.14,371,6133218,65.95,499,4475717,48.13,986,746050,8.02
2022-03-04,63.05,7.68,29.27,54,6708610,72.14,170,6133388,65.96,170,4475887,48.13,228,746278,8.03
2022-03-05,63.04,7.69,29.27,5,6708615,72.14,25,6133413,65.96,44,4475931,48.13,32,746310,8.03
2022-03-06,63.04,7.69,29.27,98,6708713,72.14,259,6133672,65.96,417,4476348,48.14,760,747070,8.03
2022-03-07,63.05,7.69,29.26,88,6708801,72.14,260,6133932,65.96,354,4476702,48.14,605,747675,8.04
2022-03-08,63.04,7.7,29.26,100,6708901,72.14,263,6134195,65.96,333,4477035,48.14,550,748225,8.05
2022-03-09,63.02,7.72,29.25,89,6708990,72.15,213,6134408,65.97,337,4477372,48.15,492,748717,8.05
2022-03-10,63.01,7.74,29.25,115,6709105,72.15,375,6134783,65.97,428,4477800,48.15,620,749337,8.06
2022-03-11,63,7.75,29.25,24,6709129,72.15,85,6134868,65.97,123,4477923,48.15,144,749481,8.06
2022-03-12,62.98,7.77,29.24,11,6709140,72.15,12,6134880,65.97,34,4477957,48.15,28,749509,8.06
2022-03-13,62.98,7.78,29.24,100,6709240,72.15,271,6135151,65.97,359,4478316,48.16,595,750104,8.07
2022-03-14,62.98,7.78,29.24,66,6709306,72.15,253,6135404,65.98,316,4478632,48.16,559,750663,8.07
2022-03-15,62.95,7.81,29.24,80,6709386,72.15,185,6135589,65.98,293,4478925,48.16,591,751254,8.08
2022-03-16,62.94,7.82,29.24,77,6709463,72.15,205,6135794,65.98,305,4479230,48.17,668,751922,8.09
2022-03-17,62.94,7.82,29.24,65,6709528,72.15,122,6135916,65.98,286,4479516,48.17,613,752535,8.09
2022-03-18,62.94,7.82,29.24,20,6709548,72.15,54,6135970,65.98,100,4479616,48.17,234,752769,8.09
2022-03-19,62.89,7.88,29.23,6,6709554,72.15,11,6135981,65.98,29,4479645,48.17,39,752808,8.1
2022-03-20,62.87,7.89,29.23,120,6709674,72.15,260,6136241,65.99,486,4480131,48.18,1431,754239,8.11
2022-03-21,62.87,7.9,29.23,97,6709771,72.15,249,6136490,65.99,379,4480510,48.18,1132,755371,8.12
2022-03-22,62.84,7.94,29.23,141,6709912,72.16,342,6136832,65.99,508,4481018,48.19,1770,757141,8.14
2022-03-23,62.81,7.97,29.22,108,6710020,72.16,212,6137044,65.99,463,4481481,48.19,1677,758818,8.16
2022-03-24,62.78,8,29.22,175,6710195,72.16,345,6137389,66,769,4482250,48.2,2363,761181,8.19
2022-03-25,62.78,8,29.23,39,6710234,72.16,83,6137472,66,159,4482409,48.2,630,761811,8.19
2022-03-26,62.77,8,29.22,12,6710246,72.16,13,6137485,66,34,4482443,48.2,91,761902,8.19
2022-03-27,62.75,8.02,29.22,168,6710414,72.16,344,6137829,66,760,4483203,48.21,3193,765095,8.23
2022-03-28,62.75,8.03,29.22,113,6710527,72.16,272,6138101,66.01,623,4483826,48.22,2416,767511,8.25
2022-03-29,62.7,8.07,29.22,126,6710653,72.16,260,6138361,66.01,641,4484467,48.22,2772,770283,8.28
2022-03-30,62.81,8.11,29.07,132,6710785,72.16,208,6138569,66.01,542,4485009,48.23,2371,772654,8.31
2022-03-31,62.79,8.11,29.1,166,6710951,72.17,302,6138871,66.01,732,4485741,48.24,2853,775507,8.34
2022-04-01,62.72,8.13,29.15,122,6711073,72.17,161,6139032,66.02,277,4486018,48.24,589,776096,8.35
2022-04-02,62.69,8.15,29.16,7,6711080,72.17,7,6139039,66.02,37,4486055,48.24,52,776148,8.35
2022-04-03,62.65,8.16,29.19,159,6711239,72.17,270,6139309,66.02,569,4486624,48.25,2478,778626,8.37
2022-04-04,62.62,8.16,29.22,103,6711342,72.17,208,6139517,66.02,485,4487109,48.25,2225,780851,8.4
2022-04-05,62.57,8.19,29.25,123,6711465,72.17,221,6139738,66.02,513,4487622,48.26,2243,783094,8.42
2022-04-06,62.55,8.2,29.25,91,6711556,72.17,157,6139895,66.03,382,4488004,48.26,2023,785117,8.44
2022-04-07,62.56,8.2,29.24,191,6711747,72.17,215,6140110,66.03,641,4488645,48.27,2556,787673,8.47
2022-04-08,62.54,8.22,29.23,30,6711777,72.18,61,6140171,66.03,154,4488799,48.27,482,788155,8.48
2022-04-09,62.52,8.25,29.23,6,6711783,72.18,17,6140188,66.03,28,4488827,48.27,47,788202,8.48
2022-04-10,62.51,8.26,29.23,103,6711886,72.18,265,6140453,66.03,429,4489256,48.28,1845,790047,8.5
2022-04-11,62.54,8.26,29.2,78,6711964,72.18,201,6140654,66.03,371,4489627,48.28,1425,791472,8.51
2022-04-12,62.58,8.29,29.12,204,6712168,72.18,168,6140822,66.04,376,4490003,48.28,1361,792833,8.53
2022-04-13,62.58,8.31,29.1,117,6712285,72.18,150,6140972,66.04,299,4490302,48.29,1218,794051,8.54
2022-04-14,62.57,8.33,29.1,85,6712370,72.18,222,6141194,66.04,321,4490623,48.29,1069,795120,8.55
2022-04-15,62.55,8.35,29.1,10,6712380,72.18,51,6141245,66.04,48,4490671,48.29,82,795202,8.55
2022-04-16,62.53,8.37,29.1,3,6712383,72.18,8,6141253,66.04,21,4490692,48.29,29,795231,8.55
2022-04-17,62.52,8.38,29.1,62,6712445,72.18,131,6141384,66.04,229,4490921,48.29,807,796038,8.56
2022-04-18,62.51,8.38,29.1,68,6712513,72.18,109,6141493,66.04,253,4491174,48.3,750,796788,8.57
2022-04-19,62.5,8.4,29.1,62,6712575,72.18,145,6141638,66.04,273,4491447,48.3,842,797630,8.58
2022-04-20,62.48,8.42,29.1,60,6712635,72.18,117,6141755,66.05,235,4491682,48.3,656,798286,8.58
2022-04-21,62.47,8.43,29.1,53,6712688,72.18,109,6141864,66.05,197,4491879,48.3,480,798766,8.59
2022-04-22,62.45,8.44,29.11,3,6712691,72.19,17,6141881,66.05,19,4491898,48.3,20,798786,8.59
2022-04-23,62.43,8.46,29.11,6,6712697,72.19,9,6141890,66.05,17,4491915,48.3,13,798799,8.59
2022-04-24,62.43,8.47,29.1,92,6712789,72.19,250,6142140,66.05,329,4492244,48.31,872,799671,8.6
2022-04-25,62.43,8.47,29.1,104,6712893,72.19,193,6142333,66.05,316,4492560,48.31,739,800410,8.61
2022-04-26,62.42,8.48,29.1,76,6712969,72.19,175,6142508,66.05,304,4492864,48.31,789,801199,8.62
2022-04-27,62.41,8.49,29.1,54,6713023,72.19,160,6142668,66.06,227,4493091,48.32,640,801839,8.62
2022-04-28,62.41,8.5,29.1,97,6713120,72.19,232,6142900,66.06,329,4493420,48.32,872,802711,8.63
2022-04-29,62.39,8.51,29.1,112,6713232,72.19,159,6143059,66.06,184,4493604,48.32,196,802907,8.63
2022-04-30,62.38,8.52,29.1,1,6713233,72.19,3,6143062,66.06,24,4493628,48.32,22,802929,8.63
2022-05-01,62.38,8.53,29.09,135,6713368,72.19,185,6143247,66.06,317,4493945,48.33,630,803559,8.64
2022-05-02,62.37,8.54,29.09,62,6713430,72.19,155,6143402,66.06,235,4494180,48.33,491,804050,8.65
2022-05-03,62.36,8.55,29.09,73,6713503,72.19,151,6143553,66.06,288,4494468,48.33,508,804558,8.65
2022-05-04,62.35,8.57,29.08,23,6713526,72.19,56,6143609,66.07,63,4494531,48.33,129,804687,8.65
2022-05-05,62.34,8.58,29.08,5,6713531,72.19,1,6143610,66.07,8,4494539,48.33,14,804701,8.65
2022-05-06,62.33,8.59,29.08,20,6713551,72.19,59,6143669,66.07,63,4494602,48.33,154,804855,8.66
2022-05-07,62.32,8.6,29.08,1,6713552,72.19,7,6143676,66.07,27,4494629,48.33,24,804879,8.66
2022-05-08,62.31,8.61,29.08,118,6713670,72.2,207,6143883,66.07,270,4494899,48.34,457,805336,8.66
2022-05-09,62.31,8.61,29.08,59,6713729,72.2,162,6144045,66.07,253,4495152,48.34,505,805841,8.67
2022-05-10,62.3,8.62,29.08,131,6713860,72.2,169,6144214,66.07,261,4495413,48.34,508,806349,8.67
2022-05-11,62.3,8.63,29.08,58,6713918,72.2,118,6144332,66.07,183,4495596,48.34,464,806813,8.68
2022-05-12,62.29,8.64,29.07,119,6714037,72.2,200,6144532,66.08,282,4495878,48.35,667,807480,8.68
2022-05-13,62.28,8.65,29.07,11,6714048,72.2,44,6144576,66.08,71,4495949,48.35,110,807590,8.68
2022-05-14,62.26,8.66,29.07,6,6714054,72.2,13,6144589,66.08,14,4495963,48.35,24,807614,8.68
2022-05-15,62.26,8.67,29.07,90,6714144,72.2,175,6144764,66.08,246,4496209,48.35,665,808279,8.69
2022-05-16,62.19,8.65,29.16,68,6714212,72.2,141,6144905,66.08,230,4496439,48.35,510,808789,8.7
2022-05-17,62.18,8.66,29.16,73,6714285,72.2,153,6145058,66.08,267,4496706,48.36,618,809407,8.7
2022-05-18,62.17,8.67,29.16,43,6714328,72.2,99,6145157,66.08,169,4496875,48.36,447,809854,8.71
2022-05-19,62.16,8.68,29.16,62,6714390,72.2,173,6145330,66.08,213,4497088,48.36,499,810353,8.71
2022-05-20,62.15,8.69,29.16,76,6714466,72.2,114,6145444,66.09,130,4497218,48.36,138,810491,8.72
2022-05-21,62.14,8.7,29.16,4,6714470,72.2,7,6145451,66.09,15,4497233,48.36,18,810509,8.72
2022-05-22,62.14,8.71,29.16,85,6714555,72.2,190,6145641,66.09,216,4497449,48.36,427,810936,8.72
2022-05-23,62.14,8.71,29.16,66,6714621,72.21,120,6145761,66.09,157,4497606,48.37,351,811287,8.72
2022-05-24,62.13,8.71,29.15,43,6714664,72.21,119,6145880,66.09,157,4497763,48.37,394,811681,8.73
2022-05-25,62.12,8.72,29.15,61,6714725,72.21,103,6145983,66.09,168,4497931,48.37,337,812018,8.73
2022-05-26,62.11,8.73,29.16,72,6714797,72.21,136,6146119,66.09,186,4498117,48.37,347,812365,8.74
2022-05-27,62.1,8.74,29.16,12,6714809,72.21,30,6146149,66.09,43,4498160,48.37,59,812424,8.74
2022-05-28,62.09,8.75,29.16,2,6714811,72.21,5,6146154,66.09,8,4498168,48.37,12,812436,8.74
2022-05-29,62.09,8.75,29.16,89,6714900,72.21,153,6146307,66.09,163,4498331,48.37,316,812752,8.74
2022-05-30,62.09,8.76,29.16,56,6714956,72.21,134,6146441,66.1,126,4498457,48.37,291,813043,8.74
2022-05-31,62.07,8.78,29.15,45,6715001,72.21,104,6146545,66.1,153,4498610,48.38,351,813394,8.75
2022-06-01,61.95,8.9,29.16,65,6715066,72.21,90,6146635,66.1,119,4498729,48.38,277,813671,8.75
2022-06-02,45.96,24.88,29.15,77,6715143,72.21,156,6146791,66.1,178,4498907,48.38,255,813926,8.75
2022-06-03,45.9,24.95,29.16,10,6715153,72.21,23,6146814,66.1,21,4498928,48.38,33,813959,8.75
2022-06-04,45.84,25,29.16,0,6715153,72.21,7,6146821,66.1,8,4498936,48.38,5,813964,8.75
2022-06-05,45.8,25.05,29.16,11,6715164,72.21,14,6146835,66.1,7,4498943,48.38,2,813966,8.75
2022-06-06,39.96,30.89,29.16,58,6715222,72.21,145,6146980,66.1,161,4499104,48.38,262,814228,8.76
2022-06-07,39.92,30.93,29.15,54,6715276,72.21,134,6147114,66.1,142,4499246,48.38,379,814607,8.76
2022-06-08,39.89,30.96,29.15,59,6715335,72.21,104,6147218,66.1,131,4499377,48.38,497,815104,8.77
2022-06-09,39.86,30.99,29.15,84,6715419,72.21,208,6147426,66.11,234,4499611,48.39,642,815746,8.77
2022-06-10,39.83,31.02,29.15,15,6715434,72.21,51,6147477,66.11,60,4499671,48.39,142,815888,8.77
2022-06-11,39.8,31.05,29.15,0,6715434,72.21,3,6147480,66.11,7,4499678,48.39,19,815907,8.77
2022-06-12,39.8,31.05,29.15,109,6715543,72.22,200,6147680,66.11,192,4499870,48.39,768,816675,8.78
2022-06-13,39.81,31.04,29.15,84,6715627,72.22,142,6147822,66.11,168,4500038,48.39,626,817301,8.79
2022-06-14,39.79,31.06,29.15,116,6715743,72.22,174,6147996,66.11,208,4500246,48.39,759,818060,8.8
2022-06-15,39.78,31.08,29.15,71,6715814,72.22,141,6148137,66.11,207,4500453,48.4,700,818760,8.8
2022-06-16,39.74,31.11,29.14,94,6715908,72.22,136,6148273,66.12,218,4500671,48.4,742,819502,8.81
2022-06-17,39.72,31.14,29.15,16,6715924,72.22,63,6148336,66.12,53,4500724,48.4,125,819627,8.81
2022-06-18,39.68,31.17,29.14,3,6715927,72.22,4,6148340,66.12,11,4500735,48.4,15,819642,8.81
2022-06-19,39.53,31.33,29.15,115,6716042,72.22,208,6148548,66.12,318,4501053,48.4,877,820519,8.82
2022-06-20,33.92,36.85,29.23,99,6716141,72.22,152,6148700,66.12,307,4501360,48.41,924,821443,8.83
2022-06-21,33.58,37.19,29.23,94,6716235,72.22,154,6148854,66.12,375,4501735,48.41,1229,822672,8.85
2022-06-22,33.28,37.49,29.23,110,6716345,72.22,136,6148990,66.12,339,4502074,48.41,894,823566,8.86
2022-06-23,32.84,37.92,29.23,132,6716477,72.23,217,6149207,66.13,525,4502599,48.42,1146,824712,8.87
2022-06-24,32.43,38.34,29.24,19,6716496,72.23,35,6149242,66.13,110,4502709,48.42,208,824920,8.87
2022-06-25,32.04,38.72,29.24,1,6716497,72.23,3,6149245,66.13,13,4502722,48.42,16,824936,8.87
2022-06-26,31.63,39.13,29.24,107,6716604,72.23,158,6149403,66.13,379,4503101,48.42,933,825869,8.88
2022-06-27,31.29,39.47,29.24,86,6716690,72.23,172,6149575,66.13,392,4503493,48.43,1028,826897,8.89
2022-06-28,30.86,39.91,29.24,85,6716775,72.23,151,6149726,66.13,363,4503856,48.43,932,827829,8.9
2022-06-29,30.48,40.28,29.24,76,6716851,72.23,108,6149834,66.13,265,4504121,48.44,816,828645,8.91
2022-06-30,30.05,40.71,29.24,86,6716937,72.23,165,6149999,66.13,355,4504476,48.44,1062,829707,8.92
2022-07-01,29.62,41.14,29.24,22,6716959,72.23,28,6150027,66.13,55,4504531,48.44,80,829787,8.92
2022-07-02,29.2,41.56,29.24,1,6716960,72.23,2,6150029,66.13,8,4504539,48.44,18,829805,8.92
2022-07-03,28.81,41.95,29.24,100,6717060,72.23,178,6150207,66.14,322,4504861,48.44,636,830441,8.93
2022-07-04,28.5,42.26,29.24,76,6717136,72.23,140,6150347,66.14,278,4505139,48.45,749,831190,8.94
2022-07-05,28.06,42.7,29.24,59,6717195,72.23,142,6150489,66.14,302,4505441,48.45,688,831878,8.95
2022-07-06,27.39,43.37,29.24,78,6717273,72.23,124,6150613,66.14,211,4505652,48.45,646,832524,8.95
2022-07-07,26.48,44.28,29.24,82,6717355,72.24,165,6150778,66.14,267,4505919,48.45,721,833245,8.96
2022-07-08,25.47,45.29,29.24,17,6717372,72.24,33,6150811,66.14,69,4505988,48.46,131,833376,8.96
2022-07-09,24.42,46.34,29.24,0,6717372,72.24,1,6150812,66.14,3,4505991,48.46,3,833379,8.96
2022-07-10,23.77,46.99,29.24,90,6717462,72.24,164,6150976,66.14,229,4506220,48.46,470,833849,8.97
2022-07-11,23.22,47.54,29.24,64,6717526,72.24,142,6151118,66.15,248,4506468,48.46,576,834425,8.97
2022-07-12,22.13,48.63,29.24,69,6717595,72.24,129,6151247,66.15,207,4506675,48.46,558,834983,8.98
2022-07-13,21.1,49.66,29.24,43,6717638,72.24,101,6151348,66.15,165,4506840,48.46,488,835471,8.98
2022-07-14,20.12,50.63,29.24,70,6717708,72.24,147,6151495,66.15,208,4507048,48.47,513,835984,8.99
2022-07-15,19.27,51.48,29.25,64,6717772,72.24,88,6151583,66.15,127,4507175,48.47,168,836152,8.99
2022-07-16,18.29,52.46,29.25,0,6717772,72.24,6,6151589,66.15,7,4507182,48.47,8,836160,8.99
2022-07-17,17.83,52.92,29.25,77,6717849,72.24,183,6151772,66.15,241,4507423,48.47,468,836628,9
2022-07-18,17.48,53.26,29.26,62,6717911,72.24,158,6151930,66.15,207,4507630,48.47,511,837139,9
2022-07-19,16.77,53.97,29.26,62,6717973,72.24,147,6152077,66.16,174,4507804,48.47,368,837507,9.01
2022-07-20,16.09,54.64,29.26,51,6718024,72.24,134,6152211,66.16,137,4507941,48.48,423,837930,9.01
2022-07-21,15.43,55.3,29.27,62,6718086,72.24,160,6152371,66.16,176,4508117,48.48,341,838271,9.01
2022-07-22,14.64,56.08,29.28,10,6718096,72.24,36,6152407,66.16,43,4508160,48.48,56,838327,9.02
2022-07-23,14.17,56.55,29.28,0,6718096,72.24,4,6152411,66.16,4,4508164,48.48,9,838336,9.02
2022-07-24,13.55,57.16,29.29,58,6718154,72.24,128,6152539,66.16,197,4508361,48.48,364,838700,9.02
2022-07-25,13.09,57.61,29.3,48,6718202,72.24,107,6152646,66.16,172,4508533,48.48,336,839036,9.02
2022-07-26,12.46,58.23,29.3,47,6718249,72.24,99,6152745,66.16,112,4508645,48.48,270,839306,9.03
2022-07-27,11.89,58.8,29.31,44,6718293,72.25,125,6152870,66.16,132,4508777,48.49,243,839549,9.03
2022-07-28,11.35,59.34,29.31,62,6718355,72.25,143,6153013,66.17,148,4508925,48.49,221,839770,9.03
2022-07-29,10.85,59.83,29.32,10,6718365,72.25,25,6153038,66.17,27,4508952,48.49,31,839801,9.03
2022-07-30,10.34,60.33,29.33,0,6718365,72.25,0,6153038,66.17,1,4508953,48.49,1,839802,9.03
2022-07-31,9.97,60.7,29.33,56,6718421,72.25,134,6153172,66.17,131,4509084,48.49,252,840054,9.03
2022-08-01,9.47,61.19,29.34,54,6718475,72.25,76,6153248,66.17,92,4509176,48.49,152,840206,9.04
2022-08-02,8.92,61.73,29.35,111,6718586,72.25,119,6153367,66.17,157,4509333,48.49,264,840470,9.04
2022-08-03,8.46,62.19,29.35,76,6718662,72.25,71,6153438,66.17,92,4509425,48.49,181,840651,9.04
2022-08-04,8.04,62.61,29.36,133,6718795,72.25,133,6153571,66.17,111,4509536,48.49,246,840897,9.04
2022-08-05,7.71,62.93,29.36,31,6718826,72.25,23,6153594,66.17,13,4509549,48.49,24,840921,9.04
2022-08-06,7.32,63.32,29.36,1,6718827,72.25,2,6153596,66.17,3,4509552,48.49,5,840926,9.04
2022-08-07,6.92,63.71,29.37,89,6718916,72.25,97,6153693,66.17,69,4509621,48.49,169,841095,9.04
2022-08-08,6.74,63.89,29.37,109,6719025,72.25,92,6153785,66.17,92,4509713,48.5,172,841267,9.05
2022-08-09,6.25,64.37,29.38,96,6719121,72.25,90,6153875,66.18,99,4509812,48.5,213,841480,9.05
2022-08-10,5.91,64.71,29.38,77,6719198,72.25,60,6153935,66.18,76,4509888,48.5,115,841595,9.05
2022-08-11,5.59,65.03,29.38,53,6719251,72.26,101,6154036,66.18,92,4509980,48.5,156,841751,9.05
2022-08-12,5.35,65.27,29.38,8,6719259,72.26,12,6154048,66.18,18,4509998,48.5,29,841780,9.05
2022-08-13,5.1,65.52,29.38,0,6719259,72.26,2,6154050,66.18,2,4510000,48.5,3,841783,9.05
2022-08-14,4.87,65.75,29.39,74,6719333,72.26,75,6154125,66.18,82,4510082,48.5,150,841933,9.05
2022-08-15,4.74,65.87,29.39,69,6719402,72.26,80,6154205,66.18,92,4510174,48.5,144,842077,9.06
2022-08-16,4.46,66.15,29.39,82,6719484,72.26,84,6154289,66.18,84,4510258,48.5,187,842264,9.06
2022-08-17,4.16,66.44,29.39,46,6719530,72.26,56,6154345,66.18,36,4510294,48.5,116,842380,9.06
2022-08-18,3.98,66.63,29.39,70,6719600,72.26,93,6154438,66.18,120,4510414,48.5,173,842553,9.06
2022-08-19,3.83,66.78,29.39,79,6719679,72.26,67,6154505,66.18,56,4510470,48.5,38,842591,9.06
2022-08-20,3.67,66.94,29.39,1,6719680,72.26,1,6154506,66.18,3,4510473,48.5,3,842594,9.06
2022-08-21,3.52,67.08,29.4,52,6719732,72.26,85,6154591,66.18,84,4510557,48.5,197,842791,9.06
2022-08-22,3.44,67.16,29.4,89,6719821,72.26,74,6154665,66.18,103,4510660,48.51,144,842935,9.06
2022-08-23,3.27,67.33,29.4,72,6719893,72.26,106,6154771,66.19,84,4510744,48.51,180,843115,9.07
2022-08-24,3.15,67.46,29.4,38,6719931,72.26,80,6154851,66.19,49,4510793,48.51,133,843248,9.07
2022-08-25,3.03,67.57,29.4,53,6719984,72.26,75,6154926,66.19,98,4510891,48.51,193,843441,9.07
2022-08-26,2.94,67.66,29.4,4,6719988,72.26,15,6154941,66.19,9,4510900,48.51,14,843455,9.07
2022-08-27,2.84,67.76,29.4,0,6719988,72.26,0,6154941,66.19,0,4510900,48.51,0,843455,9.07
2022-08-28,2.75,67.85,29.4,55,6720043,72.26,80,6155021,66.19,85,4510985,48.51,102,843557,9.07
2022-08-29,2.69,67.91,29.4,48,6720091,72.26,68,6155089,66.19,89,4511074,48.51,107,843664,9.07
2022-08-30,2.6,68,29.4,85,6720176,72.27,113,6155202,66.19,85,4511159,48.51,131,843795,9.07
2022-08-31,2.53,68.07,29.4,42,6720218,72.27,89,6155291,66.19,70,4511229,48.51,96,843891,9.07
2022-09-01,2.46,68.14,29.4,29,6720247,72.27,84,6155375,66.19,58,4511287,48.51,113,844004,9.08
2022-09-02,2.4,68.2,29.4,6,6720253,72.27,20,6155395,66.19,13,4511300,48.51,10,844014,9.08
2022-09-03,2.33,68.27,29.4,2,6720255,72.27,0,6155395,66.19,3,4511303,48.51,1,844015,9.08
2022-09-04,2.27,68.32,29.4,64,6720319,72.27,133,6155528,66.19,80,4511383,48.51,121,844136,9.08
2022-09-05,2.23,68.37,29.4,44,6720363,72.27,77,6155605,66.19,58,4511441,48.51,90,844226,9.08
2022-09-06,2.17,68.42,29.4,60,6720423,72.27,104,6155709,66.2,78,4511519,48.51,130,844356,9.08
2022-09-07,2.12,68.47,29.4,28,6720451,72.27,63,6155772,66.2,53,4511572,48.52,95,844451,9.08
2022-09-08,2.07,68.53,29.4,50,6720501,72.27,103,6155875,66.2,70,4511642,48.52,77,844528,9.08
2022-09-09,2.03,68.57,29.4,10,6720511,72.27,21,6155896,66.2,16,4511658,48.52,17,844545,9.08
2022-09-10,1.97,68.62,29.4,1,6720512,72.27,0,6155896,66.2,5,4511663,48.52,2,844547,9.08
2022-09-11,1.92,68.67,29.41,39,6720551,72.27,117,6156013,66.2,78,4511741,48.52,116,844663,9.08
2022-09-12,1.88,68.71,29.41,24,6720575,72.27,72,6156085,66.2,52,4511793,48.52,68,844731,9.08
2022-09-13,1.82,68.77,29.41,44,6720619,72.27,113,6156198,66.2,54,4511847,48.52,103,844834,9.08
2022-09-14,1.78,68.82,29.41,21,6720640,72.27,64,6156262,66.2,54,4511901,48.52,62,844896,9.09
2022-09-15,1.73,68.86,29.41,32,6720672,72.27,77,6156339,66.2,63,4511964,48.52,107,845003,9.09
2022-09-16,1.7,68.89,29.41,51,6720723,72.27,52,6156391,66.2,27,4511991,48.52,28,845031,9.09
2022-09-17,1.66,68.93,29.41,3,6720726,72.27,0,6156391,66.2,1,4511992,48.52,0,845031,9.09
2022-09-18,1.63,68.96,29.41,28,6720754,72.27,66,6156457,66.2,52,4512044,48.52,115,845146,9.09
2022-09-19,1.61,68.98,29.41,28,6720782,72.27,74,6156531,66.2,44,4512088,48.52,57,845203,9.09
2022-09-20,1.56,69.03,29.41,41,6720823,72.27,93,6156624,66.21,75,4512163,48.52,102,845305,9.09
2022-09-21,1.55,69.05,29.41,22,6720845,72.27,54,6156678,66.21,29,4512192,48.52,56,845361,9.09
2022-09-22,1.52,69.07,29.4,42,6720887,72.27,56,6156734,66.21,27,4512219,48.52,41,845402,9.09
2022-09-23,1.5,69.1,29.41,7,6720894,72.27,11,6156745,66.21,4,4512223,48.52,1,845403,9.09
2022-09-24,1.47,69.13,29.41,0,6720894,72.27,0,6156745,66.21,1,4512224,48.52,0,845403,9.09
2022-09-25,1.46,69.13,29.41,5,6720899,72.27,20,6156765,66.21,10,4512234,48.52,27,845430,9.09
2022-09-26,1.46,69.13,29.41,0,6720899,72.27,5,6156770,66.21,3,4512237,48.52,2,845432,9.09
2022-09-27,1.42,69.17,29.41,2,6720901,72.27,0,6156770,66.21,3,4512240,48.52,3,845435,9.09
2022-09-28,1.39,69.21,29.41,24,6720925,72.27,36,6156806,66.21,25,4512265,48.52,17,845452,9.09
2022-09-29,1.37,69.22,29.41,32,6720957,72.27,61,6156867,66.21,13,4512278,48.52,48,845500,9.09
2022-09-30,1.35,69.24,29.41,4,6720961,72.27,12,6156879,66.21,2,4512280,48.52,0,845500,9.09
2022-10-01,1.31,69.29,29.41,0,6720961,72.27,1,6156880,66.21,1,4512281,48.52,1,845501,9.09
2022-10-02,1.31,69.29,29.41,28,6720989,72.27,51,6156931,66.21,20,4512301,48.52,73,845574,9.09
2022-10-03,1.31,69.28,29.4,23,6721012,72.27,29,6156960,66.21,13,4512314,48.52,12,845586,9.09
2022-10-04,1.27,69.32,29.4,7,6721019,72.27,11,6156971,66.21,0,4512314,48.52,2,845588,9.09
2022-10-05,1.28,69.31,29.4,1,6721020,72.27,0,6156971,66.21,0,4512314,48.52,1,845589,9.09
2022-10-06,1.31,69.28,29.4,17,6721037,72.27,43,6157014,66.21,10,4512324,48.52,20,845609,9.09
2022-10-07,1.3,69.29,29.41,3,6721040,72.27,3,6157017,66.21,4,4512328,48.52,0,845609,9.09
2022-10-08,1.26,69.33,29.41,1,6721041,72.27,1,6157018,66.21,0,4512328,48.52,1,845610,9.09
2022-10-09,1.31,69.28,29.41,7,6721048,72.27,22,6157040,66.21,6,4512334,48.52,5,845615,9.09
2022-10-10,1.38,69.22,29.4,5,6721053,72.27,2,6157042,66.21,0,4512334,48.52,0,845615,9.09
2022-10-11,1.36,69.24,29.4,12,6721065,72.28,32,6157074,66.21,1,4512335,48.52,32,845647,9.09
2022-10-12,1.34,69.26,29.4,13,6721078,72.28,24,6157098,66.21,5,4512340,48.52,4,845651,9.09
2022-10-13,1.4,69.2,29.4,17,6721095,72.28,16,6157114,66.21,5,4512345,48.52,9,845660,9.09
2022-10-14,1.4,69.2,29.4,6,6721101,72.28,7,6157121,66.21,4,4512349,48.52,3,845663,9.09
2022-10-15,1.38,69.22,29.4,0,6721101,72.28,1,6157122,66.21,0,4512349,48.52,1,845664,9.09
2022-10-16,1.39,69.2,29.4,5,6721106,72.28,13,6157135,66.21,5,4512354,48.52,8,845672,9.09
2022-10-17,1.39,69.2,29.4,1,6721107,72.28,1,6157136,66.21,4,4512358,48.52,1,845673,9.09
2022-10-18,1.43,69.17,29.4,24,6721131,72.28,31,6157167,66.21,14,4512372,48.52,16,845689,9.09
2022-10-19,1.47,69.12,29.4,18,6721149,72.28,25,6157192,66.21,7,4512379,48.52,3,845692,9.09
2022-10-20,1.5,69.1,29.4,26,6721175,72.28,44,6157236,66.21,12,4512391,48.52,4,845696,9.09
2022-10-21,1.5,69.09,29.4,4,6721179,72.28,7,6157243,66.21,2,4512393,48.52,4,845700,9.09
2022-10-22,1.49,69.1,29.4,0,6721179,72.28,0,6157243,66.21,0,4512393,48.52,0,845700,9.09
2022-10-23,1.51,69.08,29.4,15,6721194,72.28,33,6157276,66.21,18,4512411,48.52,10,845710,9.09
2022-10-24,1.51,69.08,29.41,20,6721214,72.28,16,6157292,66.21,19,4512430,48.52,9,845719,9.09
2022-10-25,1.55,69.04,29.4,18,6721232,72.28,34,6157326,66.21,23,4512453,48.52,21,845740,9.09
2022-10-26,1.61,68.99,29.4,18,6721250,72.28,25,6157351,66.21,8,4512461,48.52,10,845750,9.09
2022-10-27,1.67,68.93,29.4,17,6721267,72.28,27,6157378,66.21,14,4512475,48.52,17,845767,9.1
2022-10-28,1.67,68.93,29.4,60,6721327,72.28,51,6157429,66.21,31,4512506,48.53,18,845785,9.1
2022-10-29,1.66,68.94,29.4,0,6721327,72.28,0,6157429,66.21,0,4512506,48.53,0,845785,9.1
2022-10-30,1.71,68.89,29.4,15,6721342,72.28,23,6157452,66.21,15,4512521,48.53,9,845794,9.1
2022-10-31,1.76,68.84,29.4,17,6721359,72.28,16,6157468,66.21,8,4512529,48.53,10,845804,9.1
2022-11-01,1.82,68.78,29.4,3,6721362,72.28,1,6157469,66.21,1,4512530,48.53,0,845804,9.1
2022-11-02,1.88,68.72,29.4,14,6721376,72.28,14,6157483,66.21,7,4512537,48.53,8,845812,9.1
2022-11-03,1.96,68.64,29.4,17,6721393,72.28,18,6157501,66.21,11,4512548,48.53,8,845820,9.1
2022-11-04,1.98,68.63,29.4,4,6721397,72.28,6,6157507,66.21,1,4512549,48.53,2,845822,9.1
2022-11-05,1.97,68.63,29.4,0,6721397,72.28,0,6157507,66.21,0,4512549,48.53,0,845822,9.1
2022-11-06,2.03,68.57,29.4,27,6721424,72.28,33,6157540,66.22,11,4512560,48.53,23,845845,9.1
2022-11-07,2.1,68.51,29.4,15,6721439,72.28,11,6157551,66.22,10,4512570,48.53,54,845899,9.1
2022-11-08,2.1,68.5,29.4,28,6721467,72.28,26,6157577,66.22,14,4512584,48.53,9,845908,9.1
2022-11-09,2.16,68.45,29.4,16,6721483,72.28,20,6157597,66.22,17,4512601,48.53,9,845917,9.1
2022-11-10,2.22,68.39,29.4,28,6721511,72.28,17,6157614,66.22,12,4512613,48.53,6,845923,9.1
2022-11-11,2.23,68.37,29.4,1,6721512,72.28,17,6157631,66.22,2,4512615,48.53,1,845924,9.1
2022-11-12,2.22,68.38,29.4,1,6721513,72.28,0,6157631,66.22,2,4512617,48.53,0,845924,9.1
2022-11-13,2.29,68.31,29.4,29,6721542,72.28,31,6157662,66.22,17,4512634,48.53,8,845932,9.1
2022-11-14,2.37,68.23,29.4,20,6721562,72.28,17,6157679,66.22,21,4512655,48.53,16,845948,9.1
2022-11-15,2.43,68.17,29.4,40,6721602,72.28,25,6157704,66.22,16,4512671,48.53,18,845966,9.1
2022-11-16,2.5,68.1,29.4,14,6721616,72.28,27,6157731,66.22,16,4512687,48.53,11,845977,9.1
2022-11-17,2.59,68.02,29.4,19,6721635,72.28,33,6157764,66.22,18,4512705,48.53,5,845982,9.1
2022-11-18,2.61,67.99,29.4,6,6721641,72.28,4,6157768,66.22,4,4512709,48.53,0,845982,9.1
2022-11-19,2.6,68,29.4,0,6721641,72.28,0,6157768,66.22,0,4512709,48.53,0,845982,9.1
2022-11-20,2.67,67.93,29.4,19,6721660,72.28,20,6157788,66.22,6,4512715,48.53,13,845995,9.1
2022-11-21,2.76,67.85,29.4,14,6721674,72.28,13,6157801,66.22,6,4512721,48.53,7,846002,9.1
2022-11-22,2.83,67.77,29.4,27,6721701,72.28,13,6157814,66.22,17,4512738,48.53,6,846008,9.1
2022-11-23,2.9,67.7,29.4,17,6721718,72.28,21,6157835,66.22,4,4512742,48.53,8,846016,9.1
2022-11-24,2.98,67.62,29.4,9,6721727,72.28,16,6157851,66.22,13,4512755,48.53,27,846043,9.1
2022-11-25,3,67.6,29.4,12,6721739,72.28,51,6157902,66.22,14,4512769,48.53,12,846055,9.1
2022-11-26,3,67.61,29.4,0,6721739,72.28,2,6157904,66.22,0,4512769,48.53,0,846055,9.1
2022-11-27,3.06,67.54,29.4,14,6721753,72.28,15,6157919,66.22,19,4512788,48.53,2,846057,9.1
2022-11-28,3.14,67.47,29.4,8,6721761,72.28,23,6157942,66.22,8,4512796,48.53,6,846063,9.1
2022-11-29,3.2,67.4,29.4,38,6721799,72.28,31,6157973,66.22,19,4512815,48.53,14,846077,9.1
2022-11-30,3.27,67.34,29.39,12,6721811,72.28,25,6157998,66.22,20,4512835,48.53,8,846085,9.1
2022-12-01,3.34,67.26,29.39,13,6721824,72.28,18,6158016,66.22,15,4512850,48.53,4,846089,9.1
2022-12-02,3.36,67.24,29.39,2,6721826,72.28,7,6158023,66.22,4,4512854,48.53,10,846099,9.1
2022-12-03,3.36,67.24,29.39,0,6721826,72.28,0,6158023,66.22,0,4512854,48.53,1,846100,9.1
2022-12-04,3.42,67.18,29.39,38,6721864,72.28,27,6158050,66.22,30,4512884,48.53,26,846126,9.1
2022-12-05,3.48,67.12,29.4,9,6721873,72.28,17,6158067,66.22,11,4512895,48.53,21,846147,9.1
2022-12-06,3.55,67.06,29.39,32,6721905,72.28,26,6158093,66.22,27,4512922,48.53,8,846155,9.1
2022-12-07,3.62,66.99,29.39,10,6721915,72.28,17,6158110,66.22,8,4512930,48.53,8,846163,9.1
2022-12-08,3.69,66.91,29.39,19,6721934,72.28,31,6158141,66.22,15,4512945,48.53,3,846166,9.1
2022-12-09,3.71,66.9,29.39,4,6721938,72.28,1,6158142,66.22,1,4512946,48.53,7,846173,9.1
2022-12-10,3.7,66.91,29.39,1,6721939,72.28,0,6158142,66.22,2,4512948,48.53,0,846173,9.1
2022-12-11,3.76,66.84,29.39,16,6721955,72.28,22,6158164,66.22,15,4512963,48.53,16,846189,9.1
2022-12-12,3.82,66.78,29.39,15,6721970,72.28,14,6158178,66.22,5,4512968,48.53,0,846189,9.1
2022-12-13,3.87,66.73,29.39,17,6721987,72.28,44,6158222,66.22,18,4512986,48.53,13,846202,9.1
2022-12-14,3.92,66.69,29.39,17,6722004,72.29,16,6158238,66.22,7,4512993,48.53,3,846205,9.1
2022-12-15,3.97,66.64,29.39,22,6722026,72.29,19,6158257,66.22,7,4513000,48.53,12,846217,9.1
2022-12-16,3.98,66.62,29.39,12,6722038,72.29,4,6158261,66.22,1,4513001,48.53,0,846217,9.1
2022-12-17,3.97,66.63,29.39,0,6722038,72.29,0,6158261,66.22,0,4513001,48.53,0,846217,9.1
2022-12-18,4.01,66.59,29.39,9,6722047,72.29,18,6158279,66.22,8,4513009,48.53,3,846220,9.1
2022-12-19,4.06,66.54,29.4,7,6722054,72.29,14,6158293,66.22,12,4513021,48.53,1,846221,9.1
2022-12-20,4.1,66.51,29.39,12,6722066,72.29,17,6158310,66.22,2,4513023,48.53,2,846223,9.1
2022-12-21,4.14,66.47,29.39,9,6722075,72.29,14,6158324,66.22,13,4513036,48.53,3,846226,9.1
2022-12-22,4.18,66.42,29.39,4,6722079,72.29,10,6158334,66.22,14,4513050,48.53,1,846227,9.1
2022-12-23,4.19,66.42,29.39,10,6722089,72.29,0,6158334,66.22,2,4513052,48.53,0,846227,9.1
2022-12-24,4.18,66.43,29.39,0,6722089,72.29,0,6158334,66.22,0,4513052,48.53,0,846227,9.1
2022-12-25,4.21,66.4,29.39,6,6722095,72.29,17,6158351,66.22,1,4513053,48.53,2,846229,9.1
2022-12-26,4.24,66.36,29.39,17,6722112,72.29,6,6158357,66.22,13,4513066,48.53,0,846229,9.1
2022-12-27,4.25,66.36,29.39,24,6722136,72.29,24,6158381,66.22,17,4513083,48.53,7,846236,9.1
2022-12-28,4.26,66.34,29.39,17,6722153,72.29,18,6158399,66.22,25,4513108,48.53,64,846300,9.1
2022-12-29,4.28,66.33,29.39,15,6722168,72.29,23,6158422,66.22,14,4513122,48.53,4,846304,9.1
2022-12-30,4.27,66.33,29.4,4,6722172,72.29,5,6158427,66.22,3,4513125,48.53,1,846305,9.1
2022-12-31,4.26,66.35,29.4,0,6722172,72.29,1,6158428,66.22,0,4513125,48.53,0,846305,9.1
2023-01-01,4.27,66.33,29.4,8,6722180,72.29,23,6158451,66.22,2,4513127,48.53,1,846306,9.1
2023-01-02,4.29,66.31,29.4,10,6722190,72.29,8,6158459,66.22,3,4513130,48.53,1,846307,9.1
2023-01-03,4.3,66.3,29.4,20,6722210,72.29,17,6158476,66.23,7,4513137,48.53,4,846311,9.1
2023-01-04,4.3,66.3,29.4,7,6722217,72.29,11,6158487,66.23,4,4513141,48.53,2,846313,9.1
2023-01-05,4.31,66.29,29.39,14,6722231,72.29,19,6158506,66.23,13,4513154,48.53,4,846317,9.1
2023-01-06,4.31,66.29,29.4,2,6722233,72.29,1,6158507,66.23,1,4513155,48.53,0,846317,9.1
2023-01-07,4.3,66.31,29.4,1,6722234,72.29,0,6158507,66.23,0,4513155,48.53,0,846317,9.1
2023-01-08,4.33,66.28,29.4,15,6722249,72.29,33,6158540,66.23,10,4513165,48.53,2,846319,9.1
2023-01-09,4.34,66.26,29.4,12,6722261,72.29,20,6158560,66.23,1,4513166,48.53,1,846320,9.1
2023-01-10,4.35,66.25,29.4,39,6722300,72.29,27,6158587,66.23,10,4513176,48.53,4,846324,9.1
2023-01-11,4.36,66.25,29.4,15,6722315,72.29,17,6158604,66.23,11,4513187,48.53,2,846326,9.1
2023-01-12,4.37,66.24,29.39,23,6722338,72.29,20,6158624,66.23,12,4513199,48.53,2,846328,9.1
2023-01-13,4.36,66.24,29.4,3,6722341,72.29,2,6158626,66.23,0,4513199,48.53,0,846328,9.1
2023-01-14,4.35,66.25,29.4,1,6722342,72.29,0,6158626,66.23,0,4513199,48.53,0,846328,9.1
2023-01-15,4.36,66.24,29.4,17,6722359,72.29,17,6158643,66.23,4,4513203,48.53,3,846331,9.1
2023-01-16,4.38,66.22,29.4,9,6722368,72.29,15,6158658,66.23,6,4513209,48.53,0,846331,9.1
2023-01-17,4.38,66.22,29.4,15,6722383,72.29,15,6158673,66.23,6,4513215,48.53,1,846332,9.1
2023-01-18,4.39,66.21,29.4,7,6722390,72.29,8,6158681,66.23,4,4513219,48.53,1,846333,9.1
2023-01-19,4.4,66.2,29.4,13,6722403,72.29,15,6158696,66.23,2,4513221,48.53,4,846337,9.1
2023-01-20,4.39,66.2,29.4,5,6722408,72.29,2,6158698,66.23,0,4513221,48.53,1,846338,9.1
2023-01-21,4.39,66.21,29.4,0,6722408,72.29,1,6158699,66.23,0,4513221,48.53,0,846338,9.1
2023-01-22,4.4,66.2,29.4,9,6722417,72.29,3,6158702,66.23,8,4513229,48.53,4,846342,9.1
2023-01-23,4.41,66.19,29.4,11,6722428,72.29,5,6158707,66.23,6,4513235,48.53,0,846342,9.1
2023-01-24,4.41,66.19,29.4,21,6722449,72.29,21,6158728,66.23,11,4513246,48.53,2,846344,9.1
2023-01-25,4.41,66.18,29.4,5,6722454,72.29,5,6158733,66.23,0,4513246,48.53,2,846346,9.1
2023-01-26,4.42,66.18,29.4,10,6722464,72.29,15,6158748,66.23,9,4513255,48.53,2,846348,9.1
2023-01-27,4.41,66.18,29.4,0,6722464,72.29,9,6158757,66.23,0,4513255,48.53,0,846348,9.1
2023-01-28,4.41,66.19,29.4,0,6722464,72.29,0,6158757,66.23,0,4513255,48.53,0,846348,9.1
2023-01-29,4.41,66.19,29.41,11,6722475,72.29,9,6158766,66.23,5,4513260,48.53,2,846350,9.1
2023-01-30,4.42,66.17,29.41,9,6722484,72.29,17,6158783,66.23,2,4513262,48.53,1,846351,9.1
2023-01-31,4.42,66.17,29.41,21,6722505,72.29,23,6158806,66.23,2,4513264,48.53,1,846352,9.1
2023-02-01,4.32,64.71,30.96,10,6722515,72.29,11,6158817,66.23,4,4513268,48.53,0,846352,9.1
2023-02-02,4.33,64.71,30.96,17,6722532,72.29,34,6158851,66.23,3,4513271,48.53,0,846352,9.1
2023-02-03,4.32,64.71,30.97,3,6722535,72.29,1,6158852,66.23,0,4513271,48.53,1,846353,9.1
2023-02-04,4.32,64.72,30.97,0,6722535,72.29,0,6158852,66.23,0,4513271,48.53,0,846353,9.1
2023-02-05,4.32,64.71,30.97,18,6722553,72.29,10,6158862,66.23,6,4513277,48.53,4,846357,9.1
2023-02-06,4.33,64.7,30.97,17,6722570,72.29,13,6158875,66.23,4,4513281,48.53,0,846357,9.1
2023-02-07,4.33,64.7,30.97,22,6722592,72.29,22,6158897,66.23,8,4513289,48.53,2,846359,9.1
2023-02-08,4.33,64.7,30.97,15,6722607,72.29,15,6158912,66.23,1,4513290,48.53,0,846359,9.1
2023-02-09,4.33,64.7,30.97,35,6722642,72.29,34,6158946,66.23,5,4513295,48.53,2,846361,9.1
2023-02-10,4.33,64.7,30.97,2,6722644,72.29,3,6158949,66.23,2,4513297,48.53,0,846361,9.1
2023-02-11,4.33,64.7,30.97,2,6722646,72.29,1,6158950,66.23,0,4513297,48.53,0,846361,9.1
2023-02-12,4.33,64.7,30.97,15,6722661,72.29,22,6158972,66.23,3,4513300,48.53,2,846363,9.1
2023-02-13,4.33,64.7,30.97,14,6722675,72.29,19,6158991,66.23,10,4513310,48.53,2,846365,9.1
2023-02-14,4.33,64.7,30.97,20,6722695,72.29,8,6158999,66.23,7,4513317,48.53,5,846370,9.1
2023-02-15,4.33,64.7,30.97,10,6722705,72.29,17,6159016,66.23,3,4513320,48.53,0,846370,9.1
2023-02-16,4.33,64.7,30.97,22,6722727,72.29,24,6159040,66.23,2,4513322,48.53,0,846370,9.1
2023-02-17,4.33,64.7,30.97,5,6722732,72.29,2,6159042,66.23,1,4513323,48.53,0,846370,9.1
2023-02-18,4.33,64.7,30.97,0,6722732,72.29,1,6159043,66.23,0,4513323,48.53,0,846370,9.1
2023-02-19,4.33,64.7,30.98,16,6722748,72.29,15,6159058,66.23,3,4513326,48.53,0,846370,9.1
2023-02-20,4.33,64.69,30.98,9,6722757,72.29,10,6159068,66.23,1,4513327,48.53,0,846370,9.1
2023-02-21,4.33,64.69,30.98,39,6722796,72.29,19,6159087,66.23,6,4513333,48.53,1,846371,9.1
2023-02-22,4.33,64.7,30.98,3,6722799,72.29,9,6159096,66.23,8,4513341,48.53,0,846371,9.1
2023-02-23,4.33,64.7,30.97,13,6722812,72.29,23,6159119,66.23,5,4513346,48.53,2,846373,9.1
2023-02-24,4.33,64.7,30.98,0,6722812,72.29,6,6159125,66.23,1,4513347,48.53,0,846373,9.1
2023-02-25,4.32,64.7,30.98,3,6722815,72.29,0,6159125,66.23,1,4513348,48.53,0,846373,9.1
2023-02-26,4.32,64.7,30.98,11,6722826,72.29,21,6159146,66.23,1,4513349,48.53,1,846374,9.1
2023-02-27,4.32,64.7,30.98,11,6722837,72.29,26,6159172,66.23,2,4513351,48.53,2,846376,9.1
2023-02-28,4.32,64.7,30.98,7,6722844,72.29,21,6159193,66.23,4,4513355,48.53,2,846378,9.1
2023-03-01,4.32,64.7,30.98,3,6722847,72.29,15,6159208,66.23,1,4513356,48.53,0,846378,9.1
2023-03-02,4.32,64.7,30.98,8,6722855,72.29,36,6159244,66.23,4,4513360,48.53,0,846378,9.1
2023-03-03,4.32,64.7,30.98,2,6722857,72.29,3,6159247,66.23,0,4513360,48.53,0,846378,9.1
2023-03-04,4.32,64.71,30.98,2,6722859,72.29,2,6159249,66.23,0,4513360,48.53,0,846378,9.1
2023-03-05,4.32,64.7,30.98,14,6722873,72.29,31,6159280,66.23,2,4513362,48.53,2,846380,9.1
2023-03-06,4.32,64.7,30.98,17,6722890,72.29,25,6159305,66.23,3,4513365,48.53,0,846380,9.1
2023-03-07,4.32,64.7,30.98,8,6722898,72.29,7,6159312,66.23,2,4513367,48.53,0,846380,9.1
2023-03-08,4.32,64.7,30.98,1,6722899,72.29,22,6159334,66.23,3,4513370,48.53,0,846380,9.1
2023-03-09,4.32,64.71,30.98,15,6722914,72.29,46,6159380,66.23,8,4513378,48.53,0,846380,9.1
2023-03-10,4.31,64.71,30.98,2,6722916,72.29,1,6159381,66.23,2,4513380,48.53,0,846380,9.1
2023-03-11,4.31,64.71,30.98,0,6722916,72.29,0,6159381,66.23,0,4513380,48.53,0,846380,9.1
2023-03-12,4.31,64.71,30.98,10,6722926,72.3,21,6159402,66.24,4,4513384,48.53,1,846381,9.1
2023-03-13,4.31,64.71,30.98,6,6722932,72.3,8,6159410,66.24,1,4513385,48.53,0,846381,9.1
2023-03-14,4.31,64.71,30.98,14,6722946,72.3,15,6159425,66.24,1,4513386,48.53,1,846382,9.1
2023-03-15,4.31,64.71,30.98,4,6722950,72.3,9,6159434,66.24,2,4513388,48.53,0,846382,9.1
2023-03-16,4.31,64.71,30.98,8,6722958,72.3,30,6159464,66.24,2,4513390,48.53,2,846384,9.1
2023-03-17,4.31,64.71,30.98,0,6722958,72.3,4,6159468,66.24,0,4513390,48.53,0,846384,9.1
2023-03-18,4.3,64.71,30.98,0,6722958,72.3,0,6159468,66.24,0,4513390,48.53,0,846384,9.1
2023-03-19,4.3,64.71,30.99,4,6722962,72.3,27,6159495,66.24,4,4513394,48.53,0,846384,9.1
2023-03-20,4.3,64.71,30.99,5,6722967,72.3,21,6159516,66.24,4,4513398,48.53,0,846384,9.1
2023-03-21,4.3,64.71,30.99,14,6722981,72.3,21,6159537,66.24,6,4513404,48.53,0,846384,9.1
2023-03-22,4.3,64.71,30.99,2,6722983,72.3,8,6159545,66.24,0,4513404,48.53,0,846384,9.1
2023-03-23,4.3,64.71,30.99,7,6722990,72.3,11,6159556,66.24,2,4513406,48.53,0,846384,9.1
2023-03-24,4.3,64.71,30.99,0,6722990,72.3,2,6159558,66.24,0,4513406,48.53,1,846385,9.1
2023-03-25,4.3,64.71,30.99,0,6722990,72.3,0,6159558,66.24,0,4513406,48.53,0,846385,9.1
2023-03-26,4.3,64.71,30.99,4,6722994,72.3,15,6159573,66.24,4,4513410,48.54,3,846388,9.1
2023-03-27,4.3,64.71,31,1,6722995,72.3,12,6159585,66.24,1,4513411,48.54,0,846388,9.1
2023-03-28,4.29,64.71,31,4,6722999,72.3,16,6159601,66.24,0,4513411,48.54,0,846388,9.1
2023-03-29,4.29,64.71,31,2,6723001,72.3,10,6159611,66.24,5,4513416,48.54,0,846388,9.1
2023-03-30,4.29,64.71,31,10,6723011,72.3,18,6159629,66.24,1,4513417,48.54,1,846389,9.1
2023-03-31,4.29,64.71,31,0,6723011,72.3,0,6159629,66.24,1,4513418,48.54,0,846389,9.1
2023-04-01,4.27,64.73,31,0,6723011,72.3,0,6159629,66.24,0,4513418,48.54,0,846389,9.1
2023-04-02,4.25,64.75,31,7,6723018,72.3,10,6159639,66.24,1,4513419,48.54,0,846389,9.1
2023-04-03,4.26,64.74,31,1,6723019,72.3,7,6159646,66.24,2,4513421,48.54,0,846389,9.1
2023-04-04,4.24,64.75,31,2,6723021,72.3,7,6159653,66.24,5,4513426,48.54,0,846389,9.1
2023-04-05,4.24,64.76,31,2,6723023,72.3,5,6159658,66.24,1,4513427,48.54,0,846389,9.1
2023-04-06,4.24,64.76,31,0,6723023,72.3,2,6159660,66.24,0,4513427,48.54,0,846389,9.1
2023-04-07,4.2,64.8,31,0,6723023,72.3,4,6159664,66.24,0,4513427,48.54,0,846389,9.1
2023-04-08,4.14,64.86,31,0,6723023,72.3,0,6159664,66.24,0,4513427,48.54,0,846389,9.1
2023-04-09,4.12,64.87,31,2,6723025,72.3,8,6159672,66.24,0,4513427,48.54,0,846389,9.1
2023-04-10,4.12,64.87,31,1,6723026,72.3,6,6159678,66.24,0,4513427,48.54,0,846389,9.1
2023-04-11,4.07,64.93,31,5,6723031,72.3,6,6159684,66.24,0,4513427,48.54,0,846389,9.1
2023-04-12,4.01,64.99,31,0,6723031,72.3,1,6159685,66.24,0,4513427,48.54,0,846389,9.1
2023-04-13,3.99,65,31,7,6723038,72.3,10,6159695,66.24,1,4513428,48.54,0,846389,9.1
2023-04-14,3.99,65,31,2,6723040,72.3,1,6159696,66.24,0,4513428,48.54,0,846389,9.1
2023-04-15,3.91,65.09,31,0,6723040,72.3,1,6159697,66.24,0,4513428,48.54,0,846389,9.1
2023-04-16,3.9,65.1,31,4,6723044,72.3,14,6159711,66.24,6,4513434,48.54,1,846390,9.1
2023-04-17,3.9,65.1,31,4,6723048,72.3,5,6159716,66.24,4,4513438,48.54,0,846390,9.1
2023-04-18,3.87,65.12,31,8,6723056,72.3,7,6159723,66.24,0,4513438,48.54,0,846390,9.1
2023-04-19,3.87,65.12,31,4,6723060,72.3,7,6159730,66.24,0,4513438,48.54,0,846390,9.1
2023-04-20,3.82,65.17,31,4,6723064,72.3,11,6159741,66.24,1,4513439,48.54,2,846392,9.1
2023-04-21,3.77,65.22,31.01,2,6723066,72.3,0,6159741,66.24,0,4513439,48.54,0,846392,9.1
2023-04-22,3.73,65.27,31.01,0,6723066,72.3,0,6159741,66.24,0,4513439,48.54,0,846392,9.1
2023-04-23,3.71,65.28,31.01,1,6723067,72.3,6,6159747,66.24,1,4513440,48.54,2,846394,9.1
2023-04-24,3.71,65.28,31.01,5,6723072,72.3,10,6159757,66.24,0,4513440,48.54,2,846396,9.1
2023-04-25,3.69,65.3,31.01,2,6723074,72.3,0,6159757,66.24,1,4513441,48.54,0,846396,9.1
2023-04-26,3.69,65.3,31.01,0,6723074,72.3,0,6159757,66.24,0,4513441,48.54,0,846396,9.1
2023-04-27,3.64,65.35,31.01,4,6723078,72.3,4,6159761,66.24,1,4513442,48.54,0,846396,9.1
2023-04-28,3.57,65.42,31.01,0,6723078,72.3,2,6159763,66.24,0,4513442,48.54,0,846396,9.1
2023-04-29,3.5,65.49,31.01,0,6723078,72.3,0,6159763,66.24,0,4513442,48.54,0,846396,9.1
2023-04-30,3.49,65.5,31.01,5,6723083,72.3,10,6159773,66.24,0,4513442,48.54,2,846398,9.1
2023-05-01,3.49,65.5,31.01,1,6723084,72.3,5,6159778,66.24,1,4513443,48.54,0,846398,9.1
2023-05-02,3.44,65.56,31.01,0,6723084,72.3,0,6159778,66.24,0,4513443,48.54,0,846398,9.1
