Date,Valid vaccinated pop. perc.,Expired vaccinated pop. perc.,Not vaccinated pop. perc.,Vaccinated (daily),Vaccinated (cumu),Vaccinated pop. perc.,Second dose (daily),Second dose (cumu),Second dose pop. perc.,Third dose (daily),Third dose (cumu),Third dose pop. perc.,Fourth dose (daily),Fourth dose (cumu),Fourth dose pop. perc.
2020-12-19,0,0,100,46,71,0,0,4,0,0,0,0,0,0,0
2020-12-20,0,0,100,7397,7468,0.08,0,4,0,0,0,0,0,0,0
2020-12-21,0,0,100,24923,32391,0.35,0,4,0,0,0,0,0,0,0
2020-12-22,0,0,100,44669,77060,0.83,0,4,0,0,0,0,0,0,0
2020-12-23,0,0,100,62917,139977,1.51,0,4,0,0,0,0,0,0,0
2020-12-24,0,0,100,73435,213412,2.29,0,4,0,0,0,0,0,0,0
2020-12-25,0,0,100,38518,251930,2.71,0,4,0,0,0,0,0,0,0
2020-12-26,0,0,100,32618,284548,3.06,0,4,0,0,0,0,0,0,0
2020-12-27,0,0,100,104577,389125,4.18,0,4,0,0,0,0,0,0,0
2020-12-28,0,0,100,135045,524170,5.64,0,4,0,0,0,0,0,0,0
2020-12-29,0,0,100,156345,680515,7.32,2,6,0,0,0,0,0,0,0
2020-12-30,0,0,100,153194,833709,8.97,0,6,0,0,0,0,0,0,0
2020-12-31,0,0,100,158602,992311,10.67,0,6,0,0,0,0,0,0,0
2021-01-01,0,0,100,71437,1063748,11.44,0,6,0,0,0,0,0,0,0
2021-01-02,0,0,100,71745,1135493,12.21,0,6,0,0,0,0,0,0,0
2021-01-03,0,0,100,149770,1285263,13.82,0,6,0,0,0,0,0,0,0
2021-01-04,0,0,100,152214,1437477,15.46,1,7,0,0,0,0,0,0,0
2021-01-05,0,0,100,125221,1562698,16.8,4,11,0,0,0,0,0,0,0
2021-01-06,0,0,100,103377,1666075,17.92,2,13,0,0,0,0,0,0,0
2021-01-07,0,0,100,116066,1782141,19.16,9,22,0,0,0,0,0,0,0
2021-01-08,0,0,100,66466,1848607,19.88,5,27,0,0,0,0,0,0,0
2021-01-09,0,0,100,44554,1893161,20.36,24,51,0,0,0,0,0,0,0
2021-01-10,0,0,100,37649,1930810,20.76,6002,6053,0.07,0,0,0,0,0,0
2021-01-11,0,0,100,21176,1951986,20.99,19264,25317,0.27,0,0,0,0,0,0
2021-01-12,0,0,100,24077,1976063,21.25,35674,60991,0.66,0,0,0,0,0,0
2021-01-13,0,0,100,52079,2028142,21.81,56873,117864,1.27,0,0,0,0,0,0
2021-01-14,0,0,100,56480,2084622,22.42,68840,186704,2.01,0,0,0,0,0,0
2021-01-15,0,0,100,30776,2115398,22.75,35944,222648,2.39,0,0,0,0,0,0
2021-01-16,0,0,100,29481,2144879,23.06,26007,248655,2.67,0,0,0,0,0,0
2021-01-17,0.31,0,99.69,68446,2213325,23.8,84598,333253,3.58,0,0,0,0,0,0
2021-01-18,0.58,0,99.42,69820,2283145,24.55,120439,453692,4.88,0,0,0,0,0,0
2021-01-19,1.09,0,98.91,72896,2356041,25.34,137855,591547,6.36,0,0,0,0,0,0
2021-01-20,1.9,0,98.1,76919,2432960,26.16,143769,735316,7.91,0,0,0,0,0,0
2021-01-21,2.88,0,97.12,70013,2502973,26.92,164479,899795,9.68,0,0,0,0,0,0
2021-01-22,3.39,0,96.61,37934,2540907,27.32,71135,970930,10.44,0,0,0,0,0,0
2021-01-23,3.77,0,96.23,39966,2580873,27.75,53598,1024528,11.02,0,0,0,0,0,0
2021-01-24,4.96,0,95.04,69149,2650022,28.5,140712,1165240,12.53,0,0,0,0,0,0
2021-01-25,6.61,0,93.39,80943,2730965,29.37,139529,1304769,14.03,0,0,0,0,0,0
2021-01-26,8.45,0,91.55,78739,2809704,30.21,126447,1431216,15.39,0,0,0,0,0,0
2021-01-27,10.34,0,89.66,77985,2887689,31.05,125075,1556291,16.74,0,0,0,0,0,0
2021-01-28,12.43,0,87.57,79574,2967263,31.91,130635,1686926,18.14,0,0,0,0,0,0
2021-01-29,13.34,0,86.66,36704,3003967,32.3,64795,1751721,18.84,0,0,0,0,0,0
2021-01-30,14.02,0,85.98,34395,3038362,32.67,42768,1794489,19.3,0,0,0,0,0,0
2021-01-31,15.76,0,84.24,73334,3111696,33.46,59504,1853993,19.94,0,0,0,0,0,0
2021-02-01,17.48,0,82.52,82519,3194215,34.35,35358,1889351,20.32,0,0,0,0,0,0
2021-02-02,19.01,0,80.99,70109,3264324,35.1,31074,1920425,20.65,0,0,0,0,0,0
2021-02-03,20.47,0,79.53,60311,3324635,35.75,51445,1971870,21.2,0,0,0,0,0,0
2021-02-04,22,0,78,72641,3397276,36.53,58096,2029966,21.83,0,0,0,0,0,0
2021-02-05,22.75,0,77.25,33947,3431223,36.9,28807,2058773,22.14,0,0,0,0,0,0
2021-02-06,23.23,0,76.77,21623,3452846,37.13,22233,2081006,22.38,0,0,0,0,0,0
2021-02-07,23.99,0,76.01,54080,3506926,37.71,68745,2149751,23.12,0,0,0,0,0,0
2021-02-08,24.52,0,75.48,58644,3565570,38.34,65468,2215219,23.82,0,0,0,0,0,0
2021-02-09,25.04,0,74.96,66362,3631932,39.06,67581,2282800,24.55,0,0,0,0,0,0
2021-02-10,25.77,0,74.23,70572,3702504,39.81,72316,2355116,25.33,0,0,0,0,0,0
2021-02-11,26.61,0,73.39,81176,3783680,40.69,72116,2427232,26.1,0,0,0,0,0,0
2021-02-12,27.02,0,72.98,39109,3822789,41.11,37600,2464832,26.51,0,0,0,0,0,0
2021-02-13,27.33,0,72.67,27467,3850256,41.4,30441,2495273,26.83,0,0,0,0,0,0
2021-02-14,28.25,0,71.75,74918,3925174,42.21,69086,2564359,27.58,0,0,0,0,0,0
2021-02-15,29.17,0,70.83,81552,4006726,43.09,75722,2640081,28.39,0,0,0,0,0,0
2021-02-16,30.11,0,69.89,83423,4090149,43.98,78304,2718385,29.23,0,0,0,0,0,0
2021-02-17,31.01,0,68.99,61984,4152133,44.65,75646,2794031,30.05,0,0,0,0,0,0
2021-02-18,31.94,0,68.06,69163,4221296,45.39,79742,2873773,30.9,0,0,0,0,0,0
2021-02-19,32.45,0,67.55,39676,4260972,45.82,38163,2911936,31.31,0,0,0,0,0,0
2021-02-20,32.85,0,67.15,31652,4292624,46.16,28723,2940659,31.62,0,0,0,0,0,0
2021-02-21,33.8,0,66.2,79437,4372061,47.02,78450,3019109,32.47,0,0,0,0,0,0
2021-02-22,34.83,0,65.17,85056,4457117,47.93,80603,3099712,33.33,0,0,0,0,0,0
2021-02-23,35.84,0,64.16,77333,4534450,48.76,70487,3170199,34.09,0,0,0,0,0,0
2021-02-24,36.76,0,63.24,61068,4595518,49.42,63149,3233348,34.77,0,0,0,0,0,0
2021-02-25,37.66,0,62.34,51730,4647248,49.97,64812,3298160,35.47,0,0,0,0,0,0
2021-02-26,38.1,0,61.9,25913,4673161,50.25,32048,3330208,35.81,0,0,0,0,0,0
2021-02-27,38.42,0,61.58,18353,4691514,50.45,21198,3351406,36.04,0,0,0,0,0,0
2021-02-28,39.24,0,60.76,40365,4731879,50.88,55874,3407280,36.64,0,0,0,0,0,0
2021-03-01,40.1,0,59.9,45752,4777631,51.38,61445,3468725,37.3,0,0,0,0,0,0
2021-03-02,40.85,0,59.15,41203,4818834,51.82,64803,3533528,38,0,0,0,0,0,0
2021-03-03,41.55,0,58.45,42036,4860870,52.27,66794,3600322,38.72,0,0,0,0,0,0
2021-03-04,42.24,0,57.76,39723,4900593,52.7,79127,3679449,39.57,0,0,0,0,0,0
2021-03-05,42.57,0,57.43,17369,4917962,52.89,40469,3719918,40,0,0,0,0,0,0
2021-03-06,42.78,0,57.22,10724,4928686,53,25350,3745268,40.27,0,0,0,0,0,0
2021-03-07,43.36,0,56.64,31157,4959843,53.34,72849,3818117,41.06,0,0,0,0,0,0
2021-03-08,43.97,0,56.03,27388,4987231,53.63,73297,3891414,41.85,0,0,0,0,0,0
2021-03-09,44.62,0,55.38,26756,5013987,53.92,76607,3968021,42.67,0,0,0,0,0,0
2021-03-10,45.27,0,54.73,23373,5037360,54.17,58684,4026705,43.3,0,0,0,0,0,0
2021-03-11,45.99,0,54.01,23308,5060668,54.42,69100,4095805,44.04,0,0,0,0,0,0
2021-03-12,46.34,0,53.66,11298,5071966,54.54,41419,4137224,44.49,0,0,0,0,0,0
2021-03-13,46.57,0,53.43,7955,5079921,54.63,25240,4162464,44.76,0,0,0,0,0,0
2021-03-14,47.2,0,52.8,20992,5100913,54.85,73937,4236401,45.56,0,0,0,0,0,0
2021-03-15,47.81,0,52.19,20152,5121065,55.07,78282,4314683,46.4,0,0,0,0,0,0
2021-03-16,48.43,0,51.57,18759,5139824,55.27,71482,4386165,47.17,0,0,0,0,0,0
2021-03-17,48.92,0,51.08,17705,5157529,55.46,59011,4445176,47.8,0,0,0,0,0,0
2021-03-18,49.45,0,50.55,16050,5173579,55.63,58126,4503302,48.43,0,0,0,0,0,0
2021-03-19,49.75,0,50.25,6959,5180538,55.71,27981,4531283,48.73,0,0,0,0,0,0
2021-03-20,49.93,0,50.07,5229,5185767,55.77,15302,4546585,48.89,0,0,0,0,0,0
2021-03-21,50.46,0,49.54,13172,5198939,55.91,40511,4587096,49.33,0,0,0,0,0,0
2021-03-22,51,0,49,13583,5212522,56.05,40542,4627638,49.76,0,0,0,0,0,0
2021-03-23,51.43,0,48.57,2846,5215368,56.08,7303,4634941,49.84,0,0,0,0,0,0
2021-03-24,51.84,0,48.16,11007,5226375,56.2,46562,4681503,50.34,0,0,0,0,0,0
2021-03-25,52.22,0,47.78,10275,5236650,56.31,35440,4716943,50.72,0,0,0,0,0,0
2021-03-26,52.4,0,47.6,4187,5240837,56.36,13335,4730278,50.87,0,0,0,0,0,0
2021-03-27,52.5,0,47.5,1788,5242625,56.38,4269,4734547,50.91,0,0,0,0,0,0
2021-03-28,52.74,0,47.26,2114,5244739,56.4,4611,4739158,50.96,0,0,0,0,0,0
2021-03-29,53,0,47,6920,5251659,56.47,30018,4769176,51.29,0,0,0,0,0,0
2021-03-30,53.08,0,46.92,7899,5259558,56.56,22455,4791631,51.53,0,0,0,0,0,0
2021-03-31,53.38,0,46.62,8154,5267712,56.65,19503,4811134,51.74,0,0,0,0,0,0
2021-04-01,53.62,0,46.38,8223,5275935,56.73,18704,4829838,51.94,0,0,0,0,0,0
2021-04-02,53.71,0,46.29,2949,5278884,56.77,8131,4837969,52.03,0,0,0,0,0,0
2021-04-03,53.74,0,46.26,1432,5280316,56.78,2984,4840953,52.06,0,0,0,0,0,0
2021-04-04,53.82,0,46.18,9618,5289934,56.89,22833,4863786,52.3,0,0,0,0,0,0
2021-04-05,54.04,0,45.96,10365,5300299,57,21280,4885066,52.53,0,0,0,0,0,0
2021-04-06,54.21,0,45.79,9036,5309335,57.09,16795,4901861,52.71,0,0,0,0,0,0
2021-04-07,54.36,0,45.64,8935,5318270,57.19,15314,4917175,52.88,0,0,0,0,0,0
2021-04-08,54.52,0,45.48,9430,5327700,57.29,17018,4934193,53.06,0,0,0,0,0,0
2021-04-09,54.58,0,45.42,3610,5331310,57.33,6260,4940453,53.13,0,0,0,0,0,0
2021-04-10,54.61,0,45.39,1637,5332947,57.35,3523,4943976,53.17,0,0,0,0,0,0
2021-04-11,54.78,0,45.22,9045,5341992,57.45,14250,4958226,53.32,0,0,0,0,0,0
2021-04-12,54.95,0,45.05,8938,5350930,57.54,13236,4971462,53.46,0,0,0,0,0,0
2021-04-13,55.08,0,44.92,5841,5356771,57.6,4960,4976422,53.51,0,0,0,0,0,0
2021-04-14,55.18,0,44.82,3650,5360421,57.64,5311,4981733,53.57,0,0,0,0,0,0
2021-04-15,55.27,0,44.73,699,5361120,57.65,583,4982316,53.58,0,0,0,0,0,0
2021-04-16,55.33,0,44.67,3421,5364541,57.69,6655,4988971,53.65,0,0,0,0,0,0
2021-04-17,55.35,0,44.65,822,5365363,57.7,1975,4990946,53.67,0,0,0,0,0,0
2021-04-18,55.47,0,44.53,7099,5372462,57.77,7433,4998379,53.75,0,0,0,0,0,0
2021-04-19,55.58,0,44.42,6407,5378869,57.84,7135,5005514,53.83,0,0,0,0,0,0
2021-04-20,55.65,0,44.35,6287,5385156,57.91,6891,5012405,53.9,0,0,0,0,0,0
2021-04-21,55.71,0,44.29,6382,5391538,57.98,7112,5019517,53.98,0,0,0,0,0,0
2021-04-22,55.75,0,44.25,5952,5397490,58.04,7692,5027209,54.06,0,0,0,0,0,0
2021-04-23,55.8,0,44.2,2768,5400258,58.07,3393,5030602,54.1,0,0,0,0,0,0
2021-04-24,55.82,0,44.18,769,5401027,58.08,1290,5031892,54.11,0,0,0,0,0,0
2021-04-25,55.89,0,44.11,4829,5405856,58.13,6925,5038817,54.19,0,0,0,0,0,0
2021-04-26,55.96,0,44.04,5479,5411335,58.19,7889,5046706,54.27,0,0,0,0,0,0
2021-04-27,56.03,0,43.97,4509,5415844,58.24,6628,5053334,54.34,0,0,0,0,0,0
2021-04-28,56.09,0,43.91,4502,5420346,58.29,7337,5060671,54.42,0,0,0,0,0,0
2021-04-29,56.16,0,43.84,4378,5424724,58.33,7297,5067968,54.5,0,0,0,0,0,0
2021-04-30,56.19,0,43.81,1925,5426649,58.36,3204,5071172,54.53,0,0,0,0,0,0
2021-05-01,56.2,0,43.8,458,5427107,58.36,895,5072067,54.54,0,0,0,0,0,0
2021-05-02,56.26,0,43.74,3225,5430332,58.4,6092,5078159,54.61,0,0,0,0,0,0
2021-05-03,56.32,0,43.68,3535,5433867,58.43,5835,5083994,54.67,0,0,0,0,0,0
2021-05-04,56.38,0,43.62,3594,5437461,58.47,4738,5088732,54.72,0,0,0,0,0,0
2021-05-05,56.44,0,43.56,3292,5440753,58.51,4093,5092825,54.77,0,0,0,0,0,0
2021-05-06,56.5,0,43.5,3646,5444399,58.55,3145,5095970,54.8,0,0,0,0,0,0
2021-05-07,56.52,0,43.48,1847,5446246,58.57,2509,5098479,54.83,0,0,0,0,0,0
2021-05-08,56.53,0,43.47,244,5446490,58.57,509,5098988,54.83,0,0,0,0,0,0
2021-05-09,56.58,0,43.42,2851,5449341,58.6,4751,5103739,54.88,0,0,0,0,0,0
2021-05-10,56.63,0,43.37,2900,5452241,58.63,4715,5108454,54.93,0,0,0,0,0,0
2021-05-11,56.67,0,43.33,2623,5454864,58.66,3882,5112336,54.98,0,0,0,0,0,0
2021-05-12,56.7,0,43.3,2034,5456898,58.68,3342,5115678,55.01,0,0,0,0,0,0
2021-05-13,56.73,0,43.27,2044,5458942,58.7,3688,5119366,55.05,0,0,0,0,0,0
2021-05-14,56.75,0,43.25,979,5459921,58.71,1495,5120861,55.07,0,0,0,0,0,0
2021-05-15,56.75,0,43.25,259,5460180,58.72,260,5121121,55.07,0,0,0,0,0,0
2021-05-16,56.78,0,43.22,530,5460710,58.72,1205,5122326,55.08,0,0,0,0,0,0
2021-05-17,56.81,0,43.19,303,5461013,58.73,848,5123174,55.09,0,0,0,0,0,0
2021-05-18,56.84,0,43.16,1963,5462976,58.75,4940,5128114,55.15,0,0,0,0,0,0
2021-05-19,56.87,0,43.13,2233,5465209,58.77,5043,5133157,55.2,0,0,0,0,0,0
2021-05-20,56.9,0,43.1,2311,5467520,58.79,3880,5137037,55.24,0,0,0,0,0,0
2021-05-21,56.92,0,43.08,1194,5468714,58.81,1414,5138451,55.26,0,0,0,0,0,0
2021-05-22,56.92,0,43.08,206,5468920,58.81,396,5138847,55.26,0,0,0,0,0,0
2021-05-23,56.94,0,43.06,2272,5471192,58.83,3216,5142063,55.3,0,0,0,0,0,0
2021-05-24,56.96,0,43.04,2143,5473335,58.86,3597,5145660,55.33,0,0,0,0,0,0
2021-05-25,56.99,0,43.01,1823,5475158,58.88,2588,5148248,55.36,0,0,0,0,0,0
2021-05-26,57.03,0,42.97,1415,5476573,58.89,2504,5150752,55.39,0,0,0,0,0,0
2021-05-27,57.06,0,42.94,1866,5478439,58.91,3189,5153941,55.42,0,0,0,0,0,0
2021-05-28,57.07,0,42.93,794,5479233,58.92,1406,5155347,55.44,0,0,0,0,0,0
2021-05-29,57.07,0,42.93,192,5479425,58.92,227,5155574,55.44,0,0,0,0,0,0
2021-05-30,57.1,0,42.9,1645,5481070,58.94,1937,5157511,55.46,0,0,0,0,0,0
2021-05-31,57.13,0,42.87,1740,5482810,58.96,2094,5159605,55.48,0,0,0,0,0,0
2021-06-01,57.47,0,42.53,1386,5484196,58.97,1824,5161429,55.5,0,0,0,0,0,0
2021-06-02,57.25,0,42.75,1514,5485710,58.99,1610,5163039,55.52,0,0,0,0,0,0
2021-06-03,57.27,0,42.73,1686,5487396,59.01,1496,5164535,55.54,0,0,0,0,0,0
2021-06-04,57.28,0,42.72,1102,5488498,59.02,784,5165319,55.55,0,0,0,0,0,0
2021-06-05,57.29,0,42.71,184,5488682,59.02,159,5165478,55.55,0,0,0,0,0,0
2021-06-06,57.31,0,42.69,4293,5492975,59.07,1003,5166481,55.56,0,0,0,0,0,0
2021-06-07,57.34,0,42.66,4441,5497416,59.12,814,5167295,55.57,0,0,0,0,0,0
2021-06-08,57.36,0,42.64,3740,5501156,59.16,1175,5168470,55.58,0,0,0,0,0,0
2021-06-09,57.4,0,42.6,3615,5504771,59.2,1331,5169801,55.59,0,0,0,0,0,0
2021-06-10,57.42,0,42.58,3366,5508137,59.23,1300,5171101,55.61,0,0,0,0,0,0
2021-06-11,57.43,0,42.57,1402,5509539,59.25,590,5171691,55.61,0,0,0,0,0,0
2021-06-12,57.43,0,42.57,223,5509762,59.25,173,5171864,55.62,0,0,0,0,0,0
2021-06-13,57.45,0,42.55,3101,5512863,59.28,1260,5173124,55.63,0,0,0,0,0,0
2021-06-14,57.46,0,42.54,3057,5515920,59.32,1534,5174658,55.65,0,0,0,0,0,0
2021-06-15,57.48,0,42.52,3139,5519059,59.35,1378,5176036,55.66,0,0,0,0,0,0
2021-06-16,57.49,0,42.51,2736,5521795,59.38,1005,5177041,55.67,0,0,0,0,0,0
2021-06-17,57.51,0,42.49,2735,5524530,59.41,1209,5178250,55.68,0,0,0,0,0,0
2021-06-18,57.52,0,42.48,1272,5525802,59.42,506,5178756,55.69,0,0,0,0,0,0
2021-06-19,57.52,0,42.48,242,5526044,59.42,139,5178895,55.69,0,0,0,0,0,0
2021-06-20,57.54,0,42.46,3316,5529360,59.46,1332,5180227,55.71,0,0,0,0,0,0
2021-06-21,57.56,0,42.44,5250,5534610,59.52,1218,5181445,55.72,0,0,0,0,0,0
2021-06-22,57.58,0,42.42,6935,5541545,59.59,1101,5182546,55.73,0,0,0,0,0,0
2021-06-23,57.6,0,42.4,10762,5552307,59.71,1304,5183850,55.74,0,0,0,0,0,0
2021-06-24,57.62,0,42.38,12051,5564358,59.84,1466,5185316,55.76,0,0,0,0,0,0
2021-06-25,57.62,0,42.38,7116,5571474,59.91,945,5186261,55.77,0,0,0,0,0,0
2021-06-26,57.63,0,42.37,2280,5573754,59.94,200,5186461,55.77,0,0,0,0,0,0
2021-06-27,57.65,0,42.35,13634,5587388,60.08,3439,5189900,55.81,0,0,0,0,0,0
2021-06-28,57.68,0,42.32,14518,5601906,60.24,3675,5193575,55.85,0,0,0,0,0,0
2021-06-29,57.69,0,42.31,16711,5618617,60.42,3746,5197321,55.89,0,0,0,0,0,0
2021-06-30,57.72,0,42.28,16489,5635106,60.6,3397,5200718,55.93,0,0,0,0,0,0
2021-07-01,57.78,0,42.22,16840,5651946,60.78,3381,5204099,55.96,121,121,0,0,0,0
2021-07-02,57.79,0,42.21,9836,5661782,60.88,1609,5205708,55.98,7,128,0,0,0,0
2021-07-03,57.79,0,42.21,2680,5664462,60.91,300,5206008,55.98,1,129,0,0,0,0
2021-07-04,57.85,0,42.15,17735,5682197,61.1,3161,5209169,56.02,2,131,0,0,0,0
2021-07-05,57.91,0,42.09,17852,5700049,61.3,3047,5212216,56.05,7,138,0,0,0,0
2021-07-06,57.99,0,42.01,17851,5717900,61.49,3412,5215628,56.09,11,149,0,0,0,0
2021-07-07,58.05,0,41.95,15534,5733434,61.65,2703,5218331,56.12,12,161,0,0,0,0
2021-07-08,58.12,0,41.88,16591,5750025,61.83,2883,5221214,56.15,17,178,0,0,0,0
2021-07-09,58.15,0,41.85,11127,5761152,61.95,1535,5222749,56.16,4,182,0,0,0,0
2021-07-10,58.15,0,41.85,4989,5766141,62.01,391,5223140,56.17,6,188,0,0,0,0
2021-07-11,58.22,0,41.78,1458,5767599,62.02,2848,5225988,56.2,9,197,0,0,0,0
2021-07-12,58.29,0,41.71,2428,5770027,62.05,3697,5229685,56.24,58,255,0,0,0,0
2021-07-13,58.36,0,41.64,2965,5772992,62.08,5460,5235145,56.3,124,379,0,0,0,0
2021-07-14,58.42,0,41.58,2748,5775740,62.11,7537,5242682,56.38,441,820,0.01,0,0,0
2021-07-15,58.5,0,41.5,3011,5778751,62.14,9302,5251984,56.48,374,1194,0.01,0,0,0
2021-07-16,58.54,0,41.46,1297,5780048,62.16,5898,5257882,56.54,66,1260,0.01,0,0,0
2021-07-17,58.55,0,41.44,372,5780420,62.16,1394,5259276,56.56,8,1268,0.01,0,0,0
2021-07-18,58.6,0,41.4,2074,5782494,62.18,9771,5269047,56.66,235,1503,0.02,0,0,0
2021-07-19,58.65,0,41.35,3211,5785705,62.22,11348,5280395,56.78,461,1964,0.02,0,0,0
2021-07-20,58.72,0,41.28,2691,5788396,62.25,11915,5292310,56.91,374,2338,0.03,0,0,0
2021-07-21,58.81,0,41.19,2408,5790804,62.27,11882,5304192,57.04,325,2663,0.03,0,0,0
2021-07-22,58.93,0,41.07,2879,5793683,62.3,13281,5317473,57.18,392,3055,0.03,0,0,0
2021-07-23,58.99,0,41.01,2039,5795722,62.32,8249,5325722,57.27,106,3161,0.03,0,0,0
2021-07-24,58.99,0,41,646,5796368,62.33,1486,5327208,57.29,7,3168,0.03,0,0,0
2021-07-25,59.1,0,40.89,4417,5800785,62.38,15499,5342707,57.45,223,3391,0.04,0,0,0
2021-07-26,59.24,0,40.75,5175,5805960,62.43,13537,5356244,57.6,325,3716,0.04,0,0,0
2021-07-27,59.37,0.01,40.62,5493,5811453,62.49,13579,5369823,57.74,414,4130,0.04,0,0,0
2021-07-28,59.5,0.01,40.49,3991,5815444,62.54,12345,5382168,57.88,472,4602,0.05,0,0,0
2021-07-29,59.65,0.01,40.33,4665,5820109,62.59,14206,5396374,58.03,533,5135,0.06,0,0,0
2021-07-30,59.74,0.02,40.25,2658,5822767,62.62,10859,5407233,58.15,4122,9257,0.1,0,0,0
2021-07-31,59.75,0.02,40.23,1407,5824174,62.63,3554,5410787,58.18,6159,15416,0.17,0,0,0
2021-08-01,59.91,0.02,40.06,3079,5827253,62.66,3367,5414154,58.22,31048,46464,0.5,0,0,0
2021-08-02,60.06,0.03,39.91,3134,5830387,62.7,3176,5417330,58.26,58514,104978,1.13,0,0,0
2021-08-03,60.21,0.03,39.76,3388,5833775,62.73,3332,5420662,58.29,78954,183932,1.98,0,0,0
2021-08-04,60.34,0.03,39.63,3537,5837312,62.77,3256,5423918,58.33,80766,264698,2.85,0,0,0
2021-08-05,60.49,0.04,39.47,4515,5841827,62.82,3572,5427490,58.36,88442,353140,3.8,0,0,0
2021-08-06,60.6,0.04,39.36,2437,5844264,62.85,1866,5429356,58.38,44744,397884,4.28,0,0,0
2021-08-07,60.63,0.04,39.32,1034,5845298,62.86,701,5430057,58.39,27353,425237,4.57,0,0,0
2021-08-08,60.68,0.04,39.28,4991,5850289,62.91,3082,5433139,58.43,80087,505324,5.43,0,0,0
2021-08-09,60.72,0.04,39.24,5341,5855630,62.97,3064,5436203,58.46,76489,581813,6.26,0,0,0
2021-08-10,60.75,0.04,39.2,5554,5861184,63.03,3211,5439414,58.49,75427,657240,7.07,0,0,0
2021-08-11,60.79,0.04,39.17,5696,5866880,63.09,2949,5442363,58.52,62643,719883,7.74,0,0,0
2021-08-12,60.83,0.04,39.12,7039,5873919,63.17,3291,5445654,58.56,59463,779346,8.38,0,0,0
2021-08-13,60.84,0.05,39.11,3821,5877740,63.21,2074,5447728,58.58,43870,823216,8.85,0,0,0
2021-08-14,60.85,0.05,39.1,2255,5879995,63.23,854,5448582,58.59,44486,867702,9.33,0,0,0
2021-08-15,60.89,0.05,39.06,7144,5887139,63.31,4531,5453113,58.64,97986,965688,10.38,0,0,0
2021-08-16,60.92,0.04,39.03,6991,5894130,63.38,4750,5457863,58.69,89522,1055210,11.35,0,0,0
2021-08-17,60.96,0.04,39,7573,5901703,63.46,5138,5463001,58.75,83320,1138530,12.24,0,0,0
2021-08-18,60.99,0.04,38.96,8643,5910346,63.56,4603,5467604,58.8,69269,1207799,12.99,0,0,0
2021-08-19,61.03,0.04,38.92,10082,5920428,63.67,5217,5472821,58.85,65976,1273775,13.7,0,0,0
2021-08-20,61.05,0.05,38.9,4769,5925197,63.72,2828,5475649,58.88,60454,1334229,14.35,0,0,0
2021-08-21,61.06,0.05,38.89,3499,5928696,63.75,1580,5477229,58.9,50727,1384956,14.89,0,0,0
2021-08-22,61.12,0.04,38.84,9822,5938518,63.86,4808,5482037,58.95,105114,1490070,16.02,0,0,0
2021-08-23,61.17,0.04,38.79,10922,5949440,63.98,4448,5486485,59,94036,1584106,17.03,0,0,0
2021-08-24,61.23,0.04,38.73,11721,5961161,64.1,4701,5491186,59.05,98562,1682668,18.09,0,0,0
2021-08-25,61.29,0.04,38.67,9613,5970774,64.21,4484,5495670,59.1,99559,1782227,19.17,0,0,0
2021-08-26,61.36,0.03,38.61,10114,5980888,64.32,5059,5500729,59.15,101234,1883461,20.25,0,0,0
2021-08-27,61.35,0.04,38.61,4325,5985213,64.36,2790,5503519,59.18,56695,1940156,20.86,0,0,0
2021-08-28,61.4,0.04,38.57,3704,5988917,64.4,1500,5505019,59.2,33542,1973698,21.22,0,0,0
2021-08-29,61.46,0.03,38.5,10323,5999240,64.51,5932,5510951,59.26,79552,2053250,22.08,0,0,0
2021-08-30,61.53,0.03,38.44,12332,6011572,64.65,7017,5517968,59.34,116011,2169261,23.33,0,0,0
2021-08-31,61.6,0.03,38.37,12076,6023648,64.78,6529,5524497,59.41,114885,2284146,24.56,0,0,0
2021-09-01,61.43,0.03,38.54,9036,6032684,64.87,6043,5530540,59.47,112496,2396642,25.77,0,0,0
2021-09-02,61.49,0.03,38.48,8785,6041469,64.97,7186,5537726,59.55,111548,2508190,26.97,0,0,0
2021-09-03,61.56,0.03,38.42,3751,6045220,65.01,4118,5541844,59.59,58886,2567076,27.61,0,0,0
2021-09-04,61.59,0.03,38.38,2692,6047912,65.04,2023,5543867,59.62,29954,2597030,27.93,0,0,0
2021-09-05,61.68,0.03,38.29,6991,6054903,65.11,6460,5550327,59.69,73328,2670358,28.72,0,0,0
2021-09-06,61.77,0.03,38.2,2836,6057739,65.14,2718,5553045,59.71,22800,2693158,28.96,0,0,0
2021-09-07,61.85,0.03,38.12,1202,6058941,65.15,880,5553925,59.72,5398,2698556,29.02,0,0,0
2021-09-08,61.93,0.03,38.05,1380,6060321,65.17,1196,5555121,59.74,6621,2705177,29.09,0,0,0
2021-09-09,62.02,0.03,37.95,7092,6067413,65.25,12574,5567695,59.87,73847,2779024,29.88,0,0,0
2021-09-10,62.06,0.03,37.91,3258,6070671,65.28,5016,5572711,59.93,37938,2816962,30.29,0,0,0
2021-09-11,62.08,0.03,37.89,2109,6072780,65.3,2509,5575220,59.95,14817,2831779,30.45,0,0,0
2021-09-12,62.16,0.03,37.81,6105,6078885,65.37,8589,5583809,60.05,54137,2885916,31.03,0,0,0
2021-09-13,62.15,0.03,37.82,5611,6084496,65.43,8264,5592073,60.13,47984,2933900,31.55,0,0,0
2021-09-14,62.2,0.03,37.77,4964,6089460,65.48,7424,5599497,60.21,48856,2982756,32.08,0,0,0
2021-09-15,62.25,0.03,37.72,1751,6091211,65.5,2719,5602216,60.24,16687,2999443,32.25,0,0,0
2021-09-16,62.37,0.03,37.6,343,6091554,65.51,550,5602766,60.25,1740,3001183,32.27,0,0,0
2021-09-17,62.42,0.03,37.54,3683,6095237,65.55,7022,5609788,60.32,42908,3044091,32.73,0,0,0
2021-09-18,62.45,0.03,37.52,2258,6097495,65.57,2946,5612734,60.36,12784,3056875,32.87,0,0,0
2021-09-19,62.55,0.03,37.42,5943,6103438,65.63,10712,5623446,60.47,44331,3101206,33.35,0,0,0
2021-09-20,62.63,0.03,37.34,3246,6106684,65.67,4646,5628092,60.52,16708,3117914,33.53,0,0,0
2021-09-21,62.69,0.03,37.28,1340,6108024,65.68,2068,5630160,60.54,3477,3121391,33.57,0,0,0
2021-09-22,62.72,0.03,37.25,4260,6112284,65.73,7250,5637410,60.62,25072,3146463,33.84,0,0,0
2021-09-23,62.75,0.03,37.22,4391,6116675,65.78,5918,5643328,60.69,27834,3174297,34.13,0,0,0
2021-09-24,62.82,0.03,37.15,3203,6119878,65.81,4185,5647513,60.73,27725,3202022,34.43,0,0,0
2021-09-25,62.85,0.03,37.12,2080,6121958,65.83,2264,5649777,60.75,10443,3212465,34.55,0,0,0
2021-09-26,62.96,0.03,37,5605,6127563,65.89,5973,5655750,60.82,36271,3248736,34.94,0,0,0
2021-09-27,63.02,0.03,36.94,4696,6132259,65.94,4469,5660219,60.87,30457,3279193,35.26,0,0,0
2021-09-28,63.06,0.04,36.91,1473,6133732,65.96,1187,5661406,60.88,6250,3285443,35.33,0,0,0
2021-09-29,63.13,0.03,36.84,9622,6143354,66.06,8349,5669755,60.97,60325,3345768,35.98,0,0,0
2021-09-30,63.18,0.03,36.79,10978,6154332,66.18,8580,5678335,61.06,79704,3425472,36.84,0,0,0
2021-10-01,63.23,0.03,36.73,5128,6159460,66.24,3876,5682211,61.1,46546,3472018,37.34,0,0,0
2021-10-02,63.26,0.03,36.71,2865,6162325,66.27,2128,5684339,61.13,22433,3494451,37.58,0,0,0
2021-10-03,63.35,0.03,36.62,11668,6173993,66.39,7275,5691614,61.2,70726,3565177,38.34,0,0,0
2021-10-04,63.4,0.03,36.57,10321,6184314,66.5,6759,5698373,61.28,51913,3617090,38.9,0,0,0
2021-10-05,63.41,0.03,36.55,8461,6192775,66.59,5314,5703687,61.33,40481,3657571,39.33,0,0,0
2021-10-06,63.52,0.03,36.45,7543,6200318,66.68,4185,5707872,61.38,34151,3691722,39.7,0,0,0
2021-10-07,63.63,0.03,36.34,6895,6207213,66.75,4011,5711883,61.42,34074,3725796,40.07,0,0,0
2021-10-08,63.68,0.03,36.29,3086,6210299,66.78,2644,5714527,61.45,19250,3745046,40.27,0,0,0
2021-10-09,63.71,0.03,36.26,1341,6211640,66.8,1444,5715971,61.47,7441,3752487,40.35,0,0,0
2021-10-10,63.82,0.04,36.14,4677,6216317,66.85,3747,5719718,61.51,21519,3774006,40.58,0,0,0
2021-10-11,63.91,0.04,36.05,4299,6220616,66.89,2946,5722664,61.54,17270,3791276,40.77,0,0,0
2021-10-12,63.99,0.05,35.96,3977,6224593,66.94,3007,5725671,61.57,15357,3806633,40.93,0,0,0
2021-10-13,64.09,0.05,35.86,3487,6228080,66.97,2451,5728122,61.6,13587,3820220,41.08,0,0,0
2021-10-14,64.19,0.06,35.75,3870,6231950,67.02,2686,5730808,61.63,16569,3836789,41.26,0,0,0
2021-10-15,64.23,0.07,35.7,1705,6233655,67.03,1686,5732494,61.64,9012,3845801,41.36,0,0,0
2021-10-16,64.25,0.08,35.67,729,6234384,67.04,958,5733452,61.65,4036,3849837,41.4,0,0,0
2021-10-17,64.36,0.09,35.56,3090,6237474,67.07,2526,5735978,61.68,12799,3862636,41.54,0,0,0
2021-10-18,64.43,0.1,35.47,2459,6239933,67.1,1694,5737672,61.7,10069,3872705,41.65,0,0,0
2021-10-19,64.49,0.1,35.4,2399,6242332,67.13,1284,5738956,61.71,9295,3882000,41.75,0,0,0
2021-10-20,64.14,0.52,35.34,2438,6244770,67.15,2304,5741260,61.74,10104,3892104,41.85,0,0,0
2021-10-21,54.23,10.41,35.36,3033,6247803,67.19,3098,5744358,61.77,12164,3904268,41.98,0,0,0
2021-10-22,54.36,10.26,35.38,1279,6249082,67.2,1439,5745797,61.79,5842,3910110,42.05,0,0,0
2021-10-23,54.42,10.19,35.39,575,6249657,67.21,1266,5747063,61.8,2565,3912675,42.08,0,0,0
2021-10-24,54.22,10.43,35.35,2518,6252175,67.23,2653,5749716,61.83,9855,3922530,42.18,0,0,0
2021-10-25,54.59,10.22,35.19,2640,6254815,67.26,2753,5752469,61.86,8511,3931041,42.27,0,0,0
2021-10-26,54.64,10.26,35.1,2381,6257196,67.29,2058,5754527,61.88,8531,3939572,42.36,0,0,0
2021-10-27,54.58,10.37,35.06,2292,6259488,67.31,2566,5757093,61.91,7959,3947531,42.45,0,0,0
2021-10-28,54.69,10.76,34.55,2508,6261996,67.34,2782,5759875,61.94,8677,3956208,42.54,0,0,0
2021-10-29,54.73,10.75,34.52,904,6262900,67.35,1154,5761029,61.95,4138,3960346,42.59,0,0,0
2021-10-30,54.68,10.81,34.52,366,6263266,67.35,530,5761559,61.96,1712,3962058,42.61,0,0,0
2021-10-31,54.83,10.7,34.47,2262,6265528,67.38,2495,5764054,61.98,8255,3970313,42.69,0,0,0
2021-11-01,54.95,10.63,34.42,1737,6267265,67.4,2094,5766148,62.01,6481,3976794,42.76,0,0,0
2021-11-02,54.89,10.69,34.42,2026,6269291,67.42,2050,5768198,62.03,6296,3983090,42.83,0,0,0
2021-11-03,54.86,10.75,34.39,1764,6271055,67.44,1897,5770095,62.05,5556,3988646,42.89,0,0,0
2021-11-04,54.85,10.81,34.33,2111,6273166,67.46,2802,5772897,62.08,7135,3995781,42.97,0,0,0
2021-11-05,54.85,10.83,34.32,793,6273959,67.47,907,5773804,62.09,3488,3999269,43.01,0,0,0
2021-11-06,54.82,10.86,34.32,347,6274306,67.47,389,5774193,62.09,1375,4000644,43.02,0,0,0
2021-11-07,54.92,10.8,34.28,1578,6275884,67.49,1770,5775963,62.11,6133,4006777,43.09,0,0,0
2021-11-08,55.01,10.75,34.24,1521,6277405,67.5,1603,5777566,62.13,5406,4012183,43.15,0,0,0
2021-11-09,55.05,10.74,34.21,1429,6278834,67.52,1612,5779178,62.15,5333,4017516,43.2,0,0,0
2021-11-10,55.08,10.73,34.19,1424,6280258,67.53,1662,5780840,62.16,4779,4022295,43.25,0,0,0
2021-11-11,55.15,10.69,34.15,1628,6281886,67.55,1948,5782788,62.19,5720,4028015,43.32,0,0,0
2021-11-12,55.17,10.69,34.14,637,6282523,67.56,826,5783614,62.19,2926,4030941,43.35,0,0,0
2021-11-13,55.14,10.72,34.14,259,6282782,67.56,291,5783905,62.2,1131,4032072,43.36,0,0,0
2021-11-14,55.21,10.68,34.11,1536,6284318,67.58,1639,5785544,62.21,5111,4037183,43.41,0,0,0
2021-11-15,55.28,10.63,34.09,1275,6285593,67.59,1628,5787172,62.23,4770,4041953,43.47,0,0,0
2021-11-16,55.32,10.62,34.07,1275,6286868,67.61,1419,5788591,62.25,4349,4046302,43.51,0,0,0
2021-11-17,55.35,10.6,34.05,1208,6288076,67.62,1567,5790158,62.26,3915,4050217,43.55,0,0,0
2021-11-18,55.41,10.58,34.02,1364,6289440,67.63,1693,5791851,62.28,5014,4055231,43.61,0,0,0
2021-11-19,55.42,10.57,34.01,590,6290030,67.64,765,5792616,62.29,2460,4057691,43.63,0,0,0
2021-11-20,55.41,10.58,34,238,6290268,67.64,258,5792874,62.29,930,4058621,43.64,0,0,0
2021-11-21,55.47,10.54,33.98,1409,6291677,67.66,1542,5794416,62.31,4881,4063502,43.7,0,0,0
2021-11-22,55.54,10.5,33.96,1681,6293358,67.68,1523,5795939,62.33,4238,4067740,43.74,0,0,0
2021-11-23,55.57,10.48,33.95,8616,6301974,67.77,1688,5797627,62.34,4012,4071752,43.79,0,0,0
2021-11-24,55.6,10.44,33.95,9348,6311322,67.87,1319,5798946,62.36,3925,4075677,43.83,0,0,0
2021-11-25,55.64,10.43,33.93,9809,6321131,67.97,1600,5800546,62.38,4841,4080518,43.88,0,0,0
2021-11-26,55.63,10.45,33.92,5610,6326741,68.03,753,5801299,62.38,2807,4083325,43.91,0,0,0
2021-11-27,55.62,10.46,33.92,4776,6331517,68.09,324,5801623,62.39,1164,4084489,43.92,0,0,0
2021-11-28,55.67,10.43,33.9,10148,6341665,68.2,1481,5803104,62.4,4907,4089396,43.98,0,0,0
2021-11-29,55.73,10.39,33.88,9043,6350708,68.29,1135,5804239,62.42,4378,4093774,44.02,0,0,0
2021-11-30,55.77,10.37,33.86,10043,6360751,68.4,1039,5805278,62.43,4085,4097859,44.07,0,0,0
2021-12-01,55.79,10.36,33.84,8629,6369380,68.49,1098,5806376,62.44,4445,4102304,44.11,5,5,0
2021-12-02,55.84,10.34,33.82,9174,6378554,68.59,1457,5807833,62.45,5126,4107430,44.17,6,11,0
2021-12-03,55.86,10.33,33.81,6329,6384883,68.66,673,5808506,62.46,2868,4110298,44.2,1,12,0
2021-12-04,55.85,10.34,33.81,2509,6387392,68.69,239,5808745,62.46,926,4111224,44.21,3,15,0
2021-12-05,55.9,10.31,33.79,8334,6395726,68.78,1254,5809999,62.48,4683,4115907,44.26,1,16,0
2021-12-06,55.95,10.27,33.78,6720,6402446,68.85,1200,5811199,62.49,4351,4120258,44.31,4,20,0
2021-12-07,55.99,10.25,33.76,5553,6407999,68.91,1506,5812705,62.51,3966,4124224,44.35,9,29,0
2021-12-08,56.03,10.22,33.75,4934,6412933,68.96,1201,5813906,62.52,3885,4128109,44.39,10,39,0
2021-12-09,56.08,10.19,33.73,6239,6419172,69.03,1241,5815147,62.53,4508,4132617,44.44,8,47,0
2021-12-10,56.1,10.18,33.72,3006,6422178,69.06,704,5815851,62.54,2687,4135304,44.47,4,51,0
2021-12-11,56.1,10.18,33.71,1491,6423669,69.08,255,5816106,62.54,1022,4136326,44.48,0,51,0
2021-12-12,56.16,10.15,33.69,7273,6430942,69.16,1445,5817551,62.56,5249,4141575,44.54,3,54,0
2021-12-13,56.21,10.11,33.67,6180,6437122,69.22,1377,5818928,62.57,4351,4145926,44.58,5,59,0
2021-12-14,56.27,10.09,33.65,7316,6444438,69.3,6098,5825026,62.64,4941,4150867,44.64,12,71,0
2021-12-15,56.34,10.06,33.6,7204,6451642,69.38,7404,5832430,62.72,5446,4156313,44.69,7,78,0
2021-12-16,56.53,10.05,33.42,8079,6459721,69.46,8611,5841041,62.81,6565,4162878,44.77,8,86,0
2021-12-17,56.64,10.05,33.3,4406,6464127,69.51,5141,5846182,62.87,3955,4166833,44.81,3,89,0
2021-12-18,56.73,10.07,33.2,3941,6468068,69.55,2913,5849095,62.9,1361,4168194,44.82,2,91,0
2021-12-19,56.92,10.04,33.04,6978,6475046,69.63,9328,5858423,63,6276,4174470,44.89,6,97,0
2021-12-20,57.07,10.02,32.91,7971,6483017,69.72,7520,5865943,63.08,5447,4179917,44.95,9,106,0
2021-12-21,57.27,10.01,32.71,9548,6492565,69.82,8647,5874590,63.17,6493,4186410,45.02,8,114,0
2021-12-22,57.49,10,32.52,9663,6502228,69.92,8152,5882742,63.26,6258,4192668,45.09,12,126,0
2021-12-23,57.7,9.97,32.33,11539,6513767,70.05,10262,5893004,63.37,8161,4200829,45.17,16,142,0
2021-12-24,57.83,9.96,32.21,5875,6519642,70.11,6241,5899245,63.44,5281,4206110,45.23,12,154,0
2021-12-25,57.9,9.96,32.15,3338,6522980,70.14,2566,5901811,63.47,2022,4208132,45.25,6,160,0
2021-12-26,58.1,9.92,31.98,10652,6533632,70.26,8909,5910720,63.56,8202,4216334,45.34,8,168,0
2021-12-27,58.27,9.9,31.83,10370,6544002,70.37,7142,5917862,63.64,8188,4224522,45.43,26,194,0
2021-12-28,58.46,9.88,31.66,11375,6555377,70.49,7451,5925313,63.72,9643,4234165,45.53,33,227,0
2021-12-29,58.64,9.85,31.51,9933,6565310,70.6,5964,5931277,63.78,8376,4242541,45.62,21,248,0
2021-12-30,58.84,9.82,31.34,11012,6576322,70.72,7735,5939012,63.87,12240,4254781,45.75,10,258,0
2021-12-31,58.9,9.79,31.3,4829,6581151,70.77,3671,5942683,63.9,7297,4262078,45.83,135,393,0
2022-01-01,58.93,9.79,31.28,1993,6583144,70.79,1592,5944275,63.92,2741,4264819,45.86,66,459,0
2022-01-02,59.14,9.76,31.1,10216,6593360,70.9,6487,5950762,63.99,13002,4277821,46,590,1049,0.01
2022-01-03,59.29,9.71,31,9384,6602744,71,5259,5956021,64.05,11343,4289164,46.12,25055,26104,0.28
2022-01-04,59.46,9.68,30.86,8963,6611707,71.1,5947,5961968,64.11,10525,4299689,46.24,50665,76769,0.83
2022-01-05,59.56,9.65,30.79,8554,6620261,71.19,5740,5967708,64.17,10492,4310181,46.35,59597,136366,1.47
2022-01-06,59.81,9.63,30.56,10339,6630600,71.3,7958,5975666,64.26,13532,4323713,46.5,64006,200372,2.15
2022-01-07,59.89,9.61,30.49,4759,6635359,71.35,4557,5980223,64.31,8167,4331880,46.58,31136,231508,2.49
2022-01-08,59.9,9.64,30.46,2750,6638109,71.38,2451,5982674,64.33,5502,4337382,46.64,27633,259141,2.79
2022-01-09,60.06,9.59,30.35,9305,6647414,71.48,7724,5990398,64.42,11871,4349253,46.77,66773,325914,3.5
2022-01-10,60.21,9.54,30.25,8347,6655761,71.57,7646,5998044,64.5,11885,4361138,46.9,64784,390698,4.2
2022-01-11,60.38,9.49,30.13,8097,6663858,71.66,8622,6006666,64.59,11974,4373112,47.03,56662,447360,4.81
2022-01-12,60.51,9.45,30.04,7275,6671133,71.74,8305,6014971,64.68,11114,4384226,47.15,44633,491993,5.29
2022-01-13,60.7,9.35,29.94,7509,6678642,71.82,9617,6024588,64.79,11549,4395775,47.27,34769,526762,5.66
2022-01-14,60.79,9.31,29.9,2555,6681197,71.85,4935,6029523,64.84,6147,4401922,47.34,11146,537908,5.78
2022-01-15,60.83,9.29,29.87,1469,6682666,71.86,3170,6032693,64.87,3885,4405807,47.38,5716,543624,5.85
2022-01-16,60.97,9.2,29.82,3817,6686483,71.9,8524,6041217,64.96,7682,4413489,47.46,19993,563617,6.06
2022-01-17,61.09,9.13,29.78,2808,6689291,71.93,7047,6048264,65.04,6173,4419662,47.53,17835,581452,6.25
2022-01-18,61.23,9.07,29.7,2475,6691766,71.96,7386,6055650,65.12,5535,4425197,47.59,14819,596271,6.41
2022-01-19,61.37,8.98,29.65,1915,6693681,71.98,6368,6062018,65.19,4523,4429720,47.63,8462,604733,6.5
2022-01-20,61.44,8.85,29.71,1777,6695458,72,6971,6068989,65.26,4792,4434512,47.69,8042,612775,6.59
2022-01-21,61.51,8.81,29.68,905,6696363,72.01,3725,6072714,65.3,2646,4437158,47.72,3358,616133,6.63
2022-01-22,61.51,8.75,29.74,327,6696690,72.01,1462,6074176,65.32,1068,4438226,47.73,1114,617247,6.64
2022-01-23,61.61,8.7,29.69,1068,6697758,72.02,5632,6079808,65.38,2879,4441105,47.76,6083,623330,6.7
2022-01-24,61.73,8.62,29.65,759,6698517,72.03,4481,6084289,65.43,2271,4443376,47.78,5057,628387,6.76
2022-01-25,61.9,8.51,29.59,743,6699260,72.04,4401,6088690,65.47,2187,4445563,47.81,7103,635490,6.83
2022-01-26,62.02,8.42,29.57,615,6699875,72.05,3286,6091976,65.51,1612,4447175,47.82,4263,639753,6.88
2022-01-27,62.12,8.35,29.52,797,6700672,72.06,4405,6096381,65.56,2007,4449182,47.84,5441,645194,6.94
2022-01-28,62.16,8.33,29.5,397,6701069,72.06,2377,6098758,65.58,1182,4450364,47.86,3452,648646,6.98
2022-01-29,62.23,8.29,29.48,124,6701193,72.06,1046,6099804,65.59,425,4450789,47.86,1162,649808,6.99
2022-01-30,62.3,8.24,29.46,769,6701962,72.07,4719,6104523,65.64,2020,4452809,47.88,8099,657907,7.07
2022-01-31,62.39,8.17,29.43,528,6702490,72.08,3183,6107706,65.68,1610,4454419,47.9,6472,664379,7.14
2022-02-01,62.45,8.15,29.4,482,6702972,72.08,2810,6110516,65.71,1526,4455945,47.92,5722,670101,7.21
2022-02-02,62.28,8.13,29.59,375,6703347,72.08,2394,6112910,65.74,1386,4457331,47.93,5073,675174,7.26
2022-02-03,62.34,8.08,29.57,446,6703793,72.09,2776,6115686,65.77,1462,4458793,47.95,5607,680781,7.32
2022-02-04,62.37,8.06,29.57,174,6703967,72.09,991,6116677,65.78,758,4459551,47.96,2455,683236,7.35
2022-02-05,62.34,8.09,29.56,62,6704029,72.09,342,6117019,65.78,221,4459772,47.96,420,683656,7.35
2022-02-06,62.41,8.05,29.55,407,6704436,72.1,2321,6119340,65.8,1344,4461116,47.97,5687,689343,7.41
2022-02-07,62.47,8.01,29.52,283,6704719,72.1,1308,6120648,65.82,984,4462100,47.98,5961,695304,7.48
2022-02-08,62.54,7.97,29.49,317,6705036,72.1,1498,6122146,65.83,1068,4463168,47.99,6138,701442,7.54
2022-02-09,62.6,7.95,29.45,254,6705290,72.11,1102,6123248,65.85,946,4464114,48,4571,706013,7.59
2022-02-10,62.63,7.93,29.44,273,6705563,72.11,1292,6124540,65.86,936,4465050,48.01,4816,710829,7.64
2022-02-11,62.67,7.91,29.42,212,6705775,72.11,557,6125097,65.87,519,4465569,48.02,2540,713369,7.67
2022-02-12,62.67,7.91,29.41,32,6705807,72.11,91,6125188,65.87,137,4465706,48.02,269,713638,7.67
2022-02-13,62.73,7.87,29.39,286,6706093,72.11,946,6126134,65.88,967,4466673,48.03,4998,718636,7.73
2022-02-14,62.89,7.74,29.36,179,6706272,72.12,628,6126762,65.88,761,4467434,48.04,3143,721779,7.76
2022-02-15,62.92,7.73,29.35,266,6706538,72.12,763,6127525,65.89,938,4468372,48.05,3819,725598,7.8
2022-02-16,62.95,7.72,29.34,179,6706717,72.12,577,6128102,65.9,803,4469175,48.06,2488,728086,7.83
2022-02-17,62.96,7.7,29.34,247,6706964,72.12,740,6128842,65.91,775,4469950,48.07,3061,731147,7.86
2022-02-18,62.98,7.69,29.33,130,6707094,72.12,343,6129185,65.91,441,4470391,48.07,1119,732266,7.87
2022-02-19,62.99,7.69,29.32,33,6707127,72.13,84,6129269,65.91,82,4470473,48.07,80,732346,7.88
2022-02-20,63.01,7.67,29.32,204,6707331,72.13,604,6129873,65.92,723,4471196,48.08,2574,734920,7.9
2022-02-21,63.04,7.65,29.31,173,6707504,72.13,415,6130288,65.92,490,4471686,48.09,1542,736462,7.92
2022-02-22,63.05,7.65,29.3,158,6707662,72.13,455,6130743,65.93,570,4472256,48.09,1871,738333,7.94
2022-02-23,63.06,7.65,29.29,109,6707771,72.13,353,6131096,65.93,453,4472709,48.1,1153,739486,7.95
2022-02-24,63.05,7.66,29.29,138,6707909,72.13,463,6131559,65.94,568,4473277,48.1,1493,740979,7.97
2022-02-25,63.06,7.66,29.28,59,6707968,72.13,144,6131703,65.94,193,4473470,48.11,456,741435,7.97
2022-02-26,63.05,7.67,29.28,17,6707985,72.13,28,6131731,65.94,161,4473631,48.11,35,741470,7.97
2022-02-27,63.05,7.67,29.28,112,6708097,72.14,341,6132072,65.94,448,4474079,48.11,1119,742589,7.99
2022-02-28,63.07,7.65,29.28,108,6708205,72.14,271,6132343,65.94,426,4474505,48.12,908,743497,8
2022-03-01,63.1,7.63,29.27,97,6708302,72.14,281,6132624,65.95,373,4474878,48.12,797,744294,8
2022-03-02,63.11,7.62,29.27,77,6708379,72.14,199,6132823,65.95,324,4475202,48.12,698,744992,8.01
2022-03-03,63.05,7.67,29.27,157,6708536,72.14,371,6133194,65.95,499,4475701,48.13,987,745979,8.02
2022-03-04,63.05,7.68,29.27,54,6708590,72.14,170,6133364,65.96,170,4475871,48.13,228,746207,8.02
2022-03-05,63.04,7.69,29.27,5,6708595,72.14,25,6133389,65.96,44,4475915,48.13,32,746239,8.02
2022-03-06,63.04,7.69,29.27,98,6708693,72.14,259,6133648,65.96,417,4476332,48.14,760,746999,8.03
2022-03-07,63.05,7.69,29.26,88,6708781,72.14,260,6133908,65.96,354,4476686,48.14,605,747604,8.04
2022-03-08,63.04,7.7,29.26,100,6708881,72.14,263,6134171,65.96,333,4477019,48.14,550,748154,8.05
2022-03-09,63.02,7.72,29.25,89,6708970,72.15,213,6134384,65.97,337,4477356,48.15,492,748646,8.05
2022-03-10,63.01,7.74,29.25,115,6709085,72.15,375,6134759,65.97,428,4477784,48.15,620,749266,8.06
2022-03-11,63,7.75,29.25,24,6709109,72.15,85,6134844,65.97,123,4477907,48.15,144,749410,8.06
2022-03-12,62.98,7.77,29.24,11,6709120,72.15,12,6134856,65.97,34,4477941,48.15,28,749438,8.06
2022-03-13,62.98,7.78,29.24,100,6709220,72.15,271,6135127,65.97,359,4478300,48.16,595,750033,8.07
2022-03-14,62.98,7.78,29.24,66,6709286,72.15,253,6135380,65.98,316,4478616,48.16,559,750592,8.07
2022-03-15,62.95,7.81,29.24,80,6709366,72.15,185,6135565,65.98,293,4478909,48.16,591,751183,8.08
2022-03-16,62.94,7.82,29.24,77,6709443,72.15,205,6135770,65.98,305,4479214,48.17,668,751851,8.09
2022-03-17,62.94,7.82,29.24,65,6709508,72.15,122,6135892,65.98,286,4479500,48.17,613,752464,8.09
2022-03-18,62.94,7.82,29.24,20,6709528,72.15,54,6135946,65.98,100,4479600,48.17,234,752698,8.09
2022-03-19,62.89,7.88,29.23,6,6709534,72.15,11,6135957,65.98,29,4479629,48.17,39,752737,8.09
2022-03-20,62.87,7.89,29.23,120,6709654,72.15,260,6136217,65.99,486,4480115,48.18,1431,754168,8.11
2022-03-21,62.87,7.9,29.23,97,6709751,72.15,249,6136466,65.99,379,4480494,48.18,1132,755300,8.12
2022-03-22,62.84,7.94,29.23,141,6709892,72.15,342,6136808,65.99,508,4481002,48.19,1770,757070,8.14
2022-03-23,62.81,7.97,29.22,108,6710000,72.16,212,6137020,65.99,463,4481465,48.19,1677,758747,8.16
2022-03-24,62.78,8,29.22,175,6710175,72.16,345,6137365,66,769,4482234,48.2,2363,761110,8.18
2022-03-25,62.78,8,29.23,39,6710214,72.16,83,6137448,66,159,4482393,48.2,630,761740,8.19
2022-03-26,62.77,8,29.22,12,6710226,72.16,13,6137461,66,34,4482427,48.2,91,761831,8.19
2022-03-27,62.75,8.02,29.22,168,6710394,72.16,344,6137805,66,760,4483187,48.21,3193,765024,8.23
2022-03-28,62.75,8.03,29.22,113,6710507,72.16,272,6138077,66.01,623,4483810,48.22,2416,767440,8.25
2022-03-29,62.7,8.07,29.22,125,6710632,72.16,260,6138337,66.01,641,4484451,48.22,2772,770212,8.28
2022-03-30,62.81,8.11,29.07,132,6710764,72.16,208,6138545,66.01,542,4484993,48.23,2371,772583,8.31
2022-03-31,62.79,8.11,29.1,166,6710930,72.17,302,6138847,66.01,732,4485725,48.24,2854,775437,8.34
2022-04-01,62.72,8.13,29.15,122,6711052,72.17,161,6139008,66.02,277,4486002,48.24,589,776026,8.35
2022-04-02,62.69,8.15,29.16,7,6711059,72.17,7,6139015,66.02,37,4486039,48.24,52,776078,8.35
2022-04-03,62.65,8.16,29.19,159,6711218,72.17,270,6139285,66.02,569,4486608,48.25,2478,778556,8.37
2022-04-04,62.62,8.16,29.22,103,6711321,72.17,208,6139493,66.02,485,4487093,48.25,2225,780781,8.4
2022-04-05,62.57,8.19,29.25,123,6711444,72.17,221,6139714,66.02,513,4487606,48.26,2243,783024,8.42
2022-04-06,62.55,8.2,29.25,91,6711535,72.17,157,6139871,66.03,382,4487988,48.26,2023,785047,8.44
2022-04-07,62.56,8.2,29.24,191,6711726,72.17,215,6140086,66.03,641,4488629,48.27,2556,787603,8.47
2022-04-08,62.54,8.22,29.23,30,6711756,72.17,61,6140147,66.03,154,4488783,48.27,482,788085,8.47
2022-04-09,62.52,8.25,29.23,6,6711762,72.17,17,6140164,66.03,28,4488811,48.27,47,788132,8.48
2022-04-10,62.51,8.26,29.23,103,6711865,72.18,265,6140429,66.03,429,4489240,48.28,1845,789977,8.5
2022-04-11,62.54,8.26,29.2,78,6711943,72.18,201,6140630,66.03,371,4489611,48.28,1425,791402,8.51
2022-04-12,62.58,8.29,29.12,204,6712147,72.18,168,6140798,66.04,376,4489987,48.28,1361,792763,8.53
2022-04-13,62.58,8.31,29.1,117,6712264,72.18,150,6140948,66.04,299,4490286,48.29,1218,793981,8.54
2022-04-14,62.57,8.33,29.1,85,6712349,72.18,222,6141170,66.04,321,4490607,48.29,1069,795050,8.55
2022-04-15,62.55,8.35,29.1,10,6712359,72.18,51,6141221,66.04,48,4490655,48.29,82,795132,8.55
2022-04-16,62.53,8.37,29.1,3,6712362,72.18,8,6141229,66.04,21,4490676,48.29,29,795161,8.55
2022-04-17,62.52,8.38,29.1,62,6712424,72.18,131,6141360,66.04,229,4490905,48.29,807,795968,8.56
2022-04-18,62.51,8.38,29.1,68,6712492,72.18,109,6141469,66.04,253,4491158,48.3,750,796718,8.57
2022-04-19,62.5,8.4,29.1,62,6712554,72.18,145,6141614,66.04,273,4491431,48.3,842,797560,8.58
2022-04-20,62.48,8.42,29.1,60,6712614,72.18,117,6141731,66.05,235,4491666,48.3,656,798216,8.58
2022-04-21,62.47,8.43,29.1,53,6712667,72.18,109,6141840,66.05,197,4491863,48.3,480,798696,8.59
2022-04-22,62.45,8.44,29.11,3,6712670,72.18,17,6141857,66.05,19,4491882,48.3,20,798716,8.59
2022-04-23,62.43,8.46,29.11,6,6712676,72.18,9,6141866,66.05,17,4491899,48.3,13,798729,8.59
2022-04-24,62.43,8.47,29.1,92,6712768,72.19,250,6142116,66.05,329,4492228,48.31,872,799601,8.6
2022-04-25,62.43,8.47,29.1,104,6712872,72.19,193,6142309,66.05,316,4492544,48.31,739,800340,8.61
2022-04-26,62.42,8.48,29.1,76,6712948,72.19,175,6142484,66.05,304,4492848,48.31,789,801129,8.61
2022-04-27,62.41,8.49,29.1,54,6713002,72.19,160,6142644,66.05,227,4493075,48.32,640,801769,8.62
2022-04-28,62.41,8.5,29.1,97,6713099,72.19,232,6142876,66.06,329,4493404,48.32,872,802641,8.63
2022-04-29,62.39,8.51,29.1,112,6713211,72.19,159,6143035,66.06,184,4493588,48.32,196,802837,8.63
2022-04-30,62.38,8.52,29.1,1,6713212,72.19,3,6143038,66.06,24,4493612,48.32,22,802859,8.63
2022-05-01,62.38,8.53,29.09,135,6713347,72.19,185,6143223,66.06,317,4493929,48.33,630,803489,8.64
2022-05-02,62.37,8.54,29.09,62,6713409,72.19,155,6143378,66.06,235,4494164,48.33,491,803980,8.65
2022-05-03,62.36,8.55,29.09,73,6713482,72.19,151,6143529,66.06,288,4494452,48.33,508,804488,8.65
2022-05-04,62.35,8.57,29.08,23,6713505,72.19,56,6143585,66.07,63,4494515,48.33,129,804617,8.65
2022-05-05,62.34,8.58,29.08,5,6713510,72.19,1,6143586,66.07,8,4494523,48.33,14,804631,8.65
2022-05-06,62.33,8.59,29.08,20,6713530,72.19,59,6143645,66.07,63,4494586,48.33,154,804785,8.65
2022-05-07,62.32,8.6,29.08,1,6713531,72.19,7,6143652,66.07,27,4494613,48.33,24,804809,8.65
2022-05-08,62.31,8.61,29.08,118,6713649,72.2,207,6143859,66.07,270,4494883,48.34,457,805266,8.66
2022-05-09,62.31,8.61,29.08,59,6713708,72.2,162,6144021,66.07,253,4495136,48.34,505,805771,8.66
2022-05-10,62.3,8.62,29.08,131,6713839,72.2,169,6144190,66.07,261,4495397,48.34,508,806279,8.67
2022-05-11,62.3,8.63,29.08,58,6713897,72.2,118,6144308,66.07,183,4495580,48.34,464,806743,8.68
2022-05-12,62.29,8.64,29.07,119,6714016,72.2,200,6144508,66.07,282,4495862,48.35,667,807410,8.68
2022-05-13,62.28,8.65,29.07,11,6714027,72.2,44,6144552,66.08,71,4495933,48.35,110,807520,8.68
2022-05-14,62.26,8.66,29.07,6,6714033,72.2,13,6144565,66.08,14,4495947,48.35,24,807544,8.68
2022-05-15,62.26,8.67,29.07,90,6714123,72.2,175,6144740,66.08,246,4496193,48.35,665,808209,8.69
2022-05-16,62.19,8.65,29.16,68,6714191,72.2,141,6144881,66.08,230,4496423,48.35,510,808719,8.7
2022-05-17,62.18,8.66,29.16,73,6714264,72.2,153,6145034,66.08,267,4496690,48.36,618,809337,8.7
2022-05-18,62.17,8.67,29.16,43,6714307,72.2,99,6145133,66.08,169,4496859,48.36,447,809784,8.71
2022-05-19,62.16,8.68,29.16,62,6714369,72.2,173,6145306,66.08,213,4497072,48.36,499,810283,8.71
2022-05-20,62.15,8.69,29.16,76,6714445,72.2,114,6145420,66.08,130,4497202,48.36,138,810421,8.71
2022-05-21,62.14,8.7,29.16,4,6714449,72.2,7,6145427,66.08,15,4497217,48.36,18,810439,8.72
2022-05-22,62.14,8.71,29.16,85,6714534,72.2,190,6145617,66.09,216,4497433,48.36,427,810866,8.72
2022-05-23,62.14,8.71,29.16,66,6714600,72.21,120,6145737,66.09,157,4497590,48.36,351,811217,8.72
2022-05-24,62.13,8.71,29.15,43,6714643,72.21,119,6145856,66.09,157,4497747,48.37,394,811611,8.73
2022-05-25,62.12,8.72,29.15,61,6714704,72.21,103,6145959,66.09,168,4497915,48.37,337,811948,8.73
2022-05-26,62.11,8.73,29.16,72,6714776,72.21,136,6146095,66.09,186,4498101,48.37,347,812295,8.74
2022-05-27,62.1,8.74,29.16,12,6714788,72.21,30,6146125,66.09,43,4498144,48.37,59,812354,8.74
2022-05-28,62.09,8.75,29.16,2,6714790,72.21,5,6146130,66.09,8,4498152,48.37,12,812366,8.74
2022-05-29,62.09,8.75,29.16,89,6714879,72.21,153,6146283,66.09,163,4498315,48.37,316,812682,8.74
2022-05-30,62.09,8.76,29.16,56,6714935,72.21,134,6146417,66.1,126,4498441,48.37,291,812973,8.74
2022-05-31,62.07,8.78,29.15,45,6714980,72.21,104,6146521,66.1,153,4498594,48.38,351,813324,8.75
2022-06-01,61.95,8.9,29.16,65,6715045,72.21,90,6146611,66.1,119,4498713,48.38,277,813601,8.75
2022-06-02,45.96,24.88,29.15,77,6715122,72.21,156,6146767,66.1,178,4498891,48.38,255,813856,8.75
2022-06-03,45.9,24.95,29.16,10,6715132,72.21,23,6146790,66.1,21,4498912,48.38,33,813889,8.75
2022-06-04,45.84,25,29.16,0,6715132,72.21,7,6146797,66.1,8,4498920,48.38,5,813894,8.75
2022-06-05,45.8,25.05,29.16,11,6715143,72.21,14,6146811,66.1,7,4498927,48.38,2,813896,8.75
2022-06-06,39.96,30.89,29.16,58,6715201,72.21,145,6146956,66.1,161,4499088,48.38,262,814158,8.76
2022-06-07,39.92,30.93,29.15,54,6715255,72.21,134,6147090,66.1,142,4499230,48.38,379,814537,8.76
2022-06-08,39.89,30.96,29.15,59,6715314,72.21,104,6147194,66.1,131,4499361,48.38,497,815034,8.76
2022-06-09,39.86,30.99,29.15,84,6715398,72.21,208,6147402,66.11,234,4499595,48.39,642,815676,8.77
2022-06-10,39.83,31.02,29.15,15,6715413,72.21,51,6147453,66.11,60,4499655,48.39,142,815818,8.77
2022-06-11,39.8,31.05,29.15,0,6715413,72.21,3,6147456,66.11,7,4499662,48.39,19,815837,8.77
2022-06-12,39.8,31.05,29.15,109,6715522,72.22,200,6147656,66.11,192,4499854,48.39,768,816605,8.78
2022-06-13,39.81,31.04,29.15,84,6715606,72.22,142,6147798,66.11,168,4500022,48.39,626,817231,8.79
2022-06-14,39.79,31.06,29.15,116,6715722,72.22,174,6147972,66.11,208,4500230,48.39,759,817990,8.8
2022-06-15,39.78,31.08,29.15,71,6715793,72.22,141,6148113,66.11,207,4500437,48.4,700,818690,8.8
2022-06-16,39.74,31.11,29.14,94,6715887,72.22,136,6148249,66.12,218,4500655,48.4,742,819432,8.81
2022-06-17,39.72,31.14,29.15,16,6715903,72.22,63,6148312,66.12,53,4500708,48.4,125,819557,8.81
2022-06-18,39.68,31.17,29.14,3,6715906,72.22,4,6148316,66.12,11,4500719,48.4,15,819572,8.81
2022-06-19,39.53,31.33,29.15,115,6716021,72.22,208,6148524,66.12,318,4501037,48.4,877,820449,8.82
2022-06-20,33.92,36.85,29.23,99,6716120,72.22,152,6148676,66.12,307,4501344,48.41,922,821371,8.83
2022-06-21,33.58,37.19,29.23,94,6716214,72.22,154,6148830,66.12,375,4501719,48.41,1229,822600,8.85
2022-06-22,33.28,37.49,29.23,110,6716324,72.22,136,6148966,66.12,339,4502058,48.41,894,823494,8.86
2022-06-23,32.84,37.92,29.23,132,6716456,72.23,217,6149183,66.13,525,4502583,48.42,1146,824640,8.87
2022-06-24,32.43,38.34,29.24,19,6716475,72.23,35,6149218,66.13,110,4502693,48.42,208,824848,8.87
2022-06-25,32.04,38.72,29.24,1,6716476,72.23,3,6149221,66.13,13,4502706,48.42,16,824864,8.87
2022-06-26,31.63,39.13,29.24,107,6716583,72.23,158,6149379,66.13,379,4503085,48.42,933,825797,8.88
2022-06-27,31.29,39.47,29.24,86,6716669,72.23,172,6149551,66.13,392,4503477,48.43,1028,826825,8.89
2022-06-28,30.86,39.91,29.24,85,6716754,72.23,151,6149702,66.13,363,4503840,48.43,932,827757,8.9
2022-06-29,30.48,40.28,29.24,76,6716830,72.23,108,6149810,66.13,265,4504105,48.43,816,828573,8.91
2022-06-30,30.05,40.71,29.24,86,6716916,72.23,165,6149975,66.13,355,4504460,48.44,1062,829635,8.92
2022-07-01,29.62,41.14,29.24,22,6716938,72.23,28,6150003,66.13,55,4504515,48.44,80,829715,8.92
2022-07-02,29.2,41.56,29.24,1,6716939,72.23,2,6150005,66.13,8,4504523,48.44,18,829733,8.92
2022-07-03,28.81,41.95,29.24,100,6717039,72.23,178,6150183,66.14,322,4504845,48.44,636,830369,8.93
2022-07-04,28.5,42.26,29.24,76,6717115,72.23,140,6150323,66.14,278,4505123,48.45,749,831118,8.94
2022-07-05,28.06,42.7,29.24,59,6717174,72.23,142,6150465,66.14,302,4505425,48.45,688,831806,8.94
2022-07-06,27.39,43.37,29.24,78,6717252,72.23,124,6150589,66.14,211,4505636,48.45,646,832452,8.95
2022-07-07,26.48,44.28,29.24,82,6717334,72.23,165,6150754,66.14,267,4505903,48.45,721,833173,8.96
2022-07-08,25.47,45.29,29.24,17,6717351,72.24,33,6150787,66.14,69,4505972,48.45,131,833304,8.96
2022-07-09,24.42,46.34,29.24,0,6717351,72.24,1,6150788,66.14,3,4505975,48.45,3,833307,8.96
2022-07-10,23.77,46.99,29.24,90,6717441,72.24,164,6150952,66.14,229,4506204,48.46,470,833777,8.97
2022-07-11,23.22,47.54,29.24,64,6717505,72.24,142,6151094,66.15,248,4506452,48.46,575,834352,8.97
2022-07-12,22.13,48.63,29.24,69,6717574,72.24,129,6151223,66.15,207,4506659,48.46,558,834910,8.98
2022-07-13,21.1,49.66,29.24,43,6717617,72.24,101,6151324,66.15,165,4506824,48.46,488,835398,8.98
2022-07-14,20.12,50.63,29.24,70,6717687,72.24,147,6151471,66.15,208,4507032,48.47,513,835911,8.99
2022-07-15,19.27,51.48,29.25,64,6717751,72.24,88,6151559,66.15,127,4507159,48.47,168,836079,8.99
2022-07-16,18.29,52.46,29.25,0,6717751,72.24,6,6151565,66.15,7,4507166,48.47,8,836087,8.99
2022-07-17,17.83,52.92,29.25,77,6717828,72.24,183,6151748,66.15,241,4507407,48.47,468,836555,9
2022-07-18,17.48,53.26,29.26,62,6717890,72.24,158,6151906,66.15,207,4507614,48.47,511,837066,9
2022-07-19,16.77,53.97,29.26,62,6717952,72.24,147,6152053,66.16,174,4507788,48.47,368,837434,9.01
2022-07-20,16.09,54.64,29.26,51,6718003,72.24,134,6152187,66.16,137,4507925,48.48,423,837857,9.01
2022-07-21,15.43,55.3,29.27,62,6718065,72.24,160,6152347,66.16,176,4508101,48.48,341,838198,9.01
2022-07-22,14.64,56.08,29.28,10,6718075,72.24,36,6152383,66.16,43,4508144,48.48,56,838254,9.01
2022-07-23,14.17,56.55,29.28,0,6718075,72.24,4,6152387,66.16,4,4508148,48.48,9,838263,9.01
2022-07-24,13.55,57.16,29.29,58,6718133,72.24,128,6152515,66.16,197,4508345,48.48,364,838627,9.02
2022-07-25,13.09,57.61,29.3,48,6718181,72.24,107,6152622,66.16,172,4508517,48.48,336,838963,9.02
2022-07-26,12.46,58.23,29.3,47,6718228,72.24,99,6152721,66.16,111,4508628,48.48,270,839233,9.02
2022-07-27,11.89,58.8,29.31,44,6718272,72.25,125,6152846,66.16,132,4508760,48.48,243,839476,9.03
2022-07-28,11.35,59.34,29.31,62,6718334,72.25,143,6152989,66.17,148,4508908,48.49,221,839697,9.03
2022-07-29,10.85,59.83,29.32,10,6718344,72.25,25,6153014,66.17,27,4508935,48.49,31,839728,9.03
2022-07-30,10.34,60.33,29.33,0,6718344,72.25,0,6153014,66.17,1,4508936,48.49,1,839729,9.03
2022-07-31,9.97,60.7,29.33,56,6718400,72.25,134,6153148,66.17,131,4509067,48.49,252,839981,9.03
2022-08-01,9.47,61.19,29.34,54,6718454,72.25,76,6153224,66.17,92,4509159,48.49,152,840133,9.03
2022-08-02,8.92,61.73,29.35,111,6718565,72.25,119,6153343,66.17,157,4509316,48.49,264,840397,9.04
2022-08-03,8.46,62.19,29.35,76,6718641,72.25,71,6153414,66.17,92,4509408,48.49,181,840578,9.04
2022-08-04,8.04,62.61,29.36,133,6718774,72.25,133,6153547,66.17,111,4509519,48.49,246,840824,9.04
2022-08-05,7.71,62.93,29.36,31,6718805,72.25,23,6153570,66.17,13,4509532,48.49,24,840848,9.04
2022-08-06,7.32,63.32,29.36,1,6718806,72.25,2,6153572,66.17,3,4509535,48.49,5,840853,9.04
2022-08-07,6.92,63.71,29.37,89,6718895,72.25,97,6153669,66.17,69,4509604,48.49,169,841022,9.04
2022-08-08,6.74,63.89,29.37,109,6719004,72.25,92,6153761,66.17,92,4509696,48.49,172,841194,9.05
2022-08-09,6.25,64.37,29.38,96,6719100,72.25,90,6153851,66.18,99,4509795,48.5,213,841407,9.05
2022-08-10,5.91,64.71,29.38,77,6719177,72.25,60,6153911,66.18,76,4509871,48.5,115,841522,9.05
2022-08-11,5.59,65.03,29.38,54,6719231,72.26,101,6154012,66.18,91,4509962,48.5,156,841678,9.05
2022-08-12,5.35,65.27,29.38,8,6719239,72.26,12,6154024,66.18,18,4509980,48.5,29,841707,9.05
2022-08-13,5.1,65.52,29.38,0,6719239,72.26,2,6154026,66.18,2,4509982,48.5,3,841710,9.05
2022-08-14,4.87,65.75,29.39,74,6719313,72.26,75,6154101,66.18,82,4510064,48.5,150,841860,9.05
2022-08-15,4.74,65.87,29.39,69,6719382,72.26,80,6154181,66.18,92,4510156,48.5,144,842004,9.05
2022-08-16,4.46,66.15,29.39,82,6719464,72.26,84,6154265,66.18,84,4510240,48.5,187,842191,9.06
2022-08-17,4.16,66.44,29.39,46,6719510,72.26,56,6154321,66.18,36,4510276,48.5,116,842307,9.06
2022-08-18,3.98,66.63,29.39,70,6719580,72.26,93,6154414,66.18,120,4510396,48.5,173,842480,9.06
2022-08-19,3.83,66.78,29.39,79,6719659,72.26,67,6154481,66.18,56,4510452,48.5,38,842518,9.06
2022-08-20,3.67,66.94,29.39,1,6719660,72.26,1,6154482,66.18,3,4510455,48.5,3,842521,9.06
2022-08-21,3.52,67.08,29.4,52,6719712,72.26,85,6154567,66.18,84,4510539,48.5,197,842718,9.06
2022-08-22,3.44,67.16,29.4,89,6719801,72.26,74,6154641,66.18,103,4510642,48.51,144,842862,9.06
2022-08-23,3.27,67.33,29.4,72,6719873,72.26,106,6154747,66.19,84,4510726,48.51,180,843042,9.07
2022-08-24,3.15,67.46,29.4,38,6719911,72.26,80,6154827,66.19,49,4510775,48.51,133,843175,9.07
2022-08-25,3.03,67.57,29.4,53,6719964,72.26,75,6154902,66.19,98,4510873,48.51,193,843368,9.07
2022-08-26,2.94,67.66,29.4,4,6719968,72.26,15,6154917,66.19,9,4510882,48.51,14,843382,9.07
2022-08-27,2.84,67.76,29.4,0,6719968,72.26,0,6154917,66.19,0,4510882,48.51,0,843382,9.07
2022-08-28,2.75,67.85,29.4,55,6720023,72.26,80,6154997,66.19,85,4510967,48.51,102,843484,9.07
2022-08-29,2.69,67.91,29.4,48,6720071,72.26,68,6155065,66.19,89,4511056,48.51,107,843591,9.07
2022-08-30,2.6,68,29.4,85,6720156,72.27,113,6155178,66.19,85,4511141,48.51,131,843722,9.07
2022-08-31,2.53,68.07,29.4,42,6720198,72.27,89,6155267,66.19,70,4511211,48.51,96,843818,9.07
2022-09-01,2.46,68.14,29.4,29,6720227,72.27,84,6155351,66.19,58,4511269,48.51,113,843931,9.08
2022-09-02,2.4,68.2,29.4,6,6720233,72.27,20,6155371,66.19,13,4511282,48.51,10,843941,9.08
2022-09-03,2.33,68.27,29.4,2,6720235,72.27,0,6155371,66.19,3,4511285,48.51,1,843942,9.08
2022-09-04,2.27,68.32,29.4,64,6720299,72.27,133,6155504,66.19,80,4511365,48.51,121,844063,9.08
2022-09-05,2.23,68.37,29.4,44,6720343,72.27,77,6155581,66.19,58,4511423,48.51,90,844153,9.08
2022-09-06,2.17,68.42,29.4,60,6720403,72.27,104,6155685,66.2,78,4511501,48.51,130,844283,9.08
2022-09-07,2.12,68.47,29.4,28,6720431,72.27,63,6155748,66.2,53,4511554,48.52,95,844378,9.08
2022-09-08,2.07,68.53,29.4,50,6720481,72.27,103,6155851,66.2,70,4511624,48.52,77,844455,9.08
2022-09-09,2.03,68.57,29.4,10,6720491,72.27,21,6155872,66.2,16,4511640,48.52,17,844472,9.08
2022-09-10,1.97,68.62,29.4,1,6720492,72.27,0,6155872,66.2,5,4511645,48.52,2,844474,9.08
2022-09-11,1.92,68.67,29.41,39,6720531,72.27,117,6155989,66.2,78,4511723,48.52,116,844590,9.08
2022-09-12,1.88,68.71,29.41,24,6720555,72.27,72,6156061,66.2,52,4511775,48.52,68,844658,9.08
2022-09-13,1.82,68.77,29.41,44,6720599,72.27,113,6156174,66.2,54,4511829,48.52,103,844761,9.08
2022-09-14,1.78,68.82,29.41,21,6720620,72.27,64,6156238,66.2,54,4511883,48.52,62,844823,9.08
2022-09-15,1.73,68.86,29.41,32,6720652,72.27,77,6156315,66.2,63,4511946,48.52,107,844930,9.09
2022-09-16,1.7,68.89,29.41,51,6720703,72.27,52,6156367,66.2,27,4511973,48.52,28,844958,9.09
2022-09-17,1.66,68.93,29.41,3,6720706,72.27,0,6156367,66.2,1,4511974,48.52,0,844958,9.09
2022-09-18,1.63,68.96,29.41,28,6720734,72.27,66,6156433,66.2,52,4512026,48.52,115,845073,9.09
2022-09-19,1.61,68.98,29.41,28,6720762,72.27,74,6156507,66.2,44,4512070,48.52,57,845130,9.09
2022-09-20,1.56,69.03,29.41,41,6720803,72.27,93,6156600,66.2,75,4512145,48.52,102,845232,9.09
2022-09-21,1.55,69.05,29.41,22,6720825,72.27,54,6156654,66.21,29,4512174,48.52,56,845288,9.09
2022-09-22,1.52,69.07,29.4,42,6720867,72.27,56,6156710,66.21,27,4512201,48.52,41,845329,9.09
2022-09-23,1.5,69.1,29.41,7,6720874,72.27,11,6156721,66.21,4,4512205,48.52,1,845330,9.09
2022-09-24,1.47,69.13,29.41,0,6720874,72.27,0,6156721,66.21,1,4512206,48.52,0,845330,9.09
2022-09-25,1.46,69.13,29.41,5,6720879,72.27,20,6156741,66.21,10,4512216,48.52,27,845357,9.09
2022-09-26,1.46,69.13,29.41,0,6720879,72.27,5,6156746,66.21,3,4512219,48.52,2,845359,9.09
2022-09-27,1.42,69.17,29.41,2,6720881,72.27,0,6156746,66.21,3,4512222,48.52,3,845362,9.09
2022-09-28,1.39,69.21,29.41,24,6720905,72.27,36,6156782,66.21,25,4512247,48.52,17,845379,9.09
2022-09-29,1.37,69.22,29.41,32,6720937,72.27,61,6156843,66.21,13,4512260,48.52,48,845427,9.09
2022-09-30,1.35,69.24,29.41,4,6720941,72.27,12,6156855,66.21,2,4512262,48.52,0,845427,9.09
2022-10-01,1.31,69.29,29.41,0,6720941,72.27,1,6156856,66.21,1,4512263,48.52,1,845428,9.09
2022-10-02,1.31,69.29,29.41,28,6720969,72.27,51,6156907,66.21,20,4512283,48.52,73,845501,9.09
2022-10-03,1.31,69.28,29.4,23,6720992,72.27,29,6156936,66.21,13,4512296,48.52,12,845513,9.09
2022-10-04,1.27,69.32,29.4,7,6720999,72.27,11,6156947,66.21,0,4512296,48.52,2,845515,9.09
2022-10-05,1.28,69.31,29.4,1,6721000,72.27,0,6156947,66.21,0,4512296,48.52,1,845516,9.09
2022-10-06,1.31,69.28,29.4,17,6721017,72.27,43,6156990,66.21,10,4512306,48.52,20,845536,9.09
2022-10-07,1.3,69.29,29.41,3,6721020,72.27,3,6156993,66.21,4,4512310,48.52,0,845536,9.09
2022-10-08,1.26,69.33,29.41,1,6721021,72.27,1,6156994,66.21,0,4512310,48.52,1,845537,9.09
2022-10-09,1.31,69.28,29.41,7,6721028,72.27,22,6157016,66.21,6,4512316,48.52,5,845542,9.09
2022-10-10,1.38,69.22,29.4,5,6721033,72.27,2,6157018,66.21,0,4512316,48.52,0,845542,9.09
2022-10-11,1.36,69.24,29.4,12,6721045,72.27,32,6157050,66.21,1,4512317,48.52,32,845574,9.09
2022-10-12,1.34,69.26,29.4,13,6721058,72.27,24,6157074,66.21,5,4512322,48.52,4,845578,9.09
2022-10-13,1.4,69.2,29.4,17,6721075,72.28,16,6157090,66.21,5,4512327,48.52,9,845587,9.09
2022-10-14,1.4,69.2,29.4,6,6721081,72.28,7,6157097,66.21,4,4512331,48.52,3,845590,9.09
2022-10-15,1.38,69.22,29.4,0,6721081,72.28,1,6157098,66.21,0,4512331,48.52,1,845591,9.09
2022-10-16,1.39,69.2,29.4,5,6721086,72.28,13,6157111,66.21,5,4512336,48.52,8,845599,9.09
2022-10-17,1.39,69.2,29.4,1,6721087,72.28,1,6157112,66.21,4,4512340,48.52,1,845600,9.09
2022-10-18,1.43,69.17,29.4,24,6721111,72.28,31,6157143,66.21,14,4512354,48.52,16,845616,9.09
2022-10-19,1.47,69.12,29.4,18,6721129,72.28,25,6157168,66.21,7,4512361,48.52,3,845619,9.09
2022-10-20,1.5,69.1,29.4,26,6721155,72.28,44,6157212,66.21,12,4512373,48.52,4,845623,9.09
2022-10-21,1.5,69.09,29.4,4,6721159,72.28,7,6157219,66.21,2,4512375,48.52,4,845627,9.09
2022-10-22,1.49,69.1,29.4,0,6721159,72.28,0,6157219,66.21,0,4512375,48.52,0,845627,9.09
2022-10-23,1.51,69.08,29.4,15,6721174,72.28,33,6157252,66.21,18,4512393,48.52,10,845637,9.09
2022-10-24,1.51,69.08,29.41,20,6721194,72.28,16,6157268,66.21,19,4512412,48.52,9,845646,9.09
2022-10-25,1.55,69.04,29.4,18,6721212,72.28,34,6157302,66.21,23,4512435,48.52,21,845667,9.09
2022-10-26,1.61,68.99,29.4,18,6721230,72.28,25,6157327,66.21,8,4512443,48.52,10,845677,9.09
2022-10-27,1.67,68.93,29.4,17,6721247,72.28,27,6157354,66.21,14,4512457,48.52,17,845694,9.09
2022-10-28,1.67,68.93,29.4,60,6721307,72.28,51,6157405,66.21,31,4512488,48.53,18,845712,9.09
2022-10-29,1.66,68.94,29.4,0,6721307,72.28,0,6157405,66.21,0,4512488,48.53,0,845712,9.09
2022-10-30,1.71,68.89,29.4,15,6721322,72.28,23,6157428,66.21,15,4512503,48.53,9,845721,9.09
2022-10-31,1.76,68.84,29.4,17,6721339,72.28,16,6157444,66.21,8,4512511,48.53,10,845731,9.09
2022-11-01,1.82,68.78,29.4,3,6721342,72.28,1,6157445,66.21,1,4512512,48.53,0,845731,9.09
2022-11-02,1.88,68.72,29.4,14,6721356,72.28,14,6157459,66.21,7,4512519,48.53,8,845739,9.09
2022-11-03,1.96,68.64,29.4,17,6721373,72.28,18,6157477,66.21,11,4512530,48.53,8,845747,9.09
2022-11-04,1.98,68.63,29.4,4,6721377,72.28,6,6157483,66.21,1,4512531,48.53,2,845749,9.09
2022-11-05,1.97,68.63,29.4,0,6721377,72.28,0,6157483,66.21,0,4512531,48.53,0,845749,9.09
2022-11-06,2.03,68.57,29.4,27,6721404,72.28,33,6157516,66.21,11,4512542,48.53,23,845772,9.1
2022-11-07,2.1,68.51,29.4,15,6721419,72.28,11,6157527,66.22,10,4512552,48.53,54,845826,9.1
2022-11-08,2.1,68.5,29.4,28,6721447,72.28,26,6157553,66.22,14,4512566,48.53,9,845835,9.1
2022-11-09,2.16,68.45,29.4,16,6721463,72.28,20,6157573,66.22,17,4512583,48.53,9,845844,9.1
2022-11-10,2.22,68.39,29.4,28,6721491,72.28,17,6157590,66.22,12,4512595,48.53,6,845850,9.1
2022-11-11,2.23,68.37,29.4,1,6721492,72.28,17,6157607,66.22,2,4512597,48.53,1,845851,9.1
2022-11-12,2.22,68.38,29.4,1,6721493,72.28,0,6157607,66.22,2,4512599,48.53,0,845851,9.1
2022-11-13,2.29,68.31,29.4,29,6721522,72.28,31,6157638,66.22,17,4512616,48.53,8,845859,9.1
2022-11-14,2.37,68.23,29.4,20,6721542,72.28,17,6157655,66.22,21,4512637,48.53,16,845875,9.1
2022-11-15,2.43,68.17,29.4,40,6721582,72.28,25,6157680,66.22,16,4512653,48.53,18,845893,9.1
2022-11-16,2.5,68.1,29.4,14,6721596,72.28,27,6157707,66.22,16,4512669,48.53,11,845904,9.1
2022-11-17,2.59,68.02,29.4,19,6721615,72.28,33,6157740,66.22,18,4512687,48.53,5,845909,9.1
2022-11-18,2.61,67.99,29.4,6,6721621,72.28,4,6157744,66.22,4,4512691,48.53,0,845909,9.1
2022-11-19,2.6,68,29.4,0,6721621,72.28,0,6157744,66.22,0,4512691,48.53,0,845909,9.1
2022-11-20,2.67,67.93,29.4,19,6721640,72.28,20,6157764,66.22,6,4512697,48.53,13,845922,9.1
2022-11-21,2.76,67.85,29.4,14,6721654,72.28,13,6157777,66.22,6,4512703,48.53,7,845929,9.1
2022-11-22,2.83,67.77,29.4,27,6721681,72.28,13,6157790,66.22,17,4512720,48.53,6,845935,9.1
2022-11-23,2.9,67.7,29.4,17,6721698,72.28,21,6157811,66.22,4,4512724,48.53,8,845943,9.1
2022-11-24,2.98,67.62,29.4,9,6721707,72.28,16,6157827,66.22,13,4512737,48.53,27,845970,9.1
2022-11-25,3,67.6,29.4,12,6721719,72.28,51,6157878,66.22,14,4512751,48.53,12,845982,9.1
2022-11-26,3,67.61,29.4,0,6721719,72.28,2,6157880,66.22,0,4512751,48.53,0,845982,9.1
2022-11-27,3.06,67.54,29.4,14,6721733,72.28,15,6157895,66.22,19,4512770,48.53,2,845984,9.1
2022-11-28,3.14,67.47,29.4,8,6721741,72.28,23,6157918,66.22,8,4512778,48.53,6,845990,9.1
2022-11-29,3.2,67.4,29.4,38,6721779,72.28,31,6157949,66.22,19,4512797,48.53,14,846004,9.1
2022-11-30,3.27,67.34,29.39,12,6721791,72.28,25,6157974,66.22,20,4512817,48.53,8,846012,9.1
2022-12-01,3.34,67.26,29.39,13,6721804,72.28,18,6157992,66.22,15,4512832,48.53,4,846016,9.1
2022-12-02,3.36,67.24,29.39,2,6721806,72.28,7,6157999,66.22,4,4512836,48.53,10,846026,9.1
2022-12-03,3.36,67.24,29.39,0,6721806,72.28,0,6157999,66.22,0,4512836,48.53,1,846027,9.1
2022-12-04,3.42,67.18,29.39,38,6721844,72.28,27,6158026,66.22,30,4512866,48.53,26,846053,9.1
2022-12-05,3.48,67.12,29.4,9,6721853,72.28,17,6158043,66.22,11,4512877,48.53,21,846074,9.1
2022-12-06,3.55,67.06,29.39,32,6721885,72.28,26,6158069,66.22,27,4512904,48.53,8,846082,9.1
2022-12-07,3.62,66.99,29.39,10,6721895,72.28,17,6158086,66.22,8,4512912,48.53,8,846090,9.1
2022-12-08,3.69,66.91,29.39,19,6721914,72.28,31,6158117,66.22,15,4512927,48.53,3,846093,9.1
2022-12-09,3.71,66.9,29.39,4,6721918,72.28,1,6158118,66.22,1,4512928,48.53,7,846100,9.1
2022-12-10,3.7,66.91,29.39,1,6721919,72.28,0,6158118,66.22,2,4512930,48.53,0,846100,9.1
2022-12-11,3.76,66.84,29.39,16,6721935,72.28,22,6158140,66.22,15,4512945,48.53,16,846116,9.1
2022-12-12,3.82,66.78,29.39,15,6721950,72.28,14,6158154,66.22,5,4512950,48.53,0,846116,9.1
2022-12-13,3.87,66.73,29.39,17,6721967,72.28,44,6158198,66.22,18,4512968,48.53,13,846129,9.1
2022-12-14,3.92,66.69,29.39,17,6721984,72.28,16,6158214,66.22,7,4512975,48.53,3,846132,9.1
2022-12-15,3.97,66.64,29.39,22,6722006,72.29,19,6158233,66.22,7,4512982,48.53,12,846144,9.1
2022-12-16,3.98,66.62,29.39,12,6722018,72.29,4,6158237,66.22,1,4512983,48.53,0,846144,9.1
2022-12-17,3.97,66.63,29.39,0,6722018,72.29,0,6158237,66.22,0,4512983,48.53,0,846144,9.1
2022-12-18,4.01,66.59,29.39,9,6722027,72.29,18,6158255,66.22,8,4512991,48.53,3,846147,9.1
2022-12-19,4.06,66.54,29.4,7,6722034,72.29,14,6158269,66.22,12,4513003,48.53,1,846148,9.1
2022-12-20,4.1,66.51,29.39,12,6722046,72.29,17,6158286,66.22,2,4513005,48.53,2,846150,9.1
2022-12-21,4.14,66.47,29.39,9,6722055,72.29,14,6158300,66.22,13,4513018,48.53,3,846153,9.1
2022-12-22,4.18,66.42,29.39,4,6722059,72.29,10,6158310,66.22,14,4513032,48.53,1,846154,9.1
2022-12-23,4.19,66.42,29.39,10,6722069,72.29,0,6158310,66.22,2,4513034,48.53,0,846154,9.1
2022-12-24,4.18,66.43,29.39,0,6722069,72.29,0,6158310,66.22,0,4513034,48.53,0,846154,9.1
2022-12-25,4.21,66.4,29.39,6,6722075,72.29,17,6158327,66.22,1,4513035,48.53,2,846156,9.1
2022-12-26,4.24,66.36,29.39,17,6722092,72.29,6,6158333,66.22,13,4513048,48.53,0,846156,9.1
2022-12-27,4.25,66.36,29.39,24,6722116,72.29,24,6158357,66.22,17,4513065,48.53,7,846163,9.1
2022-12-28,4.26,66.34,29.39,17,6722133,72.29,18,6158375,66.22,25,4513090,48.53,64,846227,9.1
2022-12-29,4.28,66.33,29.39,15,6722148,72.29,23,6158398,66.22,14,4513104,48.53,4,846231,9.1
2022-12-30,4.27,66.33,29.4,4,6722152,72.29,5,6158403,66.22,3,4513107,48.53,1,846232,9.1
2022-12-31,4.26,66.35,29.4,0,6722152,72.29,1,6158404,66.22,0,4513107,48.53,0,846232,9.1
2023-01-01,4.27,66.33,29.4,8,6722160,72.29,23,6158427,66.22,2,4513109,48.53,1,846233,9.1
2023-01-02,4.29,66.31,29.4,10,6722170,72.29,8,6158435,66.22,3,4513112,48.53,1,846234,9.1
2023-01-03,4.3,66.3,29.4,20,6722190,72.29,17,6158452,66.22,7,4513119,48.53,4,846238,9.1
2023-01-04,4.3,66.3,29.4,7,6722197,72.29,11,6158463,66.23,4,4513123,48.53,2,846240,9.1
2023-01-05,4.31,66.29,29.39,13,6722210,72.29,19,6158482,66.23,13,4513136,48.53,4,846244,9.1
2023-01-06,4.31,66.29,29.4,2,6722212,72.29,1,6158483,66.23,1,4513137,48.53,0,846244,9.1
2023-01-07,4.3,66.31,29.4,1,6722213,72.29,0,6158483,66.23,0,4513137,48.53,0,846244,9.1
2023-01-08,4.33,66.28,29.4,15,6722228,72.29,33,6158516,66.23,10,4513147,48.53,2,846246,9.1
2023-01-09,4.34,66.26,29.4,12,6722240,72.29,20,6158536,66.23,1,4513148,48.53,1,846247,9.1
2023-01-10,4.35,66.25,29.4,39,6722279,72.29,27,6158563,66.23,10,4513158,48.53,4,846251,9.1
2023-01-11,4.36,66.25,29.4,15,6722294,72.29,17,6158580,66.23,11,4513169,48.53,2,846253,9.1
2023-01-12,4.37,66.24,29.39,23,6722317,72.29,20,6158600,66.23,12,4513181,48.53,2,846255,9.1
2023-01-13,4.36,66.24,29.4,3,6722320,72.29,2,6158602,66.23,0,4513181,48.53,0,846255,9.1
2023-01-14,4.35,66.25,29.4,1,6722321,72.29,0,6158602,66.23,0,4513181,48.53,0,846255,9.1
2023-01-15,4.36,66.24,29.4,17,6722338,72.29,17,6158619,66.23,4,4513185,48.53,3,846258,9.1
2023-01-16,4.38,66.22,29.4,9,6722347,72.29,15,6158634,66.23,6,4513191,48.53,0,846258,9.1
2023-01-17,4.38,66.22,29.4,15,6722362,72.29,15,6158649,66.23,6,4513197,48.53,1,846259,9.1
2023-01-18,4.39,66.21,29.4,7,6722369,72.29,8,6158657,66.23,4,4513201,48.53,1,846260,9.1
2023-01-19,4.4,66.2,29.4,13,6722382,72.29,15,6158672,66.23,2,4513203,48.53,4,846264,9.1
2023-01-20,4.39,66.2,29.4,5,6722387,72.29,2,6158674,66.23,0,4513203,48.53,1,846265,9.1
2023-01-21,4.39,66.21,29.4,0,6722387,72.29,1,6158675,66.23,0,4513203,48.53,0,846265,9.1
2023-01-22,4.4,66.2,29.4,9,6722396,72.29,3,6158678,66.23,8,4513211,48.53,4,846269,9.1
2023-01-23,4.41,66.19,29.4,11,6722407,72.29,5,6158683,66.23,6,4513217,48.53,0,846269,9.1
2023-01-24,4.41,66.19,29.4,21,6722428,72.29,21,6158704,66.23,11,4513228,48.53,2,846271,9.1
2023-01-25,4.41,66.18,29.4,5,6722433,72.29,5,6158709,66.23,0,4513228,48.53,2,846273,9.1
2023-01-26,4.42,66.18,29.4,10,6722443,72.29,15,6158724,66.23,9,4513237,48.53,2,846275,9.1
2023-01-27,4.41,66.18,29.4,0,6722443,72.29,9,6158733,66.23,0,4513237,48.53,0,846275,9.1
2023-01-28,4.41,66.19,29.4,0,6722443,72.29,0,6158733,66.23,0,4513237,48.53,0,846275,9.1
2023-01-29,4.41,66.19,29.41,11,6722454,72.29,9,6158742,66.23,5,4513242,48.53,2,846277,9.1
2023-01-30,4.42,66.17,29.41,9,6722463,72.29,17,6158759,66.23,2,4513244,48.53,1,846278,9.1
2023-01-31,4.42,66.17,29.41,21,6722484,72.29,23,6158782,66.23,2,4513246,48.53,1,846279,9.1
2023-02-01,4.32,64.71,30.96,10,6722494,72.29,11,6158793,66.23,4,4513250,48.53,0,846279,9.1
2023-02-02,4.33,64.71,30.96,15,6722509,72.29,31,6158824,66.23,3,4513253,48.53,0,846279,9.1
2023-02-03,4.32,64.71,30.97,3,6722512,72.29,1,6158825,66.23,0,4513253,48.53,1,846280,9.1
2023-02-04,4.32,64.72,30.97,0,6722512,72.29,0,6158825,66.23,0,4513253,48.53,0,846280,9.1
2023-02-05,4.32,64.71,30.97,18,6722530,72.29,10,6158835,66.23,6,4513259,48.53,4,846284,9.1
2023-02-06,4.33,64.7,30.97,17,6722547,72.29,13,6158848,66.23,4,4513263,48.53,0,846284,9.1
2023-02-07,4.33,64.7,30.97,22,6722569,72.29,22,6158870,66.23,8,4513271,48.53,2,846286,9.1
2023-02-08,4.33,64.7,30.97,15,6722584,72.29,15,6158885,66.23,1,4513272,48.53,0,846286,9.1
2023-02-09,4.33,64.7,30.97,35,6722619,72.29,34,6158919,66.23,5,4513277,48.53,2,846288,9.1
2023-02-10,4.33,64.7,30.97,2,6722621,72.29,3,6158922,66.23,2,4513279,48.53,0,846288,9.1
2023-02-11,4.33,64.7,30.97,2,6722623,72.29,1,6158923,66.23,0,4513279,48.53,0,846288,9.1
2023-02-12,4.33,64.7,30.97,15,6722638,72.29,22,6158945,66.23,3,4513282,48.53,2,846290,9.1
2023-02-13,4.33,64.7,30.97,14,6722652,72.29,20,6158965,66.23,9,4513291,48.53,2,846292,9.1
2023-02-14,4.33,64.7,30.97,20,6722672,72.29,8,6158973,66.23,7,4513298,48.53,5,846297,9.1
2023-02-15,4.33,64.7,30.97,10,6722682,72.29,17,6158990,66.23,3,4513301,48.53,0,846297,9.1
2023-02-16,4.33,64.7,30.97,22,6722704,72.29,24,6159014,66.23,2,4513303,48.53,0,846297,9.1
2023-02-17,4.33,64.7,30.97,5,6722709,72.29,2,6159016,66.23,1,4513304,48.53,0,846297,9.1
2023-02-18,4.33,64.7,30.97,0,6722709,72.29,1,6159017,66.23,0,4513304,48.53,0,846297,9.1
2023-02-19,4.33,64.7,30.98,16,6722725,72.29,15,6159032,66.23,3,4513307,48.53,0,846297,9.1
2023-02-20,4.33,64.69,30.98,9,6722734,72.29,10,6159042,66.23,1,4513308,48.53,0,846297,9.1
2023-02-21,4.33,64.69,30.98,39,6722773,72.29,19,6159061,66.23,6,4513314,48.53,1,846298,9.1
2023-02-22,4.33,64.7,30.98,3,6722776,72.29,9,6159070,66.23,8,4513322,48.53,0,846298,9.1
2023-02-23,4.33,64.7,30.97,11,6722787,72.29,23,6159093,66.23,5,4513327,48.53,2,846300,9.1
2023-02-24,4.33,64.7,30.98,0,6722787,72.29,6,6159099,66.23,1,4513328,48.53,0,846300,9.1
2023-02-25,4.32,64.7,30.98,3,6722790,72.29,0,6159099,66.23,1,4513329,48.53,0,846300,9.1
2023-02-26,4.32,64.7,30.98,11,6722801,72.29,21,6159120,66.23,1,4513330,48.53,1,846301,9.1
2023-02-27,4.32,64.7,30.98,11,6722812,72.29,26,6159146,66.23,2,4513332,48.53,2,846303,9.1
2023-02-28,4.32,64.7,30.98,7,6722819,72.29,21,6159167,66.23,4,4513336,48.53,2,846305,9.1
2023-03-01,4.32,64.7,30.98,3,6722822,72.29,15,6159182,66.23,1,4513337,48.53,0,846305,9.1
2023-03-02,4.32,64.7,30.98,8,6722830,72.29,36,6159218,66.23,4,4513341,48.53,0,846305,9.1
2023-03-03,4.32,64.7,30.98,2,6722832,72.29,3,6159221,66.23,0,4513341,48.53,0,846305,9.1
2023-03-04,4.32,64.71,30.98,2,6722834,72.29,2,6159223,66.23,0,4513341,48.53,0,846305,9.1
2023-03-05,4.32,64.7,30.98,14,6722848,72.29,31,6159254,66.23,2,4513343,48.53,2,846307,9.1
2023-03-06,4.32,64.7,30.98,17,6722865,72.29,25,6159279,66.23,3,4513346,48.53,0,846307,9.1
2023-03-07,4.32,64.7,30.98,8,6722873,72.29,7,6159286,66.23,2,4513348,48.53,0,846307,9.1
2023-03-08,4.32,64.7,30.98,1,6722874,72.29,22,6159308,66.23,3,4513351,48.53,0,846307,9.1
2023-03-09,4.32,64.71,30.98,15,6722889,72.29,46,6159354,66.23,8,4513359,48.53,0,846307,9.1
2023-03-10,4.31,64.71,30.98,2,6722891,72.29,1,6159355,66.23,2,4513361,48.53,0,846307,9.1
2023-03-11,4.31,64.71,30.98,0,6722891,72.29,0,6159355,66.23,0,4513361,48.53,0,846307,9.1
2023-03-12,4.31,64.71,30.98,10,6722901,72.29,21,6159376,66.23,4,4513365,48.53,1,846308,9.1
2023-03-13,4.31,64.71,30.98,6,6722907,72.29,8,6159384,66.23,1,4513366,48.53,0,846308,9.1
2023-03-14,4.31,64.71,30.98,14,6722921,72.3,15,6159399,66.24,1,4513367,48.53,1,846309,9.1
2023-03-15,4.31,64.71,30.98,4,6722925,72.3,9,6159408,66.24,2,4513369,48.53,0,846309,9.1
2023-03-16,4.31,64.71,30.98,8,6722933,72.3,30,6159438,66.24,2,4513371,48.53,2,846311,9.1
2023-03-17,4.31,64.71,30.98,0,6722933,72.3,4,6159442,66.24,0,4513371,48.53,0,846311,9.1
2023-03-18,4.3,64.71,30.98,0,6722933,72.3,0,6159442,66.24,0,4513371,48.53,0,846311,9.1
2023-03-19,4.3,64.71,30.99,4,6722937,72.3,25,6159467,66.24,4,4513375,48.53,0,846311,9.1
2023-03-20,4.3,64.71,30.99,5,6722942,72.3,21,6159488,66.24,4,4513379,48.53,0,846311,9.1
2023-03-21,4.3,64.71,30.99,14,6722956,72.3,21,6159509,66.24,6,4513385,48.53,0,846311,9.1
2023-03-22,4.3,64.71,30.99,2,6722958,72.3,8,6159517,66.24,0,4513385,48.53,0,846311,9.1
2023-03-23,4.3,64.71,30.99,7,6722965,72.3,11,6159528,66.24,2,4513387,48.53,0,846311,9.1
2023-03-24,4.3,64.71,30.99,0,6722965,72.3,2,6159530,66.24,0,4513387,48.53,1,846312,9.1
2023-03-25,4.3,64.71,30.99,0,6722965,72.3,0,6159530,66.24,0,4513387,48.53,0,846312,9.1
2023-03-26,4.3,64.71,30.99,4,6722969,72.3,15,6159545,66.24,4,4513391,48.53,3,846315,9.1
2023-03-27,4.3,64.71,31,1,6722970,72.3,12,6159557,66.24,1,4513392,48.53,0,846315,9.1
2023-03-28,4.29,64.71,31,4,6722974,72.3,16,6159573,66.24,0,4513392,48.53,0,846315,9.1
2023-03-29,4.29,64.71,31,2,6722976,72.3,10,6159583,66.24,5,4513397,48.53,0,846315,9.1
2023-03-30,4.29,64.71,31,10,6722986,72.3,18,6159601,66.24,1,4513398,48.53,1,846316,9.1
2023-03-31,4.29,64.71,31,0,6722986,72.3,0,6159601,66.24,1,4513399,48.53,0,846316,9.1
2023-04-01,4.27,64.73,31,0,6722986,72.3,0,6159601,66.24,0,4513399,48.53,0,846316,9.1
2023-04-02,4.25,64.75,31,7,6722993,72.3,10,6159611,66.24,1,4513400,48.53,0,846316,9.1
2023-04-03,4.26,64.74,31,1,6722994,72.3,7,6159618,66.24,2,4513402,48.53,0,846316,9.1
2023-04-04,4.24,64.75,31,2,6722996,72.3,7,6159625,66.24,5,4513407,48.54,0,846316,9.1
2023-04-05,4.24,64.76,31,2,6722998,72.3,5,6159630,66.24,1,4513408,48.54,0,846316,9.1
2023-04-06,4.24,64.76,31,0,6722998,72.3,2,6159632,66.24,0,4513408,48.54,0,846316,9.1
2023-04-07,4.2,64.8,31,0,6722998,72.3,4,6159636,66.24,0,4513408,48.54,0,846316,9.1
2023-04-08,4.14,64.86,31,0,6722998,72.3,0,6159636,66.24,0,4513408,48.54,0,846316,9.1
2023-04-09,4.12,64.87,31,2,6723000,72.3,8,6159644,66.24,0,4513408,48.54,0,846316,9.1
2023-04-10,4.12,64.87,31,1,6723001,72.3,6,6159650,66.24,0,4513408,48.54,0,846316,9.1
2023-04-11,4.07,64.93,31,5,6723006,72.3,5,6159655,66.24,0,4513408,48.54,0,846316,9.1
2023-04-12,4.01,64.99,31,0,6723006,72.3,1,6159656,66.24,0,4513408,48.54,0,846316,9.1
2023-04-13,3.99,65,31,7,6723013,72.3,9,6159665,66.24,1,4513409,48.54,0,846316,9.1
2023-04-14,3.99,65,31,2,6723015,72.3,1,6159666,66.24,0,4513409,48.54,0,846316,9.1
2023-04-15,3.91,65.09,31,0,6723015,72.3,1,6159667,66.24,0,4513409,48.54,0,846316,9.1
2023-04-16,3.9,65.1,31,4,6723019,72.3,12,6159679,66.24,6,4513415,48.54,1,846317,9.1
2023-04-17,3.9,65.1,31,4,6723023,72.3,5,6159684,66.24,4,4513419,48.54,0,846317,9.1
2023-04-18,3.87,65.12,31,11,6723034,72.3,7,6159691,66.24,0,4513419,48.54,0,846317,9.1
2023-04-19,3.87,65.12,31,4,6723038,72.3,6,6159697,66.24,0,4513419,48.54,0,846317,9.1
2023-04-20,3.82,65.17,31,4,6723042,72.3,11,6159708,66.24,1,4513420,48.54,2,846319,9.1
2023-04-21,3.77,65.22,31.01,2,6723044,72.3,0,6159708,66.24,0,4513420,48.54,0,846319,9.1
2023-04-22,3.73,65.27,31.01,0,6723044,72.3,0,6159708,66.24,0,4513420,48.54,0,846319,9.1
2023-04-23,3.71,65.28,31.01,0,6723044,72.3,0,6159708,66.24,0,4513420,48.54,0,846319,9.1
