Date,Valid vaccinated pop. perc.,Expired vaccinated pop. perc.,Not vaccinated pop. perc.,Vaccinated (daily),Vaccinated (cumu),Vaccinated pop. perc.,Second dose (daily),Second dose (cumu),Second dose pop. perc.,Third dose (daily),Third dose (cumu),Third dose pop. perc.,Fourth dose (daily),Fourth dose (cumu),Fourth dose pop. perc.
2020-12-19,0,0,100,46,71,0,0,4,0,0,0,0,0,0,0
2020-12-20,0,0,100,7396,7467,0.08,0,4,0,0,0,0,0,0,0
2020-12-21,0,0,100,24923,32390,0.35,0,4,0,0,0,0,0,0,0
2020-12-22,0,0,100,44668,77058,0.83,0,4,0,0,0,0,0,0,0
2020-12-23,0,0,100,62919,139977,1.51,0,4,0,0,0,0,0,0,0
2020-12-24,0,0,100,73430,213407,2.29,0,4,0,0,0,0,0,0,0
2020-12-25,0,0,100,38517,251924,2.71,0,4,0,0,0,0,0,0,0
2020-12-26,0,0,100,32618,284542,3.06,0,4,0,0,0,0,0,0,0
2020-12-27,0,0,100,104575,389117,4.18,0,4,0,0,0,0,0,0,0
2020-12-28,0,0,100,135041,524158,5.64,0,4,0,0,0,0,0,0,0
2020-12-29,0,0,100,156340,680498,7.32,2,6,0,0,0,0,0,0,0
2020-12-30,0,0,100,153191,833689,8.97,0,6,0,0,0,0,0,0,0
2020-12-31,0,0,100,158601,992290,10.67,0,6,0,0,0,0,0,0,0
2021-01-01,0,0,100,71435,1063725,11.44,0,6,0,0,0,0,0,0,0
2021-01-02,0,0,100,71744,1135469,12.21,0,6,0,0,0,0,0,0,0
2021-01-03,0,0,100,149767,1285236,13.82,0,6,0,0,0,0,0,0,0
2021-01-04,0,0,100,152207,1437443,15.46,1,7,0,0,0,0,0,0,0
2021-01-05,0,0,100,125222,1562665,16.8,4,11,0,0,0,0,0,0,0
2021-01-06,0,0,100,103374,1666039,17.92,2,13,0,0,0,0,0,0,0
2021-01-07,0,0,100,116064,1782103,19.16,9,22,0,0,0,0,0,0,0
2021-01-08,0,0,100,66465,1848568,19.88,5,27,0,0,0,0,0,0,0
2021-01-09,0,0,100,44554,1893122,20.36,24,51,0,0,0,0,0,0,0
2021-01-10,0,0,100,37649,1930771,20.76,6001,6052,0.07,0,0,0,0,0,0
2021-01-11,0,0,100,21176,1951947,20.99,19264,25316,0.27,0,0,0,0,0,0
2021-01-12,0,0,100,24075,1976022,21.25,35674,60990,0.66,0,0,0,0,0,0
2021-01-13,0,0,100,52079,2028101,21.81,56874,117864,1.27,0,0,0,0,0,0
2021-01-14,0,0,100,56480,2084581,22.42,68838,186702,2.01,0,0,0,0,0,0
2021-01-15,0,0,100,30776,2115357,22.75,35942,222644,2.39,0,0,0,0,0,0
2021-01-16,0,0,100,29481,2144838,23.06,26007,248651,2.67,0,0,0,0,0,0
2021-01-17,0.31,0,99.69,68445,2213283,23.8,84598,333249,3.58,0,0,0,0,0,0
2021-01-18,0.58,0,99.42,69821,2283104,24.55,120437,453686,4.88,0,0,0,0,0,0
2021-01-19,1.09,0,98.91,72897,2356001,25.34,137851,591537,6.36,0,0,0,0,0,0
2021-01-20,1.9,0,98.1,76920,2432921,26.16,143768,735305,7.91,0,0,0,0,0,0
2021-01-21,2.88,0,97.12,70009,2502930,26.92,164477,899782,9.68,0,0,0,0,0,0
2021-01-22,3.39,0,96.61,37933,2540863,27.32,71134,970916,10.44,0,0,0,0,0,0
2021-01-23,3.77,0,96.23,39965,2580828,27.75,53596,1024512,11.02,0,0,0,0,0,0
2021-01-24,4.96,0,95.04,69147,2649975,28.5,140711,1165223,12.53,0,0,0,0,0,0
2021-01-25,6.61,0,93.39,80943,2730918,29.37,139522,1304745,14.03,0,0,0,0,0,0
2021-01-26,8.45,0,91.55,78737,2809655,30.21,126446,1431191,15.39,0,0,0,0,0,0
2021-01-27,10.34,0,89.66,77982,2887637,31.05,125073,1556264,16.74,0,0,0,0,0,0
2021-01-28,12.43,0,87.57,79570,2967207,31.91,130632,1686896,18.14,0,0,0,0,0,0
2021-01-29,13.34,0,86.66,36704,3003911,32.3,64794,1751690,18.84,0,0,0,0,0,0
2021-01-30,14.02,0,85.98,34396,3038307,32.67,42767,1794457,19.3,0,0,0,0,0,0
2021-01-31,15.76,0,84.24,73331,3111638,33.46,59504,1853961,19.94,0,0,0,0,0,0
2021-02-01,17.48,0,82.52,82512,3194150,34.35,35357,1889318,20.32,0,0,0,0,0,0
2021-02-02,19.01,0,80.99,70107,3264257,35.1,31074,1920392,20.65,0,0,0,0,0,0
2021-02-03,20.47,0,79.53,60308,3324565,35.75,51445,1971837,21.2,0,0,0,0,0,0
2021-02-04,22,0,78,72640,3397205,36.53,58096,2029933,21.83,0,0,0,0,0,0
2021-02-05,22.75,0,77.25,33947,3431152,36.9,28807,2058740,22.14,0,0,0,0,0,0
2021-02-06,23.23,0,76.77,21622,3452774,37.13,22233,2080973,22.38,0,0,0,0,0,0
2021-02-07,23.99,0,76.01,54081,3506855,37.71,68744,2149717,23.12,0,0,0,0,0,0
2021-02-08,24.52,0,75.48,58644,3565499,38.34,65469,2215186,23.82,0,0,0,0,0,0
2021-02-09,25.04,0,74.96,66360,3631859,39.06,67579,2282765,24.55,0,0,0,0,0,0
2021-02-10,25.77,0,74.23,70571,3702430,39.81,72316,2355081,25.33,0,0,0,0,0,0
2021-02-11,26.61,0,73.39,81175,3783605,40.69,72113,2427194,26.1,0,0,0,0,0,0
2021-02-12,27.02,0,72.98,39111,3822716,41.11,37600,2464794,26.51,0,0,0,0,0,0
2021-02-13,27.33,0,72.67,27465,3850181,41.4,30441,2495235,26.83,0,0,0,0,0,0
2021-02-14,28.25,0,71.75,74917,3925098,42.21,69085,2564320,27.58,0,0,0,0,0,0
2021-02-15,29.17,0,70.83,81548,4006646,43.09,75722,2640042,28.39,0,0,0,0,0,0
2021-02-16,30.11,0,69.89,83423,4090069,43.98,78301,2718343,29.23,0,0,0,0,0,0
2021-02-17,31.01,0,68.99,61984,4152053,44.65,75645,2793988,30.05,0,0,0,0,0,0
2021-02-18,31.94,0,68.06,69159,4221212,45.39,79739,2873727,30.9,0,0,0,0,0,0
2021-02-19,32.45,0,67.55,39676,4260888,45.82,38162,2911889,31.31,0,0,0,0,0,0
2021-02-20,32.85,0,67.15,31651,4292539,46.16,28724,2940613,31.62,0,0,0,0,0,0
2021-02-21,33.8,0,66.2,79436,4371975,47.01,78446,3019059,32.47,0,0,0,0,0,0
2021-02-22,34.83,0,65.17,85056,4457031,47.93,80598,3099657,33.33,0,0,0,0,0,0
2021-02-23,35.84,0,64.16,77332,4534363,48.76,70486,3170143,34.09,0,0,0,0,0,0
2021-02-24,36.76,0,63.24,61067,4595430,49.42,63144,3233287,34.77,0,0,0,0,0,0
2021-02-25,37.66,0,62.34,51730,4647160,49.97,64810,3298097,35.47,0,0,0,0,0,0
2021-02-26,38.1,0,61.9,25913,4673073,50.25,32046,3330143,35.81,0,0,0,0,0,0
2021-02-27,38.42,0,61.58,18353,4691426,50.45,21197,3351340,36.04,0,0,0,0,0,0
2021-02-28,39.24,0,60.76,40365,4731791,50.88,55874,3407214,36.64,0,0,0,0,0,0
2021-03-01,40.1,0,59.9,45751,4777542,51.38,61445,3468659,37.3,0,0,0,0,0,0
2021-03-02,40.85,0,59.15,41202,4818744,51.82,64802,3533461,38,0,0,0,0,0,0
2021-03-03,41.55,0,58.45,42035,4860779,52.27,66794,3600255,38.72,0,0,0,0,0,0
2021-03-04,42.24,0,57.76,39722,4900501,52.7,79126,3679381,39.57,0,0,0,0,0,0
2021-03-05,42.57,0,57.43,17369,4917870,52.88,40471,3719852,40,0,0,0,0,0,0
2021-03-06,42.78,0,57.22,10722,4928592,53,25349,3745201,40.27,0,0,0,0,0,0
2021-03-07,43.36,0,56.64,31156,4959748,53.33,72847,3818048,41.06,0,0,0,0,0,0
2021-03-08,43.97,0,56.03,27387,4987135,53.63,73295,3891343,41.85,0,0,0,0,0,0
2021-03-09,44.62,0,55.38,26756,5013891,53.92,76605,3967948,42.67,0,0,0,0,0,0
2021-03-10,45.27,0,54.73,23373,5037264,54.17,58685,4026633,43.3,0,0,0,0,0,0
2021-03-11,45.99,0,54.01,23308,5060572,54.42,69098,4095731,44.04,0,0,0,0,0,0
2021-03-12,46.34,0,53.66,11296,5071868,54.54,41418,4137149,44.49,0,0,0,0,0,0
2021-03-13,46.57,0,53.43,7954,5079822,54.63,25239,4162388,44.76,0,0,0,0,0,0
2021-03-14,47.2,0,52.8,20991,5100813,54.85,73936,4236324,45.56,0,0,0,0,0,0
2021-03-15,47.81,0,52.19,20152,5120965,55.07,78281,4314605,46.4,0,0,0,0,0,0
2021-03-16,48.43,0,51.57,18759,5139724,55.27,71481,4386086,47.17,0,0,0,0,0,0
2021-03-17,48.92,0,51.08,17705,5157429,55.46,59010,4445096,47.8,0,0,0,0,0,0
2021-03-18,49.45,0,50.55,16050,5173479,55.63,58126,4503222,48.43,0,0,0,0,0,0
2021-03-19,49.75,0,50.25,6957,5180436,55.71,27981,4531203,48.73,0,0,0,0,0,0
2021-03-20,49.93,0,50.07,5227,5185663,55.76,15302,4546505,48.89,0,0,0,0,0,0
2021-03-21,50.46,0,49.54,13172,5198835,55.91,40511,4587016,49.33,0,0,0,0,0,0
2021-03-22,51,0,49,13583,5212418,56.05,40542,4627558,49.76,0,0,0,0,0,0
2021-03-23,51.43,0,48.57,2846,5215264,56.08,7303,4634861,49.84,0,0,0,0,0,0
2021-03-24,51.84,0,48.16,11006,5226270,56.2,46560,4681421,50.34,0,0,0,0,0,0
2021-03-25,52.22,0,47.78,10273,5236543,56.31,35440,4716861,50.72,0,0,0,0,0,0
2021-03-26,52.4,0,47.6,4186,5240729,56.36,13334,4730195,50.87,0,0,0,0,0,0
2021-03-27,52.5,0,47.5,1787,5242516,56.38,4269,4734464,50.91,0,0,0,0,0,0
2021-03-28,52.74,0,47.26,2114,5244630,56.4,4611,4739075,50.96,0,0,0,0,0,0
2021-03-29,53,0,47,6918,5251548,56.47,30017,4769092,51.28,0,0,0,0,0,0
2021-03-30,53.08,0,46.92,7897,5259445,56.56,22454,4791546,51.53,0,0,0,0,0,0
2021-03-31,53.38,0,46.62,8154,5267599,56.65,19502,4811048,51.74,0,0,0,0,0,0
2021-04-01,53.62,0,46.38,8222,5275821,56.73,18704,4829752,51.94,0,0,0,0,0,0
2021-04-02,53.71,0,46.29,2946,5278767,56.77,8131,4837883,52.02,0,0,0,0,0,0
2021-04-03,53.74,0,46.26,1432,5280199,56.78,2983,4840866,52.06,0,0,0,0,0,0
2021-04-04,53.82,0,46.18,9618,5289817,56.88,22832,4863698,52.3,0,0,0,0,0,0
2021-04-05,54.04,0,45.96,10365,5300182,57,21278,4884976,52.53,0,0,0,0,0,0
2021-04-06,54.21,0,45.79,9035,5309217,57.09,16794,4901770,52.71,0,0,0,0,0,0
2021-04-07,54.36,0,45.64,8934,5318151,57.19,15314,4917084,52.88,0,0,0,0,0,0
2021-04-08,54.52,0,45.48,9431,5327582,57.29,17017,4934101,53.06,0,0,0,0,0,0
2021-04-09,54.58,0,45.42,3609,5331191,57.33,6259,4940360,53.13,0,0,0,0,0,0
2021-04-10,54.61,0,45.39,1636,5332827,57.35,3522,4943882,53.16,0,0,0,0,0,0
2021-04-11,54.78,0,45.22,9045,5341872,57.44,14249,4958131,53.32,0,0,0,0,0,0
2021-04-12,54.95,0,45.05,8936,5350808,57.54,13236,4971367,53.46,0,0,0,0,0,0
2021-04-13,55.08,0,44.92,5841,5356649,57.6,4960,4976327,53.51,0,0,0,0,0,0
2021-04-14,55.18,0,44.82,3650,5360299,57.64,5311,4981638,53.57,0,0,0,0,0,0
2021-04-15,55.27,0,44.73,698,5360997,57.65,582,4982220,53.58,0,0,0,0,0,0
2021-04-16,55.33,0,44.67,3419,5364416,57.69,6652,4988872,53.65,0,0,0,0,0,0
2021-04-17,55.35,0,44.65,822,5365238,57.7,1973,4990845,53.67,0,0,0,0,0,0
2021-04-18,55.47,0,44.53,7099,5372337,57.77,7433,4998278,53.75,0,0,0,0,0,0
2021-04-19,55.58,0,44.42,6407,5378744,57.84,7134,5005412,53.83,0,0,0,0,0,0
2021-04-20,55.65,0,44.35,6287,5385031,57.91,6889,5012301,53.9,0,0,0,0,0,0
2021-04-21,55.71,0,44.29,6381,5391412,57.98,7112,5019413,53.98,0,0,0,0,0,0
2021-04-22,55.75,0,44.25,5952,5397364,58.04,7691,5027104,54.06,0,0,0,0,0,0
2021-04-23,55.8,0,44.2,2768,5400132,58.07,3391,5030495,54.1,0,0,0,0,0,0
2021-04-24,55.82,0,44.18,768,5400900,58.08,1290,5031785,54.11,0,0,0,0,0,0
2021-04-25,55.89,0,44.11,4829,5405729,58.13,6925,5038710,54.18,0,0,0,0,0,0
2021-04-26,55.96,0,44.04,5479,5411208,58.19,7889,5046599,54.27,0,0,0,0,0,0
2021-04-27,56.03,0,43.97,4507,5415715,58.24,6627,5053226,54.34,0,0,0,0,0,0
2021-04-28,56.09,0,43.91,4501,5420216,58.29,7336,5060562,54.42,0,0,0,0,0,0
2021-04-29,56.16,0,43.84,4378,5424594,58.33,7296,5067858,54.5,0,0,0,0,0,0
2021-04-30,56.19,0,43.81,1925,5426519,58.35,3202,5071060,54.53,0,0,0,0,0,0
2021-05-01,56.2,0,43.8,458,5426977,58.36,895,5071955,54.54,0,0,0,0,0,0
2021-05-02,56.26,0,43.74,3225,5430202,58.39,6092,5078047,54.61,0,0,0,0,0,0
2021-05-03,56.32,0,43.68,3535,5433737,58.43,5835,5083882,54.67,0,0,0,0,0,0
2021-05-04,56.38,0,43.62,3593,5437330,58.47,4737,5088619,54.72,0,0,0,0,0,0
2021-05-05,56.44,0,43.56,3292,5440622,58.51,4093,5092712,54.76,0,0,0,0,0,0
2021-05-06,56.5,0,43.5,3646,5444268,58.55,3144,5095856,54.8,0,0,0,0,0,0
2021-05-07,56.52,0,43.48,1847,5446115,58.56,2509,5098365,54.83,0,0,0,0,0,0
2021-05-08,56.53,0,43.47,244,5446359,58.57,507,5098872,54.83,0,0,0,0,0,0
2021-05-09,56.58,0,43.42,2851,5449210,58.6,4751,5103623,54.88,0,0,0,0,0,0
2021-05-10,56.63,0,43.37,2897,5452107,58.63,4715,5108338,54.93,0,0,0,0,0,0
2021-05-11,56.67,0,43.33,2622,5454729,58.66,3881,5112219,54.97,0,0,0,0,0,0
2021-05-12,56.7,0,43.3,2034,5456763,58.68,3342,5115561,55.01,0,0,0,0,0,0
2021-05-13,56.73,0,43.27,2043,5458806,58.7,3688,5119249,55.05,0,0,0,0,0,0
2021-05-14,56.75,0,43.25,978,5459784,58.71,1494,5120743,55.07,0,0,0,0,0,0
2021-05-15,56.75,0,43.25,259,5460043,58.71,259,5121002,55.07,0,0,0,0,0,0
2021-05-16,56.78,0,43.22,529,5460572,58.72,1206,5122208,55.08,0,0,0,0,0,0
2021-05-17,56.81,0,43.19,303,5460875,58.72,848,5123056,55.09,0,0,0,0,0,0
2021-05-18,56.84,0,43.16,1963,5462838,58.74,4939,5127995,55.14,0,0,0,0,0,0
2021-05-19,56.87,0,43.13,2233,5465071,58.77,5042,5133037,55.2,0,0,0,0,0,0
2021-05-20,56.9,0,43.1,2312,5467383,58.79,3880,5136917,55.24,0,0,0,0,0,0
2021-05-21,56.92,0,43.08,1194,5468577,58.81,1414,5138331,55.26,0,0,0,0,0,0
2021-05-22,56.92,0,43.08,206,5468783,58.81,396,5138727,55.26,0,0,0,0,0,0
2021-05-23,56.94,0,43.06,2272,5471055,58.83,3216,5141943,55.29,0,0,0,0,0,0
2021-05-24,56.96,0,43.04,2140,5473195,58.86,3597,5145540,55.33,0,0,0,0,0,0
2021-05-25,56.99,0,43.01,1822,5475017,58.88,2588,5148128,55.36,0,0,0,0,0,0
2021-05-26,57.03,0,42.97,1415,5476432,58.89,2504,5150632,55.39,0,0,0,0,0,0
2021-05-27,57.06,0,42.94,1865,5478297,58.91,3189,5153821,55.42,0,0,0,0,0,0
2021-05-28,57.07,0,42.93,794,5479091,58.92,1406,5155227,55.44,0,0,0,0,0,0
2021-05-29,57.07,0,42.93,192,5479283,58.92,226,5155453,55.44,0,0,0,0,0,0
2021-05-30,57.1,0,42.9,1645,5480928,58.94,1937,5157390,55.46,0,0,0,0,0,0
2021-05-31,57.13,0,42.87,1740,5482668,58.96,2093,5159483,55.48,0,0,0,0,0,0
2021-06-01,57.47,0,42.53,1385,5484053,58.97,1823,5161306,55.5,0,0,0,0,0,0
2021-06-02,57.25,0,42.75,1514,5485567,58.99,1610,5162916,55.52,0,0,0,0,0,0
2021-06-03,57.27,0,42.73,1685,5487252,59.01,1495,5164411,55.54,0,0,0,0,0,0
2021-06-04,57.28,0,42.72,1102,5488354,59.02,784,5165195,55.54,0,0,0,0,0,0
2021-06-05,57.29,0,42.71,184,5488538,59.02,159,5165354,55.55,0,0,0,0,0,0
2021-06-06,57.31,0,42.69,4293,5492831,59.07,1002,5166356,55.56,0,0,0,0,0,0
2021-06-07,57.34,0,42.66,4439,5497270,59.11,814,5167170,55.57,0,0,0,0,0,0
2021-06-08,57.36,0,42.64,3739,5501009,59.16,1175,5168345,55.58,0,0,0,0,0,0
2021-06-09,57.4,0,42.6,3615,5504624,59.19,1331,5169676,55.59,0,0,0,0,0,0
2021-06-10,57.42,0,42.58,3364,5507988,59.23,1300,5170976,55.61,0,0,0,0,0,0
2021-06-11,57.43,0,42.57,1401,5509389,59.25,590,5171566,55.61,0,0,0,0,0,0
2021-06-12,57.43,0,42.57,222,5509611,59.25,173,5171739,55.61,0,0,0,0,0,0
2021-06-13,57.45,0,42.55,3101,5512712,59.28,1260,5172999,55.63,0,0,0,0,0,0
2021-06-14,57.46,0,42.54,3057,5515769,59.31,1534,5174533,55.64,0,0,0,0,0,0
2021-06-15,57.48,0,42.52,3138,5518907,59.35,1378,5175911,55.66,0,0,0,0,0,0
2021-06-16,57.49,0,42.51,2734,5521641,59.38,1004,5176915,55.67,0,0,0,0,0,0
2021-06-17,57.51,0,42.49,2733,5524374,59.41,1209,5178124,55.68,0,0,0,0,0,0
2021-06-18,57.52,0,42.48,1270,5525644,59.42,506,5178630,55.69,0,0,0,0,0,0
2021-06-19,57.52,0,42.48,242,5525886,59.42,139,5178769,55.69,0,0,0,0,0,0
2021-06-20,57.54,0,42.46,3316,5529202,59.46,1332,5180101,55.7,0,0,0,0,0,0
2021-06-21,57.56,0,42.44,5250,5534452,59.51,1218,5181319,55.72,0,0,0,0,0,0
2021-06-22,57.58,0,42.42,6935,5541387,59.59,1101,5182420,55.73,0,0,0,0,0,0
2021-06-23,57.6,0,42.4,10762,5552149,59.71,1303,5183723,55.74,0,0,0,0,0,0
2021-06-24,57.62,0,42.38,12051,5564200,59.83,1466,5185189,55.76,0,0,0,0,0,0
2021-06-25,57.62,0,42.38,7117,5571317,59.91,945,5186134,55.77,0,0,0,0,0,0
2021-06-26,57.63,0,42.37,2278,5573595,59.94,200,5186334,55.77,0,0,0,0,0,0
2021-06-27,57.65,0,42.35,13633,5587228,60.08,3438,5189772,55.81,0,0,0,0,0,0
2021-06-28,57.68,0,42.32,14518,5601746,60.24,3675,5193447,55.85,0,0,0,0,0,0
2021-06-29,57.69,0,42.31,16711,5618457,60.42,3745,5197192,55.89,0,0,0,0,0,0
2021-06-30,57.72,0,42.28,16487,5634944,60.6,3397,5200589,55.92,0,0,0,0,0,0
2021-07-01,57.78,0,42.22,16837,5651781,60.78,3381,5203970,55.96,121,121,0,0,0,0
2021-07-02,57.79,0,42.21,9836,5661617,60.88,1609,5205579,55.98,7,128,0,0,0,0
2021-07-03,57.79,0,42.21,2678,5664295,60.91,300,5205879,55.98,1,129,0,0,0,0
2021-07-04,57.85,0,42.15,17735,5682030,61.1,3161,5209040,56.02,2,131,0,0,0,0
2021-07-05,57.91,0,42.09,17850,5699880,61.29,3046,5212086,56.05,7,138,0,0,0,0
2021-07-06,57.99,0,42.01,17848,5717728,61.49,3412,5215498,56.08,11,149,0,0,0,0
2021-07-07,58.05,0,41.95,15533,5733261,61.65,2703,5218201,56.11,12,161,0,0,0,0
2021-07-08,58.12,0,41.88,16590,5749851,61.83,2881,5221082,56.14,17,178,0,0,0,0
2021-07-09,58.15,0,41.85,11125,5760976,61.95,1536,5222618,56.16,4,182,0,0,0,0
2021-07-10,58.15,0,41.85,4989,5765965,62,391,5223009,56.17,6,188,0,0,0,0
2021-07-11,58.22,0,41.78,1456,5767421,62.02,2847,5225856,56.2,9,197,0,0,0,0
2021-07-12,58.29,0,41.71,2427,5769848,62.05,3696,5229552,56.24,57,254,0,0,0,0
2021-07-13,58.36,0,41.64,2965,5772813,62.08,5460,5235012,56.29,124,378,0,0,0,0
2021-07-14,58.42,0,41.58,2747,5775560,62.11,7536,5242548,56.38,441,819,0.01,0,0,0
2021-07-15,58.5,0,41.5,3010,5778570,62.14,9302,5251850,56.48,374,1193,0.01,0,0,0
2021-07-16,58.54,0,41.46,1296,5779866,62.15,5898,5257748,56.54,66,1259,0.01,0,0,0
2021-07-17,58.55,0,41.44,372,5780238,62.16,1393,5259141,56.55,8,1267,0.01,0,0,0
2021-07-18,58.6,0,41.4,2074,5782312,62.18,9770,5268911,56.66,235,1502,0.02,0,0,0
2021-07-19,58.65,0,41.35,3212,5785524,62.21,11346,5280257,56.78,461,1963,0.02,0,0,0
2021-07-20,58.72,0,41.28,2690,5788214,62.24,11914,5292171,56.91,374,2337,0.03,0,0,0
2021-07-21,58.81,0,41.19,2408,5790622,62.27,11880,5304051,57.04,325,2662,0.03,0,0,0
2021-07-22,58.93,0,41.07,2878,5793500,62.3,13279,5317330,57.18,391,3053,0.03,0,0,0
2021-07-23,58.99,0,41.01,2038,5795538,62.32,8250,5325580,57.27,106,3159,0.03,0,0,0
2021-07-24,58.99,0,41,645,5796183,62.33,1486,5327066,57.28,7,3166,0.03,0,0,0
2021-07-25,59.1,0,40.89,4416,5800599,62.38,15499,5342565,57.45,223,3389,0.04,0,0,0
2021-07-26,59.24,0,40.75,5173,5805772,62.43,13533,5356098,57.6,325,3714,0.04,0,0,0
2021-07-27,59.37,0.01,40.62,5493,5811265,62.49,13579,5369677,57.74,414,4128,0.04,0,0,0
2021-07-28,59.5,0.01,40.49,3990,5815255,62.53,12345,5382022,57.88,472,4600,0.05,0,0,0
2021-07-29,59.65,0.01,40.33,4665,5819920,62.58,14203,5396225,58.03,532,5132,0.06,0,0,0
2021-07-30,59.74,0.02,40.25,2657,5822577,62.61,10856,5407081,58.15,4122,9254,0.1,0,0,0
2021-07-31,59.75,0.02,40.23,1407,5823984,62.63,3554,5410635,58.18,6159,15413,0.17,0,0,0
2021-08-01,59.91,0.02,40.06,3078,5827062,62.66,3366,5414001,58.22,31047,46460,0.5,0,0,0
2021-08-02,60.06,0.03,39.91,3134,5830196,62.7,3176,5417177,58.25,58514,104974,1.13,0,0,0
2021-08-03,60.21,0.03,39.76,3386,5833582,62.73,3330,5420507,58.29,78954,183928,1.98,0,0,0
2021-08-04,60.34,0.03,39.63,3534,5837116,62.77,3255,5423762,58.32,80765,264693,2.85,0,0,0
2021-08-05,60.49,0.04,39.47,4515,5841631,62.82,3570,5427332,58.36,88442,353135,3.8,0,0,0
2021-08-06,60.6,0.04,39.36,2437,5844068,62.84,1863,5429195,58.38,44744,397879,4.28,0,0,0
2021-08-07,60.63,0.04,39.32,1034,5845102,62.86,701,5429896,58.39,27353,425232,4.57,0,0,0
2021-08-08,60.68,0.04,39.28,4991,5850093,62.91,3082,5432978,58.42,80087,505319,5.43,0,0,0
2021-08-09,60.72,0.04,39.24,5341,5855434,62.97,3064,5436042,58.46,76489,581808,6.26,0,0,0
2021-08-10,60.75,0.04,39.2,5554,5860988,63.03,3208,5439250,58.49,75427,657235,7.07,0,0,0
2021-08-11,60.79,0.04,39.17,5696,5866684,63.09,2949,5442199,58.52,62642,719877,7.74,0,0,0
2021-08-12,60.83,0.04,39.12,7039,5873723,63.16,3291,5445490,58.56,59462,779339,8.38,0,0,0
2021-08-13,60.84,0.05,39.11,3821,5877544,63.2,2074,5447564,58.58,43870,823209,8.85,0,0,0
2021-08-14,60.85,0.05,39.1,2255,5879799,63.23,853,5448417,58.59,44486,867695,9.33,0,0,0
2021-08-15,60.89,0.05,39.06,7145,5886944,63.31,4530,5452947,58.64,97985,965680,10.38,0,0,0
2021-08-16,60.92,0.04,39.03,6991,5893935,63.38,4749,5457696,58.69,89522,1055202,11.35,0,0,0
2021-08-17,60.96,0.04,39,7573,5901508,63.46,5138,5462834,58.74,83320,1138522,12.24,0,0,0
2021-08-18,60.99,0.04,38.96,8642,5910150,63.55,4603,5467437,58.79,69269,1207791,12.99,0,0,0
2021-08-19,61.03,0.04,38.92,10082,5920232,63.66,5218,5472655,58.85,65976,1273767,13.7,0,0,0
2021-08-20,61.05,0.05,38.9,4768,5925000,63.71,2827,5475482,58.88,60454,1334221,14.35,0,0,0
2021-08-21,61.06,0.05,38.89,3499,5928499,63.75,1580,5477062,58.9,50725,1384946,14.89,0,0,0
2021-08-22,61.12,0.04,38.84,9824,5938323,63.86,4808,5481870,58.95,105112,1490058,16.02,0,0,0
2021-08-23,61.17,0.04,38.79,10923,5949246,63.98,4448,5486318,59,94034,1584092,17.03,0,0,0
2021-08-24,61.23,0.04,38.73,11724,5960970,64.1,4702,5491020,59.05,98557,1682649,18.09,0,0,0
2021-08-25,61.29,0.04,38.67,9612,5970582,64.2,4484,5495504,59.1,99558,1782207,19.16,0,0,0
2021-08-26,61.36,0.03,38.61,10110,5980692,64.31,5059,5500563,59.15,101231,1883438,20.25,0,0,0
2021-08-27,61.35,0.04,38.61,4325,5985017,64.36,2788,5503351,59.18,56696,1940134,20.86,0,0,0
2021-08-28,61.4,0.04,38.57,3702,5988719,64.4,1500,5504851,59.2,33540,1973674,21.22,0,0,0
2021-08-29,61.46,0.03,38.5,10323,5999042,64.51,5932,5510783,59.26,79550,2053224,22.08,0,0,0
2021-08-30,61.53,0.03,38.44,12334,6011376,64.64,7017,5517800,59.34,116009,2169233,23.33,0,0,0
2021-08-31,61.6,0.03,38.37,12076,6023452,64.77,6529,5524329,59.41,114881,2284114,24.56,0,0,0
2021-09-01,61.43,0.03,38.54,9034,6032486,64.87,6043,5530372,59.47,112492,2396606,25.77,0,0,0
2021-09-02,61.49,0.03,38.48,8784,6041270,64.96,7183,5537555,59.55,111545,2508151,26.97,0,0,0
2021-09-03,61.56,0.03,38.42,3751,6045021,65.01,4116,5541671,59.59,58886,2567037,27.6,0,0,0
2021-09-04,61.59,0.03,38.38,2691,6047712,65.03,2023,5543694,59.61,29953,2596990,27.93,0,0,0
2021-09-05,61.68,0.03,38.29,6991,6054703,65.11,6460,5550154,59.68,73326,2670316,28.72,0,0,0
2021-09-06,61.77,0.03,38.2,2836,6057539,65.14,2718,5552872,59.71,22800,2693116,28.96,0,0,0
2021-09-07,61.85,0.03,38.12,1202,6058741,65.15,879,5553751,59.72,5398,2698514,29.02,0,0,0
2021-09-08,61.93,0.03,38.05,1380,6060121,65.17,1196,5554947,59.74,6621,2705135,29.09,0,0,0
2021-09-09,62.02,0.03,37.95,7093,6067214,65.24,12573,5567520,59.87,73845,2778980,29.88,0,0,0
2021-09-10,62.06,0.03,37.91,3258,6070472,65.28,5016,5572536,59.92,37938,2816918,30.29,0,0,0
2021-09-11,62.08,0.03,37.89,2108,6072580,65.3,2509,5575045,59.95,14817,2831735,30.45,0,0,0
2021-09-12,62.16,0.03,37.81,6106,6078686,65.37,8589,5583634,60.04,54136,2885871,31.03,0,0,0
2021-09-13,62.15,0.03,37.82,5611,6084297,65.43,8265,5591899,60.13,47983,2933854,31.55,0,0,0
2021-09-14,62.2,0.03,37.77,4963,6089260,65.48,7424,5599323,60.21,48856,2982710,32.07,0,0,0
2021-09-15,62.25,0.03,37.72,1750,6091010,65.5,2718,5602041,60.24,16687,2999397,32.25,0,0,0
2021-09-16,62.37,0.03,37.6,343,6091353,65.5,550,5602591,60.25,1740,3001137,32.27,0,0,0
2021-09-17,62.42,0.03,37.54,3683,6095036,65.54,7022,5609613,60.32,42905,3044042,32.73,0,0,0
2021-09-18,62.45,0.03,37.52,2258,6097294,65.57,2946,5612559,60.35,12783,3056825,32.87,0,0,0
2021-09-19,62.55,0.03,37.42,5942,6103236,65.63,10712,5623271,60.47,44332,3101157,33.35,0,0,0
2021-09-20,62.63,0.03,37.34,3246,6106482,65.67,4646,5627917,60.52,16708,3117865,33.53,0,0,0
2021-09-21,62.69,0.03,37.28,1340,6107822,65.68,2066,5629983,60.54,3477,3121342,33.57,0,0,0
2021-09-22,62.72,0.03,37.25,4260,6112082,65.73,7250,5637233,60.62,25072,3146414,33.84,0,0,0
2021-09-23,62.75,0.03,37.22,4391,6116473,65.77,5916,5643149,60.68,27834,3174248,34.13,0,0,0
2021-09-24,62.82,0.03,37.15,3202,6119675,65.81,4185,5647334,60.73,27723,3201971,34.43,0,0,0
2021-09-25,62.85,0.03,37.12,2081,6121756,65.83,2263,5649597,60.75,10443,3212414,34.54,0,0,0
2021-09-26,62.96,0.03,37,5605,6127361,65.89,5973,5655570,60.82,36270,3248684,34.93,0,0,0
2021-09-27,63.02,0.03,36.94,4696,6132057,65.94,4469,5660039,60.87,30457,3279141,35.26,0,0,0
2021-09-28,63.06,0.04,36.91,1472,6133529,65.96,1185,5661224,60.88,6249,3285390,35.33,0,0,0
2021-09-29,63.13,0.03,36.84,9622,6143151,66.06,8349,5669573,60.97,60325,3345715,35.98,0,0,0
2021-09-30,63.18,0.03,36.79,10976,6154127,66.18,8579,5678152,61.06,79703,3425418,36.84,0,0,0
2021-10-01,63.23,0.03,36.73,5128,6159255,66.23,3875,5682027,61.1,46546,3471964,37.34,0,0,0
2021-10-02,63.26,0.03,36.71,2865,6162120,66.26,2127,5684154,61.12,22433,3494397,37.58,0,0,0
2021-10-03,63.35,0.03,36.62,11667,6173787,66.39,7276,5691430,61.2,70726,3565123,38.34,0,0,0
2021-10-04,63.4,0.03,36.57,10320,6184107,66.5,6759,5698189,61.28,51913,3617036,38.9,0,0,0
2021-10-05,63.41,0.03,36.55,8461,6192568,66.59,5314,5703503,61.33,40479,3657515,39.33,0,0,0
2021-10-06,63.52,0.03,36.45,7543,6200111,66.67,4185,5707688,61.38,34150,3691665,39.7,0,0,0
2021-10-07,63.63,0.03,36.34,6896,6207007,66.75,4010,5711698,61.42,34069,3725734,40.06,0,0,0
2021-10-08,63.68,0.03,36.29,3086,6210093,66.78,2644,5714342,61.45,19250,3744984,40.27,0,0,0
2021-10-09,63.71,0.03,36.26,1341,6211434,66.79,1444,5715786,61.46,7441,3752425,40.35,0,0,0
2021-10-10,63.82,0.04,36.14,4677,6216111,66.84,3748,5719534,61.5,21519,3773944,40.58,0,0,0
2021-10-11,63.91,0.04,36.05,4299,6220410,66.89,2946,5722480,61.54,17269,3791213,40.77,0,0,0
2021-10-12,63.99,0.05,35.96,3977,6224387,66.93,3007,5725487,61.57,15357,3806570,40.93,0,0,0
2021-10-13,64.09,0.05,35.86,3487,6227874,66.97,2451,5727938,61.6,13587,3820157,41.08,0,0,0
2021-10-14,64.19,0.06,35.75,3870,6231744,67.01,2685,5730623,61.62,16568,3836725,41.26,0,0,0
2021-10-15,64.23,0.07,35.7,1703,6233447,67.03,1685,5732308,61.64,9011,3845736,41.36,0,0,0
2021-10-16,64.25,0.08,35.67,729,6234176,67.04,957,5733265,61.65,4035,3849771,41.4,0,0,0
2021-10-17,64.36,0.09,35.56,3090,6237266,67.07,2526,5735791,61.68,12798,3862569,41.54,0,0,0
2021-10-18,64.43,0.1,35.47,2460,6239726,67.1,1693,5737484,61.7,10069,3872638,41.64,0,0,0
2021-10-19,64.49,0.1,35.4,2399,6242125,67.12,1284,5738768,61.71,9294,3881932,41.74,0,0,0
2021-10-20,64.14,0.52,35.34,2436,6244561,67.15,2304,5741072,61.74,10103,3892035,41.85,0,0,0
2021-10-21,54.23,10.41,35.36,3034,6247595,67.18,3097,5744169,61.77,12163,3904198,41.98,0,0,0
2021-10-22,54.36,10.26,35.38,1279,6248874,67.2,1437,5745606,61.79,5840,3910038,42.05,0,0,0
2021-10-23,54.42,10.19,35.39,575,6249449,67.2,1266,5746872,61.8,2564,3912602,42.07,0,0,0
2021-10-24,54.22,10.43,35.35,2518,6251967,67.23,2653,5749525,61.83,9855,3922457,42.18,0,0,0
2021-10-25,54.59,10.22,35.19,2639,6254606,67.26,2752,5752277,61.86,8511,3930968,42.27,0,0,0
2021-10-26,54.64,10.26,35.1,2381,6256987,67.28,2059,5754336,61.88,8529,3939497,42.36,0,0,0
2021-10-27,54.58,10.37,35.06,2292,6259279,67.31,2566,5756902,61.91,7959,3947456,42.45,0,0,0
2021-10-28,54.69,10.76,34.55,2505,6261784,67.34,2782,5759684,61.94,8675,3956131,42.54,0,0,0
2021-10-29,54.73,10.75,34.52,901,6262685,67.35,1154,5760838,61.95,4138,3960269,42.59,0,0,0
2021-10-30,54.68,10.81,34.52,366,6263051,67.35,530,5761368,61.95,1712,3961981,42.61,0,0,0
2021-10-31,54.83,10.7,34.47,2262,6265313,67.37,2495,5763863,61.98,8255,3970236,42.69,0,0,0
2021-11-01,54.95,10.63,34.42,1737,6267050,67.39,2094,5765957,62,6480,3976716,42.76,0,0,0
2021-11-02,54.89,10.69,34.42,2026,6269076,67.41,2050,5768007,62.03,6296,3983012,42.83,0,0,0
2021-11-03,54.86,10.75,34.39,1764,6270840,67.43,1897,5769904,62.05,5556,3988568,42.89,0,0,0
2021-11-04,54.85,10.81,34.33,2111,6272951,67.46,2802,5772706,62.08,7133,3995701,42.97,0,0,0
2021-11-05,54.85,10.83,34.32,790,6273741,67.46,905,5773611,62.09,3488,3999189,43.01,0,0,0
2021-11-06,54.82,10.86,34.32,347,6274088,67.47,389,5774000,62.09,1375,4000564,43.02,0,0,0
2021-11-07,54.92,10.8,34.28,1578,6275666,67.49,1770,5775770,62.11,6134,4006698,43.09,0,0,0
2021-11-08,55.01,10.75,34.24,1520,6277186,67.5,1603,5777373,62.13,5406,4012104,43.14,0,0,0
2021-11-09,55.05,10.74,34.21,1429,6278615,67.52,1611,5778984,62.14,5333,4017437,43.2,0,0,0
2021-11-10,55.08,10.73,34.19,1424,6280039,67.53,1662,5780646,62.16,4779,4022216,43.25,0,0,0
2021-11-11,55.15,10.69,34.15,1628,6281667,67.55,1947,5782593,62.18,5718,4027934,43.31,0,0,0
2021-11-12,55.17,10.69,34.14,637,6282304,67.56,826,5783419,62.19,2925,4030859,43.35,0,0,0
2021-11-13,55.14,10.72,34.14,257,6282561,67.56,290,5783709,62.2,1130,4031989,43.36,0,0,0
2021-11-14,55.21,10.68,34.11,1536,6284097,67.58,1639,5785348,62.21,5111,4037100,43.41,0,0,0
2021-11-15,55.28,10.63,34.09,1275,6285372,67.59,1627,5786975,62.23,4770,4041870,43.46,0,0,0
2021-11-16,55.32,10.62,34.07,1275,6286647,67.6,1419,5788394,62.25,4349,4046219,43.51,0,0,0
2021-11-17,55.35,10.6,34.05,1208,6287855,67.62,1567,5789961,62.26,3915,4050134,43.55,0,0,0
2021-11-18,55.41,10.58,34.02,1364,6289219,67.63,1693,5791654,62.28,5012,4055146,43.61,0,0,0
2021-11-19,55.42,10.57,34.01,588,6289807,67.64,763,5792417,62.29,2460,4057606,43.63,0,0,0
2021-11-20,55.41,10.58,34,238,6290045,67.64,258,5792675,62.29,929,4058535,43.64,0,0,0
2021-11-21,55.47,10.54,33.98,1409,6291454,67.66,1542,5794217,62.31,4881,4063416,43.7,0,0,0
2021-11-22,55.54,10.5,33.96,1681,6293135,67.67,1523,5795740,62.32,4238,4067654,43.74,0,0,0
2021-11-23,55.57,10.48,33.95,8616,6301751,67.77,1688,5797428,62.34,4012,4071666,43.78,0,0,0
2021-11-24,55.6,10.44,33.95,9348,6311099,67.87,1319,5798747,62.36,3924,4075590,43.83,0,0,0
2021-11-25,55.64,10.43,33.93,9808,6320907,67.97,1600,5800347,62.37,4841,4080431,43.88,0,0,0
2021-11-26,55.63,10.45,33.92,5610,6326517,68.03,748,5801095,62.38,2805,4083236,43.91,0,0,0
2021-11-27,55.62,10.46,33.92,4776,6331293,68.08,324,5801419,62.39,1164,4084400,43.92,0,0,0
2021-11-28,55.67,10.43,33.9,10145,6341438,68.19,1481,5802900,62.4,4905,4089305,43.97,0,0,0
2021-11-29,55.73,10.39,33.88,9043,6350481,68.29,1134,5804034,62.41,4376,4093681,44.02,0,0,0
2021-11-30,55.77,10.37,33.86,10043,6360524,68.4,1038,5805072,62.42,4084,4097765,44.07,0,0,0
2021-12-01,55.79,10.36,33.84,8630,6369154,68.49,1097,5806169,62.44,4444,4102209,44.11,5,5,0
2021-12-02,55.84,10.34,33.82,9173,6378327,68.59,1456,5807625,62.45,5125,4107334,44.17,6,11,0
2021-12-03,55.86,10.33,33.81,6329,6384656,68.66,673,5808298,62.46,2868,4110202,44.2,1,12,0
2021-12-04,55.85,10.34,33.81,2509,6387165,68.68,238,5808536,62.46,926,4111128,44.21,3,15,0
2021-12-05,55.9,10.31,33.79,8334,6395499,68.77,1254,5809790,62.48,4683,4115811,44.26,1,16,0
2021-12-06,55.95,10.27,33.78,6720,6402219,68.85,1200,5810990,62.49,4351,4120162,44.31,4,20,0
2021-12-07,55.99,10.25,33.76,5553,6407772,68.91,1506,5812496,62.5,3966,4124128,44.35,9,29,0
2021-12-08,56.03,10.22,33.75,4935,6412707,68.96,1200,5813696,62.52,3885,4128013,44.39,10,39,0
2021-12-09,56.08,10.19,33.73,6239,6418946,69.03,1241,5814937,62.53,4508,4132521,44.44,8,47,0
2021-12-10,56.1,10.18,33.72,3006,6421952,69.06,704,5815641,62.54,2687,4135208,44.47,4,51,0
2021-12-11,56.1,10.18,33.71,1491,6423443,69.07,255,5815896,62.54,1021,4136229,44.48,0,51,0
2021-12-12,56.16,10.15,33.69,7274,6430717,69.15,1444,5817340,62.56,5248,4141477,44.54,3,54,0
2021-12-13,56.21,10.11,33.67,6180,6436897,69.22,1377,5818717,62.57,4351,4145828,44.58,5,59,0
2021-12-14,56.27,10.09,33.65,7316,6444213,69.3,6098,5824815,62.64,4941,4150769,44.64,12,71,0
2021-12-15,56.34,10.06,33.6,7204,6451417,69.38,7404,5832219,62.72,5446,4156215,44.69,7,78,0
2021-12-16,56.53,10.05,33.42,8079,6459496,69.46,8609,5840828,62.81,6564,4162779,44.76,8,86,0
2021-12-17,56.64,10.05,33.3,4406,6463902,69.51,5141,5845969,62.86,3954,4166733,44.81,3,89,0
2021-12-18,56.73,10.07,33.2,3941,6467843,69.55,2913,5848882,62.9,1361,4168094,44.82,2,91,0
2021-12-19,56.92,10.04,33.04,6978,6474821,69.63,9328,5858210,63,6276,4174370,44.89,6,97,0
2021-12-20,57.07,10.02,32.91,7972,6482793,69.71,7519,5865729,63.08,5447,4179817,44.95,9,106,0
2021-12-21,57.27,10.01,32.71,9548,6492341,69.82,8647,5874376,63.17,6492,4186309,45.02,8,114,0
2021-12-22,57.49,10,32.52,9663,6502004,69.92,8151,5882527,63.26,6255,4192564,45.08,12,126,0
2021-12-23,57.7,9.97,32.33,11539,6513543,70.04,10261,5892788,63.37,8160,4200724,45.17,16,142,0
2021-12-24,57.83,9.96,32.21,5875,6519418,70.11,6241,5899029,63.44,5281,4206005,45.23,12,154,0
2021-12-25,57.9,9.96,32.15,3338,6522756,70.14,2566,5901595,63.46,2021,4208026,45.25,6,160,0
2021-12-26,58.1,9.92,31.98,10652,6533408,70.26,8908,5910503,63.56,8201,4216227,45.34,8,168,0
2021-12-27,58.27,9.9,31.83,10370,6543778,70.37,7142,5917645,63.64,8188,4224415,45.43,23,191,0
2021-12-28,58.46,9.88,31.66,11375,6555153,70.49,7451,5925096,63.72,9643,4234058,45.53,26,217,0
2021-12-29,58.64,9.85,31.51,9933,6565086,70.6,5964,5931060,63.78,8376,4242434,45.62,21,238,0
2021-12-30,58.84,9.82,31.34,11012,6576098,70.72,7735,5938795,63.86,12240,4254674,45.75,10,248,0
2021-12-31,58.9,9.79,31.3,4829,6580927,70.77,3672,5942467,63.9,7296,4261970,45.83,135,383,0
2022-01-01,58.93,9.79,31.28,1993,6582920,70.79,1592,5944059,63.92,2741,4264711,45.86,66,449,0
2022-01-02,59.14,9.76,31.1,10216,6593136,70.9,6487,5950546,63.99,13002,4277713,46,590,1039,0.01
2022-01-03,59.29,9.71,31,9384,6602520,71,5259,5955805,64.05,11342,4289055,46.12,25055,26094,0.28
2022-01-04,59.46,9.68,30.86,8964,6611484,71.1,5948,5961753,64.11,10525,4299580,46.24,50660,76754,0.83
2022-01-05,59.56,9.65,30.79,8552,6620036,71.19,5740,5967493,64.17,10494,4310074,46.35,59590,136344,1.47
2022-01-06,59.81,9.63,30.56,10339,6630375,71.3,7959,5975452,64.26,13531,4323605,46.49,64001,200345,2.15
2022-01-07,59.89,9.61,30.49,4759,6635134,71.35,4557,5980009,64.31,8166,4331771,46.58,31135,231480,2.49
2022-01-08,59.9,9.64,30.46,2749,6637883,71.38,2451,5982460,64.33,5501,4337272,46.64,27632,259112,2.79
2022-01-09,60.06,9.59,30.35,9305,6647188,71.48,7724,5990184,64.42,11871,4349143,46.77,66766,325878,3.5
2022-01-10,60.21,9.54,30.25,8347,6655535,71.57,7646,5997830,64.5,11884,4361027,46.9,64780,390658,4.2
2022-01-11,60.38,9.49,30.13,8099,6663634,71.66,8621,6006451,64.59,11974,4373001,47.03,56660,447318,4.81
2022-01-12,60.51,9.45,30.04,7275,6670909,71.74,8305,6014756,64.68,11114,4384115,47.14,44632,491950,5.29
2022-01-13,60.7,9.35,29.94,7509,6678418,71.82,9617,6024373,64.78,11547,4395662,47.27,34768,526718,5.66
2022-01-14,60.79,9.31,29.9,2554,6680972,71.84,4935,6029308,64.84,6146,4401808,47.33,11142,537860,5.78
2022-01-15,60.83,9.29,29.87,1469,6682441,71.86,3170,6032478,64.87,3884,4405692,47.38,5716,543576,5.85
2022-01-16,60.97,9.2,29.82,3817,6686258,71.9,8524,6041002,64.96,7682,4413374,47.46,19993,563569,6.06
2022-01-17,61.09,9.13,29.78,2808,6689066,71.93,7047,6048049,65.04,6173,4419547,47.53,17833,581402,6.25
2022-01-18,61.23,9.07,29.7,2475,6691541,71.96,7386,6055435,65.12,5535,4425082,47.59,14817,596219,6.41
2022-01-19,61.37,8.98,29.65,1915,6693456,71.98,6369,6061804,65.19,4522,4429604,47.63,8461,604680,6.5
2022-01-20,61.44,8.85,29.71,1777,6695233,72,6971,6068775,65.26,4793,4434397,47.69,8041,612721,6.59
2022-01-21,61.51,8.81,29.68,905,6696138,72.01,3725,6072500,65.3,2646,4437043,47.71,3358,616079,6.63
2022-01-22,61.51,8.75,29.74,328,6696466,72.01,1462,6073962,65.32,1067,4438110,47.73,1113,617192,6.64
2022-01-23,61.61,8.7,29.69,1068,6697534,72.02,5632,6079594,65.38,2879,4440989,47.76,6083,623275,6.7
2022-01-24,61.73,8.62,29.65,759,6698293,72.03,4481,6084075,65.43,2270,4443259,47.78,5057,628332,6.76
2022-01-25,61.9,8.51,29.59,744,6699037,72.04,4401,6088476,65.47,2187,4445446,47.8,7102,635434,6.83
2022-01-26,62.02,8.42,29.57,615,6699652,72.04,3285,6091761,65.51,1612,4447058,47.82,4262,639696,6.88
2022-01-27,62.12,8.35,29.52,798,6700450,72.05,4405,6096166,65.56,2005,4449063,47.84,5441,645137,6.94
2022-01-28,62.16,8.33,29.5,397,6700847,72.06,2376,6098542,65.58,1182,4450245,47.86,3452,648589,6.97
2022-01-29,62.23,8.29,29.48,124,6700971,72.06,1046,6099588,65.59,425,4450670,47.86,1162,649751,6.99
2022-01-30,62.3,8.24,29.46,769,6701740,72.07,4719,6104307,65.64,2020,4452690,47.88,8099,657850,7.07
2022-01-31,62.39,8.17,29.43,528,6702268,72.07,3183,6107490,65.68,1610,4454300,47.9,6472,664322,7.14
2022-02-01,62.45,8.15,29.4,482,6702750,72.08,2809,6110299,65.71,1526,4455826,47.92,5722,670044,7.21
2022-02-02,62.28,8.13,29.59,375,6703125,72.08,2394,6112693,65.73,1386,4457212,47.93,5073,675117,7.26
2022-02-03,62.34,8.08,29.57,446,6703571,72.09,2776,6115469,65.76,1462,4458674,47.95,5607,680724,7.32
2022-02-04,62.37,8.06,29.57,174,6703745,72.09,991,6116460,65.77,757,4459431,47.95,2455,683179,7.35
2022-02-05,62.34,8.09,29.56,62,6703807,72.09,342,6116802,65.78,221,4459652,47.96,420,683599,7.35
2022-02-06,62.41,8.05,29.55,407,6704214,72.09,2320,6119122,65.8,1344,4460996,47.97,5687,689286,7.41
2022-02-07,62.47,8.01,29.52,283,6704497,72.1,1308,6120430,65.82,983,4461979,47.98,5960,695246,7.48
2022-02-08,62.54,7.97,29.49,317,6704814,72.1,1498,6121928,65.83,1068,4463047,47.99,6138,701384,7.54
2022-02-09,62.6,7.95,29.45,254,6705068,72.1,1102,6123030,65.84,946,4463993,48,4570,705954,7.59
2022-02-10,62.63,7.93,29.44,273,6705341,72.11,1292,6124322,65.86,936,4464929,48.01,4815,710769,7.64
2022-02-11,62.67,7.91,29.42,211,6705552,72.11,557,6124879,65.86,518,4465447,48.02,2540,713309,7.67
2022-02-12,62.67,7.91,29.41,32,6705584,72.11,91,6124970,65.86,136,4465583,48.02,269,713578,7.67
2022-02-13,62.73,7.87,29.39,286,6705870,72.11,946,6125916,65.88,966,4466549,48.03,4998,718576,7.73
2022-02-14,62.89,7.74,29.36,179,6706049,72.11,628,6126544,65.88,760,4467309,48.04,3143,721719,7.76
2022-02-15,62.92,7.73,29.35,265,6706314,72.12,763,6127307,65.89,938,4468247,48.05,3819,725538,7.8
2022-02-16,62.95,7.72,29.34,179,6706493,72.12,577,6127884,65.9,803,4469050,48.06,2488,728026,7.83
2022-02-17,62.96,7.7,29.34,247,6706740,72.12,740,6128624,65.9,775,4469825,48.07,3061,731087,7.86
2022-02-18,62.98,7.69,29.33,130,6706870,72.12,343,6128967,65.91,439,4470264,48.07,1119,732206,7.87
2022-02-19,62.99,7.69,29.32,33,6706903,72.12,84,6129051,65.91,82,4470346,48.07,80,732286,7.87
2022-02-20,63.01,7.67,29.32,204,6707107,72.12,604,6129655,65.92,723,4471069,48.08,2574,734860,7.9
2022-02-21,63.04,7.65,29.31,173,6707280,72.13,413,6130068,65.92,490,4471559,48.08,1542,736402,7.92
2022-02-22,63.05,7.65,29.3,158,6707438,72.13,455,6130523,65.92,570,4472129,48.09,1871,738273,7.94
2022-02-23,63.06,7.65,29.29,109,6707547,72.13,353,6130876,65.93,453,4472582,48.1,1153,739426,7.95
2022-02-24,63.05,7.66,29.29,138,6707685,72.13,463,6131339,65.93,568,4473150,48.1,1493,740919,7.97
2022-02-25,63.06,7.66,29.28,59,6707744,72.13,144,6131483,65.93,193,4473343,48.1,456,741375,7.97
2022-02-26,63.05,7.67,29.28,17,6707761,72.13,28,6131511,65.94,161,4473504,48.11,35,741410,7.97
2022-02-27,63.05,7.67,29.28,112,6707873,72.13,341,6131852,65.94,448,4473952,48.11,1119,742529,7.98
2022-02-28,63.07,7.65,29.28,108,6707981,72.13,271,6132123,65.94,424,4474376,48.12,908,743437,7.99
2022-03-01,63.1,7.63,29.27,97,6708078,72.14,280,6132403,65.94,373,4474749,48.12,797,744234,8
2022-03-02,63.11,7.62,29.27,77,6708155,72.14,199,6132602,65.95,324,4475073,48.12,698,744932,8.01
2022-03-03,63.05,7.67,29.27,157,6708312,72.14,371,6132973,65.95,498,4475571,48.13,987,745919,8.02
2022-03-04,63.05,7.68,29.27,53,6708365,72.14,170,6133143,65.95,170,4475741,48.13,228,746147,8.02
2022-03-05,63.04,7.69,29.27,5,6708370,72.14,25,6133168,65.95,44,4475785,48.13,32,746179,8.02
2022-03-06,63.04,7.69,29.27,98,6708468,72.14,259,6133427,65.96,417,4476202,48.13,760,746939,8.03
2022-03-07,63.05,7.69,29.26,86,6708554,72.14,260,6133687,65.96,354,4476556,48.14,605,747544,8.04
2022-03-08,63.04,7.7,29.26,100,6708654,72.14,263,6133950,65.96,333,4476889,48.14,550,748094,8.04
2022-03-09,63.02,7.72,29.25,89,6708743,72.14,213,6134163,65.96,337,4477226,48.15,492,748586,8.05
2022-03-10,63.01,7.74,29.25,115,6708858,72.14,375,6134538,65.97,428,4477654,48.15,620,749206,8.06
2022-03-11,63,7.75,29.25,24,6708882,72.14,85,6134623,65.97,123,4477777,48.15,144,749350,8.06
2022-03-12,62.98,7.77,29.24,11,6708893,72.14,12,6134635,65.97,34,4477811,48.15,28,749378,8.06
2022-03-13,62.98,7.78,29.24,100,6708993,72.15,271,6134906,65.97,358,4478169,48.16,595,749973,8.06
2022-03-14,62.98,7.78,29.24,66,6709059,72.15,253,6135159,65.97,316,4478485,48.16,559,750532,8.07
2022-03-15,62.95,7.81,29.24,80,6709139,72.15,185,6135344,65.98,293,4478778,48.16,591,751123,8.08
2022-03-16,62.94,7.82,29.24,77,6709216,72.15,205,6135549,65.98,305,4479083,48.17,668,751791,8.08
2022-03-17,62.94,7.82,29.24,65,6709281,72.15,122,6135671,65.98,286,4479369,48.17,613,752404,8.09
2022-03-18,62.94,7.82,29.24,20,6709301,72.15,54,6135725,65.98,100,4479469,48.17,234,752638,8.09
2022-03-19,62.89,7.88,29.23,6,6709307,72.15,11,6135736,65.98,29,4479498,48.17,39,752677,8.09
2022-03-20,62.87,7.89,29.23,119,6709426,72.15,260,6135996,65.98,486,4479984,48.18,1431,754108,8.11
2022-03-21,62.87,7.9,29.23,97,6709523,72.15,247,6136243,65.99,379,4480363,48.18,1132,755240,8.12
2022-03-22,62.84,7.94,29.23,141,6709664,72.15,342,6136585,65.99,508,4480871,48.19,1770,757010,8.14
2022-03-23,62.81,7.97,29.22,108,6709772,72.15,212,6136797,65.99,463,4481334,48.19,1677,758687,8.16
2022-03-24,62.78,8,29.22,174,6709946,72.16,345,6137142,66,769,4482103,48.2,2363,761050,8.18
2022-03-25,62.78,8,29.23,39,6709985,72.16,82,6137224,66,159,4482262,48.2,630,761680,8.19
2022-03-26,62.77,8,29.22,12,6709997,72.16,13,6137237,66,34,4482296,48.2,91,761771,8.19
2022-03-27,62.75,8.02,29.22,167,6710164,72.16,344,6137581,66,760,4483056,48.21,3193,764964,8.23
2022-03-28,62.75,8.03,29.22,113,6710277,72.16,271,6137852,66,623,4483679,48.22,2416,767380,8.25
2022-03-29,62.7,8.07,29.22,125,6710402,72.16,258,6138110,66.01,641,4484320,48.22,2772,770152,8.28
2022-03-30,62.81,8.11,29.07,132,6710534,72.16,208,6138318,66.01,542,4484862,48.23,2370,772522,8.31
2022-03-31,62.79,8.11,29.1,166,6710700,72.16,302,6138620,66.01,730,4485592,48.24,2853,775375,8.34
2022-04-01,62.72,8.13,29.15,122,6710822,72.16,161,6138781,66.01,277,4485869,48.24,588,775963,8.34
2022-04-02,62.69,8.15,29.16,7,6710829,72.16,7,6138788,66.01,37,4485906,48.24,52,776015,8.34
2022-04-03,62.65,8.16,29.19,159,6710988,72.17,270,6139058,66.02,569,4486475,48.25,2478,778493,8.37
2022-04-04,62.62,8.16,29.22,103,6711091,72.17,208,6139266,66.02,484,4486959,48.25,2225,780718,8.4
2022-04-05,62.57,8.19,29.25,122,6711213,72.17,221,6139487,66.02,513,4487472,48.26,2243,782961,8.42
2022-04-06,62.55,8.2,29.25,91,6711304,72.17,157,6139644,66.02,382,4487854,48.26,2023,784984,8.44
2022-04-07,62.56,8.2,29.24,191,6711495,72.17,215,6139859,66.03,641,4488495,48.27,2556,787540,8.47
2022-04-08,62.54,8.22,29.23,30,6711525,72.17,61,6139920,66.03,154,4488649,48.27,482,788022,8.47
2022-04-09,62.52,8.25,29.23,6,6711531,72.17,17,6139937,66.03,28,4488677,48.27,47,788069,8.47
2022-04-10,62.51,8.26,29.23,103,6711634,72.17,264,6140201,66.03,429,4489106,48.27,1845,789914,8.49
2022-04-11,62.54,8.26,29.2,78,6711712,72.17,201,6140402,66.03,371,4489477,48.28,1425,791339,8.51
2022-04-12,62.58,8.29,29.12,204,6711916,72.18,168,6140570,66.03,376,4489853,48.28,1360,792699,8.52
2022-04-13,62.58,8.31,29.1,117,6712033,72.18,150,6140720,66.03,298,4490151,48.28,1218,793917,8.54
2022-04-14,62.57,8.33,29.1,85,6712118,72.18,221,6140941,66.04,321,4490472,48.29,1069,794986,8.55
2022-04-15,62.55,8.35,29.1,9,6712127,72.18,51,6140992,66.04,48,4490520,48.29,82,795068,8.55
2022-04-16,62.53,8.37,29.1,3,6712130,72.18,8,6141000,66.04,21,4490541,48.29,29,795097,8.55
2022-04-17,62.52,8.38,29.1,62,6712192,72.18,131,6141131,66.04,229,4490770,48.29,807,795904,8.56
2022-04-18,62.51,8.38,29.1,68,6712260,72.18,109,6141240,66.04,253,4491023,48.29,750,796654,8.57
2022-04-19,62.5,8.4,29.1,61,6712321,72.18,145,6141385,66.04,273,4491296,48.3,842,797496,8.58
2022-04-20,62.48,8.42,29.1,60,6712381,72.18,117,6141502,66.04,235,4491531,48.3,656,798152,8.58
2022-04-21,62.47,8.43,29.1,53,6712434,72.18,109,6141611,66.04,197,4491728,48.3,479,798631,8.59
2022-04-22,62.45,8.44,29.11,3,6712437,72.18,17,6141628,66.04,19,4491747,48.3,20,798651,8.59
2022-04-23,62.43,8.46,29.11,6,6712443,72.18,9,6141637,66.04,16,4491763,48.3,13,798664,8.59
2022-04-24,62.43,8.47,29.1,92,6712535,72.18,250,6141887,66.05,329,4492092,48.31,872,799536,8.6
2022-04-25,62.43,8.47,29.1,104,6712639,72.18,191,6142078,66.05,316,4492408,48.31,739,800275,8.61
2022-04-26,62.42,8.48,29.1,76,6712715,72.19,175,6142253,66.05,304,4492712,48.31,789,801064,8.61
2022-04-27,62.41,8.49,29.1,54,6712769,72.19,160,6142413,66.05,227,4492939,48.31,640,801704,8.62
2022-04-28,62.41,8.5,29.1,97,6712866,72.19,232,6142645,66.05,329,4493268,48.32,872,802576,8.63
2022-04-29,62.39,8.51,29.1,112,6712978,72.19,159,6142804,66.06,184,4493452,48.32,196,802772,8.63
2022-04-30,62.38,8.52,29.1,1,6712979,72.19,3,6142807,66.06,24,4493476,48.32,22,802794,8.63
2022-05-01,62.38,8.53,29.09,135,6713114,72.19,185,6142992,66.06,317,4493793,48.32,630,803424,8.64
2022-05-02,62.37,8.54,29.09,62,6713176,72.19,155,6143147,66.06,235,4494028,48.33,491,803915,8.64
2022-05-03,62.36,8.55,29.09,73,6713249,72.19,151,6143298,66.06,288,4494316,48.33,508,804423,8.65
2022-05-04,62.35,8.57,29.08,23,6713272,72.19,56,6143354,66.06,63,4494379,48.33,129,804552,8.65
2022-05-05,62.34,8.58,29.08,5,6713277,72.19,1,6143355,66.06,8,4494387,48.33,14,804566,8.65
2022-05-06,62.33,8.59,29.08,20,6713297,72.19,59,6143414,66.06,63,4494450,48.33,154,804720,8.65
2022-05-07,62.32,8.6,29.08,1,6713298,72.19,7,6143421,66.06,27,4494477,48.33,24,804744,8.65
2022-05-08,62.31,8.61,29.08,118,6713416,72.19,207,6143628,66.07,270,4494747,48.33,457,805201,8.66
2022-05-09,62.31,8.61,29.08,59,6713475,72.19,162,6143790,66.07,251,4494998,48.34,505,805706,8.66
2022-05-10,62.3,8.62,29.08,131,6713606,72.19,169,6143959,66.07,261,4495259,48.34,508,806214,8.67
2022-05-11,62.3,8.63,29.08,58,6713664,72.2,118,6144077,66.07,183,4495442,48.34,464,806678,8.67
2022-05-12,62.29,8.64,29.07,119,6713783,72.2,200,6144277,66.07,280,4495722,48.34,666,807344,8.68
2022-05-13,62.28,8.65,29.07,11,6713794,72.2,44,6144321,66.07,71,4495793,48.35,110,807454,8.68
2022-05-14,62.26,8.66,29.07,6,6713800,72.2,13,6144334,66.07,14,4495807,48.35,24,807478,8.68
2022-05-15,62.26,8.67,29.07,90,6713890,72.2,175,6144509,66.07,246,4496053,48.35,665,808143,8.69
2022-05-16,62.19,8.65,29.16,68,6713958,72.2,141,6144650,66.08,230,4496283,48.35,510,808653,8.7
2022-05-17,62.18,8.66,29.16,73,6714031,72.2,153,6144803,66.08,267,4496550,48.35,618,809271,8.7
2022-05-18,62.17,8.67,29.16,43,6714074,72.2,99,6144902,66.08,169,4496719,48.36,447,809718,8.71
2022-05-19,62.16,8.68,29.16,62,6714136,72.2,173,6145075,66.08,213,4496932,48.36,499,810217,8.71
2022-05-20,62.15,8.69,29.16,76,6714212,72.2,114,6145189,66.08,130,4497062,48.36,138,810355,8.71
2022-05-21,62.14,8.7,29.16,4,6714216,72.2,7,6145196,66.08,15,4497077,48.36,18,810373,8.71
2022-05-22,62.14,8.71,29.16,85,6714301,72.2,190,6145386,66.08,216,4497293,48.36,427,810800,8.72
2022-05-23,62.14,8.71,29.16,65,6714366,72.2,121,6145507,66.09,156,4497449,48.36,348,811148,8.72
2022-05-24,62.13,8.71,29.15,43,6714409,72.2,119,6145626,66.09,157,4497606,48.37,394,811542,8.73
2022-05-25,62.12,8.72,29.15,61,6714470,72.2,103,6145729,66.09,168,4497774,48.37,337,811879,8.73
2022-05-26,62.11,8.73,29.16,72,6714542,72.2,136,6145865,66.09,186,4497960,48.37,347,812226,8.73
2022-05-27,62.1,8.74,29.16,12,6714554,72.2,29,6145894,66.09,43,4498003,48.37,59,812285,8.73
2022-05-28,62.09,8.75,29.16,2,6714556,72.2,5,6145899,66.09,8,4498011,48.37,12,812297,8.74
2022-05-29,62.09,8.75,29.16,89,6714645,72.21,153,6146052,66.09,163,4498174,48.37,316,812613,8.74
2022-05-30,62.09,8.76,29.16,56,6714701,72.21,134,6146186,66.09,125,4498299,48.37,291,812904,8.74
2022-05-31,62.07,8.78,29.15,45,6714746,72.21,104,6146290,66.09,153,4498452,48.37,351,813255,8.75
2022-06-01,61.95,8.9,29.16,65,6714811,72.21,90,6146380,66.1,119,4498571,48.38,277,813532,8.75
2022-06-02,45.96,24.88,29.15,77,6714888,72.21,156,6146536,66.1,178,4498749,48.38,255,813787,8.75
2022-06-03,45.9,24.95,29.16,10,6714898,72.21,23,6146559,66.1,21,4498770,48.38,33,813820,8.75
2022-06-04,45.84,25,29.16,0,6714898,72.21,7,6146566,66.1,8,4498778,48.38,5,813825,8.75
2022-06-05,45.8,25.05,29.16,11,6714909,72.21,14,6146580,66.1,7,4498785,48.38,2,813827,8.75
2022-06-06,39.96,30.89,29.16,58,6714967,72.21,145,6146725,66.1,161,4498946,48.38,262,814089,8.75
2022-06-07,39.92,30.93,29.15,54,6715021,72.21,134,6146859,66.1,142,4499088,48.38,379,814468,8.76
2022-06-08,39.89,30.96,29.15,59,6715080,72.21,104,6146963,66.1,131,4499219,48.38,497,814965,8.76
2022-06-09,39.86,30.99,29.15,84,6715164,72.21,208,6147171,66.1,234,4499453,48.38,642,815607,8.77
2022-06-10,39.83,31.02,29.15,14,6715178,72.21,51,6147222,66.1,59,4499512,48.39,142,815749,8.77
2022-06-11,39.8,31.05,29.15,0,6715178,72.21,3,6147225,66.1,7,4499519,48.39,19,815768,8.77
2022-06-12,39.8,31.05,29.15,109,6715287,72.21,199,6147424,66.11,191,4499710,48.39,767,816535,8.78
2022-06-13,39.81,31.04,29.15,84,6715371,72.21,142,6147566,66.11,168,4499878,48.39,626,817161,8.79
2022-06-14,39.79,31.06,29.15,116,6715487,72.21,173,6147739,66.11,208,4500086,48.39,759,817920,8.8
2022-06-15,39.78,31.08,29.15,71,6715558,72.22,141,6147880,66.11,207,4500293,48.39,700,818620,8.8
2022-06-16,39.74,31.11,29.14,94,6715652,72.22,136,6148016,66.11,218,4500511,48.4,742,819362,8.81
2022-06-17,39.72,31.14,29.15,16,6715668,72.22,63,6148079,66.11,53,4500564,48.4,125,819487,8.81
2022-06-18,39.68,31.17,29.14,3,6715671,72.22,4,6148083,66.11,11,4500575,48.4,15,819502,8.81
2022-06-19,39.53,31.33,29.15,115,6715786,72.22,208,6148291,66.12,318,4500893,48.4,877,820379,8.82
2022-06-20,33.92,36.85,29.23,99,6715885,72.22,152,6148443,66.12,307,4501200,48.4,922,821301,8.83
2022-06-21,33.58,37.19,29.23,94,6715979,72.22,154,6148597,66.12,375,4501575,48.41,1229,822530,8.85
2022-06-22,33.28,37.49,29.23,110,6716089,72.22,136,6148733,66.12,339,4501914,48.41,894,823424,8.85
2022-06-23,32.84,37.92,29.23,132,6716221,72.22,217,6148950,66.12,525,4502439,48.42,1146,824570,8.87
2022-06-24,32.43,38.34,29.24,19,6716240,72.22,35,6148985,66.12,110,4502549,48.42,208,824778,8.87
2022-06-25,32.04,38.72,29.24,1,6716241,72.22,3,6148988,66.12,13,4502562,48.42,16,824794,8.87
2022-06-26,31.63,39.13,29.24,107,6716348,72.22,158,6149146,66.12,379,4502941,48.42,933,825727,8.88
2022-06-27,31.29,39.47,29.24,86,6716434,72.23,172,6149318,66.13,392,4503333,48.43,1028,826755,8.89
2022-06-28,30.86,39.91,29.24,85,6716519,72.23,151,6149469,66.13,363,4503696,48.43,932,827687,8.9
2022-06-29,30.48,40.28,29.24,76,6716595,72.23,108,6149577,66.13,265,4503961,48.43,816,828503,8.91
2022-06-30,30.05,40.71,29.24,86,6716681,72.23,165,6149742,66.13,355,4504316,48.44,1062,829565,8.92
2022-07-01,29.62,41.14,29.24,22,6716703,72.23,28,6149770,66.13,55,4504371,48.44,80,829645,8.92
2022-07-02,29.2,41.56,29.24,1,6716704,72.23,2,6149772,66.13,8,4504379,48.44,18,829663,8.92
2022-07-03,28.81,41.95,29.24,100,6716804,72.23,177,6149949,66.13,322,4504701,48.44,637,830300,8.93
2022-07-04,28.5,42.26,29.24,76,6716880,72.23,140,6150089,66.14,278,4504979,48.44,749,831049,8.94
2022-07-05,28.06,42.7,29.24,59,6716939,72.23,142,6150231,66.14,302,4505281,48.45,688,831737,8.94
2022-07-06,27.39,43.37,29.24,78,6717017,72.23,124,6150355,66.14,211,4505492,48.45,646,832383,8.95
2022-07-07,26.48,44.28,29.24,82,6717099,72.23,164,6150519,66.14,267,4505759,48.45,721,833104,8.96
2022-07-08,25.47,45.29,29.24,17,6717116,72.23,33,6150552,66.14,69,4505828,48.45,131,833235,8.96
2022-07-09,24.42,46.34,29.24,0,6717116,72.23,1,6150553,66.14,3,4505831,48.45,3,833238,8.96
2022-07-10,23.77,46.99,29.24,90,6717206,72.23,164,6150717,66.14,229,4506060,48.46,470,833708,8.97
2022-07-11,23.22,47.54,29.24,64,6717270,72.23,142,6150859,66.14,248,4506308,48.46,575,834283,8.97
2022-07-12,22.13,48.63,29.24,69,6717339,72.23,129,6150988,66.14,207,4506515,48.46,558,834841,8.98
2022-07-13,21.1,49.66,29.24,43,6717382,72.24,101,6151089,66.15,165,4506680,48.46,488,835329,8.98
2022-07-14,20.12,50.63,29.24,70,6717452,72.24,147,6151236,66.15,208,4506888,48.46,513,835842,8.99
2022-07-15,19.27,51.48,29.25,64,6717516,72.24,88,6151324,66.15,127,4507015,48.47,168,836010,8.99
2022-07-16,18.29,52.46,29.25,0,6717516,72.24,6,6151330,66.15,7,4507022,48.47,8,836018,8.99
2022-07-17,17.83,52.92,29.25,77,6717593,72.24,183,6151513,66.15,241,4507263,48.47,468,836486,9
2022-07-18,17.48,53.26,29.26,62,6717655,72.24,158,6151671,66.15,207,4507470,48.47,511,836997,9
2022-07-19,16.77,53.97,29.26,63,6717718,72.24,147,6151818,66.15,173,4507643,48.47,368,837365,9
2022-07-20,16.09,54.64,29.26,51,6717769,72.24,134,6151952,66.16,137,4507780,48.47,423,837788,9.01
2022-07-21,15.43,55.3,29.27,61,6717830,72.24,160,6152112,66.16,177,4507957,48.48,341,838129,9.01
2022-07-22,14.64,56.08,29.28,10,6717840,72.24,36,6152148,66.16,43,4508000,48.48,56,838185,9.01
2022-07-23,14.17,56.55,29.28,0,6717840,72.24,4,6152152,66.16,4,4508004,48.48,9,838194,9.01
2022-07-24,13.55,57.16,29.29,58,6717898,72.24,128,6152280,66.16,197,4508201,48.48,364,838558,9.02
2022-07-25,13.09,57.61,29.3,48,6717946,72.24,107,6152387,66.16,172,4508373,48.48,336,838894,9.02
2022-07-26,12.46,58.23,29.3,47,6717993,72.24,99,6152486,66.16,111,4508484,48.48,270,839164,9.02
2022-07-27,11.89,58.8,29.31,43,6718036,72.24,125,6152611,66.16,132,4508616,48.48,243,839407,9.03
2022-07-28,11.35,59.34,29.31,62,6718098,72.24,143,6152754,66.16,148,4508764,48.48,220,839627,9.03
2022-07-29,10.85,59.83,29.32,10,6718108,72.24,25,6152779,66.16,27,4508791,48.49,31,839658,9.03
2022-07-30,10.34,60.33,29.33,0,6718108,72.24,0,6152779,66.16,1,4508792,48.49,1,839659,9.03
2022-07-31,9.97,60.7,29.33,56,6718164,72.24,134,6152913,66.17,131,4508923,48.49,252,839911,9.03
2022-08-01,9.47,61.19,29.34,54,6718218,72.24,76,6152989,66.17,91,4509014,48.49,152,840063,9.03
2022-08-02,8.92,61.73,29.35,111,6718329,72.25,119,6153108,66.17,157,4509171,48.49,264,840327,9.04
2022-08-03,8.46,62.19,29.35,76,6718405,72.25,71,6153179,66.17,92,4509263,48.49,180,840507,9.04
2022-08-04,8.04,62.61,29.36,133,6718538,72.25,133,6153312,66.17,111,4509374,48.49,246,840753,9.04
2022-08-05,7.71,62.93,29.36,31,6718569,72.25,23,6153335,66.17,13,4509387,48.49,24,840777,9.04
2022-08-06,7.32,63.32,29.36,1,6718570,72.25,2,6153337,66.17,3,4509390,48.49,5,840782,9.04
2022-08-07,6.92,63.71,29.37,89,6718659,72.25,97,6153434,66.17,69,4509459,48.49,169,840951,9.04
2022-08-08,6.74,63.89,29.37,109,6718768,72.25,92,6153526,66.17,92,4509551,48.49,172,841123,9.05
2022-08-09,6.25,64.37,29.38,96,6718864,72.25,90,6153616,66.17,99,4509650,48.49,213,841336,9.05
2022-08-10,5.91,64.71,29.38,77,6718941,72.25,60,6153676,66.17,76,4509726,48.5,115,841451,9.05
2022-08-11,5.59,65.03,29.38,54,6718995,72.25,101,6153777,66.17,91,4509817,48.5,155,841606,9.05
2022-08-12,5.35,65.27,29.38,8,6719003,72.25,12,6153789,66.17,18,4509835,48.5,29,841635,9.05
2022-08-13,5.1,65.52,29.38,0,6719003,72.25,2,6153791,66.17,2,4509837,48.5,3,841638,9.05
2022-08-14,4.87,65.75,29.39,74,6719077,72.25,75,6153866,66.18,82,4509919,48.5,150,841788,9.05
2022-08-15,4.74,65.87,29.39,69,6719146,72.25,81,6153947,66.18,92,4510011,48.5,143,841931,9.05
2022-08-16,4.46,66.15,29.39,82,6719228,72.26,84,6154031,66.18,83,4510094,48.5,187,842118,9.06
2022-08-17,4.16,66.44,29.39,47,6719275,72.26,56,6154087,66.18,36,4510130,48.5,115,842233,9.06
2022-08-18,3.98,66.63,29.39,70,6719345,72.26,93,6154180,66.18,120,4510250,48.5,173,842406,9.06
2022-08-19,3.83,66.78,29.39,79,6719424,72.26,67,6154247,66.18,56,4510306,48.5,38,842444,9.06
2022-08-20,3.67,66.94,29.39,1,6719425,72.26,1,6154248,66.18,3,4510309,48.5,3,842447,9.06
2022-08-21,3.52,67.08,29.4,52,6719477,72.26,85,6154333,66.18,84,4510393,48.5,197,842644,9.06
2022-08-22,3.44,67.16,29.4,89,6719566,72.26,74,6154407,66.18,103,4510496,48.5,144,842788,9.06
2022-08-23,3.27,67.33,29.4,72,6719638,72.26,106,6154513,66.18,84,4510580,48.5,180,842968,9.06
2022-08-24,3.15,67.46,29.4,38,6719676,72.26,80,6154593,66.18,49,4510629,48.51,133,843101,9.07
2022-08-25,3.03,67.57,29.4,53,6719729,72.26,75,6154668,66.18,97,4510726,48.51,193,843294,9.07
2022-08-26,2.94,67.66,29.4,4,6719733,72.26,15,6154683,66.18,9,4510735,48.51,14,843308,9.07
2022-08-27,2.84,67.76,29.4,0,6719733,72.26,0,6154683,66.18,0,4510735,48.51,0,843308,9.07
2022-08-28,2.75,67.85,29.4,55,6719788,72.26,80,6154763,66.19,85,4510820,48.51,102,843410,9.07
2022-08-29,2.69,67.91,29.4,48,6719836,72.26,68,6154831,66.19,89,4510909,48.51,107,843517,9.07
2022-08-30,2.6,68,29.4,85,6719921,72.26,113,6154944,66.19,85,4510994,48.51,131,843648,9.07
2022-08-31,2.53,68.07,29.4,42,6719963,72.26,89,6155033,66.19,70,4511064,48.51,96,843744,9.07
2022-09-01,2.46,68.14,29.4,29,6719992,72.26,84,6155117,66.19,58,4511122,48.51,113,843857,9.07
2022-09-02,2.4,68.2,29.4,6,6719998,72.26,20,6155137,66.19,13,4511135,48.51,10,843867,9.07
2022-09-03,2.33,68.27,29.4,2,6720000,72.26,0,6155137,66.19,3,4511138,48.51,1,843868,9.07
2022-09-04,2.27,68.32,29.4,64,6720064,72.26,133,6155270,66.19,80,4511218,48.51,121,843989,9.08
2022-09-05,2.23,68.37,29.4,44,6720108,72.26,77,6155347,66.19,58,4511276,48.51,90,844079,9.08
2022-09-06,2.17,68.42,29.4,60,6720168,72.27,104,6155451,66.19,78,4511354,48.51,130,844209,9.08
2022-09-07,2.12,68.47,29.4,28,6720196,72.27,63,6155514,66.19,53,4511407,48.51,95,844304,9.08
2022-09-08,2.07,68.53,29.4,50,6720246,72.27,101,6155615,66.19,70,4511477,48.51,77,844381,9.08
2022-09-09,2.03,68.57,29.4,10,6720256,72.27,21,6155636,66.19,16,4511493,48.51,17,844398,9.08
2022-09-10,1.97,68.62,29.4,1,6720257,72.27,0,6155636,66.19,5,4511498,48.51,2,844400,9.08
2022-09-11,1.92,68.67,29.41,39,6720296,72.27,117,6155753,66.2,78,4511576,48.52,116,844516,9.08
2022-09-12,1.88,68.71,29.41,24,6720320,72.27,72,6155825,66.2,52,4511628,48.52,68,844584,9.08
2022-09-13,1.82,68.77,29.41,44,6720364,72.27,113,6155938,66.2,54,4511682,48.52,103,844687,9.08
2022-09-14,1.78,68.82,29.41,21,6720385,72.27,64,6156002,66.2,54,4511736,48.52,62,844749,9.08
2022-09-15,1.73,68.86,29.41,32,6720417,72.27,77,6156079,66.2,63,4511799,48.52,107,844856,9.09
2022-09-16,1.7,68.89,29.41,51,6720468,72.27,52,6156131,66.2,27,4511826,48.52,28,844884,9.09
2022-09-17,1.66,68.93,29.41,3,6720471,72.27,0,6156131,66.2,1,4511827,48.52,0,844884,9.09
2022-09-18,1.63,68.96,29.41,28,6720499,72.27,66,6156197,66.2,52,4511879,48.52,115,844999,9.09
2022-09-19,1.61,68.98,29.41,28,6720527,72.27,74,6156271,66.2,44,4511923,48.52,57,845056,9.09
2022-09-20,1.56,69.03,29.41,41,6720568,72.27,94,6156365,66.2,75,4511998,48.52,102,845158,9.09
2022-09-21,1.55,69.05,29.41,22,6720590,72.27,54,6156419,66.2,29,4512027,48.52,56,845214,9.09
2022-09-22,1.52,69.07,29.4,42,6720632,72.27,56,6156475,66.2,27,4512054,48.52,41,845255,9.09
2022-09-23,1.5,69.1,29.41,7,6720639,72.27,11,6156486,66.2,4,4512058,48.52,1,845256,9.09
2022-09-24,1.47,69.13,29.41,0,6720639,72.27,0,6156486,66.2,1,4512059,48.52,0,845256,9.09
2022-09-25,1.46,69.13,29.41,5,6720644,72.27,20,6156506,66.2,10,4512069,48.52,27,845283,9.09
2022-09-26,1.46,69.13,29.41,0,6720644,72.27,5,6156511,66.2,2,4512071,48.52,2,845285,9.09
2022-09-27,1.42,69.17,29.41,2,6720646,72.27,0,6156511,66.2,3,4512074,48.52,3,845288,9.09
2022-09-28,1.39,69.21,29.41,24,6720670,72.27,36,6156547,66.2,25,4512099,48.52,17,845305,9.09
2022-09-29,1.37,69.22,29.41,32,6720702,72.27,61,6156608,66.21,13,4512112,48.52,48,845353,9.09
2022-09-30,1.35,69.24,29.41,4,6720706,72.27,12,6156620,66.21,2,4512114,48.52,0,845353,9.09
2022-10-01,1.31,69.29,29.41,0,6720706,72.27,1,6156621,66.21,1,4512115,48.52,1,845354,9.09
2022-10-02,1.31,69.29,29.41,28,6720734,72.27,51,6156672,66.21,20,4512135,48.52,73,845427,9.09
2022-10-03,1.31,69.28,29.4,23,6720757,72.27,29,6156701,66.21,13,4512148,48.52,12,845439,9.09
2022-10-04,1.27,69.32,29.4,7,6720764,72.27,11,6156712,66.21,0,4512148,48.52,1,845440,9.09
2022-10-05,1.28,69.31,29.4,1,6720765,72.27,0,6156712,66.21,0,4512148,48.52,1,845441,9.09
2022-10-06,1.31,69.28,29.4,17,6720782,72.27,43,6156755,66.21,10,4512158,48.52,20,845461,9.09
2022-10-07,1.3,69.29,29.41,3,6720785,72.27,3,6156758,66.21,4,4512162,48.52,0,845461,9.09
2022-10-08,1.26,69.33,29.41,1,6720786,72.27,1,6156759,66.21,0,4512162,48.52,1,845462,9.09
2022-10-09,1.31,69.28,29.41,7,6720793,72.27,22,6156781,66.21,6,4512168,48.52,5,845467,9.09
2022-10-10,1.38,69.22,29.4,5,6720798,72.27,2,6156783,66.21,0,4512168,48.52,0,845467,9.09
2022-10-11,1.36,69.24,29.4,12,6720810,72.27,32,6156815,66.21,1,4512169,48.52,32,845499,9.09
2022-10-12,1.34,69.26,29.4,13,6720823,72.27,24,6156839,66.21,5,4512174,48.52,4,845503,9.09
2022-10-13,1.4,69.2,29.4,17,6720840,72.27,16,6156855,66.21,5,4512179,48.52,9,845512,9.09
2022-10-14,1.4,69.2,29.4,6,6720846,72.27,7,6156862,66.21,4,4512183,48.52,3,845515,9.09
2022-10-15,1.38,69.22,29.4,0,6720846,72.27,1,6156863,66.21,0,4512183,48.52,1,845516,9.09
2022-10-16,1.39,69.2,29.4,4,6720850,72.27,13,6156876,66.21,5,4512188,48.52,8,845524,9.09
2022-10-17,1.39,69.2,29.4,1,6720851,72.27,1,6156877,66.21,4,4512192,48.52,1,845525,9.09
2022-10-18,1.43,69.17,29.4,24,6720875,72.27,31,6156908,66.21,14,4512206,48.52,16,845541,9.09
2022-10-19,1.47,69.12,29.4,18,6720893,72.27,25,6156933,66.21,7,4512213,48.52,3,845544,9.09
2022-10-20,1.5,69.1,29.4,26,6720919,72.27,44,6156977,66.21,13,4512226,48.52,4,845548,9.09
2022-10-21,1.5,69.09,29.4,4,6720923,72.27,7,6156984,66.21,2,4512228,48.52,4,845552,9.09
2022-10-22,1.49,69.1,29.4,0,6720923,72.27,0,6156984,66.21,0,4512228,48.52,0,845552,9.09
2022-10-23,1.51,69.08,29.4,15,6720938,72.27,33,6157017,66.21,18,4512246,48.52,10,845562,9.09
2022-10-24,1.51,69.08,29.41,20,6720958,72.27,16,6157033,66.21,19,4512265,48.52,9,845571,9.09
2022-10-25,1.55,69.04,29.4,18,6720976,72.27,34,6157067,66.21,22,4512287,48.52,21,845592,9.09
2022-10-26,1.61,68.99,29.4,18,6720994,72.27,25,6157092,66.21,8,4512295,48.52,10,845602,9.09
2022-10-27,1.67,68.93,29.4,17,6721011,72.27,27,6157119,66.21,14,4512309,48.52,17,845619,9.09
2022-10-28,1.67,68.93,29.4,54,6721065,72.28,49,6157168,66.21,31,4512340,48.52,18,845637,9.09
2022-10-29,1.66,68.94,29.4,0,6721065,72.28,0,6157168,66.21,0,4512340,48.52,0,845637,9.09
2022-10-30,1.71,68.89,29.4,15,6721080,72.28,23,6157191,66.21,15,4512355,48.52,9,845646,9.09
2022-10-31,1.76,68.84,29.4,17,6721097,72.28,16,6157207,66.21,8,4512363,48.52,9,845655,9.09
2022-11-01,1.82,68.78,29.4,2,6721099,72.28,1,6157208,66.21,1,4512364,48.52,0,845655,9.09
2022-11-02,1.88,68.72,29.4,13,6721112,72.28,13,6157221,66.21,7,4512371,48.52,8,845663,9.09
2022-11-03,1.96,68.64,29.4,17,6721129,72.28,18,6157239,66.21,11,4512382,48.52,8,845671,9.09
2022-11-04,1.98,68.63,29.4,4,6721133,72.28,6,6157245,66.21,1,4512383,48.52,2,845673,9.09
2022-11-05,1.97,68.63,29.4,0,6721133,72.28,0,6157245,66.21,0,4512383,48.52,0,845673,9.09
2022-11-06,2.03,68.57,29.4,27,6721160,72.28,33,6157278,66.21,11,4512394,48.52,23,845696,9.09
2022-11-07,2.1,68.51,29.4,15,6721175,72.28,11,6157289,66.21,10,4512404,48.52,54,845750,9.09
2022-11-08,2.1,68.5,29.4,28,6721203,72.28,26,6157315,66.21,14,4512418,48.52,9,845759,9.09
2022-11-09,2.16,68.45,29.4,16,6721219,72.28,20,6157335,66.21,17,4512435,48.52,9,845768,9.1
2022-11-10,2.22,68.39,29.4,28,6721247,72.28,17,6157352,66.21,11,4512446,48.52,6,845774,9.1
2022-11-11,2.23,68.37,29.4,1,6721248,72.28,17,6157369,66.21,2,4512448,48.52,1,845775,9.1
2022-11-12,2.22,68.38,29.4,1,6721249,72.28,0,6157369,66.21,2,4512450,48.52,0,845775,9.1
2022-11-13,2.29,68.31,29.4,29,6721278,72.28,31,6157400,66.21,17,4512467,48.52,8,845783,9.1
2022-11-14,2.37,68.23,29.4,20,6721298,72.28,17,6157417,66.21,21,4512488,48.53,16,845799,9.1
2022-11-15,2.43,68.17,29.4,40,6721338,72.28,25,6157442,66.21,16,4512504,48.53,18,845817,9.1
2022-11-16,2.5,68.1,29.4,14,6721352,72.28,27,6157469,66.21,16,4512520,48.53,11,845828,9.1
2022-11-17,2.59,68.02,29.4,19,6721371,72.28,33,6157502,66.21,18,4512538,48.53,5,845833,9.1
2022-11-18,2.61,67.99,29.4,6,6721377,72.28,4,6157506,66.21,4,4512542,48.53,0,845833,9.1
2022-11-19,2.6,68,29.4,0,6721377,72.28,0,6157506,66.21,0,4512542,48.53,0,845833,9.1
2022-11-20,2.67,67.93,29.4,19,6721396,72.28,19,6157525,66.22,6,4512548,48.53,13,845846,9.1
2022-11-21,2.76,67.85,29.4,14,6721410,72.28,13,6157538,66.22,6,4512554,48.53,6,845852,9.1
2022-11-22,2.83,67.77,29.4,27,6721437,72.28,13,6157551,66.22,17,4512571,48.53,6,845858,9.1
2022-11-23,2.9,67.7,29.4,17,6721454,72.28,20,6157571,66.22,4,4512575,48.53,8,845866,9.1
2022-11-24,2.98,67.62,29.4,9,6721463,72.28,16,6157587,66.22,13,4512588,48.53,27,845893,9.1
2022-11-25,3,67.6,29.4,12,6721475,72.28,45,6157632,66.22,14,4512602,48.53,12,845905,9.1
2022-11-26,3,67.61,29.4,0,6721475,72.28,2,6157634,66.22,0,4512602,48.53,0,845905,9.1
2022-11-27,3.06,67.54,29.4,14,6721489,72.28,15,6157649,66.22,19,4512621,48.53,2,845907,9.1
2022-11-28,3.14,67.47,29.4,8,6721497,72.28,23,6157672,66.22,8,4512629,48.53,6,845913,9.1
2022-11-29,3.2,67.4,29.4,38,6721535,72.28,31,6157703,66.22,19,4512648,48.53,14,845927,9.1
2022-11-30,3.27,67.34,29.39,12,6721547,72.28,25,6157728,66.22,20,4512668,48.53,8,845935,9.1
2022-12-01,3.34,67.26,29.39,13,6721560,72.28,18,6157746,66.22,15,4512683,48.53,4,845939,9.1
2022-12-02,3.36,67.24,29.39,2,6721562,72.28,7,6157753,66.22,4,4512687,48.53,10,845949,9.1
2022-12-03,3.36,67.24,29.39,0,6721562,72.28,0,6157753,66.22,0,4512687,48.53,1,845950,9.1
2022-12-04,3.42,67.18,29.39,37,6721599,72.28,27,6157780,66.22,30,4512717,48.53,26,845976,9.1
2022-12-05,3.48,67.12,29.4,9,6721608,72.28,17,6157797,66.22,11,4512728,48.53,20,845996,9.1
2022-12-06,3.55,67.06,29.39,32,6721640,72.28,26,6157823,66.22,27,4512755,48.53,8,846004,9.1
2022-12-07,3.62,66.99,29.39,10,6721650,72.28,17,6157840,66.22,8,4512763,48.53,8,846012,9.1
2022-12-08,3.69,66.91,29.39,18,6721668,72.28,31,6157871,66.22,15,4512778,48.53,3,846015,9.1
2022-12-09,3.71,66.9,29.39,4,6721672,72.28,1,6157872,66.22,1,4512779,48.53,7,846022,9.1
2022-12-10,3.7,66.91,29.39,1,6721673,72.28,0,6157872,66.22,2,4512781,48.53,0,846022,9.1
2022-12-11,3.76,66.84,29.39,16,6721689,72.28,22,6157894,66.22,15,4512796,48.53,16,846038,9.1
2022-12-12,3.82,66.78,29.39,15,6721704,72.28,14,6157908,66.22,5,4512801,48.53,0,846038,9.1
2022-12-13,3.87,66.73,29.39,17,6721721,72.28,44,6157952,66.22,18,4512819,48.53,13,846051,9.1
2022-12-14,3.92,66.69,29.39,17,6721738,72.28,16,6157968,66.22,7,4512826,48.53,3,846054,9.1
2022-12-15,3.97,66.64,29.39,22,6721760,72.28,19,6157987,66.22,7,4512833,48.53,12,846066,9.1
2022-12-16,3.98,66.62,29.39,12,6721772,72.28,4,6157991,66.22,1,4512834,48.53,0,846066,9.1
2022-12-17,3.97,66.63,29.39,0,6721772,72.28,0,6157991,66.22,0,4512834,48.53,0,846066,9.1
2022-12-18,4.01,66.59,29.39,9,6721781,72.28,18,6158009,66.22,8,4512842,48.53,3,846069,9.1
2022-12-19,4.06,66.54,29.4,7,6721788,72.28,14,6158023,66.22,12,4512854,48.53,1,846070,9.1
2022-12-20,4.1,66.51,29.39,12,6721800,72.28,17,6158040,66.22,2,4512856,48.53,2,846072,9.1
2022-12-21,4.14,66.47,29.39,9,6721809,72.28,14,6158054,66.22,13,4512869,48.53,3,846075,9.1
2022-12-22,4.18,66.42,29.39,4,6721813,72.28,10,6158064,66.22,14,4512883,48.53,1,846076,9.1
2022-12-23,4.19,66.42,29.39,10,6721823,72.28,0,6158064,66.22,2,4512885,48.53,0,846076,9.1
2022-12-24,4.18,66.43,29.39,0,6721823,72.28,0,6158064,66.22,0,4512885,48.53,0,846076,9.1
2022-12-25,4.21,66.4,29.39,6,6721829,72.28,17,6158081,66.22,1,4512886,48.53,2,846078,9.1
2022-12-26,4.24,66.36,29.39,17,6721846,72.28,6,6158087,66.22,13,4512899,48.53,0,846078,9.1
2022-12-27,4.25,66.36,29.39,24,6721870,72.28,24,6158111,66.22,17,4512916,48.53,7,846085,9.1
2022-12-28,4.26,66.34,29.39,17,6721887,72.28,18,6158129,66.22,25,4512941,48.53,64,846149,9.1
2022-12-29,4.28,66.33,29.39,15,6721902,72.28,23,6158152,66.22,14,4512955,48.53,4,846153,9.1
2022-12-30,4.27,66.33,29.4,4,6721906,72.28,5,6158157,66.22,3,4512958,48.53,1,846154,9.1
2022-12-31,4.26,66.35,29.4,0,6721906,72.28,1,6158158,66.22,0,4512958,48.53,0,846154,9.1
2023-01-01,4.27,66.33,29.4,6,6721912,72.28,22,6158180,66.22,2,4512960,48.53,1,846155,9.1
2023-01-02,4.29,66.31,29.4,10,6721922,72.28,8,6158188,66.22,3,4512963,48.53,1,846156,9.1
2023-01-03,4.3,66.3,29.4,20,6721942,72.28,17,6158205,66.22,7,4512970,48.53,3,846159,9.1
2023-01-04,4.3,66.3,29.4,7,6721949,72.28,11,6158216,66.22,4,4512974,48.53,2,846161,9.1
2023-01-05,4.31,66.29,29.39,12,6721961,72.28,19,6158235,66.22,11,4512985,48.53,4,846165,9.1
2023-01-06,4.31,66.29,29.4,2,6721963,72.28,1,6158236,66.22,1,4512986,48.53,0,846165,9.1
2023-01-07,4.3,66.31,29.4,1,6721964,72.28,0,6158236,66.22,0,4512986,48.53,0,846165,9.1
2023-01-08,4.33,66.28,29.4,14,6721978,72.28,33,6158269,66.22,10,4512996,48.53,2,846167,9.1
2023-01-09,4.34,66.26,29.4,12,6721990,72.28,20,6158289,66.22,1,4512997,48.53,1,846168,9.1
2023-01-10,4.35,66.25,29.4,39,6722029,72.29,27,6158316,66.22,10,4513007,48.53,4,846172,9.1
2023-01-11,4.36,66.25,29.4,14,6722043,72.29,18,6158334,66.22,11,4513018,48.53,2,846174,9.1
2023-01-12,4.37,66.24,29.39,22,6722065,72.29,20,6158354,66.22,11,4513029,48.53,2,846176,9.1
2023-01-13,4.36,66.24,29.4,3,6722068,72.29,2,6158356,66.22,0,4513029,48.53,0,846176,9.1
2023-01-14,4.35,66.25,29.4,1,6722069,72.29,0,6158356,66.22,0,4513029,48.53,0,846176,9.1
2023-01-15,4.36,66.24,29.4,17,6722086,72.29,16,6158372,66.22,4,4513033,48.53,3,846179,9.1
2023-01-16,4.38,66.22,29.4,9,6722095,72.29,15,6158387,66.22,6,4513039,48.53,0,846179,9.1
2023-01-17,4.38,66.22,29.4,15,6722110,72.29,14,6158401,66.22,6,4513045,48.53,0,846179,9.1
2023-01-18,4.39,66.21,29.4,7,6722117,72.29,8,6158409,66.22,3,4513048,48.53,1,846180,9.1
2023-01-19,4.4,66.2,29.4,13,6722130,72.29,15,6158424,66.22,2,4513050,48.53,4,846184,9.1
2023-01-20,4.39,66.2,29.4,4,6722134,72.29,2,6158426,66.22,0,4513050,48.53,1,846185,9.1
2023-01-21,4.39,66.21,29.4,0,6722134,72.29,0,6158426,66.22,0,4513050,48.53,0,846185,9.1
2023-01-22,4.4,66.2,29.4,8,6722142,72.29,3,6158429,66.22,8,4513058,48.53,4,846189,9.1
2023-01-23,4.41,66.19,29.4,11,6722153,72.29,5,6158434,66.22,6,4513064,48.53,0,846189,9.1
2023-01-24,4.41,66.19,29.4,21,6722174,72.29,21,6158455,66.22,11,4513075,48.53,2,846191,9.1
2023-01-25,4.41,66.18,29.4,5,6722179,72.29,5,6158460,66.22,0,4513075,48.53,2,846193,9.1
2023-01-26,4.42,66.18,29.4,10,6722189,72.29,15,6158475,66.23,9,4513084,48.53,2,846195,9.1
2023-01-27,4.41,66.18,29.4,0,6722189,72.29,9,6158484,66.23,0,4513084,48.53,0,846195,9.1
2023-01-28,4.41,66.19,29.4,0,6722189,72.29,0,6158484,66.23,0,4513084,48.53,0,846195,9.1
2023-01-29,4.41,66.19,29.41,12,6722201,72.29,8,6158492,66.23,5,4513089,48.53,2,846197,9.1
2023-01-30,4.42,66.17,29.41,9,6722210,72.29,16,6158508,66.23,2,4513091,48.53,1,846198,9.1
2023-01-31,4.42,66.17,29.41,20,6722230,72.29,23,6158531,66.23,3,4513094,48.53,1,846199,9.1
2023-02-01,4.32,64.71,30.96,10,6722240,72.29,11,6158542,66.23,4,4513098,48.53,0,846199,9.1
2023-02-02,4.33,64.71,30.96,14,6722254,72.29,31,6158573,66.23,3,4513101,48.53,0,846199,9.1
2023-02-03,4.32,64.71,30.97,3,6722257,72.29,1,6158574,66.23,0,4513101,48.53,1,846200,9.1
2023-02-04,4.32,64.72,30.97,0,6722257,72.29,0,6158574,66.23,0,4513101,48.53,0,846200,9.1
2023-02-05,4.32,64.71,30.97,15,6722272,72.29,8,6158582,66.23,6,4513107,48.53,4,846204,9.1
2023-02-06,4.33,64.7,30.97,17,6722289,72.29,13,6158595,66.23,4,4513111,48.53,0,846204,9.1
2023-02-07,4.33,64.7,30.97,22,6722311,72.29,22,6158617,66.23,8,4513119,48.53,2,846206,9.1
2023-02-08,4.33,64.7,30.97,15,6722326,72.29,14,6158631,66.23,1,4513120,48.53,0,846206,9.1
2023-02-09,4.33,64.7,30.97,35,6722361,72.29,33,6158664,66.23,5,4513125,48.53,2,846208,9.1
2023-02-10,4.33,64.7,30.97,2,6722363,72.29,3,6158667,66.23,2,4513127,48.53,0,846208,9.1
2023-02-11,4.33,64.7,30.97,2,6722365,72.29,1,6158668,66.23,0,4513127,48.53,0,846208,9.1
2023-02-12,4.33,64.7,30.97,15,6722380,72.29,18,6158686,66.23,3,4513130,48.53,2,846210,9.1
2023-02-13,4.33,64.7,30.97,14,6722394,72.29,20,6158706,66.23,8,4513138,48.53,2,846212,9.1
2023-02-14,4.33,64.7,30.97,20,6722414,72.29,8,6158714,66.23,7,4513145,48.53,5,846217,9.1
2023-02-15,4.33,64.7,30.97,10,6722424,72.29,16,6158730,66.23,3,4513148,48.53,0,846217,9.1
2023-02-16,4.33,64.7,30.97,22,6722446,72.29,24,6158754,66.23,2,4513150,48.53,0,846217,9.1
2023-02-17,4.33,64.7,30.97,5,6722451,72.29,2,6158756,66.23,1,4513151,48.53,0,846217,9.1
2023-02-18,4.33,64.7,30.97,0,6722451,72.29,0,6158756,66.23,0,4513151,48.53,0,846217,9.1
2023-02-19,4.33,64.7,30.98,16,6722467,72.29,13,6158769,66.23,1,4513152,48.53,0,846217,9.1
2023-02-20,4.33,64.69,30.98,9,6722476,72.29,10,6158779,66.23,1,4513153,48.53,0,846217,9.1
2023-02-21,4.33,64.69,30.98,40,6722516,72.29,18,6158797,66.23,5,4513158,48.53,1,846218,9.1
2023-02-22,4.33,64.7,30.98,3,6722519,72.29,9,6158806,66.23,8,4513166,48.53,0,846218,9.1
2023-02-23,4.33,64.7,30.97,10,6722529,72.29,23,6158829,66.23,5,4513171,48.53,2,846220,9.1
2023-02-24,4.33,64.7,30.98,0,6722529,72.29,6,6158835,66.23,0,4513171,48.53,0,846220,9.1
2023-02-25,4.32,64.7,30.98,3,6722532,72.29,0,6158835,66.23,1,4513172,48.53,0,846220,9.1
2023-02-26,4.32,64.7,30.98,12,6722544,72.29,19,6158854,66.23,1,4513173,48.53,1,846221,9.1
2023-02-27,4.32,64.7,30.98,0,6722544,72.29,0,6158854,66.23,0,4513173,48.53,0,846221,9.1
