Date,Valid vaccinated pop. perc.,Expired vaccinated pop. perc.,Not vaccinated pop. perc.,Vaccinated (daily),Vaccinated (cumu),Vaccinated pop. perc.,Second dose (daily),Second dose (cumu),Second dose pop. perc.,Third dose (daily),Third dose (cumu),Third dose pop. perc.,Fourth dose (daily),Fourth dose (cumu),Fourth dose pop. perc.
2020-12-19,0,0,100,46,70,0,0,4,0,0,0,0,0,0,0
2020-12-20,0,0,100,7395,7465,0.08,0,4,0,0,0,0,0,0,0
2020-12-21,0,0,100,24923,32388,0.35,0,4,0,0,0,0,0,0,0
2020-12-22,0,0,100,44668,77056,0.83,0,4,0,0,0,0,0,0,0
2020-12-23,0,0,100,62918,139974,1.51,0,4,0,0,0,0,0,0,0
2020-12-24,0,0,100,73429,213403,2.29,0,4,0,0,0,0,0,0,0
2020-12-25,0,0,100,38517,251920,2.71,0,4,0,0,0,0,0,0,0
2020-12-26,0,0,100,32617,284537,3.06,0,4,0,0,0,0,0,0,0
2020-12-27,0,0,100,104571,389108,4.18,0,4,0,0,0,0,0,0,0
2020-12-28,0,0,100,135040,524148,5.64,0,4,0,0,0,0,0,0,0
2020-12-29,0,0,100,156334,680482,7.32,2,6,0,0,0,0,0,0,0
2020-12-30,0,0,100,153185,833667,8.96,0,6,0,0,0,0,0,0,0
2020-12-31,0,0,100,158591,992258,10.67,0,6,0,0,0,0,0,0,0
2021-01-01,0,0,100,71435,1063693,11.44,0,6,0,0,0,0,0,0,0
2021-01-02,0,0,100,71742,1135435,12.21,0,6,0,0,0,0,0,0,0
2021-01-03,0,0,100,149762,1285197,13.82,0,6,0,0,0,0,0,0,0
2021-01-04,0,0,100,152201,1437398,15.46,1,7,0,0,0,0,0,0,0
2021-01-05,0,0,100,125218,1562616,16.8,4,11,0,0,0,0,0,0,0
2021-01-06,0,0,100,103370,1665986,17.92,2,13,0,0,0,0,0,0,0
2021-01-07,0,0,100,116062,1782048,19.16,9,22,0,0,0,0,0,0,0
2021-01-08,0,0,100,66462,1848510,19.88,5,27,0,0,0,0,0,0,0
2021-01-09,0,0,100,44552,1893062,20.36,24,51,0,0,0,0,0,0,0
2021-01-10,0,0,100,37648,1930710,20.76,6000,6051,0.07,0,0,0,0,0,0
2021-01-11,0,0,100,21174,1951884,20.99,19264,25315,0.27,0,0,0,0,0,0
2021-01-12,0,0,100,24075,1975959,21.25,35674,60989,0.66,0,0,0,0,0,0
2021-01-13,0,0,100,52077,2028036,21.81,56874,117863,1.27,0,0,0,0,0,0
2021-01-14,0,0,100,56476,2084512,22.42,68838,186701,2.01,0,0,0,0,0,0
2021-01-15,0,0,100,30775,2115287,22.75,35942,222643,2.39,0,0,0,0,0,0
2021-01-16,0,0,100,29481,2144768,23.06,26006,248649,2.67,0,0,0,0,0,0
2021-01-17,0.31,0,99.69,68442,2213210,23.8,84596,333245,3.58,0,0,0,0,0,0
2021-01-18,0.58,0,99.42,69817,2283027,24.55,120437,453682,4.88,0,0,0,0,0,0
2021-01-19,1.09,0,98.91,72896,2355923,25.33,137847,591529,6.36,0,0,0,0,0,0
2021-01-20,1.9,0,98.1,76919,2432842,26.16,143763,735292,7.91,0,0,0,0,0,0
2021-01-21,2.88,0,97.12,70000,2502842,26.91,164473,899765,9.68,0,0,0,0,0,0
2021-01-22,3.39,0,96.61,37928,2540770,27.32,71132,970897,10.44,0,0,0,0,0,0
2021-01-23,3.77,0,96.23,39966,2580736,27.75,53594,1024491,11.02,0,0,0,0,0,0
2021-01-24,4.96,0,95.04,69146,2649882,28.5,140706,1165197,12.53,0,0,0,0,0,0
2021-01-25,6.61,0,93.39,80943,2730825,29.37,139519,1304716,14.03,0,0,0,0,0,0
2021-01-26,8.45,0,91.55,78730,2809555,30.21,126444,1431160,15.39,0,0,0,0,0,0
2021-01-27,10.34,0,89.66,77979,2887534,31.05,125068,1556228,16.73,0,0,0,0,0,0
2021-01-28,12.43,0,87.57,79569,2967103,31.91,130630,1686858,18.14,0,0,0,0,0,0
2021-01-29,13.34,0,86.66,36705,3003808,32.3,64792,1751650,18.84,0,0,0,0,0,0
2021-01-30,14.02,0,85.98,34395,3038203,32.67,42767,1794417,19.3,0,0,0,0,0,0
2021-01-31,15.76,0,84.24,73330,3111533,33.46,59503,1853920,19.94,0,0,0,0,0,0
2021-02-01,17.48,0,82.52,82509,3194042,34.35,35356,1889276,20.32,0,0,0,0,0,0
2021-02-02,19.01,0,80.99,70103,3264145,35.1,31072,1920348,20.65,0,0,0,0,0,0
2021-02-03,20.47,0,79.53,60308,3324453,35.75,51443,1971791,21.2,0,0,0,0,0,0
2021-02-04,22,0,78,72634,3397087,36.53,58096,2029887,21.83,0,0,0,0,0,0
2021-02-05,22.75,0,77.25,33943,3431030,36.9,28805,2058692,22.14,0,0,0,0,0,0
2021-02-06,23.23,0,76.77,21621,3452651,37.13,22232,2080924,22.38,0,0,0,0,0,0
2021-02-07,23.99,0,76.01,54081,3506732,37.71,68740,2149664,23.12,0,0,0,0,0,0
2021-02-08,24.52,0,75.48,58640,3565372,38.34,65467,2215131,23.82,0,0,0,0,0,0
2021-02-09,25.04,0,74.96,66354,3631726,39.05,67577,2282708,24.55,0,0,0,0,0,0
2021-02-10,25.77,0,74.23,70570,3702296,39.81,72313,2355021,25.32,0,0,0,0,0,0
2021-02-11,26.61,0,73.39,81175,3783471,40.69,72108,2427129,26.1,0,0,0,0,0,0
2021-02-12,27.02,0,72.98,39106,3822577,41.11,37596,2464725,26.5,0,0,0,0,0,0
2021-02-13,27.33,0,72.67,27463,3850040,41.4,30440,2495165,26.83,0,0,0,0,0,0
2021-02-14,28.25,0,71.75,74914,3924954,42.21,69084,2564249,27.57,0,0,0,0,0,0
2021-02-15,29.17,0,70.83,81544,4006498,43.08,75719,2639968,28.39,0,0,0,0,0,0
2021-02-16,30.11,0,69.89,83419,4089917,43.98,78299,2718267,29.23,0,0,0,0,0,0
2021-02-17,31.01,0,68.99,61983,4151900,44.65,75641,2793908,30.04,0,0,0,0,0,0
2021-02-18,31.94,0,68.06,69157,4221057,45.39,79738,2873646,30.9,0,0,0,0,0,0
2021-02-19,32.45,0,67.55,39674,4260731,45.82,38162,2911808,31.31,0,0,0,0,0,0
2021-02-20,32.85,0,67.15,31650,4292381,46.16,28724,2940532,31.62,0,0,0,0,0,0
2021-02-21,33.8,0,66.2,79434,4371815,47.01,78444,3018976,32.46,0,0,0,0,0,0
2021-02-22,34.83,0,65.17,85058,4456873,47.93,80594,3099570,33.33,0,0,0,0,0,0
2021-02-23,35.84,0,64.16,77329,4534202,48.76,70486,3170056,34.09,0,0,0,0,0,0
2021-02-24,36.76,0,63.24,61066,4595268,49.42,63143,3233199,34.77,0,0,0,0,0,0
2021-02-25,37.66,0,62.34,51727,4646995,49.97,64805,3298004,35.47,0,0,0,0,0,0
2021-02-26,38.1,0,61.9,25913,4672908,50.25,32041,3330045,35.81,0,0,0,0,0,0
2021-02-27,38.42,0,61.58,18352,4691260,50.45,21196,3351241,36.04,0,0,0,0,0,0
2021-02-28,39.24,0,60.76,40364,4731624,50.88,55874,3407115,36.64,0,0,0,0,0,0
2021-03-01,40.1,0,59.9,45750,4777374,51.37,61442,3468557,37.3,0,0,0,0,0,0
2021-03-02,40.85,0,59.15,41201,4818575,51.82,64798,3533355,38,0,0,0,0,0,0
2021-03-03,41.55,0,58.45,42033,4860608,52.27,66792,3600147,38.71,0,0,0,0,0,0
2021-03-04,42.24,0,57.76,39718,4900326,52.7,79125,3679272,39.57,0,0,0,0,0,0
2021-03-05,42.57,0,57.43,17368,4917694,52.88,40467,3719739,40,0,0,0,0,0,0
2021-03-06,42.78,0,57.22,10722,4928416,53,25347,3745086,40.27,0,0,0,0,0,0
2021-03-07,43.36,0,56.64,31156,4959572,53.33,72845,3817931,41.06,0,0,0,0,0,0
2021-03-08,43.97,0,56.03,27387,4986959,53.63,73294,3891225,41.84,0,0,0,0,0,0
2021-03-09,44.62,0,55.38,26757,5013716,53.91,76601,3967826,42.67,0,0,0,0,0,0
2021-03-10,45.27,0,54.73,23371,5037087,54.17,58684,4026510,43.3,0,0,0,0,0,0
2021-03-11,45.99,0,54.01,23304,5060391,54.42,69095,4095605,44.04,0,0,0,0,0,0
2021-03-12,46.34,0,53.66,11296,5071687,54.54,41414,4137019,44.49,0,0,0,0,0,0
2021-03-13,46.57,0,53.43,7952,5079639,54.62,25239,4162258,44.76,0,0,0,0,0,0
2021-03-14,47.2,0,52.8,20988,5100627,54.85,73936,4236194,45.55,0,0,0,0,0,0
2021-03-15,47.81,0,52.19,20150,5120777,55.07,78281,4314475,46.4,0,0,0,0,0,0
2021-03-16,48.43,0,51.57,18758,5139535,55.27,71480,4385955,47.16,0,0,0,0,0,0
2021-03-17,48.92,0,51.08,17705,5157240,55.46,59010,4444965,47.8,0,0,0,0,0,0
2021-03-18,49.45,0,50.55,16050,5173290,55.63,58125,4503090,48.42,0,0,0,0,0,0
2021-03-19,49.75,0,50.25,6956,5180246,55.71,27980,4531070,48.72,0,0,0,0,0,0
2021-03-20,49.93,0,50.07,5227,5185473,55.76,15301,4546371,48.89,0,0,0,0,0,0
2021-03-21,50.46,0,49.54,13171,5198644,55.9,40510,4586881,49.33,0,0,0,0,0,0
2021-03-22,51,0,49,13580,5212224,56.05,40541,4627422,49.76,0,0,0,0,0,0
2021-03-23,51.43,0,48.57,2844,5215068,56.08,7302,4634724,49.84,0,0,0,0,0,0
2021-03-24,51.84,0,48.16,11004,5226072,56.2,46557,4681281,50.34,0,0,0,0,0,0
2021-03-25,52.22,0,47.78,10272,5236344,56.31,35438,4716719,50.72,0,0,0,0,0,0
2021-03-26,52.4,0,47.6,4186,5240530,56.35,13334,4730053,50.86,0,0,0,0,0,0
2021-03-27,52.5,0,47.5,1786,5242316,56.37,4269,4734322,50.91,0,0,0,0,0,0
2021-03-28,52.74,0,47.26,2113,5244429,56.4,4611,4738933,50.96,0,0,0,0,0,0
2021-03-29,53,0,47,6916,5251345,56.47,30017,4768950,51.28,0,0,0,0,0,0
2021-03-30,53.08,0,46.92,7893,5259238,56.56,22454,4791404,51.52,0,0,0,0,0,0
2021-03-31,53.38,0,46.62,8153,5267391,56.64,19501,4810905,51.73,0,0,0,0,0,0
2021-04-01,53.62,0,46.38,8215,5275606,56.73,18701,4829606,51.94,0,0,0,0,0,0
2021-04-02,53.71,0,46.29,2942,5278548,56.76,8131,4837737,52.02,0,0,0,0,0,0
2021-04-03,53.74,0,46.26,1433,5279981,56.78,2982,4840719,52.05,0,0,0,0,0,0
2021-04-04,53.82,0,46.18,9618,5289599,56.88,22832,4863551,52.3,0,0,0,0,0,0
2021-04-05,54.04,0,45.96,10363,5299962,56.99,21275,4884826,52.53,0,0,0,0,0,0
2021-04-06,54.21,0,45.79,9030,5308992,57.09,16793,4901619,52.71,0,0,0,0,0,0
2021-04-07,54.36,0,45.64,8930,5317922,57.19,15311,4916930,52.87,0,0,0,0,0,0
2021-04-08,54.52,0,45.48,9429,5327351,57.29,17017,4933947,53.06,0,0,0,0,0,0
2021-04-09,54.58,0,45.42,3607,5330958,57.33,6258,4940205,53.12,0,0,0,0,0,0
2021-04-10,54.61,0,45.39,1635,5332593,57.34,3520,4943725,53.16,0,0,0,0,0,0
2021-04-11,54.78,0,45.22,9045,5341638,57.44,14248,4957973,53.32,0,0,0,0,0,0
2021-04-12,54.95,0,45.05,8935,5350573,57.54,13234,4971207,53.46,0,0,0,0,0,0
2021-04-13,55.08,0,44.92,5841,5356414,57.6,4959,4976166,53.51,0,0,0,0,0,0
2021-04-14,55.18,0,44.82,3651,5360065,57.64,5310,4981476,53.57,0,0,0,0,0,0
2021-04-15,55.27,0,44.73,697,5360762,57.65,582,4982058,53.57,0,0,0,0,0,0
2021-04-16,55.33,0,44.67,3417,5364179,57.68,6651,4988709,53.65,0,0,0,0,0,0
2021-04-17,55.35,0,44.65,822,5365001,57.69,1972,4990681,53.67,0,0,0,0,0,0
2021-04-18,55.47,0,44.53,7099,5372100,57.77,7433,4998114,53.75,0,0,0,0,0,0
2021-04-19,55.58,0,44.42,6406,5378506,57.84,7134,5005248,53.82,0,0,0,0,0,0
2021-04-20,55.65,0,44.35,6281,5384787,57.91,6887,5012135,53.9,0,0,0,0,0,0
2021-04-21,55.71,0,44.29,6381,5391168,57.97,7108,5019243,53.97,0,0,0,0,0,0
2021-04-22,55.75,0,44.25,5948,5397116,58.04,7690,5026933,54.06,0,0,0,0,0,0
2021-04-23,55.8,0,44.2,2766,5399882,58.07,3390,5030323,54.09,0,0,0,0,0,0
2021-04-24,55.82,0,44.18,767,5400649,58.08,1290,5031613,54.11,0,0,0,0,0,0
2021-04-25,55.89,0,44.11,4828,5405477,58.13,6924,5038537,54.18,0,0,0,0,0,0
2021-04-26,55.96,0,44.04,5479,5410956,58.19,7889,5046426,54.27,0,0,0,0,0,0
2021-04-27,56.03,0,43.97,4506,5415462,58.24,6625,5053051,54.34,0,0,0,0,0,0
2021-04-28,56.09,0,43.91,4501,5419963,58.28,7333,5060384,54.42,0,0,0,0,0,0
2021-04-29,56.16,0,43.84,4376,5424339,58.33,7292,5067676,54.5,0,0,0,0,0,0
2021-04-30,56.19,0,43.81,1923,5426262,58.35,3201,5070877,54.53,0,0,0,0,0,0
2021-05-01,56.2,0,43.8,458,5426720,58.36,895,5071772,54.54,0,0,0,0,0,0
2021-05-02,56.26,0,43.74,3225,5429945,58.39,6092,5077864,54.6,0,0,0,0,0,0
2021-05-03,56.32,0,43.68,3535,5433480,58.43,5833,5083697,54.67,0,0,0,0,0,0
2021-05-04,56.38,0,43.62,3593,5437073,58.47,4736,5088433,54.72,0,0,0,0,0,0
2021-05-05,56.44,0,43.56,3291,5440364,58.5,4093,5092526,54.76,0,0,0,0,0,0
2021-05-06,56.5,0,43.5,3643,5444007,58.54,3143,5095669,54.8,0,0,0,0,0,0
2021-05-07,56.52,0,43.48,1845,5445852,58.56,2508,5098177,54.82,0,0,0,0,0,0
2021-05-08,56.53,0,43.47,242,5446094,58.56,507,5098684,54.83,0,0,0,0,0,0
2021-05-09,56.58,0,43.42,2851,5448945,58.6,4751,5103435,54.88,0,0,0,0,0,0
2021-05-10,56.63,0,43.37,2898,5451843,58.63,4711,5108146,54.93,0,0,0,0,0,0
2021-05-11,56.67,0,43.33,2622,5454465,58.65,3880,5112026,54.97,0,0,0,0,0,0
2021-05-12,56.7,0,43.3,2031,5456496,58.68,3340,5115366,55.01,0,0,0,0,0,0
2021-05-13,56.73,0,43.27,2041,5458537,58.7,3684,5119050,55.05,0,0,0,0,0,0
2021-05-14,56.75,0,43.25,978,5459515,58.71,1494,5120544,55.06,0,0,0,0,0,0
2021-05-15,56.75,0,43.25,256,5459771,58.71,259,5120803,55.07,0,0,0,0,0,0
2021-05-16,56.78,0,43.22,529,5460300,58.72,1206,5122009,55.08,0,0,0,0,0,0
2021-05-17,56.81,0,43.19,301,5460601,58.72,848,5122857,55.09,0,0,0,0,0,0
2021-05-18,56.84,0,43.16,1961,5462562,58.74,4937,5127794,55.14,0,0,0,0,0,0
2021-05-19,56.87,0,43.13,2232,5464794,58.77,5041,5132835,55.2,0,0,0,0,0,0
2021-05-20,56.9,0,43.1,2312,5467106,58.79,3879,5136714,55.24,0,0,0,0,0,0
2021-05-21,56.92,0,43.08,1194,5468300,58.8,1414,5138128,55.25,0,0,0,0,0,0
2021-05-22,56.92,0,43.08,206,5468506,58.81,396,5138524,55.26,0,0,0,0,0,0
2021-05-23,56.94,0,43.06,2271,5470777,58.83,3216,5141740,55.29,0,0,0,0,0,0
2021-05-24,56.96,0,43.04,2139,5472916,58.85,3596,5145336,55.33,0,0,0,0,0,0
2021-05-25,56.99,0,43.01,1822,5474738,58.87,2588,5147924,55.36,0,0,0,0,0,0
2021-05-26,57.03,0,42.97,1410,5476148,58.89,2503,5150427,55.39,0,0,0,0,0,0
2021-05-27,57.06,0,42.94,1864,5478012,58.91,3188,5153615,55.42,0,0,0,0,0,0
2021-05-28,57.07,0,42.93,791,5478803,58.92,1406,5155021,55.43,0,0,0,0,0,0
2021-05-29,57.07,0,42.93,191,5478994,58.92,225,5155246,55.44,0,0,0,0,0,0
2021-05-30,57.1,0,42.9,1644,5480638,58.94,1937,5157183,55.46,0,0,0,0,0,0
2021-05-31,57.13,0,42.87,1739,5482377,58.95,2093,5159276,55.48,0,0,0,0,0,0
2021-06-01,57.47,0,42.53,1385,5483762,58.97,1823,5161099,55.5,0,0,0,0,0,0
2021-06-02,57.25,0,42.75,1513,5485275,58.99,1608,5162707,55.52,0,0,0,0,0,0
2021-06-03,57.27,0,42.73,1686,5486961,59,1493,5164200,55.53,0,0,0,0,0,0
2021-06-04,57.28,0,42.72,1101,5488062,59.02,784,5164984,55.54,0,0,0,0,0,0
2021-06-05,57.29,0,42.71,184,5488246,59.02,159,5165143,55.54,0,0,0,0,0,0
2021-06-06,57.31,0,42.69,4292,5492538,59.06,1002,5166145,55.55,0,0,0,0,0,0
2021-06-07,57.34,0,42.66,4438,5496976,59.11,813,5166958,55.56,0,0,0,0,0,0
2021-06-08,57.36,0,42.64,3739,5500715,59.15,1174,5168132,55.58,0,0,0,0,0,0
2021-06-09,57.4,0,42.6,3615,5504330,59.19,1329,5169461,55.59,0,0,0,0,0,0
2021-06-10,57.42,0,42.58,3361,5507691,59.23,1300,5170761,55.6,0,0,0,0,0,0
2021-06-11,57.43,0,42.57,1399,5509090,59.24,588,5171349,55.61,0,0,0,0,0,0
2021-06-12,57.43,0,42.57,219,5509309,59.24,173,5171522,55.61,0,0,0,0,0,0
2021-06-13,57.45,0,42.55,3101,5512410,59.28,1260,5172782,55.63,0,0,0,0,0,0
2021-06-14,57.46,0,42.54,3057,5515467,59.31,1531,5174313,55.64,0,0,0,0,0,0
2021-06-15,57.48,0,42.52,3137,5518604,59.34,1375,5175688,55.66,0,0,0,0,0,0
2021-06-16,57.49,0,42.51,2731,5521335,59.37,1001,5176689,55.67,0,0,0,0,0,0
2021-06-17,57.51,0,42.49,2732,5524067,59.4,1207,5177896,55.68,0,0,0,0,0,0
2021-06-18,57.52,0,42.48,1268,5525335,59.42,506,5178402,55.69,0,0,0,0,0,0
2021-06-19,57.52,0,42.48,242,5525577,59.42,139,5178541,55.69,0,0,0,0,0,0
2021-06-20,57.54,0,42.46,3316,5528893,59.46,1330,5179871,55.7,0,0,0,0,0,0
2021-06-21,57.56,0,42.44,5245,5534138,59.51,1218,5181089,55.71,0,0,0,0,0,0
2021-06-22,57.58,0,42.42,6933,5541071,59.59,1099,5182188,55.73,0,0,0,0,0,0
2021-06-23,57.6,0,42.4,10755,5551826,59.7,1304,5183492,55.74,0,0,0,0,0,0
2021-06-24,57.62,0,42.38,12049,5563875,59.83,1466,5184958,55.76,0,0,0,0,0,0
2021-06-25,57.62,0,42.38,7115,5570990,59.91,944,5185902,55.77,0,0,0,0,0,0
2021-06-26,57.63,0,42.37,2274,5573264,59.93,200,5186102,55.77,0,0,0,0,0,0
2021-06-27,57.65,0,42.35,13631,5586895,60.08,3436,5189538,55.81,0,0,0,0,0,0
2021-06-28,57.68,0,42.32,14518,5601413,60.23,3675,5193213,55.85,0,0,0,0,0,0
2021-06-29,57.69,0,42.31,16710,5618123,60.41,3744,5196957,55.89,0,0,0,0,0,0
2021-06-30,57.72,0,42.28,16485,5634608,60.59,3396,5200353,55.92,0,0,0,0,0,0
2021-07-01,57.78,0,42.22,16838,5651446,60.77,3377,5203730,55.96,121,121,0,0,0,0
2021-07-02,57.79,0,42.21,9836,5661282,60.88,1606,5205336,55.98,7,128,0,0,0,0
2021-07-03,57.79,0,42.21,2677,5663959,60.91,296,5205632,55.98,1,129,0,0,0,0
2021-07-04,57.85,0,42.15,17735,5681694,61.1,3161,5208793,56.01,2,131,0,0,0,0
2021-07-05,57.91,0,42.09,17850,5699544,61.29,3046,5211839,56.05,7,138,0,0,0,0
2021-07-06,57.99,0,42.01,17847,5717391,61.48,3409,5215248,56.08,11,149,0,0,0,0
2021-07-07,58.05,0,41.95,15529,5732920,61.65,2701,5217949,56.11,12,161,0,0,0,0
2021-07-08,58.12,0,41.88,16587,5749507,61.83,2880,5220829,56.14,17,178,0,0,0,0
2021-07-09,58.15,0,41.85,11125,5760632,61.95,1535,5222364,56.16,4,182,0,0,0,0
2021-07-10,58.15,0,41.85,4987,5765619,62,389,5222753,56.16,6,188,0,0,0,0
2021-07-11,58.22,0,41.78,1456,5767075,62.02,2848,5225601,56.19,8,196,0,0,0,0
2021-07-12,58.29,0,41.71,2426,5769501,62.04,3691,5229292,56.23,56,252,0,0,0,0
2021-07-13,58.36,0,41.64,2965,5772466,62.07,5458,5234750,56.29,124,376,0,0,0,0
2021-07-14,58.42,0,41.58,2747,5775213,62.1,7532,5242282,56.37,441,817,0.01,0,0,0
2021-07-15,58.5,0,41.5,3006,5778219,62.14,9299,5251581,56.47,374,1191,0.01,0,0,0
2021-07-16,58.54,0,41.46,1296,5779515,62.15,5898,5257479,56.54,66,1257,0.01,0,0,0
2021-07-17,58.55,0,41.44,370,5779885,62.15,1391,5258870,56.55,8,1265,0.01,0,0,0
2021-07-18,58.6,0,41.4,2073,5781958,62.18,9768,5268638,56.66,235,1500,0.02,0,0,0
2021-07-19,58.65,0,41.35,3210,5785168,62.21,11345,5279983,56.78,461,1961,0.02,0,0,0
2021-07-20,58.72,0,41.28,2687,5787855,62.24,11912,5291895,56.91,373,2334,0.03,0,0,0
2021-07-21,58.81,0,41.19,2405,5790260,62.27,11880,5303775,57.03,325,2659,0.03,0,0,0
2021-07-22,58.93,0,41.07,2876,5793136,62.3,13277,5317052,57.18,391,3050,0.03,0,0,0
2021-07-23,58.99,0,41.01,2036,5795172,62.32,8250,5325302,57.27,106,3156,0.03,0,0,0
2021-07-24,58.99,0,41,643,5795815,62.33,1485,5326787,57.28,7,3163,0.03,0,0,0
2021-07-25,59.1,0,40.89,4416,5800231,62.37,15497,5342284,57.45,223,3386,0.04,0,0,0
2021-07-26,59.24,0,40.75,5170,5805401,62.43,13533,5355817,57.59,325,3711,0.04,0,0,0
2021-07-27,59.37,0.01,40.62,5492,5810893,62.49,13578,5369395,57.74,414,4125,0.04,0,0,0
2021-07-28,59.5,0.01,40.49,3989,5814882,62.53,12343,5381738,57.87,472,4597,0.05,0,0,0
2021-07-29,59.65,0.01,40.33,4664,5819546,62.58,14199,5395937,58.03,532,5129,0.06,0,0,0
2021-07-30,59.74,0.02,40.25,2653,5822199,62.61,10855,5406792,58.14,4122,9251,0.1,0,0,0
2021-07-31,59.75,0.02,40.23,1406,5823605,62.62,3553,5410345,58.18,6159,15410,0.17,0,0,0
2021-08-01,59.91,0.02,40.06,3077,5826682,62.66,3364,5413709,58.22,31047,46457,0.5,0,0,0
2021-08-02,60.06,0.03,39.91,3132,5829814,62.69,3174,5416883,58.25,58514,104971,1.13,0,0,0
2021-08-03,60.21,0.03,39.76,3385,5833199,62.73,3328,5420211,58.29,78953,183924,1.98,0,0,0
2021-08-04,60.34,0.03,39.63,3531,5836730,62.77,3255,5423466,58.32,80764,264688,2.85,0,0,0
2021-08-05,60.49,0.04,39.47,4513,5841243,62.81,3569,5427035,58.36,88442,353130,3.8,0,0,0
2021-08-06,60.6,0.04,39.36,2436,5843679,62.84,1860,5428895,58.38,44744,397874,4.28,0,0,0
2021-08-07,60.63,0.04,39.32,1033,5844712,62.85,698,5429593,58.39,27353,425227,4.57,0,0,0
2021-08-08,60.68,0.04,39.28,4989,5849701,62.9,3082,5432675,58.42,80087,505314,5.43,0,0,0
2021-08-09,60.72,0.04,39.24,5340,5855041,62.96,3061,5435736,58.45,76489,581803,6.26,0,0,0
2021-08-10,60.75,0.04,39.2,5552,5860593,63.02,3203,5438939,58.49,75427,657230,7.07,0,0,0
2021-08-11,60.79,0.04,39.17,5695,5866288,63.08,2946,5441885,58.52,62639,719869,7.74,0,0,0
2021-08-12,60.83,0.04,39.12,7040,5873328,63.16,3288,5445173,58.55,59462,779331,8.38,0,0,0
2021-08-13,60.84,0.05,39.11,3821,5877149,63.2,2072,5447245,58.58,43869,823200,8.85,0,0,0
2021-08-14,60.85,0.05,39.1,2252,5879401,63.22,850,5448095,58.59,44486,867686,9.33,0,0,0
2021-08-15,60.89,0.05,39.06,7144,5886545,63.3,4531,5452626,58.63,97983,965669,10.38,0,0,0
2021-08-16,60.92,0.04,39.03,6991,5893536,63.38,4747,5457373,58.69,89521,1055190,11.35,0,0,0
2021-08-17,60.96,0.04,39,7572,5901108,63.46,5134,5462507,58.74,83320,1138510,12.24,0,0,0
2021-08-18,60.99,0.04,38.96,8643,5909751,63.55,4603,5467110,58.79,69267,1207777,12.99,0,0,0
2021-08-19,61.03,0.04,38.92,10080,5919831,63.66,5216,5472326,58.85,65974,1273751,13.7,0,0,0
2021-08-20,61.05,0.05,38.9,4768,5924599,63.71,2826,5475152,58.88,60452,1334203,14.35,0,0,0
2021-08-21,61.06,0.05,38.89,3498,5928097,63.75,1580,5476732,58.89,50725,1384928,14.89,0,0,0
2021-08-22,61.12,0.04,38.84,9821,5937918,63.85,4807,5481539,58.95,105107,1490035,16.02,0,0,0
2021-08-23,61.17,0.04,38.79,10924,5948842,63.97,4448,5485987,58.99,94032,1584067,17.03,0,0,0
2021-08-24,61.23,0.04,38.73,11721,5960563,64.1,4703,5490690,59.04,98551,1682618,18.09,0,0,0
2021-08-25,61.29,0.04,38.67,9614,5970177,64.2,4482,5495172,59.09,99552,1782170,19.16,0,0,0
2021-08-26,61.36,0.03,38.61,10109,5980286,64.31,5058,5500230,59.15,101229,1883399,20.25,0,0,0
2021-08-27,61.35,0.04,38.61,4325,5984611,64.36,2787,5503017,59.18,56695,1940094,20.86,0,0,0
2021-08-28,61.4,0.04,38.57,3701,5988312,64.4,1497,5504514,59.19,33539,1973633,21.22,0,0,0
2021-08-29,61.46,0.03,38.5,10321,5998633,64.51,5931,5510445,59.26,79549,2053182,22.08,0,0,0
2021-08-30,61.53,0.03,38.44,12334,6010967,64.64,7015,5517460,59.33,116006,2169188,23.33,0,0,0
2021-08-31,61.6,0.03,38.37,12076,6023043,64.77,6527,5523987,59.4,114875,2284063,24.56,0,0,0
2021-09-01,61.43,0.03,38.54,9033,6032076,64.87,6039,5530026,59.47,112492,2396555,25.77,0,0,0
2021-09-02,61.49,0.03,38.48,8785,6040861,64.96,7181,5537207,59.54,111542,2508097,26.97,0,0,0
2021-09-03,61.56,0.03,38.42,3750,6044611,65,4116,5541323,59.59,58884,2566981,27.6,0,0,0
2021-09-04,61.59,0.03,38.38,2691,6047302,65.03,2021,5543344,59.61,29951,2596932,27.93,0,0,0
2021-09-05,61.68,0.03,38.29,6991,6054293,65.1,6460,5549804,59.68,73326,2670258,28.71,0,0,0
2021-09-06,61.77,0.03,38.2,2837,6057130,65.14,2714,5552518,59.71,22797,2693055,28.96,0,0,0
2021-09-07,61.85,0.03,38.12,1200,6058330,65.15,880,5553398,59.72,5397,2698452,29.02,0,0,0
2021-09-08,61.93,0.03,38.05,1380,6059710,65.16,1196,5554594,59.73,6621,2705073,29.09,0,0,0
2021-09-09,62.02,0.03,37.95,7091,6066801,65.24,12572,5567166,59.87,73845,2778918,29.88,0,0,0
2021-09-10,62.06,0.03,37.91,3258,6070059,65.27,5016,5572182,59.92,37936,2816854,30.29,0,0,0
2021-09-11,62.08,0.03,37.89,2109,6072168,65.3,2506,5574688,59.95,14816,2831670,30.45,0,0,0
2021-09-12,62.16,0.03,37.81,6107,6078275,65.36,8587,5583275,60.04,54135,2885805,31.03,0,0,0
2021-09-13,62.15,0.03,37.82,5612,6083887,65.42,8262,5591537,60.13,47982,2933787,31.55,0,0,0
2021-09-14,62.2,0.03,37.77,4961,6088848,65.48,7422,5598959,60.21,48854,2982641,32.07,0,0,0
2021-09-15,62.25,0.03,37.72,1750,6090598,65.5,2717,5601676,60.24,16686,2999327,32.25,0,0,0
2021-09-16,62.37,0.03,37.6,343,6090941,65.5,549,5602225,60.24,1740,3001067,32.27,0,0,0
2021-09-17,62.42,0.03,37.54,3682,6094623,65.54,7020,5609245,60.32,42904,3043971,32.73,0,0,0
2021-09-18,62.45,0.03,37.52,2258,6096881,65.56,2945,5612190,60.35,12783,3056754,32.87,0,0,0
2021-09-19,62.55,0.03,37.42,5942,6102823,65.63,10710,5622900,60.47,44332,3101086,33.35,0,0,0
2021-09-20,62.63,0.03,37.34,3245,6106068,65.66,4645,5627545,60.52,16708,3117794,33.53,0,0,0
2021-09-21,62.69,0.03,37.28,1339,6107407,65.68,2060,5629605,60.54,3476,3121270,33.56,0,0,0
2021-09-22,62.72,0.03,37.25,4257,6111664,65.72,7250,5636855,60.62,25072,3146342,33.83,0,0,0
2021-09-23,62.75,0.03,37.22,4390,6116054,65.77,5914,5642769,60.68,27833,3174175,34.13,0,0,0
2021-09-24,62.82,0.03,37.15,3202,6119256,65.8,4185,5646954,60.72,27722,3201897,34.43,0,0,0
2021-09-25,62.85,0.03,37.12,2079,6121335,65.83,2261,5649215,60.75,10443,3212340,34.54,0,0,0
2021-09-26,62.96,0.03,37,5604,6126939,65.89,5972,5655187,60.81,36270,3248610,34.93,0,0,0
2021-09-27,63.02,0.03,36.94,4694,6131633,65.94,4469,5659656,60.86,30455,3279065,35.26,0,0,0
2021-09-28,63.06,0.04,36.91,1472,6133105,65.95,1183,5660839,60.87,6249,3285314,35.33,0,0,0
2021-09-29,63.13,0.03,36.84,9620,6142725,66.06,8348,5669187,60.96,60324,3345638,35.98,0,0,0
2021-09-30,63.18,0.03,36.79,10974,6153699,66.17,8576,5677763,61.06,79697,3425335,36.83,0,0,0
2021-10-01,63.23,0.03,36.73,5125,6158824,66.23,3875,5681638,61.1,46545,3471880,37.33,0,0,0
2021-10-02,63.26,0.03,36.71,2862,6161686,66.26,2127,5683765,61.12,22432,3494312,37.58,0,0,0
2021-10-03,63.35,0.03,36.62,11667,6173353,66.39,7273,5691038,61.2,70725,3565037,38.34,0,0,0
2021-10-04,63.4,0.03,36.57,10320,6183673,66.5,6759,5697797,61.27,51910,3616947,38.89,0,0,0
2021-10-05,63.41,0.03,36.55,8459,6192132,66.59,5314,5703111,61.33,40479,3657426,39.33,0,0,0
2021-10-06,63.52,0.03,36.45,7543,6199675,66.67,4183,5707294,61.37,34148,3691574,39.7,0,0,0
2021-10-07,63.63,0.03,36.34,6892,6206567,66.74,4009,5711303,61.42,34067,3725641,40.06,0,0,0
2021-10-08,63.68,0.03,36.29,3086,6209653,66.78,2643,5713946,61.45,19250,3744891,40.27,0,0,0
2021-10-09,63.71,0.03,36.26,1337,6210990,66.79,1443,5715389,61.46,7441,3752332,40.35,0,0,0
2021-10-10,63.82,0.04,36.14,4676,6215666,66.84,3748,5719137,61.5,21518,3773850,40.58,0,0,0
2021-10-11,63.91,0.04,36.05,4299,6219965,66.89,2943,5722080,61.53,17268,3791118,40.77,0,0,0
2021-10-12,63.99,0.05,35.96,3974,6223939,66.93,3003,5725083,61.56,15356,3806474,40.93,0,0,0
2021-10-13,64.09,0.05,35.86,3487,6227426,66.97,2451,5727534,61.59,13587,3820061,41.08,0,0,0
2021-10-14,64.19,0.06,35.75,3869,6231295,67.01,2685,5730219,61.62,16567,3836628,41.26,0,0,0
2021-10-15,64.23,0.07,35.7,1703,6232998,67.03,1683,5731902,61.64,9009,3845637,41.35,0,0,0
2021-10-16,64.25,0.08,35.67,727,6233725,67.03,956,5732858,61.65,4035,3849672,41.4,0,0,0
2021-10-17,64.36,0.09,35.56,3090,6236815,67.07,2525,5735383,61.68,12798,3862470,41.54,0,0,0
2021-10-18,64.43,0.1,35.47,2460,6239275,67.09,1690,5737073,61.69,10069,3872539,41.64,0,0,0
2021-10-19,64.49,0.1,35.4,2397,6241672,67.12,1284,5738357,61.71,9294,3881833,41.74,0,0,0
2021-10-20,64.14,0.52,35.34,2434,6244106,67.15,2305,5740662,61.73,10100,3891933,41.85,0,0,0
2021-10-21,54.23,10.41,35.36,3032,6247138,67.18,3096,5743758,61.77,12163,3904096,41.98,0,0,0
2021-10-22,54.36,10.26,35.38,1279,6248417,67.19,1436,5745194,61.78,5836,3909932,42.05,0,0,0
2021-10-23,54.42,10.19,35.39,572,6248989,67.2,1266,5746460,61.79,2564,3912496,42.07,0,0,0
2021-10-24,54.22,10.43,35.35,2515,6251504,67.23,2653,5749113,61.82,9855,3922351,42.18,0,0,0
2021-10-25,54.59,10.22,35.19,2636,6254140,67.25,2751,5751864,61.85,8509,3930860,42.27,0,0,0
2021-10-26,54.64,10.26,35.1,2380,6256520,67.28,2056,5753920,61.87,8524,3939384,42.36,0,0,0
2021-10-27,54.58,10.37,35.06,2289,6258809,67.3,2566,5756486,61.9,7954,3947338,42.45,0,0,0
2021-10-28,54.69,10.76,34.55,2503,6261312,67.33,2779,5759265,61.93,8673,3956011,42.54,0,0,0
2021-10-29,54.73,10.75,34.52,901,6262213,67.34,1151,5760416,61.94,4137,3960148,42.59,0,0,0
2021-10-30,54.68,10.81,34.52,366,6262579,67.34,530,5760946,61.95,1712,3961860,42.6,0,0,0
2021-10-31,54.83,10.7,34.47,2260,6264839,67.37,2495,5763441,61.98,8255,3970115,42.69,0,0,0
2021-11-01,54.95,10.63,34.42,1737,6266576,67.39,2092,5765533,62,6479,3976594,42.76,0,0,0
2021-11-02,54.89,10.69,34.42,2026,6268602,67.41,2044,5767577,62.02,6296,3982890,42.83,0,0,0
2021-11-03,54.86,10.75,34.39,1763,6270365,67.43,1897,5769474,62.04,5556,3988446,42.89,0,0,0
2021-11-04,54.85,10.81,34.33,2110,6272475,67.45,2803,5772277,62.07,7128,3995574,42.97,0,0,0
2021-11-05,54.85,10.83,34.32,789,6273264,67.46,904,5773181,62.08,3486,3999060,43,0,0,0
2021-11-06,54.82,10.86,34.32,347,6273611,67.46,387,5773568,62.09,1373,4000433,43.02,0,0,0
2021-11-07,54.92,10.8,34.28,1578,6275189,67.48,1769,5775337,62.11,6134,4006567,43.08,0,0,0
2021-11-08,55.01,10.75,34.24,1519,6276708,67.5,1602,5776939,62.12,5405,4011972,43.14,0,0,0
2021-11-09,55.05,10.74,34.21,1428,6278136,67.51,1611,5778550,62.14,5331,4017303,43.2,0,0,0
2021-11-10,55.08,10.73,34.19,1424,6279560,67.53,1660,5780210,62.16,4778,4022081,43.25,0,0,0
2021-11-11,55.15,10.69,34.15,1628,6281188,67.54,1945,5782155,62.18,5717,4027798,43.31,0,0,0
2021-11-12,55.17,10.69,34.14,634,6281822,67.55,826,5782981,62.19,2923,4030721,43.34,0,0,0
2021-11-13,55.14,10.72,34.14,257,6282079,67.55,288,5783269,62.19,1130,4031851,43.36,0,0,0
2021-11-14,55.21,10.68,34.11,1536,6283615,67.57,1637,5784906,62.21,5110,4036961,43.41,0,0,0
2021-11-15,55.28,10.63,34.09,1274,6284889,67.58,1622,5786528,62.23,4770,4041731,43.46,0,0,0
2021-11-16,55.32,10.62,34.07,1273,6286162,67.6,1416,5787944,62.24,4348,4046079,43.51,0,0,0
2021-11-17,55.35,10.6,34.05,1205,6287367,67.61,1565,5789509,62.26,3915,4049994,43.55,0,0,0
2021-11-18,55.41,10.58,34.02,1362,6288729,67.63,1692,5791201,62.28,5010,4055004,43.61,0,0,0
2021-11-19,55.42,10.57,34.01,588,6289317,67.63,763,5791964,62.28,2459,4057463,43.63,0,0,0
2021-11-20,55.41,10.58,34,238,6289555,67.63,257,5792221,62.29,929,4058392,43.64,0,0,0
2021-11-21,55.47,10.54,33.98,1409,6290964,67.65,1541,5793762,62.3,4880,4063272,43.69,0,0,0
2021-11-22,55.54,10.5,33.96,1680,6292644,67.67,1522,5795284,62.32,4239,4067511,43.74,0,0,0
2021-11-23,55.57,10.48,33.95,8622,6301266,67.76,1688,5796972,62.34,4008,4071519,43.78,0,0,0
2021-11-24,55.6,10.44,33.95,9349,6310615,67.86,1318,5798290,62.35,3923,4075442,43.83,0,0,0
2021-11-25,55.64,10.43,33.93,9812,6320427,67.97,1600,5799890,62.37,4840,4080282,43.88,0,0,0
2021-11-26,55.63,10.45,33.92,5610,6326037,68.03,749,5800639,62.38,2801,4083083,43.91,0,0,0
2021-11-27,55.62,10.46,33.92,4779,6330816,68.08,323,5800962,62.38,1164,4084247,43.92,0,0,0
2021-11-28,55.67,10.43,33.9,10152,6340968,68.19,1479,5802441,62.4,4901,4089148,43.97,0,0,0
2021-11-29,55.73,10.39,33.88,9042,6350010,68.28,1132,5803573,62.41,4376,4093524,44.02,0,0,0
2021-11-30,55.77,10.37,33.86,10044,6360054,68.39,1035,5804608,62.42,4084,4097608,44.06,0,0,0
2021-12-01,55.79,10.36,33.84,8633,6368687,68.49,1095,5805703,62.43,4442,4102050,44.11,6,6,0
2021-12-02,55.84,10.34,33.82,9176,6377863,68.58,1454,5807157,62.45,5125,4107175,44.17,6,12,0
2021-12-03,55.86,10.33,33.81,6332,6384195,68.65,674,5807831,62.45,2867,4110042,44.2,1,13,0
2021-12-04,55.85,10.34,33.81,2509,6386704,68.68,236,5808067,62.46,923,4110965,44.21,3,16,0
2021-12-05,55.9,10.31,33.79,8335,6395039,68.77,1253,5809320,62.47,4683,4115648,44.26,1,17,0
2021-12-06,55.95,10.27,33.78,6723,6401762,68.84,1200,5810520,62.48,4351,4119999,44.3,4,21,0
2021-12-07,55.99,10.25,33.76,5553,6407315,68.9,1503,5812023,62.5,3965,4123964,44.35,9,30,0
2021-12-08,56.03,10.22,33.75,4935,6412250,68.95,1199,5813222,62.51,3883,4127847,44.39,10,40,0
2021-12-09,56.08,10.19,33.73,6238,6418488,69.02,1239,5814461,62.53,4506,4132353,44.44,8,48,0
2021-12-10,56.1,10.18,33.72,3005,6421493,69.05,703,5815164,62.53,2687,4135040,44.47,4,52,0
2021-12-11,56.1,10.18,33.71,1491,6422984,69.07,253,5815417,62.54,1016,4136056,44.48,0,52,0
2021-12-12,56.16,10.15,33.69,7274,6430258,69.15,1444,5816861,62.55,5248,4141304,44.53,3,55,0
2021-12-13,56.21,10.11,33.67,6181,6436439,69.21,1376,5818237,62.57,4350,4145654,44.58,5,60,0
2021-12-14,56.27,10.09,33.65,7317,6443756,69.29,6101,5824338,62.63,4939,4150593,44.63,12,72,0
2021-12-15,56.34,10.06,33.6,7204,6450960,69.37,7404,5831742,62.71,5444,4156037,44.69,7,79,0
2021-12-16,56.53,10.05,33.42,8079,6459039,69.46,8613,5840355,62.8,6563,4162600,44.76,8,87,0
2021-12-17,56.64,10.05,33.3,4406,6463445,69.5,5140,5845495,62.86,3953,4166553,44.81,3,90,0
2021-12-18,56.73,10.07,33.2,3941,6467386,69.55,2914,5848409,62.89,1360,4167913,44.82,2,92,0
2021-12-19,56.92,10.04,33.04,6980,6474366,69.62,9331,5857740,62.99,6273,4174186,44.89,6,98,0
2021-12-20,57.07,10.02,32.91,7972,6482338,69.71,7517,5865257,63.07,5443,4179629,44.95,9,107,0
2021-12-21,57.27,10.01,32.71,9549,6491887,69.81,8649,5873906,63.17,6491,4186120,45.02,8,115,0
2021-12-22,57.49,10,32.52,9664,6501551,69.91,8155,5882061,63.25,6251,4192371,45.08,12,127,0
2021-12-23,57.7,9.97,32.33,11539,6513090,70.04,10264,5892325,63.36,8159,4200530,45.17,16,143,0
2021-12-24,57.83,9.96,32.21,5873,6518963,70.1,6241,5898566,63.43,5280,4205810,45.23,12,155,0
2021-12-25,57.9,9.96,32.15,3338,6522301,70.14,2566,5901132,63.46,2021,4207831,45.25,6,161,0
2021-12-26,58.1,9.92,31.98,10653,6532954,70.25,8910,5910042,63.55,8201,4216032,45.34,8,169,0
2021-12-27,58.27,9.9,31.83,10371,6543325,70.36,7145,5917187,63.63,8186,4224218,45.43,21,190,0
2021-12-28,58.46,9.88,31.66,11375,6554700,70.49,7453,5924640,63.71,9640,4233858,45.53,24,214,0
2021-12-29,58.64,9.85,31.51,9933,6564633,70.59,5963,5930603,63.77,8375,4242233,45.62,20,234,0
2021-12-30,58.84,9.82,31.34,11011,6575644,70.71,7735,5938338,63.86,12241,4254474,45.75,10,244,0
2021-12-31,58.9,9.79,31.3,4829,6580473,70.76,3672,5942010,63.9,7294,4261768,45.83,135,379,0
2022-01-01,58.93,9.79,31.28,1992,6582465,70.78,1591,5943601,63.91,2741,4264509,45.86,66,445,0
2022-01-02,59.14,9.76,31.1,10217,6592682,70.89,6487,5950088,63.98,13002,4277511,46,590,1035,0.01
2022-01-03,59.29,9.71,31,9384,6602066,71,5258,5955346,64.04,11340,4288851,46.12,25054,26089,0.28
2022-01-04,59.46,9.68,30.86,8967,6611033,71.09,5949,5961295,64.1,10525,4299376,46.23,50658,76747,0.83
2022-01-05,59.56,9.65,30.79,8553,6619586,71.18,5739,5967034,64.17,10493,4309869,46.35,59590,136337,1.47
2022-01-06,59.81,9.63,30.56,10339,6629925,71.29,7959,5974993,64.25,13529,4323398,46.49,64000,200337,2.15
2022-01-07,59.89,9.61,30.49,4760,6634685,71.35,4556,5979549,64.3,8165,4331563,46.58,31135,231472,2.49
2022-01-08,59.9,9.64,30.46,2750,6637435,71.38,2452,5982001,64.33,5501,4337064,46.64,27631,259103,2.79
2022-01-09,60.06,9.59,30.35,9306,6646741,71.48,7722,5989723,64.41,11868,4348932,46.77,66765,325868,3.5
2022-01-10,60.21,9.54,30.25,8350,6655091,71.57,7646,5997369,64.49,11879,4360811,46.89,64774,390642,4.2
2022-01-11,60.38,9.49,30.13,8100,6663191,71.65,8621,6005990,64.59,11971,4372782,47.02,56657,447299,4.81
2022-01-12,60.51,9.45,30.04,7277,6670468,71.73,8303,6014293,64.67,11114,4383896,47.14,44631,491930,5.29
2022-01-13,60.7,9.35,29.94,7507,6677975,71.81,9616,6023909,64.78,11542,4395438,47.27,34766,526696,5.66
2022-01-14,60.79,9.31,29.9,2555,6680530,71.84,4935,6028844,64.83,6144,4401582,47.33,11141,537837,5.78
2022-01-15,60.83,9.29,29.87,1469,6681999,71.85,3170,6032014,64.87,3884,4405466,47.37,5716,543553,5.85
2022-01-16,60.97,9.2,29.82,3818,6685817,71.9,8526,6040540,64.96,7682,4413148,47.46,19992,563545,6.06
2022-01-17,61.09,9.13,29.78,2809,6688626,71.93,7046,6047586,65.03,6171,4419319,47.52,17832,581377,6.25
2022-01-18,61.23,9.07,29.7,2475,6691101,71.95,7385,6054971,65.11,5534,4424853,47.58,14817,596194,6.41
2022-01-19,61.37,8.98,29.65,1915,6693016,71.97,6369,6061340,65.18,4520,4429373,47.63,8461,604655,6.5
2022-01-20,61.44,8.85,29.71,1779,6694795,71.99,6969,6068309,65.26,4792,4434165,47.68,8041,612696,6.59
2022-01-21,61.51,8.81,29.68,905,6695700,72,3725,6072034,65.3,2646,4436811,47.71,3358,616054,6.62
2022-01-22,61.51,8.75,29.74,328,6696028,72.01,1461,6073495,65.31,1066,4437877,47.72,1113,617167,6.64
2022-01-23,61.61,8.7,29.69,1068,6697096,72.02,5632,6079127,65.37,2878,4440755,47.75,6083,623250,6.7
2022-01-24,61.73,8.62,29.65,759,6697855,72.03,4480,6083607,65.42,2267,4443022,47.78,5055,628305,6.76
2022-01-25,61.9,8.51,29.59,744,6698599,72.03,4401,6088008,65.47,2182,4445204,47.8,7102,635407,6.83
2022-01-26,62.02,8.42,29.57,615,6699214,72.04,3285,6091293,65.5,1611,4446815,47.82,4262,639669,6.88
2022-01-27,62.12,8.35,29.52,798,6700012,72.05,4406,6095699,65.55,2005,4448820,47.84,5441,645110,6.94
2022-01-28,62.16,8.33,29.5,395,6700407,72.05,2376,6098075,65.58,1180,4450000,47.85,3452,648562,6.97
2022-01-29,62.23,8.29,29.48,124,6700531,72.05,1046,6099121,65.59,424,4450424,47.86,1162,649724,6.99
2022-01-30,62.3,8.24,29.46,769,6701300,72.06,4719,6103840,65.64,2020,4452444,47.88,8099,657823,7.07
2022-01-31,62.39,8.17,29.43,528,6701828,72.07,3184,6107024,65.67,1610,4454054,47.9,6472,664295,7.14
2022-02-01,62.45,8.15,29.4,481,6702309,72.07,2807,6109831,65.7,1525,4455579,47.91,5721,670016,7.21
2022-02-02,62.28,8.13,29.59,375,6702684,72.08,2395,6112226,65.73,1382,4456961,47.93,5074,675090,7.26
2022-02-03,62.34,8.08,29.57,446,6703130,72.08,2776,6115002,65.76,1461,4458422,47.94,5607,680697,7.32
2022-02-04,62.37,8.06,29.57,174,6703304,72.08,991,6115993,65.77,756,4459178,47.95,2455,683152,7.35
2022-02-05,62.34,8.09,29.56,62,6703366,72.08,342,6116335,65.77,221,4459399,47.95,420,683572,7.35
2022-02-06,62.41,8.05,29.55,406,6703772,72.09,2320,6118655,65.8,1343,4460742,47.97,5686,689258,7.41
2022-02-07,62.47,8.01,29.52,282,6704054,72.09,1307,6119962,65.81,983,4461725,47.98,5960,695218,7.48
2022-02-08,62.54,7.97,29.49,317,6704371,72.1,1498,6121460,65.83,1068,4462793,47.99,6137,701355,7.54
2022-02-09,62.6,7.95,29.45,254,6704625,72.1,1102,6122562,65.84,945,4463738,48,4570,705925,7.59
2022-02-10,62.63,7.93,29.44,273,6704898,72.1,1293,6123855,65.85,936,4464674,48.01,4815,710740,7.64
2022-02-11,62.67,7.91,29.42,211,6705109,72.1,557,6124412,65.86,518,4465192,48.02,2539,713279,7.67
2022-02-12,62.67,7.91,29.41,32,6705141,72.1,90,6124502,65.86,133,4465325,48.02,269,713548,7.67
2022-02-13,62.73,7.87,29.39,286,6705427,72.11,946,6125448,65.87,966,4466291,48.03,4998,718546,7.73
2022-02-14,62.89,7.74,29.36,180,6705607,72.11,627,6126075,65.88,760,4467051,48.04,3142,721688,7.76
2022-02-15,62.92,7.73,29.35,266,6705873,72.11,763,6126838,65.89,936,4467987,48.05,3818,725506,7.8
2022-02-16,62.95,7.72,29.34,179,6706052,72.11,577,6127415,65.89,803,4468790,48.06,2488,727994,7.83
2022-02-17,62.96,7.7,29.34,246,6706298,72.12,740,6128155,65.9,775,4469565,48.06,3061,731055,7.86
2022-02-18,62.98,7.69,29.33,131,6706429,72.12,342,6128497,65.9,437,4470002,48.07,1118,732173,7.87
2022-02-19,62.99,7.69,29.32,33,6706462,72.12,84,6128581,65.9,82,4470084,48.07,79,732252,7.87
2022-02-20,63.01,7.67,29.32,203,6706665,72.12,604,6129185,65.91,722,4470806,48.08,2574,734826,7.9
2022-02-21,63.04,7.65,29.31,173,6706838,72.12,413,6129598,65.91,489,4471295,48.08,1542,736368,7.92
2022-02-22,63.05,7.65,29.3,158,6706996,72.12,454,6130052,65.92,570,4471865,48.09,1871,738239,7.94
2022-02-23,63.06,7.65,29.29,109,6707105,72.12,353,6130405,65.92,453,4472318,48.09,1153,739392,7.95
2022-02-24,63.05,7.66,29.29,138,6707243,72.13,463,6130868,65.93,568,4472886,48.1,1492,740884,7.97
2022-02-25,63.06,7.66,29.28,59,6707302,72.13,144,6131012,65.93,190,4473076,48.1,456,741340,7.97
2022-02-26,63.05,7.67,29.28,17,6707319,72.13,28,6131040,65.93,161,4473237,48.1,35,741375,7.97
2022-02-27,63.05,7.67,29.28,112,6707431,72.13,341,6131381,65.93,448,4473685,48.11,1119,742494,7.98
2022-02-28,63.07,7.65,29.28,108,6707539,72.13,272,6131653,65.94,422,4474107,48.11,907,743401,7.99
2022-03-01,63.1,7.63,29.27,95,6707634,72.13,281,6131934,65.94,372,4474479,48.12,797,744198,8
2022-03-02,63.11,7.62,29.27,77,6707711,72.13,199,6132133,65.94,324,4474803,48.12,697,744895,8.01
2022-03-03,63.05,7.67,29.27,157,6707868,72.13,372,6132505,65.95,496,4475299,48.13,987,745882,8.02
2022-03-04,63.05,7.68,29.27,53,6707921,72.13,170,6132675,65.95,170,4475469,48.13,227,746109,8.02
2022-03-05,63.04,7.69,29.27,4,6707925,72.13,25,6132700,65.95,43,4475512,48.13,32,746141,8.02
2022-03-06,63.04,7.69,29.27,97,6708022,72.13,258,6132958,65.95,418,4475930,48.13,760,746901,8.03
2022-03-07,63.05,7.69,29.26,87,6708109,72.14,260,6133218,65.95,354,4476284,48.14,604,747505,8.04
2022-03-08,63.04,7.7,29.26,99,6708208,72.14,263,6133481,65.96,333,4476617,48.14,550,748055,8.04
2022-03-09,63.02,7.72,29.25,89,6708297,72.14,213,6133694,65.96,337,4476954,48.14,492,748547,8.05
2022-03-10,63.01,7.74,29.25,116,6708413,72.14,374,6134068,65.96,427,4477381,48.15,620,749167,8.06
2022-03-11,63,7.75,29.25,24,6708437,72.14,86,6134154,65.96,123,4477504,48.15,144,749311,8.06
2022-03-12,62.98,7.77,29.24,11,6708448,72.14,12,6134166,65.96,33,4477537,48.15,28,749339,8.06
2022-03-13,62.98,7.78,29.24,100,6708548,72.14,271,6134437,65.97,358,4477895,48.15,595,749934,8.06
2022-03-14,62.98,7.78,29.24,65,6708613,72.14,253,6134690,65.97,316,4478211,48.16,559,750493,8.07
2022-03-15,62.95,7.81,29.24,79,6708692,72.14,185,6134875,65.97,293,4478504,48.16,591,751084,8.08
2022-03-16,62.94,7.82,29.24,76,6708768,72.14,205,6135080,65.97,305,4478809,48.16,668,751752,8.08
2022-03-17,62.94,7.82,29.24,65,6708833,72.14,121,6135201,65.97,286,4479095,48.17,613,752365,8.09
2022-03-18,62.94,7.82,29.24,20,6708853,72.14,54,6135255,65.98,100,4479195,48.17,234,752599,8.09
2022-03-19,62.89,7.88,29.23,5,6708858,72.14,11,6135266,65.98,28,4479223,48.17,39,752638,8.09
2022-03-20,62.87,7.89,29.23,119,6708977,72.15,260,6135526,65.98,486,4479709,48.17,1431,754069,8.11
2022-03-21,62.87,7.9,29.23,97,6709074,72.15,247,6135773,65.98,379,4480088,48.18,1132,755201,8.12
2022-03-22,62.84,7.94,29.23,141,6709215,72.15,342,6136115,65.98,507,4480595,48.18,1770,756971,8.14
2022-03-23,62.81,7.97,29.22,108,6709323,72.15,212,6136327,65.99,463,4481058,48.19,1676,758647,8.16
2022-03-24,62.78,8,29.22,174,6709497,72.15,345,6136672,65.99,768,4481826,48.2,2362,761009,8.18
2022-03-25,62.78,8,29.23,39,6709536,72.15,82,6136754,65.99,156,4481982,48.2,629,761638,8.19
2022-03-26,62.77,8,29.22,12,6709548,72.15,13,6136767,65.99,34,4482016,48.2,91,761729,8.19
2022-03-27,62.75,8.02,29.22,167,6709715,72.15,344,6137111,66,758,4482774,48.21,3193,764922,8.23
2022-03-28,62.75,8.03,29.22,113,6709828,72.15,270,6137381,66,623,4483397,48.21,2416,767338,8.25
2022-03-29,62.7,8.07,29.22,125,6709953,72.16,259,6137640,66,641,4484038,48.22,2771,770109,8.28
2022-03-30,62.81,8.11,29.07,132,6710085,72.16,207,6137847,66,539,4484577,48.22,2370,772479,8.31
2022-03-31,62.79,8.11,29.1,166,6710251,72.16,302,6138149,66.01,730,4485307,48.23,2852,775331,8.34
2022-04-01,62.72,8.13,29.15,122,6710373,72.16,161,6138310,66.01,277,4485584,48.24,585,775916,8.34
2022-04-02,62.69,8.15,29.16,7,6710380,72.16,7,6138317,66.01,37,4485621,48.24,52,775968,8.34
2022-04-03,62.65,8.16,29.19,159,6710539,72.16,270,6138587,66.01,569,4486190,48.24,2478,778446,8.37
2022-04-04,62.62,8.16,29.22,103,6710642,72.16,207,6138794,66.01,484,4486674,48.25,2224,780670,8.39
2022-04-05,62.57,8.19,29.25,122,6710764,72.16,219,6139013,66.02,513,4487187,48.25,2242,782912,8.42
2022-04-06,62.55,8.2,29.25,92,6710856,72.17,155,6139168,66.02,383,4487570,48.26,2021,784933,8.44
2022-04-07,62.56,8.2,29.24,191,6711047,72.17,215,6139383,66.02,641,4488211,48.26,2556,787489,8.47
2022-04-08,62.54,8.22,29.23,30,6711077,72.17,61,6139444,66.02,153,4488364,48.27,482,787971,8.47
2022-04-09,62.52,8.25,29.23,6,6711083,72.17,17,6139461,66.02,28,4488392,48.27,47,788018,8.47
2022-04-10,62.51,8.26,29.23,103,6711186,72.17,264,6139725,66.02,429,4488821,48.27,1845,789863,8.49
2022-04-11,62.54,8.26,29.2,78,6711264,72.17,201,6139926,66.03,371,4489192,48.27,1425,791288,8.51
2022-04-12,62.58,8.29,29.12,204,6711468,72.17,168,6140094,66.03,375,4489567,48.28,1360,792648,8.52
2022-04-13,62.58,8.31,29.1,119,6711587,72.17,150,6140244,66.03,296,4489863,48.28,1217,793865,8.54
2022-04-14,62.57,8.33,29.1,85,6711672,72.17,221,6140465,66.03,320,4490183,48.29,1069,794934,8.55
2022-04-15,62.55,8.35,29.1,9,6711681,72.17,51,6140516,66.03,47,4490230,48.29,82,795016,8.55
2022-04-16,62.53,8.37,29.1,3,6711684,72.17,8,6140524,66.03,21,4490251,48.29,29,795045,8.55
2022-04-17,62.52,8.38,29.1,62,6711746,72.17,131,6140655,66.03,229,4490480,48.29,807,795852,8.56
2022-04-18,62.51,8.38,29.1,69,6711815,72.18,109,6140764,66.03,252,4490732,48.29,749,796601,8.57
2022-04-19,62.5,8.4,29.1,63,6711878,72.18,144,6140908,66.04,273,4491005,48.29,842,797443,8.58
2022-04-20,62.48,8.42,29.1,60,6711938,72.18,117,6141025,66.04,235,4491240,48.3,656,798099,8.58
2022-04-21,62.47,8.43,29.1,53,6711991,72.18,109,6141134,66.04,197,4491437,48.3,479,798578,8.59
2022-04-22,62.45,8.44,29.11,3,6711994,72.18,17,6141151,66.04,19,4491456,48.3,19,798597,8.59
2022-04-23,62.43,8.46,29.11,6,6712000,72.18,9,6141160,66.04,15,4491471,48.3,13,798610,8.59
2022-04-24,62.43,8.47,29.1,92,6712092,72.18,250,6141410,66.04,329,4491800,48.3,872,799482,8.6
2022-04-25,62.43,8.47,29.1,105,6712197,72.18,191,6141601,66.04,316,4492116,48.31,738,800220,8.61
2022-04-26,62.42,8.48,29.1,75,6712272,72.18,175,6141776,66.05,304,4492420,48.31,787,801007,8.61
2022-04-27,62.41,8.49,29.1,54,6712326,72.18,160,6141936,66.05,227,4492647,48.31,640,801647,8.62
2022-04-28,62.41,8.5,29.1,96,6712422,72.18,232,6142168,66.05,329,4492976,48.32,871,802518,8.63
2022-04-29,62.39,8.51,29.1,113,6712535,72.18,159,6142327,66.05,183,4493159,48.32,195,802713,8.63
2022-04-30,62.38,8.52,29.1,1,6712536,72.18,3,6142330,66.05,24,4493183,48.32,22,802735,8.63
2022-05-01,62.38,8.53,29.09,135,6712671,72.18,185,6142515,66.05,316,4493499,48.32,630,803365,8.64
2022-05-02,62.37,8.54,29.09,62,6712733,72.19,155,6142670,66.06,235,4493734,48.32,491,803856,8.64
2022-05-03,62.36,8.55,29.09,72,6712805,72.19,151,6142821,66.06,288,4494022,48.33,508,804364,8.65
2022-05-04,62.35,8.57,29.08,23,6712828,72.19,57,6142878,66.06,64,4494086,48.33,126,804490,8.65
2022-05-05,62.34,8.58,29.08,4,6712832,72.19,1,6142879,66.06,8,4494094,48.33,13,804503,8.65
2022-05-06,62.33,8.59,29.08,20,6712852,72.19,59,6142938,66.06,64,4494158,48.33,151,804654,8.65
2022-05-07,62.32,8.6,29.08,1,6712853,72.19,7,6142945,66.06,27,4494185,48.33,24,804678,8.65
2022-05-08,62.31,8.61,29.08,118,6712971,72.19,207,6143152,66.06,270,4494455,48.33,457,805135,8.66
2022-05-09,62.31,8.61,29.08,59,6713030,72.19,162,6143314,66.06,251,4494706,48.33,505,805640,8.66
2022-05-10,62.3,8.62,29.08,131,6713161,72.19,169,6143483,66.06,261,4494967,48.34,508,806148,8.67
2022-05-11,62.3,8.63,29.08,58,6713219,72.19,118,6143601,66.07,182,4495149,48.34,464,806612,8.67
2022-05-12,62.29,8.64,29.07,119,6713338,72.19,200,6143801,66.07,278,4495427,48.34,665,807277,8.68
2022-05-13,62.28,8.65,29.07,11,6713349,72.19,44,6143845,66.07,71,4495498,48.34,110,807387,8.68
2022-05-14,62.26,8.66,29.07,6,6713355,72.19,13,6143858,66.07,13,4495511,48.34,23,807410,8.68
2022-05-15,62.26,8.67,29.07,90,6713445,72.19,175,6144033,66.07,246,4495757,48.35,665,808075,8.69
2022-05-16,62.19,8.65,29.16,68,6713513,72.19,141,6144174,66.07,230,4495987,48.35,508,808583,8.7
2022-05-17,62.18,8.66,29.16,73,6713586,72.19,153,6144327,66.07,269,4496256,48.35,617,809200,8.7
2022-05-18,62.17,8.67,29.16,43,6713629,72.2,99,6144426,66.07,169,4496425,48.35,447,809647,8.71
2022-05-19,62.16,8.68,29.16,64,6713693,72.2,171,6144597,66.08,212,4496637,48.35,499,810146,8.71
2022-05-20,62.15,8.69,29.16,75,6713768,72.2,114,6144711,66.08,130,4496767,48.36,138,810284,8.71
2022-05-21,62.14,8.7,29.16,4,6713772,72.2,7,6144718,66.08,14,4496781,48.36,18,810302,8.71
2022-05-22,62.14,8.71,29.16,87,6713859,72.2,188,6144906,66.08,216,4496997,48.36,426,810728,8.72
2022-05-23,62.14,8.71,29.16,64,6713923,72.2,120,6145026,66.08,156,4497153,48.36,346,811074,8.72
2022-05-24,62.13,8.71,29.15,43,6713966,72.2,120,6145146,66.08,157,4497310,48.36,394,811468,8.73
2022-05-25,62.12,8.72,29.15,61,6714027,72.2,103,6145249,66.08,168,4497478,48.36,337,811805,8.73
2022-05-26,62.11,8.73,29.16,72,6714099,72.2,136,6145385,66.08,186,4497664,48.37,348,812153,8.73
2022-05-27,62.1,8.74,29.16,12,6714111,72.2,29,6145414,66.08,43,4497707,48.37,59,812212,8.73
2022-05-28,62.09,8.75,29.16,2,6714113,72.2,5,6145419,66.08,8,4497715,48.37,12,812224,8.73
2022-05-29,62.09,8.75,29.16,89,6714202,72.2,153,6145572,66.09,163,4497878,48.37,315,812539,8.74
2022-05-30,62.09,8.76,29.16,56,6714258,72.2,133,6145705,66.09,125,4498003,48.37,291,812830,8.74
2022-05-31,62.07,8.78,29.15,45,6714303,72.2,104,6145809,66.09,153,4498156,48.37,351,813181,8.74
2022-06-01,61.95,8.9,29.16,63,6714366,72.2,91,6145900,66.09,117,4498273,48.37,276,813457,8.75
2022-06-02,45.96,24.88,29.15,77,6714443,72.2,156,6146056,66.09,177,4498450,48.37,255,813712,8.75
2022-06-03,45.9,24.95,29.16,10,6714453,72.2,23,6146079,66.09,21,4498471,48.37,33,813745,8.75
2022-06-04,45.84,25,29.16,0,6714453,72.2,7,6146086,66.09,8,4498479,48.37,5,813750,8.75
2022-06-05,45.8,25.05,29.16,11,6714464,72.2,14,6146100,66.09,7,4498486,48.37,2,813752,8.75
2022-06-06,39.96,30.89,29.16,58,6714522,72.2,145,6146245,66.09,161,4498647,48.38,262,814014,8.75
2022-06-07,39.92,30.93,29.15,54,6714576,72.21,134,6146379,66.1,142,4498789,48.38,379,814393,8.76
2022-06-08,39.89,30.96,29.15,58,6714634,72.21,104,6146483,66.1,131,4498920,48.38,497,814890,8.76
2022-06-09,39.86,30.99,29.15,84,6714718,72.21,207,6146690,66.1,234,4499154,48.38,642,815532,8.77
2022-06-10,39.83,31.02,29.15,14,6714732,72.21,51,6146741,66.1,59,4499213,48.38,141,815673,8.77
2022-06-11,39.8,31.05,29.15,0,6714732,72.21,3,6146744,66.1,7,4499220,48.38,19,815692,8.77
2022-06-12,39.8,31.05,29.15,109,6714841,72.21,199,6146943,66.1,191,4499411,48.38,767,816459,8.78
2022-06-13,39.81,31.04,29.15,84,6714925,72.21,142,6147085,66.1,168,4499579,48.39,625,817084,8.79
2022-06-14,39.79,31.06,29.15,116,6715041,72.21,173,6147258,66.1,208,4499787,48.39,759,817843,8.79
2022-06-15,39.78,31.08,29.15,71,6715112,72.21,141,6147399,66.11,208,4499995,48.39,699,818542,8.8
2022-06-16,39.74,31.11,29.14,94,6715206,72.21,136,6147535,66.11,218,4500213,48.39,742,819284,8.81
2022-06-17,39.72,31.14,29.15,16,6715222,72.21,63,6147598,66.11,53,4500266,48.39,124,819408,8.81
2022-06-18,39.68,31.17,29.14,3,6715225,72.21,4,6147602,66.11,11,4500277,48.39,15,819423,8.81
2022-06-19,39.53,31.33,29.15,115,6715340,72.21,207,6147809,66.11,318,4500595,48.4,877,820300,8.82
2022-06-20,33.92,36.85,29.23,99,6715439,72.21,152,6147961,66.11,307,4500902,48.4,922,821222,8.83
2022-06-21,33.58,37.19,29.23,94,6715533,72.22,154,6148115,66.11,375,4501277,48.4,1229,822451,8.84
2022-06-22,33.28,37.49,29.23,110,6715643,72.22,135,6148250,66.12,339,4501616,48.41,894,823345,8.85
2022-06-23,32.84,37.92,29.23,132,6715775,72.22,217,6148467,66.12,525,4502141,48.41,1146,824491,8.87
2022-06-24,32.43,38.34,29.24,19,6715794,72.22,35,6148502,66.12,110,4502251,48.41,208,824699,8.87
2022-06-25,32.04,38.72,29.24,1,6715795,72.22,3,6148505,66.12,12,4502263,48.42,16,824715,8.87
2022-06-26,31.63,39.13,29.24,107,6715902,72.22,158,6148663,66.12,379,4502642,48.42,933,825648,8.88
2022-06-27,31.29,39.47,29.24,86,6715988,72.22,172,6148835,66.12,392,4503034,48.42,1028,826676,8.89
2022-06-28,30.86,39.91,29.24,84,6716072,72.22,151,6148986,66.12,364,4503398,48.43,932,827608,8.9
2022-06-29,30.48,40.28,29.24,76,6716148,72.22,106,6149092,66.12,265,4503663,48.43,816,828424,8.91
2022-06-30,30.05,40.71,29.24,86,6716234,72.22,165,6149257,66.13,356,4504019,48.43,1061,829485,8.92
2022-07-01,29.62,41.14,29.24,22,6716256,72.22,28,6149285,66.13,55,4504074,48.43,80,829565,8.92
2022-07-02,29.2,41.56,29.24,1,6716257,72.22,2,6149287,66.13,8,4504082,48.43,18,829583,8.92
2022-07-03,28.81,41.95,29.24,100,6716357,72.22,177,6149464,66.13,322,4504404,48.44,637,830220,8.93
2022-07-04,28.5,42.26,29.24,76,6716433,72.23,140,6149604,66.13,278,4504682,48.44,749,830969,8.94
2022-07-05,28.06,42.7,29.24,59,6716492,72.23,142,6149746,66.13,302,4504984,48.44,688,831657,8.94
2022-07-06,27.39,43.37,29.24,78,6716570,72.23,124,6149870,66.13,211,4505195,48.45,646,832303,8.95
2022-07-07,26.48,44.28,29.24,82,6716652,72.23,164,6150034,66.13,267,4505462,48.45,721,833024,8.96
2022-07-08,25.47,45.29,29.24,17,6716669,72.23,33,6150067,66.13,69,4505531,48.45,131,833155,8.96
2022-07-09,24.42,46.34,29.24,0,6716669,72.23,1,6150068,66.13,3,4505534,48.45,2,833157,8.96
2022-07-10,23.77,46.99,29.24,90,6716759,72.23,164,6150232,66.14,229,4505763,48.45,470,833627,8.96
2022-07-11,23.22,47.54,29.24,64,6716823,72.23,142,6150374,66.14,248,4506011,48.46,575,834202,8.97
2022-07-12,22.13,48.63,29.24,69,6716892,72.23,129,6150503,66.14,207,4506218,48.46,558,834760,8.98
2022-07-13,21.1,49.66,29.24,43,6716935,72.23,101,6150604,66.14,165,4506383,48.46,488,835248,8.98
2022-07-14,20.12,50.63,29.24,69,6717004,72.23,147,6150751,66.14,209,4506592,48.46,512,835760,8.99
2022-07-15,19.27,51.48,29.25,64,6717068,72.23,88,6150839,66.14,127,4506719,48.46,166,835926,8.99
2022-07-16,18.29,52.46,29.25,0,6717068,72.23,6,6150845,66.14,7,4506726,48.46,8,835934,8.99
2022-07-17,17.83,52.92,29.25,77,6717145,72.23,183,6151028,66.15,241,4506967,48.47,468,836402,8.99
2022-07-18,17.48,53.26,29.26,62,6717207,72.23,158,6151186,66.15,207,4507174,48.47,511,836913,9
2022-07-19,16.77,53.97,29.26,62,6717269,72.23,147,6151333,66.15,174,4507348,48.47,368,837281,9
2022-07-20,16.09,54.64,29.26,52,6717321,72.23,133,6151466,66.15,137,4507485,48.47,423,837704,9.01
2022-07-21,15.43,55.3,29.27,61,6717382,72.24,158,6151624,66.15,176,4507661,48.47,341,838045,9.01
2022-07-22,14.64,56.08,29.28,10,6717392,72.24,36,6151660,66.15,43,4507704,48.47,56,838101,9.01
2022-07-23,14.17,56.55,29.28,0,6717392,72.24,4,6151664,66.15,4,4507708,48.47,9,838110,9.01
2022-07-24,13.55,57.16,29.29,58,6717450,72.24,128,6151792,66.15,197,4507905,48.48,364,838474,9.02
2022-07-25,13.09,57.61,29.3,48,6717498,72.24,107,6151899,66.15,172,4508077,48.48,336,838810,9.02
2022-07-26,12.46,58.23,29.3,47,6717545,72.24,99,6151998,66.16,111,4508188,48.48,270,839080,9.02
2022-07-27,11.89,58.8,29.31,43,6717588,72.24,125,6152123,66.16,132,4508320,48.48,243,839323,9.03
2022-07-28,11.35,59.34,29.31,62,6717650,72.24,143,6152266,66.16,147,4508467,48.48,220,839543,9.03
2022-07-29,10.85,59.83,29.32,10,6717660,72.24,25,6152291,66.16,27,4508494,48.48,31,839574,9.03
2022-07-30,10.34,60.33,29.33,0,6717660,72.24,0,6152291,66.16,1,4508495,48.48,1,839575,9.03
2022-07-31,9.97,60.7,29.33,56,6717716,72.24,134,6152425,66.16,131,4508626,48.48,252,839827,9.03
2022-08-01,9.47,61.19,29.34,54,6717770,72.24,76,6152501,66.16,89,4508715,48.48,152,839979,9.03
2022-08-02,8.92,61.73,29.35,111,6717881,72.24,119,6152620,66.16,157,4508872,48.49,264,840243,9.04
2022-08-03,8.46,62.19,29.35,76,6717957,72.24,71,6152691,66.16,92,4508964,48.49,178,840421,9.04
2022-08-04,8.04,62.61,29.36,133,6718090,72.24,133,6152824,66.16,111,4509075,48.49,246,840667,9.04
2022-08-05,7.71,62.93,29.36,30,6718120,72.24,23,6152847,66.16,13,4509088,48.49,24,840691,9.04
2022-08-06,7.32,63.32,29.36,1,6718121,72.24,2,6152849,66.16,1,4509089,48.49,5,840696,9.04
2022-08-07,6.92,63.71,29.37,89,6718210,72.24,97,6152946,66.17,69,4509158,48.49,169,840865,9.04
2022-08-08,6.74,63.89,29.37,76,6718286,72.25,95,6153041,66.17,122,4509280,48.49,172,841037,9.04
2022-08-09,6.25,64.37,29.38,96,6718382,72.25,90,6153131,66.17,99,4509379,48.49,213,841250,9.05
2022-08-10,5.91,64.71,29.38,77,6718459,72.25,60,6153191,66.17,76,4509455,48.49,115,841365,9.05
2022-08-11,5.59,65.03,29.38,54,6718513,72.25,101,6153292,66.17,91,4509546,48.49,155,841520,9.05
2022-08-12,5.35,65.27,29.38,8,6718521,72.25,12,6153304,66.17,18,4509564,48.49,29,841549,9.05
2022-08-13,5.1,65.52,29.38,0,6718521,72.25,2,6153306,66.17,2,4509566,48.49,3,841552,9.05
2022-08-14,4.87,65.75,29.39,74,6718595,72.25,75,6153381,66.17,82,4509648,48.49,150,841702,9.05
2022-08-15,4.74,65.87,29.39,68,6718663,72.25,81,6153462,66.17,93,4509741,48.5,143,841845,9.05
2022-08-16,4.46,66.15,29.39,82,6718745,72.25,84,6153546,66.17,84,4509825,48.5,187,842032,9.05
2022-08-17,4.16,66.44,29.39,47,6718792,72.25,55,6153601,66.17,36,4509861,48.5,115,842147,9.06
2022-08-18,3.98,66.63,29.39,69,6718861,72.25,93,6153694,66.17,120,4509981,48.5,173,842320,9.06
2022-08-19,3.83,66.78,29.39,77,6718938,72.25,67,6153761,66.17,56,4510037,48.5,38,842358,9.06
2022-08-20,3.67,66.94,29.39,1,6718939,72.25,1,6153762,66.17,3,4510040,48.5,3,842361,9.06
2022-08-21,3.52,67.08,29.4,51,6718990,72.25,85,6153847,66.18,84,4510124,48.5,197,842558,9.06
2022-08-22,3.44,67.16,29.4,89,6719079,72.25,74,6153921,66.18,103,4510227,48.5,143,842701,9.06
2022-08-23,3.27,67.33,29.4,72,6719151,72.25,106,6154027,66.18,84,4510311,48.5,180,842881,9.06
2022-08-24,3.15,67.46,29.4,38,6719189,72.25,80,6154107,66.18,49,4510360,48.5,133,843014,9.07
2022-08-25,3.03,67.57,29.4,53,6719242,72.26,75,6154182,66.18,97,4510457,48.5,193,843207,9.07
2022-08-26,2.94,67.66,29.4,4,6719246,72.26,15,6154197,66.18,9,4510466,48.5,14,843221,9.07
2022-08-27,2.84,67.76,29.4,0,6719246,72.26,0,6154197,66.18,0,4510466,48.5,0,843221,9.07
2022-08-28,2.75,67.85,29.4,55,6719301,72.26,80,6154277,66.18,85,4510551,48.5,102,843323,9.07
2022-08-29,2.69,67.91,29.4,48,6719349,72.26,68,6154345,66.18,89,4510640,48.51,107,843430,9.07
2022-08-30,2.6,68,29.4,85,6719434,72.26,113,6154458,66.18,85,4510725,48.51,130,843560,9.07
2022-08-31,2.53,68.07,29.4,42,6719476,72.26,88,6154546,66.18,70,4510795,48.51,96,843656,9.07
2022-09-01,2.46,68.14,29.4,29,6719505,72.26,84,6154630,66.18,58,4510853,48.51,113,843769,9.07
2022-09-02,2.4,68.2,29.4,6,6719511,72.26,20,6154650,66.18,13,4510866,48.51,10,843779,9.07
2022-09-03,2.33,68.27,29.4,2,6719513,72.26,0,6154650,66.18,3,4510869,48.51,1,843780,9.07
2022-09-04,2.27,68.32,29.4,64,6719577,72.26,133,6154783,66.19,80,4510949,48.51,121,843901,9.07
2022-09-05,2.23,68.37,29.4,44,6719621,72.26,77,6154860,66.19,58,4511007,48.51,90,843991,9.08
2022-09-06,2.17,68.42,29.4,60,6719681,72.26,104,6154964,66.19,78,4511085,48.51,130,844121,9.08
2022-09-07,2.12,68.47,29.4,27,6719708,72.26,63,6155027,66.19,53,4511138,48.51,95,844216,9.08
2022-09-08,2.07,68.53,29.4,50,6719758,72.26,101,6155128,66.19,70,4511208,48.51,77,844293,9.08
2022-09-09,2.03,68.57,29.4,10,6719768,72.26,21,6155149,66.19,16,4511224,48.51,17,844310,9.08
2022-09-10,1.97,68.62,29.4,0,6719768,72.26,0,6155149,66.19,5,4511229,48.51,2,844312,9.08
2022-09-11,1.92,68.67,29.41,39,6719807,72.26,117,6155266,66.19,78,4511307,48.51,116,844428,9.08
2022-09-12,1.88,68.71,29.41,24,6719831,72.26,72,6155338,66.19,52,4511359,48.51,68,844496,9.08
2022-09-13,1.82,68.77,29.41,44,6719875,72.26,113,6155451,66.19,54,4511413,48.51,103,844599,9.08
2022-09-14,1.78,68.82,29.41,21,6719896,72.26,64,6155515,66.19,54,4511467,48.51,62,844661,9.08
2022-09-15,1.73,68.86,29.41,32,6719928,72.26,77,6155592,66.19,63,4511530,48.51,107,844768,9.08
2022-09-16,1.7,68.89,29.41,49,6719977,72.26,52,6155644,66.19,28,4511558,48.52,28,844796,9.08
2022-09-17,1.66,68.93,29.41,3,6719980,72.26,0,6155644,66.19,1,4511559,48.52,0,844796,9.08
2022-09-18,1.63,68.96,29.41,28,6720008,72.26,66,6155710,66.2,52,4511611,48.52,114,844910,9.09
2022-09-19,1.61,68.98,29.41,27,6720035,72.26,74,6155784,66.2,44,4511655,48.52,57,844967,9.09
2022-09-20,1.56,69.03,29.41,41,6720076,72.26,93,6155877,66.2,75,4511730,48.52,102,845069,9.09
2022-09-21,1.55,69.05,29.41,22,6720098,72.26,54,6155931,66.2,29,4511759,48.52,56,845125,9.09
2022-09-22,1.52,69.07,29.4,40,6720138,72.27,56,6155987,66.2,27,4511786,48.52,41,845166,9.09
2022-09-23,1.5,69.1,29.41,7,6720145,72.27,11,6155998,66.2,4,4511790,48.52,1,845167,9.09
2022-09-24,1.47,69.13,29.41,0,6720145,72.27,0,6155998,66.2,1,4511791,48.52,0,845167,9.09
2022-09-25,1.46,69.13,29.41,5,6720150,72.27,20,6156018,66.2,10,4511801,48.52,27,845194,9.09
2022-09-26,1.46,69.13,29.41,0,6720150,72.27,5,6156023,66.2,2,4511803,48.52,2,845196,9.09
2022-09-27,1.42,69.17,29.41,2,6720152,72.27,0,6156023,66.2,3,4511806,48.52,3,845199,9.09
2022-09-28,1.39,69.21,29.41,24,6720176,72.27,36,6156059,66.2,25,4511831,48.52,17,845216,9.09
2022-09-29,1.37,69.22,29.41,32,6720208,72.27,61,6156120,66.2,13,4511844,48.52,48,845264,9.09
2022-09-30,1.35,69.24,29.41,3,6720211,72.27,12,6156132,66.2,2,4511846,48.52,0,845264,9.09
2022-10-01,1.31,69.29,29.41,0,6720211,72.27,1,6156133,66.2,1,4511847,48.52,1,845265,9.09
2022-10-02,1.31,69.29,29.41,27,6720238,72.27,51,6156184,66.2,20,4511867,48.52,73,845338,9.09
2022-10-03,1.31,69.28,29.4,23,6720261,72.27,29,6156213,66.2,13,4511880,48.52,12,845350,9.09
2022-10-04,1.27,69.32,29.4,7,6720268,72.27,10,6156223,66.2,0,4511880,48.52,1,845351,9.09
2022-10-05,1.28,69.31,29.4,1,6720269,72.27,0,6156223,66.2,0,4511880,48.52,1,845352,9.09
2022-10-06,1.31,69.28,29.4,17,6720286,72.27,43,6156266,66.2,10,4511890,48.52,20,845372,9.09
2022-10-07,1.3,69.29,29.41,3,6720289,72.27,3,6156269,66.2,3,4511893,48.52,0,845372,9.09
2022-10-08,1.26,69.33,29.41,1,6720290,72.27,1,6156270,66.2,0,4511893,48.52,1,845373,9.09
2022-10-09,1.31,69.28,29.41,7,6720297,72.27,22,6156292,66.2,6,4511899,48.52,5,845378,9.09
2022-10-10,1.38,69.22,29.4,5,6720302,72.27,2,6156294,66.2,0,4511899,48.52,0,845378,9.09
2022-10-11,1.36,69.24,29.4,12,6720314,72.27,32,6156326,66.2,1,4511900,48.52,32,845410,9.09
2022-10-12,1.34,69.26,29.4,13,6720327,72.27,24,6156350,66.2,5,4511905,48.52,4,845414,9.09
2022-10-13,1.4,69.2,29.4,17,6720344,72.27,16,6156366,66.2,5,4511910,48.52,9,845423,9.09
2022-10-14,1.4,69.2,29.4,6,6720350,72.27,7,6156373,66.2,4,4511914,48.52,3,845426,9.09
2022-10-15,1.38,69.22,29.4,0,6720350,72.27,0,6156373,66.2,0,4511914,48.52,1,845427,9.09
2022-10-16,1.39,69.2,29.4,4,6720354,72.27,13,6156386,66.2,5,4511919,48.52,8,845435,9.09
2022-10-17,1.39,69.2,29.4,1,6720355,72.27,1,6156387,66.2,1,4511920,48.52,0,845435,9.09
2022-10-18,1.43,69.17,29.4,24,6720379,72.27,31,6156418,66.2,14,4511934,48.52,16,845451,9.09
2022-10-19,1.47,69.12,29.4,18,6720397,72.27,25,6156443,66.2,7,4511941,48.52,3,845454,9.09
2022-10-20,1.5,69.1,29.4,26,6720423,72.27,44,6156487,66.2,12,4511953,48.52,4,845458,9.09
2022-10-21,1.5,69.09,29.4,4,6720427,72.27,7,6156494,66.2,2,4511955,48.52,2,845460,9.09
2022-10-22,1.49,69.1,29.4,0,6720427,72.27,0,6156494,66.2,0,4511955,48.52,0,845460,9.09
2022-10-23,1.51,69.08,29.4,15,6720442,72.27,33,6156527,66.2,18,4511973,48.52,10,845470,9.09
2022-10-24,1.51,69.08,29.41,20,6720462,72.27,16,6156543,66.2,19,4511992,48.52,9,845479,9.09
2022-10-25,1.55,69.04,29.4,18,6720480,72.27,34,6156577,66.2,22,4512014,48.52,21,845500,9.09
2022-10-26,1.61,68.99,29.4,18,6720498,72.27,25,6156602,66.21,8,4512022,48.52,9,845509,9.09
2022-10-27,1.67,68.93,29.4,18,6720516,72.27,26,6156628,66.21,14,4512036,48.52,16,845525,9.09
2022-10-28,1.67,68.93,29.4,45,6720561,72.27,47,6156675,66.21,31,4512067,48.52,18,845543,9.09
2022-10-29,1.66,68.94,29.4,0,6720561,72.27,0,6156675,66.21,0,4512067,48.52,0,845543,9.09
2022-10-30,1.71,68.89,29.4,14,6720575,72.27,23,6156698,66.21,15,4512082,48.52,9,845552,9.09
2022-10-31,1.76,68.84,29.4,17,6720592,72.27,16,6156714,66.21,8,4512090,48.52,9,845561,9.09
2022-11-01,1.82,68.78,29.4,2,6720594,72.27,1,6156715,66.21,1,4512091,48.52,0,845561,9.09
2022-11-02,1.88,68.72,29.4,13,6720607,72.27,13,6156728,66.21,7,4512098,48.52,8,845569,9.09
2022-11-03,1.96,68.64,29.4,16,6720623,72.27,18,6156746,66.21,11,4512109,48.52,8,845577,9.09
2022-11-04,1.98,68.63,29.4,4,6720627,72.27,6,6156752,66.21,1,4512110,48.52,2,845579,9.09
2022-11-05,1.97,68.63,29.4,0,6720627,72.27,0,6156752,66.21,0,4512110,48.52,0,845579,9.09
2022-11-06,2.03,68.57,29.4,25,6720652,72.27,34,6156786,66.21,11,4512121,48.52,23,845602,9.09
2022-11-07,2.1,68.51,29.4,15,6720667,72.27,11,6156797,66.21,10,4512131,48.52,54,845656,9.09
2022-11-08,2.1,68.5,29.4,28,6720695,72.27,26,6156823,66.21,14,4512145,48.52,9,845665,9.09
2022-11-09,2.16,68.45,29.4,16,6720711,72.27,20,6156843,66.21,17,4512162,48.52,9,845674,9.09
2022-11-10,2.22,68.39,29.4,26,6720737,72.27,14,6156857,66.21,11,4512173,48.52,4,845678,9.09
2022-11-11,2.23,68.37,29.4,1,6720738,72.27,17,6156874,66.21,2,4512175,48.52,1,845679,9.09
2022-11-12,2.22,68.38,29.4,1,6720739,72.27,0,6156874,66.21,1,4512176,48.52,0,845679,9.09
2022-11-13,2.29,68.31,29.4,24,6720763,72.27,30,6156904,66.21,17,4512193,48.52,8,845687,9.09
2022-11-14,2.37,68.23,29.4,20,6720783,72.27,17,6156921,66.21,21,4512214,48.52,16,845703,9.09
2022-11-15,2.43,68.17,29.4,40,6720823,72.27,25,6156946,66.21,16,4512230,48.52,17,845720,9.09
2022-11-16,2.5,68.1,29.4,14,6720837,72.27,27,6156973,66.21,16,4512246,48.52,11,845731,9.09
2022-11-17,2.59,68.02,29.4,20,6720857,72.27,33,6157006,66.21,18,4512264,48.52,4,845735,9.09
2022-11-18,2.61,67.99,29.4,6,6720863,72.27,4,6157010,66.21,4,4512268,48.52,0,845735,9.09
2022-11-19,2.6,68,29.4,0,6720863,72.27,0,6157010,66.21,0,4512268,48.52,0,845735,9.09
2022-11-20,2.67,67.93,29.4,19,6720882,72.27,19,6157029,66.21,6,4512274,48.52,13,845748,9.09
2022-11-21,2.76,67.85,29.4,14,6720896,72.27,13,6157042,66.21,6,4512280,48.52,6,845754,9.09
2022-11-22,2.83,67.77,29.4,26,6720922,72.27,13,6157055,66.21,17,4512297,48.52,6,845760,9.09
2022-11-23,2.9,67.7,29.4,17,6720939,72.27,20,6157075,66.21,4,4512301,48.52,8,845768,9.1
2022-11-24,2.98,67.62,29.4,9,6720948,72.27,16,6157091,66.21,13,4512314,48.52,27,845795,9.1
2022-11-25,3,67.6,29.4,17,6720965,72.27,34,6157125,66.21,14,4512328,48.52,12,845807,9.1
2022-11-26,3,67.61,29.4,0,6720965,72.27,2,6157127,66.21,0,4512328,48.52,0,845807,9.1
2022-11-27,3.06,67.54,29.4,14,6720979,72.27,15,6157142,66.21,19,4512347,48.52,2,845809,9.1
2022-11-28,3.14,67.47,29.4,8,6720987,72.27,23,6157165,66.21,8,4512355,48.52,6,845815,9.1
2022-11-29,3.2,67.4,29.4,37,6721024,72.27,31,6157196,66.21,19,4512374,48.52,14,845829,9.1
2022-11-30,3.27,67.34,29.39,12,6721036,72.27,25,6157221,66.21,20,4512394,48.52,8,845837,9.1
2022-12-01,3.34,67.26,29.39,13,6721049,72.27,16,6157237,66.21,15,4512409,48.52,4,845841,9.1
2022-12-02,3.36,67.24,29.39,2,6721051,72.27,7,6157244,66.21,4,4512413,48.52,10,845851,9.1
2022-12-03,3.36,67.24,29.39,0,6721051,72.27,0,6157244,66.21,0,4512413,48.52,1,845852,9.1
2022-12-04,3.42,67.18,29.39,29,6721080,72.28,24,6157268,66.21,29,4512442,48.52,26,845878,9.1
2022-12-05,3.48,67.12,29.4,9,6721089,72.28,17,6157285,66.21,11,4512453,48.52,18,845896,9.1
2022-12-06,3.55,67.06,29.39,32,6721121,72.28,26,6157311,66.21,27,4512480,48.52,7,845903,9.1
2022-12-07,3.62,66.99,29.39,10,6721131,72.28,17,6157328,66.21,8,4512488,48.53,7,845910,9.1
2022-12-08,3.69,66.91,29.39,18,6721149,72.28,26,6157354,66.21,15,4512503,48.53,3,845913,9.1
2022-12-09,3.71,66.9,29.39,4,6721153,72.28,1,6157355,66.21,1,4512504,48.53,7,845920,9.1
2022-12-10,3.7,66.91,29.39,1,6721154,72.28,0,6157355,66.21,2,4512506,48.53,0,845920,9.1
2022-12-11,3.76,66.84,29.39,14,6721168,72.28,19,6157374,66.21,15,4512521,48.53,16,845936,9.1
2022-12-12,3.82,66.78,29.39,14,6721182,72.28,13,6157387,66.21,5,4512526,48.53,0,845936,9.1
2022-12-13,3.87,66.73,29.39,17,6721199,72.28,44,6157431,66.21,18,4512544,48.53,13,845949,9.1
2022-12-14,3.92,66.69,29.39,17,6721216,72.28,16,6157447,66.21,7,4512551,48.53,3,845952,9.1
2022-12-15,3.97,66.64,29.39,22,6721238,72.28,16,6157463,66.21,7,4512558,48.53,12,845964,9.1
2022-12-16,3.98,66.62,29.39,10,6721248,72.28,2,6157465,66.21,1,4512559,48.53,0,845964,9.1
2022-12-17,3.97,66.63,29.39,0,6721248,72.28,0,6157465,66.21,0,4512559,48.53,0,845964,9.1
2022-12-18,4.01,66.59,29.39,9,6721257,72.28,17,6157482,66.21,8,4512567,48.53,3,845967,9.1
2022-12-19,4.06,66.54,29.4,7,6721264,72.28,14,6157496,66.21,12,4512579,48.53,1,845968,9.1
2022-12-20,4.1,66.51,29.39,12,6721276,72.28,17,6157513,66.21,2,4512581,48.53,2,845970,9.1
2022-12-21,4.14,66.47,29.39,9,6721285,72.28,14,6157527,66.22,13,4512594,48.53,3,845973,9.1
2022-12-22,4.18,66.42,29.39,4,6721289,72.28,10,6157537,66.22,14,4512608,48.53,1,845974,9.1
2022-12-23,4.19,66.42,29.39,8,6721297,72.28,0,6157537,66.22,2,4512610,48.53,0,845974,9.1
2022-12-24,4.18,66.43,29.39,0,6721297,72.28,0,6157537,66.22,0,4512610,48.53,0,845974,9.1
2022-12-25,4.21,66.4,29.39,5,6721302,72.28,16,6157553,66.22,1,4512611,48.53,2,845976,9.1
2022-12-26,4.24,66.36,29.39,13,6721315,72.28,4,6157557,66.22,12,4512623,48.53,0,845976,9.1
2022-12-27,4.25,66.36,29.39,17,6721332,72.28,20,6157577,66.22,13,4512636,48.53,7,845983,9.1
2022-12-28,4.26,66.34,29.39,12,6721344,72.28,13,6157590,66.22,17,4512653,48.53,29,846012,9.1
2022-12-29,4.28,66.33,29.39,11,6721355,72.28,21,6157611,66.22,11,4512664,48.53,2,846014,9.1
2022-12-30,4.27,66.33,29.4,4,6721359,72.28,5,6157616,66.22,3,4512667,48.53,0,846014,9.1
2022-12-31,4.26,66.35,29.4,0,6721359,72.28,1,6157617,66.22,0,4512667,48.53,0,846014,9.1
2023-01-01,4.27,66.33,29.4,6,6721365,72.28,14,6157631,66.22,2,4512669,48.53,1,846015,9.1
2023-01-02,4.29,66.31,29.4,10,6721375,72.28,7,6157638,66.22,3,4512672,48.53,1,846016,9.1
2023-01-03,4.3,66.3,29.4,14,6721389,72.28,13,6157651,66.22,8,4512680,48.53,3,846019,9.1
2023-01-04,4.3,66.3,29.4,3,6721392,72.28,11,6157662,66.22,4,4512684,48.53,2,846021,9.1
2023-01-05,4.31,66.29,29.39,10,6721402,72.28,12,6157674,66.22,9,4512693,48.53,2,846023,9.1
2023-01-06,4.31,66.29,29.4,0,6721402,72.28,0,6157674,66.22,1,4512694,48.53,0,846023,9.1
