Date,Valid vaccinated pop. perc.,Expired vaccinated pop. perc.,Not vaccinated pop. perc.,Vaccinated (daily),Vaccinated (cumu),Vaccinated pop. perc.,Second dose (daily),Second dose (cumu),Second dose pop. perc.,Third dose (daily),Third dose (cumu),Third dose pop. perc.,Fourth dose (daily),Fourth dose (cumu),Fourth dose pop. perc.
2020-12-19,0,0,100,46,71,0,0,4,0,0,0,0,0,0,0
2020-12-20,0,0,100,7397,7468,0.08,0,4,0,0,0,0,0,0,0
2020-12-21,0,0,100,24923,32391,0.35,0,4,0,0,0,0,0,0,0
2020-12-22,0,0,100,44669,77060,0.83,0,4,0,0,0,0,0,0,0
2020-12-23,0,0,100,62918,139978,1.51,0,4,0,0,0,0,0,0,0
2020-12-24,0,0,100,73435,213413,2.29,0,4,0,0,0,0,0,0,0
2020-12-25,0,0,100,38518,251931,2.71,0,4,0,0,0,0,0,0,0
2020-12-26,0,0,100,32618,284549,3.06,0,4,0,0,0,0,0,0,0
2020-12-27,0,0,100,104578,389127,4.18,0,4,0,0,0,0,0,0,0
2020-12-28,0,0,100,135043,524170,5.64,0,4,0,0,0,0,0,0,0
2020-12-29,0,0,100,156343,680513,7.32,2,6,0,0,0,0,0,0,0
2020-12-30,0,0,100,153193,833706,8.97,0,6,0,0,0,0,0,0,0
2020-12-31,0,0,100,158602,992308,10.67,0,6,0,0,0,0,0,0,0
2021-01-01,0,0,100,71437,1063745,11.44,0,6,0,0,0,0,0,0,0
2021-01-02,0,0,100,71745,1135490,12.21,0,6,0,0,0,0,0,0,0
2021-01-03,0,0,100,149770,1285260,13.82,0,6,0,0,0,0,0,0,0
2021-01-04,0,0,100,152214,1437474,15.46,1,7,0,0,0,0,0,0,0
2021-01-05,0,0,100,125222,1562696,16.8,4,11,0,0,0,0,0,0,0
2021-01-06,0,0,100,103376,1666072,17.92,2,13,0,0,0,0,0,0,0
2021-01-07,0,0,100,116065,1782137,19.16,9,22,0,0,0,0,0,0,0
2021-01-08,0,0,100,66465,1848602,19.88,5,27,0,0,0,0,0,0,0
2021-01-09,0,0,100,44554,1893156,20.36,24,51,0,0,0,0,0,0,0
2021-01-10,0,0,100,37649,1930805,20.76,6002,6053,0.07,0,0,0,0,0,0
2021-01-11,0,0,100,21176,1951981,20.99,19264,25317,0.27,0,0,0,0,0,0
2021-01-12,0,0,100,24077,1976058,21.25,35674,60991,0.66,0,0,0,0,0,0
2021-01-13,0,0,100,52079,2028137,21.81,56873,117864,1.27,0,0,0,0,0,0
2021-01-14,0,0,100,56481,2084618,22.42,68841,186705,2.01,0,0,0,0,0,0
2021-01-15,0,0,100,30776,2115394,22.75,35944,222649,2.39,0,0,0,0,0,0
2021-01-16,0,0,100,29481,2144875,23.06,26007,248656,2.67,0,0,0,0,0,0
2021-01-17,0.31,0,99.69,68446,2213321,23.8,84599,333255,3.58,0,0,0,0,0,0
2021-01-18,0.58,0,99.42,69820,2283141,24.55,120439,453694,4.88,0,0,0,0,0,0
2021-01-19,1.09,0,98.91,72896,2356037,25.34,137853,591547,6.36,0,0,0,0,0,0
2021-01-20,1.9,0,98.1,76919,2432956,26.16,143769,735316,7.91,0,0,0,0,0,0
2021-01-21,2.88,0,97.12,70013,2502969,26.92,164478,899794,9.68,0,0,0,0,0,0
2021-01-22,3.39,0,96.61,37933,2540902,27.32,71135,970929,10.44,0,0,0,0,0,0
2021-01-23,3.77,0,96.23,39966,2580868,27.75,53598,1024527,11.02,0,0,0,0,0,0
2021-01-24,4.96,0,95.04,69149,2650017,28.5,140712,1165239,12.53,0,0,0,0,0,0
2021-01-25,6.61,0,93.39,80943,2730960,29.37,139529,1304768,14.03,0,0,0,0,0,0
2021-01-26,8.45,0,91.55,78739,2809699,30.21,126447,1431215,15.39,0,0,0,0,0,0
2021-01-27,10.34,0,89.66,77985,2887684,31.05,125074,1556289,16.74,0,0,0,0,0,0
2021-01-28,12.43,0,87.57,79573,2967257,31.91,130634,1686923,18.14,0,0,0,0,0,0
2021-01-29,13.34,0,86.66,36704,3003961,32.3,64794,1751717,18.84,0,0,0,0,0,0
2021-01-30,14.02,0,85.98,34395,3038356,32.67,42767,1794484,19.3,0,0,0,0,0,0
2021-01-31,15.76,0,84.24,73333,3111689,33.46,59504,1853988,19.94,0,0,0,0,0,0
2021-02-01,17.48,0,82.52,82519,3194208,34.35,35358,1889346,20.32,0,0,0,0,0,0
2021-02-02,19.01,0,80.99,70109,3264317,35.1,31074,1920420,20.65,0,0,0,0,0,0
2021-02-03,20.47,0,79.53,60310,3324627,35.75,51445,1971865,21.2,0,0,0,0,0,0
2021-02-04,22,0,78,72641,3397268,36.53,58096,2029961,21.83,0,0,0,0,0,0
2021-02-05,22.75,0,77.25,33947,3431215,36.9,28807,2058768,22.14,0,0,0,0,0,0
2021-02-06,23.23,0,76.77,21623,3452838,37.13,22233,2081001,22.38,0,0,0,0,0,0
2021-02-07,23.99,0,76.01,54081,3506919,37.71,68745,2149746,23.12,0,0,0,0,0,0
2021-02-08,24.52,0,75.48,58644,3565563,38.34,65468,2215214,23.82,0,0,0,0,0,0
2021-02-09,25.04,0,74.96,66361,3631924,39.06,67581,2282795,24.55,0,0,0,0,0,0
2021-02-10,25.77,0,74.23,70571,3702495,39.81,72316,2355111,25.33,0,0,0,0,0,0
2021-02-11,26.61,0,73.39,81176,3783671,40.69,72116,2427227,26.1,0,0,0,0,0,0
2021-02-12,27.02,0,72.98,39109,3822780,41.11,37600,2464827,26.51,0,0,0,0,0,0
2021-02-13,27.33,0,72.67,27466,3850246,41.4,30441,2495268,26.83,0,0,0,0,0,0
2021-02-14,28.25,0,71.75,74917,3925163,42.21,69086,2564354,27.58,0,0,0,0,0,0
2021-02-15,29.17,0,70.83,81552,4006715,43.09,75722,2640076,28.39,0,0,0,0,0,0
2021-02-16,30.11,0,69.89,83423,4090138,43.98,78304,2718380,29.23,0,0,0,0,0,0
2021-02-17,31.01,0,68.99,61984,4152122,44.65,75646,2794026,30.05,0,0,0,0,0,0
2021-02-18,31.94,0,68.06,69163,4221285,45.39,79741,2873767,30.9,0,0,0,0,0,0
2021-02-19,32.45,0,67.55,39676,4260961,45.82,38163,2911930,31.31,0,0,0,0,0,0
2021-02-20,32.85,0,67.15,31652,4292613,46.16,28723,2940653,31.62,0,0,0,0,0,0
2021-02-21,33.8,0,66.2,79437,4372050,47.01,78449,3019102,32.47,0,0,0,0,0,0
2021-02-22,34.83,0,65.17,85056,4457106,47.93,80603,3099705,33.33,0,0,0,0,0,0
2021-02-23,35.84,0,64.16,77333,4534439,48.76,70487,3170192,34.09,0,0,0,0,0,0
2021-02-24,36.76,0,63.24,61068,4595507,49.42,63148,3233340,34.77,0,0,0,0,0,0
2021-02-25,37.66,0,62.34,51730,4647237,49.97,64812,3298152,35.47,0,0,0,0,0,0
2021-02-26,38.1,0,61.9,25913,4673150,50.25,32047,3330199,35.81,0,0,0,0,0,0
2021-02-27,38.42,0,61.58,18353,4691503,50.45,21198,3351397,36.04,0,0,0,0,0,0
2021-02-28,39.24,0,60.76,40365,4731868,50.88,55874,3407271,36.64,0,0,0,0,0,0
2021-03-01,40.1,0,59.9,45752,4777620,51.38,61445,3468716,37.3,0,0,0,0,0,0
2021-03-02,40.85,0,59.15,41203,4818823,51.82,64803,3533519,38,0,0,0,0,0,0
2021-03-03,41.55,0,58.45,42036,4860859,52.27,66794,3600313,38.72,0,0,0,0,0,0
2021-03-04,42.24,0,57.76,39723,4900582,52.7,79127,3679440,39.57,0,0,0,0,0,0
2021-03-05,42.57,0,57.43,17369,4917951,52.89,40469,3719909,40,0,0,0,0,0,0
2021-03-06,42.78,0,57.22,10724,4928675,53,25349,3745258,40.27,0,0,0,0,0,0
2021-03-07,43.36,0,56.64,31157,4959832,53.34,72848,3818106,41.06,0,0,0,0,0,0
2021-03-08,43.97,0,56.03,27388,4987220,53.63,73297,3891403,41.85,0,0,0,0,0,0
2021-03-09,44.62,0,55.38,26756,5013976,53.92,76606,3968009,42.67,0,0,0,0,0,0
2021-03-10,45.27,0,54.73,23373,5037349,54.17,58684,4026693,43.3,0,0,0,0,0,0
2021-03-11,45.99,0,54.01,23308,5060657,54.42,69100,4095793,44.04,0,0,0,0,0,0
2021-03-12,46.34,0,53.66,11298,5071955,54.54,41419,4137212,44.49,0,0,0,0,0,0
2021-03-13,46.57,0,53.43,7955,5079910,54.63,25240,4162452,44.76,0,0,0,0,0,0
2021-03-14,47.2,0,52.8,20992,5100902,54.85,73937,4236389,45.56,0,0,0,0,0,0
2021-03-15,47.81,0,52.19,20152,5121054,55.07,78282,4314671,46.4,0,0,0,0,0,0
2021-03-16,48.43,0,51.57,18759,5139813,55.27,71482,4386153,47.17,0,0,0,0,0,0
2021-03-17,48.92,0,51.08,17705,5157518,55.46,59011,4445164,47.8,0,0,0,0,0,0
2021-03-18,49.45,0,50.55,16050,5173568,55.63,58126,4503290,48.43,0,0,0,0,0,0
2021-03-19,49.75,0,50.25,6959,5180527,55.71,27981,4531271,48.73,0,0,0,0,0,0
2021-03-20,49.93,0,50.07,5229,5185756,55.77,15302,4546573,48.89,0,0,0,0,0,0
2021-03-21,50.46,0,49.54,13172,5198928,55.91,40511,4587084,49.33,0,0,0,0,0,0
2021-03-22,51,0,49,13583,5212511,56.05,40542,4627626,49.76,0,0,0,0,0,0
2021-03-23,51.43,0,48.57,2846,5215357,56.08,7303,4634929,49.84,0,0,0,0,0,0
2021-03-24,51.84,0,48.16,11007,5226364,56.2,46562,4681491,50.34,0,0,0,0,0,0
2021-03-25,52.22,0,47.78,10275,5236639,56.31,35440,4716931,50.72,0,0,0,0,0,0
2021-03-26,52.4,0,47.6,4187,5240826,56.36,13335,4730266,50.87,0,0,0,0,0,0
2021-03-27,52.5,0,47.5,1788,5242614,56.38,4269,4734535,50.91,0,0,0,0,0,0
2021-03-28,52.74,0,47.26,2114,5244728,56.4,4611,4739146,50.96,0,0,0,0,0,0
2021-03-29,53,0,47,6920,5251648,56.47,30018,4769164,51.29,0,0,0,0,0,0
2021-03-30,53.08,0,46.92,7899,5259547,56.56,22455,4791619,51.53,0,0,0,0,0,0
2021-03-31,53.38,0,46.62,8154,5267701,56.65,19503,4811122,51.74,0,0,0,0,0,0
2021-04-01,53.62,0,46.38,8222,5275923,56.73,18704,4829826,51.94,0,0,0,0,0,0
2021-04-02,53.71,0,46.29,2948,5278871,56.77,8131,4837957,52.02,0,0,0,0,0,0
2021-04-03,53.74,0,46.26,1432,5280303,56.78,2984,4840941,52.06,0,0,0,0,0,0
2021-04-04,53.82,0,46.18,9618,5289921,56.89,22833,4863774,52.3,0,0,0,0,0,0
2021-04-05,54.04,0,45.96,10365,5300286,57,21280,4885054,52.53,0,0,0,0,0,0
2021-04-06,54.21,0,45.79,9035,5309321,57.09,16795,4901849,52.71,0,0,0,0,0,0
2021-04-07,54.36,0,45.64,8935,5318256,57.19,15314,4917163,52.88,0,0,0,0,0,0
2021-04-08,54.52,0,45.48,9430,5327686,57.29,17018,4934181,53.06,0,0,0,0,0,0
2021-04-09,54.58,0,45.42,3610,5331296,57.33,6260,4940441,53.13,0,0,0,0,0,0
2021-04-10,54.61,0,45.39,1637,5332933,57.35,3523,4943964,53.16,0,0,0,0,0,0
2021-04-11,54.78,0,45.22,9045,5341978,57.45,14250,4958214,53.32,0,0,0,0,0,0
2021-04-12,54.95,0,45.05,8938,5350916,57.54,13236,4971450,53.46,0,0,0,0,0,0
2021-04-13,55.08,0,44.92,5841,5356757,57.6,4960,4976410,53.51,0,0,0,0,0,0
2021-04-14,55.18,0,44.82,3650,5360407,57.64,5311,4981721,53.57,0,0,0,0,0,0
2021-04-15,55.27,0,44.73,699,5361106,57.65,583,4982304,53.58,0,0,0,0,0,0
2021-04-16,55.33,0,44.67,3420,5364526,57.69,6655,4988959,53.65,0,0,0,0,0,0
2021-04-17,55.35,0,44.65,822,5365348,57.7,1975,4990934,53.67,0,0,0,0,0,0
2021-04-18,55.47,0,44.53,7099,5372447,57.77,7433,4998367,53.75,0,0,0,0,0,0
2021-04-19,55.58,0,44.42,6407,5378854,57.84,7135,5005502,53.83,0,0,0,0,0,0
2021-04-20,55.65,0,44.35,6287,5385141,57.91,6891,5012393,53.9,0,0,0,0,0,0
2021-04-21,55.71,0,44.29,6382,5391523,57.98,7112,5019505,53.98,0,0,0,0,0,0
2021-04-22,55.75,0,44.25,5953,5397476,58.04,7691,5027196,54.06,0,0,0,0,0,0
2021-04-23,55.8,0,44.2,2768,5400244,58.07,3392,5030588,54.1,0,0,0,0,0,0
2021-04-24,55.82,0,44.18,769,5401013,58.08,1290,5031878,54.11,0,0,0,0,0,0
2021-04-25,55.89,0,44.11,4829,5405842,58.13,6925,5038803,54.18,0,0,0,0,0,0
2021-04-26,55.96,0,44.04,5479,5411321,58.19,7889,5046692,54.27,0,0,0,0,0,0
2021-04-27,56.03,0,43.97,4509,5415830,58.24,6628,5053320,54.34,0,0,0,0,0,0
2021-04-28,56.09,0,43.91,4502,5420332,58.29,7337,5060657,54.42,0,0,0,0,0,0
2021-04-29,56.16,0,43.84,4378,5424710,58.33,7297,5067954,54.5,0,0,0,0,0,0
2021-04-30,56.19,0,43.81,1925,5426635,58.36,3203,5071157,54.53,0,0,0,0,0,0
2021-05-01,56.2,0,43.8,458,5427093,58.36,895,5072052,54.54,0,0,0,0,0,0
2021-05-02,56.26,0,43.74,3225,5430318,58.39,6092,5078144,54.61,0,0,0,0,0,0
2021-05-03,56.32,0,43.68,3535,5433853,58.43,5835,5083979,54.67,0,0,0,0,0,0
2021-05-04,56.38,0,43.62,3594,5437447,58.47,4738,5088717,54.72,0,0,0,0,0,0
2021-05-05,56.44,0,43.56,3292,5440739,58.51,4093,5092810,54.77,0,0,0,0,0,0
2021-05-06,56.5,0,43.5,3646,5444385,58.55,3145,5095955,54.8,0,0,0,0,0,0
2021-05-07,56.52,0,43.48,1847,5446232,58.57,2509,5098464,54.83,0,0,0,0,0,0
2021-05-08,56.53,0,43.47,244,5446476,58.57,508,5098972,54.83,0,0,0,0,0,0
2021-05-09,56.58,0,43.42,2851,5449327,58.6,4751,5103723,54.88,0,0,0,0,0,0
2021-05-10,56.63,0,43.37,2900,5452227,58.63,4715,5108438,54.93,0,0,0,0,0,0
2021-05-11,56.67,0,43.33,2623,5454850,58.66,3882,5112320,54.98,0,0,0,0,0,0
2021-05-12,56.7,0,43.3,2034,5456884,58.68,3342,5115662,55.01,0,0,0,0,0,0
2021-05-13,56.73,0,43.27,2044,5458928,58.7,3688,5119350,55.05,0,0,0,0,0,0
2021-05-14,56.75,0,43.25,979,5459907,58.71,1495,5120845,55.07,0,0,0,0,0,0
2021-05-15,56.75,0,43.25,259,5460166,58.72,260,5121105,55.07,0,0,0,0,0,0
2021-05-16,56.78,0,43.22,529,5460695,58.72,1206,5122311,55.08,0,0,0,0,0,0
2021-05-17,56.81,0,43.19,303,5460998,58.72,848,5123159,55.09,0,0,0,0,0,0
2021-05-18,56.84,0,43.16,1963,5462961,58.75,4940,5128099,55.14,0,0,0,0,0,0
2021-05-19,56.87,0,43.13,2233,5465194,58.77,5043,5133142,55.2,0,0,0,0,0,0
2021-05-20,56.9,0,43.1,2311,5467505,58.79,3880,5137022,55.24,0,0,0,0,0,0
2021-05-21,56.92,0,43.08,1194,5468699,58.81,1414,5138436,55.26,0,0,0,0,0,0
2021-05-22,56.92,0,43.08,206,5468905,58.81,396,5138832,55.26,0,0,0,0,0,0
2021-05-23,56.94,0,43.06,2272,5471177,58.83,3216,5142048,55.3,0,0,0,0,0,0
2021-05-24,56.96,0,43.04,2142,5473319,58.86,3597,5145645,55.33,0,0,0,0,0,0
2021-05-25,56.99,0,43.01,1822,5475141,58.88,2588,5148233,55.36,0,0,0,0,0,0
2021-05-26,57.03,0,42.97,1415,5476556,58.89,2504,5150737,55.39,0,0,0,0,0,0
2021-05-27,57.06,0,42.94,1866,5478422,58.91,3189,5153926,55.42,0,0,0,0,0,0
2021-05-28,57.07,0,42.93,794,5479216,58.92,1406,5155332,55.44,0,0,0,0,0,0
2021-05-29,57.07,0,42.93,192,5479408,58.92,227,5155559,55.44,0,0,0,0,0,0
2021-05-30,57.1,0,42.9,1645,5481053,58.94,1937,5157496,55.46,0,0,0,0,0,0
2021-05-31,57.13,0,42.87,1740,5482793,58.96,2094,5159590,55.48,0,0,0,0,0,0
2021-06-01,57.47,0,42.53,1386,5484179,58.97,1824,5161414,55.5,0,0,0,0,0,0
2021-06-02,57.25,0,42.75,1514,5485693,58.99,1610,5163024,55.52,0,0,0,0,0,0
2021-06-03,57.27,0,42.73,1686,5487379,59.01,1496,5164520,55.54,0,0,0,0,0,0
2021-06-04,57.28,0,42.72,1102,5488481,59.02,784,5165304,55.55,0,0,0,0,0,0
2021-06-05,57.29,0,42.71,184,5488665,59.02,159,5165463,55.55,0,0,0,0,0,0
2021-06-06,57.31,0,42.69,4293,5492958,59.07,1002,5166465,55.56,0,0,0,0,0,0
2021-06-07,57.34,0,42.66,4441,5497399,59.12,814,5167279,55.57,0,0,0,0,0,0
2021-06-08,57.36,0,42.64,3740,5501139,59.16,1175,5168454,55.58,0,0,0,0,0,0
2021-06-09,57.4,0,42.6,3615,5504754,59.2,1331,5169785,55.59,0,0,0,0,0,0
2021-06-10,57.42,0,42.58,3366,5508120,59.23,1300,5171085,55.61,0,0,0,0,0,0
2021-06-11,57.43,0,42.57,1402,5509522,59.25,590,5171675,55.61,0,0,0,0,0,0
2021-06-12,57.43,0,42.57,223,5509745,59.25,173,5171848,55.62,0,0,0,0,0,0
2021-06-13,57.45,0,42.55,3101,5512846,59.28,1260,5173108,55.63,0,0,0,0,0,0
2021-06-14,57.46,0,42.54,3057,5515903,59.32,1534,5174642,55.65,0,0,0,0,0,0
2021-06-15,57.48,0,42.52,3138,5519041,59.35,1378,5176020,55.66,0,0,0,0,0,0
2021-06-16,57.49,0,42.51,2734,5521775,59.38,1004,5177024,55.67,0,0,0,0,0,0
2021-06-17,57.51,0,42.49,2735,5524510,59.41,1209,5178233,55.68,0,0,0,0,0,0
2021-06-18,57.52,0,42.48,1272,5525782,59.42,506,5178739,55.69,0,0,0,0,0,0
2021-06-19,57.52,0,42.48,242,5526024,59.42,139,5178878,55.69,0,0,0,0,0,0
2021-06-20,57.54,0,42.46,3316,5529340,59.46,1332,5180210,55.71,0,0,0,0,0,0
2021-06-21,57.56,0,42.44,5250,5534590,59.52,1218,5181428,55.72,0,0,0,0,0,0
2021-06-22,57.58,0,42.42,6935,5541525,59.59,1101,5182529,55.73,0,0,0,0,0,0
2021-06-23,57.6,0,42.4,10762,5552287,59.71,1304,5183833,55.74,0,0,0,0,0,0
2021-06-24,57.62,0,42.38,12051,5564338,59.84,1466,5185299,55.76,0,0,0,0,0,0
2021-06-25,57.62,0,42.38,7116,5571454,59.91,945,5186244,55.77,0,0,0,0,0,0
2021-06-26,57.63,0,42.37,2280,5573734,59.94,200,5186444,55.77,0,0,0,0,0,0
2021-06-27,57.65,0,42.35,13634,5587368,60.08,3439,5189883,55.81,0,0,0,0,0,0
2021-06-28,57.68,0,42.32,14518,5601886,60.24,3675,5193558,55.85,0,0,0,0,0,0
2021-06-29,57.69,0,42.31,16711,5618597,60.42,3746,5197304,55.89,0,0,0,0,0,0
2021-06-30,57.72,0,42.28,16488,5635085,60.6,3397,5200701,55.93,0,0,0,0,0,0
2021-07-01,57.78,0,42.22,16840,5651925,60.78,3381,5204082,55.96,121,121,0,0,0,0
2021-07-02,57.79,0,42.21,9836,5661761,60.88,1609,5205691,55.98,7,128,0,0,0,0
2021-07-03,57.79,0,42.21,2680,5664441,60.91,300,5205991,55.98,1,129,0,0,0,0
2021-07-04,57.85,0,42.15,17735,5682176,61.1,3161,5209152,56.02,2,131,0,0,0,0
2021-07-05,57.91,0,42.09,17852,5700028,61.3,3046,5212198,56.05,7,138,0,0,0,0
2021-07-06,57.99,0,42.01,17851,5717879,61.49,3412,5215610,56.09,11,149,0,0,0,0
2021-07-07,58.05,0,41.95,15534,5733413,61.65,2703,5218313,56.12,12,161,0,0,0,0
2021-07-08,58.12,0,41.88,16590,5750003,61.83,2883,5221196,56.15,17,178,0,0,0,0
2021-07-09,58.15,0,41.85,11127,5761130,61.95,1535,5222731,56.16,4,182,0,0,0,0
2021-07-10,58.15,0,41.85,4989,5766119,62.01,391,5223122,56.17,6,188,0,0,0,0
2021-07-11,58.22,0,41.78,1458,5767577,62.02,2848,5225970,56.2,9,197,0,0,0,0
2021-07-12,58.29,0,41.71,2428,5770005,62.05,3697,5229667,56.24,58,255,0,0,0,0
2021-07-13,58.36,0,41.64,2965,5772970,62.08,5460,5235127,56.3,124,379,0,0,0,0
2021-07-14,58.42,0,41.58,2748,5775718,62.11,7537,5242664,56.38,441,820,0.01,0,0,0
2021-07-15,58.5,0,41.5,3011,5778729,62.14,9302,5251966,56.48,374,1194,0.01,0,0,0
2021-07-16,58.54,0,41.46,1297,5780026,62.16,5898,5257864,56.54,66,1260,0.01,0,0,0
2021-07-17,58.55,0,41.44,372,5780398,62.16,1394,5259258,56.56,8,1268,0.01,0,0,0
2021-07-18,58.6,0,41.4,2074,5782472,62.18,9771,5269029,56.66,235,1503,0.02,0,0,0
2021-07-19,58.65,0,41.35,3212,5785684,62.22,11346,5280375,56.78,461,1964,0.02,0,0,0
2021-07-20,58.72,0,41.28,2691,5788375,62.25,11915,5292290,56.91,374,2338,0.03,0,0,0
2021-07-21,58.81,0,41.19,2408,5790783,62.27,11881,5304171,57.04,325,2663,0.03,0,0,0
2021-07-22,58.93,0,41.07,2879,5793662,62.3,13281,5317452,57.18,392,3055,0.03,0,0,0
2021-07-23,58.99,0,41.01,2039,5795701,62.32,8249,5325701,57.27,106,3161,0.03,0,0,0
2021-07-24,58.99,0,41,646,5796347,62.33,1486,5327187,57.29,7,3168,0.03,0,0,0
2021-07-25,59.1,0,40.89,4417,5800764,62.38,15499,5342686,57.45,223,3391,0.04,0,0,0
2021-07-26,59.24,0,40.75,5175,5805939,62.43,13537,5356223,57.6,325,3716,0.04,0,0,0
2021-07-27,59.37,0.01,40.62,5493,5811432,62.49,13579,5369802,57.74,414,4130,0.04,0,0,0
2021-07-28,59.5,0.01,40.49,3991,5815423,62.54,12345,5382147,57.88,472,4602,0.05,0,0,0
2021-07-29,59.65,0.01,40.33,4665,5820088,62.59,14206,5396353,58.03,533,5135,0.06,0,0,0
2021-07-30,59.74,0.02,40.25,2658,5822746,62.61,10859,5407212,58.15,4122,9257,0.1,0,0,0
2021-07-31,59.75,0.02,40.23,1407,5824153,62.63,3554,5410766,58.18,6159,15416,0.17,0,0,0
2021-08-01,59.91,0.02,40.06,3079,5827232,62.66,3367,5414133,58.22,31048,46464,0.5,0,0,0
2021-08-02,60.06,0.03,39.91,3134,5830366,62.7,3176,5417309,58.26,58514,104978,1.13,0,0,0
2021-08-03,60.21,0.03,39.76,3388,5833754,62.73,3332,5420641,58.29,78954,183932,1.98,0,0,0
2021-08-04,60.34,0.03,39.63,3535,5837289,62.77,3256,5423897,58.33,80766,264698,2.85,0,0,0
2021-08-05,60.49,0.04,39.47,4515,5841804,62.82,3572,5427469,58.36,88442,353140,3.8,0,0,0
2021-08-06,60.6,0.04,39.36,2437,5844241,62.85,1864,5429333,58.38,44744,397884,4.28,0,0,0
2021-08-07,60.63,0.04,39.32,1034,5845275,62.86,701,5430034,58.39,27353,425237,4.57,0,0,0
2021-08-08,60.68,0.04,39.28,4991,5850266,62.91,3082,5433116,58.43,80087,505324,5.43,0,0,0
2021-08-09,60.72,0.04,39.24,5341,5855607,62.97,3064,5436180,58.46,76489,581813,6.26,0,0,0
2021-08-10,60.75,0.04,39.2,5554,5861161,63.03,3211,5439391,58.49,75427,657240,7.07,0,0,0
2021-08-11,60.79,0.04,39.17,5696,5866857,63.09,2949,5442340,58.52,62642,719882,7.74,0,0,0
2021-08-12,60.83,0.04,39.12,7039,5873896,63.17,3291,5445631,58.56,59463,779345,8.38,0,0,0
2021-08-13,60.84,0.05,39.11,3821,5877717,63.21,2074,5447705,58.58,43870,823215,8.85,0,0,0
2021-08-14,60.85,0.05,39.1,2255,5879972,63.23,854,5448559,58.59,44486,867701,9.33,0,0,0
2021-08-15,60.89,0.05,39.06,7144,5887116,63.31,4531,5453090,58.64,97986,965687,10.38,0,0,0
2021-08-16,60.92,0.04,39.03,6991,5894107,63.38,4750,5457840,58.69,89522,1055209,11.35,0,0,0
2021-08-17,60.96,0.04,39,7573,5901680,63.46,5138,5462978,58.75,83320,1138529,12.24,0,0,0
2021-08-18,60.99,0.04,38.96,8644,5910324,63.56,4603,5467581,58.8,69269,1207798,12.99,0,0,0
2021-08-19,61.03,0.04,38.92,10082,5920406,63.67,5217,5472798,58.85,65976,1273774,13.7,0,0,0
2021-08-20,61.05,0.05,38.9,4770,5925176,63.72,2828,5475626,58.88,60454,1334228,14.35,0,0,0
2021-08-21,61.06,0.05,38.89,3499,5928675,63.75,1580,5477206,58.9,50727,1384955,14.89,0,0,0
2021-08-22,61.12,0.04,38.84,9822,5938497,63.86,4808,5482014,58.95,105113,1490068,16.02,0,0,0
2021-08-23,61.17,0.04,38.79,10923,5949420,63.98,4448,5486462,59,94035,1584103,17.03,0,0,0
2021-08-24,61.23,0.04,38.73,11721,5961141,64.1,4701,5491163,59.05,98562,1682665,18.09,0,0,0
2021-08-25,61.29,0.04,38.67,9613,5970754,64.21,4484,5495647,59.1,99559,1782224,19.17,0,0,0
2021-08-26,61.36,0.03,38.61,10114,5980868,64.32,5059,5500706,59.15,101234,1883458,20.25,0,0,0
2021-08-27,61.35,0.04,38.61,4325,5985193,64.36,2790,5503496,59.18,56695,1940153,20.86,0,0,0
2021-08-28,61.4,0.04,38.57,3704,5988897,64.4,1500,5504996,59.2,33542,1973695,21.22,0,0,0
2021-08-29,61.46,0.03,38.5,10323,5999220,64.51,5932,5510928,59.26,79551,2053246,22.08,0,0,0
2021-08-30,61.53,0.03,38.44,12333,6011553,64.65,7017,5517945,59.34,116010,2169256,23.33,0,0,0
2021-08-31,61.6,0.03,38.37,12076,6023629,64.78,6529,5524474,59.41,114884,2284140,24.56,0,0,0
2021-09-01,61.43,0.03,38.54,9037,6032666,64.87,6043,5530517,59.47,112495,2396635,25.77,0,0,0
2021-09-02,61.49,0.03,38.48,8784,6041450,64.97,7186,5537703,59.55,111548,2508183,26.97,0,0,0
2021-09-03,61.56,0.03,38.42,3751,6045201,65.01,4118,5541821,59.59,58886,2567069,27.61,0,0,0
2021-09-04,61.59,0.03,38.38,2692,6047893,65.04,2023,5543844,59.62,29954,2597023,27.93,0,0,0
2021-09-05,61.68,0.03,38.29,6991,6054884,65.11,6460,5550304,59.69,73328,2670351,28.72,0,0,0
2021-09-06,61.77,0.03,38.2,2836,6057720,65.14,2718,5553022,59.71,22800,2693151,28.96,0,0,0
2021-09-07,61.85,0.03,38.12,1202,6058922,65.15,880,5553902,59.72,5398,2698549,29.02,0,0,0
2021-09-08,61.93,0.03,38.05,1380,6060302,65.17,1196,5555098,59.74,6621,2705170,29.09,0,0,0
2021-09-09,62.02,0.03,37.95,7092,6067394,65.25,12574,5567672,59.87,73847,2779017,29.88,0,0,0
2021-09-10,62.06,0.03,37.91,3258,6070652,65.28,5016,5572688,59.93,37938,2816955,30.29,0,0,0
2021-09-11,62.08,0.03,37.89,2109,6072761,65.3,2509,5575197,59.95,14817,2831772,30.45,0,0,0
2021-09-12,62.16,0.03,37.81,6105,6078866,65.37,8589,5583786,60.05,54137,2885909,31.03,0,0,0
2021-09-13,62.15,0.03,37.82,5611,6084477,65.43,8264,5592050,60.13,47984,2933893,31.55,0,0,0
2021-09-14,62.2,0.03,37.77,4964,6089441,65.48,7424,5599474,60.21,48855,2982748,32.07,0,0,0
2021-09-15,62.25,0.03,37.72,1751,6091192,65.5,2719,5602193,60.24,16687,2999435,32.25,0,0,0
2021-09-16,62.37,0.03,37.6,343,6091535,65.51,550,5602743,60.25,1740,3001175,32.27,0,0,0
2021-09-17,62.42,0.03,37.54,3684,6095219,65.55,7022,5609765,60.32,42907,3044082,32.73,0,0,0
2021-09-18,62.45,0.03,37.52,2258,6097477,65.57,2946,5612711,60.36,12784,3056866,32.87,0,0,0
2021-09-19,62.55,0.03,37.42,5943,6103420,65.63,10713,5623424,60.47,44331,3101197,33.35,0,0,0
2021-09-20,62.63,0.03,37.34,3246,6106666,65.67,4647,5628071,60.52,16708,3117905,33.53,0,0,0
2021-09-21,62.69,0.03,37.28,1340,6108006,65.68,2068,5630139,60.54,3477,3121382,33.57,0,0,0
2021-09-22,62.72,0.03,37.25,4260,6112266,65.73,7250,5637389,60.62,25072,3146454,33.84,0,0,0
2021-09-23,62.75,0.03,37.22,4391,6116657,65.78,5918,5643307,60.69,27834,3174288,34.13,0,0,0
2021-09-24,62.82,0.03,37.15,3203,6119860,65.81,4185,5647492,60.73,27724,3202012,34.43,0,0,0
2021-09-25,62.85,0.03,37.12,2080,6121940,65.83,2264,5649756,60.75,10443,3212455,34.55,0,0,0
2021-09-26,62.96,0.03,37,5605,6127545,65.89,5973,5655729,60.82,36271,3248726,34.94,0,0,0
2021-09-27,63.02,0.03,36.94,4696,6132241,65.94,4469,5660198,60.87,30457,3279183,35.26,0,0,0
2021-09-28,63.06,0.04,36.91,1473,6133714,65.96,1187,5661385,60.88,6250,3285433,35.33,0,0,0
2021-09-29,63.13,0.03,36.84,9622,6143336,66.06,8349,5669734,60.97,60325,3345758,35.98,0,0,0
2021-09-30,63.18,0.03,36.79,10976,6154312,66.18,8580,5678314,61.06,79704,3425462,36.84,0,0,0
2021-10-01,63.23,0.03,36.73,5128,6159440,66.24,3876,5682190,61.1,46546,3472008,37.34,0,0,0
2021-10-02,63.26,0.03,36.71,2865,6162305,66.27,2128,5684318,61.13,22433,3494441,37.58,0,0,0
2021-10-03,63.35,0.03,36.62,11668,6173973,66.39,7275,5691593,61.2,70726,3565167,38.34,0,0,0
2021-10-04,63.4,0.03,36.57,10321,6184294,66.5,6759,5698352,61.28,51912,3617079,38.9,0,0,0
2021-10-05,63.41,0.03,36.55,8461,6192755,66.59,5314,5703666,61.33,40481,3657560,39.33,0,0,0
2021-10-06,63.52,0.03,36.45,7543,6200298,66.67,4185,5707851,61.38,34151,3691711,39.7,0,0,0
2021-10-07,63.63,0.03,36.34,6895,6207193,66.75,4011,5711862,61.42,34073,3725784,40.07,0,0,0
2021-10-08,63.68,0.03,36.29,3086,6210279,66.78,2644,5714506,61.45,19250,3745034,40.27,0,0,0
2021-10-09,63.71,0.03,36.26,1341,6211620,66.8,1444,5715950,61.47,7441,3752475,40.35,0,0,0
2021-10-10,63.82,0.04,36.14,4677,6216297,66.85,3747,5719697,61.51,21519,3773994,40.58,0,0,0
2021-10-11,63.91,0.04,36.05,4299,6220596,66.89,2946,5722643,61.54,17270,3791264,40.77,0,0,0
2021-10-12,63.99,0.05,35.96,3977,6224573,66.94,3007,5725650,61.57,15357,3806621,40.93,0,0,0
2021-10-13,64.09,0.05,35.86,3487,6228060,66.97,2451,5728101,61.6,13587,3820208,41.08,0,0,0
2021-10-14,64.19,0.06,35.75,3870,6231930,67.02,2686,5730787,61.63,16569,3836777,41.26,0,0,0
2021-10-15,64.23,0.07,35.7,1705,6233635,67.03,1686,5732473,61.64,9012,3845789,41.36,0,0,0
2021-10-16,64.25,0.08,35.67,729,6234364,67.04,958,5733431,61.65,4036,3849825,41.4,0,0,0
2021-10-17,64.36,0.09,35.56,3090,6237454,67.07,2526,5735957,61.68,12798,3862623,41.54,0,0,0
2021-10-18,64.43,0.1,35.47,2459,6239913,67.1,1694,5737651,61.7,10069,3872692,41.64,0,0,0
2021-10-19,64.49,0.1,35.4,2399,6242312,67.13,1284,5738935,61.71,9295,3881987,41.74,0,0,0
2021-10-20,64.14,0.52,35.34,2438,6244750,67.15,2304,5741239,61.74,10104,3892091,41.85,0,0,0
2021-10-21,54.23,10.41,35.36,3033,6247783,67.19,3098,5744337,61.77,12164,3904255,41.98,0,0,0
2021-10-22,54.36,10.26,35.38,1279,6249062,67.2,1439,5745776,61.79,5842,3910097,42.05,0,0,0
2021-10-23,54.42,10.19,35.39,575,6249637,67.21,1266,5747042,61.8,2565,3912662,42.07,0,0,0
2021-10-24,54.22,10.43,35.35,2518,6252155,67.23,2653,5749695,61.83,9855,3922517,42.18,0,0,0
2021-10-25,54.59,10.22,35.19,2640,6254795,67.26,2753,5752448,61.86,8511,3931028,42.27,0,0,0
2021-10-26,54.64,10.26,35.1,2381,6257176,67.29,2058,5754506,61.88,8531,3939559,42.36,0,0,0
2021-10-27,54.58,10.37,35.06,2292,6259468,67.31,2566,5757072,61.91,7959,3947518,42.45,0,0,0
2021-10-28,54.69,10.76,34.55,2508,6261976,67.34,2782,5759854,61.94,8676,3956194,42.54,0,0,0
2021-10-29,54.73,10.75,34.52,904,6262880,67.35,1154,5761008,61.95,4138,3960332,42.59,0,0,0
2021-10-30,54.68,10.81,34.52,366,6263246,67.35,530,5761538,61.96,1712,3962044,42.61,0,0,0
2021-10-31,54.83,10.7,34.47,2262,6265508,67.38,2495,5764033,61.98,8255,3970299,42.69,0,0,0
2021-11-01,54.95,10.63,34.42,1737,6267245,67.39,2094,5766127,62.01,6481,3976780,42.76,0,0,0
2021-11-02,54.89,10.69,34.42,2026,6269271,67.42,2050,5768177,62.03,6296,3983076,42.83,0,0,0
2021-11-03,54.86,10.75,34.39,1764,6271035,67.44,1897,5770074,62.05,5556,3988632,42.89,0,0,0
2021-11-04,54.85,10.81,34.33,2111,6273146,67.46,2802,5772876,62.08,7134,3995766,42.97,0,0,0
2021-11-05,54.85,10.83,34.32,793,6273939,67.47,907,5773783,62.09,3488,3999254,43.01,0,0,0
2021-11-06,54.82,10.86,34.32,347,6274286,67.47,389,5774172,62.09,1375,4000629,43.02,0,0,0
2021-11-07,54.92,10.8,34.28,1578,6275864,67.49,1770,5775942,62.11,6133,4006762,43.09,0,0,0
2021-11-08,55.01,10.75,34.24,1521,6277385,67.5,1603,5777545,62.13,5406,4012168,43.14,0,0,0
2021-11-09,55.05,10.74,34.21,1429,6278814,67.52,1612,5779157,62.15,5333,4017501,43.2,0,0,0
2021-11-10,55.08,10.73,34.19,1424,6280238,67.53,1662,5780819,62.16,4779,4022280,43.25,0,0,0
2021-11-11,55.15,10.69,34.15,1628,6281866,67.55,1948,5782767,62.19,5719,4027999,43.32,0,0,0
2021-11-12,55.17,10.69,34.14,637,6282503,67.56,826,5783593,62.19,2926,4030925,43.35,0,0,0
2021-11-13,55.14,10.72,34.14,259,6282762,67.56,291,5783884,62.2,1131,4032056,43.36,0,0,0
2021-11-14,55.21,10.68,34.11,1536,6284298,67.58,1639,5785523,62.21,5111,4037167,43.41,0,0,0
2021-11-15,55.28,10.63,34.09,1275,6285573,67.59,1628,5787151,62.23,4770,4041937,43.46,0,0,0
2021-11-16,55.32,10.62,34.07,1275,6286848,67.61,1419,5788570,62.25,4349,4046286,43.51,0,0,0
2021-11-17,55.35,10.6,34.05,1208,6288056,67.62,1567,5790137,62.26,3915,4050201,43.55,0,0,0
2021-11-18,55.41,10.58,34.02,1364,6289420,67.63,1693,5791830,62.28,5014,4055215,43.61,0,0,0
2021-11-19,55.42,10.57,34.01,589,6290009,67.64,765,5792595,62.29,2460,4057675,43.63,0,0,0
2021-11-20,55.41,10.58,34,238,6290247,67.64,258,5792853,62.29,930,4058605,43.64,0,0,0
2021-11-21,55.47,10.54,33.98,1409,6291656,67.66,1542,5794395,62.31,4881,4063486,43.7,0,0,0
2021-11-22,55.54,10.5,33.96,1681,6293337,67.68,1523,5795918,62.33,4238,4067724,43.74,0,0,0
2021-11-23,55.57,10.48,33.95,8616,6301953,67.77,1688,5797606,62.34,4012,4071736,43.79,0,0,0
2021-11-24,55.6,10.44,33.95,9348,6311301,67.87,1319,5798925,62.36,3925,4075661,43.83,0,0,0
2021-11-25,55.64,10.43,33.93,9808,6321109,67.97,1600,5800525,62.38,4841,4080502,43.88,0,0,0
2021-11-26,55.63,10.45,33.92,5610,6326719,68.03,753,5801278,62.38,2807,4083309,43.91,0,0,0
2021-11-27,55.62,10.46,33.92,4776,6331495,68.09,324,5801602,62.39,1164,4084473,43.92,0,0,0
2021-11-28,55.67,10.43,33.9,10148,6341643,68.19,1481,5803083,62.4,4907,4089380,43.98,0,0,0
2021-11-29,55.73,10.39,33.88,9043,6350686,68.29,1135,5804218,62.42,4378,4093758,44.02,0,0,0
2021-11-30,55.77,10.37,33.86,10043,6360729,68.4,1039,5805257,62.43,4085,4097843,44.07,0,0,0
2021-12-01,55.79,10.36,33.84,8629,6369358,68.49,1098,5806355,62.44,4445,4102288,44.11,5,5,0
2021-12-02,55.84,10.34,33.82,9173,6378531,68.59,1457,5807812,62.45,5126,4107414,44.17,6,11,0
2021-12-03,55.86,10.33,33.81,6329,6384860,68.66,673,5808485,62.46,2868,4110282,44.2,1,12,0
2021-12-04,55.85,10.34,33.81,2509,6387369,68.69,239,5808724,62.46,926,4111208,44.21,3,15,0
2021-12-05,55.9,10.31,33.79,8334,6395703,68.78,1254,5809978,62.48,4683,4115891,44.26,1,16,0
2021-12-06,55.95,10.27,33.78,6720,6402423,68.85,1200,5811178,62.49,4351,4120242,44.31,4,20,0
2021-12-07,55.99,10.25,33.76,5553,6407976,68.91,1506,5812684,62.51,3966,4124208,44.35,9,29,0
2021-12-08,56.03,10.22,33.75,4934,6412910,68.96,1201,5813885,62.52,3885,4128093,44.39,10,39,0
2021-12-09,56.08,10.19,33.73,6239,6419149,69.03,1241,5815126,62.53,4508,4132601,44.44,8,47,0
2021-12-10,56.1,10.18,33.72,3006,6422155,69.06,704,5815830,62.54,2687,4135288,44.47,4,51,0
2021-12-11,56.1,10.18,33.71,1491,6423646,69.08,255,5816085,62.54,1022,4136310,44.48,0,51,0
2021-12-12,56.16,10.15,33.69,7273,6430919,69.15,1444,5817529,62.56,5249,4141559,44.54,3,54,0
2021-12-13,56.21,10.11,33.67,6180,6437099,69.22,1377,5818906,62.57,4351,4145910,44.58,5,59,0
2021-12-14,56.27,10.09,33.65,7316,6444415,69.3,6098,5825004,62.64,4941,4150851,44.64,12,71,0
2021-12-15,56.34,10.06,33.6,7204,6451619,69.38,7404,5832408,62.72,5446,4156297,44.69,7,78,0
2021-12-16,56.53,10.05,33.42,8079,6459698,69.46,8610,5841018,62.81,6565,4162862,44.77,8,86,0
2021-12-17,56.64,10.05,33.3,4406,6464104,69.51,5141,5846159,62.87,3955,4166817,44.81,3,89,0
2021-12-18,56.73,10.07,33.2,3941,6468045,69.55,2913,5849072,62.9,1361,4168178,44.82,2,91,0
2021-12-19,56.92,10.04,33.04,6978,6475023,69.63,9328,5858400,63,6276,4174454,44.89,6,97,0
2021-12-20,57.07,10.02,32.91,7971,6482994,69.71,7520,5865920,63.08,5447,4179901,44.95,9,106,0
2021-12-21,57.27,10.01,32.71,9548,6492542,69.82,8647,5874567,63.17,6493,4186394,45.02,8,114,0
2021-12-22,57.49,10,32.52,9663,6502205,69.92,8152,5882719,63.26,6258,4192652,45.09,12,126,0
2021-12-23,57.7,9.97,32.33,11539,6513744,70.05,10262,5892981,63.37,8161,4200813,45.17,16,142,0
2021-12-24,57.83,9.96,32.21,5875,6519619,70.11,6241,5899222,63.44,5281,4206094,45.23,12,154,0
2021-12-25,57.9,9.96,32.15,3338,6522957,70.14,2566,5901788,63.46,2022,4208116,45.25,6,160,0
2021-12-26,58.1,9.92,31.98,10652,6533609,70.26,8909,5910697,63.56,8202,4216318,45.34,8,168,0
2021-12-27,58.27,9.9,31.83,10370,6543979,70.37,7142,5917839,63.64,8188,4224506,45.43,26,194,0
2021-12-28,58.46,9.88,31.66,11375,6555354,70.49,7451,5925290,63.72,9643,4234149,45.53,31,225,0
2021-12-29,58.64,9.85,31.51,9933,6565287,70.6,5964,5931254,63.78,8376,4242525,45.62,21,246,0
2021-12-30,58.84,9.82,31.34,11012,6576299,70.72,7735,5938989,63.87,12240,4254765,45.75,10,256,0
2021-12-31,58.9,9.79,31.3,4829,6581128,70.77,3672,5942661,63.9,7296,4262061,45.83,135,391,0
2022-01-01,58.93,9.79,31.28,1993,6583121,70.79,1592,5944253,63.92,2741,4264802,45.86,66,457,0
2022-01-02,59.14,9.76,31.1,10216,6593337,70.9,6487,5950740,63.99,13002,4277804,46,590,1047,0.01
2022-01-03,59.29,9.71,31,9384,6602721,71,5259,5955999,64.05,11343,4289147,46.12,25055,26102,0.28
2022-01-04,59.46,9.68,30.86,8963,6611684,71.1,5947,5961946,64.11,10525,4299672,46.24,50665,76767,0.83
2022-01-05,59.56,9.65,30.79,8553,6620237,71.19,5740,5967686,64.17,10493,4310165,46.35,59595,136362,1.47
2022-01-06,59.81,9.63,30.56,10339,6630576,71.3,7958,5975644,64.26,13532,4323697,46.49,64006,200368,2.15
2022-01-07,59.89,9.61,30.49,4759,6635335,71.35,4557,5980201,64.31,8167,4331864,46.58,31136,231504,2.49
2022-01-08,59.9,9.64,30.46,2750,6638085,71.38,2451,5982652,64.33,5502,4337366,46.64,27633,259137,2.79
2022-01-09,60.06,9.59,30.35,9305,6647390,71.48,7724,5990376,64.42,11871,4349237,46.77,66773,325910,3.5
2022-01-10,60.21,9.54,30.25,8347,6655737,71.57,7646,5998022,64.5,11885,4361122,46.9,64783,390693,4.2
2022-01-11,60.38,9.49,30.13,8097,6663834,71.66,8622,6006644,64.59,11974,4373096,47.03,56662,447355,4.81
2022-01-12,60.51,9.45,30.04,7275,6671109,71.74,8305,6014949,64.68,11114,4384210,47.15,44633,491988,5.29
2022-01-13,60.7,9.35,29.94,7509,6678618,71.82,9616,6024565,64.79,11549,4395759,47.27,34769,526757,5.66
2022-01-14,60.79,9.31,29.9,2555,6681173,71.85,4935,6029500,64.84,6147,4401906,47.34,11146,537903,5.78
2022-01-15,60.83,9.29,29.87,1469,6682642,71.86,3170,6032670,64.87,3885,4405791,47.38,5716,543619,5.85
2022-01-16,60.97,9.2,29.82,3817,6686459,71.9,8524,6041194,64.96,7682,4413473,47.46,19993,563612,6.06
2022-01-17,61.09,9.13,29.78,2808,6689267,71.93,7047,6048241,65.04,6173,4419646,47.53,17835,581447,6.25
2022-01-18,61.23,9.07,29.7,2475,6691742,71.96,7386,6055627,65.12,5535,4425181,47.59,14819,596266,6.41
2022-01-19,61.37,8.98,29.65,1915,6693657,71.98,6368,6061995,65.19,4523,4429704,47.63,8462,604728,6.5
2022-01-20,61.44,8.85,29.71,1777,6695434,72,6971,6068966,65.26,4792,4434496,47.69,8042,612770,6.59
2022-01-21,61.51,8.81,29.68,905,6696339,72.01,3725,6072691,65.3,2646,4437142,47.71,3358,616128,6.63
2022-01-22,61.51,8.75,29.74,327,6696666,72.01,1462,6074153,65.32,1068,4438210,47.73,1114,617242,6.64
2022-01-23,61.61,8.7,29.69,1068,6697734,72.02,5632,6079785,65.38,2879,4441089,47.76,6083,623325,6.7
2022-01-24,61.73,8.62,29.65,759,6698493,72.03,4481,6084266,65.43,2271,4443360,47.78,5057,628382,6.76
2022-01-25,61.9,8.51,29.59,743,6699236,72.04,4401,6088667,65.47,2187,4445547,47.81,7103,635485,6.83
2022-01-26,62.02,8.42,29.57,615,6699851,72.05,3286,6091953,65.51,1612,4447159,47.82,4263,639748,6.88
2022-01-27,62.12,8.35,29.52,797,6700648,72.06,4405,6096358,65.56,2006,4449165,47.84,5441,645189,6.94
2022-01-28,62.16,8.33,29.5,397,6701045,72.06,2376,6098734,65.58,1182,4450347,47.86,3452,648641,6.98
2022-01-29,62.23,8.29,29.48,124,6701169,72.06,1046,6099780,65.59,425,4450772,47.86,1162,649803,6.99
2022-01-30,62.3,8.24,29.46,769,6701938,72.07,4719,6104499,65.64,2020,4452792,47.88,8099,657902,7.07
2022-01-31,62.39,8.17,29.43,528,6702466,72.08,3183,6107682,65.68,1610,4454402,47.9,6472,664374,7.14
2022-02-01,62.45,8.15,29.4,482,6702948,72.08,2809,6110491,65.71,1526,4455928,47.92,5722,670096,7.21
2022-02-02,62.28,8.13,29.59,375,6703323,72.08,2394,6112885,65.73,1386,4457314,47.93,5073,675169,7.26
2022-02-03,62.34,8.08,29.57,446,6703769,72.09,2776,6115661,65.76,1462,4458776,47.95,5607,680776,7.32
2022-02-04,62.37,8.06,29.57,174,6703943,72.09,991,6116652,65.78,758,4459534,47.96,2455,683231,7.35
2022-02-05,62.34,8.09,29.56,62,6704005,72.09,342,6116994,65.78,221,4459755,47.96,420,683651,7.35
2022-02-06,62.41,8.05,29.55,407,6704412,72.1,2321,6119315,65.8,1344,4461099,47.97,5687,689338,7.41
2022-02-07,62.47,8.01,29.52,283,6704695,72.1,1308,6120623,65.82,984,4462083,47.98,5961,695299,7.48
2022-02-08,62.54,7.97,29.49,317,6705012,72.1,1498,6122121,65.83,1068,4463151,47.99,6138,701437,7.54
2022-02-09,62.6,7.95,29.45,254,6705266,72.11,1102,6123223,65.85,946,4464097,48,4571,706008,7.59
2022-02-10,62.63,7.93,29.44,273,6705539,72.11,1292,6124515,65.86,936,4465033,48.01,4816,710824,7.64
2022-02-11,62.67,7.91,29.42,212,6705751,72.11,557,6125072,65.87,519,4465552,48.02,2540,713364,7.67
2022-02-12,62.67,7.91,29.41,32,6705783,72.11,91,6125163,65.87,137,4465689,48.02,269,713633,7.67
2022-02-13,62.73,7.87,29.39,286,6706069,72.11,946,6126109,65.88,967,4466656,48.03,4998,718631,7.73
2022-02-14,62.89,7.74,29.36,179,6706248,72.12,628,6126737,65.88,761,4467417,48.04,3143,721774,7.76
2022-02-15,62.92,7.73,29.35,266,6706514,72.12,763,6127500,65.89,938,4468355,48.05,3819,725593,7.8
2022-02-16,62.95,7.72,29.34,179,6706693,72.12,577,6128077,65.9,803,4469158,48.06,2488,728081,7.83
2022-02-17,62.96,7.7,29.34,247,6706940,72.12,740,6128817,65.91,775,4469933,48.07,3061,731142,7.86
2022-02-18,62.98,7.69,29.33,130,6707070,72.12,343,6129160,65.91,442,4470375,48.07,1119,732261,7.87
2022-02-19,62.99,7.69,29.32,33,6707103,72.12,84,6129244,65.91,82,4470457,48.07,80,732341,7.88
2022-02-20,63.01,7.67,29.32,204,6707307,72.13,604,6129848,65.92,723,4471180,48.08,2574,734915,7.9
2022-02-21,63.04,7.65,29.31,173,6707480,72.13,413,6130261,65.92,490,4471670,48.09,1542,736457,7.92
2022-02-22,63.05,7.65,29.3,158,6707638,72.13,455,6130716,65.93,570,4472240,48.09,1871,738328,7.94
2022-02-23,63.06,7.65,29.29,109,6707747,72.13,353,6131069,65.93,453,4472693,48.1,1153,739481,7.95
2022-02-24,63.05,7.66,29.29,138,6707885,72.13,463,6131532,65.94,568,4473261,48.1,1493,740974,7.97
2022-02-25,63.06,7.66,29.28,59,6707944,72.13,144,6131676,65.94,193,4473454,48.11,456,741430,7.97
2022-02-26,63.05,7.67,29.28,17,6707961,72.13,28,6131704,65.94,161,4473615,48.11,35,741465,7.97
2022-02-27,63.05,7.67,29.28,112,6708073,72.14,341,6132045,65.94,448,4474063,48.11,1119,742584,7.99
2022-02-28,63.07,7.65,29.28,108,6708181,72.14,271,6132316,65.94,426,4474489,48.12,908,743492,8
2022-03-01,63.1,7.63,29.27,97,6708278,72.14,281,6132597,65.95,373,4474862,48.12,797,744289,8
2022-03-02,63.11,7.62,29.27,77,6708355,72.14,199,6132796,65.95,324,4475186,48.12,698,744987,8.01
2022-03-03,63.05,7.67,29.27,157,6708512,72.14,371,6133167,65.95,499,4475685,48.13,987,745974,8.02
2022-03-04,63.05,7.68,29.27,54,6708566,72.14,170,6133337,65.95,170,4475855,48.13,228,746202,8.02
2022-03-05,63.04,7.69,29.27,5,6708571,72.14,25,6133362,65.96,44,4475899,48.13,32,746234,8.02
2022-03-06,63.04,7.69,29.27,98,6708669,72.14,259,6133621,65.96,417,4476316,48.14,760,746994,8.03
2022-03-07,63.05,7.69,29.26,88,6708757,72.14,260,6133881,65.96,354,4476670,48.14,605,747599,8.04
2022-03-08,63.04,7.7,29.26,100,6708857,72.14,263,6134144,65.96,333,4477003,48.14,550,748149,8.05
2022-03-09,63.02,7.72,29.25,89,6708946,72.14,213,6134357,65.97,337,4477340,48.15,492,748641,8.05
2022-03-10,63.01,7.74,29.25,115,6709061,72.15,375,6134732,65.97,428,4477768,48.15,620,749261,8.06
2022-03-11,63,7.75,29.25,24,6709085,72.15,85,6134817,65.97,123,4477891,48.15,144,749405,8.06
2022-03-12,62.98,7.77,29.24,11,6709096,72.15,12,6134829,65.97,34,4477925,48.15,28,749433,8.06
2022-03-13,62.98,7.78,29.24,100,6709196,72.15,271,6135100,65.97,359,4478284,48.16,595,750028,8.07
2022-03-14,62.98,7.78,29.24,66,6709262,72.15,253,6135353,65.98,316,4478600,48.16,559,750587,8.07
2022-03-15,62.95,7.81,29.24,80,6709342,72.15,185,6135538,65.98,293,4478893,48.16,591,751178,8.08
2022-03-16,62.94,7.82,29.24,77,6709419,72.15,205,6135743,65.98,305,4479198,48.17,668,751846,8.09
2022-03-17,62.94,7.82,29.24,65,6709484,72.15,122,6135865,65.98,286,4479484,48.17,613,752459,8.09
2022-03-18,62.94,7.82,29.24,20,6709504,72.15,54,6135919,65.98,100,4479584,48.17,234,752693,8.09
2022-03-19,62.89,7.88,29.23,6,6709510,72.15,11,6135930,65.98,29,4479613,48.17,39,752732,8.09
2022-03-20,62.87,7.89,29.23,120,6709630,72.15,260,6136190,65.99,486,4480099,48.18,1431,754163,8.11
2022-03-21,62.87,7.9,29.23,97,6709727,72.15,249,6136439,65.99,379,4480478,48.18,1132,755295,8.12
2022-03-22,62.84,7.94,29.23,141,6709868,72.15,342,6136781,65.99,508,4480986,48.19,1770,757065,8.14
2022-03-23,62.81,7.97,29.22,108,6709976,72.16,212,6136993,65.99,463,4481449,48.19,1677,758742,8.16
2022-03-24,62.78,8,29.22,175,6710151,72.16,345,6137338,66,769,4482218,48.2,2363,761105,8.18
2022-03-25,62.78,8,29.23,39,6710190,72.16,83,6137421,66,159,4482377,48.2,630,761735,8.19
2022-03-26,62.77,8,29.22,12,6710202,72.16,13,6137434,66,34,4482411,48.2,91,761826,8.19
2022-03-27,62.75,8.02,29.22,168,6710370,72.16,344,6137778,66,760,4483171,48.21,3193,765019,8.23
2022-03-28,62.75,8.03,29.22,113,6710483,72.16,272,6138050,66.01,623,4483794,48.22,2416,767435,8.25
2022-03-29,62.7,8.07,29.22,125,6710608,72.16,260,6138310,66.01,641,4484435,48.22,2772,770207,8.28
2022-03-30,62.81,8.11,29.07,132,6710740,72.16,208,6138518,66.01,542,4484977,48.23,2371,772578,8.31
2022-03-31,62.79,8.11,29.1,166,6710906,72.17,302,6138820,66.01,732,4485709,48.24,2853,775431,8.34
2022-04-01,62.72,8.13,29.15,122,6711028,72.17,161,6138981,66.02,277,4485986,48.24,589,776020,8.34
2022-04-02,62.69,8.15,29.16,7,6711035,72.17,7,6138988,66.02,37,4486023,48.24,52,776072,8.35
2022-04-03,62.65,8.16,29.19,159,6711194,72.17,270,6139258,66.02,569,4486592,48.25,2478,778550,8.37
2022-04-04,62.62,8.16,29.22,103,6711297,72.17,208,6139466,66.02,485,4487077,48.25,2225,780775,8.4
2022-04-05,62.57,8.19,29.25,123,6711420,72.17,221,6139687,66.02,513,4487590,48.26,2243,783018,8.42
2022-04-06,62.55,8.2,29.25,91,6711511,72.17,157,6139844,66.02,382,4487972,48.26,2023,785041,8.44
2022-04-07,62.56,8.2,29.24,191,6711702,72.17,215,6140059,66.03,641,4488613,48.27,2556,787597,8.47
2022-04-08,62.54,8.22,29.23,30,6711732,72.17,61,6140120,66.03,154,4488767,48.27,482,788079,8.47
2022-04-09,62.52,8.25,29.23,6,6711738,72.17,17,6140137,66.03,28,4488795,48.27,47,788126,8.48
2022-04-10,62.51,8.26,29.23,103,6711841,72.18,265,6140402,66.03,429,4489224,48.27,1845,789971,8.5
2022-04-11,62.54,8.26,29.2,78,6711919,72.18,201,6140603,66.03,371,4489595,48.28,1425,791396,8.51
2022-04-12,62.58,8.29,29.12,204,6712123,72.18,168,6140771,66.03,376,4489971,48.28,1361,792757,8.52
2022-04-13,62.58,8.31,29.1,117,6712240,72.18,150,6140921,66.04,298,4490269,48.29,1218,793975,8.54
2022-04-14,62.57,8.33,29.1,85,6712325,72.18,222,6141143,66.04,321,4490590,48.29,1069,795044,8.55
2022-04-15,62.55,8.35,29.1,10,6712335,72.18,51,6141194,66.04,48,4490638,48.29,82,795126,8.55
2022-04-16,62.53,8.37,29.1,3,6712338,72.18,8,6141202,66.04,21,4490659,48.29,29,795155,8.55
2022-04-17,62.52,8.38,29.1,62,6712400,72.18,131,6141333,66.04,229,4490888,48.29,807,795962,8.56
2022-04-18,62.51,8.38,29.1,68,6712468,72.18,109,6141442,66.04,253,4491141,48.3,750,796712,8.57
2022-04-19,62.5,8.4,29.1,62,6712530,72.18,145,6141587,66.04,273,4491414,48.3,842,797554,8.58
2022-04-20,62.48,8.42,29.1,60,6712590,72.18,117,6141704,66.04,235,4491649,48.3,656,798210,8.58
2022-04-21,62.47,8.43,29.1,53,6712643,72.18,109,6141813,66.05,197,4491846,48.3,480,798690,8.59
2022-04-22,62.45,8.44,29.11,3,6712646,72.18,17,6141830,66.05,19,4491865,48.3,20,798710,8.59
2022-04-23,62.43,8.46,29.11,6,6712652,72.18,9,6141839,66.05,17,4491882,48.3,13,798723,8.59
2022-04-24,62.43,8.47,29.1,92,6712744,72.19,250,6142089,66.05,329,4492211,48.31,872,799595,8.6
2022-04-25,62.43,8.47,29.1,104,6712848,72.19,192,6142281,66.05,316,4492527,48.31,739,800334,8.61
2022-04-26,62.42,8.48,29.1,76,6712924,72.19,175,6142456,66.05,304,4492831,48.31,789,801123,8.61
2022-04-27,62.41,8.49,29.1,54,6712978,72.19,160,6142616,66.05,227,4493058,48.32,640,801763,8.62
2022-04-28,62.41,8.5,29.1,97,6713075,72.19,232,6142848,66.06,329,4493387,48.32,872,802635,8.63
2022-04-29,62.39,8.51,29.1,112,6713187,72.19,159,6143007,66.06,184,4493571,48.32,196,802831,8.63
2022-04-30,62.38,8.52,29.1,1,6713188,72.19,3,6143010,66.06,24,4493595,48.32,22,802853,8.63
2022-05-01,62.38,8.53,29.09,135,6713323,72.19,185,6143195,66.06,317,4493912,48.33,630,803483,8.64
2022-05-02,62.37,8.54,29.09,62,6713385,72.19,155,6143350,66.06,235,4494147,48.33,491,803974,8.65
2022-05-03,62.36,8.55,29.09,73,6713458,72.19,151,6143501,66.06,288,4494435,48.33,508,804482,8.65
2022-05-04,62.35,8.57,29.08,23,6713481,72.19,56,6143557,66.06,63,4494498,48.33,129,804611,8.65
2022-05-05,62.34,8.58,29.08,5,6713486,72.19,1,6143558,66.06,8,4494506,48.33,14,804625,8.65
2022-05-06,62.33,8.59,29.08,20,6713506,72.19,59,6143617,66.07,63,4494569,48.33,154,804779,8.65
2022-05-07,62.32,8.6,29.08,1,6713507,72.19,7,6143624,66.07,27,4494596,48.33,24,804803,8.65
2022-05-08,62.31,8.61,29.08,118,6713625,72.19,207,6143831,66.07,270,4494866,48.34,457,805260,8.66
2022-05-09,62.31,8.61,29.08,59,6713684,72.2,162,6143993,66.07,253,4495119,48.34,505,805765,8.66
2022-05-10,62.3,8.62,29.08,131,6713815,72.2,169,6144162,66.07,261,4495380,48.34,508,806273,8.67
2022-05-11,62.3,8.63,29.08,58,6713873,72.2,118,6144280,66.07,183,4495563,48.34,464,806737,8.68
2022-05-12,62.29,8.64,29.07,119,6713992,72.2,200,6144480,66.07,282,4495845,48.35,667,807404,8.68
2022-05-13,62.28,8.65,29.07,11,6714003,72.2,44,6144524,66.08,71,4495916,48.35,110,807514,8.68
2022-05-14,62.26,8.66,29.07,6,6714009,72.2,13,6144537,66.08,14,4495930,48.35,24,807538,8.68
2022-05-15,62.26,8.67,29.07,90,6714099,72.2,175,6144712,66.08,246,4496176,48.35,665,808203,8.69
2022-05-16,62.19,8.65,29.16,68,6714167,72.2,141,6144853,66.08,230,4496406,48.35,510,808713,8.7
2022-05-17,62.18,8.66,29.16,73,6714240,72.2,153,6145006,66.08,267,4496673,48.35,618,809331,8.7
2022-05-18,62.17,8.67,29.16,43,6714283,72.2,99,6145105,66.08,169,4496842,48.36,447,809778,8.71
2022-05-19,62.16,8.68,29.16,62,6714345,72.2,173,6145278,66.08,213,4497055,48.36,499,810277,8.71
2022-05-20,62.15,8.69,29.16,76,6714421,72.2,114,6145392,66.08,130,4497185,48.36,138,810415,8.71
2022-05-21,62.14,8.7,29.16,4,6714425,72.2,7,6145399,66.08,15,4497200,48.36,18,810433,8.72
2022-05-22,62.14,8.71,29.16,85,6714510,72.2,190,6145589,66.09,216,4497416,48.36,427,810860,8.72
2022-05-23,62.14,8.71,29.16,66,6714576,72.21,120,6145709,66.09,157,4497573,48.36,349,811209,8.72
2022-05-24,62.13,8.71,29.15,43,6714619,72.21,119,6145828,66.09,157,4497730,48.37,394,811603,8.73
2022-05-25,62.12,8.72,29.15,61,6714680,72.21,103,6145931,66.09,168,4497898,48.37,337,811940,8.73
2022-05-26,62.11,8.73,29.16,72,6714752,72.21,136,6146067,66.09,186,4498084,48.37,347,812287,8.73
2022-05-27,62.1,8.74,29.16,12,6714764,72.21,29,6146096,66.09,43,4498127,48.37,59,812346,8.74
2022-05-28,62.09,8.75,29.16,2,6714766,72.21,5,6146101,66.09,8,4498135,48.37,12,812358,8.74
2022-05-29,62.09,8.75,29.16,89,6714855,72.21,153,6146254,66.09,163,4498298,48.37,316,812674,8.74
2022-05-30,62.09,8.76,29.16,56,6714911,72.21,134,6146388,66.1,126,4498424,48.37,291,812965,8.74
2022-05-31,62.07,8.78,29.15,45,6714956,72.21,104,6146492,66.1,153,4498577,48.38,351,813316,8.75
2022-06-01,61.95,8.9,29.16,65,6715021,72.21,90,6146582,66.1,119,4498696,48.38,277,813593,8.75
2022-06-02,45.96,24.88,29.15,77,6715098,72.21,156,6146738,66.1,178,4498874,48.38,255,813848,8.75
2022-06-03,45.9,24.95,29.16,10,6715108,72.21,23,6146761,66.1,21,4498895,48.38,33,813881,8.75
2022-06-04,45.84,25,29.16,0,6715108,72.21,7,6146768,66.1,8,4498903,48.38,5,813886,8.75
2022-06-05,45.8,25.05,29.16,11,6715119,72.21,14,6146782,66.1,7,4498910,48.38,2,813888,8.75
2022-06-06,39.96,30.89,29.16,58,6715177,72.21,145,6146927,66.1,161,4499071,48.38,262,814150,8.76
2022-06-07,39.92,30.93,29.15,54,6715231,72.21,134,6147061,66.1,142,4499213,48.38,379,814529,8.76
2022-06-08,39.89,30.96,29.15,59,6715290,72.21,104,6147165,66.1,131,4499344,48.38,497,815026,8.76
2022-06-09,39.86,30.99,29.15,84,6715374,72.21,208,6147373,66.11,234,4499578,48.39,642,815668,8.77
2022-06-10,39.83,31.02,29.15,15,6715389,72.21,51,6147424,66.11,60,4499638,48.39,142,815810,8.77
2022-06-11,39.8,31.05,29.15,0,6715389,72.21,3,6147427,66.11,7,4499645,48.39,19,815829,8.77
2022-06-12,39.8,31.05,29.15,109,6715498,72.22,200,6147627,66.11,192,4499837,48.39,768,816597,8.78
2022-06-13,39.81,31.04,29.15,84,6715582,72.22,142,6147769,66.11,168,4500005,48.39,626,817223,8.79
2022-06-14,39.79,31.06,29.15,116,6715698,72.22,174,6147943,66.11,208,4500213,48.39,759,817982,8.8
2022-06-15,39.78,31.08,29.15,71,6715769,72.22,141,6148084,66.11,207,4500420,48.4,700,818682,8.8
2022-06-16,39.74,31.11,29.14,94,6715863,72.22,136,6148220,66.11,218,4500638,48.4,742,819424,8.81
2022-06-17,39.72,31.14,29.15,16,6715879,72.22,63,6148283,66.12,53,4500691,48.4,125,819549,8.81
2022-06-18,39.68,31.17,29.14,3,6715882,72.22,4,6148287,66.12,11,4500702,48.4,15,819564,8.81
2022-06-19,39.53,31.33,29.15,115,6715997,72.22,208,6148495,66.12,318,4501020,48.4,877,820441,8.82
2022-06-20,33.92,36.85,29.23,99,6716096,72.22,152,6148647,66.12,307,4501327,48.41,922,821363,8.83
2022-06-21,33.58,37.19,29.23,94,6716190,72.22,154,6148801,66.12,375,4501702,48.41,1229,822592,8.85
2022-06-22,33.28,37.49,29.23,110,6716300,72.22,136,6148937,66.12,339,4502041,48.41,894,823486,8.86
2022-06-23,32.84,37.92,29.23,132,6716432,72.23,217,6149154,66.13,525,4502566,48.42,1146,824632,8.87
2022-06-24,32.43,38.34,29.24,19,6716451,72.23,35,6149189,66.13,110,4502676,48.42,208,824840,8.87
2022-06-25,32.04,38.72,29.24,1,6716452,72.23,3,6149192,66.13,13,4502689,48.42,16,824856,8.87
2022-06-26,31.63,39.13,29.24,107,6716559,72.23,158,6149350,66.13,379,4503068,48.42,933,825789,8.88
2022-06-27,31.29,39.47,29.24,86,6716645,72.23,172,6149522,66.13,392,4503460,48.43,1028,826817,8.89
2022-06-28,30.86,39.91,29.24,85,6716730,72.23,151,6149673,66.13,363,4503823,48.43,932,827749,8.9
2022-06-29,30.48,40.28,29.24,76,6716806,72.23,108,6149781,66.13,265,4504088,48.43,816,828565,8.91
2022-06-30,30.05,40.71,29.24,86,6716892,72.23,165,6149946,66.13,355,4504443,48.44,1062,829627,8.92
2022-07-01,29.62,41.14,29.24,22,6716914,72.23,28,6149974,66.13,55,4504498,48.44,80,829707,8.92
2022-07-02,29.2,41.56,29.24,1,6716915,72.23,2,6149976,66.13,8,4504506,48.44,18,829725,8.92
2022-07-03,28.81,41.95,29.24,100,6717015,72.23,178,6150154,66.14,322,4504828,48.44,636,830361,8.93
2022-07-04,28.5,42.26,29.24,76,6717091,72.23,140,6150294,66.14,278,4505106,48.45,749,831110,8.94
2022-07-05,28.06,42.7,29.24,59,6717150,72.23,142,6150436,66.14,302,4505408,48.45,688,831798,8.94
2022-07-06,27.39,43.37,29.24,78,6717228,72.23,124,6150560,66.14,211,4505619,48.45,646,832444,8.95
2022-07-07,26.48,44.28,29.24,82,6717310,72.23,165,6150725,66.14,267,4505886,48.45,721,833165,8.96
2022-07-08,25.47,45.29,29.24,17,6717327,72.23,33,6150758,66.14,69,4505955,48.45,131,833296,8.96
2022-07-09,24.42,46.34,29.24,0,6717327,72.23,1,6150759,66.14,3,4505958,48.45,3,833299,8.96
2022-07-10,23.77,46.99,29.24,90,6717417,72.24,164,6150923,66.14,229,4506187,48.46,470,833769,8.97
2022-07-11,23.22,47.54,29.24,64,6717481,72.24,142,6151065,66.15,248,4506435,48.46,575,834344,8.97
2022-07-12,22.13,48.63,29.24,69,6717550,72.24,129,6151194,66.15,207,4506642,48.46,558,834902,8.98
2022-07-13,21.1,49.66,29.24,43,6717593,72.24,101,6151295,66.15,165,4506807,48.46,488,835390,8.98
2022-07-14,20.12,50.63,29.24,70,6717663,72.24,147,6151442,66.15,208,4507015,48.47,513,835903,8.99
2022-07-15,19.27,51.48,29.25,64,6717727,72.24,88,6151530,66.15,127,4507142,48.47,168,836071,8.99
2022-07-16,18.29,52.46,29.25,0,6717727,72.24,6,6151536,66.15,7,4507149,48.47,8,836079,8.99
2022-07-17,17.83,52.92,29.25,77,6717804,72.24,183,6151719,66.15,241,4507390,48.47,468,836547,9
2022-07-18,17.48,53.26,29.26,62,6717866,72.24,158,6151877,66.15,207,4507597,48.47,511,837058,9
2022-07-19,16.77,53.97,29.26,62,6717928,72.24,147,6152024,66.16,174,4507771,48.47,368,837426,9.01
2022-07-20,16.09,54.64,29.26,51,6717979,72.24,134,6152158,66.16,137,4507908,48.48,423,837849,9.01
2022-07-21,15.43,55.3,29.27,62,6718041,72.24,160,6152318,66.16,176,4508084,48.48,341,838190,9.01
2022-07-22,14.64,56.08,29.28,10,6718051,72.24,36,6152354,66.16,43,4508127,48.48,56,838246,9.01
2022-07-23,14.17,56.55,29.28,0,6718051,72.24,4,6152358,66.16,4,4508131,48.48,9,838255,9.01
2022-07-24,13.55,57.16,29.29,58,6718109,72.24,128,6152486,66.16,197,4508328,48.48,364,838619,9.02
2022-07-25,13.09,57.61,29.3,48,6718157,72.24,107,6152593,66.16,172,4508500,48.48,336,838955,9.02
2022-07-26,12.46,58.23,29.3,47,6718204,72.24,99,6152692,66.16,111,4508611,48.48,270,839225,9.02
2022-07-27,11.89,58.8,29.31,44,6718248,72.24,125,6152817,66.16,132,4508743,48.48,243,839468,9.03
2022-07-28,11.35,59.34,29.31,62,6718310,72.25,143,6152960,66.17,148,4508891,48.49,221,839689,9.03
2022-07-29,10.85,59.83,29.32,10,6718320,72.25,25,6152985,66.17,27,4508918,48.49,31,839720,9.03
2022-07-30,10.34,60.33,29.33,0,6718320,72.25,0,6152985,66.17,1,4508919,48.49,1,839721,9.03
2022-07-31,9.97,60.7,29.33,56,6718376,72.25,134,6153119,66.17,131,4509050,48.49,252,839973,9.03
2022-08-01,9.47,61.19,29.34,54,6718430,72.25,76,6153195,66.17,91,4509141,48.49,152,840125,9.03
2022-08-02,8.92,61.73,29.35,111,6718541,72.25,119,6153314,66.17,157,4509298,48.49,264,840389,9.04
2022-08-03,8.46,62.19,29.35,76,6718617,72.25,71,6153385,66.17,92,4509390,48.49,181,840570,9.04
2022-08-04,8.04,62.61,29.36,133,6718750,72.25,133,6153518,66.17,111,4509501,48.49,246,840816,9.04
2022-08-05,7.71,62.93,29.36,31,6718781,72.25,23,6153541,66.17,13,4509514,48.49,24,840840,9.04
2022-08-06,7.32,63.32,29.36,1,6718782,72.25,2,6153543,66.17,3,4509517,48.49,5,840845,9.04
2022-08-07,6.92,63.71,29.37,89,6718871,72.25,97,6153640,66.17,69,4509586,48.49,169,841014,9.04
2022-08-08,6.74,63.89,29.37,109,6718980,72.25,92,6153732,66.17,92,4509678,48.49,172,841186,9.05
2022-08-09,6.25,64.37,29.38,96,6719076,72.25,90,6153822,66.18,99,4509777,48.5,213,841399,9.05
2022-08-10,5.91,64.71,29.38,77,6719153,72.25,60,6153882,66.18,76,4509853,48.5,115,841514,9.05
2022-08-11,5.59,65.03,29.38,54,6719207,72.25,101,6153983,66.18,91,4509944,48.5,156,841670,9.05
2022-08-12,5.35,65.27,29.38,8,6719215,72.26,12,6153995,66.18,18,4509962,48.5,29,841699,9.05
2022-08-13,5.1,65.52,29.38,0,6719215,72.26,2,6153997,66.18,2,4509964,48.5,3,841702,9.05
2022-08-14,4.87,65.75,29.39,74,6719289,72.26,75,6154072,66.18,82,4510046,48.5,150,841852,9.05
2022-08-15,4.74,65.87,29.39,69,6719358,72.26,80,6154152,66.18,92,4510138,48.5,144,841996,9.05
2022-08-16,4.46,66.15,29.39,82,6719440,72.26,84,6154236,66.18,84,4510222,48.5,187,842183,9.06
2022-08-17,4.16,66.44,29.39,46,6719486,72.26,56,6154292,66.18,36,4510258,48.5,116,842299,9.06
2022-08-18,3.98,66.63,29.39,70,6719556,72.26,93,6154385,66.18,120,4510378,48.5,173,842472,9.06
2022-08-19,3.83,66.78,29.39,79,6719635,72.26,67,6154452,66.18,56,4510434,48.5,38,842510,9.06
2022-08-20,3.67,66.94,29.39,1,6719636,72.26,1,6154453,66.18,3,4510437,48.5,3,842513,9.06
2022-08-21,3.52,67.08,29.4,52,6719688,72.26,85,6154538,66.18,84,4510521,48.5,197,842710,9.06
2022-08-22,3.44,67.16,29.4,89,6719777,72.26,74,6154612,66.18,103,4510624,48.5,144,842854,9.06
2022-08-23,3.27,67.33,29.4,72,6719849,72.26,106,6154718,66.18,84,4510708,48.51,180,843034,9.07
2022-08-24,3.15,67.46,29.4,38,6719887,72.26,80,6154798,66.19,49,4510757,48.51,133,843167,9.07
2022-08-25,3.03,67.57,29.4,53,6719940,72.26,75,6154873,66.19,98,4510855,48.51,193,843360,9.07
2022-08-26,2.94,67.66,29.4,4,6719944,72.26,15,6154888,66.19,9,4510864,48.51,14,843374,9.07
2022-08-27,2.84,67.76,29.4,0,6719944,72.26,0,6154888,66.19,0,4510864,48.51,0,843374,9.07
2022-08-28,2.75,67.85,29.4,55,6719999,72.26,80,6154968,66.19,85,4510949,48.51,102,843476,9.07
2022-08-29,2.69,67.91,29.4,48,6720047,72.26,68,6155036,66.19,89,4511038,48.51,107,843583,9.07
2022-08-30,2.6,68,29.4,85,6720132,72.27,113,6155149,66.19,85,4511123,48.51,131,843714,9.07
2022-08-31,2.53,68.07,29.4,42,6720174,72.27,89,6155238,66.19,70,4511193,48.51,96,843810,9.07
2022-09-01,2.46,68.14,29.4,29,6720203,72.27,84,6155322,66.19,58,4511251,48.51,113,843923,9.08
2022-09-02,2.4,68.2,29.4,6,6720209,72.27,20,6155342,66.19,13,4511264,48.51,10,843933,9.08
2022-09-03,2.33,68.27,29.4,2,6720211,72.27,0,6155342,66.19,3,4511267,48.51,1,843934,9.08
2022-09-04,2.27,68.32,29.4,64,6720275,72.27,133,6155475,66.19,80,4511347,48.51,121,844055,9.08
2022-09-05,2.23,68.37,29.4,44,6720319,72.27,77,6155552,66.19,58,4511405,48.51,90,844145,9.08
2022-09-06,2.17,68.42,29.4,60,6720379,72.27,104,6155656,66.19,78,4511483,48.51,130,844275,9.08
2022-09-07,2.12,68.47,29.4,28,6720407,72.27,63,6155719,66.2,53,4511536,48.51,95,844370,9.08
2022-09-08,2.07,68.53,29.4,50,6720457,72.27,103,6155822,66.2,70,4511606,48.52,77,844447,9.08
2022-09-09,2.03,68.57,29.4,10,6720467,72.27,21,6155843,66.2,16,4511622,48.52,17,844464,9.08
2022-09-10,1.97,68.62,29.4,1,6720468,72.27,0,6155843,66.2,5,4511627,48.52,2,844466,9.08
2022-09-11,1.92,68.67,29.41,39,6720507,72.27,117,6155960,66.2,78,4511705,48.52,116,844582,9.08
2022-09-12,1.88,68.71,29.41,24,6720531,72.27,72,6156032,66.2,52,4511757,48.52,68,844650,9.08
2022-09-13,1.82,68.77,29.41,44,6720575,72.27,113,6156145,66.2,54,4511811,48.52,103,844753,9.08
2022-09-14,1.78,68.82,29.41,21,6720596,72.27,64,6156209,66.2,54,4511865,48.52,62,844815,9.08
2022-09-15,1.73,68.86,29.41,32,6720628,72.27,77,6156286,66.2,63,4511928,48.52,107,844922,9.09
2022-09-16,1.7,68.89,29.41,51,6720679,72.27,52,6156338,66.2,27,4511955,48.52,28,844950,9.09
2022-09-17,1.66,68.93,29.41,3,6720682,72.27,0,6156338,66.2,1,4511956,48.52,0,844950,9.09
2022-09-18,1.63,68.96,29.41,28,6720710,72.27,66,6156404,66.2,52,4512008,48.52,115,845065,9.09
2022-09-19,1.61,68.98,29.41,28,6720738,72.27,74,6156478,66.2,44,4512052,48.52,57,845122,9.09
2022-09-20,1.56,69.03,29.41,41,6720779,72.27,93,6156571,66.2,75,4512127,48.52,102,845224,9.09
2022-09-21,1.55,69.05,29.41,22,6720801,72.27,54,6156625,66.21,29,4512156,48.52,56,845280,9.09
2022-09-22,1.52,69.07,29.4,42,6720843,72.27,56,6156681,66.21,27,4512183,48.52,41,845321,9.09
2022-09-23,1.5,69.1,29.41,7,6720850,72.27,11,6156692,66.21,4,4512187,48.52,1,845322,9.09
2022-09-24,1.47,69.13,29.41,0,6720850,72.27,0,6156692,66.21,1,4512188,48.52,0,845322,9.09
2022-09-25,1.46,69.13,29.41,5,6720855,72.27,20,6156712,66.21,10,4512198,48.52,27,845349,9.09
2022-09-26,1.46,69.13,29.41,0,6720855,72.27,5,6156717,66.21,3,4512201,48.52,2,845351,9.09
2022-09-27,1.42,69.17,29.41,2,6720857,72.27,0,6156717,66.21,3,4512204,48.52,3,845354,9.09
2022-09-28,1.39,69.21,29.41,24,6720881,72.27,36,6156753,66.21,25,4512229,48.52,17,845371,9.09
2022-09-29,1.37,69.22,29.41,32,6720913,72.27,61,6156814,66.21,13,4512242,48.52,48,845419,9.09
2022-09-30,1.35,69.24,29.41,4,6720917,72.27,12,6156826,66.21,2,4512244,48.52,0,845419,9.09
2022-10-01,1.31,69.29,29.41,0,6720917,72.27,1,6156827,66.21,1,4512245,48.52,1,845420,9.09
2022-10-02,1.31,69.29,29.41,28,6720945,72.27,51,6156878,66.21,20,4512265,48.52,73,845493,9.09
2022-10-03,1.31,69.28,29.4,23,6720968,72.27,29,6156907,66.21,13,4512278,48.52,12,845505,9.09
2022-10-04,1.27,69.32,29.4,7,6720975,72.27,11,6156918,66.21,0,4512278,48.52,2,845507,9.09
2022-10-05,1.28,69.31,29.4,1,6720976,72.27,0,6156918,66.21,0,4512278,48.52,1,845508,9.09
2022-10-06,1.31,69.28,29.4,17,6720993,72.27,43,6156961,66.21,10,4512288,48.52,20,845528,9.09
2022-10-07,1.3,69.29,29.41,3,6720996,72.27,3,6156964,66.21,4,4512292,48.52,0,845528,9.09
2022-10-08,1.26,69.33,29.41,1,6720997,72.27,1,6156965,66.21,0,4512292,48.52,1,845529,9.09
2022-10-09,1.31,69.28,29.41,7,6721004,72.27,22,6156987,66.21,6,4512298,48.52,5,845534,9.09
2022-10-10,1.38,69.22,29.4,5,6721009,72.27,2,6156989,66.21,0,4512298,48.52,0,845534,9.09
2022-10-11,1.36,69.24,29.4,12,6721021,72.27,32,6157021,66.21,1,4512299,48.52,32,845566,9.09
2022-10-12,1.34,69.26,29.4,13,6721034,72.27,24,6157045,66.21,5,4512304,48.52,4,845570,9.09
2022-10-13,1.4,69.2,29.4,17,6721051,72.27,16,6157061,66.21,5,4512309,48.52,9,845579,9.09
2022-10-14,1.4,69.2,29.4,6,6721057,72.27,7,6157068,66.21,4,4512313,48.52,3,845582,9.09
2022-10-15,1.38,69.22,29.4,0,6721057,72.27,1,6157069,66.21,0,4512313,48.52,1,845583,9.09
2022-10-16,1.39,69.2,29.4,5,6721062,72.28,13,6157082,66.21,5,4512318,48.52,8,845591,9.09
2022-10-17,1.39,69.2,29.4,1,6721063,72.28,1,6157083,66.21,4,4512322,48.52,1,845592,9.09
2022-10-18,1.43,69.17,29.4,24,6721087,72.28,31,6157114,66.21,14,4512336,48.52,16,845608,9.09
2022-10-19,1.47,69.12,29.4,18,6721105,72.28,25,6157139,66.21,7,4512343,48.52,3,845611,9.09
2022-10-20,1.5,69.1,29.4,26,6721131,72.28,44,6157183,66.21,12,4512355,48.52,4,845615,9.09
2022-10-21,1.5,69.09,29.4,4,6721135,72.28,7,6157190,66.21,2,4512357,48.52,4,845619,9.09
2022-10-22,1.49,69.1,29.4,0,6721135,72.28,0,6157190,66.21,0,4512357,48.52,0,845619,9.09
2022-10-23,1.51,69.08,29.4,15,6721150,72.28,33,6157223,66.21,18,4512375,48.52,10,845629,9.09
2022-10-24,1.51,69.08,29.41,20,6721170,72.28,16,6157239,66.21,19,4512394,48.52,9,845638,9.09
2022-10-25,1.55,69.04,29.4,18,6721188,72.28,34,6157273,66.21,23,4512417,48.52,21,845659,9.09
2022-10-26,1.61,68.99,29.4,18,6721206,72.28,25,6157298,66.21,8,4512425,48.52,10,845669,9.09
2022-10-27,1.67,68.93,29.4,17,6721223,72.28,27,6157325,66.21,14,4512439,48.52,17,845686,9.09
2022-10-28,1.67,68.93,29.4,60,6721283,72.28,51,6157376,66.21,31,4512470,48.52,18,845704,9.09
2022-10-29,1.66,68.94,29.4,0,6721283,72.28,0,6157376,66.21,0,4512470,48.52,0,845704,9.09
2022-10-30,1.71,68.89,29.4,15,6721298,72.28,23,6157399,66.21,15,4512485,48.52,9,845713,9.09
2022-10-31,1.76,68.84,29.4,17,6721315,72.28,16,6157415,66.21,8,4512493,48.53,10,845723,9.09
2022-11-01,1.82,68.78,29.4,3,6721318,72.28,1,6157416,66.21,1,4512494,48.53,0,845723,9.09
2022-11-02,1.88,68.72,29.4,14,6721332,72.28,14,6157430,66.21,7,4512501,48.53,8,845731,9.09
2022-11-03,1.96,68.64,29.4,17,6721349,72.28,18,6157448,66.21,11,4512512,48.53,8,845739,9.09
2022-11-04,1.98,68.63,29.4,4,6721353,72.28,6,6157454,66.21,1,4512513,48.53,2,845741,9.09
2022-11-05,1.97,68.63,29.4,0,6721353,72.28,0,6157454,66.21,0,4512513,48.53,0,845741,9.09
2022-11-06,2.03,68.57,29.4,27,6721380,72.28,33,6157487,66.21,11,4512524,48.53,23,845764,9.09
2022-11-07,2.1,68.51,29.4,15,6721395,72.28,11,6157498,66.21,10,4512534,48.53,54,845818,9.1
2022-11-08,2.1,68.5,29.4,28,6721423,72.28,26,6157524,66.22,14,4512548,48.53,9,845827,9.1
2022-11-09,2.16,68.45,29.4,16,6721439,72.28,20,6157544,66.22,17,4512565,48.53,9,845836,9.1
2022-11-10,2.22,68.39,29.4,28,6721467,72.28,17,6157561,66.22,12,4512577,48.53,6,845842,9.1
2022-11-11,2.23,68.37,29.4,1,6721468,72.28,17,6157578,66.22,2,4512579,48.53,1,845843,9.1
2022-11-12,2.22,68.38,29.4,1,6721469,72.28,0,6157578,66.22,2,4512581,48.53,0,845843,9.1
2022-11-13,2.29,68.31,29.4,29,6721498,72.28,31,6157609,66.22,17,4512598,48.53,8,845851,9.1
2022-11-14,2.37,68.23,29.4,20,6721518,72.28,17,6157626,66.22,21,4512619,48.53,16,845867,9.1
2022-11-15,2.43,68.17,29.4,40,6721558,72.28,25,6157651,66.22,16,4512635,48.53,18,845885,9.1
2022-11-16,2.5,68.1,29.4,14,6721572,72.28,27,6157678,66.22,16,4512651,48.53,11,845896,9.1
2022-11-17,2.59,68.02,29.4,19,6721591,72.28,33,6157711,66.22,18,4512669,48.53,5,845901,9.1
2022-11-18,2.61,67.99,29.4,6,6721597,72.28,4,6157715,66.22,4,4512673,48.53,0,845901,9.1
2022-11-19,2.6,68,29.4,0,6721597,72.28,0,6157715,66.22,0,4512673,48.53,0,845901,9.1
2022-11-20,2.67,67.93,29.4,19,6721616,72.28,20,6157735,66.22,6,4512679,48.53,13,845914,9.1
2022-11-21,2.76,67.85,29.4,14,6721630,72.28,13,6157748,66.22,6,4512685,48.53,7,845921,9.1
2022-11-22,2.83,67.77,29.4,27,6721657,72.28,13,6157761,66.22,17,4512702,48.53,6,845927,9.1
2022-11-23,2.9,67.7,29.4,17,6721674,72.28,21,6157782,66.22,4,4512706,48.53,8,845935,9.1
2022-11-24,2.98,67.62,29.4,9,6721683,72.28,16,6157798,66.22,13,4512719,48.53,27,845962,9.1
2022-11-25,3,67.6,29.4,12,6721695,72.28,51,6157849,66.22,14,4512733,48.53,12,845974,9.1
2022-11-26,3,67.61,29.4,0,6721695,72.28,2,6157851,66.22,0,4512733,48.53,0,845974,9.1
2022-11-27,3.06,67.54,29.4,14,6721709,72.28,15,6157866,66.22,19,4512752,48.53,2,845976,9.1
2022-11-28,3.14,67.47,29.4,8,6721717,72.28,23,6157889,66.22,8,4512760,48.53,6,845982,9.1
2022-11-29,3.2,67.4,29.4,38,6721755,72.28,31,6157920,66.22,19,4512779,48.53,14,845996,9.1
2022-11-30,3.27,67.34,29.39,12,6721767,72.28,25,6157945,66.22,20,4512799,48.53,8,846004,9.1
2022-12-01,3.34,67.26,29.39,13,6721780,72.28,18,6157963,66.22,15,4512814,48.53,4,846008,9.1
2022-12-02,3.36,67.24,29.39,2,6721782,72.28,7,6157970,66.22,4,4512818,48.53,10,846018,9.1
2022-12-03,3.36,67.24,29.39,0,6721782,72.28,0,6157970,66.22,0,4512818,48.53,1,846019,9.1
2022-12-04,3.42,67.18,29.39,38,6721820,72.28,27,6157997,66.22,30,4512848,48.53,26,846045,9.1
2022-12-05,3.48,67.12,29.4,9,6721829,72.28,17,6158014,66.22,11,4512859,48.53,21,846066,9.1
2022-12-06,3.55,67.06,29.39,32,6721861,72.28,26,6158040,66.22,27,4512886,48.53,8,846074,9.1
2022-12-07,3.62,66.99,29.39,10,6721871,72.28,17,6158057,66.22,8,4512894,48.53,8,846082,9.1
2022-12-08,3.69,66.91,29.39,19,6721890,72.28,31,6158088,66.22,15,4512909,48.53,3,846085,9.1
2022-12-09,3.71,66.9,29.39,4,6721894,72.28,1,6158089,66.22,1,4512910,48.53,7,846092,9.1
2022-12-10,3.7,66.91,29.39,1,6721895,72.28,0,6158089,66.22,2,4512912,48.53,0,846092,9.1
2022-12-11,3.76,66.84,29.39,16,6721911,72.28,22,6158111,66.22,15,4512927,48.53,16,846108,9.1
2022-12-12,3.82,66.78,29.39,15,6721926,72.28,14,6158125,66.22,5,4512932,48.53,0,846108,9.1
2022-12-13,3.87,66.73,29.39,17,6721943,72.28,44,6158169,66.22,18,4512950,48.53,13,846121,9.1
2022-12-14,3.92,66.69,29.39,17,6721960,72.28,16,6158185,66.22,7,4512957,48.53,3,846124,9.1
2022-12-15,3.97,66.64,29.39,22,6721982,72.28,19,6158204,66.22,7,4512964,48.53,12,846136,9.1
2022-12-16,3.98,66.62,29.39,12,6721994,72.28,4,6158208,66.22,1,4512965,48.53,0,846136,9.1
2022-12-17,3.97,66.63,29.39,0,6721994,72.28,0,6158208,66.22,0,4512965,48.53,0,846136,9.1
2022-12-18,4.01,66.59,29.39,9,6722003,72.29,18,6158226,66.22,8,4512973,48.53,3,846139,9.1
2022-12-19,4.06,66.54,29.4,7,6722010,72.29,14,6158240,66.22,12,4512985,48.53,1,846140,9.1
2022-12-20,4.1,66.51,29.39,12,6722022,72.29,17,6158257,66.22,2,4512987,48.53,2,846142,9.1
2022-12-21,4.14,66.47,29.39,9,6722031,72.29,14,6158271,66.22,13,4513000,48.53,3,846145,9.1
2022-12-22,4.18,66.42,29.39,4,6722035,72.29,10,6158281,66.22,14,4513014,48.53,1,846146,9.1
2022-12-23,4.19,66.42,29.39,10,6722045,72.29,0,6158281,66.22,2,4513016,48.53,0,846146,9.1
2022-12-24,4.18,66.43,29.39,0,6722045,72.29,0,6158281,66.22,0,4513016,48.53,0,846146,9.1
2022-12-25,4.21,66.4,29.39,6,6722051,72.29,17,6158298,66.22,1,4513017,48.53,2,846148,9.1
2022-12-26,4.24,66.36,29.39,17,6722068,72.29,6,6158304,66.22,13,4513030,48.53,0,846148,9.1
2022-12-27,4.25,66.36,29.39,24,6722092,72.29,24,6158328,66.22,17,4513047,48.53,7,846155,9.1
2022-12-28,4.26,66.34,29.39,17,6722109,72.29,18,6158346,66.22,25,4513072,48.53,64,846219,9.1
2022-12-29,4.28,66.33,29.39,15,6722124,72.29,23,6158369,66.22,14,4513086,48.53,4,846223,9.1
2022-12-30,4.27,66.33,29.4,4,6722128,72.29,5,6158374,66.22,3,4513089,48.53,1,846224,9.1
2022-12-31,4.26,66.35,29.4,0,6722128,72.29,1,6158375,66.22,0,4513089,48.53,0,846224,9.1
2023-01-01,4.27,66.33,29.4,8,6722136,72.29,23,6158398,66.22,2,4513091,48.53,1,846225,9.1
2023-01-02,4.29,66.31,29.4,10,6722146,72.29,8,6158406,66.22,3,4513094,48.53,1,846226,9.1
2023-01-03,4.3,66.3,29.4,20,6722166,72.29,17,6158423,66.22,7,4513101,48.53,4,846230,9.1
2023-01-04,4.3,66.3,29.4,7,6722173,72.29,11,6158434,66.22,4,4513105,48.53,2,846232,9.1
2023-01-05,4.31,66.29,29.39,13,6722186,72.29,19,6158453,66.22,11,4513116,48.53,4,846236,9.1
2023-01-06,4.31,66.29,29.4,2,6722188,72.29,1,6158454,66.22,1,4513117,48.53,0,846236,9.1
2023-01-07,4.3,66.31,29.4,1,6722189,72.29,0,6158454,66.22,0,4513117,48.53,0,846236,9.1
2023-01-08,4.33,66.28,29.4,15,6722204,72.29,33,6158487,66.23,10,4513127,48.53,2,846238,9.1
2023-01-09,4.34,66.26,29.4,12,6722216,72.29,20,6158507,66.23,1,4513128,48.53,1,846239,9.1
2023-01-10,4.35,66.25,29.4,39,6722255,72.29,27,6158534,66.23,10,4513138,48.53,4,846243,9.1
2023-01-11,4.36,66.25,29.4,15,6722270,72.29,17,6158551,66.23,11,4513149,48.53,2,846245,9.1
2023-01-12,4.37,66.24,29.39,23,6722293,72.29,20,6158571,66.23,12,4513161,48.53,2,846247,9.1
2023-01-13,4.36,66.24,29.4,3,6722296,72.29,2,6158573,66.23,0,4513161,48.53,0,846247,9.1
2023-01-14,4.35,66.25,29.4,1,6722297,72.29,0,6158573,66.23,0,4513161,48.53,0,846247,9.1
2023-01-15,4.36,66.24,29.4,17,6722314,72.29,17,6158590,66.23,4,4513165,48.53,3,846250,9.1
2023-01-16,4.38,66.22,29.4,9,6722323,72.29,15,6158605,66.23,6,4513171,48.53,0,846250,9.1
2023-01-17,4.38,66.22,29.4,15,6722338,72.29,15,6158620,66.23,6,4513177,48.53,1,846251,9.1
2023-01-18,4.39,66.21,29.4,7,6722345,72.29,8,6158628,66.23,4,4513181,48.53,1,846252,9.1
2023-01-19,4.4,66.2,29.4,13,6722358,72.29,15,6158643,66.23,2,4513183,48.53,4,846256,9.1
2023-01-20,4.39,66.2,29.4,5,6722363,72.29,2,6158645,66.23,0,4513183,48.53,1,846257,9.1
2023-01-21,4.39,66.21,29.4,0,6722363,72.29,1,6158646,66.23,0,4513183,48.53,0,846257,9.1
2023-01-22,4.4,66.2,29.4,9,6722372,72.29,3,6158649,66.23,8,4513191,48.53,4,846261,9.1
2023-01-23,4.41,66.19,29.4,11,6722383,72.29,5,6158654,66.23,6,4513197,48.53,0,846261,9.1
2023-01-24,4.41,66.19,29.4,21,6722404,72.29,21,6158675,66.23,11,4513208,48.53,2,846263,9.1
2023-01-25,4.41,66.18,29.4,5,6722409,72.29,5,6158680,66.23,0,4513208,48.53,2,846265,9.1
2023-01-26,4.42,66.18,29.4,10,6722419,72.29,15,6158695,66.23,9,4513217,48.53,2,846267,9.1
2023-01-27,4.41,66.18,29.4,0,6722419,72.29,9,6158704,66.23,0,4513217,48.53,0,846267,9.1
2023-01-28,4.41,66.19,29.4,0,6722419,72.29,0,6158704,66.23,0,4513217,48.53,0,846267,9.1
2023-01-29,4.41,66.19,29.41,11,6722430,72.29,9,6158713,66.23,5,4513222,48.53,2,846269,9.1
2023-01-30,4.42,66.17,29.41,9,6722439,72.29,17,6158730,66.23,2,4513224,48.53,1,846270,9.1
2023-01-31,4.42,66.17,29.41,21,6722460,72.29,23,6158753,66.23,2,4513226,48.53,1,846271,9.1
2023-02-01,4.32,64.71,30.96,10,6722470,72.29,11,6158764,66.23,4,4513230,48.53,0,846271,9.1
2023-02-02,4.33,64.71,30.96,15,6722485,72.29,31,6158795,66.23,3,4513233,48.53,0,846271,9.1
2023-02-03,4.32,64.71,30.97,3,6722488,72.29,1,6158796,66.23,0,4513233,48.53,1,846272,9.1
2023-02-04,4.32,64.72,30.97,0,6722488,72.29,0,6158796,66.23,0,4513233,48.53,0,846272,9.1
2023-02-05,4.32,64.71,30.97,17,6722505,72.29,10,6158806,66.23,6,4513239,48.53,4,846276,9.1
2023-02-06,4.33,64.7,30.97,17,6722522,72.29,13,6158819,66.23,4,4513243,48.53,0,846276,9.1
2023-02-07,4.33,64.7,30.97,22,6722544,72.29,22,6158841,66.23,8,4513251,48.53,2,846278,9.1
2023-02-08,4.33,64.7,30.97,15,6722559,72.29,15,6158856,66.23,1,4513252,48.53,0,846278,9.1
2023-02-09,4.33,64.7,30.97,35,6722594,72.29,34,6158890,66.23,5,4513257,48.53,2,846280,9.1
2023-02-10,4.33,64.7,30.97,2,6722596,72.29,3,6158893,66.23,2,4513259,48.53,0,846280,9.1
2023-02-11,4.33,64.7,30.97,2,6722598,72.29,1,6158894,66.23,0,4513259,48.53,0,846280,9.1
2023-02-12,4.33,64.7,30.97,15,6722613,72.29,22,6158916,66.23,3,4513262,48.53,2,846282,9.1
2023-02-13,4.33,64.7,30.97,14,6722627,72.29,20,6158936,66.23,9,4513271,48.53,2,846284,9.1
2023-02-14,4.33,64.7,30.97,20,6722647,72.29,8,6158944,66.23,7,4513278,48.53,5,846289,9.1
2023-02-15,4.33,64.7,30.97,10,6722657,72.29,17,6158961,66.23,3,4513281,48.53,0,846289,9.1
2023-02-16,4.33,64.7,30.97,22,6722679,72.29,24,6158985,66.23,2,4513283,48.53,0,846289,9.1
2023-02-17,4.33,64.7,30.97,5,6722684,72.29,2,6158987,66.23,1,4513284,48.53,0,846289,9.1
2023-02-18,4.33,64.7,30.97,0,6722684,72.29,1,6158988,66.23,0,4513284,48.53,0,846289,9.1
2023-02-19,4.33,64.7,30.98,16,6722700,72.29,15,6159003,66.23,3,4513287,48.53,0,846289,9.1
2023-02-20,4.33,64.69,30.98,9,6722709,72.29,10,6159013,66.23,1,4513288,48.53,0,846289,9.1
2023-02-21,4.33,64.69,30.98,39,6722748,72.29,19,6159032,66.23,6,4513294,48.53,1,846290,9.1
2023-02-22,4.33,64.7,30.98,3,6722751,72.29,9,6159041,66.23,8,4513302,48.53,0,846290,9.1
2023-02-23,4.33,64.7,30.97,11,6722762,72.29,23,6159064,66.23,5,4513307,48.53,2,846292,9.1
2023-02-24,4.33,64.7,30.98,0,6722762,72.29,6,6159070,66.23,1,4513308,48.53,0,846292,9.1
2023-02-25,4.32,64.7,30.98,3,6722765,72.29,0,6159070,66.23,1,4513309,48.53,0,846292,9.1
2023-02-26,4.32,64.7,30.98,11,6722776,72.29,21,6159091,66.23,1,4513310,48.53,1,846293,9.1
2023-02-27,4.32,64.7,30.98,11,6722787,72.29,26,6159117,66.23,2,4513312,48.53,2,846295,9.1
2023-02-28,4.32,64.7,30.98,7,6722794,72.29,21,6159138,66.23,4,4513316,48.53,2,846297,9.1
2023-03-01,4.32,64.7,30.98,3,6722797,72.29,15,6159153,66.23,1,4513317,48.53,0,846297,9.1
2023-03-02,4.32,64.7,30.98,8,6722805,72.29,36,6159189,66.23,4,4513321,48.53,0,846297,9.1
2023-03-03,4.32,64.7,30.98,2,6722807,72.29,3,6159192,66.23,0,4513321,48.53,0,846297,9.1
2023-03-04,4.32,64.71,30.98,2,6722809,72.29,2,6159194,66.23,0,4513321,48.53,0,846297,9.1
2023-03-05,4.32,64.7,30.98,14,6722823,72.29,30,6159224,66.23,2,4513323,48.53,2,846299,9.1
2023-03-06,4.32,64.7,30.98,17,6722840,72.29,25,6159249,66.23,3,4513326,48.53,0,846299,9.1
2023-03-07,4.32,64.7,30.98,8,6722848,72.29,7,6159256,66.23,2,4513328,48.53,0,846299,9.1
2023-03-08,4.32,64.7,30.98,1,6722849,72.29,22,6159278,66.23,3,4513331,48.53,0,846299,9.1
2023-03-09,4.32,64.71,30.98,15,6722864,72.29,46,6159324,66.23,8,4513339,48.53,0,846299,9.1
2023-03-10,4.31,64.71,30.98,2,6722866,72.29,1,6159325,66.23,2,4513341,48.53,0,846299,9.1
2023-03-11,4.31,64.71,30.98,0,6722866,72.29,0,6159325,66.23,0,4513341,48.53,0,846299,9.1
2023-03-12,4.31,64.71,30.98,10,6722876,72.29,21,6159346,66.23,4,4513345,48.53,1,846300,9.1
2023-03-13,4.31,64.71,30.98,6,6722882,72.29,8,6159354,66.23,1,4513346,48.53,0,846300,9.1
2023-03-14,4.31,64.71,30.98,14,6722896,72.29,15,6159369,66.23,1,4513347,48.53,1,846301,9.1
2023-03-15,4.31,64.71,30.98,4,6722900,72.29,9,6159378,66.23,2,4513349,48.53,0,846301,9.1
2023-03-16,4.31,64.71,30.98,8,6722908,72.29,30,6159408,66.24,2,4513351,48.53,2,846303,9.1
2023-03-17,4.31,64.71,30.98,0,6722908,72.29,4,6159412,66.24,0,4513351,48.53,0,846303,9.1
2023-03-18,4.3,64.71,30.98,0,6722908,72.29,0,6159412,66.24,0,4513351,48.53,0,846303,9.1
2023-03-19,4.3,64.71,30.99,4,6722912,72.29,25,6159437,66.24,4,4513355,48.53,0,846303,9.1
2023-03-20,4.3,64.71,30.99,5,6722917,72.29,21,6159458,66.24,4,4513359,48.53,0,846303,9.1
2023-03-21,4.3,64.71,30.99,14,6722931,72.3,21,6159479,66.24,6,4513365,48.53,0,846303,9.1
2023-03-22,4.3,64.71,30.99,2,6722933,72.3,8,6159487,66.24,0,4513365,48.53,0,846303,9.1
2023-03-23,4.3,64.71,30.99,7,6722940,72.3,11,6159498,66.24,2,4513367,48.53,0,846303,9.1
2023-03-24,4.3,64.71,30.99,0,6722940,72.3,2,6159500,66.24,0,4513367,48.53,1,846304,9.1
2023-03-25,4.3,64.71,30.99,0,6722940,72.3,0,6159500,66.24,0,4513367,48.53,0,846304,9.1
2023-03-26,4.3,64.71,30.99,4,6722944,72.3,15,6159515,66.24,4,4513371,48.53,3,846307,9.1
2023-03-27,4.3,64.71,31,1,6722945,72.3,12,6159527,66.24,1,4513372,48.53,0,846307,9.1
2023-03-28,4.29,64.71,31,4,6722949,72.3,16,6159543,66.24,0,4513372,48.53,0,846307,9.1
2023-03-29,4.29,64.71,31,2,6722951,72.3,10,6159553,66.24,5,4513377,48.53,0,846307,9.1
2023-03-30,4.29,64.71,31,10,6722961,72.3,18,6159571,66.24,1,4513378,48.53,1,846308,9.1
2023-03-31,4.29,64.71,31,0,6722961,72.3,0,6159571,66.24,1,4513379,48.53,0,846308,9.1
2023-04-01,4.27,64.73,31,0,6722961,72.3,0,6159571,66.24,0,4513379,48.53,0,846308,9.1
2023-04-02,4.25,64.75,31,7,6722968,72.3,10,6159581,66.24,1,4513380,48.53,0,846308,9.1
2023-04-03,4.26,64.74,31,1,6722969,72.3,6,6159587,66.24,2,4513382,48.53,0,846308,9.1
2023-04-04,4.24,64.75,31,2,6722971,72.3,7,6159594,66.24,5,4513387,48.53,0,846308,9.1
2023-04-05,4.24,64.76,31,2,6722973,72.3,5,6159599,66.24,1,4513388,48.53,0,846308,9.1
2023-04-06,4.24,64.76,31,0,6722973,72.3,2,6159601,66.24,0,4513388,48.53,0,846308,9.1
2023-04-07,4.2,64.8,31,0,6722973,72.3,4,6159605,66.24,0,4513388,48.53,0,846308,9.1
2023-04-08,4.14,64.86,31,0,6722973,72.3,0,6159605,66.24,0,4513388,48.53,0,846308,9.1
2023-04-09,4.12,64.87,31,2,6722975,72.3,8,6159613,66.24,0,4513388,48.53,0,846308,9.1
2023-04-10,4.12,64.87,31,1,6722976,72.3,6,6159619,66.24,0,4513388,48.53,0,846308,9.1
2023-04-11,4.07,64.93,31,5,6722981,72.3,5,6159624,66.24,0,4513388,48.53,0,846308,9.1
2023-04-12,4.01,64.99,31,0,6722981,72.3,1,6159625,66.24,0,4513388,48.53,0,846308,9.1
2023-04-13,3.99,65,31,7,6722988,72.3,9,6159634,66.24,0,4513388,48.53,0,846308,9.1
2023-04-14,3.99,65,31,2,6722990,72.3,1,6159635,66.24,0,4513388,48.53,0,846308,9.1
2023-04-15,3.91,65.08,31,0,6722990,72.3,1,6159636,66.24,0,4513388,48.53,0,846308,9.1
2023-04-16,3.9,65.1,31,0,6722990,72.3,0,6159636,66.24,0,4513388,48.53,0,846308,9.1
