Date,Valid vaccinated pop. perc.,Expired vaccinated pop. perc.,Not vaccinated pop. perc.,Vaccinated (daily),Vaccinated (cumu),Vaccinated pop. perc.,Second dose (daily),Second dose (cumu),Second dose pop. perc.,Third dose (daily),Third dose (cumu),Third dose pop. perc.,Fourth dose (daily),Fourth dose (cumu),Fourth dose pop. perc.
2020-12-19,0,0,100,46,70,0,0,4,0,0,0,0,0,0,0
2020-12-20,0,0,100,7395,7465,0.08,0,4,0,0,0,0,0,0,0
2020-12-21,0,0,100,24923,32388,0.35,0,4,0,0,0,0,0,0,0
2020-12-22,0,0,100,44665,77053,0.83,0,4,0,0,0,0,0,0,0
2020-12-23,0,0,100,62916,139969,1.51,0,4,0,0,0,0,0,0,0
2020-12-24,0,0,100,73428,213397,2.29,0,4,0,0,0,0,0,0,0
2020-12-25,0,0,100,38515,251912,2.71,0,4,0,0,0,0,0,0,0
2020-12-26,0,0,100,32617,284529,3.06,0,4,0,0,0,0,0,0,0
2020-12-27,0,0,100,104570,389099,4.18,0,4,0,0,0,0,0,0,0
2020-12-28,0,0,100,135035,524134,5.64,0,4,0,0,0,0,0,0,0
2020-12-29,0,0,100,156331,680465,7.32,2,6,0,0,0,0,0,0,0
2020-12-30,0,0,100,153178,833643,8.96,0,6,0,0,0,0,0,0,0
2020-12-31,0,0,100,158588,992231,10.67,0,6,0,0,0,0,0,0,0
2021-01-01,0,0,100,71434,1063665,11.44,0,6,0,0,0,0,0,0,0
2021-01-02,0,0,100,71741,1135406,12.21,0,6,0,0,0,0,0,0,0
2021-01-03,0,0,100,149760,1285166,13.82,0,6,0,0,0,0,0,0,0
2021-01-04,0,0,100,152196,1437362,15.46,1,7,0,0,0,0,0,0,0
2021-01-05,0,0,100,125214,1562576,16.8,4,11,0,0,0,0,0,0,0
2021-01-06,0,0,100,103365,1665941,17.91,2,13,0,0,0,0,0,0,0
2021-01-07,0,0,100,116060,1782001,19.16,9,22,0,0,0,0,0,0,0
2021-01-08,0,0,100,66460,1848461,19.88,5,27,0,0,0,0,0,0,0
2021-01-09,0,0,100,44549,1893010,20.36,24,51,0,0,0,0,0,0,0
2021-01-10,0,0,100,37647,1930657,20.76,6000,6051,0.07,0,0,0,0,0,0
2021-01-11,0,0,100,21175,1951832,20.99,19264,25315,0.27,0,0,0,0,0,0
2021-01-12,0,0,100,24075,1975907,21.25,35673,60988,0.66,0,0,0,0,0,0
2021-01-13,0,0,100,52074,2027981,21.81,56874,117862,1.27,0,0,0,0,0,0
2021-01-14,0,0,100,56474,2084455,22.42,68836,186698,2.01,0,0,0,0,0,0
2021-01-15,0,0,100,30775,2115230,22.75,35940,222638,2.39,0,0,0,0,0,0
2021-01-16,0,0,100,29479,2144709,23.06,26006,248644,2.67,0,0,0,0,0,0
2021-01-17,0.31,0,99.69,68439,2213148,23.8,84595,333239,3.58,0,0,0,0,0,0
2021-01-18,0.58,0,99.42,69814,2282962,24.55,120434,453673,4.88,0,0,0,0,0,0
2021-01-19,1.09,0,98.91,72893,2355855,25.33,137843,591516,6.36,0,0,0,0,0,0
2021-01-20,1.9,0,98.1,76914,2432769,26.16,143760,735276,7.91,0,0,0,0,0,0
2021-01-21,2.88,0,97.12,70001,2502770,26.91,164467,899743,9.68,0,0,0,0,0,0
2021-01-22,3.39,0,96.61,37927,2540697,27.32,71130,970873,10.44,0,0,0,0,0,0
2021-01-23,3.77,0,96.23,39964,2580661,27.75,53594,1024467,11.02,0,0,0,0,0,0
2021-01-24,4.96,0,95.04,69146,2649807,28.49,140704,1165171,12.53,0,0,0,0,0,0
2021-01-25,6.61,0,93.39,80943,2730750,29.37,139518,1304689,14.03,0,0,0,0,0,0
2021-01-26,8.45,0,91.55,78725,2809475,30.21,126441,1431130,15.39,0,0,0,0,0,0
2021-01-27,10.34,0,89.66,77975,2887450,31.05,125065,1556195,16.73,0,0,0,0,0,0
2021-01-28,12.43,0,87.57,79569,2967019,31.91,130625,1686820,18.14,0,0,0,0,0,0
2021-01-29,13.34,0,86.66,36703,3003722,32.3,64791,1751611,18.84,0,0,0,0,0,0
2021-01-30,14.02,0,85.98,34393,3038115,32.67,42763,1794374,19.3,0,0,0,0,0,0
2021-01-31,15.76,0,84.24,73330,3111445,33.46,59501,1853875,19.94,0,0,0,0,0,0
2021-02-01,17.48,0,82.52,82505,3193950,34.35,35356,1889231,20.32,0,0,0,0,0,0
2021-02-02,19.01,0,80.99,70101,3264051,35.1,31070,1920301,20.65,0,0,0,0,0,0
2021-02-03,20.47,0,79.53,60307,3324358,35.75,51442,1971743,21.2,0,0,0,0,0,0
2021-02-04,22,0,78,72631,3396989,36.53,58096,2029839,21.83,0,0,0,0,0,0
2021-02-05,22.75,0,77.25,33943,3430932,36.89,28805,2058644,22.14,0,0,0,0,0,0
2021-02-06,23.23,0,76.77,21621,3452553,37.13,22230,2080874,22.38,0,0,0,0,0,0
2021-02-07,23.99,0,76.01,54077,3506630,37.71,68738,2149612,23.12,0,0,0,0,0,0
2021-02-08,24.52,0,75.48,58638,3565268,38.34,65465,2215077,23.82,0,0,0,0,0,0
2021-02-09,25.04,0,74.96,66351,3631619,39.05,67576,2282653,24.55,0,0,0,0,0,0
2021-02-10,25.77,0,74.23,70565,3702184,39.81,72309,2354962,25.32,0,0,0,0,0,0
2021-02-11,26.61,0,73.39,81170,3783354,40.68,72105,2427067,26.1,0,0,0,0,0,0
2021-02-12,27.02,0,72.98,39104,3822458,41.1,37595,2464662,26.5,0,0,0,0,0,0
2021-02-13,27.33,0,72.67,27463,3849921,41.4,30440,2495102,26.83,0,0,0,0,0,0
2021-02-14,28.25,0,71.75,74913,3924834,42.21,69082,2564184,27.57,0,0,0,0,0,0
2021-02-15,29.17,0,70.83,81542,4006376,43.08,75719,2639903,28.39,0,0,0,0,0,0
2021-02-16,30.11,0,69.89,83416,4089792,43.98,78295,2718198,29.23,0,0,0,0,0,0
2021-02-17,31.01,0,68.99,61979,4151771,44.65,75640,2793838,30.04,0,0,0,0,0,0
2021-02-18,31.94,0,68.06,69155,4220926,45.39,79738,2873576,30.9,0,0,0,0,0,0
2021-02-19,32.45,0,67.55,39673,4260599,45.82,38160,2911736,31.31,0,0,0,0,0,0
2021-02-20,32.85,0,67.15,31650,4292249,46.16,28723,2940459,31.62,0,0,0,0,0,0
2021-02-21,33.8,0,66.2,79433,4371682,47.01,78444,3018903,32.46,0,0,0,0,0,0
2021-02-22,34.83,0,65.17,85057,4456739,47.93,80592,3099495,33.33,0,0,0,0,0,0
2021-02-23,35.84,0,64.16,77328,4534067,48.76,70484,3169979,34.09,0,0,0,0,0,0
2021-02-24,36.76,0,63.24,61064,4595131,49.41,63143,3233122,34.77,0,0,0,0,0,0
2021-02-25,37.66,0,62.34,51726,4646857,49.97,64804,3297926,35.46,0,0,0,0,0,0
2021-02-26,38.1,0,61.9,25910,4672767,50.25,32041,3329967,35.81,0,0,0,0,0,0
2021-02-27,38.42,0,61.58,18348,4691115,50.45,21195,3351162,36.04,0,0,0,0,0,0
2021-02-28,39.24,0,60.76,40362,4731477,50.88,55871,3407033,36.64,0,0,0,0,0,0
2021-03-01,40.1,0,59.9,45748,4777225,51.37,61438,3468471,37.3,0,0,0,0,0,0
2021-03-02,40.85,0,59.15,41200,4818425,51.81,64797,3533268,38,0,0,0,0,0,0
2021-03-03,41.55,0,58.45,42028,4860453,52.27,66787,3600055,38.71,0,0,0,0,0,0
2021-03-04,42.24,0,57.76,39717,4900170,52.69,79122,3679177,39.56,0,0,0,0,0,0
2021-03-05,42.57,0,57.43,17365,4917535,52.88,40466,3719643,40,0,0,0,0,0,0
2021-03-06,42.78,0,57.22,10718,4928253,53,25347,3744990,40.27,0,0,0,0,0,0
2021-03-07,43.36,0,56.64,31155,4959408,53.33,72845,3817835,41.06,0,0,0,0,0,0
2021-03-08,43.97,0,56.03,27386,4986794,53.63,73295,3891130,41.84,0,0,0,0,0,0
2021-03-09,44.62,0,55.38,26756,5013550,53.91,76598,3967728,42.67,0,0,0,0,0,0
2021-03-10,45.27,0,54.73,23371,5036921,54.16,58683,4026411,43.3,0,0,0,0,0,0
2021-03-11,45.99,0,54.01,23303,5060224,54.42,69092,4095503,44.04,0,0,0,0,0,0
2021-03-12,46.34,0,53.66,11295,5071519,54.54,41413,4136916,44.49,0,0,0,0,0,0
2021-03-13,46.57,0,53.43,7952,5079471,54.62,25239,4162155,44.76,0,0,0,0,0,0
2021-03-14,47.2,0,52.8,20989,5100460,54.85,73934,4236089,45.55,0,0,0,0,0,0
2021-03-15,47.81,0,52.19,20147,5120607,55.06,78281,4314370,46.39,0,0,0,0,0,0
2021-03-16,48.43,0,51.57,18755,5139362,55.27,71479,4385849,47.16,0,0,0,0,0,0
2021-03-17,48.92,0,51.08,17703,5157065,55.46,59005,4444854,47.8,0,0,0,0,0,0
2021-03-18,49.45,0,50.55,16047,5173112,55.63,58125,4502979,48.42,0,0,0,0,0,0
2021-03-19,49.75,0,50.25,6955,5180067,55.7,27979,4530958,48.72,0,0,0,0,0,0
2021-03-20,49.93,0,50.07,5226,5185293,55.76,15299,4546257,48.89,0,0,0,0,0,0
2021-03-21,50.46,0,49.54,13171,5198464,55.9,40508,4586765,49.32,0,0,0,0,0,0
2021-03-22,51,0,49,13577,5212041,56.05,40540,4627305,49.76,0,0,0,0,0,0
2021-03-23,51.43,0,48.57,2844,5214885,56.08,7301,4634606,49.84,0,0,0,0,0,0
2021-03-24,51.84,0,48.16,11000,5225885,56.2,46556,4681162,50.34,0,0,0,0,0,0
2021-03-25,52.22,0,47.78,10268,5236153,56.31,35437,4716599,50.72,0,0,0,0,0,0
2021-03-26,52.4,0,47.6,4186,5240339,56.35,13332,4729931,50.86,0,0,0,0,0,0
2021-03-27,52.5,0,47.5,1785,5242124,56.37,4267,4734198,50.91,0,0,0,0,0,0
2021-03-28,52.74,0,47.26,2111,5244235,56.39,4611,4738809,50.96,0,0,0,0,0,0
2021-03-29,53,0,47,6913,5251148,56.47,30016,4768825,51.28,0,0,0,0,0,0
2021-03-30,53.08,0,46.92,7889,5259037,56.55,22454,4791279,51.52,0,0,0,0,0,0
2021-03-31,53.38,0,46.62,8152,5267189,56.64,19500,4810779,51.73,0,0,0,0,0,0
2021-04-01,53.62,0,46.38,8209,5275398,56.73,18700,4829479,51.93,0,0,0,0,0,0
2021-04-02,53.71,0,46.29,2939,5278337,56.76,8130,4837609,52.02,0,0,0,0,0,0
2021-04-03,53.74,0,46.26,1433,5279770,56.78,2981,4840590,52.05,0,0,0,0,0,0
2021-04-04,53.82,0,46.18,9618,5289388,56.88,22832,4863422,52.3,0,0,0,0,0,0
2021-04-05,54.04,0,45.96,10359,5299747,56.99,21273,4884695,52.53,0,0,0,0,0,0
2021-04-06,54.21,0,45.79,9028,5308775,57.09,16792,4901487,52.71,0,0,0,0,0,0
2021-04-07,54.36,0,45.64,8928,5317703,57.18,15310,4916797,52.87,0,0,0,0,0,0
2021-04-08,54.52,0,45.48,9427,5327130,57.29,17011,4933808,53.06,0,0,0,0,0,0
2021-04-09,54.58,0,45.42,3607,5330737,57.32,6256,4940064,53.12,0,0,0,0,0,0
2021-04-10,54.61,0,45.39,1633,5332370,57.34,3519,4943583,53.16,0,0,0,0,0,0
2021-04-11,54.78,0,45.22,9043,5341413,57.44,14248,4957831,53.31,0,0,0,0,0,0
2021-04-12,54.95,0,45.05,8935,5350348,57.54,13232,4971063,53.46,0,0,0,0,0,0
2021-04-13,55.08,0,44.92,5839,5356187,57.6,4959,4976022,53.51,0,0,0,0,0,0
2021-04-14,55.18,0,44.82,3647,5359834,57.64,5308,4981330,53.57,0,0,0,0,0,0
2021-04-15,55.27,0,44.73,695,5360529,57.64,581,4981911,53.57,0,0,0,0,0,0
2021-04-16,55.33,0,44.67,3414,5363943,57.68,6648,4988559,53.64,0,0,0,0,0,0
2021-04-17,55.35,0,44.65,822,5364765,57.69,1971,4990530,53.67,0,0,0,0,0,0
2021-04-18,55.47,0,44.53,7097,5371862,57.77,7432,4997962,53.75,0,0,0,0,0,0
2021-04-19,55.58,0,44.42,6404,5378266,57.84,7131,5005093,53.82,0,0,0,0,0,0
2021-04-20,55.65,0,44.35,6278,5384544,57.9,6886,5011979,53.9,0,0,0,0,0,0
2021-04-21,55.71,0,44.29,6377,5390921,57.97,7108,5019087,53.97,0,0,0,0,0,0
2021-04-22,55.75,0,44.25,5948,5396869,58.04,7686,5026773,54.06,0,0,0,0,0,0
2021-04-23,55.8,0,44.2,2764,5399633,58.06,3387,5030160,54.09,0,0,0,0,0,0
2021-04-24,55.82,0,44.18,767,5400400,58.07,1290,5031450,54.11,0,0,0,0,0,0
2021-04-25,55.89,0,44.11,4828,5405228,58.13,6923,5038373,54.18,0,0,0,0,0,0
2021-04-26,55.96,0,44.04,5478,5410706,58.18,7887,5046260,54.26,0,0,0,0,0,0
2021-04-27,56.03,0,43.97,4505,5415211,58.23,6622,5052882,54.34,0,0,0,0,0,0
2021-04-28,56.09,0,43.91,4497,5419708,58.28,7331,5060213,54.41,0,0,0,0,0,0
2021-04-29,56.16,0,43.84,4376,5424084,58.33,7292,5067505,54.49,0,0,0,0,0,0
2021-04-30,56.19,0,43.81,1923,5426007,58.35,3200,5070705,54.53,0,0,0,0,0,0
2021-05-01,56.2,0,43.8,458,5426465,58.35,894,5071599,54.54,0,0,0,0,0,0
2021-05-02,56.26,0,43.74,3224,5429689,58.39,6090,5077689,54.6,0,0,0,0,0,0
2021-05-03,56.32,0,43.68,3535,5433224,58.43,5830,5083519,54.67,0,0,0,0,0,0
2021-05-04,56.38,0,43.62,3591,5436815,58.46,4735,5088254,54.72,0,0,0,0,0,0
2021-05-05,56.44,0,43.56,3290,5440105,58.5,4090,5092344,54.76,0,0,0,0,0,0
2021-05-06,56.5,0,43.5,3641,5443746,58.54,3142,5095486,54.79,0,0,0,0,0,0
2021-05-07,56.52,0,43.48,1841,5445587,58.56,2508,5097994,54.82,0,0,0,0,0,0
2021-05-08,56.53,0,43.47,239,5445826,58.56,507,5098501,54.83,0,0,0,0,0,0
2021-05-09,56.58,0,43.42,2851,5448677,58.59,4749,5103250,54.88,0,0,0,0,0,0
2021-05-10,56.63,0,43.37,2894,5451571,58.62,4710,5107960,54.93,0,0,0,0,0,0
2021-05-11,56.67,0,43.33,2622,5454193,58.65,3878,5111838,54.97,0,0,0,0,0,0
2021-05-12,56.7,0,43.3,2030,5456223,58.67,3339,5115177,55.01,0,0,0,0,0,0
2021-05-13,56.73,0,43.27,2041,5458264,58.7,3683,5118860,55.05,0,0,0,0,0,0
2021-05-14,56.75,0,43.25,977,5459241,58.71,1493,5120353,55.06,0,0,0,0,0,0
2021-05-15,56.75,0,43.25,254,5459495,58.71,259,5120612,55.06,0,0,0,0,0,0
2021-05-16,56.78,0,43.22,529,5460024,58.71,1205,5121817,55.08,0,0,0,0,0,0
2021-05-17,56.81,0,43.19,299,5460323,58.72,845,5122662,55.09,0,0,0,0,0,0
2021-05-18,56.84,0,43.16,1960,5462283,58.74,4936,5127598,55.14,0,0,0,0,0,0
2021-05-19,56.87,0,43.13,2232,5464515,58.76,5041,5132639,55.19,0,0,0,0,0,0
2021-05-20,56.9,0,43.1,2311,5466826,58.79,3879,5136518,55.24,0,0,0,0,0,0
2021-05-21,56.92,0,43.08,1189,5468015,58.8,1414,5137932,55.25,0,0,0,0,0,0
2021-05-22,56.92,0,43.08,206,5468221,58.8,395,5138327,55.25,0,0,0,0,0,0
2021-05-23,56.94,0,43.06,2271,5470492,58.83,3216,5141543,55.29,0,0,0,0,0,0
2021-05-24,56.96,0,43.04,2135,5472627,58.85,3596,5145139,55.33,0,0,0,0,0,0
2021-05-25,56.99,0,43.01,1819,5474446,58.87,2586,5147725,55.36,0,0,0,0,0,0
2021-05-26,57.03,0,42.97,1410,5475856,58.88,2502,5150227,55.38,0,0,0,0,0,0
2021-05-27,57.06,0,42.94,1858,5477714,58.9,3186,5153413,55.42,0,0,0,0,0,0
2021-05-28,57.07,0,42.93,784,5478498,58.91,1404,5154817,55.43,0,0,0,0,0,0
2021-05-29,57.07,0,42.93,190,5478688,58.92,224,5155041,55.43,0,0,0,0,0,0
2021-05-30,57.1,0,42.9,1644,5480332,58.93,1936,5156977,55.46,0,0,0,0,0,0
2021-05-31,57.13,0,42.87,1736,5482068,58.95,2093,5159070,55.48,0,0,0,0,0,0
2021-06-01,57.47,0,42.53,1379,5483447,58.97,1821,5160891,55.5,0,0,0,0,0,0
2021-06-02,57.25,0,42.75,1513,5484960,58.98,1607,5162498,55.52,0,0,0,0,0,0
2021-06-03,57.27,0,42.73,1683,5486643,59,1490,5163988,55.53,0,0,0,0,0,0
2021-06-04,57.28,0,42.72,1101,5487744,59.01,782,5164770,55.54,0,0,0,0,0,0
2021-06-05,57.29,0,42.71,183,5487927,59.01,159,5164929,55.54,0,0,0,0,0,0
2021-06-06,57.31,0,42.69,4289,5492216,59.06,1002,5165931,55.55,0,0,0,0,0,0
2021-06-07,57.34,0,42.66,4438,5496654,59.11,811,5166742,55.56,0,0,0,0,0,0
2021-06-08,57.36,0,42.64,3737,5500391,59.15,1174,5167916,55.57,0,0,0,0,0,0
2021-06-09,57.4,0,42.6,3614,5504005,59.19,1326,5169242,55.59,0,0,0,0,0,0
2021-06-10,57.42,0,42.58,3359,5507364,59.22,1298,5170540,55.6,0,0,0,0,0,0
2021-06-11,57.43,0,42.57,1396,5508760,59.24,584,5171124,55.61,0,0,0,0,0,0
2021-06-12,57.43,0,42.57,217,5508977,59.24,173,5171297,55.61,0,0,0,0,0,0
2021-06-13,57.45,0,42.55,3101,5512078,59.27,1260,5172557,55.62,0,0,0,0,0,0
2021-06-14,57.46,0,42.54,3056,5515134,59.31,1529,5174086,55.64,0,0,0,0,0,0
2021-06-15,57.48,0,42.52,3137,5518271,59.34,1374,5175460,55.65,0,0,0,0,0,0
2021-06-16,57.49,0,42.51,2729,5521000,59.37,999,5176459,55.67,0,0,0,0,0,0
2021-06-17,57.51,0,42.49,2728,5523728,59.4,1204,5177663,55.68,0,0,0,0,0,0
2021-06-18,57.52,0,42.48,1264,5524992,59.41,505,5178168,55.68,0,0,0,0,0,0
2021-06-19,57.52,0,42.48,242,5525234,59.42,139,5178307,55.68,0,0,0,0,0,0
2021-06-20,57.54,0,42.46,3315,5528549,59.45,1330,5179637,55.7,0,0,0,0,0,0
2021-06-21,57.56,0,42.44,5244,5533793,59.51,1214,5180851,55.71,0,0,0,0,0,0
2021-06-22,57.58,0,42.42,6933,5540726,59.58,1099,5181950,55.72,0,0,0,0,0,0
2021-06-23,57.6,0,42.4,10754,5551480,59.7,1304,5183254,55.74,0,0,0,0,0,0
2021-06-24,57.62,0,42.38,12045,5563525,59.83,1466,5184720,55.75,0,0,0,0,0,0
2021-06-25,57.62,0,42.38,7112,5570637,59.9,944,5185664,55.76,0,0,0,0,0,0
2021-06-26,57.63,0,42.37,2273,5572910,59.93,198,5185862,55.77,0,0,0,0,0,0
2021-06-27,57.65,0,42.35,13631,5586541,60.07,3436,5189298,55.8,0,0,0,0,0,0
2021-06-28,57.68,0,42.32,14517,5601058,60.23,3675,5192973,55.84,0,0,0,0,0,0
2021-06-29,57.69,0,42.31,16709,5617767,60.41,3743,5196716,55.88,0,0,0,0,0,0
2021-06-30,57.72,0,42.28,16483,5634250,60.59,3396,5200112,55.92,0,0,0,0,0,0
2021-07-01,57.78,0,42.22,16833,5651083,60.77,3372,5203484,55.96,121,121,0,0,0,0
2021-07-02,57.79,0,42.21,9834,5660917,60.87,1603,5205087,55.97,7,128,0,0,0,0
2021-07-03,57.79,0,42.21,2677,5663594,60.9,296,5205383,55.98,1,129,0,0,0,0
2021-07-04,57.85,0,42.15,17735,5681329,61.09,3161,5208544,56.01,2,131,0,0,0,0
2021-07-05,57.91,0,42.09,17847,5699176,61.29,3043,5211587,56.04,7,138,0,0,0,0
2021-07-06,57.99,0,42.01,17846,5717022,61.48,3406,5214993,56.08,11,149,0,0,0,0
2021-07-07,58.05,0,41.95,15525,5732547,61.65,2701,5217694,56.11,12,161,0,0,0,0
2021-07-08,58.12,0,41.88,16585,5749132,61.82,2878,5220572,56.14,17,178,0,0,0,0
2021-07-09,58.15,0,41.85,11124,5760256,61.94,1534,5222106,56.16,4,182,0,0,0,0
2021-07-10,58.15,0,41.85,4988,5765244,62,389,5222495,56.16,6,188,0,0,0,0
2021-07-11,58.22,0,41.78,1456,5766700,62.01,2848,5225343,56.19,8,196,0,0,0,0
2021-07-12,58.29,0,41.71,2424,5769124,62.04,3689,5229032,56.23,56,252,0,0,0,0
2021-07-13,58.36,0,41.64,2962,5772086,62.07,5458,5234490,56.29,124,376,0,0,0,0
2021-07-14,58.42,0,41.58,2745,5774831,62.1,7531,5242021,56.37,441,817,0.01,0,0,0
2021-07-15,58.5,0,41.5,3002,5777833,62.13,9295,5251316,56.47,374,1191,0.01,0,0,0
2021-07-16,58.54,0,41.46,1292,5779125,62.15,5896,5257212,56.53,66,1257,0.01,0,0,0
2021-07-17,58.55,0,41.44,369,5779494,62.15,1391,5258603,56.55,8,1265,0.01,0,0,0
2021-07-18,58.6,0,41.4,2073,5781567,62.17,9768,5268371,56.65,235,1500,0.02,0,0,0
2021-07-19,58.65,0,41.35,3209,5784776,62.21,11345,5279716,56.78,461,1961,0.02,0,0,0
2021-07-20,58.72,0,41.28,2682,5787458,62.24,11911,5291627,56.9,373,2334,0.03,0,0,0
2021-07-21,58.81,0,41.19,2405,5789863,62.26,11878,5303505,57.03,325,2659,0.03,0,0,0
2021-07-22,58.93,0,41.07,2873,5792736,62.29,13272,5316777,57.17,391,3050,0.03,0,0,0
2021-07-23,58.99,0,41.01,2035,5794771,62.31,8243,5325020,57.26,106,3156,0.03,0,0,0
2021-07-24,58.99,0,41,641,5795412,62.32,1485,5326505,57.28,7,3163,0.03,0,0,0
2021-07-25,59.1,0,40.89,4415,5799827,62.37,15497,5342002,57.45,223,3386,0.04,0,0,0
2021-07-26,59.24,0,40.75,5169,5804996,62.42,13533,5355535,57.59,325,3711,0.04,0,0,0
2021-07-27,59.37,0.01,40.62,5491,5810487,62.48,13575,5369110,57.74,414,4125,0.04,0,0,0
2021-07-28,59.5,0.01,40.49,3987,5814474,62.53,12342,5381452,57.87,472,4597,0.05,0,0,0
2021-07-29,59.65,0.01,40.33,4660,5819134,62.58,14198,5395650,58.02,532,5129,0.06,0,0,0
2021-07-30,59.74,0.02,40.25,2652,5821786,62.6,10853,5406503,58.14,4122,9251,0.1,0,0,0
2021-07-31,59.75,0.02,40.23,1404,5823190,62.62,3551,5410054,58.18,6159,15410,0.17,0,0,0
2021-08-01,59.91,0.02,40.06,3075,5826265,62.65,3364,5413418,58.21,31047,46457,0.5,0,0,0
2021-08-02,60.06,0.03,39.91,3132,5829397,62.69,3173,5416591,58.25,58514,104971,1.13,0,0,0
2021-08-03,60.21,0.03,39.76,3383,5832780,62.72,3325,5419916,58.28,78953,183924,1.98,0,0,0
2021-08-04,60.34,0.03,39.63,3526,5836306,62.76,3254,5423170,58.32,80764,264688,2.85,0,0,0
2021-08-05,60.49,0.04,39.47,4511,5840817,62.81,3569,5426739,58.36,88442,353130,3.8,0,0,0
2021-08-06,60.6,0.04,39.36,2434,5843251,62.84,1857,5428596,58.38,44743,397873,4.28,0,0,0
2021-08-07,60.63,0.04,39.32,1032,5844283,62.85,697,5429293,58.38,27353,425226,4.57,0,0,0
2021-08-08,60.68,0.04,39.28,4988,5849271,62.9,3082,5432375,58.42,80087,505313,5.43,0,0,0
2021-08-09,60.72,0.04,39.24,5340,5854611,62.96,3057,5435432,58.45,76489,581802,6.26,0,0,0
2021-08-10,60.75,0.04,39.2,5551,5860162,63.02,3202,5438634,58.48,75427,657229,7.07,0,0,0
2021-08-11,60.79,0.04,39.17,5694,5865856,63.08,2943,5441577,58.52,62639,719868,7.74,0,0,0
2021-08-12,60.83,0.04,39.12,7038,5872894,63.15,3287,5444864,58.55,59461,779329,8.38,0,0,0
2021-08-13,60.84,0.05,39.11,3816,5876710,63.2,2066,5446930,58.57,43869,823198,8.85,0,0,0
2021-08-14,60.85,0.05,39.1,2252,5878962,63.22,850,5447780,58.58,44486,867684,9.33,0,0,0
2021-08-15,60.89,0.05,39.06,7143,5886105,63.3,4530,5452310,58.63,97982,965666,10.38,0,0,0
2021-08-16,60.92,0.04,39.03,6987,5893092,63.37,4743,5457053,58.68,89518,1055184,11.35,0,0,0
2021-08-17,60.96,0.04,39,7570,5900662,63.45,5134,5462187,58.74,83319,1138503,12.24,0,0,0
2021-08-18,60.99,0.04,38.96,8642,5909304,63.55,4603,5466790,58.79,69266,1207769,12.99,0,0,0
2021-08-19,61.03,0.04,38.92,10079,5919383,63.65,5215,5472005,58.84,65973,1273742,13.7,0,0,0
2021-08-20,61.05,0.05,38.9,4768,5924151,63.71,2825,5474830,58.87,60451,1334193,14.35,0,0,0
2021-08-21,61.06,0.05,38.89,3497,5927648,63.74,1580,5476410,58.89,50725,1384918,14.89,0,0,0
2021-08-22,61.12,0.04,38.84,9820,5937468,63.85,4806,5481216,58.94,105107,1490025,16.02,0,0,0
2021-08-23,61.17,0.04,38.79,10926,5948394,63.97,4448,5485664,58.99,94027,1584052,17.03,0,0,0
2021-08-24,61.23,0.04,38.73,11722,5960116,64.09,4702,5490366,59.04,98551,1682603,18.09,0,0,0
2021-08-25,61.29,0.04,38.67,9613,5969729,64.2,4481,5494847,59.09,99543,1782146,19.16,0,0,0
2021-08-26,61.36,0.03,38.61,10107,5979836,64.3,5057,5499904,59.14,101226,1883372,20.25,0,0,0
2021-08-27,61.35,0.04,38.61,4325,5984161,64.35,2783,5502687,59.17,56694,1940066,20.86,0,0,0
2021-08-28,61.4,0.04,38.57,3697,5987858,64.39,1497,5504184,59.19,33538,1973604,21.22,0,0,0
2021-08-29,61.46,0.03,38.5,10322,5998180,64.5,5932,5510116,59.25,79545,2053149,22.08,0,0,0
2021-08-30,61.53,0.03,38.44,12334,6010514,64.63,7015,5517131,59.33,116003,2169152,23.33,0,0,0
2021-08-31,61.6,0.03,38.37,12075,6022589,64.76,6527,5523658,59.4,114873,2284025,24.56,0,0,0
2021-09-01,61.43,0.03,38.54,9034,6031623,64.86,6038,5529696,59.46,112486,2396511,25.77,0,0,0
2021-09-02,61.49,0.03,38.48,8783,6040406,64.96,7179,5536875,59.54,111541,2508052,26.97,0,0,0
2021-09-03,61.56,0.03,38.42,3750,6044156,65,4115,5540990,59.59,58883,2566935,27.6,0,0,0
2021-09-04,61.59,0.03,38.38,2693,6046849,65.02,2020,5543010,59.61,29948,2596883,27.93,0,0,0
2021-09-05,61.68,0.03,38.29,6990,6053839,65.1,6460,5549470,59.68,73325,2670208,28.71,0,0,0
2021-09-06,61.77,0.03,38.2,2832,6056671,65.13,2708,5552178,59.71,22796,2693004,28.96,0,0,0
2021-09-07,61.85,0.03,38.12,1199,6057870,65.14,878,5553056,59.71,5397,2698401,29.02,0,0,0
2021-09-08,61.93,0.03,38.05,1379,6059249,65.16,1194,5554250,59.73,6621,2705022,29.09,0,0,0
2021-09-09,62.02,0.03,37.95,7088,6066337,65.23,12573,5566823,59.86,73843,2778865,29.88,0,0,0
2021-09-10,62.06,0.03,37.91,3257,6069594,65.27,5015,5571838,59.92,37935,2816800,30.29,0,0,0
2021-09-11,62.08,0.03,37.89,2108,6071702,65.29,2505,5574343,59.94,14816,2831616,30.45,0,0,0
2021-09-12,62.16,0.03,37.81,6107,6077809,65.36,8586,5582929,60.04,54134,2885750,31.03,0,0,0
2021-09-13,62.15,0.03,37.82,5610,6083419,65.42,8259,5591188,60.12,47981,2933731,31.55,0,0,0
2021-09-14,62.2,0.03,37.77,4961,6088380,65.47,7420,5598608,60.2,48852,2982583,32.07,0,0,0
2021-09-15,62.25,0.03,37.72,1749,6090129,65.49,2716,5601324,60.23,16686,2999269,32.25,0,0,0
2021-09-16,62.37,0.03,37.6,343,6090472,65.49,548,5601872,60.24,1740,3001009,32.27,0,0,0
2021-09-17,62.42,0.03,37.54,3682,6094154,65.53,7019,5608891,60.32,42904,3043913,32.73,0,0,0
2021-09-18,62.45,0.03,37.52,2258,6096412,65.56,2943,5611834,60.35,12783,3056696,32.87,0,0,0
2021-09-19,62.55,0.03,37.42,5941,6102353,65.62,10710,5622544,60.46,44332,3101028,33.35,0,0,0
2021-09-20,62.63,0.03,37.34,3245,6105598,65.66,4645,5627189,60.51,16707,3117735,33.53,0,0,0
2021-09-21,62.69,0.03,37.28,1339,6106937,65.67,2058,5629247,60.53,3476,3121211,33.56,0,0,0
2021-09-22,62.72,0.03,37.25,4257,6111194,65.72,7250,5636497,60.61,25072,3146283,33.83,0,0,0
2021-09-23,62.75,0.03,37.22,4389,6115583,65.76,5912,5642409,60.68,27833,3174116,34.13,0,0,0
2021-09-24,62.82,0.03,37.15,3202,6118785,65.8,4184,5646593,60.72,27721,3201837,34.43,0,0,0
2021-09-25,62.85,0.03,37.12,2078,6120863,65.82,2260,5648853,60.75,10443,3212280,34.54,0,0,0
2021-09-26,62.96,0.03,37,5606,6126469,65.88,5971,5654824,60.81,36266,3248546,34.93,0,0,0
2021-09-27,63.02,0.03,36.94,4693,6131162,65.93,4468,5659292,60.86,30453,3278999,35.26,0,0,0
2021-09-28,63.06,0.04,36.91,1471,6132633,65.95,1180,5660472,60.87,6249,3285248,35.33,0,0,0
2021-09-29,63.13,0.03,36.84,9621,6142254,66.05,8345,5668817,60.96,60324,3345572,35.98,0,0,0
2021-09-30,63.18,0.03,36.79,10974,6153228,66.17,8571,5677388,61.05,79694,3425266,36.83,0,0,0
2021-10-01,63.23,0.03,36.73,5124,6158352,66.22,3875,5681263,61.09,46544,3471810,37.33,0,0,0
2021-10-02,63.26,0.03,36.71,2862,6161214,66.25,2127,5683390,61.12,22432,3494242,37.58,0,0,0
2021-10-03,63.35,0.03,36.62,11667,6172881,66.38,7273,5690663,61.19,70724,3564966,38.34,0,0,0
2021-10-04,63.4,0.03,36.57,10320,6183201,66.49,6757,5697420,61.27,51905,3616871,38.89,0,0,0
2021-10-05,63.41,0.03,36.55,8459,6191660,66.58,5312,5702732,61.32,40477,3657348,39.33,0,0,0
2021-10-06,63.52,0.03,36.45,7541,6199201,66.66,4182,5706914,61.37,34143,3691491,39.7,0,0,0
2021-10-07,63.63,0.03,36.34,6892,6206093,66.74,4007,5710921,61.41,34065,3725556,40.06,0,0,0
2021-10-08,63.68,0.03,36.29,3085,6209178,66.77,2643,5713564,61.44,19248,3744804,40.27,0,0,0
2021-10-09,63.71,0.03,36.26,1337,6210515,66.78,1443,5715007,61.46,7441,3752245,40.35,0,0,0
2021-10-10,63.82,0.04,36.14,4675,6215190,66.84,3745,5718752,61.5,21517,3773762,40.58,0,0,0
2021-10-11,63.91,0.04,36.05,4298,6219488,66.88,2942,5721694,61.53,17264,3791026,40.77,0,0,0
2021-10-12,63.99,0.05,35.96,3973,6223461,66.92,3003,5724697,61.56,15356,3806382,40.93,0,0,0
2021-10-13,64.09,0.05,35.86,3487,6226948,66.96,2451,5727148,61.59,13586,3819968,41.08,0,0,0
2021-10-14,64.19,0.06,35.75,3867,6230815,67,2684,5729832,61.62,16566,3836534,41.26,0,0,0
2021-10-15,64.23,0.07,35.7,1702,6232517,67.02,1682,5731514,61.63,9007,3845541,41.35,0,0,0
2021-10-16,64.25,0.08,35.67,726,6233243,67.03,954,5732468,61.64,4034,3849575,41.4,0,0,0
2021-10-17,64.36,0.09,35.56,3088,6236331,67.06,2525,5734993,61.67,12798,3862373,41.53,0,0,0
2021-10-18,64.43,0.1,35.47,2460,6238791,67.09,1689,5736682,61.69,10068,3872441,41.64,0,0,0
2021-10-19,64.49,0.1,35.4,2397,6241188,67.11,1281,5737963,61.7,9295,3881736,41.74,0,0,0
2021-10-20,64.14,0.52,35.34,2434,6243622,67.14,2304,5740267,61.73,10097,3891833,41.85,0,0,0
2021-10-21,54.23,10.41,35.36,3032,6246654,67.17,3092,5743359,61.76,12162,3903995,41.98,0,0,0
2021-10-22,54.36,10.26,35.38,1279,6247933,67.19,1434,5744793,61.78,5831,3909826,42.04,0,0,0
2021-10-23,54.42,10.19,35.39,572,6248505,67.19,1266,5746059,61.79,2564,3912390,42.07,0,0,0
2021-10-24,54.22,10.43,35.35,2515,6251020,67.22,2653,5748712,61.82,9855,3922245,42.18,0,0,0
2021-10-25,54.59,10.22,35.19,2635,6253655,67.25,2749,5751461,61.85,8507,3930752,42.27,0,0,0
2021-10-26,54.64,10.26,35.1,2380,6256035,67.27,2055,5753516,61.87,8521,3939273,42.36,0,0,0
2021-10-27,54.58,10.37,35.06,2289,6258324,67.3,2566,5756082,61.9,7952,3947225,42.45,0,0,0
2021-10-28,54.69,10.76,34.55,2502,6260826,67.33,2777,5758859,61.93,8670,3955895,42.54,0,0,0
2021-10-29,54.73,10.75,34.52,899,6261725,67.34,1151,5760010,61.94,4135,3960030,42.58,0,0,0
2021-10-30,54.68,10.81,34.52,365,6262090,67.34,530,5760540,61.95,1710,3961740,42.6,0,0,0
2021-10-31,54.83,10.7,34.47,2260,6264350,67.36,2495,5763035,61.97,8254,3969994,42.69,0,0,0
2021-11-01,54.95,10.63,34.42,1735,6266085,67.38,2090,5765125,62,6478,3976472,42.76,0,0,0
2021-11-02,54.89,10.69,34.42,2026,6268111,67.4,2043,5767168,62.02,6293,3982765,42.83,0,0,0
2021-11-03,54.86,10.75,34.39,1762,6269873,67.42,1896,5769064,62.04,5555,3988320,42.89,0,0,0
2021-11-04,54.85,10.81,34.33,2109,6271982,67.45,2801,5771865,62.07,7126,3995446,42.97,0,0,0
2021-11-05,54.85,10.83,34.32,788,6272770,67.45,904,5772769,62.08,3482,3998928,43,0,0,0
2021-11-06,54.82,10.86,34.32,346,6273116,67.46,385,5773154,62.08,1372,4000300,43.02,0,0,0
2021-11-07,54.92,10.8,34.28,1578,6274694,67.47,1769,5774923,62.1,6134,4006434,43.08,0,0,0
2021-11-08,55.01,10.75,34.24,1519,6276213,67.49,1602,5776525,62.12,5405,4011839,43.14,0,0,0
2021-11-09,55.05,10.74,34.21,1428,6277641,67.51,1607,5778132,62.14,5330,4017169,43.2,0,0,0
2021-11-10,55.08,10.73,34.19,1423,6279064,67.52,1659,5779791,62.15,4777,4021946,43.25,0,0,0
2021-11-11,55.15,10.69,34.15,1627,6280691,67.54,1944,5781735,62.17,5712,4027658,43.31,0,0,0
2021-11-12,55.17,10.69,34.14,633,6281324,67.55,825,5782560,62.18,2922,4030580,43.34,0,0,0
2021-11-13,55.14,10.72,34.14,255,6281579,67.55,286,5782846,62.19,1130,4031710,43.35,0,0,0
2021-11-14,55.21,10.68,34.11,1536,6283115,67.57,1637,5784483,62.2,5108,4036818,43.41,0,0,0
2021-11-15,55.28,10.63,34.09,1274,6284389,67.58,1622,5786105,62.22,4768,4041586,43.46,0,0,0
2021-11-16,55.32,10.62,34.07,1272,6285661,67.59,1415,5787520,62.24,4347,4045933,43.51,0,0,0
2021-11-17,55.35,10.6,34.05,1204,6286865,67.61,1564,5789084,62.25,3914,4049847,43.55,0,0,0
2021-11-18,55.41,10.58,34.02,1361,6288226,67.62,1691,5790775,62.27,5009,4054856,43.6,0,0,0
2021-11-19,55.42,10.57,34.01,588,6288814,67.63,763,5791538,62.28,2456,4057312,43.63,0,0,0
2021-11-20,55.41,10.58,34,237,6289051,67.63,254,5791792,62.28,929,4058241,43.64,0,0,0
2021-11-21,55.47,10.54,33.98,1408,6290459,67.64,1540,5793332,62.3,4879,4063120,43.69,0,0,0
2021-11-22,55.54,10.5,33.96,1680,6292139,67.66,1521,5794853,62.31,4238,4067358,43.74,0,0,0
2021-11-23,55.57,10.48,33.95,8621,6300760,67.76,1687,5796540,62.33,4005,4071363,43.78,0,0,0
2021-11-24,55.6,10.44,33.95,9349,6310109,67.86,1317,5797857,62.35,3922,4075285,43.82,0,0,0
2021-11-25,55.64,10.43,33.93,9812,6319921,67.96,1601,5799458,62.36,4839,4080124,43.88,0,0,0
2021-11-26,55.63,10.45,33.92,5610,6325531,68.02,747,5800205,62.37,2799,4082923,43.91,0,0,0
2021-11-27,55.62,10.46,33.92,4779,6330310,68.07,323,5800528,62.38,1163,4084086,43.92,0,0,0
2021-11-28,55.67,10.43,33.9,10152,6340462,68.18,1475,5802003,62.39,4901,4088987,43.97,0,0,0
2021-11-29,55.73,10.39,33.88,9042,6349504,68.28,1130,5803133,62.4,4373,4093360,44.02,0,0,0
2021-11-30,55.77,10.37,33.86,10044,6359548,68.39,1035,5804168,62.42,4084,4097444,44.06,0,0,0
2021-12-01,55.79,10.36,33.84,8629,6368177,68.48,1095,5805263,62.43,4440,4101884,44.11,6,6,0
2021-12-02,55.84,10.34,33.82,9175,6377352,68.58,1453,5806716,62.44,5120,4107004,44.16,6,12,0
2021-12-03,55.86,10.33,33.81,6331,6383683,68.65,673,5807389,62.45,2867,4109871,44.2,1,13,0
2021-12-04,55.85,10.34,33.81,2508,6386191,68.67,235,5807624,62.45,920,4110791,44.21,3,16,0
2021-12-05,55.9,10.31,33.79,8335,6394526,68.76,1253,5808877,62.47,4682,4115473,44.26,1,17,0
2021-12-06,55.95,10.27,33.78,6723,6401249,68.84,1197,5810074,62.48,4350,4119823,44.3,4,21,0
2021-12-07,55.99,10.25,33.76,5553,6406802,68.9,1501,5811575,62.49,3965,4123788,44.35,9,30,0
2021-12-08,56.03,10.22,33.75,4933,6411735,68.95,1199,5812774,62.51,3881,4127669,44.39,10,40,0
2021-12-09,56.08,10.19,33.73,6237,6417972,69.02,1237,5814011,62.52,4506,4132175,44.44,8,48,0
2021-12-10,56.1,10.18,33.72,3005,6420977,69.05,703,5814714,62.53,2685,4134860,44.46,4,52,0
2021-12-11,56.1,10.18,33.71,1491,6422468,69.06,251,5814965,62.53,1016,4135876,44.48,0,52,0
2021-12-12,56.16,10.15,33.69,7273,6429741,69.14,1444,5816409,62.55,5247,4141123,44.53,3,55,0
2021-12-13,56.21,10.11,33.67,6180,6435921,69.21,1374,5817783,62.56,4348,4145471,44.58,5,60,0
2021-12-14,56.27,10.09,33.65,7317,6443238,69.29,6100,5823883,62.63,4937,4150408,44.63,12,72,0
2021-12-15,56.34,10.06,33.6,7203,6450441,69.36,7403,5831286,62.71,5442,4155850,44.69,7,79,0
2021-12-16,56.53,10.05,33.42,8079,6458520,69.45,8613,5839899,62.8,6562,4162412,44.76,8,87,0
2021-12-17,56.64,10.05,33.3,4406,6462926,69.5,5139,5845038,62.85,3952,4166364,44.8,3,90,0
2021-12-18,56.73,10.07,33.2,3940,6466866,69.54,2913,5847951,62.89,1360,4167724,44.82,2,92,0
2021-12-19,56.92,10.04,33.04,6980,6473846,69.62,9331,5857282,62.99,6273,4173997,44.89,6,98,0
2021-12-20,57.07,10.02,32.91,7969,6481815,69.7,7517,5864799,63.07,5442,4179439,44.94,9,107,0
2021-12-21,57.27,10.01,32.71,9549,6491364,69.8,8649,5873448,63.16,6489,4185928,45.01,8,115,0
2021-12-22,57.49,10,32.52,9664,6501028,69.91,8155,5881603,63.25,6248,4192176,45.08,12,127,0
2021-12-23,57.7,9.97,32.33,11538,6512566,70.03,10264,5891867,63.36,8155,4200331,45.17,16,143,0
2021-12-24,57.83,9.96,32.21,5871,6518437,70.1,6240,5898107,63.43,5280,4205611,45.23,12,155,0
2021-12-25,57.9,9.96,32.15,3338,6521775,70.13,2565,5900672,63.45,2021,4207632,45.25,6,161,0
2021-12-26,58.1,9.92,31.98,10653,6532428,70.25,8910,5909582,63.55,8201,4215833,45.34,8,169,0
2021-12-27,58.27,9.9,31.83,10370,6542798,70.36,7145,5916727,63.63,8183,4224016,45.42,21,190,0
2021-12-28,58.46,9.88,31.66,11374,6554172,70.48,7452,5924179,63.71,9639,4233655,45.53,24,214,0
2021-12-29,58.64,9.85,31.51,9933,6564105,70.59,5963,5930142,63.77,8374,4242029,45.62,20,234,0
2021-12-30,58.84,9.82,31.34,11012,6575117,70.71,7735,5937877,63.85,12239,4254268,45.75,10,244,0
2021-12-31,58.9,9.79,31.3,4829,6579946,70.76,3672,5941549,63.89,7294,4261562,45.83,135,379,0
2022-01-01,58.93,9.79,31.28,1992,6581938,70.78,1591,5943140,63.91,2741,4264303,45.86,66,445,0
2022-01-02,59.14,9.76,31.1,10217,6592155,70.89,6487,5949627,63.98,13001,4277304,46,590,1035,0.01
2022-01-03,59.29,9.71,31,9383,6601538,70.99,5257,5954884,64.04,11335,4288639,46.12,25055,26090,0.28
2022-01-04,59.46,9.68,30.86,8966,6610504,71.09,5949,5960833,64.1,10522,4299161,46.23,50658,76748,0.83
2022-01-05,59.56,9.65,30.79,8552,6619056,71.18,5737,5966570,64.16,10491,4309652,46.34,59589,136337,1.47
2022-01-06,59.81,9.63,30.56,10340,6629396,71.29,7959,5974529,64.25,13530,4323182,46.49,63999,200336,2.15
2022-01-07,59.89,9.61,30.49,4760,6634156,71.34,4556,5979085,64.3,8160,4331342,46.58,31135,231471,2.49
2022-01-08,59.9,9.64,30.46,2750,6636906,71.37,2450,5981535,64.32,5500,4336842,46.64,27629,259100,2.79
2022-01-09,60.06,9.59,30.35,9306,6646212,71.47,7722,5989257,64.41,11868,4348710,46.76,66764,325864,3.5
2022-01-10,60.21,9.54,30.25,8350,6654562,71.56,7645,5996902,64.49,11877,4360587,46.89,64773,390637,4.2
2022-01-11,60.38,9.49,30.13,8101,6662663,71.65,8620,6005522,64.58,11967,4372554,47.02,56657,447294,4.81
2022-01-12,60.51,9.45,30.04,7276,6669939,71.73,8304,6013826,64.67,11114,4383668,47.14,44631,491925,5.29
2022-01-13,60.7,9.35,29.94,7508,6677447,71.81,9618,6023444,64.77,11541,4395209,47.26,34763,526688,5.66
2022-01-14,60.79,9.31,29.9,2556,6680003,71.83,4935,6028379,64.83,6140,4401349,47.33,11141,537829,5.78
2022-01-15,60.83,9.29,29.87,1467,6681470,71.85,3166,6031545,64.86,3882,4405231,47.37,5716,543545,5.85
2022-01-16,60.97,9.2,29.82,3818,6685288,71.89,8524,6040069,64.95,7682,4412913,47.45,19991,563536,6.06
2022-01-17,61.09,9.13,29.78,2808,6688096,71.92,7045,6047114,65.03,6170,4419083,47.52,17832,581368,6.25
2022-01-18,61.23,9.07,29.7,2476,6690572,71.95,7385,6054499,65.11,5533,4424616,47.58,14816,596184,6.41
2022-01-19,61.37,8.98,29.65,1915,6692487,71.97,6368,6060867,65.18,4520,4429136,47.63,8460,604644,6.5
2022-01-20,61.44,8.85,29.71,1778,6694265,71.99,6968,6067835,65.25,4791,4433927,47.68,8041,612685,6.59
2022-01-21,61.51,8.81,29.68,905,6695170,72,3725,6071560,65.29,2643,4436570,47.71,3358,616043,6.62
2022-01-22,61.51,8.75,29.74,328,6695498,72,1461,6073021,65.31,1065,4437635,47.72,1113,617156,6.64
2022-01-23,61.61,8.7,29.69,1068,6696566,72.01,5632,6078653,65.37,2878,4440513,47.75,6083,623239,6.7
2022-01-24,61.73,8.62,29.65,758,6697324,72.02,4481,6083134,65.42,2266,4442779,47.78,5054,628293,6.76
2022-01-25,61.9,8.51,29.59,743,6698067,72.03,4400,6087534,65.46,2179,4444958,47.8,7102,635395,6.83
2022-01-26,62.02,8.42,29.57,614,6698681,72.03,3285,6090819,65.5,1611,4446569,47.82,4262,639657,6.88
2022-01-27,62.12,8.35,29.52,797,6699478,72.04,4406,6095225,65.55,2003,4448572,47.84,5441,645098,6.94
2022-01-28,62.16,8.33,29.5,395,6699873,72.05,2376,6097601,65.57,1176,4449748,47.85,3450,648548,6.97
2022-01-29,62.23,8.29,29.48,124,6699997,72.05,1045,6098646,65.58,424,4450172,47.85,1162,649710,6.99
2022-01-30,62.3,8.24,29.46,769,6700766,72.06,4719,6103365,65.63,2020,4452192,47.88,8099,657809,7.07
2022-01-31,62.39,8.17,29.43,528,6701294,72.06,3184,6106549,65.67,1609,4453801,47.89,6472,664281,7.14
2022-02-01,62.45,8.15,29.4,480,6701774,72.07,2807,6109356,65.7,1524,4455325,47.91,5721,670002,7.2
2022-02-02,62.28,8.13,29.59,375,6702149,72.07,2394,6111750,65.72,1381,4456706,47.93,5074,675076,7.26
2022-02-03,62.34,8.08,29.57,446,6702595,72.08,2776,6114526,65.75,1460,4458166,47.94,5607,680683,7.32
2022-02-04,62.37,8.06,29.57,174,6702769,72.08,991,6115517,65.76,754,4458920,47.95,2455,683138,7.35
2022-02-05,62.34,8.09,29.56,62,6702831,72.08,340,6115857,65.77,221,4459141,47.95,420,683558,7.35
2022-02-06,62.41,8.05,29.55,406,6703237,72.08,2320,6118177,65.79,1343,4460484,47.97,5686,689244,7.41
2022-02-07,62.47,8.01,29.52,282,6703519,72.09,1306,6119483,65.81,982,4461466,47.98,5960,695204,7.48
2022-02-08,62.54,7.97,29.49,317,6703836,72.09,1498,6120981,65.82,1068,4462534,47.99,6137,701341,7.54
2022-02-09,62.6,7.95,29.45,254,6704090,72.09,1102,6122083,65.83,944,4463478,48,4570,705911,7.59
2022-02-10,62.63,7.93,29.44,272,6704362,72.1,1293,6123376,65.85,936,4464414,48.01,4815,710726,7.64
2022-02-11,62.67,7.91,29.42,211,6704573,72.1,557,6123933,65.85,516,4464930,48.01,2539,713265,7.67
2022-02-12,62.67,7.91,29.41,32,6704605,72.1,90,6124023,65.85,130,4465060,48.02,269,713534,7.67
2022-02-13,62.73,7.87,29.39,286,6704891,72.1,946,6124969,65.86,966,4466026,48.03,4998,718532,7.73
2022-02-14,62.89,7.74,29.36,180,6705071,72.1,627,6125596,65.87,759,4466785,48.03,3142,721674,7.76
2022-02-15,62.92,7.73,29.35,266,6705337,72.11,763,6126359,65.88,932,4467717,48.04,3817,725491,7.8
2022-02-16,62.95,7.72,29.34,179,6705516,72.11,577,6126936,65.89,803,4468520,48.05,2487,727978,7.83
2022-02-17,62.96,7.7,29.34,246,6705762,72.11,739,6127675,65.89,773,4469293,48.06,3061,731039,7.86
2022-02-18,62.98,7.69,29.33,131,6705893,72.11,342,6128017,65.9,436,4469729,48.07,1118,732157,7.87
2022-02-19,62.99,7.69,29.32,33,6705926,72.11,84,6128101,65.9,82,4469811,48.07,79,732236,7.87
2022-02-20,63.01,7.67,29.32,203,6706129,72.11,604,6128705,65.91,721,4470532,48.07,2574,734810,7.9
2022-02-21,63.04,7.65,29.31,173,6706302,72.12,413,6129118,65.91,488,4471020,48.08,1542,736352,7.92
2022-02-22,63.05,7.65,29.3,158,6706460,72.12,454,6129572,65.91,567,4471587,48.09,1871,738223,7.94
2022-02-23,63.06,7.65,29.29,109,6706569,72.12,353,6129925,65.92,451,4472038,48.09,1153,739376,7.95
2022-02-24,63.05,7.66,29.29,138,6706707,72.12,461,6130386,65.92,568,4472606,48.1,1492,740868,7.97
2022-02-25,63.06,7.66,29.28,59,6706766,72.12,142,6130528,65.92,188,4472794,48.1,456,741324,7.97
2022-02-26,63.05,7.67,29.28,16,6706782,72.12,28,6130556,65.92,161,4472955,48.1,35,741359,7.97
2022-02-27,63.05,7.67,29.28,112,6706894,72.12,341,6130897,65.93,449,4473404,48.1,1118,742477,7.98
2022-02-28,63.07,7.65,29.28,108,6707002,72.12,271,6131168,65.93,421,4473825,48.11,907,743384,7.99
2022-03-01,63.1,7.63,29.27,95,6707097,72.12,280,6131448,65.93,372,4474197,48.11,797,744181,8
2022-03-02,63.11,7.62,29.27,77,6707174,72.13,199,6131647,65.94,324,4474521,48.12,697,744878,8.01
2022-03-03,63.05,7.67,29.27,156,6707330,72.13,371,6132018,65.94,496,4475017,48.12,987,745865,8.02
2022-03-04,63.05,7.68,29.27,53,6707383,72.13,170,6132188,65.94,167,4475184,48.12,227,746092,8.02
2022-03-05,63.04,7.69,29.27,4,6707387,72.13,25,6132213,65.94,43,4475227,48.12,32,746124,8.02
2022-03-06,63.04,7.69,29.27,97,6707484,72.13,258,6132471,65.95,418,4475645,48.13,760,746884,8.03
2022-03-07,63.05,7.69,29.26,87,6707571,72.13,260,6132731,65.95,353,4475998,48.13,604,747488,8.04
2022-03-08,63.04,7.7,29.26,98,6707669,72.13,263,6132994,65.95,333,4476331,48.14,550,748038,8.04
2022-03-09,63.02,7.72,29.25,89,6707758,72.13,213,6133207,65.95,336,4476667,48.14,492,748530,8.05
2022-03-10,63.01,7.74,29.25,115,6707873,72.13,373,6133580,65.96,427,4477094,48.14,620,749150,8.06
2022-03-11,63,7.75,29.25,24,6707897,72.13,86,6133666,65.96,122,4477216,48.15,144,749294,8.06
2022-03-12,62.98,7.77,29.24,10,6707907,72.13,12,6133678,65.96,32,4477248,48.15,28,749322,8.06
2022-03-13,62.98,7.78,29.24,100,6708007,72.13,271,6133949,65.96,358,4477606,48.15,595,749917,8.06
2022-03-14,62.98,7.78,29.24,65,6708072,72.14,252,6134201,65.96,316,4477922,48.15,559,750476,8.07
2022-03-15,62.95,7.81,29.24,79,6708151,72.14,185,6134386,65.97,293,4478215,48.16,591,751067,8.08
2022-03-16,62.94,7.82,29.24,76,6708227,72.14,205,6134591,65.97,302,4478517,48.16,668,751735,8.08
2022-03-17,62.94,7.82,29.24,65,6708292,72.14,121,6134712,65.97,286,4478803,48.16,613,752348,8.09
2022-03-18,62.94,7.82,29.24,19,6708311,72.14,54,6134766,65.97,100,4478903,48.16,234,752582,8.09
2022-03-19,62.89,7.88,29.23,5,6708316,72.14,10,6134776,65.97,28,4478931,48.16,39,752621,8.09
2022-03-20,62.87,7.89,29.23,119,6708435,72.14,260,6135036,65.97,486,4479417,48.17,1429,754050,8.11
2022-03-21,62.87,7.9,29.23,97,6708532,72.14,247,6135283,65.98,378,4479795,48.17,1132,755182,8.12
2022-03-22,62.84,7.94,29.23,141,6708673,72.14,342,6135625,65.98,507,4480302,48.18,1770,756952,8.14
2022-03-23,62.81,7.97,29.22,108,6708781,72.14,212,6135837,65.98,463,4480765,48.18,1676,758628,8.16
2022-03-24,62.78,8,29.22,174,6708955,72.14,345,6136182,65.99,768,4481533,48.19,2361,760989,8.18
2022-03-25,62.78,8,29.23,39,6708994,72.15,82,6136264,65.99,156,4481689,48.19,629,761618,8.19
2022-03-26,62.77,8,29.22,12,6709006,72.15,13,6136277,65.99,34,4481723,48.19,91,761709,8.19
2022-03-27,62.75,8.02,29.22,167,6709173,72.15,342,6136619,65.99,758,4482481,48.2,3192,764901,8.23
2022-03-28,62.75,8.03,29.22,113,6709286,72.15,270,6136889,65.99,623,4483104,48.21,2416,767317,8.25
2022-03-29,62.7,8.07,29.22,125,6709411,72.15,257,6137146,66,641,4483745,48.22,2771,770088,8.28
2022-03-30,62.81,8.11,29.07,132,6709543,72.15,207,6137353,66,539,4484284,48.22,2370,772458,8.31
2022-03-31,62.79,8.11,29.1,166,6709709,72.15,302,6137655,66,730,4485014,48.23,2852,775310,8.34
2022-04-01,62.72,8.13,29.15,122,6709831,72.15,160,6137815,66,277,4485291,48.23,585,775895,8.34
2022-04-02,62.69,8.15,29.16,6,6709837,72.15,6,6137821,66,37,4485328,48.23,52,775947,8.34
2022-04-03,62.65,8.16,29.19,159,6709996,72.16,270,6138091,66.01,569,4485897,48.24,2478,778425,8.37
2022-04-04,62.62,8.16,29.22,103,6710099,72.16,207,6138298,66.01,484,4486381,48.24,2222,780647,8.39
2022-04-05,62.57,8.19,29.25,122,6710221,72.16,219,6138517,66.01,513,4486894,48.25,2242,782889,8.42
2022-04-06,62.55,8.2,29.25,92,6710313,72.16,155,6138672,66.01,381,4487275,48.25,2021,784910,8.44
2022-04-07,62.56,8.2,29.24,191,6710504,72.16,215,6138887,66.01,641,4487916,48.26,2556,787466,8.47
2022-04-08,62.54,8.22,29.23,30,6710534,72.16,60,6138947,66.02,153,4488069,48.26,480,787946,8.47
2022-04-09,62.52,8.25,29.23,6,6710540,72.16,17,6138964,66.02,27,4488096,48.26,46,787992,8.47
2022-04-10,62.51,8.26,29.23,103,6710643,72.16,264,6139228,66.02,429,4488525,48.27,1845,789837,8.49
2022-04-11,62.54,8.26,29.2,78,6710721,72.16,201,6139429,66.02,371,4488896,48.27,1425,791262,8.51
2022-04-12,62.58,8.29,29.12,204,6710925,72.17,168,6139597,66.02,374,4489270,48.28,1360,792622,8.52
2022-04-13,62.58,8.31,29.1,119,6711044,72.17,150,6139747,66.02,296,4489566,48.28,1217,793839,8.54
2022-04-14,62.57,8.33,29.1,85,6711129,72.17,221,6139968,66.03,320,4489886,48.28,1068,794907,8.55
2022-04-15,62.55,8.35,29.1,9,6711138,72.17,51,6140019,66.03,47,4489933,48.28,82,794989,8.55
2022-04-16,62.53,8.37,29.1,3,6711141,72.17,8,6140027,66.03,21,4489954,48.28,29,795018,8.55
2022-04-17,62.52,8.38,29.1,62,6711203,72.17,131,6140158,66.03,229,4490183,48.29,807,795825,8.56
2022-04-18,62.51,8.38,29.1,69,6711272,72.17,109,6140267,66.03,252,4490435,48.29,749,796574,8.57
2022-04-19,62.5,8.4,29.1,62,6711334,72.17,144,6140411,66.03,273,4490708,48.29,841,797415,8.58
2022-04-20,62.48,8.42,29.1,60,6711394,72.17,117,6140528,66.03,235,4490943,48.29,654,798069,8.58
2022-04-21,62.47,8.43,29.1,53,6711447,72.17,109,6140637,66.03,196,4491139,48.3,479,798548,8.59
2022-04-22,62.45,8.44,29.11,2,6711449,72.17,16,6140653,66.03,19,4491158,48.3,19,798567,8.59
2022-04-23,62.43,8.46,29.11,6,6711455,72.17,9,6140662,66.03,14,4491172,48.3,13,798580,8.59
2022-04-24,62.43,8.47,29.1,92,6711547,72.17,250,6140912,66.04,329,4491501,48.3,872,799452,8.6
2022-04-25,62.43,8.47,29.1,105,6711652,72.17,191,6141103,66.04,316,4491817,48.3,738,800190,8.6
2022-04-26,62.42,8.48,29.1,75,6711727,72.17,175,6141278,66.04,303,4492120,48.31,787,800977,8.61
2022-04-27,62.41,8.49,29.1,54,6711781,72.18,160,6141438,66.04,227,4492347,48.31,640,801617,8.62
2022-04-28,62.41,8.5,29.1,96,6711877,72.18,232,6141670,66.04,329,4492676,48.31,869,802486,8.63
2022-04-29,62.39,8.51,29.1,112,6711989,72.18,159,6141829,66.05,183,4492859,48.31,195,802681,8.63
2022-04-30,62.38,8.52,29.1,1,6711990,72.18,3,6141832,66.05,24,4492883,48.31,22,802703,8.63
2022-05-01,62.38,8.53,29.09,135,6712125,72.18,185,6142017,66.05,316,4493199,48.32,630,803333,8.64
2022-05-02,62.37,8.54,29.09,62,6712187,72.18,153,6142170,66.05,235,4493434,48.32,489,803822,8.64
2022-05-03,62.36,8.55,29.09,72,6712259,72.18,151,6142321,66.05,288,4493722,48.32,506,804328,8.65
2022-05-04,62.35,8.57,29.08,23,6712282,72.18,56,6142377,66.05,63,4493785,48.32,126,804454,8.65
2022-05-05,62.34,8.58,29.08,4,6712286,72.18,1,6142378,66.05,8,4493793,48.32,13,804467,8.65
2022-05-06,62.33,8.59,29.08,19,6712305,72.18,59,6142437,66.05,64,4493857,48.32,151,804618,8.65
2022-05-07,62.32,8.6,29.08,1,6712306,72.18,7,6142444,66.05,26,4493883,48.33,24,804642,8.65
2022-05-08,62.31,8.61,29.08,118,6712424,72.18,207,6142651,66.05,270,4494153,48.33,457,805099,8.66
2022-05-09,62.31,8.61,29.08,59,6712483,72.18,162,6142813,66.06,251,4494404,48.33,504,805603,8.66
2022-05-10,62.3,8.62,29.08,130,6712613,72.18,169,6142982,66.06,260,4494664,48.33,508,806111,8.67
2022-05-11,62.3,8.63,29.08,58,6712671,72.18,118,6143100,66.06,182,4494846,48.34,464,806575,8.67
2022-05-12,62.29,8.64,29.07,119,6712790,72.19,200,6143300,66.06,277,4495123,48.34,665,807240,8.68
2022-05-13,62.28,8.65,29.07,11,6712801,72.19,42,6143342,66.06,71,4495194,48.34,110,807350,8.68
2022-05-14,62.26,8.66,29.07,6,6712807,72.19,12,6143354,66.06,11,4495205,48.34,23,807373,8.68
2022-05-15,62.26,8.67,29.07,89,6712896,72.19,175,6143529,66.06,246,4495451,48.34,665,808038,8.69
2022-05-16,62.19,8.65,29.16,68,6712964,72.19,141,6143670,66.07,230,4495681,48.34,508,808546,8.69
2022-05-17,62.18,8.66,29.16,73,6713037,72.19,153,6143823,66.07,269,4495950,48.35,617,809163,8.7
2022-05-18,62.17,8.67,29.16,43,6713080,72.19,99,6143922,66.07,169,4496119,48.35,445,809608,8.71
2022-05-19,62.16,8.68,29.16,64,6713144,72.19,170,6144092,66.07,212,4496331,48.35,499,810107,8.71
2022-05-20,62.15,8.69,29.16,75,6713219,72.19,114,6144206,66.07,129,4496460,48.35,138,810245,8.71
2022-05-21,62.14,8.7,29.16,4,6713223,72.19,7,6144213,66.07,14,4496474,48.35,18,810263,8.71
2022-05-22,62.14,8.71,29.16,87,6713310,72.19,188,6144401,66.07,216,4496690,48.36,426,810689,8.72
2022-05-23,62.14,8.71,29.16,64,6713374,72.19,120,6144521,66.08,156,4496846,48.36,346,811035,8.72
2022-05-24,62.13,8.71,29.15,43,6713417,72.19,119,6144640,66.08,156,4497002,48.36,394,811429,8.73
2022-05-25,62.12,8.72,29.15,61,6713478,72.19,103,6144743,66.08,166,4497168,48.36,337,811766,8.73
2022-05-26,62.11,8.73,29.16,72,6713550,72.19,136,6144879,66.08,186,4497354,48.36,348,812114,8.73
2022-05-27,62.1,8.74,29.16,12,6713562,72.19,29,6144908,66.08,43,4497397,48.36,59,812173,8.73
2022-05-28,62.09,8.75,29.16,2,6713564,72.19,5,6144913,66.08,8,4497405,48.36,12,812185,8.73
2022-05-29,62.09,8.75,29.16,89,6713653,72.2,152,6145065,66.08,163,4497568,48.36,315,812500,8.74
2022-05-30,62.09,8.76,29.16,56,6713709,72.2,133,6145198,66.08,125,4497693,48.37,291,812791,8.74
2022-05-31,62.07,8.78,29.15,45,6713754,72.2,104,6145302,66.08,153,4497846,48.37,351,813142,8.74
2022-06-01,61.95,8.9,29.16,63,6713817,72.2,90,6145392,66.08,117,4497963,48.37,276,813418,8.75
2022-06-02,45.96,24.88,29.15,77,6713894,72.2,156,6145548,66.09,177,4498140,48.37,255,813673,8.75
2022-06-03,45.9,24.95,29.16,10,6713904,72.2,23,6145571,66.09,21,4498161,48.37,33,813706,8.75
2022-06-04,45.84,25,29.16,0,6713904,72.2,7,6145578,66.09,8,4498169,48.37,5,813711,8.75
2022-06-05,45.8,25.05,29.16,11,6713915,72.2,14,6145592,66.09,7,4498176,48.37,2,813713,8.75
2022-06-06,39.96,30.89,29.16,58,6713973,72.2,144,6145736,66.09,162,4498338,48.37,261,813974,8.75
2022-06-07,39.92,30.93,29.15,54,6714027,72.2,134,6145870,66.09,142,4498480,48.37,376,814350,8.76
2022-06-08,39.89,30.96,29.15,57,6714084,72.2,104,6145974,66.09,131,4498611,48.38,497,814847,8.76
2022-06-09,39.86,30.99,29.15,84,6714168,72.2,207,6146181,66.09,234,4498845,48.38,641,815488,8.77
2022-06-10,39.83,31.02,29.15,14,6714182,72.2,51,6146232,66.09,59,4498904,48.38,141,815629,8.77
2022-06-11,39.8,31.05,29.15,0,6714182,72.2,3,6146235,66.09,7,4498911,48.38,19,815648,8.77
2022-06-12,39.8,31.05,29.15,109,6714291,72.2,199,6146434,66.1,191,4499102,48.38,767,816415,8.78
2022-06-13,39.81,31.04,29.15,84,6714375,72.2,142,6146576,66.1,168,4499270,48.38,625,817040,8.79
2022-06-14,39.79,31.06,29.15,116,6714491,72.2,173,6146749,66.1,208,4499478,48.39,759,817799,8.79
2022-06-15,39.78,31.08,29.15,71,6714562,72.21,141,6146890,66.1,207,4499685,48.39,699,818498,8.8
2022-06-16,39.74,31.11,29.14,94,6714656,72.21,136,6147026,66.1,218,4499903,48.39,742,819240,8.81
2022-06-17,39.72,31.14,29.15,16,6714672,72.21,63,6147089,66.1,52,4499955,48.39,124,819364,8.81
2022-06-18,39.68,31.17,29.14,3,6714675,72.21,4,6147093,66.1,11,4499966,48.39,15,819379,8.81
2022-06-19,39.53,31.33,29.15,115,6714790,72.21,207,6147300,66.11,318,4500284,48.39,877,820256,8.82
2022-06-20,33.92,36.85,29.23,99,6714889,72.21,152,6147452,66.11,307,4500591,48.4,922,821178,8.83
2022-06-21,33.58,37.19,29.23,94,6714983,72.21,154,6147606,66.11,375,4500966,48.4,1229,822407,8.84
2022-06-22,33.28,37.49,29.23,110,6715093,72.21,135,6147741,66.11,339,4501305,48.4,894,823301,8.85
2022-06-23,32.84,37.92,29.23,133,6715226,72.21,217,6147958,66.11,524,4501829,48.41,1146,824447,8.87
2022-06-24,32.43,38.34,29.24,19,6715245,72.21,35,6147993,66.11,110,4501939,48.41,207,824654,8.87
2022-06-25,32.04,38.72,29.24,1,6715246,72.21,3,6147996,66.11,12,4501951,48.41,16,824670,8.87
2022-06-26,31.63,39.13,29.24,107,6715353,72.21,158,6148154,66.11,379,4502330,48.42,933,825603,8.88
2022-06-27,31.29,39.47,29.24,86,6715439,72.21,172,6148326,66.12,392,4502722,48.42,1028,826631,8.89
2022-06-28,30.86,39.91,29.24,84,6715523,72.22,151,6148477,66.12,364,4503086,48.42,932,827563,8.9
2022-06-29,30.48,40.28,29.24,76,6715599,72.22,106,6148583,66.12,265,4503351,48.43,816,828379,8.91
2022-06-30,30.05,40.71,29.24,86,6715685,72.22,165,6148748,66.12,356,4503707,48.43,1057,829436,8.92
2022-07-01,29.62,41.14,29.24,22,6715707,72.22,28,6148776,66.12,55,4503762,48.43,80,829516,8.92
2022-07-02,29.2,41.56,29.24,1,6715708,72.22,2,6148778,66.12,8,4503770,48.43,18,829534,8.92
2022-07-03,28.81,41.95,29.24,100,6715808,72.22,177,6148955,66.12,322,4504092,48.43,637,830171,8.93
2022-07-04,28.5,42.26,29.24,76,6715884,72.22,140,6149095,66.12,278,4504370,48.44,749,830920,8.94
2022-07-05,28.06,42.7,29.24,59,6715943,72.22,142,6149237,66.13,302,4504672,48.44,688,831608,8.94
2022-07-06,27.39,43.37,29.24,78,6716021,72.22,124,6149361,66.13,211,4504883,48.44,645,832253,8.95
2022-07-07,26.48,44.28,29.24,82,6716103,72.22,164,6149525,66.13,267,4505150,48.45,721,832974,8.96
2022-07-08,25.47,45.29,29.24,17,6716120,72.22,33,6149558,66.13,69,4505219,48.45,131,833105,8.96
2022-07-09,24.42,46.34,29.24,0,6716120,72.22,1,6149559,66.13,2,4505221,48.45,2,833107,8.96
2022-07-10,23.77,46.99,29.24,90,6716210,72.22,164,6149723,66.13,229,4505450,48.45,470,833577,8.96
2022-07-11,23.22,47.54,29.24,64,6716274,72.22,142,6149865,66.13,248,4505698,48.45,575,834152,8.97
2022-07-12,22.13,48.63,29.24,69,6716343,72.22,128,6149993,66.13,207,4505905,48.45,557,834709,8.98
2022-07-13,21.1,49.66,29.24,43,6716386,72.22,101,6150094,66.14,164,4506069,48.46,488,835197,8.98
2022-07-14,20.12,50.63,29.24,69,6716455,72.23,147,6150241,66.14,209,4506278,48.46,512,835709,8.99
2022-07-15,19.27,51.48,29.25,64,6716519,72.23,88,6150329,66.14,127,4506405,48.46,166,835875,8.99
2022-07-16,18.29,52.46,29.25,0,6716519,72.23,6,6150335,66.14,7,4506412,48.46,7,835882,8.99
2022-07-17,17.83,52.92,29.25,76,6716595,72.23,183,6150518,66.14,241,4506653,48.46,468,836350,8.99
2022-07-18,17.48,53.26,29.26,62,6716657,72.23,158,6150676,66.14,207,4506860,48.46,511,836861,9
2022-07-19,16.77,53.97,29.26,61,6716718,72.23,147,6150823,66.14,174,4507034,48.47,368,837229,9
2022-07-20,16.09,54.64,29.26,52,6716770,72.23,133,6150956,66.14,137,4507171,48.47,423,837652,9.01
2022-07-21,15.43,55.3,29.27,61,6716831,72.23,158,6151114,66.15,176,4507347,48.47,341,837993,9.01
2022-07-22,14.64,56.08,29.28,10,6716841,72.23,36,6151150,66.15,43,4507390,48.47,56,838049,9.01
2022-07-23,14.17,56.55,29.28,0,6716841,72.23,4,6151154,66.15,4,4507394,48.47,9,838058,9.01
2022-07-24,13.55,57.16,29.29,58,6716899,72.23,128,6151282,66.15,196,4507590,48.47,364,838422,9.02
2022-07-25,13.09,57.61,29.3,48,6716947,72.23,107,6151389,66.15,172,4507762,48.47,336,838758,9.02
2022-07-26,12.46,58.23,29.3,47,6716994,72.23,99,6151488,66.15,111,4507873,48.48,270,839028,9.02
2022-07-27,11.89,58.8,29.31,43,6717037,72.23,125,6151613,66.15,132,4508005,48.48,243,839271,9.03
2022-07-28,11.35,59.34,29.31,62,6717099,72.23,142,6151755,66.15,147,4508152,48.48,220,839491,9.03
2022-07-29,10.85,59.83,29.32,10,6717109,72.23,25,6151780,66.15,27,4508179,48.48,31,839522,9.03
2022-07-30,10.34,60.33,29.33,0,6717109,72.23,0,6151780,66.15,1,4508180,48.48,1,839523,9.03
2022-07-31,9.97,60.7,29.33,56,6717165,72.23,134,6151914,66.15,131,4508311,48.48,252,839775,9.03
2022-08-01,9.47,61.19,29.34,54,6717219,72.23,76,6151990,66.16,89,4508400,48.48,152,839927,9.03
2022-08-02,8.92,61.73,29.35,111,6717330,72.23,119,6152109,66.16,157,4508557,48.48,264,840191,9.04
2022-08-03,8.46,62.19,29.35,76,6717406,72.24,71,6152180,66.16,92,4508649,48.48,178,840369,9.04
2022-08-04,8.04,62.61,29.36,133,6717539,72.24,133,6152313,66.16,111,4508760,48.48,246,840615,9.04
2022-08-05,7.71,62.93,29.36,30,6717569,72.24,23,6152336,66.16,13,4508773,48.49,24,840639,9.04
2022-08-06,7.32,63.32,29.36,1,6717570,72.24,2,6152338,66.16,1,4508774,48.49,5,840644,9.04
2022-08-07,6.92,63.71,29.37,89,6717659,72.24,97,6152435,66.16,69,4508843,48.49,169,840813,9.04
2022-08-08,6.74,63.89,29.37,76,6717735,72.24,95,6152530,66.16,122,4508965,48.49,172,840985,9.04
2022-08-09,6.25,64.37,29.38,96,6717831,72.24,88,6152618,66.16,99,4509064,48.49,213,841198,9.05
2022-08-10,5.91,64.71,29.38,77,6717908,72.24,58,6152676,66.16,76,4509140,48.49,115,841313,9.05
2022-08-11,5.59,65.03,29.38,54,6717962,72.24,101,6152777,66.16,91,4509231,48.49,155,841468,9.05
2022-08-12,5.35,65.27,29.38,8,6717970,72.24,12,6152789,66.16,18,4509249,48.49,29,841497,9.05
2022-08-13,5.1,65.52,29.38,0,6717970,72.24,2,6152791,66.16,2,4509251,48.49,3,841500,9.05
2022-08-14,4.87,65.75,29.39,74,6718044,72.24,75,6152866,66.16,82,4509333,48.49,150,841650,9.05
2022-08-15,4.74,65.87,29.39,68,6718112,72.24,81,6152947,66.17,93,4509426,48.49,143,841793,9.05
2022-08-16,4.46,66.15,29.39,82,6718194,72.24,84,6153031,66.17,84,4509510,48.49,187,841980,9.05
2022-08-17,4.16,66.44,29.39,48,6718242,72.24,55,6153086,66.17,36,4509546,48.49,114,842094,9.06
2022-08-18,3.98,66.63,29.39,68,6718310,72.25,93,6153179,66.17,120,4509666,48.49,173,842267,9.06
2022-08-19,3.83,66.78,29.39,77,6718387,72.25,67,6153246,66.17,56,4509722,48.5,38,842305,9.06
2022-08-20,3.67,66.94,29.39,1,6718388,72.25,1,6153247,66.17,3,4509725,48.5,3,842308,9.06
2022-08-21,3.52,67.08,29.4,51,6718439,72.25,85,6153332,66.17,84,4509809,48.5,197,842505,9.06
2022-08-22,3.44,67.16,29.4,89,6718528,72.25,74,6153406,66.17,103,4509912,48.5,143,842648,9.06
2022-08-23,3.27,67.33,29.4,72,6718600,72.25,106,6153512,66.17,84,4509996,48.5,180,842828,9.06
2022-08-24,3.15,67.46,29.4,38,6718638,72.25,80,6153592,66.17,49,4510045,48.5,133,842961,9.06
2022-08-25,3.03,67.57,29.4,53,6718691,72.25,75,6153667,66.17,97,4510142,48.5,193,843154,9.07
2022-08-26,2.94,67.66,29.4,4,6718695,72.25,15,6153682,66.17,9,4510151,48.5,14,843168,9.07
2022-08-27,2.84,67.76,29.4,0,6718695,72.25,0,6153682,66.17,0,4510151,48.5,0,843168,9.07
2022-08-28,2.75,67.85,29.4,55,6718750,72.25,80,6153762,66.17,85,4510236,48.5,102,843270,9.07
2022-08-29,2.69,67.91,29.4,48,6718798,72.25,68,6153830,66.18,89,4510325,48.5,107,843377,9.07
2022-08-30,2.6,68,29.4,85,6718883,72.25,112,6153942,66.18,85,4510410,48.5,130,843507,9.07
2022-08-31,2.53,68.07,29.4,42,6718925,72.25,88,6154030,66.18,70,4510480,48.5,95,843602,9.07
2022-09-01,2.46,68.14,29.4,29,6718954,72.25,84,6154114,66.18,58,4510538,48.5,113,843715,9.07
2022-09-02,2.4,68.2,29.4,6,6718960,72.25,20,6154134,66.18,13,4510551,48.5,10,843725,9.07
2022-09-03,2.33,68.27,29.4,2,6718962,72.25,0,6154134,66.18,3,4510554,48.5,1,843726,9.07
2022-09-04,2.27,68.32,29.4,64,6719026,72.25,133,6154267,66.18,80,4510634,48.51,121,843847,9.07
2022-09-05,2.23,68.37,29.4,44,6719070,72.25,77,6154344,66.18,58,4510692,48.51,90,843937,9.08
2022-09-06,2.17,68.42,29.4,60,6719130,72.25,104,6154448,66.18,78,4510770,48.51,130,844067,9.08
2022-09-07,2.12,68.47,29.4,27,6719157,72.25,63,6154511,66.18,53,4510823,48.51,94,844161,9.08
2022-09-08,2.07,68.53,29.4,50,6719207,72.25,101,6154612,66.18,70,4510893,48.51,77,844238,9.08
2022-09-09,2.03,68.57,29.4,10,6719217,72.26,21,6154633,66.18,16,4510909,48.51,17,844255,9.08
2022-09-10,1.97,68.62,29.4,0,6719217,72.26,0,6154633,66.18,5,4510914,48.51,2,844257,9.08
2022-09-11,1.92,68.67,29.41,39,6719256,72.26,117,6154750,66.19,78,4510992,48.51,116,844373,9.08
2022-09-12,1.88,68.71,29.41,24,6719280,72.26,72,6154822,66.19,52,4511044,48.51,68,844441,9.08
2022-09-13,1.82,68.77,29.41,44,6719324,72.26,112,6154934,66.19,54,4511098,48.51,103,844544,9.08
2022-09-14,1.78,68.82,29.41,21,6719345,72.26,64,6154998,66.19,53,4511151,48.51,62,844606,9.08
2022-09-15,1.73,68.86,29.41,32,6719377,72.26,77,6155075,66.19,63,4511214,48.51,107,844713,9.08
2022-09-16,1.7,68.89,29.41,48,6719425,72.26,52,6155127,66.19,27,4511241,48.51,28,844741,9.08
2022-09-17,1.66,68.93,29.41,3,6719428,72.26,0,6155127,66.19,1,4511242,48.51,0,844741,9.08
2022-09-18,1.63,68.96,29.41,28,6719456,72.26,66,6155193,66.19,52,4511294,48.51,114,844855,9.09
2022-09-19,1.61,68.98,29.41,27,6719483,72.26,74,6155267,66.19,44,4511338,48.51,57,844912,9.09
2022-09-20,1.56,69.03,29.41,41,6719524,72.26,93,6155360,66.19,75,4511413,48.51,102,845014,9.09
2022-09-21,1.55,69.05,29.41,22,6719546,72.26,54,6155414,66.19,29,4511442,48.51,55,845069,9.09
2022-09-22,1.52,69.07,29.4,40,6719586,72.26,56,6155470,66.19,27,4511469,48.51,41,845110,9.09
2022-09-23,1.5,69.1,29.41,6,6719592,72.26,11,6155481,66.19,4,4511473,48.51,1,845111,9.09
2022-09-24,1.47,69.13,29.41,0,6719592,72.26,0,6155481,66.19,0,4511473,48.51,0,845111,9.09
2022-09-25,1.46,69.13,29.41,5,6719597,72.26,20,6155501,66.19,10,4511483,48.51,27,845138,9.09
2022-09-26,1.46,69.13,29.41,0,6719597,72.26,5,6155506,66.19,2,4511485,48.51,2,845140,9.09
2022-09-27,1.42,69.17,29.41,2,6719599,72.26,0,6155506,66.19,3,4511488,48.51,3,845143,9.09
2022-09-28,1.39,69.21,29.41,24,6719623,72.26,36,6155542,66.19,25,4511513,48.51,16,845159,9.09
2022-09-29,1.37,69.22,29.41,32,6719655,72.26,61,6155603,66.19,13,4511526,48.51,48,845207,9.09
2022-09-30,1.35,69.24,29.41,3,6719658,72.26,12,6155615,66.19,2,4511528,48.51,0,845207,9.09
2022-10-01,1.31,69.29,29.41,0,6719658,72.26,1,6155616,66.19,0,4511528,48.51,1,845208,9.09
2022-10-02,1.31,69.29,29.41,21,6719679,72.26,51,6155667,66.2,20,4511548,48.52,73,845281,9.09
2022-10-03,1.31,69.28,29.4,23,6719702,72.26,29,6155696,66.2,13,4511561,48.52,12,845293,9.09
2022-10-04,1.27,69.32,29.4,7,6719709,72.26,10,6155706,66.2,0,4511561,48.52,1,845294,9.09
2022-10-05,1.28,69.31,29.4,0,6719709,72.26,0,6155706,66.2,0,4511561,48.52,0,845294,9.09
2022-10-06,1.31,69.28,29.4,17,6719726,72.26,43,6155749,66.2,9,4511570,48.52,20,845314,9.09
2022-10-07,1.3,69.29,29.41,3,6719729,72.26,3,6155752,66.2,3,4511573,48.52,0,845314,9.09
2022-10-08,1.26,69.33,29.41,0,6719729,72.26,1,6155753,66.2,0,4511573,48.52,0,845314,9.09
2022-10-09,1.31,69.28,29.41,7,6719736,72.26,22,6155775,66.2,6,4511579,48.52,5,845319,9.09
2022-10-10,1.38,69.22,29.4,5,6719741,72.26,2,6155777,66.2,0,4511579,48.52,0,845319,9.09
2022-10-11,1.36,69.24,29.4,12,6719753,72.26,32,6155809,66.2,1,4511580,48.52,32,845351,9.09
2022-10-12,1.34,69.26,29.4,13,6719766,72.26,24,6155833,66.2,5,4511585,48.52,4,845355,9.09
2022-10-13,1.4,69.2,29.4,17,6719783,72.26,16,6155849,66.2,5,4511590,48.52,9,845364,9.09
2022-10-14,1.4,69.2,29.4,6,6719789,72.26,7,6155856,66.2,4,4511594,48.52,3,845367,9.09
2022-10-15,1.38,69.22,29.4,0,6719789,72.26,0,6155856,66.2,0,4511594,48.52,1,845368,9.09
2022-10-16,1.39,69.2,29.4,4,6719793,72.26,13,6155869,66.2,5,4511599,48.52,8,845376,9.09
2022-10-17,1.39,69.2,29.4,1,6719794,72.26,1,6155870,66.2,1,4511600,48.52,0,845376,9.09
2022-10-18,1.43,69.17,29.4,24,6719818,72.26,31,6155901,66.2,14,4511614,48.52,16,845392,9.09
2022-10-19,1.47,69.12,29.4,18,6719836,72.26,25,6155926,66.2,7,4511621,48.52,3,845395,9.09
2022-10-20,1.5,69.1,29.4,25,6719861,72.26,44,6155970,66.2,11,4511632,48.52,4,845399,9.09
2022-10-21,1.5,69.09,29.4,4,6719865,72.26,7,6155977,66.2,2,4511634,48.52,2,845401,9.09
2022-10-22,1.49,69.1,29.4,0,6719865,72.26,0,6155977,66.2,0,4511634,48.52,0,845401,9.09
2022-10-23,1.51,69.08,29.4,15,6719880,72.26,33,6156010,66.2,18,4511652,48.52,10,845411,9.09
2022-10-24,1.51,69.08,29.41,20,6719900,72.26,16,6156026,66.2,19,4511671,48.52,9,845420,9.09
2022-10-25,1.55,69.04,29.4,18,6719918,72.26,34,6156060,66.2,22,4511693,48.52,21,845441,9.09
2022-10-26,1.61,68.99,29.4,18,6719936,72.26,25,6156085,66.2,8,4511701,48.52,9,845450,9.09
2022-10-27,1.67,68.93,29.4,18,6719954,72.26,26,6156111,66.2,14,4511715,48.52,16,845466,9.09
2022-10-28,1.67,68.93,29.4,43,6719997,72.26,47,6156158,66.2,30,4511745,48.52,18,845484,9.09
2022-10-29,1.66,68.94,29.4,0,6719997,72.26,0,6156158,66.2,0,4511745,48.52,0,845484,9.09
2022-10-30,1.71,68.89,29.4,15,6720012,72.26,23,6156181,66.2,15,4511760,48.52,9,845493,9.09
2022-10-31,1.76,68.84,29.4,17,6720029,72.26,16,6156197,66.2,8,4511768,48.52,9,845502,9.09
2022-11-01,1.82,68.78,29.4,2,6720031,72.26,1,6156198,66.2,1,4511769,48.52,0,845502,9.09
2022-11-02,1.88,68.72,29.4,13,6720044,72.26,13,6156211,66.2,7,4511776,48.52,8,845510,9.09
2022-11-03,1.96,68.64,29.4,16,6720060,72.26,18,6156229,66.2,11,4511787,48.52,8,845518,9.09
2022-11-04,1.98,68.63,29.4,4,6720064,72.26,6,6156235,66.2,1,4511788,48.52,2,845520,9.09
2022-11-05,1.97,68.63,29.4,0,6720064,72.26,0,6156235,66.2,0,4511788,48.52,0,845520,9.09
2022-11-06,2.03,68.57,29.4,24,6720088,72.26,29,6156264,66.2,11,4511799,48.52,23,845543,9.09
2022-11-07,2.1,68.51,29.4,15,6720103,72.26,11,6156275,66.2,10,4511809,48.52,54,845597,9.09
2022-11-08,2.1,68.5,29.4,28,6720131,72.27,26,6156301,66.2,14,4511823,48.52,9,845606,9.09
2022-11-09,2.16,68.45,29.4,16,6720147,72.27,20,6156321,66.2,17,4511840,48.52,9,845615,9.09
2022-11-10,2.22,68.39,29.4,26,6720173,72.27,14,6156335,66.2,11,4511851,48.52,4,845619,9.09
2022-11-11,2.23,68.37,29.4,1,6720174,72.27,17,6156352,66.2,2,4511853,48.52,1,845620,9.09
2022-11-12,2.22,68.38,29.4,1,6720175,72.27,0,6156352,66.2,1,4511854,48.52,0,845620,9.09
2022-11-13,2.29,68.31,29.4,24,6720199,72.27,27,6156379,66.2,17,4511871,48.52,8,845628,9.09
2022-11-14,2.37,68.23,29.4,20,6720219,72.27,17,6156396,66.2,21,4511892,48.52,16,845644,9.09
2022-11-15,2.43,68.17,29.4,39,6720258,72.27,26,6156422,66.2,15,4511907,48.52,17,845661,9.09
2022-11-16,2.5,68.1,29.4,14,6720272,72.27,26,6156448,66.2,16,4511923,48.52,11,845672,9.09
2022-11-17,2.59,68.02,29.4,19,6720291,72.27,31,6156479,66.2,18,4511941,48.52,4,845676,9.09
2022-11-18,2.61,67.99,29.4,6,6720297,72.27,4,6156483,66.2,4,4511945,48.52,0,845676,9.09
2022-11-19,2.6,68,29.4,0,6720297,72.27,0,6156483,66.2,0,4511945,48.52,0,845676,9.09
2022-11-20,2.67,67.93,29.4,19,6720316,72.27,19,6156502,66.2,6,4511951,48.52,13,845689,9.09
2022-11-21,2.76,67.85,29.4,15,6720331,72.27,12,6156514,66.2,6,4511957,48.52,6,845695,9.09
2022-11-22,2.83,67.77,29.4,25,6720356,72.27,13,6156527,66.2,17,4511974,48.52,6,845701,9.09
2022-11-23,2.9,67.7,29.4,17,6720373,72.27,20,6156547,66.2,4,4511978,48.52,8,845709,9.09
2022-11-24,2.98,67.62,29.4,9,6720382,72.27,16,6156563,66.2,13,4511991,48.52,27,845736,9.09
2022-11-25,3,67.6,29.4,17,6720399,72.27,30,6156593,66.2,14,4512005,48.52,12,845748,9.09
2022-11-26,3,67.61,29.4,0,6720399,72.27,2,6156595,66.2,0,4512005,48.52,0,845748,9.09
2022-11-27,3.06,67.54,29.4,14,6720413,72.27,13,6156608,66.21,19,4512024,48.52,2,845750,9.09
2022-11-28,3.14,67.47,29.4,8,6720421,72.27,23,6156631,66.21,8,4512032,48.52,6,845756,9.09
2022-11-29,3.2,67.4,29.4,39,6720460,72.27,31,6156662,66.21,17,4512049,48.52,14,845770,9.1
2022-11-30,3.27,67.34,29.39,12,6720472,72.27,25,6156687,66.21,20,4512069,48.52,8,845778,9.1
2022-12-01,3.34,67.26,29.39,13,6720485,72.27,16,6156703,66.21,15,4512084,48.52,4,845782,9.1
2022-12-02,3.36,67.24,29.39,2,6720487,72.27,5,6156708,66.21,4,4512088,48.52,1,845783,9.1
2022-12-03,3.36,67.24,29.39,0,6720487,72.27,0,6156708,66.21,0,4512088,48.52,1,845784,9.1
2022-12-04,3.42,67.18,29.39,25,6720512,72.27,23,6156731,66.21,29,4512117,48.52,23,845807,9.1
2022-12-05,3.48,67.12,29.4,9,6720521,72.27,17,6156748,66.21,11,4512128,48.52,18,845825,9.1
2022-12-06,3.55,67.05,29.39,32,6720553,72.27,24,6156772,66.21,27,4512155,48.52,9,845834,9.1
2022-12-07,3.62,66.99,29.39,10,6720563,72.27,17,6156789,66.21,8,4512163,48.52,7,845841,9.1
2022-12-08,3.69,66.91,29.39,18,6720581,72.27,26,6156815,66.21,15,4512178,48.52,2,845843,9.1
2022-12-09,3.71,66.9,29.39,2,6720583,72.27,1,6156816,66.21,0,4512178,48.52,7,845850,9.1
