Date,Valid vaccinated pop. perc.,Expired vaccinated pop. perc.,Not vaccinated pop. perc.,Vaccinated (daily),Vaccinated (cumu),Vaccinated pop. perc.,Second dose (daily),Second dose (cumu),Second dose pop. perc.,Third dose (daily),Third dose (cumu),Third dose pop. perc.,Fourth dose (daily),Fourth dose (cumu),Fourth dose pop. perc.
2020-12-19,0,0,100,46,70,0,0,4,0,0,0,0,0,0,0
2020-12-20,0,0,100,7394,7464,0.08,0,4,0,0,0,0,0,0,0
2020-12-21,0,0,100,24923,32387,0.35,0,4,0,0,0,0,0,0,0
2020-12-22,0,0,100,44663,77050,0.83,0,4,0,0,0,0,0,0,0
2020-12-23,0,0,100,62915,139965,1.51,0,4,0,0,0,0,0,0,0
2020-12-24,0,0,100,73428,213393,2.29,0,4,0,0,0,0,0,0,0
2020-12-25,0,0,100,38514,251907,2.71,0,4,0,0,0,0,0,0,0
2020-12-26,0,0,100,32617,284524,3.06,0,4,0,0,0,0,0,0,0
2020-12-27,0,0,100,104569,389093,4.18,0,4,0,0,0,0,0,0,0
2020-12-28,0,0,100,135029,524122,5.64,0,4,0,0,0,0,0,0,0
2020-12-29,0,0,100,156326,680448,7.32,2,6,0,0,0,0,0,0,0
2020-12-30,0,0,100,153171,833619,8.96,0,6,0,0,0,0,0,0,0
2020-12-31,0,0,100,158577,992196,10.67,0,6,0,0,0,0,0,0,0
2021-01-01,0,0,100,71430,1063626,11.44,0,6,0,0,0,0,0,0,0
2021-01-02,0,0,100,71739,1135365,12.21,0,6,0,0,0,0,0,0,0
2021-01-03,0,0,100,149756,1285121,13.82,0,6,0,0,0,0,0,0,0
2021-01-04,0,0,100,152193,1437314,15.46,1,7,0,0,0,0,0,0,0
2021-01-05,0,0,100,125209,1562523,16.8,4,11,0,0,0,0,0,0,0
2021-01-06,0,0,100,103362,1665885,17.91,2,13,0,0,0,0,0,0,0
2021-01-07,0,0,100,116052,1781937,19.16,9,22,0,0,0,0,0,0,0
2021-01-08,0,0,100,66458,1848395,19.88,4,26,0,0,0,0,0,0,0
2021-01-09,0,0,100,44546,1892941,20.36,24,50,0,0,0,0,0,0,0
2021-01-10,0,0,100,37646,1930587,20.76,6000,6050,0.07,0,0,0,0,0,0
2021-01-11,0,0,100,21173,1951760,20.99,19264,25314,0.27,0,0,0,0,0,0
2021-01-12,0,0,100,24071,1975831,21.25,35672,60986,0.66,0,0,0,0,0,0
2021-01-13,0,0,100,52068,2027899,21.81,56874,117860,1.27,0,0,0,0,0,0
2021-01-14,0,0,100,56473,2084372,22.41,68836,186696,2.01,0,0,0,0,0,0
2021-01-15,0,0,100,30774,2115146,22.75,35939,222635,2.39,0,0,0,0,0,0
2021-01-16,0,0,100,29478,2144624,23.06,26006,248641,2.67,0,0,0,0,0,0
2021-01-17,0.31,0,99.69,68435,2213059,23.8,84594,333235,3.58,0,0,0,0,0,0
2021-01-18,0.58,0,99.42,69813,2282872,24.55,120431,453666,4.88,0,0,0,0,0,0
2021-01-19,1.09,0,98.91,72891,2355763,25.33,137838,591504,6.36,0,0,0,0,0,0
2021-01-20,1.9,0,98.1,76910,2432673,26.16,143758,735262,7.91,0,0,0,0,0,0
2021-01-21,2.88,0,97.12,69997,2502670,26.91,164457,899719,9.68,0,0,0,0,0,0
2021-01-22,3.39,0,96.61,37924,2540594,27.32,71130,970849,10.44,0,0,0,0,0,0
2021-01-23,3.77,0,96.23,39964,2580558,27.75,53592,1024441,11.02,0,0,0,0,0,0
2021-01-24,4.96,0,95.04,69146,2649704,28.49,140698,1165139,12.53,0,0,0,0,0,0
2021-01-25,6.61,0,93.39,80942,2730646,29.36,139516,1304655,14.03,0,0,0,0,0,0
2021-01-26,8.45,0,91.55,78724,2809370,30.21,126437,1431092,15.39,0,0,0,0,0,0
2021-01-27,10.34,0,89.66,77970,2887340,31.05,125063,1556155,16.73,0,0,0,0,0,0
2021-01-28,12.43,0,87.57,79569,2966909,31.9,130620,1686775,18.14,0,0,0,0,0,0
2021-01-29,13.34,0,86.66,36702,3003611,32.3,64791,1751566,18.84,0,0,0,0,0,0
2021-01-30,14.02,0,85.98,34392,3038003,32.67,42763,1794329,19.3,0,0,0,0,0,0
2021-01-31,15.76,0,84.24,73330,3111333,33.46,59497,1853826,19.94,0,0,0,0,0,0
2021-02-01,17.48,0,82.52,82502,3193835,34.34,35354,1889180,20.32,0,0,0,0,0,0
2021-02-02,19.01,0,80.99,70096,3263931,35.1,31069,1920249,20.65,0,0,0,0,0,0
2021-02-03,20.47,0,79.53,60307,3324238,35.75,51439,1971688,21.2,0,0,0,0,0,0
2021-02-04,22,0,78,72625,3396863,36.53,58096,2029784,21.83,0,0,0,0,0,0
2021-02-05,22.75,0,77.25,33943,3430806,36.89,28803,2058587,22.14,0,0,0,0,0,0
2021-02-06,23.23,0,76.77,21621,3452427,37.13,22228,2080815,22.38,0,0,0,0,0,0
2021-02-07,23.99,0,76.01,54077,3506504,37.71,68733,2149548,23.12,0,0,0,0,0,0
2021-02-08,24.52,0,75.48,58634,3565138,38.34,65462,2215010,23.82,0,0,0,0,0,0
2021-02-09,25.04,0,74.96,66349,3631487,39.05,67572,2282582,24.55,0,0,0,0,0,0
2021-02-10,25.77,0,74.23,70563,3702050,39.81,72306,2354888,25.32,0,0,0,0,0,0
2021-02-11,26.61,0,73.39,81163,3783213,40.68,72103,2426991,26.1,0,0,0,0,0,0
2021-02-12,27.02,0,72.98,39100,3822313,41.1,37593,2464584,26.5,0,0,0,0,0,0
2021-02-13,27.33,0,72.67,27462,3849775,41.4,30440,2495024,26.83,0,0,0,0,0,0
2021-02-14,28.25,0,71.75,74914,3924689,42.2,69081,2564105,27.57,0,0,0,0,0,0
2021-02-15,29.17,0,70.83,81540,4006229,43.08,75717,2639822,28.39,0,0,0,0,0,0
2021-02-16,30.11,0,69.89,83416,4089645,43.98,78295,2718117,29.23,0,0,0,0,0,0
2021-02-17,31.01,0,68.99,61978,4151623,44.64,75636,2793753,30.04,0,0,0,0,0,0
2021-02-18,31.94,0,68.06,69153,4220776,45.39,79737,2873490,30.9,0,0,0,0,0,0
2021-02-19,32.45,0,67.55,39672,4260448,45.81,38160,2911650,31.31,0,0,0,0,0,0
2021-02-20,32.85,0,67.15,31649,4292097,46.16,28723,2940373,31.62,0,0,0,0,0,0
2021-02-21,33.8,0,66.2,79433,4371530,47.01,78443,3018816,32.46,0,0,0,0,0,0
2021-02-22,34.83,0,65.17,85056,4456586,47.92,80590,3099406,33.33,0,0,0,0,0,0
2021-02-23,35.84,0,64.16,77324,4533910,48.76,70483,3169889,34.09,0,0,0,0,0,0
2021-02-24,36.76,0,63.24,61064,4594974,49.41,63142,3233031,34.77,0,0,0,0,0,0
2021-02-25,37.66,0,62.34,51726,4646700,49.97,64801,3297832,35.46,0,0,0,0,0,0
2021-02-26,38.1,0,61.9,25910,4672610,50.25,32039,3329871,35.81,0,0,0,0,0,0
2021-02-27,38.42,0,61.58,18348,4690958,50.44,21195,3351066,36.04,0,0,0,0,0,0
2021-02-28,39.24,0,60.76,40360,4731318,50.88,55871,3406937,36.64,0,0,0,0,0,0
2021-03-01,40.1,0,59.9,45744,4777062,51.37,61436,3468373,37.3,0,0,0,0,0,0
2021-03-02,40.85,0,59.15,41195,4818257,51.81,64797,3533170,37.99,0,0,0,0,0,0
2021-03-03,41.55,0,58.45,42023,4860280,52.27,66787,3599957,38.71,0,0,0,0,0,0
2021-03-04,42.24,0,57.76,39714,4899994,52.69,79118,3679075,39.56,0,0,0,0,0,0
2021-03-05,42.57,0,57.43,17361,4917355,52.88,40464,3719539,40,0,0,0,0,0,0
2021-03-06,42.78,0,57.22,10718,4928073,52.99,25346,3744885,40.27,0,0,0,0,0,0
2021-03-07,43.36,0,56.64,31153,4959226,53.33,72845,3817730,41.05,0,0,0,0,0,0
2021-03-08,43.97,0,56.03,27383,4986609,53.62,73291,3891021,41.84,0,0,0,0,0,0
2021-03-09,44.62,0,55.38,26754,5013363,53.91,76597,3967618,42.67,0,0,0,0,0,0
2021-03-10,45.27,0,54.73,23369,5036732,54.16,58681,4026299,43.3,0,0,0,0,0,0
2021-03-11,45.99,0,54.01,23297,5060029,54.41,69090,4095389,44.04,0,0,0,0,0,0
2021-03-12,46.34,0,53.66,11294,5071323,54.53,41413,4136802,44.49,0,0,0,0,0,0
2021-03-13,46.57,0,53.43,7949,5079272,54.62,25239,4162041,44.76,0,0,0,0,0,0
2021-03-14,47.2,0,52.8,20986,5100258,54.85,73934,4235975,45.55,0,0,0,0,0,0
2021-03-15,47.81,0,52.19,20144,5120402,55.06,78279,4314254,46.39,0,0,0,0,0,0
2021-03-16,48.43,0,51.57,18753,5139155,55.26,71479,4385733,47.16,0,0,0,0,0,0
2021-03-17,48.92,0,51.08,17702,5156857,55.45,59000,4444733,47.8,0,0,0,0,0,0
2021-03-18,49.45,0,50.55,16045,5172902,55.63,58125,4502858,48.42,0,0,0,0,0,0
2021-03-19,49.75,0,50.25,6953,5179855,55.7,27979,4530837,48.72,0,0,0,0,0,0
2021-03-20,49.93,0,50.07,5226,5185081,55.76,15299,4546136,48.89,0,0,0,0,0,0
2021-03-21,50.46,0,49.54,13170,5198251,55.9,40506,4586642,49.32,0,0,0,0,0,0
2021-03-22,51,0,49,13573,5211824,56.05,40535,4627177,49.76,0,0,0,0,0,0
2021-03-23,51.43,0,48.57,2844,5214668,56.08,7297,4634474,49.84,0,0,0,0,0,0
2021-03-24,51.84,0,48.16,10995,5225663,56.19,46555,4681029,50.34,0,0,0,0,0,0
2021-03-25,52.22,0,47.78,10262,5235925,56.3,35434,4716463,50.72,0,0,0,0,0,0
2021-03-26,52.4,0,47.6,4184,5240109,56.35,13331,4729794,50.86,0,0,0,0,0,0
2021-03-27,52.5,0,47.5,1785,5241894,56.37,4267,4734061,50.91,0,0,0,0,0,0
2021-03-28,52.74,0,47.26,2110,5244004,56.39,4610,4738671,50.96,0,0,0,0,0,0
2021-03-29,53,0,47,6911,5250915,56.47,30016,4768687,51.28,0,0,0,0,0,0
2021-03-30,53.08,0,46.92,7888,5258803,56.55,22453,4791140,51.52,0,0,0,0,0,0
2021-03-31,53.38,0,46.62,8149,5266952,56.64,19494,4810634,51.73,0,0,0,0,0,0
2021-04-01,53.62,0,46.38,8206,5275158,56.73,18699,4829333,51.93,0,0,0,0,0,0
2021-04-02,53.71,0,46.29,2935,5278093,56.76,8129,4837462,52.02,0,0,0,0,0,0
2021-04-03,53.74,0,46.26,1432,5279525,56.77,2978,4840440,52.05,0,0,0,0,0,0
2021-04-04,53.82,0,46.18,9617,5289142,56.88,22831,4863271,52.3,0,0,0,0,0,0
2021-04-05,54.04,0,45.96,10358,5299500,56.99,21273,4884544,52.53,0,0,0,0,0,0
2021-04-06,54.21,0,45.79,9025,5308525,57.09,16787,4901331,52.71,0,0,0,0,0,0
2021-04-07,54.36,0,45.64,8924,5317449,57.18,15310,4916641,52.87,0,0,0,0,0,0
2021-04-08,54.52,0,45.48,9426,5326875,57.28,17006,4933647,53.05,0,0,0,0,0,0
2021-04-09,54.58,0,45.42,3606,5330481,57.32,6254,4939901,53.12,0,0,0,0,0,0
2021-04-10,54.61,0,45.39,1631,5332112,57.34,3519,4943420,53.16,0,0,0,0,0,0
2021-04-11,54.78,0,45.22,9039,5341151,57.44,14248,4957668,53.31,0,0,0,0,0,0
2021-04-12,54.95,0,45.05,8932,5350083,57.53,13229,4970897,53.45,0,0,0,0,0,0
2021-04-13,55.08,0,44.92,5839,5355922,57.59,4959,4975856,53.51,0,0,0,0,0,0
2021-04-14,55.18,0,44.82,3646,5359568,57.63,5304,4981160,53.56,0,0,0,0,0,0
2021-04-15,55.27,0,44.73,693,5360261,57.64,578,4981738,53.57,0,0,0,0,0,0
2021-04-16,55.33,0,44.67,3412,5363673,57.68,6646,4988384,53.64,0,0,0,0,0,0
2021-04-17,55.35,0,44.65,822,5364495,57.69,1971,4990355,53.66,0,0,0,0,0,0
2021-04-18,55.47,0,44.53,7095,5371590,57.76,7432,4997787,53.74,0,0,0,0,0,0
2021-04-19,55.58,0,44.42,6402,5377992,57.83,7126,5004913,53.82,0,0,0,0,0,0
2021-04-20,55.65,0,44.35,6276,5384268,57.9,6886,5011799,53.89,0,0,0,0,0,0
2021-04-21,55.71,0,44.29,6376,5390644,57.97,7107,5018906,53.97,0,0,0,0,0,0
2021-04-22,55.75,0,44.25,5942,5396586,58.03,7686,5026592,54.05,0,0,0,0,0,0
2021-04-23,55.8,0,44.2,2761,5399347,58.06,3387,5029979,54.09,0,0,0,0,0,0
2021-04-24,55.82,0,44.18,766,5400113,58.07,1290,5031269,54.1,0,0,0,0,0,0
2021-04-25,55.89,0,44.11,4828,5404941,58.12,6921,5038190,54.18,0,0,0,0,0,0
2021-04-26,55.96,0,44.04,5475,5410416,58.18,7887,5046077,54.26,0,0,0,0,0,0
2021-04-27,56.03,0,43.97,4503,5414919,58.23,6620,5052697,54.33,0,0,0,0,0,0
2021-04-28,56.09,0,43.91,4494,5419413,58.28,7326,5060023,54.41,0,0,0,0,0,0
2021-04-29,56.16,0,43.84,4371,5423784,58.32,7291,5067314,54.49,0,0,0,0,0,0
2021-04-30,56.19,0,43.81,1920,5425704,58.35,3199,5070513,54.53,0,0,0,0,0,0
2021-05-01,56.2,0,43.8,458,5426162,58.35,893,5071406,54.54,0,0,0,0,0,0
2021-05-02,56.26,0,43.74,3224,5429386,58.38,6088,5077494,54.6,0,0,0,0,0,0
2021-05-03,56.32,0,43.68,3534,5432920,58.42,5828,5083322,54.66,0,0,0,0,0,0
2021-05-04,56.38,0,43.62,3589,5436509,58.46,4731,5088053,54.71,0,0,0,0,0,0
2021-05-05,56.44,0,43.56,3290,5439799,58.5,4088,5092141,54.76,0,0,0,0,0,0
2021-05-06,56.5,0,43.5,3640,5443439,58.54,3142,5095283,54.79,0,0,0,0,0,0
2021-05-07,56.52,0,43.48,1840,5445279,58.56,2505,5097788,54.82,0,0,0,0,0,0
2021-05-08,56.53,0,43.47,237,5445516,58.56,504,5098292,54.82,0,0,0,0,0,0
2021-05-09,56.58,0,43.42,2849,5448365,58.59,4749,5103041,54.88,0,0,0,0,0,0
2021-05-10,56.63,0,43.37,2892,5451257,58.62,4707,5107748,54.93,0,0,0,0,0,0
2021-05-11,56.67,0,43.33,2619,5453876,58.65,3876,5111624,54.97,0,0,0,0,0,0
2021-05-12,56.7,0,43.3,2029,5455905,58.67,3339,5114963,55,0,0,0,0,0,0
2021-05-13,56.73,0,43.27,2040,5457945,58.69,3680,5118643,55.04,0,0,0,0,0,0
2021-05-14,56.75,0,43.25,973,5458918,58.7,1492,5120135,55.06,0,0,0,0,0,0
2021-05-15,56.75,0,43.25,253,5459171,58.71,257,5120392,55.06,0,0,0,0,0,0
2021-05-16,56.78,0,43.22,528,5459699,58.71,1204,5121596,55.08,0,0,0,0,0,0
2021-05-17,56.81,0,43.19,297,5459996,58.71,843,5122439,55.08,0,0,0,0,0,0
2021-05-18,56.84,0,43.16,1958,5461954,58.74,4936,5127375,55.14,0,0,0,0,0,0
2021-05-19,56.87,0,43.13,2226,5464180,58.76,5038,5132413,55.19,0,0,0,0,0,0
2021-05-20,56.9,0,43.1,2310,5466490,58.78,3876,5136289,55.23,0,0,0,0,0,0
2021-05-21,56.92,0,43.08,1185,5467675,58.8,1408,5137697,55.25,0,0,0,0,0,0
2021-05-22,56.92,0,43.08,206,5467881,58.8,395,5138092,55.25,0,0,0,0,0,0
2021-05-23,56.94,0,43.06,2272,5470153,58.82,3215,5141307,55.29,0,0,0,0,0,0
2021-05-24,56.96,0,43.04,2132,5472285,58.85,3595,5144902,55.33,0,0,0,0,0,0
2021-05-25,56.99,0,43.01,1817,5474102,58.87,2584,5147486,55.35,0,0,0,0,0,0
2021-05-26,57.03,0,42.97,1408,5475510,58.88,2500,5149986,55.38,0,0,0,0,0,0
2021-05-27,57.06,0,42.94,1854,5477364,58.9,3184,5153170,55.41,0,0,0,0,0,0
2021-05-28,57.07,0,42.93,781,5478145,58.91,1404,5154574,55.43,0,0,0,0,0,0
2021-05-29,57.07,0,42.93,189,5478334,58.91,223,5154797,55.43,0,0,0,0,0,0
2021-05-30,57.1,0,42.9,1644,5479978,58.93,1936,5156733,55.45,0,0,0,0,0,0
2021-05-31,57.13,0,42.87,1735,5481713,58.95,2091,5158824,55.48,0,0,0,0,0,0
2021-06-01,57.47,0,42.53,1376,5483089,58.96,1819,5160643,55.5,0,0,0,0,0,0
2021-06-02,57.25,0,42.75,1511,5484600,58.98,1605,5162248,55.51,0,0,0,0,0,0
2021-06-03,57.27,0,42.73,1682,5486282,59,1489,5163737,55.53,0,0,0,0,0,0
2021-06-04,57.28,0,42.72,1099,5487381,59.01,780,5164517,55.54,0,0,0,0,0,0
2021-06-05,57.29,0,42.71,182,5487563,59.01,159,5164676,55.54,0,0,0,0,0,0
2021-06-06,57.31,0,42.69,4288,5491851,59.06,1002,5165678,55.55,0,0,0,0,0,0
2021-06-07,57.34,0,42.66,4435,5496286,59.1,809,5166487,55.56,0,0,0,0,0,0
2021-06-08,57.36,0,42.64,3735,5500021,59.14,1168,5167655,55.57,0,0,0,0,0,0
2021-06-09,57.4,0,42.6,3611,5503632,59.18,1323,5168978,55.58,0,0,0,0,0,0
2021-06-10,57.42,0,42.58,3357,5506989,59.22,1296,5170274,55.6,0,0,0,0,0,0
2021-06-11,57.43,0,42.57,1395,5508384,59.23,582,5170856,55.6,0,0,0,0,0,0
2021-06-12,57.43,0,42.57,216,5508600,59.24,170,5171026,55.61,0,0,0,0,0,0
2021-06-13,57.45,0,42.55,3100,5511700,59.27,1259,5172285,55.62,0,0,0,0,0,0
2021-06-14,57.46,0,42.54,3055,5514755,59.3,1527,5173812,55.64,0,0,0,0,0,0
2021-06-15,57.48,0,42.52,3137,5517892,59.34,1373,5175185,55.65,0,0,0,0,0,0
2021-06-16,57.49,0,42.51,2728,5520620,59.37,997,5176182,55.66,0,0,0,0,0,0
2021-06-17,57.51,0,42.49,2725,5523345,59.4,1198,5177380,55.67,0,0,0,0,0,0
2021-06-18,57.52,0,42.48,1263,5524608,59.41,504,5177884,55.68,0,0,0,0,0,0
2021-06-19,57.52,0,42.48,242,5524850,59.41,139,5178023,55.68,0,0,0,0,0,0
2021-06-20,57.54,0,42.46,3314,5528164,59.45,1330,5179353,55.7,0,0,0,0,0,0
2021-06-21,57.56,0,42.44,5241,5533405,59.5,1212,5180565,55.71,0,0,0,0,0,0
2021-06-22,57.58,0,42.42,6925,5540330,59.58,1097,5181662,55.72,0,0,0,0,0,0
2021-06-23,57.6,0,42.4,10754,5551084,59.69,1299,5182961,55.73,0,0,0,0,0,0
2021-06-24,57.62,0,42.38,12041,5563125,59.82,1465,5184426,55.75,0,0,0,0,0,0
2021-06-25,57.62,0,42.38,7110,5570235,59.9,943,5185369,55.76,0,0,0,0,0,0
2021-06-26,57.63,0,42.37,2273,5572508,59.92,197,5185566,55.76,0,0,0,0,0,0
2021-06-27,57.65,0,42.35,13631,5586139,60.07,3436,5189002,55.8,0,0,0,0,0,0
2021-06-28,57.68,0,42.32,14517,5600656,60.23,3673,5192675,55.84,0,0,0,0,0,0
2021-06-29,57.69,0,42.31,16706,5617362,60.41,3742,5196417,55.88,0,0,0,0,0,0
2021-06-30,57.72,0,42.28,16481,5633843,60.58,3393,5199810,55.92,0,0,0,0,0,0
2021-07-01,57.78,0,42.22,16827,5650670,60.76,3370,5203180,55.95,119,119,0,0,0,0
2021-07-02,57.79,0,42.21,9832,5660502,60.87,1602,5204782,55.97,7,126,0,0,0,0
2021-07-03,57.79,0,42.21,2676,5663178,60.9,296,5205078,55.97,1,127,0,0,0,0
2021-07-04,57.85,0,42.15,17733,5680911,61.09,3160,5208238,56.01,2,129,0,0,0,0
2021-07-05,57.91,0,42.09,17844,5698755,61.28,3042,5211280,56.04,7,136,0,0,0,0
2021-07-06,57.99,0,42.01,17844,5716599,61.47,3406,5214686,56.08,11,147,0,0,0,0
2021-07-07,58.05,0,41.95,15525,5732124,61.64,2699,5217385,56.11,12,159,0,0,0,0
2021-07-08,58.12,0,41.88,16584,5748708,61.82,2873,5220258,56.14,17,176,0,0,0,0
2021-07-09,58.15,0,41.85,11123,5759831,61.94,1534,5221792,56.15,4,180,0,0,0,0
2021-07-10,58.15,0,41.85,4988,5764819,61.99,387,5222179,56.16,6,186,0,0,0,0
2021-07-11,58.22,0,41.78,1456,5766275,62.01,2847,5225026,56.19,8,194,0,0,0,0
2021-07-12,58.29,0,41.71,2421,5768696,62.03,3685,5228711,56.23,56,250,0,0,0,0
2021-07-13,58.36,0,41.64,2959,5771655,62.07,5457,5234168,56.29,124,374,0,0,0,0
2021-07-14,58.42,0,41.58,2741,5774396,62.09,7528,5241696,56.37,441,815,0.01,0,0,0
2021-07-15,58.5,0,41.5,3001,5777397,62.13,9292,5250988,56.47,374,1189,0.01,0,0,0
2021-07-16,58.54,0,41.46,1287,5778684,62.14,5895,5256883,56.53,66,1255,0.01,0,0,0
2021-07-17,58.55,0,41.44,369,5779053,62.15,1391,5258274,56.54,7,1262,0.01,0,0,0
2021-07-18,58.6,0,41.4,2073,5781126,62.17,9768,5268042,56.65,235,1497,0.02,0,0,0
2021-07-19,58.65,0,41.35,3209,5784335,62.2,11344,5279386,56.77,461,1958,0.02,0,0,0
2021-07-20,58.72,0,41.28,2682,5787017,62.23,11908,5291294,56.9,373,2331,0.03,0,0,0
2021-07-21,58.81,0,41.19,2400,5789417,62.26,11877,5303171,57.03,325,2656,0.03,0,0,0
2021-07-22,58.93,0,41.07,2873,5792290,62.29,13268,5316439,57.17,391,3047,0.03,0,0,0
2021-07-23,58.99,0,41.01,2034,5794324,62.31,8241,5324680,57.26,106,3153,0.03,0,0,0
2021-07-24,58.99,0,41,641,5794965,62.32,1480,5326160,57.27,7,3160,0.03,0,0,0
2021-07-25,59.1,0,40.89,4413,5799378,62.36,15492,5341652,57.44,223,3383,0.04,0,0,0
2021-07-26,59.24,0,40.75,5168,5804546,62.42,13532,5355184,57.59,324,3707,0.04,0,0,0
2021-07-27,59.37,0.01,40.62,5489,5810035,62.48,13574,5368758,57.73,414,4121,0.04,0,0,0
2021-07-28,59.5,0.01,40.49,3986,5814021,62.52,12340,5381098,57.87,472,4593,0.05,0,0,0
2021-07-29,59.65,0.01,40.33,4660,5818681,62.57,14194,5395292,58.02,530,5123,0.06,0,0,0
2021-07-30,59.74,0.02,40.25,2651,5821332,62.6,10852,5406144,58.14,4122,9245,0.1,0,0,0
2021-07-31,59.75,0.02,40.23,1404,5822736,62.61,3551,5409695,58.17,6159,15404,0.17,0,0,0
2021-08-01,59.91,0.02,40.06,3074,5825810,62.65,3362,5413057,58.21,31047,46451,0.5,0,0,0
2021-08-02,60.06,0.03,39.91,3129,5828939,62.68,3169,5416226,58.24,58513,104964,1.13,0,0,0
2021-08-03,60.21,0.03,39.76,3382,5832321,62.72,3323,5419549,58.28,78951,183915,1.98,0,0,0
2021-08-04,60.34,0.03,39.63,3524,5835845,62.76,3251,5422800,58.31,80762,264677,2.85,0,0,0
2021-08-05,60.49,0.04,39.47,4509,5840354,62.8,3567,5426367,58.35,88442,353119,3.8,0,0,0
2021-08-06,60.6,0.04,39.36,2434,5842788,62.83,1854,5428221,58.37,44741,397860,4.28,0,0,0
2021-08-07,60.63,0.04,39.32,1031,5843819,62.84,697,5428918,58.38,27353,425213,4.57,0,0,0
2021-08-08,60.68,0.04,39.28,4988,5848807,62.9,3079,5431997,58.41,80086,505299,5.43,0,0,0
2021-08-09,60.72,0.04,39.24,5339,5854146,62.95,3055,5435052,58.45,76488,581787,6.26,0,0,0
2021-08-10,60.75,0.04,39.2,5550,5859696,63.01,3199,5438251,58.48,75427,657214,7.07,0,0,0
2021-08-11,60.79,0.04,39.17,5693,5865389,63.07,2942,5441193,58.51,62637,719851,7.74,0,0,0
2021-08-12,60.83,0.04,39.12,7031,5872420,63.15,3286,5444479,58.55,59460,779311,8.38,0,0,0
2021-08-13,60.84,0.05,39.11,3815,5876235,63.19,2065,5446544,58.57,43869,823180,8.85,0,0,0
2021-08-14,60.85,0.05,39.1,2251,5878486,63.21,850,5447394,58.58,44486,867666,9.33,0,0,0
2021-08-15,60.89,0.05,39.06,7143,5885629,63.29,4529,5451923,58.63,97981,965647,10.38,0,0,0
2021-08-16,60.92,0.04,39.03,6984,5892613,63.37,4741,5456664,58.68,89517,1055164,11.35,0,0,0
2021-08-17,60.96,0.04,39,7570,5900183,63.45,5131,5461795,58.73,83317,1138481,12.24,0,0,0
2021-08-18,60.99,0.04,38.96,8641,5908824,63.54,4602,5466397,58.78,69265,1207746,12.99,0,0,0
2021-08-19,61.03,0.04,38.92,10078,5918902,63.65,5212,5471609,58.84,65973,1273719,13.7,0,0,0
2021-08-20,61.05,0.05,38.9,4766,5923668,63.7,2824,5474433,58.87,60449,1334168,14.35,0,0,0
2021-08-21,61.06,0.05,38.89,3497,5927165,63.74,1580,5476013,58.89,50725,1384893,14.89,0,0,0
2021-08-22,61.12,0.04,38.84,9821,5936986,63.84,4804,5480817,58.94,105102,1489995,16.02,0,0,0
2021-08-23,61.17,0.04,38.79,10924,5947910,63.96,4447,5485264,58.99,94024,1584019,17.03,0,0,0
2021-08-24,61.23,0.04,38.73,11720,5959630,64.09,4702,5489966,59.04,98546,1682565,18.09,0,0,0
2021-08-25,61.29,0.04,38.67,9616,5969246,64.19,4478,5494444,59.08,99537,1782102,19.16,0,0,0
2021-08-26,61.36,0.03,38.61,10106,5979352,64.3,5057,5499501,59.14,101222,1883324,20.25,0,0,0
2021-08-27,61.35,0.04,38.61,4326,5983678,64.35,2779,5502280,59.17,56694,1940018,20.86,0,0,0
2021-08-28,61.4,0.04,38.57,3697,5987375,64.39,1496,5503776,59.18,33538,1973556,21.22,0,0,0
2021-08-29,61.46,0.03,38.5,10323,5997698,64.5,5931,5509707,59.25,79542,2053098,22.08,0,0,0
2021-08-30,61.53,0.03,38.44,12334,6010032,64.63,7015,5516722,59.32,115998,2169096,23.33,0,0,0
2021-08-31,61.6,0.03,38.37,12075,6022107,64.76,6525,5523247,59.39,114873,2283969,24.56,0,0,0
2021-09-01,61.43,0.03,38.54,9034,6031141,64.86,6036,5529283,59.46,112483,2396452,25.77,0,0,0
2021-09-02,61.49,0.03,38.48,8784,6039925,64.95,7177,5536460,59.54,111536,2507988,26.97,0,0,0
2021-09-03,61.56,0.03,38.42,3749,6043674,64.99,4113,5540573,59.58,58881,2566869,27.6,0,0,0
2021-09-04,61.59,0.03,38.38,2692,6046366,65.02,2020,5542593,59.6,29947,2596816,27.92,0,0,0
2021-09-05,61.68,0.03,38.29,6993,6053359,65.09,6460,5549053,59.67,73323,2670139,28.71,0,0,0
2021-09-06,61.77,0.03,38.2,2832,6056191,65.13,2708,5551761,59.7,22794,2692933,28.96,0,0,0
2021-09-07,61.85,0.03,38.12,1199,6057390,65.14,878,5552639,59.71,5396,2698329,29.02,0,0,0
2021-09-08,61.93,0.03,38.05,1379,6058769,65.15,1191,5553830,59.72,6620,2704949,29.09,0,0,0
2021-09-09,62.02,0.03,37.95,7087,6065856,65.23,12571,5566401,59.86,73841,2778790,29.88,0,0,0
2021-09-10,62.06,0.03,37.91,3257,6069113,65.26,5015,5571416,59.91,37933,2816723,30.29,0,0,0
2021-09-11,62.08,0.03,37.89,2108,6071221,65.29,2505,5573921,59.94,14815,2831538,30.45,0,0,0
2021-09-12,62.16,0.03,37.81,6109,6077330,65.35,8585,5582506,60.03,54131,2885669,31.03,0,0,0
2021-09-13,62.15,0.03,37.82,5610,6082940,65.41,8255,5590761,60.12,47978,2933647,31.55,0,0,0
2021-09-14,62.2,0.03,37.77,4959,6087899,65.47,7416,5598177,60.2,48851,2982498,32.07,0,0,0
2021-09-15,62.25,0.03,37.72,1747,6089646,65.48,2714,5600891,60.23,16685,2999183,32.25,0,0,0
2021-09-16,62.37,0.03,37.6,343,6089989,65.49,548,5601439,60.24,1740,3000923,32.27,0,0,0
2021-09-17,62.42,0.03,37.54,3682,6093671,65.53,7015,5608454,60.31,42903,3043826,32.73,0,0,0
2021-09-18,62.45,0.03,37.52,2256,6095927,65.55,2942,5611396,60.34,12783,3056609,32.87,0,0,0
2021-09-19,62.55,0.03,37.42,5941,6101868,65.62,10709,5622105,60.46,44331,3100940,33.35,0,0,0
2021-09-20,62.63,0.03,37.34,3244,6105112,65.65,4645,5626750,60.51,16706,3117646,33.53,0,0,0
2021-09-21,62.69,0.03,37.28,1339,6106451,65.67,2058,5628808,60.53,3474,3121120,33.56,0,0,0
2021-09-22,62.72,0.03,37.25,4256,6110707,65.71,7248,5636056,60.61,25071,3146191,33.83,0,0,0
2021-09-23,62.75,0.03,37.22,4389,6115096,65.76,5911,5641967,60.67,27833,3174024,34.13,0,0,0
2021-09-24,62.82,0.03,37.15,3202,6118298,65.79,4184,5646151,60.72,27719,3201743,34.43,0,0,0
2021-09-25,62.85,0.03,37.12,2077,6120375,65.82,2259,5648410,60.74,10443,3212186,34.54,0,0,0
2021-09-26,62.96,0.03,37,5604,6125979,65.88,5971,5654381,60.8,36264,3248450,34.93,0,0,0
2021-09-27,63.02,0.03,36.94,4692,6130671,65.93,4467,5658848,60.85,30452,3278902,35.26,0,0,0
2021-09-28,63.06,0.04,36.91,1469,6132140,65.94,1180,5660028,60.87,6249,3285151,35.33,0,0,0
2021-09-29,63.13,0.03,36.84,9622,6141762,66.05,8345,5668373,60.95,60322,3345473,35.98,0,0,0
2021-09-30,63.18,0.03,36.79,10971,6152733,66.16,8571,5676944,61.05,79692,3425165,36.83,0,0,0
2021-10-01,63.23,0.03,36.73,5122,6157855,66.22,3873,5680817,61.09,46541,3471706,37.33,0,0,0
2021-10-02,63.26,0.03,36.71,2862,6160717,66.25,2125,5682942,61.11,22432,3494138,37.57,0,0,0
2021-10-03,63.35,0.03,36.62,11667,6172384,66.37,7274,5690216,61.19,70723,3564861,38.33,0,0,0
2021-10-04,63.4,0.03,36.57,10319,6182703,66.49,6756,5696972,61.26,51904,3616765,38.89,0,0,0
2021-10-05,63.41,0.03,36.55,8459,6191162,66.58,5311,5702283,61.32,40475,3657240,39.33,0,0,0
2021-10-06,63.52,0.03,36.45,7539,6198701,66.66,4179,5706462,61.36,34141,3691381,39.7,0,0,0
2021-10-07,63.63,0.03,36.34,6891,6205592,66.73,4006,5710468,61.41,34063,3725444,40.06,0,0,0
2021-10-08,63.68,0.03,36.29,3085,6208677,66.77,2641,5713109,61.44,19248,3744692,40.27,0,0,0
2021-10-09,63.71,0.03,36.26,1336,6210013,66.78,1443,5714552,61.45,7441,3752133,40.35,0,0,0
2021-10-10,63.82,0.04,36.14,4674,6214687,66.83,3744,5718296,61.49,21516,3773649,40.58,0,0,0
2021-10-11,63.91,0.04,36.05,4297,6218984,66.88,2942,5721238,61.52,17264,3790913,40.77,0,0,0
2021-10-12,63.99,0.05,35.96,3972,6222956,66.92,3003,5724241,61.56,15355,3806268,40.93,0,0,0
2021-10-13,64.09,0.05,35.86,3484,6226440,66.96,2450,5726691,61.58,13586,3819854,41.08,0,0,0
2021-10-14,64.19,0.06,35.75,3867,6230307,67,2684,5729375,61.61,16566,3836420,41.25,0,0,0
2021-10-15,64.23,0.07,35.7,1703,6232010,67.02,1681,5731056,61.63,9006,3845426,41.35,0,0,0
2021-10-16,64.25,0.08,35.67,726,6232736,67.02,953,5732009,61.64,4034,3849460,41.4,0,0,0
2021-10-17,64.36,0.09,35.56,3088,6235824,67.06,2524,5734533,61.67,12795,3862255,41.53,0,0,0
2021-10-18,64.43,0.1,35.47,2458,6238282,67.08,1687,5736220,61.68,10067,3872322,41.64,0,0,0
2021-10-19,64.49,0.1,35.4,2396,6240678,67.11,1281,5737501,61.7,9296,3881618,41.74,0,0,0
2021-10-20,64.14,0.52,35.34,2433,6243111,67.14,2304,5739805,61.72,10096,3891714,41.85,0,0,0
2021-10-21,54.23,10.41,35.36,3031,6246142,67.17,3091,5742896,61.76,12161,3903875,41.98,0,0,0
2021-10-22,54.36,10.26,35.38,1277,6247419,67.18,1433,5744329,61.77,5830,3909705,42.04,0,0,0
2021-10-23,54.42,10.19,35.39,571,6247990,67.19,1265,5745594,61.79,2562,3912267,42.07,0,0,0
2021-10-24,54.22,10.43,35.35,2515,6250505,67.21,2653,5748247,61.81,9852,3922119,42.18,0,0,0
2021-10-25,54.59,10.22,35.19,2635,6253140,67.24,2746,5750993,61.84,8506,3930625,42.27,0,0,0
2021-10-26,54.64,10.26,35.1,2377,6255517,67.27,2053,5753046,61.87,8519,3939144,42.36,0,0,0
2021-10-27,54.58,10.37,35.06,2286,6257803,67.29,2564,5755610,61.89,7952,3947096,42.45,0,0,0
2021-10-28,54.69,10.76,34.55,2499,6260302,67.32,2774,5758384,61.92,8664,3955760,42.54,0,0,0
2021-10-29,54.73,10.75,34.52,898,6261200,67.33,1150,5759534,61.94,4131,3959891,42.58,0,0,0
2021-10-30,54.68,10.81,34.52,364,6261564,67.33,529,5760063,61.94,1709,3961600,42.6,0,0,0
2021-10-31,54.83,10.7,34.47,2260,6263824,67.36,2494,5762557,61.97,8252,3969852,42.69,0,0,0
2021-11-01,54.95,10.63,34.42,1734,6265558,67.38,2090,5764647,61.99,6478,3976330,42.76,0,0,0
2021-11-02,54.89,10.69,34.42,2025,6267583,67.4,2042,5766689,62.01,6291,3982621,42.83,0,0,0
2021-11-03,54.86,10.75,34.39,1761,6269344,67.42,1894,5768583,62.03,5554,3988175,42.89,0,0,0
2021-11-04,54.85,10.81,34.33,2108,6271452,67.44,2801,5771384,62.06,7125,3995300,42.96,0,0,0
2021-11-05,54.85,10.83,34.32,787,6272239,67.45,903,5772287,62.07,3480,3998780,43,0,0,0
2021-11-06,54.82,10.86,34.32,345,6272584,67.45,385,5772672,62.08,1371,4000151,43.02,0,0,0
2021-11-07,54.92,10.8,34.28,1578,6274162,67.47,1769,5774441,62.1,6134,4006285,43.08,0,0,0
2021-11-08,55.01,10.75,34.24,1518,6275680,67.49,1601,5776042,62.11,5405,4011690,43.14,0,0,0
2021-11-09,55.05,10.74,34.21,1428,6277108,67.5,1604,5777646,62.13,5330,4017020,43.2,0,0,0
2021-11-10,55.08,10.73,34.19,1423,6278531,67.52,1658,5779304,62.15,4777,4021797,43.25,0,0,0
2021-11-11,55.15,10.69,34.15,1626,6280157,67.53,1944,5781248,62.17,5709,4027506,43.31,0,0,0
2021-11-12,55.17,10.69,34.14,632,6280789,67.54,823,5782071,62.18,2920,4030426,43.34,0,0,0
2021-11-13,55.14,10.72,34.14,255,6281044,67.54,286,5782357,62.18,1128,4031554,43.35,0,0,0
2021-11-14,55.21,10.68,34.11,1536,6282580,67.56,1637,5783994,62.2,5108,4036662,43.41,0,0,0
2021-11-15,55.28,10.63,34.09,1274,6283854,67.57,1620,5785614,62.22,4768,4041430,43.46,0,0,0
2021-11-16,55.32,10.62,34.07,1270,6285124,67.59,1413,5787027,62.23,4344,4045774,43.51,0,0,0
2021-11-17,55.35,10.6,34.05,1203,6286327,67.6,1561,5788588,62.25,3912,4049686,43.55,0,0,0
2021-11-18,55.41,10.58,34.02,1360,6287687,67.61,1690,5790278,62.27,5009,4054695,43.6,0,0,0
2021-11-19,55.42,10.57,34.01,588,6288275,67.62,762,5791040,62.27,2453,4057148,43.63,0,0,0
2021-11-20,55.41,10.58,34,237,6288512,67.62,254,5791294,62.28,929,4058077,43.64,0,0,0
2021-11-21,55.47,10.54,33.98,1409,6289921,67.64,1540,5792834,62.29,4875,4062952,43.69,0,0,0
2021-11-22,55.54,10.5,33.96,1680,6291601,67.66,1520,5794354,62.31,4235,4067187,43.74,0,0,0
2021-11-23,55.57,10.48,33.95,8621,6300222,67.75,1681,5796035,62.33,4002,4071189,43.78,0,0,0
2021-11-24,55.6,10.44,33.95,9347,6309569,67.85,1316,5797351,62.34,3922,4075111,43.82,0,0,0
2021-11-25,55.64,10.43,33.93,9812,6319381,67.96,1600,5798951,62.36,4837,4079948,43.87,0,0,0
2021-11-26,55.63,10.45,33.92,5611,6324992,68.02,747,5799698,62.37,2797,4082745,43.9,0,0,0
2021-11-27,55.62,10.46,33.92,4779,6329771,68.07,323,5800021,62.37,1162,4083907,43.92,0,0,0
2021-11-28,55.67,10.43,33.9,10150,6339921,68.18,1476,5801497,62.39,4899,4088806,43.97,0,0,0
2021-11-29,55.73,10.39,33.88,9042,6348963,68.27,1130,5802627,62.4,4371,4093177,44.02,0,0,0
2021-11-30,55.77,10.37,33.86,10044,6359007,68.38,1035,5803662,62.41,4084,4097261,44.06,0,0,0
2021-12-01,55.79,10.36,33.84,8625,6367632,68.47,1095,5804757,62.42,4437,4101698,44.11,5,5,0
2021-12-02,55.84,10.34,33.82,9175,6376807,68.57,1452,5806209,62.44,5119,4106817,44.16,6,11,0
2021-12-03,55.86,10.33,33.81,6331,6383138,68.64,670,5806879,62.44,2867,4109684,44.19,1,12,0
2021-12-04,55.85,10.34,33.81,2508,6385646,68.67,235,5807114,62.45,918,4110602,44.2,3,15,0
2021-12-05,55.9,10.31,33.79,8334,6393980,68.76,1253,5808367,62.46,4680,4115282,44.25,1,16,0
2021-12-06,55.95,10.27,33.78,6723,6400703,68.83,1197,5809564,62.47,4347,4119629,44.3,4,20,0
2021-12-07,55.99,10.25,33.76,5553,6406256,68.89,1499,5811063,62.49,3963,4123592,44.34,9,29,0
2021-12-08,56.03,10.22,33.75,4933,6411189,68.94,1198,5812261,62.5,3877,4127469,44.38,10,39,0
2021-12-09,56.08,10.19,33.73,6236,6417425,69.01,1236,5813497,62.52,4503,4131972,44.43,8,47,0
2021-12-10,56.1,10.18,33.72,3005,6420430,69.04,702,5814199,62.52,2681,4134653,44.46,4,51,0
2021-12-11,56.1,10.18,33.71,1491,6421921,69.06,251,5814450,62.53,1015,4135668,44.47,0,51,0
2021-12-12,56.16,10.15,33.69,7272,6429193,69.14,1443,5815893,62.54,5246,4140914,44.53,3,54,0
2021-12-13,56.21,10.11,33.67,6177,6435370,69.2,1374,5817267,62.56,4348,4145262,44.58,5,59,0
2021-12-14,56.27,10.09,33.65,7316,6442686,69.28,6100,5823367,62.62,4932,4150194,44.63,12,71,0
2021-12-15,56.34,10.06,33.6,7203,6449889,69.36,7403,5830770,62.7,5440,4155634,44.69,7,78,0
2021-12-16,56.53,10.05,33.42,8079,6457968,69.45,8612,5839382,62.79,6559,4162193,44.76,8,86,0
2021-12-17,56.64,10.05,33.3,4404,6462372,69.49,5139,5844521,62.85,3950,4166143,44.8,3,89,0
2021-12-18,56.73,10.07,33.2,3940,6466312,69.54,2913,5847434,62.88,1358,4167501,44.82,2,91,0
2021-12-19,56.92,10.04,33.04,6980,6473292,69.61,9331,5856765,62.98,6270,4173771,44.88,5,96,0
2021-12-20,57.07,10.02,32.91,7968,6481260,69.7,7517,5864282,63.06,5439,4179210,44.94,9,105,0
2021-12-21,57.27,10.01,32.71,9549,6490809,69.8,8648,5872930,63.15,6488,4185698,45.01,8,113,0
2021-12-22,57.49,10,32.52,9664,6500473,69.9,8152,5881082,63.24,6245,4191943,45.08,12,125,0
2021-12-23,57.7,9.97,32.33,11539,6512012,70.03,10263,5891345,63.35,8149,4200092,45.17,16,141,0
2021-12-24,57.83,9.96,32.21,5871,6517883,70.09,6240,5897585,63.42,5277,4205369,45.22,12,153,0
2021-12-25,57.9,9.96,32.15,3338,6521221,70.13,2565,5900150,63.45,2021,4207390,45.24,6,159,0
2021-12-26,58.1,9.92,31.98,10653,6531874,70.24,8909,5909059,63.54,8197,4215587,45.33,8,167,0
2021-12-27,58.27,9.9,31.83,10368,6542242,70.35,7145,5916204,63.62,8182,4223769,45.42,21,188,0
2021-12-28,58.46,9.88,31.66,11375,6553617,70.47,7452,5923656,63.7,9636,4233405,45.52,24,212,0
2021-12-29,58.64,9.85,31.51,9934,6563551,70.58,5962,5929618,63.76,8371,4241776,45.61,17,229,0
2021-12-30,58.84,9.82,31.34,11012,6574563,70.7,7735,5937353,63.85,12238,4254014,45.75,10,239,0
2021-12-31,58.9,9.79,31.3,4829,6579392,70.75,3672,5941025,63.89,7294,4261308,45.82,135,374,0
2022-01-01,58.93,9.79,31.28,1992,6581384,70.77,1591,5942616,63.9,2741,4264049,45.85,65,439,0
2022-01-02,59.14,9.76,31.1,10217,6591601,70.88,6486,5949102,63.97,13000,4277049,45.99,590,1029,0.01
2022-01-03,59.29,9.71,31,9383,6600984,70.98,5257,5954359,64.03,11335,4288384,46.12,25055,26084,0.28
2022-01-04,59.46,9.68,30.86,8967,6609951,71.08,5946,5960305,64.09,10520,4298904,46.23,50657,76741,0.83
2022-01-05,59.56,9.65,30.79,8552,6618503,71.17,5737,5966042,64.16,10488,4309392,46.34,59586,136327,1.47
2022-01-06,59.81,9.63,30.56,10339,6628842,71.28,7958,5974000,64.24,13528,4322920,46.49,63997,200324,2.15
2022-01-07,59.89,9.61,30.49,4759,6633601,71.33,4556,5978556,64.29,8160,4331080,46.57,31135,231459,2.49
2022-01-08,59.9,9.64,30.46,2750,6636351,71.36,2450,5981006,64.32,5500,4336580,46.63,27629,259088,2.79
2022-01-09,60.06,9.59,30.35,9306,6645657,71.46,7721,5988727,64.4,11866,4348446,46.76,66764,325852,3.5
2022-01-10,60.21,9.54,30.25,8351,6654008,71.55,7643,5996370,64.48,11875,4360321,46.89,64772,390624,4.2
2022-01-11,60.38,9.49,30.13,8101,6662109,71.64,8621,6004991,64.57,11966,4372287,47.02,56656,447280,4.81
2022-01-12,60.51,9.45,30.04,7277,6669386,71.72,8303,6013294,64.66,11111,4383398,47.14,44629,491909,5.29
2022-01-13,60.7,9.35,29.94,7509,6676895,71.8,9616,6022910,64.77,11538,4394936,47.26,34761,526670,5.66
2022-01-14,60.79,9.31,29.9,2555,6679450,71.83,4932,6027842,64.82,6140,4401076,47.33,11140,537810,5.78
2022-01-15,60.83,9.29,29.87,1466,6680916,71.84,3166,6031008,64.85,3881,4404957,47.37,5716,543526,5.84
2022-01-16,60.97,9.2,29.82,3818,6684734,71.88,8523,6039531,64.95,7682,4412639,47.45,19990,563516,6.06
2022-01-17,61.09,9.13,29.78,2808,6687542,71.91,7045,6046576,65.02,6167,4418806,47.52,17832,581348,6.25
2022-01-18,61.23,9.07,29.7,2476,6690018,71.94,7383,6053959,65.1,5528,4424334,47.58,14815,596163,6.41
2022-01-19,61.37,8.98,29.65,1914,6691932,71.96,6363,6060322,65.17,4520,4428854,47.63,8460,604623,6.5
2022-01-20,61.44,8.85,29.71,1778,6693710,71.98,6966,6067288,65.24,4789,4433643,47.68,8041,612664,6.59
2022-01-21,61.51,8.81,29.68,905,6694615,71.99,3725,6071013,65.28,2641,4436284,47.71,3358,616022,6.62
2022-01-22,61.51,8.75,29.74,329,6694944,71.99,1461,6072474,65.3,1062,4437346,47.72,1113,617135,6.64
2022-01-23,61.61,8.7,29.69,1067,6696011,72.01,5630,6078104,65.36,2877,4440223,47.75,6082,623217,6.7
2022-01-24,61.73,8.62,29.65,758,6696769,72.01,4481,6082585,65.41,2264,4442487,47.77,5054,628271,6.76
2022-01-25,61.9,8.51,29.59,742,6697511,72.02,4400,6086985,65.46,2178,4444665,47.8,7102,635373,6.83
2022-01-26,62.02,8.42,29.57,614,6698125,72.03,3285,6090270,65.49,1608,4446273,47.81,4261,639634,6.88
2022-01-27,62.12,8.35,29.52,797,6698922,72.04,4406,6094676,65.54,2001,4448274,47.83,5441,645075,6.94
2022-01-28,62.16,8.33,29.5,395,6699317,72.04,2376,6097052,65.56,1174,4449448,47.85,3450,648525,6.97
2022-01-29,62.23,8.29,29.48,124,6699441,72.04,1045,6098097,65.58,424,4449872,47.85,1162,649687,6.99
2022-01-30,62.3,8.24,29.46,769,6700210,72.05,4719,6102816,65.63,2018,4451890,47.87,8098,657785,7.07
2022-01-31,62.39,8.17,29.43,528,6700738,72.06,3184,6106000,65.66,1609,4453499,47.89,6472,664257,7.14
2022-02-01,62.45,8.15,29.4,478,6701216,72.06,2805,6108805,65.69,1522,4455021,47.91,5721,669978,7.2
2022-02-02,62.28,8.13,29.59,374,6701590,72.07,2393,6111198,65.72,1381,4456402,47.92,5074,675052,7.26
2022-02-03,62.34,8.08,29.57,445,6702035,72.07,2775,6113973,65.75,1458,4457860,47.94,5607,680659,7.32
2022-02-04,62.37,8.06,29.57,174,6702209,72.07,990,6114963,65.76,753,4458613,47.95,2455,683114,7.35
2022-02-05,62.34,8.09,29.56,62,6702271,72.07,340,6115303,65.76,217,4458830,47.95,420,683534,7.35
2022-02-06,62.41,8.05,29.55,406,6702677,72.08,2320,6117623,65.79,1343,4460173,47.96,5686,689220,7.41
2022-02-07,62.47,8.01,29.52,282,6702959,72.08,1306,6118929,65.8,982,4461155,47.97,5960,695180,7.48
2022-02-08,62.54,7.97,29.49,317,6703276,72.08,1498,6120427,65.82,1067,4462222,47.98,6137,701317,7.54
2022-02-09,62.6,7.95,29.45,254,6703530,72.09,1102,6121529,65.83,943,4463165,47.99,4570,705887,7.59
2022-02-10,62.63,7.93,29.44,270,6703800,72.09,1293,6122822,65.84,935,4464100,48,4815,710702,7.64
2022-02-11,62.67,7.91,29.42,211,6704011,72.09,557,6123379,65.85,515,4464615,48.01,2539,713241,7.67
2022-02-12,62.67,7.91,29.41,31,6704042,72.09,90,6123469,65.85,129,4464744,48.01,269,713510,7.67
2022-02-13,62.73,7.87,29.39,286,6704328,72.09,946,6124415,65.86,966,4465710,48.02,4998,718508,7.73
2022-02-14,62.89,7.74,29.36,179,6704507,72.1,626,6125041,65.87,754,4466464,48.03,3143,721651,7.76
2022-02-15,62.92,7.73,29.35,266,6704773,72.1,763,6125804,65.87,931,4467395,48.04,3817,725468,7.8
2022-02-16,62.95,7.72,29.34,179,6704952,72.1,577,6126381,65.88,801,4468196,48.05,2487,727955,7.83
2022-02-17,62.96,7.7,29.34,246,6705198,72.1,739,6127120,65.89,771,4468967,48.06,3061,731016,7.86
2022-02-18,62.98,7.69,29.33,131,6705329,72.11,340,6127460,65.89,433,4469400,48.06,1118,732134,7.87
2022-02-19,62.99,7.69,29.32,33,6705362,72.11,83,6127543,65.89,81,4469481,48.06,79,732213,7.87
2022-02-20,63.01,7.67,29.32,202,6705564,72.11,604,6128147,65.9,720,4470201,48.07,2574,734787,7.9
2022-02-21,63.04,7.65,29.31,173,6705737,72.11,412,6128559,65.9,488,4470689,48.08,1542,736329,7.92
2022-02-22,63.05,7.65,29.3,158,6705895,72.11,455,6129014,65.91,565,4471254,48.08,1870,738199,7.94
2022-02-23,63.06,7.65,29.29,108,6706003,72.11,353,6129367,65.91,451,4471705,48.09,1153,739352,7.95
2022-02-24,63.05,7.66,29.29,138,6706141,72.11,460,6129827,65.92,566,4472271,48.09,1492,740844,7.97
2022-02-25,63.06,7.66,29.28,59,6706200,72.12,141,6129968,65.92,188,4472459,48.09,456,741300,7.97
2022-02-26,63.05,7.67,29.28,15,6706215,72.12,28,6129996,65.92,158,4472617,48.1,35,741335,7.97
2022-02-27,63.05,7.67,29.28,112,6706327,72.12,341,6130337,65.92,449,4473066,48.1,1118,742453,7.98
2022-02-28,63.07,7.65,29.28,109,6706436,72.12,271,6130608,65.93,421,4473487,48.11,906,743359,7.99
2022-03-01,63.1,7.63,29.27,95,6706531,72.12,280,6130888,65.93,372,4473859,48.11,797,744156,8
2022-03-02,63.11,7.62,29.27,77,6706608,72.12,199,6131087,65.93,324,4474183,48.11,697,744853,8.01
2022-03-03,63.05,7.67,29.27,156,6706764,72.12,370,6131457,65.93,496,4474679,48.12,986,745839,8.02
2022-03-04,63.05,7.68,29.27,53,6706817,72.12,170,6131627,65.94,166,4474845,48.12,227,746066,8.02
2022-03-05,63.04,7.69,29.27,4,6706821,72.12,25,6131652,65.94,43,4474888,48.12,32,746098,8.02
2022-03-06,63.04,7.69,29.27,98,6706919,72.12,258,6131910,65.94,416,4475304,48.13,760,746858,8.03
2022-03-07,63.05,7.69,29.26,87,6707006,72.12,259,6132169,65.94,347,4475651,48.13,604,747462,8.04
2022-03-08,63.04,7.7,29.26,98,6707104,72.12,263,6132432,65.95,333,4475984,48.13,550,748012,8.04
2022-03-09,63.02,7.72,29.25,89,6707193,72.13,212,6132644,65.95,335,4476319,48.14,492,748504,8.05
2022-03-10,63.01,7.74,29.25,115,6707308,72.13,373,6133017,65.95,427,4476746,48.14,620,749124,8.06
2022-03-11,63,7.75,29.25,24,6707332,72.13,86,6133103,65.95,122,4476868,48.14,144,749268,8.06
2022-03-12,62.98,7.77,29.24,10,6707342,72.13,10,6133113,65.95,31,4476899,48.14,28,749296,8.06
2022-03-13,62.98,7.78,29.24,100,6707442,72.13,271,6133384,65.96,358,4477257,48.15,595,749891,8.06
2022-03-14,62.98,7.78,29.24,65,6707507,72.13,252,6133636,65.96,316,4477573,48.15,559,750450,8.07
2022-03-15,62.95,7.81,29.24,79,6707586,72.13,185,6133821,65.96,293,4477866,48.15,591,751041,8.08
2022-03-16,62.94,7.82,29.24,77,6707663,72.13,205,6134026,65.96,301,4478167,48.16,667,751708,8.08
2022-03-17,62.94,7.82,29.24,65,6707728,72.13,121,6134147,65.96,286,4478453,48.16,613,752321,8.09
2022-03-18,62.94,7.82,29.24,19,6707747,72.13,54,6134201,65.96,100,4478553,48.16,234,752555,8.09
2022-03-19,62.89,7.88,29.23,5,6707752,72.13,10,6134211,65.96,28,4478581,48.16,39,752594,8.09
2022-03-20,62.87,7.89,29.23,119,6707871,72.13,259,6134470,65.97,486,4479067,48.17,1428,754022,8.11
2022-03-21,62.87,7.9,29.23,97,6707968,72.13,247,6134717,65.97,376,4479443,48.17,1132,755154,8.12
2022-03-22,62.84,7.94,29.23,140,6708108,72.14,342,6135059,65.97,506,4479949,48.18,1770,756924,8.14
2022-03-23,62.81,7.97,29.22,108,6708216,72.14,212,6135271,65.98,462,4480411,48.18,1676,758600,8.16
2022-03-24,62.78,8,29.22,174,6708390,72.14,345,6135616,65.98,767,4481178,48.19,2361,760961,8.18
2022-03-25,62.78,8,29.23,38,6708428,72.14,80,6135696,65.98,156,4481334,48.19,629,761590,8.19
2022-03-26,62.77,8,29.22,12,6708440,72.14,13,6135709,65.98,34,4481368,48.19,91,761681,8.19
2022-03-27,62.75,8.02,29.22,165,6708605,72.14,342,6136051,65.98,758,4482126,48.2,3192,764873,8.23
2022-03-28,62.75,8.03,29.22,113,6708718,72.14,270,6136321,65.99,622,4482748,48.21,2416,767289,8.25
2022-03-29,62.7,8.07,29.22,125,6708843,72.14,257,6136578,65.99,640,4483388,48.21,2770,770059,8.28
2022-03-30,62.81,8.11,29.07,132,6708975,72.15,207,6136785,65.99,538,4483926,48.22,2370,772429,8.31
2022-03-31,62.79,8.11,29.1,166,6709141,72.15,302,6137087,66,729,4484655,48.23,2852,775281,8.34
2022-04-01,62.72,8.13,29.15,122,6709263,72.15,160,6137247,66,277,4484932,48.23,584,775865,8.34
2022-04-02,62.69,8.15,29.16,6,6709269,72.15,6,6137253,66,37,4484969,48.23,52,775917,8.34
2022-04-03,62.65,8.16,29.19,159,6709428,72.15,270,6137523,66,569,4485538,48.24,2478,778395,8.37
2022-04-04,62.62,8.16,29.22,103,6709531,72.15,207,6137730,66,483,4486021,48.24,2222,780617,8.39
2022-04-05,62.57,8.19,29.25,122,6709653,72.15,219,6137949,66,513,4486534,48.25,2242,782859,8.42
2022-04-06,62.55,8.2,29.25,92,6709745,72.15,155,6138104,66.01,381,4486915,48.25,2019,784878,8.44
2022-04-07,62.56,8.2,29.24,191,6709936,72.16,215,6138319,66.01,641,4487556,48.26,2554,787432,8.47
2022-04-08,62.54,8.22,29.23,30,6709966,72.16,59,6138378,66.01,153,4487709,48.26,478,787910,8.47
2022-04-09,62.52,8.25,29.23,6,6709972,72.16,17,6138395,66.01,26,4487735,48.26,46,787956,8.47
2022-04-10,62.51,8.26,29.23,103,6710075,72.16,264,6138659,66.01,429,4488164,48.26,1845,789801,8.49
2022-04-11,62.54,8.26,29.2,78,6710153,72.16,201,6138860,66.01,370,4488534,48.27,1425,791226,8.51
2022-04-12,62.58,8.29,29.12,204,6710357,72.16,168,6139028,66.02,373,4488907,48.27,1360,792586,8.52
2022-04-13,62.58,8.31,29.1,119,6710476,72.16,150,6139178,66.02,296,4489203,48.27,1217,793803,8.54
2022-04-14,62.57,8.33,29.1,85,6710561,72.16,221,6139399,66.02,320,4489523,48.28,1068,794871,8.55
2022-04-15,62.55,8.35,29.1,9,6710570,72.16,51,6139450,66.02,47,4489570,48.28,82,794953,8.55
2022-04-16,62.53,8.37,29.1,3,6710573,72.16,8,6139458,66.02,21,4489591,48.28,29,794982,8.55
2022-04-17,62.52,8.38,29.1,62,6710635,72.16,131,6139589,66.02,229,4489820,48.28,807,795789,8.56
2022-04-18,62.51,8.38,29.1,69,6710704,72.16,107,6139696,66.02,252,4490072,48.28,749,796538,8.57
2022-04-19,62.5,8.4,29.1,60,6710764,72.16,144,6139840,66.02,273,4490345,48.29,841,797379,8.57
2022-04-20,62.48,8.42,29.1,60,6710824,72.16,117,6139957,66.03,235,4490580,48.29,654,798033,8.58
2022-04-21,62.47,8.43,29.1,53,6710877,72.17,107,6140064,66.03,195,4490775,48.29,479,798512,8.59
2022-04-22,62.45,8.44,29.11,2,6710879,72.17,16,6140080,66.03,19,4490794,48.29,19,798531,8.59
2022-04-23,62.43,8.46,29.11,6,6710885,72.17,9,6140089,66.03,14,4490808,48.29,13,798544,8.59
2022-04-24,62.43,8.47,29.1,92,6710977,72.17,250,6140339,66.03,329,4491137,48.3,870,799414,8.6
2022-04-25,62.43,8.47,29.1,105,6711082,72.17,191,6140530,66.03,315,4491452,48.3,738,800152,8.6
2022-04-26,62.42,8.48,29.1,75,6711157,72.17,175,6140705,66.03,303,4491755,48.3,787,800939,8.61
2022-04-27,62.41,8.49,29.1,54,6711211,72.17,160,6140865,66.04,227,4491982,48.3,640,801579,8.62
2022-04-28,62.41,8.5,29.1,96,6711307,72.17,232,6141097,66.04,328,4492310,48.31,869,802448,8.63
2022-04-29,62.39,8.51,29.1,112,6711419,72.17,159,6141256,66.04,183,4492493,48.31,195,802643,8.63
2022-04-30,62.38,8.52,29.1,1,6711420,72.17,3,6141259,66.04,24,4492517,48.31,22,802665,8.63
2022-05-01,62.38,8.53,29.09,135,6711555,72.17,185,6141444,66.04,316,4492833,48.31,630,803295,8.64
2022-05-02,62.37,8.54,29.09,62,6711617,72.17,153,6141597,66.04,235,4493068,48.32,489,803784,8.64
2022-05-03,62.36,8.55,29.09,72,6711689,72.17,151,6141748,66.05,288,4493356,48.32,506,804290,8.65
2022-05-04,62.35,8.57,29.08,23,6711712,72.17,55,6141803,66.05,63,4493419,48.32,126,804416,8.65
2022-05-05,62.34,8.58,29.08,4,6711716,72.17,1,6141804,66.05,7,4493426,48.32,13,804429,8.65
2022-05-06,62.33,8.59,29.08,19,6711735,72.17,59,6141863,66.05,64,4493490,48.32,151,804580,8.65
2022-05-07,62.32,8.6,29.08,1,6711736,72.17,7,6141870,66.05,26,4493516,48.32,24,804604,8.65
2022-05-08,62.31,8.61,29.08,118,6711854,72.18,207,6142077,66.05,270,4493786,48.32,457,805061,8.66
2022-05-09,62.31,8.61,29.08,59,6711913,72.18,162,6142239,66.05,251,4494037,48.33,504,805565,8.66
2022-05-10,62.3,8.62,29.08,130,6712043,72.18,169,6142408,66.05,260,4494297,48.33,508,806073,8.67
2022-05-11,62.3,8.63,29.08,58,6712101,72.18,116,6142524,66.05,182,4494479,48.33,464,806537,8.67
2022-05-12,62.29,8.64,29.07,119,6712220,72.18,200,6142724,66.06,277,4494756,48.33,664,807201,8.68
2022-05-13,62.28,8.65,29.07,11,6712231,72.18,42,6142766,66.06,71,4494827,48.34,110,807311,8.68
2022-05-14,62.26,8.66,29.07,6,6712237,72.18,12,6142778,66.06,10,4494837,48.34,22,807333,8.68
2022-05-15,62.26,8.67,29.07,89,6712326,72.18,175,6142953,66.06,245,4495082,48.34,665,807998,8.69
2022-05-16,62.19,8.65,29.16,68,6712394,72.18,141,6143094,66.06,230,4495312,48.34,508,808506,8.69
2022-05-17,62.18,8.66,29.16,73,6712467,72.18,153,6143247,66.06,268,4495580,48.34,617,809123,8.7
2022-05-18,62.17,8.67,29.16,43,6712510,72.18,99,6143346,66.06,169,4495749,48.35,445,809568,8.71
2022-05-19,62.16,8.68,29.16,64,6712574,72.18,170,6143516,66.06,212,4495961,48.35,499,810067,8.71
2022-05-20,62.15,8.69,29.16,75,6712649,72.18,114,6143630,66.07,127,4496088,48.35,138,810205,8.71
2022-05-21,62.14,8.7,29.16,4,6712653,72.18,7,6143637,66.07,13,4496101,48.35,18,810223,8.71
2022-05-22,62.14,8.71,29.16,87,6712740,72.19,188,6143825,66.07,216,4496317,48.35,426,810649,8.72
2022-05-23,62.14,8.71,29.16,64,6712804,72.19,120,6143945,66.07,155,4496472,48.35,344,810993,8.72
2022-05-24,62.13,8.71,29.15,43,6712847,72.19,119,6144064,66.07,156,4496628,48.35,394,811387,8.73
2022-05-25,62.12,8.72,29.15,61,6712908,72.19,103,6144167,66.07,165,4496793,48.36,337,811724,8.73
2022-05-26,62.11,8.73,29.16,72,6712980,72.19,136,6144303,66.07,184,4496977,48.36,348,812072,8.73
2022-05-27,62.1,8.74,29.16,12,6712992,72.19,29,6144332,66.07,43,4497020,48.36,59,812131,8.73
2022-05-28,62.09,8.75,29.16,2,6712994,72.19,4,6144336,66.07,7,4497027,48.36,12,812143,8.73
2022-05-29,62.09,8.75,29.16,89,6713083,72.19,152,6144488,66.07,163,4497190,48.36,314,812457,8.74
2022-05-30,62.09,8.76,29.16,56,6713139,72.19,133,6144621,66.08,125,4497315,48.36,291,812748,8.74
2022-05-31,62.07,8.78,29.15,45,6713184,72.19,104,6144725,66.08,153,4497468,48.36,351,813099,8.74
2022-06-01,61.95,8.9,29.16,63,6713247,72.19,90,6144815,66.08,117,4497585,48.36,276,813375,8.75
2022-06-02,45.96,24.88,29.15,77,6713324,72.19,156,6144971,66.08,176,4497761,48.37,255,813630,8.75
2022-06-03,45.9,24.95,29.16,10,6713334,72.19,23,6144994,66.08,21,4497782,48.37,33,813663,8.75
2022-06-04,45.84,25,29.16,0,6713334,72.19,7,6145001,66.08,8,4497790,48.37,5,813668,8.75
2022-06-05,45.8,25.05,29.16,11,6713345,72.19,14,6145015,66.08,7,4497797,48.37,2,813670,8.75
2022-06-06,39.96,30.89,29.16,58,6713403,72.19,144,6145159,66.08,162,4497959,48.37,261,813931,8.75
2022-06-07,39.92,30.93,29.15,54,6713457,72.19,134,6145293,66.08,141,4498100,48.37,375,814306,8.76
2022-06-08,39.89,30.96,29.15,57,6713514,72.19,105,6145398,66.08,130,4498230,48.37,497,814803,8.76
2022-06-09,39.86,30.99,29.15,84,6713598,72.19,206,6145604,66.09,234,4498464,48.37,641,815444,8.77
2022-06-10,39.83,31.02,29.15,14,6713612,72.19,51,6145655,66.09,59,4498523,48.37,141,815585,8.77
2022-06-11,39.8,31.05,29.15,0,6713612,72.19,3,6145658,66.09,7,4498530,48.38,19,815604,8.77
2022-06-12,39.8,31.05,29.15,109,6713721,72.2,199,6145857,66.09,191,4498721,48.38,767,816371,8.78
2022-06-13,39.81,31.04,29.15,81,6713802,72.2,142,6145999,66.09,166,4498887,48.38,625,816996,8.79
2022-06-14,39.79,31.06,29.15,116,6713918,72.2,173,6146172,66.09,208,4499095,48.38,759,817755,8.79
2022-06-15,39.78,31.08,29.15,71,6713989,72.2,141,6146313,66.09,207,4499302,48.38,699,818454,8.8
2022-06-16,39.74,31.11,29.14,94,6714083,72.2,136,6146449,66.1,217,4499519,48.39,742,819196,8.81
2022-06-17,39.72,31.14,29.15,16,6714099,72.2,63,6146512,66.1,52,4499571,48.39,123,819319,8.81
2022-06-18,39.68,31.17,29.14,3,6714102,72.2,4,6146516,66.1,11,4499582,48.39,15,819334,8.81
2022-06-19,39.53,31.33,29.15,115,6714217,72.2,207,6146723,66.1,317,4499899,48.39,877,820211,8.82
2022-06-20,33.92,36.85,29.23,99,6714316,72.2,152,6146875,66.1,307,4500206,48.39,922,821133,8.83
2022-06-21,33.58,37.19,29.23,94,6714410,72.2,154,6147029,66.1,375,4500581,48.4,1229,822362,8.84
2022-06-22,33.28,37.49,29.23,110,6714520,72.2,135,6147164,66.1,339,4500920,48.4,894,823256,8.85
2022-06-23,32.84,37.92,29.23,133,6714653,72.21,217,6147381,66.11,524,4501444,48.41,1146,824402,8.87
2022-06-24,32.43,38.34,29.24,19,6714672,72.21,35,6147416,66.11,110,4501554,48.41,207,824609,8.87
2022-06-25,32.04,38.72,29.24,1,6714673,72.21,3,6147419,66.11,12,4501566,48.41,16,824625,8.87
2022-06-26,31.63,39.13,29.24,107,6714780,72.21,158,6147577,66.11,379,4501945,48.41,933,825558,8.88
2022-06-27,31.29,39.47,29.24,86,6714866,72.21,172,6147749,66.11,391,4502336,48.42,1028,826586,8.89
2022-06-28,30.86,39.91,29.24,84,6714950,72.21,151,6147900,66.11,362,4502698,48.42,932,827518,8.9
2022-06-29,30.48,40.28,29.24,76,6715026,72.21,107,6148007,66.11,264,4502962,48.42,815,828333,8.91
2022-06-30,30.05,40.71,29.24,86,6715112,72.21,165,6148172,66.11,356,4503318,48.43,1057,829390,8.92
2022-07-01,29.62,41.14,29.24,21,6715133,72.21,28,6148200,66.11,55,4503373,48.43,79,829469,8.92
2022-07-02,29.2,41.56,29.24,1,6715134,72.21,2,6148202,66.11,8,4503381,48.43,18,829487,8.92
2022-07-03,28.81,41.95,29.24,100,6715234,72.21,177,6148379,66.12,321,4503702,48.43,637,830124,8.93
2022-07-04,28.5,42.26,29.24,76,6715310,72.21,140,6148519,66.12,278,4503980,48.43,748,830872,8.93
2022-07-05,28.06,42.7,29.24,59,6715369,72.21,142,6148661,66.12,302,4504282,48.44,688,831560,8.94
2022-07-06,27.39,43.37,29.24,78,6715447,72.21,124,6148785,66.12,211,4504493,48.44,644,832204,8.95
2022-07-07,26.48,44.28,29.24,82,6715529,72.22,163,6148948,66.12,267,4504760,48.44,721,832925,8.96
2022-07-08,25.47,45.29,29.24,17,6715546,72.22,33,6148981,66.12,68,4504828,48.44,131,833056,8.96
2022-07-09,24.42,46.34,29.24,0,6715546,72.22,1,6148982,66.12,2,4504830,48.44,1,833057,8.96
2022-07-10,23.77,46.99,29.24,88,6715634,72.22,164,6149146,66.12,229,4505059,48.45,470,833527,8.96
2022-07-11,23.22,47.54,29.24,64,6715698,72.22,140,6149286,66.13,247,4505306,48.45,573,834100,8.97
2022-07-12,22.13,48.63,29.24,69,6715767,72.22,128,6149414,66.13,207,4505513,48.45,557,834657,8.98
2022-07-13,21.1,49.66,29.24,43,6715810,72.22,101,6149515,66.13,164,4505677,48.45,488,835145,8.98
2022-07-14,20.12,50.63,29.24,69,6715879,72.22,147,6149662,66.13,209,4505886,48.45,512,835657,8.99
2022-07-15,19.27,51.48,29.25,64,6715943,72.22,86,6149748,66.13,127,4506013,48.46,166,835823,8.99
2022-07-16,18.29,52.46,29.25,0,6715943,72.22,6,6149754,66.13,7,4506020,48.46,7,835830,8.99
2022-07-17,17.83,52.92,29.25,76,6716019,72.22,183,6149937,66.13,241,4506261,48.46,468,836298,8.99
2022-07-18,17.48,53.26,29.26,62,6716081,72.22,158,6150095,66.14,206,4506467,48.46,511,836809,9
2022-07-19,16.77,53.97,29.26,61,6716142,72.22,147,6150242,66.14,174,4506641,48.46,368,837177,9
2022-07-20,16.09,54.64,29.26,52,6716194,72.22,133,6150375,66.14,136,4506777,48.46,422,837599,9.01
2022-07-21,15.43,55.3,29.27,61,6716255,72.22,158,6150533,66.14,176,4506953,48.47,341,837940,9.01
2022-07-22,14.64,56.08,29.28,10,6716265,72.22,36,6150569,66.14,43,4506996,48.47,56,837996,9.01
2022-07-23,14.17,56.55,29.28,0,6716265,72.22,4,6150573,66.14,4,4507000,48.47,9,838005,9.01
2022-07-24,13.55,57.16,29.29,58,6716323,72.22,128,6150701,66.14,196,4507196,48.47,364,838369,9.02
2022-07-25,13.09,57.61,29.3,48,6716371,72.22,107,6150808,66.14,172,4507368,48.47,336,838705,9.02
2022-07-26,12.46,58.23,29.3,47,6716418,72.22,99,6150907,66.14,110,4507478,48.47,270,838975,9.02
2022-07-27,11.89,58.8,29.31,44,6716462,72.23,124,6151031,66.15,131,4507609,48.47,242,839217,9.02
2022-07-28,11.35,59.34,29.31,62,6716524,72.23,142,6151173,66.15,147,4507756,48.47,220,839437,9.03
2022-07-29,10.85,59.83,29.32,10,6716534,72.23,25,6151198,66.15,27,4507783,48.47,30,839467,9.03
2022-07-30,10.34,60.33,29.33,0,6716534,72.23,0,6151198,66.15,1,4507784,48.47,1,839468,9.03
2022-07-31,9.97,60.7,29.33,56,6716590,72.23,134,6151332,66.15,131,4507915,48.48,252,839720,9.03
2022-08-01,9.47,61.19,29.34,54,6716644,72.23,75,6151407,66.15,88,4508003,48.48,152,839872,9.03
2022-08-02,8.92,61.73,29.35,111,6716755,72.23,119,6151526,66.15,155,4508158,48.48,264,840136,9.03
2022-08-03,8.46,62.19,29.35,76,6716831,72.23,71,6151597,66.15,92,4508250,48.48,178,840314,9.04
2022-08-04,8.04,62.61,29.36,133,6716964,72.23,133,6151730,66.15,111,4508361,48.48,246,840560,9.04
2022-08-05,7.71,62.93,29.36,30,6716994,72.23,23,6151753,66.15,13,4508374,48.48,23,840583,9.04
2022-08-06,7.32,63.32,29.36,1,6716995,72.23,2,6151755,66.15,1,4508375,48.48,5,840588,9.04
2022-08-07,6.92,63.71,29.37,89,6717084,72.23,97,6151852,66.15,68,4508443,48.48,169,840757,9.04
2022-08-08,6.74,63.89,29.37,76,6717160,72.23,95,6151947,66.16,122,4508565,48.48,172,840929,9.04
2022-08-09,6.25,64.37,29.38,96,6717256,72.23,88,6152035,66.16,99,4508664,48.48,213,841142,9.05
2022-08-10,5.91,64.71,29.38,77,6717333,72.23,58,6152093,66.16,75,4508739,48.48,115,841257,9.05
2022-08-11,5.59,65.03,29.38,54,6717387,72.24,101,6152194,66.16,91,4508830,48.49,155,841412,9.05
2022-08-12,5.35,65.27,29.38,8,6717395,72.24,12,6152206,66.16,17,4508847,48.49,28,841440,9.05
2022-08-13,5.1,65.52,29.38,0,6717395,72.24,2,6152208,66.16,2,4508849,48.49,3,841443,9.05
2022-08-14,4.87,65.75,29.39,74,6717469,72.24,75,6152283,66.16,82,4508931,48.49,150,841593,9.05
2022-08-15,4.74,65.87,29.39,68,6717537,72.24,81,6152364,66.16,93,4509024,48.49,143,841736,9.05
2022-08-16,4.46,66.15,29.39,82,6717619,72.24,84,6152448,66.16,84,4509108,48.49,187,841923,9.05
2022-08-17,4.16,66.44,29.39,48,6717667,72.24,55,6152503,66.16,36,4509144,48.49,114,842037,9.05
2022-08-18,3.98,66.63,29.39,67,6717734,72.24,93,6152596,66.16,120,4509264,48.49,173,842210,9.06
2022-08-19,3.83,66.78,29.39,78,6717812,72.24,67,6152663,66.16,56,4509320,48.49,38,842248,9.06
2022-08-20,3.67,66.94,29.39,1,6717813,72.24,1,6152664,66.16,3,4509323,48.49,3,842251,9.06
2022-08-21,3.52,67.08,29.4,51,6717864,72.24,85,6152749,66.16,84,4509407,48.49,194,842445,9.06
2022-08-22,3.44,67.16,29.4,89,6717953,72.24,74,6152823,66.16,103,4509510,48.49,143,842588,9.06
2022-08-23,3.27,67.33,29.4,72,6718025,72.24,106,6152929,66.17,84,4509594,48.49,180,842768,9.06
2022-08-24,3.15,67.46,29.4,38,6718063,72.24,80,6153009,66.17,48,4509642,48.49,133,842901,9.06
2022-08-25,3.03,67.57,29.4,53,6718116,72.24,75,6153084,66.17,97,4509739,48.5,193,843094,9.07
2022-08-26,2.94,67.66,29.4,4,6718120,72.24,15,6153099,66.17,9,4509748,48.5,14,843108,9.07
2022-08-27,2.84,67.76,29.4,0,6718120,72.24,0,6153099,66.17,0,4509748,48.5,0,843108,9.07
2022-08-28,2.75,67.85,29.4,55,6718175,72.24,80,6153179,66.17,85,4509833,48.5,102,843210,9.07
2022-08-29,2.69,67.91,29.4,48,6718223,72.24,68,6153247,66.17,89,4509922,48.5,107,843317,9.07
2022-08-30,2.6,68,29.4,85,6718308,72.25,112,6153359,66.17,85,4510007,48.5,130,843447,9.07
2022-08-31,2.53,68.07,29.4,42,6718350,72.25,88,6153447,66.17,70,4510077,48.5,95,843542,9.07
2022-09-01,2.46,68.14,29.4,29,6718379,72.25,84,6153531,66.17,58,4510135,48.5,113,843655,9.07
2022-09-02,2.4,68.2,29.4,6,6718385,72.25,20,6153551,66.17,13,4510148,48.5,10,843665,9.07
2022-09-03,2.33,68.27,29.4,2,6718387,72.25,0,6153551,66.17,3,4510151,48.5,1,843666,9.07
2022-09-04,2.27,68.32,29.4,60,6718447,72.25,132,6153683,66.17,80,4510231,48.5,121,843787,9.07
2022-09-05,2.23,68.37,29.4,44,6718491,72.25,77,6153760,66.17,58,4510289,48.5,89,843876,9.07
2022-09-06,2.17,68.42,29.4,60,6718551,72.25,104,6153864,66.18,78,4510367,48.5,130,844006,9.08
2022-09-07,2.12,68.47,29.4,27,6718578,72.25,63,6153927,66.18,53,4510420,48.5,94,844100,9.08
2022-09-08,2.07,68.53,29.4,50,6718628,72.25,101,6154028,66.18,70,4510490,48.5,77,844177,9.08
2022-09-09,2.03,68.57,29.4,10,6718638,72.25,21,6154049,66.18,16,4510506,48.5,16,844193,9.08
2022-09-10,1.97,68.62,29.4,0,6718638,72.25,0,6154049,66.18,5,4510511,48.5,2,844195,9.08
2022-09-11,1.92,68.67,29.41,37,6718675,72.25,117,6154166,66.18,78,4510589,48.5,115,844310,9.08
2022-09-12,1.88,68.71,29.41,24,6718699,72.25,72,6154238,66.18,52,4510641,48.51,68,844378,9.08
2022-09-13,1.82,68.77,29.41,44,6718743,72.25,112,6154350,66.18,54,4510695,48.51,103,844481,9.08
2022-09-14,1.78,68.82,29.41,21,6718764,72.25,64,6154414,66.18,53,4510748,48.51,62,844543,9.08
2022-09-15,1.73,68.86,29.41,31,6718795,72.25,77,6154491,66.18,63,4510811,48.51,107,844650,9.08
2022-09-16,1.7,68.89,29.41,48,6718843,72.25,52,6154543,66.18,27,4510838,48.51,28,844678,9.08
2022-09-17,1.66,68.93,29.41,2,6718845,72.25,0,6154543,66.18,1,4510839,48.51,0,844678,9.08
2022-09-18,1.63,68.96,29.41,26,6718871,72.25,66,6154609,66.18,52,4510891,48.51,114,844792,9.08
2022-09-19,1.61,68.98,29.41,27,6718898,72.25,74,6154683,66.18,44,4510935,48.51,57,844849,9.09
2022-09-20,1.56,69.03,29.41,41,6718939,72.25,93,6154776,66.19,75,4511010,48.51,102,844951,9.09
2022-09-21,1.55,69.05,29.41,22,6718961,72.25,55,6154831,66.19,31,4511041,48.51,67,845018,9.09
2022-09-22,1.52,69.07,29.4,42,6719003,72.25,62,6154893,66.19,49,4511090,48.51,306,845324,9.09
2022-09-23,1.5,69.1,29.41,22,6719025,72.25,29,6154922,66.19,34,4511124,48.51,248,845572,9.09
2022-09-24,1.47,69.13,29.41,0,6719025,72.25,0,6154922,66.19,0,4511124,48.51,0,845572,9.09
2022-09-25,1.46,69.13,29.41,9,6719034,72.25,24,6154946,66.19,28,4511152,48.51,222,845794,9.1
2022-09-26,1.46,69.13,29.41,3,6719037,72.25,16,6154962,66.19,30,4511182,48.51,64,845858,9.1
2022-09-27,1.42,69.17,29.41,2,6719039,72.25,1,6154963,66.19,4,4511186,48.51,8,845866,9.1
2022-09-28,1.39,69.21,29.41,38,6719077,72.25,52,6155015,66.19,94,4511280,48.51,710,846576,9.1
2022-09-29,1.37,69.22,29.41,77,6719154,72.25,92,6155107,66.19,111,4511391,48.51,905,847481,9.11
2022-09-30,1.35,69.24,29.41,8,6719162,72.25,18,6155125,66.19,16,4511407,48.51,289,847770,9.12
2022-10-01,1.31,69.29,29.41,0,6719162,72.25,2,6155127,66.19,0,4511407,48.51,7,847777,9.12
2022-10-02,1.31,69.29,29.41,40,6719202,72.25,74,6155201,66.19,112,4511519,48.51,857,848634,9.13
2022-10-03,1.31,69.28,29.4,45,6719247,72.26,46,6155247,66.19,89,4511608,48.52,879,849513,9.14
2022-10-04,1.27,69.32,29.4,9,6719256,72.26,14,6155261,66.19,21,4511629,48.52,244,849757,9.14
2022-10-05,1.28,69.31,29.4,0,6719256,72.26,0,6155261,66.19,0,4511629,48.52,0,849757,9.14
2022-10-06,1.31,69.28,29.4,38,6719294,72.26,73,6155334,66.19,128,4511757,48.52,1271,851028,9.15
2022-10-07,1.3,69.29,29.41,8,6719302,72.26,10,6155344,66.19,16,4511773,48.52,247,851275,9.15
2022-10-08,1.26,69.33,29.41,0,6719302,72.26,0,6155344,66.19,0,4511773,48.52,0,851275,9.15
2022-10-09,1.31,69.28,29.41,10,6719312,72.26,27,6155371,66.19,45,4511818,48.52,431,851706,9.16
2022-10-10,1.38,69.22,29.4,5,6719317,72.26,5,6155376,66.19,2,4511820,48.52,13,851719,9.16
2022-10-11,1.36,69.24,29.4,33,6719350,72.26,70,6155446,66.19,102,4511922,48.52,856,852575,9.17
2022-10-12,1.34,69.26,29.4,37,6719387,72.26,45,6155491,66.19,90,4512012,48.52,926,853501,9.18
2022-10-13,1.4,69.2,29.4,28,6719415,72.26,29,6155520,66.19,48,4512060,48.52,719,854220,9.19
2022-10-14,1.4,69.2,29.4,7,6719422,72.26,9,6155529,66.19,27,4512087,48.52,257,854477,9.19
2022-10-15,1.38,69.22,29.4,0,6719422,72.26,0,6155529,66.19,0,4512087,48.52,2,854479,9.19
2022-10-16,1.39,69.2,29.4,9,6719431,72.26,14,6155543,66.19,38,4512125,48.52,383,854862,9.19
2022-10-17,1.39,69.2,29.4,1,6719432,72.26,2,6155545,66.19,2,4512127,48.52,8,854870,9.19
2022-10-18,1.43,69.17,29.4,38,6719470,72.26,66,6155611,66.19,107,4512234,48.52,938,855808,9.2
2022-10-19,1.47,69.12,29.4,41,6719511,72.26,56,6155667,66.2,109,4512343,48.52,1185,856993,9.22
2022-10-20,1.5,69.1,29.4,69,6719580,72.26,76,6155743,66.2,145,4512488,48.53,1051,858044,9.23
2022-10-21,1.5,69.09,29.4,7,6719587,72.26,16,6155759,66.2,24,4512512,48.53,273,858317,9.23
2022-10-22,1.49,69.1,29.4,0,6719587,72.26,0,6155759,66.2,1,4512513,48.53,1,858318,9.23
2022-10-23,1.51,69.08,29.4,48,6719635,72.26,60,6155819,66.2,95,4512608,48.53,845,859163,9.24
2022-10-24,1.51,69.08,29.41,63,6719698,72.26,47,6155866,66.2,103,4512711,48.53,751,859914,9.25
2022-10-25,1.55,69.04,29.4,41,6719739,72.26,63,6155929,66.2,128,4512839,48.53,1115,861029,9.26
2022-10-26,1.61,68.99,29.4,54,6719793,72.26,59,6155988,66.2,99,4512938,48.53,1193,862222,9.27
2022-10-27,1.67,68.93,29.4,65,6719858,72.26,68,6156056,66.2,140,4513078,48.53,1312,863534,9.29
2022-10-28,1.67,68.93,29.4,50,6719908,72.26,57,6156113,66.2,58,4513136,48.53,376,863910,9.29
2022-10-29,1.66,68.94,29.4,0,6719908,72.26,0,6156113,66.2,0,4513136,48.53,9,863919,9.29
2022-10-30,1.71,68.89,29.4,37,6719945,72.26,50,6156163,66.2,133,4513269,48.53,999,864918,9.3
2022-10-31,1.76,68.84,29.4,40,6719985,72.26,51,6156214,66.2,151,4513420,48.54,1043,865961,9.31
2022-11-01,1.82,68.78,29.4,3,6719988,72.26,6,6156220,66.2,18,4513438,48.54,149,866110,9.31
2022-11-02,1.88,68.72,29.4,50,6720038,72.26,34,6156254,66.2,128,4513566,48.54,1045,867155,9.33
2022-11-03,1.96,68.64,29.4,38,6720076,72.26,47,6156301,66.2,130,4513696,48.54,1116,868271,9.34
2022-11-04,1.98,68.63,29.4,5,6720081,72.26,11,6156312,66.2,26,4513722,48.54,305,868576,9.34
2022-11-05,1.97,68.63,29.4,0,6720081,72.26,0,6156312,66.2,1,4513723,48.54,3,868579,9.34
2022-11-06,2.03,68.57,29.4,64,6720145,72.27,58,6156370,66.2,132,4513855,48.54,1188,869767,9.35
2022-11-07,2.1,68.51,29.4,36,6720181,72.27,33,6156403,66.2,115,4513970,48.54,1266,871033,9.37
2022-11-08,2.1,68.5,29.4,60,6720241,72.27,51,6156454,66.2,133,4514103,48.54,1108,872141,9.38
2022-11-09,2.16,68.45,29.4,36,6720277,72.27,49,6156503,66.2,130,4514233,48.54,1305,873446,9.39
2022-11-10,2.22,68.39,29.4,48,6720325,72.27,50,6156553,66.2,117,4514350,48.55,1690,875136,9.41
2022-11-11,2.23,68.37,29.4,6,6720331,72.27,26,6156579,66.2,29,4514379,48.55,511,875647,9.42
2022-11-12,2.22,68.38,29.4,1,6720332,72.27,0,6156579,66.2,2,4514381,48.55,16,875663,9.42
2022-11-13,2.29,68.31,29.4,44,6720376,72.27,50,6156629,66.21,142,4514523,48.55,1190,876853,9.43
2022-11-14,2.37,68.23,29.4,49,6720425,72.27,49,6156678,66.21,151,4514674,48.55,1454,878307,9.44
2022-11-15,2.43,68.17,29.4,72,6720497,72.27,59,6156737,66.21,162,4514836,48.55,1469,879776,9.46
2022-11-16,2.5,68.1,29.4,52,6720549,72.27,57,6156794,66.21,143,4514979,48.55,1535,881311,9.48
2022-11-17,2.59,68.01,29.4,58,6720607,72.27,76,6156870,66.21,178,4515157,48.55,1659,882970,9.5
2022-11-18,2.61,67.99,29.4,23,6720630,72.27,35,6156905,66.21,64,4515221,48.55,681,883651,9.5
2022-11-19,2.6,68,29.4,0,6720630,72.27,0,6156905,66.21,0,4515221,48.55,3,883654,9.5
2022-11-20,2.67,67.93,29.4,24,6720654,72.27,22,6156927,66.21,71,4515292,48.56,718,884372,9.51
