Date,Valid vaccinated pop. perc.,Expired vaccinated pop. perc.,Not vaccinated pop. perc.,Vaccinated (daily),Vaccinated (cumu),Vaccinated pop. perc.,Second dose (daily),Second dose (cumu),Second dose pop. perc.,Third dose (daily),Third dose (cumu),Third dose pop. perc.,Fourth dose (daily),Fourth dose (cumu),Fourth dose pop. perc.
2020-12-19,0,0,100,46,70,0,0,4,0,0,0,0,0,0,0
2020-12-20,0,0,100,7395,7465,0.08,0,4,0,0,0,0,0,0,0
2020-12-21,0,0,100,24923,32388,0.35,0,4,0,0,0,0,0,0,0
2020-12-22,0,0,100,44668,77056,0.83,0,4,0,0,0,0,0,0,0
2020-12-23,0,0,100,62918,139974,1.51,0,4,0,0,0,0,0,0,0
2020-12-24,0,0,100,73429,213403,2.29,0,4,0,0,0,0,0,0,0
2020-12-25,0,0,100,38517,251920,2.71,0,4,0,0,0,0,0,0,0
2020-12-26,0,0,100,32617,284537,3.06,0,4,0,0,0,0,0,0,0
2020-12-27,0,0,100,104571,389108,4.18,0,4,0,0,0,0,0,0,0
2020-12-28,0,0,100,135039,524147,5.64,0,4,0,0,0,0,0,0,0
2020-12-29,0,0,100,156334,680481,7.32,2,6,0,0,0,0,0,0,0
2020-12-30,0,0,100,153184,833665,8.96,0,6,0,0,0,0,0,0,0
2020-12-31,0,0,100,158590,992255,10.67,0,6,0,0,0,0,0,0,0
2021-01-01,0,0,100,71435,1063690,11.44,0,6,0,0,0,0,0,0,0
2021-01-02,0,0,100,71743,1135433,12.21,0,6,0,0,0,0,0,0,0
2021-01-03,0,0,100,149762,1285195,13.82,0,6,0,0,0,0,0,0,0
2021-01-04,0,0,100,152201,1437396,15.46,1,7,0,0,0,0,0,0,0
2021-01-05,0,0,100,125218,1562614,16.8,4,11,0,0,0,0,0,0,0
2021-01-06,0,0,100,103370,1665984,17.92,2,13,0,0,0,0,0,0,0
2021-01-07,0,0,100,116063,1782047,19.16,9,22,0,0,0,0,0,0,0
2021-01-08,0,0,100,66462,1848509,19.88,5,27,0,0,0,0,0,0,0
2021-01-09,0,0,100,44552,1893061,20.36,24,51,0,0,0,0,0,0,0
2021-01-10,0,0,100,37648,1930709,20.76,6000,6051,0.07,0,0,0,0,0,0
2021-01-11,0,0,100,21174,1951883,20.99,19264,25315,0.27,0,0,0,0,0,0
2021-01-12,0,0,100,24075,1975958,21.25,35674,60989,0.66,0,0,0,0,0,0
2021-01-13,0,0,100,52076,2028034,21.81,56874,117863,1.27,0,0,0,0,0,0
2021-01-14,0,0,100,56477,2084511,22.42,68838,186701,2.01,0,0,0,0,0,0
2021-01-15,0,0,100,30775,2115286,22.75,35942,222643,2.39,0,0,0,0,0,0
2021-01-16,0,0,100,29481,2144767,23.06,26006,248649,2.67,0,0,0,0,0,0
2021-01-17,0.31,0,99.69,68441,2213208,23.8,84596,333245,3.58,0,0,0,0,0,0
2021-01-18,0.58,0,99.42,69817,2283025,24.55,120436,453681,4.88,0,0,0,0,0,0
2021-01-19,1.09,0,98.91,72896,2355921,25.33,137847,591528,6.36,0,0,0,0,0,0
2021-01-20,1.9,0,98.1,76919,2432840,26.16,143763,735291,7.91,0,0,0,0,0,0
2021-01-21,2.88,0,97.12,70000,2502840,26.91,164472,899763,9.68,0,0,0,0,0,0
2021-01-22,3.39,0,96.61,37928,2540768,27.32,71131,970894,10.44,0,0,0,0,0,0
2021-01-23,3.77,0,96.23,39965,2580733,27.75,53595,1024489,11.02,0,0,0,0,0,0
2021-01-24,4.96,0,95.04,69146,2649879,28.5,140706,1165195,12.53,0,0,0,0,0,0
2021-01-25,6.61,0,93.39,80943,2730822,29.37,139519,1304714,14.03,0,0,0,0,0,0
2021-01-26,8.45,0,91.55,78730,2809552,30.21,126444,1431158,15.39,0,0,0,0,0,0
2021-01-27,10.34,0,89.66,77978,2887530,31.05,125068,1556226,16.73,0,0,0,0,0,0
2021-01-28,12.43,0,87.57,79569,2967099,31.91,130630,1686856,18.14,0,0,0,0,0,0
2021-01-29,13.34,0,86.66,36704,3003803,32.3,64792,1751648,18.84,0,0,0,0,0,0
2021-01-30,14.02,0,85.98,34394,3038197,32.67,42767,1794415,19.3,0,0,0,0,0,0
2021-01-31,15.76,0,84.24,73330,3111527,33.46,59503,1853918,19.94,0,0,0,0,0,0
2021-02-01,17.48,0,82.52,82510,3194037,34.35,35356,1889274,20.32,0,0,0,0,0,0
2021-02-02,19.01,0,80.99,70102,3264139,35.1,31072,1920346,20.65,0,0,0,0,0,0
2021-02-03,20.47,0,79.53,60307,3324446,35.75,51443,1971789,21.2,0,0,0,0,0,0
2021-02-04,22,0,78,72634,3397080,36.53,58096,2029885,21.83,0,0,0,0,0,0
2021-02-05,22.75,0,77.25,33943,3431023,36.9,28805,2058690,22.14,0,0,0,0,0,0
2021-02-06,23.23,0,76.77,21621,3452644,37.13,22232,2080922,22.38,0,0,0,0,0,0
2021-02-07,23.99,0,76.01,54080,3506724,37.71,68739,2149661,23.12,0,0,0,0,0,0
2021-02-08,24.52,0,75.48,58639,3565363,38.34,65467,2215128,23.82,0,0,0,0,0,0
2021-02-09,25.04,0,74.96,66354,3631717,39.05,67577,2282705,24.55,0,0,0,0,0,0
2021-02-10,25.77,0,74.23,70570,3702287,39.81,72312,2355017,25.32,0,0,0,0,0,0
2021-02-11,26.61,0,73.39,81174,3783461,40.69,72108,2427125,26.1,0,0,0,0,0,0
2021-02-12,27.02,0,72.98,39106,3822567,41.11,37596,2464721,26.5,0,0,0,0,0,0
2021-02-13,27.33,0,72.67,27463,3850030,41.4,30440,2495161,26.83,0,0,0,0,0,0
2021-02-14,28.25,0,71.75,74914,3924944,42.21,69083,2564244,27.57,0,0,0,0,0,0
2021-02-15,29.17,0,70.83,81544,4006488,43.08,75719,2639963,28.39,0,0,0,0,0,0
2021-02-16,30.11,0,69.89,83416,4089904,43.98,78299,2718262,29.23,0,0,0,0,0,0
2021-02-17,31.01,0,68.99,61983,4151887,44.65,75641,2793903,30.04,0,0,0,0,0,0
2021-02-18,31.94,0,68.06,69157,4221044,45.39,79738,2873641,30.9,0,0,0,0,0,0
2021-02-19,32.45,0,67.55,39674,4260718,45.82,38162,2911803,31.31,0,0,0,0,0,0
2021-02-20,32.85,0,67.15,31650,4292368,46.16,28724,2940527,31.62,0,0,0,0,0,0
2021-02-21,33.8,0,66.2,79434,4371802,47.01,78444,3018971,32.46,0,0,0,0,0,0
2021-02-22,34.83,0,65.17,85060,4456862,47.93,80594,3099565,33.33,0,0,0,0,0,0
2021-02-23,35.84,0,64.16,77329,4534191,48.76,70485,3170050,34.09,0,0,0,0,0,0
2021-02-24,36.76,0,63.24,61066,4595257,49.42,63143,3233193,34.77,0,0,0,0,0,0
2021-02-25,37.66,0,62.34,51727,4646984,49.97,64805,3297998,35.47,0,0,0,0,0,0
2021-02-26,38.1,0,61.9,25911,4672895,50.25,32041,3330039,35.81,0,0,0,0,0,0
2021-02-27,38.42,0,61.58,18352,4691247,50.45,21196,3351235,36.04,0,0,0,0,0,0
2021-02-28,39.24,0,60.76,40364,4731611,50.88,55873,3407108,36.64,0,0,0,0,0,0
2021-03-01,40.1,0,59.9,45748,4777359,51.37,61441,3468549,37.3,0,0,0,0,0,0
2021-03-02,40.85,0,59.15,41201,4818560,51.82,64798,3533347,38,0,0,0,0,0,0
2021-03-03,41.55,0,58.45,42033,4860593,52.27,66792,3600139,38.71,0,0,0,0,0,0
2021-03-04,42.24,0,57.76,39718,4900311,52.7,79125,3679264,39.56,0,0,0,0,0,0
2021-03-05,42.57,0,57.43,17367,4917678,52.88,40468,3719732,40,0,0,0,0,0,0
2021-03-06,42.78,0,57.22,10722,4928400,53,25347,3745079,40.27,0,0,0,0,0,0
2021-03-07,43.36,0,56.64,31156,4959556,53.33,72845,3817924,41.06,0,0,0,0,0,0
2021-03-08,43.97,0,56.03,27387,4986943,53.63,73294,3891218,41.84,0,0,0,0,0,0
2021-03-09,44.62,0,55.38,26757,5013700,53.91,76599,3967817,42.67,0,0,0,0,0,0
2021-03-10,45.27,0,54.73,23371,5037071,54.17,58684,4026501,43.3,0,0,0,0,0,0
2021-03-11,45.99,0,54.01,23304,5060375,54.42,69095,4095596,44.04,0,0,0,0,0,0
2021-03-12,46.34,0,53.66,11296,5071671,54.54,41414,4137010,44.49,0,0,0,0,0,0
2021-03-13,46.57,0,53.43,7952,5079623,54.62,25239,4162249,44.76,0,0,0,0,0,0
2021-03-14,47.2,0,52.8,20989,5100612,54.85,73935,4236184,45.55,0,0,0,0,0,0
2021-03-15,47.81,0,52.19,20150,5120762,55.07,78282,4314466,46.4,0,0,0,0,0,0
2021-03-16,48.43,0,51.57,18758,5139520,55.27,71480,4385946,47.16,0,0,0,0,0,0
2021-03-17,48.92,0,51.08,17704,5157224,55.46,59011,4444957,47.8,0,0,0,0,0,0
2021-03-18,49.45,0,50.55,16050,5173274,55.63,58125,4503082,48.42,0,0,0,0,0,0
2021-03-19,49.75,0,50.25,6956,5180230,55.71,27979,4531061,48.72,0,0,0,0,0,0
2021-03-20,49.93,0,50.07,5226,5185456,55.76,15301,4546362,48.89,0,0,0,0,0,0
2021-03-21,50.46,0,49.54,13171,5198627,55.9,40510,4586872,49.33,0,0,0,0,0,0
2021-03-22,51,0,49,13579,5212206,56.05,40541,4627413,49.76,0,0,0,0,0,0
2021-03-23,51.43,0,48.57,2844,5215050,56.08,7302,4634715,49.84,0,0,0,0,0,0
2021-03-24,51.84,0,48.16,11002,5226052,56.2,46556,4681271,50.34,0,0,0,0,0,0
2021-03-25,52.22,0,47.78,10271,5236323,56.31,35438,4716709,50.72,0,0,0,0,0,0
2021-03-26,52.4,0,47.6,4186,5240509,56.35,13334,4730043,50.86,0,0,0,0,0,0
2021-03-27,52.5,0,47.5,1786,5242295,56.37,4269,4734312,50.91,0,0,0,0,0,0
2021-03-28,52.74,0,47.26,2113,5244408,56.4,4611,4738923,50.96,0,0,0,0,0,0
2021-03-29,53,0,47,6916,5251324,56.47,30017,4768940,51.28,0,0,0,0,0,0
2021-03-30,53.08,0,46.92,7893,5259217,56.55,22454,4791394,51.52,0,0,0,0,0,0
2021-03-31,53.38,0,46.62,8153,5267370,56.64,19501,4810895,51.73,0,0,0,0,0,0
2021-04-01,53.62,0,46.38,8213,5275583,56.73,18701,4829596,51.94,0,0,0,0,0,0
2021-04-02,53.71,0,46.29,2942,5278525,56.76,8131,4837727,52.02,0,0,0,0,0,0
2021-04-03,53.74,0,46.26,1433,5279958,56.78,2982,4840709,52.05,0,0,0,0,0,0
2021-04-04,53.82,0,46.18,9618,5289576,56.88,22832,4863541,52.3,0,0,0,0,0,0
2021-04-05,54.04,0,45.96,10363,5299939,56.99,21275,4884816,52.53,0,0,0,0,0,0
2021-04-06,54.21,0,45.79,9030,5308969,57.09,16793,4901609,52.71,0,0,0,0,0,0
2021-04-07,54.36,0,45.64,8930,5317899,57.19,15311,4916920,52.87,0,0,0,0,0,0
2021-04-08,54.52,0,45.48,9428,5327327,57.29,17017,4933937,53.06,0,0,0,0,0,0
2021-04-09,54.58,0,45.42,3607,5330934,57.33,6258,4940195,53.12,0,0,0,0,0,0
2021-04-10,54.61,0,45.39,1634,5332568,57.34,3520,4943715,53.16,0,0,0,0,0,0
2021-04-11,54.78,0,45.22,9045,5341613,57.44,14248,4957963,53.32,0,0,0,0,0,0
2021-04-12,54.95,0,45.05,8935,5350548,57.54,13234,4971197,53.46,0,0,0,0,0,0
2021-04-13,55.08,0,44.92,5841,5356389,57.6,4959,4976156,53.51,0,0,0,0,0,0
2021-04-14,55.18,0,44.82,3651,5360040,57.64,5309,4981465,53.57,0,0,0,0,0,0
2021-04-15,55.27,0,44.73,697,5360737,57.65,582,4982047,53.57,0,0,0,0,0,0
2021-04-16,55.33,0,44.67,3417,5364154,57.68,6651,4988698,53.65,0,0,0,0,0,0
2021-04-17,55.35,0,44.65,822,5364976,57.69,1972,4990670,53.67,0,0,0,0,0,0
2021-04-18,55.47,0,44.53,7099,5372075,57.77,7433,4998103,53.75,0,0,0,0,0,0
2021-04-19,55.58,0,44.42,6406,5378481,57.84,7133,5005236,53.82,0,0,0,0,0,0
2021-04-20,55.65,0,44.35,6280,5384761,57.91,6887,5012123,53.9,0,0,0,0,0,0
2021-04-21,55.71,0,44.29,6381,5391142,57.97,7108,5019231,53.97,0,0,0,0,0,0
2021-04-22,55.75,0,44.25,5948,5397090,58.04,7689,5026920,54.06,0,0,0,0,0,0
2021-04-23,55.8,0,44.2,2766,5399856,58.07,3389,5030309,54.09,0,0,0,0,0,0
2021-04-24,55.82,0,44.18,767,5400623,58.08,1290,5031599,54.11,0,0,0,0,0,0
2021-04-25,55.89,0,44.11,4828,5405451,58.13,6924,5038523,54.18,0,0,0,0,0,0
2021-04-26,55.96,0,44.04,5479,5410930,58.19,7889,5046412,54.27,0,0,0,0,0,0
2021-04-27,56.03,0,43.97,4506,5415436,58.23,6625,5053037,54.34,0,0,0,0,0,0
2021-04-28,56.09,0,43.91,4501,5419937,58.28,7333,5060370,54.42,0,0,0,0,0,0
2021-04-29,56.16,0,43.84,4376,5424313,58.33,7292,5067662,54.5,0,0,0,0,0,0
2021-04-30,56.19,0,43.81,1923,5426236,58.35,3201,5070863,54.53,0,0,0,0,0,0
2021-05-01,56.2,0,43.8,458,5426694,58.36,895,5071758,54.54,0,0,0,0,0,0
2021-05-02,56.26,0,43.74,3225,5429919,58.39,6092,5077850,54.6,0,0,0,0,0,0
2021-05-03,56.32,0,43.68,3535,5433454,58.43,5832,5083682,54.67,0,0,0,0,0,0
2021-05-04,56.38,0,43.62,3591,5437045,58.47,4736,5088418,54.72,0,0,0,0,0,0
2021-05-05,56.44,0,43.56,3291,5440336,58.5,4093,5092511,54.76,0,0,0,0,0,0
2021-05-06,56.5,0,43.5,3643,5443979,58.54,3143,5095654,54.8,0,0,0,0,0,0
2021-05-07,56.52,0,43.48,1844,5445823,58.56,2508,5098162,54.82,0,0,0,0,0,0
2021-05-08,56.53,0,43.47,242,5446065,58.56,507,5098669,54.83,0,0,0,0,0,0
2021-05-09,56.58,0,43.42,2851,5448916,58.59,4750,5103419,54.88,0,0,0,0,0,0
2021-05-10,56.63,0,43.37,2898,5451814,58.63,4711,5108130,54.93,0,0,0,0,0,0
2021-05-11,56.67,0,43.33,2622,5454436,58.65,3879,5112009,54.97,0,0,0,0,0,0
2021-05-12,56.7,0,43.3,2031,5456467,58.68,3340,5115349,55.01,0,0,0,0,0,0
2021-05-13,56.73,0,43.27,2041,5458508,58.7,3684,5119033,55.05,0,0,0,0,0,0
2021-05-14,56.75,0,43.25,978,5459486,58.71,1494,5120527,55.06,0,0,0,0,0,0
2021-05-15,56.75,0,43.25,256,5459742,58.71,259,5120786,55.07,0,0,0,0,0,0
2021-05-16,56.78,0,43.22,529,5460271,58.72,1206,5121992,55.08,0,0,0,0,0,0
2021-05-17,56.81,0,43.19,301,5460572,58.72,848,5122840,55.09,0,0,0,0,0,0
2021-05-18,56.84,0,43.16,1961,5462533,58.74,4937,5127777,55.14,0,0,0,0,0,0
2021-05-19,56.87,0,43.13,2232,5464765,58.77,5041,5132818,55.2,0,0,0,0,0,0
2021-05-20,56.9,0,43.1,2312,5467077,58.79,3879,5136697,55.24,0,0,0,0,0,0
2021-05-21,56.92,0,43.08,1194,5468271,58.8,1414,5138111,55.25,0,0,0,0,0,0
2021-05-22,56.92,0,43.08,206,5468477,58.81,396,5138507,55.26,0,0,0,0,0,0
2021-05-23,56.94,0,43.06,2271,5470748,58.83,3216,5141723,55.29,0,0,0,0,0,0
2021-05-24,56.96,0,43.04,2139,5472887,58.85,3596,5145319,55.33,0,0,0,0,0,0
2021-05-25,56.99,0,43.01,1822,5474709,58.87,2586,5147905,55.36,0,0,0,0,0,0
2021-05-26,57.03,0,42.97,1410,5476119,58.89,2503,5150408,55.38,0,0,0,0,0,0
2021-05-27,57.06,0,42.94,1862,5477981,58.91,3188,5153596,55.42,0,0,0,0,0,0
2021-05-28,57.07,0,42.93,791,5478772,58.92,1406,5155002,55.43,0,0,0,0,0,0
2021-05-29,57.07,0,42.93,190,5478962,58.92,225,5155227,55.44,0,0,0,0,0,0
2021-05-30,57.1,0,42.9,1644,5480606,58.94,1937,5157164,55.46,0,0,0,0,0,0
2021-05-31,57.13,0,42.87,1739,5482345,58.95,2093,5159257,55.48,0,0,0,0,0,0
2021-06-01,57.47,0,42.53,1384,5483729,58.97,1823,5161080,55.5,0,0,0,0,0,0
2021-06-02,57.25,0,42.75,1513,5485242,58.99,1608,5162688,55.52,0,0,0,0,0,0
2021-06-03,57.27,0,42.73,1686,5486928,59,1493,5164181,55.53,0,0,0,0,0,0
2021-06-04,57.28,0,42.72,1101,5488029,59.02,784,5164965,55.54,0,0,0,0,0,0
2021-06-05,57.29,0,42.71,184,5488213,59.02,159,5165124,55.54,0,0,0,0,0,0
2021-06-06,57.31,0,42.69,4291,5492504,59.06,1002,5166126,55.55,0,0,0,0,0,0
2021-06-07,57.34,0,42.66,4438,5496942,59.11,813,5166939,55.56,0,0,0,0,0,0
2021-06-08,57.36,0,42.64,3739,5500681,59.15,1174,5168113,55.58,0,0,0,0,0,0
2021-06-09,57.4,0,42.6,3615,5504296,59.19,1329,5169442,55.59,0,0,0,0,0,0
2021-06-10,57.42,0,42.58,3359,5507655,59.23,1300,5170742,55.6,0,0,0,0,0,0
2021-06-11,57.43,0,42.57,1399,5509054,59.24,588,5171330,55.61,0,0,0,0,0,0
2021-06-12,57.43,0,42.57,219,5509273,59.24,173,5171503,55.61,0,0,0,0,0,0
2021-06-13,57.45,0,42.55,3101,5512374,59.28,1260,5172763,55.63,0,0,0,0,0,0
2021-06-14,57.46,0,42.54,3056,5515430,59.31,1531,5174294,55.64,0,0,0,0,0,0
2021-06-15,57.48,0,42.52,3137,5518567,59.34,1375,5175669,55.66,0,0,0,0,0,0
2021-06-16,57.49,0,42.51,2731,5521298,59.37,1001,5176670,55.67,0,0,0,0,0,0
2021-06-17,57.51,0,42.49,2732,5524030,59.4,1207,5177877,55.68,0,0,0,0,0,0
2021-06-18,57.52,0,42.48,1266,5525296,59.42,506,5178383,55.69,0,0,0,0,0,0
2021-06-19,57.52,0,42.48,242,5525538,59.42,139,5178522,55.69,0,0,0,0,0,0
2021-06-20,57.54,0,42.46,3316,5528854,59.45,1330,5179852,55.7,0,0,0,0,0,0
2021-06-21,57.56,0,42.44,5245,5534099,59.51,1217,5181069,55.71,0,0,0,0,0,0
2021-06-22,57.58,0,42.42,6933,5541032,59.59,1099,5182168,55.73,0,0,0,0,0,0
2021-06-23,57.6,0,42.4,10755,5551787,59.7,1304,5183472,55.74,0,0,0,0,0,0
2021-06-24,57.62,0,42.38,12047,5563834,59.83,1466,5184938,55.76,0,0,0,0,0,0
2021-06-25,57.62,0,42.38,7115,5570949,59.91,944,5185882,55.77,0,0,0,0,0,0
2021-06-26,57.63,0,42.37,2274,5573223,59.93,200,5186082,55.77,0,0,0,0,0,0
2021-06-27,57.65,0,42.35,13631,5586854,60.08,3436,5189518,55.81,0,0,0,0,0,0
2021-06-28,57.68,0,42.32,14518,5601372,60.23,3675,5193193,55.84,0,0,0,0,0,0
2021-06-29,57.69,0,42.31,16710,5618082,60.41,3743,5196936,55.89,0,0,0,0,0,0
2021-06-30,57.72,0,42.28,16485,5634567,60.59,3396,5200332,55.92,0,0,0,0,0,0
2021-07-01,57.78,0,42.22,16837,5651404,60.77,3377,5203709,55.96,121,121,0,0,0,0
2021-07-02,57.79,0,42.21,9836,5661240,60.88,1606,5205315,55.98,7,128,0,0,0,0
2021-07-03,57.79,0,42.21,2677,5663917,60.91,296,5205611,55.98,1,129,0,0,0,0
2021-07-04,57.85,0,42.15,17735,5681652,61.1,3161,5208772,56.01,2,131,0,0,0,0
2021-07-05,57.91,0,42.09,17849,5699501,61.29,3045,5211817,56.05,7,138,0,0,0,0
2021-07-06,57.99,0,42.01,17847,5717348,61.48,3409,5215226,56.08,11,149,0,0,0,0
2021-07-07,58.05,0,41.95,15528,5732876,61.65,2701,5217927,56.11,12,161,0,0,0,0
2021-07-08,58.12,0,41.88,16587,5749463,61.83,2880,5220807,56.14,17,178,0,0,0,0
2021-07-09,58.15,0,41.85,11125,5760588,61.95,1535,5222342,56.16,4,182,0,0,0,0
2021-07-10,58.15,0,41.85,4988,5765576,62,389,5222731,56.16,6,188,0,0,0,0
2021-07-11,58.22,0,41.78,1456,5767032,62.02,2848,5225579,56.19,8,196,0,0,0,0
2021-07-12,58.29,0,41.71,2425,5769457,62.04,3691,5229270,56.23,56,252,0,0,0,0
2021-07-13,58.36,0,41.64,2965,5772422,62.07,5458,5234728,56.29,124,376,0,0,0,0
2021-07-14,58.42,0,41.58,2747,5775169,62.1,7532,5242260,56.37,441,817,0.01,0,0,0
2021-07-15,58.5,0,41.5,3005,5778174,62.14,9297,5251557,56.47,374,1191,0.01,0,0,0
2021-07-16,58.54,0,41.46,1296,5779470,62.15,5898,5257455,56.54,66,1257,0.01,0,0,0
2021-07-17,58.55,0,41.44,370,5779840,62.15,1391,5258846,56.55,8,1265,0.01,0,0,0
2021-07-18,58.6,0,41.4,2073,5781913,62.18,9768,5268614,56.66,235,1500,0.02,0,0,0
2021-07-19,58.65,0,41.35,3210,5785123,62.21,11345,5279959,56.78,461,1961,0.02,0,0,0
2021-07-20,58.72,0,41.28,2687,5787810,62.24,11912,5291871,56.91,373,2334,0.03,0,0,0
2021-07-21,58.81,0,41.19,2405,5790215,62.27,11880,5303751,57.03,325,2659,0.03,0,0,0
2021-07-22,58.93,0,41.07,2875,5793090,62.3,13277,5317028,57.18,391,3050,0.03,0,0,0
2021-07-23,58.99,0,41.01,2036,5795126,62.32,8250,5325278,57.27,106,3156,0.03,0,0,0
2021-07-24,58.99,0,41,642,5795768,62.32,1485,5326763,57.28,7,3163,0.03,0,0,0
2021-07-25,59.1,0,40.89,4417,5800185,62.37,15497,5342260,57.45,223,3386,0.04,0,0,0
2021-07-26,59.24,0,40.75,5169,5805354,62.43,13533,5355793,57.59,325,3711,0.04,0,0,0
2021-07-27,59.37,0.01,40.62,5492,5810846,62.49,13578,5369371,57.74,414,4125,0.04,0,0,0
2021-07-28,59.5,0.01,40.49,3989,5814835,62.53,12342,5381713,57.87,472,4597,0.05,0,0,0
2021-07-29,59.65,0.01,40.33,4664,5819499,62.58,14199,5395912,58.03,532,5129,0.06,0,0,0
2021-07-30,59.74,0.02,40.25,2653,5822152,62.61,10854,5406766,58.14,4122,9251,0.1,0,0,0
2021-07-31,59.75,0.02,40.23,1406,5823558,62.62,3554,5410320,58.18,6159,15410,0.17,0,0,0
2021-08-01,59.91,0.02,40.06,3077,5826635,62.66,3364,5413684,58.22,31047,46457,0.5,0,0,0
2021-08-02,60.06,0.03,39.91,3132,5829767,62.69,3173,5416857,58.25,58514,104971,1.13,0,0,0
2021-08-03,60.21,0.03,39.76,3387,5833154,62.73,3328,5420185,58.29,78953,183924,1.98,0,0,0
2021-08-04,60.34,0.03,39.63,3530,5836684,62.76,3255,5423440,58.32,80764,264688,2.85,0,0,0
2021-08-05,60.49,0.04,39.47,4513,5841197,62.81,3569,5427009,58.36,88442,353130,3.8,0,0,0
2021-08-06,60.6,0.04,39.36,2436,5843633,62.84,1860,5428869,58.38,44744,397874,4.28,0,0,0
2021-08-07,60.63,0.04,39.32,1033,5844666,62.85,698,5429567,58.39,27353,425227,4.57,0,0,0
2021-08-08,60.68,0.04,39.28,4989,5849655,62.9,3082,5432649,58.42,80087,505314,5.43,0,0,0
2021-08-09,60.72,0.04,39.24,5339,5854994,62.96,3061,5435710,58.45,76489,581803,6.26,0,0,0
2021-08-10,60.75,0.04,39.2,5552,5860546,63.02,3202,5438912,58.49,75427,657230,7.07,0,0,0
2021-08-11,60.79,0.04,39.17,5694,5866240,63.08,2946,5441858,58.52,62639,719869,7.74,0,0,0
2021-08-12,60.83,0.04,39.12,7039,5873279,63.16,3288,5445146,58.55,59462,779331,8.38,0,0,0
2021-08-13,60.84,0.05,39.11,3819,5877098,63.2,2071,5447217,58.58,43869,823200,8.85,0,0,0
2021-08-14,60.85,0.05,39.1,2252,5879350,63.22,850,5448067,58.59,44486,867686,9.33,0,0,0
2021-08-15,60.89,0.05,39.06,7144,5886494,63.3,4531,5452598,58.63,97983,965669,10.38,0,0,0
2021-08-16,60.92,0.04,39.03,6991,5893485,63.38,4747,5457345,58.69,89521,1055190,11.35,0,0,0
2021-08-17,60.96,0.04,39,7572,5901057,63.46,5134,5462479,58.74,83320,1138510,12.24,0,0,0
2021-08-18,60.99,0.04,38.96,8643,5909700,63.55,4603,5467082,58.79,69267,1207777,12.99,0,0,0
2021-08-19,61.03,0.04,38.92,10080,5919780,63.66,5216,5472298,58.85,65974,1273751,13.7,0,0,0
2021-08-20,61.05,0.05,38.9,4768,5924548,63.71,2826,5475124,58.88,60452,1334203,14.35,0,0,0
2021-08-21,61.06,0.05,38.89,3498,5928046,63.75,1580,5476704,58.89,50725,1384928,14.89,0,0,0
2021-08-22,61.12,0.04,38.84,9821,5937867,63.85,4807,5481511,58.95,105108,1490036,16.02,0,0,0
2021-08-23,61.17,0.04,38.79,10924,5948791,63.97,4447,5485958,58.99,94032,1584068,17.03,0,0,0
2021-08-24,61.23,0.04,38.73,11721,5960512,64.1,4703,5490661,59.04,98551,1682619,18.09,0,0,0
2021-08-25,61.29,0.04,38.67,9612,5970124,64.2,4482,5495143,59.09,99550,1782169,19.16,0,0,0
2021-08-26,61.36,0.03,38.61,10108,5980232,64.31,5058,5500201,59.15,101229,1883398,20.25,0,0,0
2021-08-27,61.35,0.04,38.61,4325,5984557,64.35,2786,5502987,59.18,56694,1940092,20.86,0,0,0
2021-08-28,61.4,0.04,38.57,3698,5988255,64.39,1497,5504484,59.19,33539,1973631,21.22,0,0,0
2021-08-29,61.46,0.03,38.5,10321,5998576,64.51,5931,5510415,59.26,79549,2053180,22.08,0,0,0
2021-08-30,61.53,0.03,38.44,12334,6010910,64.64,7015,5517430,59.33,116006,2169186,23.33,0,0,0
2021-08-31,61.6,0.03,38.37,12076,6022986,64.77,6528,5523958,59.4,114874,2284060,24.56,0,0,0
2021-09-01,61.43,0.03,38.54,9033,6032019,64.87,6039,5529997,59.47,112491,2396551,25.77,0,0,0
2021-09-02,61.49,0.03,38.48,8785,6040804,64.96,7181,5537178,59.54,111542,2508093,26.97,0,0,0
2021-09-03,61.56,0.03,38.42,3750,6044554,65,4115,5541293,59.59,58884,2566977,27.6,0,0,0
2021-09-04,61.59,0.03,38.38,2691,6047245,65.03,2021,5543314,59.61,29951,2596928,27.93,0,0,0
2021-09-05,61.68,0.03,38.29,6991,6054236,65.1,6460,5549774,59.68,73326,2670254,28.71,0,0,0
2021-09-06,61.77,0.03,38.2,2834,6057070,65.13,2713,5552487,59.71,22797,2693051,28.96,0,0,0
2021-09-07,61.85,0.03,38.12,1200,6058270,65.15,879,5553366,59.72,5398,2698449,29.02,0,0,0
2021-09-08,61.93,0.03,38.05,1380,6059650,65.16,1196,5554562,59.73,6621,2705070,29.09,0,0,0
2021-09-09,62.02,0.03,37.95,7090,6066740,65.24,12572,5567134,59.87,73845,2778915,29.88,0,0,0
2021-09-10,62.06,0.03,37.91,3258,6069998,65.27,5016,5572150,59.92,37936,2816851,30.29,0,0,0
2021-09-11,62.08,0.03,37.89,2109,6072107,65.3,2506,5574656,59.95,14816,2831667,30.45,0,0,0
2021-09-12,62.16,0.03,37.81,6107,6078214,65.36,8587,5583243,60.04,54135,2885802,31.03,0,0,0
2021-09-13,62.15,0.03,37.82,5612,6083826,65.42,8262,5591505,60.13,47981,2933783,31.55,0,0,0
2021-09-14,62.2,0.03,37.77,4961,6088787,65.48,7420,5598925,60.21,48854,2982637,32.07,0,0,0
2021-09-15,62.25,0.03,37.72,1750,6090537,65.49,2717,5601642,60.24,16686,2999323,32.25,0,0,0
2021-09-16,62.37,0.03,37.6,343,6090880,65.5,549,5602191,60.24,1740,3001063,32.27,0,0,0
2021-09-17,62.42,0.03,37.54,3682,6094562,65.54,7019,5609210,60.32,42904,3043967,32.73,0,0,0
2021-09-18,62.45,0.03,37.52,2258,6096820,65.56,2944,5612154,60.35,12783,3056750,32.87,0,0,0
2021-09-19,62.55,0.03,37.42,5941,6102761,65.63,10710,5622864,60.47,44332,3101082,33.35,0,0,0
2021-09-20,62.63,0.03,37.34,3245,6106006,65.66,4645,5627509,60.52,16707,3117789,33.53,0,0,0
2021-09-21,62.69,0.03,37.28,1339,6107345,65.68,2060,5629569,60.54,3476,3121265,33.56,0,0,0
2021-09-22,62.72,0.03,37.25,4257,6111602,65.72,7250,5636819,60.62,25072,3146337,33.83,0,0,0
2021-09-23,62.75,0.03,37.22,4390,6115992,65.77,5913,5642732,60.68,27833,3174170,34.13,0,0,0
2021-09-24,62.82,0.03,37.15,3202,6119194,65.8,4185,5646917,60.72,27722,3201892,34.43,0,0,0
2021-09-25,62.85,0.03,37.12,2079,6121273,65.83,2261,5649178,60.75,10443,3212335,34.54,0,0,0
2021-09-26,62.96,0.03,37,5604,6126877,65.89,5972,5655150,60.81,36270,3248605,34.93,0,0,0
2021-09-27,63.02,0.03,36.94,4694,6131571,65.94,4468,5659618,60.86,30455,3279060,35.26,0,0,0
2021-09-28,63.06,0.04,36.91,1472,6133043,65.95,1181,5660799,60.87,6249,3285309,35.33,0,0,0
2021-09-29,63.13,0.03,36.84,9620,6142663,66.06,8346,5669145,60.96,60324,3345633,35.98,0,0,0
2021-09-30,63.18,0.03,36.79,10974,6153637,66.17,8574,5677719,61.06,79697,3425330,36.83,0,0,0
2021-10-01,63.23,0.03,36.73,5125,6158762,66.23,3875,5681594,61.1,46545,3471875,37.33,0,0,0
2021-10-02,63.26,0.03,36.71,2862,6161624,66.26,2127,5683721,61.12,22432,3494307,37.58,0,0,0
2021-10-03,63.35,0.03,36.62,11667,6173291,66.38,7273,5690994,61.2,70725,3565032,38.34,0,0,0
2021-10-04,63.4,0.03,36.57,10320,6183611,66.5,6759,5697753,61.27,51911,3616943,38.89,0,0,0
2021-10-05,63.41,0.03,36.55,8459,6192070,66.59,5314,5703067,61.33,40479,3657422,39.33,0,0,0
2021-10-06,63.52,0.03,36.45,7543,6199613,66.67,4183,5707250,61.37,34147,3691569,39.7,0,0,0
2021-10-07,63.63,0.03,36.34,6892,6206505,66.74,4009,5711259,61.42,34067,3725636,40.06,0,0,0
2021-10-08,63.68,0.03,36.29,3086,6209591,66.77,2643,5713902,61.44,19250,3744886,40.27,0,0,0
2021-10-09,63.71,0.03,36.26,1337,6210928,66.79,1443,5715345,61.46,7441,3752327,40.35,0,0,0
2021-10-10,63.82,0.04,36.14,4675,6215603,66.84,3748,5719093,61.5,21518,3773845,40.58,0,0,0
2021-10-11,63.91,0.04,36.05,4299,6219902,66.89,2943,5722036,61.53,17268,3791113,40.77,0,0,0
2021-10-12,63.99,0.05,35.96,3974,6223876,66.93,3003,5725039,61.56,15356,3806469,40.93,0,0,0
2021-10-13,64.09,0.05,35.86,3487,6227363,66.97,2451,5727490,61.59,13587,3820056,41.08,0,0,0
2021-10-14,64.19,0.06,35.75,3869,6231232,67.01,2685,5730175,61.62,16567,3836623,41.26,0,0,0
2021-10-15,64.23,0.07,35.7,1703,6232935,67.03,1683,5731858,61.64,9009,3845632,41.35,0,0,0
2021-10-16,64.25,0.08,35.67,727,6233662,67.03,956,5732814,61.65,4035,3849667,41.4,0,0,0
2021-10-17,64.36,0.09,35.56,3090,6236752,67.07,2525,5735339,61.68,12798,3862465,41.53,0,0,0
2021-10-18,64.43,0.1,35.47,2460,6239212,67.09,1690,5737029,61.69,10069,3872534,41.64,0,0,0
2021-10-19,64.49,0.1,35.4,2397,6241609,67.12,1283,5738312,61.71,9294,3881828,41.74,0,0,0
2021-10-20,64.14,0.52,35.34,2434,6244043,67.15,2305,5740617,61.73,10100,3891928,41.85,0,0,0
2021-10-21,54.23,10.41,35.36,3032,6247075,67.18,3096,5743713,61.77,12163,3904091,41.98,0,0,0
2021-10-22,54.36,10.26,35.38,1279,6248354,67.19,1436,5745149,61.78,5835,3909926,42.05,0,0,0
2021-10-23,54.42,10.19,35.39,572,6248926,67.2,1266,5746415,61.79,2564,3912490,42.07,0,0,0
2021-10-24,54.22,10.43,35.35,2515,6251441,67.22,2653,5749068,61.82,9855,3922345,42.18,0,0,0
2021-10-25,54.59,10.22,35.19,2635,6254076,67.25,2751,5751819,61.85,8509,3930854,42.27,0,0,0
2021-10-26,54.64,10.26,35.1,2381,6256457,67.28,2056,5753875,61.87,8523,3939377,42.36,0,0,0
2021-10-27,54.58,10.37,35.06,2289,6258746,67.3,2566,5756441,61.9,7954,3947331,42.45,0,0,0
2021-10-28,54.69,10.76,34.55,2503,6261249,67.33,2779,5759220,61.93,8671,3956002,42.54,0,0,0
2021-10-29,54.73,10.75,34.52,900,6262149,67.34,1151,5760371,61.94,4137,3960139,42.59,0,0,0
2021-10-30,54.68,10.81,34.52,366,6262515,67.34,530,5760901,61.95,1712,3961851,42.6,0,0,0
2021-10-31,54.83,10.7,34.47,2260,6264775,67.37,2495,5763396,61.98,8255,3970106,42.69,0,0,0
2021-11-01,54.95,10.63,34.42,1736,6266511,67.39,2092,5765488,62,6479,3976585,42.76,0,0,0
2021-11-02,54.89,10.69,34.42,2026,6268537,67.41,2044,5767532,62.02,6296,3982881,42.83,0,0,0
2021-11-03,54.86,10.75,34.39,1763,6270300,67.43,1897,5769429,62.04,5556,3988437,42.89,0,0,0
2021-11-04,54.85,10.81,34.33,2110,6272410,67.45,2803,5772232,62.07,7128,3995565,42.97,0,0,0
2021-11-05,54.85,10.83,34.32,789,6273199,67.46,904,5773136,62.08,3485,3999050,43,0,0,0
2021-11-06,54.82,10.86,34.32,346,6273545,67.46,387,5773523,62.09,1373,4000423,43.02,0,0,0
2021-11-07,54.92,10.8,34.28,1578,6275123,67.48,1769,5775292,62.1,6134,4006557,43.08,0,0,0
2021-11-08,55.01,10.75,34.24,1519,6276642,67.5,1602,5776894,62.12,5405,4011962,43.14,0,0,0
2021-11-09,55.05,10.74,34.21,1428,6278070,67.51,1611,5778505,62.14,5331,4017293,43.2,0,0,0
2021-11-10,55.08,10.73,34.19,1423,6279493,67.53,1660,5780165,62.16,4777,4022070,43.25,0,0,0
2021-11-11,55.15,10.69,34.15,1628,6281121,67.54,1944,5782109,62.18,5717,4027787,43.31,0,0,0
2021-11-12,55.17,10.69,34.14,634,6281755,67.55,826,5782935,62.19,2923,4030710,43.34,0,0,0
2021-11-13,55.14,10.72,34.14,257,6282012,67.55,286,5783221,62.19,1130,4031840,43.36,0,0,0
2021-11-14,55.21,10.68,34.11,1536,6283548,67.57,1637,5784858,62.21,5110,4036950,43.41,0,0,0
2021-11-15,55.28,10.63,34.09,1274,6284822,67.58,1622,5786480,62.22,4770,4041720,43.46,0,0,0
2021-11-16,55.32,10.62,34.07,1273,6286095,67.6,1416,5787896,62.24,4348,4046068,43.51,0,0,0
2021-11-17,55.35,10.6,34.05,1205,6287300,67.61,1565,5789461,62.26,3915,4049983,43.55,0,0,0
2021-11-18,55.41,10.58,34.02,1362,6288662,67.63,1692,5791153,62.28,5010,4054993,43.61,0,0,0
2021-11-19,55.42,10.57,34.01,588,6289250,67.63,763,5791916,62.28,2457,4057450,43.63,0,0,0
2021-11-20,55.41,10.58,34,238,6289488,67.63,257,5792173,62.29,929,4058379,43.64,0,0,0
2021-11-21,55.47,10.54,33.98,1409,6290897,67.65,1541,5793714,62.3,4880,4063259,43.69,0,0,0
2021-11-22,55.54,10.5,33.96,1680,6292577,67.67,1522,5795236,62.32,4239,4067498,43.74,0,0,0
2021-11-23,55.57,10.48,33.95,8622,6301199,67.76,1687,5796923,62.34,4008,4071506,43.78,0,0,0
2021-11-24,55.6,10.44,33.95,9349,6310548,67.86,1317,5798240,62.35,3923,4075429,43.83,0,0,0
2021-11-25,55.64,10.43,33.93,9812,6320360,67.97,1600,5799840,62.37,4839,4080268,43.88,0,0,0
2021-11-26,55.63,10.45,33.92,5610,6325970,68.03,749,5800589,62.38,2801,4083069,43.91,0,0,0
2021-11-27,55.62,10.46,33.92,4779,6330749,68.08,323,5800912,62.38,1163,4084232,43.92,0,0,0
2021-11-28,55.67,10.43,33.9,10152,6340901,68.19,1478,5802390,62.4,4901,4089133,43.97,0,0,0
2021-11-29,55.73,10.39,33.88,9042,6349943,68.28,1131,5803521,62.41,4376,4093509,44.02,0,0,0
2021-11-30,55.77,10.37,33.86,10044,6359987,68.39,1035,5804556,62.42,4084,4097593,44.06,0,0,0
2021-12-01,55.79,10.36,33.84,8632,6368619,68.48,1095,5805651,62.43,4442,4102035,44.11,6,6,0
2021-12-02,55.84,10.34,33.82,9176,6377795,68.58,1454,5807105,62.45,5125,4107160,44.17,6,12,0
2021-12-03,55.86,10.33,33.81,6332,6384127,68.65,674,5807779,62.45,2867,4110027,44.2,1,13,0
2021-12-04,55.85,10.34,33.81,2509,6386636,68.68,236,5808015,62.46,923,4110950,44.21,3,16,0
2021-12-05,55.9,10.31,33.79,8335,6394971,68.77,1253,5809268,62.47,4683,4115633,44.26,1,17,0
2021-12-06,55.95,10.27,33.78,6723,6401694,68.84,1200,5810468,62.48,4351,4119984,44.3,4,21,0
2021-12-07,55.99,10.25,33.76,5553,6407247,68.9,1503,5811971,62.5,3965,4123949,44.35,9,30,0
2021-12-08,56.03,10.22,33.75,4935,6412182,68.95,1199,5813170,62.51,3883,4127832,44.39,10,40,0
2021-12-09,56.08,10.19,33.73,6238,6418420,69.02,1239,5814409,62.53,4506,4132338,44.44,8,48,0
2021-12-10,56.1,10.18,33.72,3005,6421425,69.05,703,5815112,62.53,2687,4135025,44.47,4,52,0
2021-12-11,56.1,10.18,33.71,1491,6422916,69.07,253,5815365,62.54,1016,4136041,44.48,0,52,0
2021-12-12,56.16,10.15,33.69,7274,6430190,69.15,1444,5816809,62.55,5248,4141289,44.53,3,55,0
2021-12-13,56.21,10.11,33.67,6181,6436371,69.21,1375,5818184,62.57,4350,4145639,44.58,5,60,0
2021-12-14,56.27,10.09,33.65,7317,6443688,69.29,6101,5824285,62.63,4939,4150578,44.63,12,72,0
2021-12-15,56.34,10.06,33.6,7204,6450892,69.37,7404,5831689,62.71,5444,4156022,44.69,7,79,0
2021-12-16,56.53,10.05,33.42,8079,6458971,69.46,8613,5840302,62.8,6563,4162585,44.76,8,87,0
2021-12-17,56.64,10.05,33.3,4406,6463377,69.5,5140,5845442,62.86,3953,4166538,44.8,3,90,0
2021-12-18,56.73,10.07,33.2,3941,6467318,69.55,2914,5848356,62.89,1360,4167898,44.82,2,92,0
2021-12-19,56.92,10.04,33.04,6981,6474299,69.62,9331,5857687,62.99,6273,4174171,44.89,6,98,0
2021-12-20,57.07,10.02,32.91,7971,6482270,69.71,7517,5865204,63.07,5443,4179614,44.95,9,107,0
2021-12-21,57.27,10.01,32.71,9549,6491819,69.81,8649,5873853,63.16,6491,4186105,45.02,8,115,0
2021-12-22,57.49,10,32.52,9664,6501483,69.91,8155,5882008,63.25,6250,4192355,45.08,12,127,0
2021-12-23,57.7,9.97,32.33,11539,6513022,70.04,10264,5892272,63.36,8159,4200514,45.17,16,143,0
2021-12-24,57.83,9.96,32.21,5873,6518895,70.1,6241,5898513,63.43,5280,4205794,45.23,12,155,0
2021-12-25,57.9,9.96,32.15,3338,6522233,70.14,2566,5901079,63.46,2021,4207815,45.25,6,161,0
2021-12-26,58.1,9.92,31.98,10653,6532886,70.25,8910,5909989,63.55,8201,4216016,45.34,8,169,0
2021-12-27,58.27,9.9,31.83,10371,6543257,70.36,7145,5917134,63.63,8186,4224202,45.42,21,190,0
2021-12-28,58.46,9.88,31.66,11375,6554632,70.49,7452,5924586,63.71,9640,4233842,45.53,24,214,0
2021-12-29,58.64,9.85,31.51,9933,6564565,70.59,5963,5930549,63.77,8375,4242217,45.62,20,234,0
2021-12-30,58.84,9.82,31.34,11011,6575576,70.71,7735,5938284,63.86,12241,4254458,45.75,10,244,0
2021-12-31,58.9,9.79,31.3,4829,6580405,70.76,3672,5941956,63.9,7294,4261752,45.83,135,379,0
2022-01-01,58.93,9.79,31.28,1992,6582397,70.78,1591,5943547,63.91,2741,4264493,45.86,66,445,0
2022-01-02,59.14,9.76,31.1,10217,6592614,70.89,6487,5950034,63.98,13002,4277495,46,590,1035,0.01
2022-01-03,59.29,9.71,31,9384,6601998,70.99,5258,5955292,64.04,11340,4288835,46.12,25055,26090,0.28
2022-01-04,59.46,9.68,30.86,8967,6610965,71.09,5949,5961241,64.1,10525,4299360,46.23,50658,76748,0.83
2022-01-05,59.56,9.65,30.79,8553,6619518,71.18,5739,5966980,64.17,10493,4309853,46.35,59590,136338,1.47
2022-01-06,59.81,9.63,30.56,10339,6629857,71.29,7959,5974939,64.25,13530,4323383,46.49,63999,200337,2.15
2022-01-07,59.89,9.61,30.49,4760,6634617,71.35,4556,5979495,64.3,8164,4331547,46.58,31135,231472,2.49
2022-01-08,59.9,9.64,30.46,2750,6637367,71.38,2453,5981948,64.33,5501,4337048,46.64,27631,259103,2.79
2022-01-09,60.06,9.59,30.35,9306,6646673,71.47,7722,5989670,64.41,11868,4348916,46.77,66765,325868,3.5
2022-01-10,60.21,9.54,30.25,8350,6655023,71.56,7645,5997315,64.49,11878,4360794,46.89,64774,390642,4.2
2022-01-11,60.38,9.49,30.13,8100,6663123,71.65,8621,6005936,64.58,11971,4372765,47.02,56657,447299,4.81
2022-01-12,60.51,9.45,30.04,7277,6670400,71.73,8303,6014239,64.67,11114,4383879,47.14,44631,491930,5.29
2022-01-13,60.7,9.35,29.94,7507,6677907,71.81,9616,6023855,64.78,11542,4395421,47.27,34766,526696,5.66
2022-01-14,60.79,9.31,29.9,2555,6680462,71.84,4935,6028790,64.83,6144,4401565,47.33,11141,537837,5.78
2022-01-15,60.83,9.29,29.87,1469,6681931,71.85,3170,6031960,64.86,3884,4405449,47.37,5716,543553,5.85
2022-01-16,60.97,9.2,29.82,3818,6685749,71.9,8526,6040486,64.96,7681,4413130,47.46,19992,563545,6.06
2022-01-17,61.09,9.13,29.78,2809,6688558,71.93,7046,6047532,65.03,6170,4419300,47.52,17832,581377,6.25
2022-01-18,61.23,9.07,29.7,2475,6691033,71.95,7385,6054917,65.11,5534,4424834,47.58,14817,596194,6.41
2022-01-19,61.37,8.98,29.65,1914,6692947,71.97,6369,6061286,65.18,4520,4429354,47.63,8461,604655,6.5
2022-01-20,61.44,8.85,29.71,1779,6694726,71.99,6969,6068255,65.25,4792,4434146,47.68,8041,612696,6.59
2022-01-21,61.51,8.81,29.68,905,6695631,72,3725,6071980,65.3,2646,4436792,47.71,3358,616054,6.62
2022-01-22,61.51,8.75,29.74,328,6695959,72,1461,6073441,65.31,1066,4437858,47.72,1113,617167,6.64
2022-01-23,61.61,8.7,29.69,1068,6697027,72.02,5632,6079073,65.37,2878,4440736,47.75,6083,623250,6.7
2022-01-24,61.73,8.62,29.65,759,6697786,72.02,4480,6083553,65.42,2267,4443003,47.78,5055,628305,6.76
2022-01-25,61.9,8.51,29.59,744,6698530,72.03,4401,6087954,65.47,2182,4445185,47.8,7102,635407,6.83
2022-01-26,62.02,8.42,29.57,615,6699145,72.04,3285,6091239,65.5,1611,4446796,47.82,4262,639669,6.88
2022-01-27,62.12,8.35,29.52,798,6699943,72.05,4406,6095645,65.55,2005,4448801,47.84,5441,645110,6.94
2022-01-28,62.16,8.33,29.5,395,6700338,72.05,2376,6098021,65.58,1179,4449980,47.85,3452,648562,6.97
2022-01-29,62.23,8.29,29.48,124,6700462,72.05,1046,6099067,65.59,424,4450404,47.86,1162,649724,6.99
2022-01-30,62.3,8.24,29.46,769,6701231,72.06,4719,6103786,65.64,2020,4452424,47.88,8099,657823,7.07
2022-01-31,62.39,8.17,29.43,528,6701759,72.07,3184,6106970,65.67,1610,4454034,47.9,6472,664295,7.14
2022-02-01,62.45,8.15,29.4,481,6702240,72.07,2807,6109777,65.7,1525,4455559,47.91,5721,670016,7.21
2022-02-02,62.28,8.13,29.59,375,6702615,72.08,2395,6112172,65.73,1381,4456940,47.93,5074,675090,7.26
2022-02-03,62.34,8.08,29.57,446,6703061,72.08,2776,6114948,65.76,1461,4458401,47.94,5607,680697,7.32
2022-02-04,62.37,8.06,29.57,174,6703235,72.08,991,6115939,65.77,755,4459156,47.95,2455,683152,7.35
2022-02-05,62.34,8.09,29.56,62,6703297,72.08,342,6116281,65.77,221,4459377,47.95,420,683572,7.35
2022-02-06,62.41,8.05,29.55,406,6703703,72.09,2320,6118601,65.8,1343,4460720,47.97,5686,689258,7.41
2022-02-07,62.47,8.01,29.52,282,6703985,72.09,1307,6119908,65.81,983,4461703,47.98,5960,695218,7.48
2022-02-08,62.54,7.97,29.49,317,6704302,72.09,1498,6121406,65.83,1068,4462771,47.99,6137,701355,7.54
2022-02-09,62.6,7.95,29.45,254,6704556,72.1,1102,6122508,65.84,945,4463716,48,4570,705925,7.59
2022-02-10,62.63,7.93,29.44,273,6704829,72.1,1293,6123801,65.85,936,4464652,48.01,4815,710740,7.64
2022-02-11,62.67,7.91,29.42,211,6705040,72.1,557,6124358,65.86,518,4465170,48.02,2539,713279,7.67
2022-02-12,62.67,7.91,29.41,32,6705072,72.1,90,6124448,65.86,133,4465303,48.02,269,713548,7.67
2022-02-13,62.73,7.87,29.39,286,6705358,72.11,946,6125394,65.87,966,4466269,48.03,4998,718546,7.73
2022-02-14,62.89,7.74,29.36,180,6705538,72.11,627,6126021,65.88,760,4467029,48.04,3142,721688,7.76
2022-02-15,62.92,7.73,29.35,266,6705804,72.11,763,6126784,65.88,936,4467965,48.05,3818,725506,7.8
2022-02-16,62.95,7.72,29.34,179,6705983,72.11,577,6127361,65.89,803,4468768,48.05,2487,727993,7.83
2022-02-17,62.96,7.7,29.34,246,6706229,72.12,740,6128101,65.9,775,4469543,48.06,3061,731054,7.86
2022-02-18,62.98,7.69,29.33,131,6706360,72.12,342,6128443,65.9,437,4469980,48.07,1118,732172,7.87
2022-02-19,62.99,7.69,29.32,33,6706393,72.12,84,6128527,65.9,82,4470062,48.07,79,732251,7.87
2022-02-20,63.01,7.67,29.32,203,6706596,72.12,604,6129131,65.91,721,4470783,48.08,2574,734825,7.9
2022-02-21,63.04,7.65,29.31,173,6706769,72.12,413,6129544,65.91,489,4471272,48.08,1542,736367,7.92
2022-02-22,63.05,7.65,29.3,158,6706927,72.12,454,6129998,65.92,569,4471841,48.09,1871,738238,7.94
2022-02-23,63.06,7.65,29.29,109,6707036,72.12,353,6130351,65.92,452,4472293,48.09,1153,739391,7.95
2022-02-24,63.05,7.66,29.29,138,6707174,72.13,462,6130813,65.93,568,4472861,48.1,1492,740883,7.97
2022-02-25,63.06,7.66,29.28,59,6707233,72.13,144,6130957,65.93,190,4473051,48.1,456,741339,7.97
2022-02-26,63.05,7.67,29.28,17,6707250,72.13,28,6130985,65.93,161,4473212,48.1,35,741374,7.97
2022-02-27,63.05,7.67,29.28,112,6707362,72.13,341,6131326,65.93,448,4473660,48.11,1119,742493,7.98
2022-02-28,63.07,7.65,29.28,108,6707470,72.13,271,6131597,65.94,422,4474082,48.11,907,743400,7.99
2022-03-01,63.1,7.63,29.27,95,6707565,72.13,281,6131878,65.94,372,4474454,48.12,797,744197,8
2022-03-02,63.11,7.62,29.27,77,6707642,72.13,199,6132077,65.94,324,4474778,48.12,697,744894,8.01
2022-03-03,63.05,7.67,29.27,156,6707798,72.13,372,6132449,65.95,496,4475274,48.12,987,745881,8.02
2022-03-04,63.05,7.68,29.27,53,6707851,72.13,170,6132619,65.95,170,4475444,48.13,227,746108,8.02
2022-03-05,63.04,7.69,29.27,4,6707855,72.13,25,6132644,65.95,43,4475487,48.13,32,746140,8.02
2022-03-06,63.04,7.69,29.27,97,6707952,72.13,258,6132902,65.95,418,4475905,48.13,760,746900,8.03
2022-03-07,63.05,7.69,29.26,87,6708039,72.13,260,6133162,65.95,353,4476258,48.14,605,747505,8.04
2022-03-08,63.04,7.7,29.26,99,6708138,72.14,263,6133425,65.96,333,4476591,48.14,550,748055,8.04
2022-03-09,63.02,7.72,29.25,89,6708227,72.14,213,6133638,65.96,337,4476928,48.14,492,748547,8.05
2022-03-10,63.01,7.74,29.25,116,6708343,72.14,374,6134012,65.96,427,4477355,48.15,620,749167,8.06
2022-03-11,63,7.75,29.25,24,6708367,72.14,86,6134098,65.96,122,4477477,48.15,144,749311,8.06
2022-03-12,62.98,7.77,29.24,11,6708378,72.14,12,6134110,65.96,33,4477510,48.15,28,749339,8.06
2022-03-13,62.98,7.78,29.24,100,6708478,72.14,271,6134381,65.97,358,4477868,48.15,595,749934,8.06
2022-03-14,62.98,7.78,29.24,65,6708543,72.14,252,6134633,65.97,316,4478184,48.16,559,750493,8.07
2022-03-15,62.95,7.81,29.24,79,6708622,72.14,185,6134818,65.97,293,4478477,48.16,591,751084,8.08
2022-03-16,62.94,7.82,29.24,76,6708698,72.14,205,6135023,65.97,305,4478782,48.16,668,751752,8.08
2022-03-17,62.94,7.82,29.24,65,6708763,72.14,121,6135144,65.97,286,4479068,48.17,613,752365,8.09
2022-03-18,62.94,7.82,29.24,20,6708783,72.14,54,6135198,65.97,100,4479168,48.17,234,752599,8.09
2022-03-19,62.89,7.88,29.23,5,6708788,72.14,11,6135209,65.97,28,4479196,48.17,39,752638,8.09
2022-03-20,62.87,7.89,29.23,119,6708907,72.14,260,6135469,65.98,486,4479682,48.17,1431,754069,8.11
2022-03-21,62.87,7.9,29.23,97,6709004,72.15,247,6135716,65.98,379,4480061,48.18,1132,755201,8.12
2022-03-22,62.84,7.94,29.23,141,6709145,72.15,342,6136058,65.98,507,4480568,48.18,1770,756971,8.14
2022-03-23,62.81,7.97,29.22,108,6709253,72.15,212,6136270,65.99,463,4481031,48.19,1676,758647,8.16
2022-03-24,62.78,8,29.22,174,6709427,72.15,345,6136615,65.99,768,4481799,48.2,2362,761009,8.18
2022-03-25,62.78,8,29.23,39,6709466,72.15,82,6136697,65.99,156,4481955,48.2,629,761638,8.19
2022-03-26,62.77,8,29.22,12,6709478,72.15,13,6136710,65.99,34,4481989,48.2,91,761729,8.19
2022-03-27,62.75,8.02,29.22,167,6709645,72.15,344,6137054,65.99,758,4482747,48.21,3193,764922,8.23
2022-03-28,62.75,8.03,29.22,113,6709758,72.15,270,6137324,66,623,4483370,48.21,2416,767338,8.25
2022-03-29,62.7,8.07,29.22,125,6709883,72.15,259,6137583,66,641,4484011,48.22,2771,770109,8.28
2022-03-30,62.81,8.11,29.07,132,6710015,72.16,207,6137790,66,539,4484550,48.22,2370,772479,8.31
2022-03-31,62.79,8.11,29.1,166,6710181,72.16,302,6138092,66.01,730,4485280,48.23,2852,775331,8.34
2022-04-01,62.72,8.13,29.15,122,6710303,72.16,161,6138253,66.01,277,4485557,48.24,585,775916,8.34
2022-04-02,62.69,8.15,29.16,7,6710310,72.16,7,6138260,66.01,37,4485594,48.24,52,775968,8.34
2022-04-03,62.65,8.16,29.19,159,6710469,72.16,270,6138530,66.01,569,4486163,48.24,2478,778446,8.37
2022-04-04,62.62,8.16,29.22,103,6710572,72.16,207,6138737,66.01,484,4486647,48.25,2224,780670,8.39
2022-04-05,62.57,8.19,29.25,122,6710694,72.16,219,6138956,66.02,513,4487160,48.25,2242,782912,8.42
2022-04-06,62.55,8.2,29.25,92,6710786,72.16,155,6139111,66.02,383,4487543,48.26,2021,784933,8.44
2022-04-07,62.56,8.2,29.24,191,6710977,72.17,215,6139326,66.02,641,4488184,48.26,2556,787489,8.47
2022-04-08,62.54,8.22,29.23,30,6711007,72.17,61,6139387,66.02,153,4488337,48.27,482,787971,8.47
2022-04-09,62.52,8.25,29.23,6,6711013,72.17,17,6139404,66.02,27,4488364,48.27,47,788018,8.47
2022-04-10,62.51,8.26,29.23,103,6711116,72.17,264,6139668,66.02,429,4488793,48.27,1845,789863,8.49
2022-04-11,62.54,8.26,29.2,78,6711194,72.17,201,6139869,66.03,371,4489164,48.27,1425,791288,8.51
2022-04-12,62.58,8.29,29.12,204,6711398,72.17,168,6140037,66.03,375,4489539,48.28,1360,792648,8.52
2022-04-13,62.58,8.31,29.1,119,6711517,72.17,150,6140187,66.03,296,4489835,48.28,1217,793865,8.54
2022-04-14,62.57,8.33,29.1,85,6711602,72.17,221,6140408,66.03,320,4490155,48.28,1069,794934,8.55
2022-04-15,62.55,8.35,29.1,9,6711611,72.17,51,6140459,66.03,47,4490202,48.29,82,795016,8.55
2022-04-16,62.53,8.37,29.1,3,6711614,72.17,8,6140467,66.03,21,4490223,48.29,29,795045,8.55
2022-04-17,62.52,8.38,29.1,62,6711676,72.17,131,6140598,66.03,229,4490452,48.29,807,795852,8.56
2022-04-18,62.51,8.38,29.1,69,6711745,72.17,109,6140707,66.03,252,4490704,48.29,749,796601,8.57
2022-04-19,62.5,8.4,29.1,62,6711807,72.18,144,6140851,66.04,273,4490977,48.29,842,797443,8.58
2022-04-20,62.48,8.42,29.1,60,6711867,72.18,117,6140968,66.04,235,4491212,48.3,654,798097,8.58
2022-04-21,62.47,8.43,29.1,53,6711920,72.18,109,6141077,66.04,197,4491409,48.3,479,798576,8.59
2022-04-22,62.45,8.44,29.11,3,6711923,72.18,17,6141094,66.04,19,4491428,48.3,19,798595,8.59
2022-04-23,62.43,8.46,29.11,6,6711929,72.18,9,6141103,66.04,15,4491443,48.3,13,798608,8.59
2022-04-24,62.43,8.47,29.1,92,6712021,72.18,250,6141353,66.04,329,4491772,48.3,872,799480,8.6
2022-04-25,62.43,8.47,29.1,105,6712126,72.18,191,6141544,66.04,316,4492088,48.31,738,800218,8.61
2022-04-26,62.42,8.48,29.1,75,6712201,72.18,175,6141719,66.05,303,4492391,48.31,787,801005,8.61
2022-04-27,62.41,8.49,29.1,54,6712255,72.18,160,6141879,66.05,227,4492618,48.31,640,801645,8.62
2022-04-28,62.41,8.5,29.1,96,6712351,72.18,232,6142111,66.05,329,4492947,48.31,871,802516,8.63
2022-04-29,62.39,8.51,29.1,113,6712464,72.18,159,6142270,66.05,183,4493130,48.32,195,802711,8.63
2022-04-30,62.38,8.52,29.1,1,6712465,72.18,3,6142273,66.05,24,4493154,48.32,22,802733,8.63
2022-05-01,62.38,8.53,29.09,135,6712600,72.18,185,6142458,66.05,316,4493470,48.32,630,803363,8.64
2022-05-02,62.37,8.54,29.09,62,6712662,72.18,155,6142613,66.05,235,4493705,48.32,491,803854,8.64
2022-05-03,62.36,8.55,29.09,72,6712734,72.19,151,6142764,66.06,288,4493993,48.33,508,804362,8.65
2022-05-04,62.35,8.57,29.08,23,6712757,72.19,56,6142820,66.06,63,4494056,48.33,126,804488,8.65
2022-05-05,62.34,8.58,29.08,4,6712761,72.19,1,6142821,66.06,8,4494064,48.33,13,804501,8.65
2022-05-06,62.33,8.59,29.08,20,6712781,72.19,59,6142880,66.06,64,4494128,48.33,151,804652,8.65
2022-05-07,62.32,8.6,29.08,1,6712782,72.19,7,6142887,66.06,27,4494155,48.33,24,804676,8.65
2022-05-08,62.31,8.61,29.08,118,6712900,72.19,207,6143094,66.06,270,4494425,48.33,457,805133,8.66
2022-05-09,62.31,8.61,29.08,59,6712959,72.19,162,6143256,66.06,251,4494676,48.33,505,805638,8.66
2022-05-10,62.3,8.62,29.08,131,6713090,72.19,169,6143425,66.06,261,4494937,48.34,508,806146,8.67
2022-05-11,62.3,8.63,29.08,58,6713148,72.19,118,6143543,66.06,182,4495119,48.34,464,806610,8.67
2022-05-12,62.29,8.64,29.07,119,6713267,72.19,200,6143743,66.07,278,4495397,48.34,665,807275,8.68
2022-05-13,62.28,8.65,29.07,11,6713278,72.19,44,6143787,66.07,71,4495468,48.34,110,807385,8.68
2022-05-14,62.26,8.66,29.07,6,6713284,72.19,13,6143800,66.07,11,4495479,48.34,23,807408,8.68
2022-05-15,62.26,8.67,29.07,90,6713374,72.19,175,6143975,66.07,246,4495725,48.34,665,808073,8.69
2022-05-16,62.19,8.65,29.16,68,6713442,72.19,141,6144116,66.07,230,4495955,48.35,508,808581,8.7
2022-05-17,62.18,8.66,29.16,73,6713515,72.19,153,6144269,66.07,269,4496224,48.35,617,809198,8.7
2022-05-18,62.17,8.67,29.16,43,6713558,72.19,99,6144368,66.07,169,4496393,48.35,447,809645,8.71
2022-05-19,62.16,8.68,29.16,64,6713622,72.19,171,6144539,66.08,212,4496605,48.35,499,810144,8.71
2022-05-20,62.15,8.69,29.16,75,6713697,72.2,114,6144653,66.08,130,4496735,48.36,138,810282,8.71
2022-05-21,62.14,8.7,29.16,4,6713701,72.2,7,6144660,66.08,14,4496749,48.36,18,810300,8.71
2022-05-22,62.14,8.71,29.16,87,6713788,72.2,188,6144848,66.08,216,4496965,48.36,426,810726,8.72
2022-05-23,62.14,8.71,29.16,64,6713852,72.2,120,6144968,66.08,156,4497121,48.36,346,811072,8.72
2022-05-24,62.13,8.71,29.15,43,6713895,72.2,119,6145087,66.08,157,4497278,48.36,394,811466,8.73
2022-05-25,62.12,8.72,29.15,61,6713956,72.2,103,6145190,66.08,168,4497446,48.36,337,811803,8.73
2022-05-26,62.11,8.73,29.16,72,6714028,72.2,136,6145326,66.08,186,4497632,48.37,348,812151,8.73
2022-05-27,62.1,8.74,29.16,12,6714040,72.2,29,6145355,66.08,43,4497675,48.37,59,812210,8.73
2022-05-28,62.09,8.75,29.16,2,6714042,72.2,5,6145360,66.08,8,4497683,48.37,12,812222,8.73
2022-05-29,62.09,8.75,29.16,89,6714131,72.2,153,6145513,66.09,163,4497846,48.37,315,812537,8.74
2022-05-30,62.09,8.76,29.16,56,6714187,72.2,133,6145646,66.09,125,4497971,48.37,291,812828,8.74
2022-05-31,62.07,8.78,29.15,45,6714232,72.2,104,6145750,66.09,153,4498124,48.37,351,813179,8.74
2022-06-01,61.95,8.9,29.16,63,6714295,72.2,91,6145841,66.09,117,4498241,48.37,276,813455,8.75
2022-06-02,45.96,24.88,29.15,77,6714372,72.2,156,6145997,66.09,177,4498418,48.37,255,813710,8.75
2022-06-03,45.9,24.95,29.16,10,6714382,72.2,23,6146020,66.09,21,4498439,48.37,33,813743,8.75
2022-06-04,45.84,25,29.16,0,6714382,72.2,7,6146027,66.09,8,4498447,48.37,5,813748,8.75
2022-06-05,45.8,25.05,29.16,11,6714393,72.2,14,6146041,66.09,7,4498454,48.37,2,813750,8.75
2022-06-06,39.96,30.89,29.16,58,6714451,72.2,144,6146185,66.09,161,4498615,48.38,262,814012,8.75
2022-06-07,39.92,30.93,29.15,54,6714505,72.2,134,6146319,66.09,142,4498757,48.38,379,814391,8.76
2022-06-08,39.89,30.96,29.15,58,6714563,72.21,104,6146423,66.1,131,4498888,48.38,497,814888,8.76
2022-06-09,39.86,30.99,29.15,84,6714647,72.21,207,6146630,66.1,234,4499122,48.38,642,815530,8.77
2022-06-10,39.83,31.02,29.15,14,6714661,72.21,51,6146681,66.1,59,4499181,48.38,141,815671,8.77
2022-06-11,39.8,31.05,29.15,0,6714661,72.21,3,6146684,66.1,7,4499188,48.38,19,815690,8.77
2022-06-12,39.8,31.05,29.15,109,6714770,72.21,199,6146883,66.1,191,4499379,48.38,767,816457,8.78
2022-06-13,39.81,31.04,29.15,84,6714854,72.21,142,6147025,66.1,168,4499547,48.39,625,817082,8.79
2022-06-14,39.79,31.06,29.15,116,6714970,72.21,173,6147198,66.1,208,4499755,48.39,759,817841,8.79
2022-06-15,39.78,31.08,29.15,71,6715041,72.21,141,6147339,66.11,208,4499963,48.39,699,818540,8.8
2022-06-16,39.74,31.11,29.14,94,6715135,72.21,136,6147475,66.11,218,4500181,48.39,742,819282,8.81
2022-06-17,39.72,31.14,29.15,16,6715151,72.21,63,6147538,66.11,53,4500234,48.39,124,819406,8.81
2022-06-18,39.68,31.17,29.14,3,6715154,72.21,4,6147542,66.11,11,4500245,48.39,15,819421,8.81
2022-06-19,39.53,31.33,29.15,115,6715269,72.21,207,6147749,66.11,318,4500563,48.4,877,820298,8.82
2022-06-20,33.92,36.85,29.23,99,6715368,72.21,152,6147901,66.11,307,4500870,48.4,922,821220,8.83
2022-06-21,33.58,37.19,29.23,94,6715462,72.21,154,6148055,66.11,375,4501245,48.4,1229,822449,8.84
2022-06-22,33.28,37.49,29.23,110,6715572,72.22,135,6148190,66.11,339,4501584,48.41,894,823343,8.85
2022-06-23,32.84,37.92,29.23,132,6715704,72.22,217,6148407,66.12,525,4502109,48.41,1146,824489,8.87
2022-06-24,32.43,38.34,29.24,19,6715723,72.22,35,6148442,66.12,110,4502219,48.41,207,824696,8.87
2022-06-25,32.04,38.72,29.24,1,6715724,72.22,3,6148445,66.12,12,4502231,48.41,16,824712,8.87
2022-06-26,31.63,39.13,29.24,107,6715831,72.22,158,6148603,66.12,379,4502610,48.42,933,825645,8.88
2022-06-27,31.29,39.47,29.24,86,6715917,72.22,172,6148775,66.12,392,4503002,48.42,1028,826673,8.89
2022-06-28,30.86,39.91,29.24,84,6716001,72.22,151,6148926,66.12,364,4503366,48.43,932,827605,8.9
2022-06-29,30.48,40.28,29.24,76,6716077,72.22,106,6149032,66.12,265,4503631,48.43,816,828421,8.91
2022-06-30,30.05,40.71,29.24,86,6716163,72.22,165,6149197,66.13,356,4503987,48.43,1061,829482,8.92
2022-07-01,29.62,41.14,29.24,22,6716185,72.22,28,6149225,66.13,55,4504042,48.43,80,829562,8.92
2022-07-02,29.2,41.56,29.24,1,6716186,72.22,2,6149227,66.13,8,4504050,48.43,18,829580,8.92
2022-07-03,28.81,41.95,29.24,100,6716286,72.22,177,6149404,66.13,322,4504372,48.44,637,830217,8.93
2022-07-04,28.5,42.26,29.24,76,6716362,72.22,140,6149544,66.13,278,4504650,48.44,749,830966,8.94
2022-07-05,28.06,42.7,29.24,59,6716421,72.23,142,6149686,66.13,302,4504952,48.44,688,831654,8.94
2022-07-06,27.39,43.37,29.24,78,6716499,72.23,124,6149810,66.13,211,4505163,48.45,646,832300,8.95
2022-07-07,26.48,44.28,29.24,82,6716581,72.23,164,6149974,66.13,267,4505430,48.45,721,833021,8.96
2022-07-08,25.47,45.29,29.24,17,6716598,72.23,33,6150007,66.13,69,4505499,48.45,131,833152,8.96
2022-07-09,24.42,46.34,29.24,0,6716598,72.23,1,6150008,66.13,3,4505502,48.45,2,833154,8.96
2022-07-10,23.77,46.99,29.24,90,6716688,72.23,164,6150172,66.14,229,4505731,48.45,470,833624,8.96
2022-07-11,23.22,47.54,29.24,64,6716752,72.23,142,6150314,66.14,248,4505979,48.46,575,834199,8.97
2022-07-12,22.13,48.63,29.24,69,6716821,72.23,129,6150443,66.14,207,4506186,48.46,558,834757,8.98
2022-07-13,21.1,49.66,29.24,43,6716864,72.23,101,6150544,66.14,165,4506351,48.46,488,835245,8.98
2022-07-14,20.12,50.63,29.24,69,6716933,72.23,147,6150691,66.14,209,4506560,48.46,512,835757,8.99
2022-07-15,19.27,51.48,29.25,64,6716997,72.23,88,6150779,66.14,127,4506687,48.46,166,835923,8.99
2022-07-16,18.29,52.46,29.25,0,6716997,72.23,6,6150785,66.14,7,4506694,48.46,8,835931,8.99
2022-07-17,17.83,52.92,29.25,77,6717074,72.23,183,6150968,66.14,241,4506935,48.47,468,836399,8.99
2022-07-18,17.48,53.26,29.26,62,6717136,72.23,158,6151126,66.15,207,4507142,48.47,511,836910,9
2022-07-19,16.77,53.97,29.26,62,6717198,72.23,147,6151273,66.15,174,4507316,48.47,368,837278,9
2022-07-20,16.09,54.64,29.26,52,6717250,72.23,133,6151406,66.15,137,4507453,48.47,423,837701,9.01
2022-07-21,15.43,55.3,29.27,61,6717311,72.23,158,6151564,66.15,176,4507629,48.47,341,838042,9.01
2022-07-22,14.64,56.08,29.28,10,6717321,72.23,36,6151600,66.15,43,4507672,48.47,56,838098,9.01
2022-07-23,14.17,56.55,29.28,0,6717321,72.23,4,6151604,66.15,4,4507676,48.47,9,838107,9.01
2022-07-24,13.55,57.16,29.29,58,6717379,72.24,128,6151732,66.15,197,4507873,48.48,364,838471,9.02
2022-07-25,13.09,57.61,29.3,48,6717427,72.24,107,6151839,66.15,172,4508045,48.48,336,838807,9.02
2022-07-26,12.46,58.23,29.3,47,6717474,72.24,99,6151938,66.15,111,4508156,48.48,270,839077,9.02
2022-07-27,11.89,58.8,29.31,43,6717517,72.24,125,6152063,66.16,132,4508288,48.48,243,839320,9.03
2022-07-28,11.35,59.34,29.31,62,6717579,72.24,142,6152205,66.16,147,4508435,48.48,220,839540,9.03
2022-07-29,10.85,59.83,29.32,10,6717589,72.24,25,6152230,66.16,27,4508462,48.48,31,839571,9.03
2022-07-30,10.34,60.33,29.33,0,6717589,72.24,0,6152230,66.16,1,4508463,48.48,1,839572,9.03
2022-07-31,9.97,60.7,29.33,56,6717645,72.24,134,6152364,66.16,131,4508594,48.48,252,839824,9.03
2022-08-01,9.47,61.19,29.34,54,6717699,72.24,76,6152440,66.16,89,4508683,48.48,152,839976,9.03
2022-08-02,8.92,61.73,29.35,111,6717810,72.24,119,6152559,66.16,157,4508840,48.49,264,840240,9.04
2022-08-03,8.46,62.19,29.35,76,6717886,72.24,71,6152630,66.16,92,4508932,48.49,178,840418,9.04
2022-08-04,8.04,62.61,29.36,133,6718019,72.24,133,6152763,66.16,111,4509043,48.49,246,840664,9.04
2022-08-05,7.71,62.93,29.36,30,6718049,72.24,23,6152786,66.16,13,4509056,48.49,24,840688,9.04
2022-08-06,7.32,63.32,29.36,1,6718050,72.24,2,6152788,66.16,1,4509057,48.49,5,840693,9.04
2022-08-07,6.92,63.71,29.37,89,6718139,72.24,97,6152885,66.17,69,4509126,48.49,169,840862,9.04
2022-08-08,6.74,63.89,29.37,76,6718215,72.24,95,6152980,66.17,122,4509248,48.49,172,841034,9.04
2022-08-09,6.25,64.37,29.38,96,6718311,72.25,90,6153070,66.17,99,4509347,48.49,213,841247,9.05
2022-08-10,5.91,64.71,29.38,77,6718388,72.25,59,6153129,66.17,76,4509423,48.49,115,841362,9.05
2022-08-11,5.59,65.03,29.38,54,6718442,72.25,101,6153230,66.17,91,4509514,48.49,155,841517,9.05
2022-08-12,5.35,65.27,29.38,8,6718450,72.25,12,6153242,66.17,18,4509532,48.49,29,841546,9.05
2022-08-13,5.1,65.52,29.38,0,6718450,72.25,2,6153244,66.17,2,4509534,48.49,3,841549,9.05
2022-08-14,4.87,65.75,29.39,74,6718524,72.25,75,6153319,66.17,82,4509616,48.49,150,841699,9.05
2022-08-15,4.74,65.87,29.39,68,6718592,72.25,81,6153400,66.17,93,4509709,48.5,143,841842,9.05
2022-08-16,4.46,66.15,29.39,82,6718674,72.25,84,6153484,66.17,84,4509793,48.5,187,842029,9.05
2022-08-17,4.16,66.44,29.39,47,6718721,72.25,55,6153539,66.17,36,4509829,48.5,115,842144,9.06
2022-08-18,3.98,66.63,29.39,69,6718790,72.25,93,6153632,66.17,120,4509949,48.5,173,842317,9.06
2022-08-19,3.83,66.78,29.39,77,6718867,72.25,67,6153699,66.17,56,4510005,48.5,38,842355,9.06
2022-08-20,3.67,66.94,29.39,1,6718868,72.25,1,6153700,66.17,3,4510008,48.5,3,842358,9.06
2022-08-21,3.52,67.08,29.4,51,6718919,72.25,85,6153785,66.17,84,4510092,48.5,197,842555,9.06
2022-08-22,3.44,67.16,29.4,89,6719008,72.25,74,6153859,66.18,103,4510195,48.5,143,842698,9.06
2022-08-23,3.27,67.33,29.4,72,6719080,72.25,106,6153965,66.18,84,4510279,48.5,180,842878,9.06
2022-08-24,3.15,67.46,29.4,38,6719118,72.25,80,6154045,66.18,49,4510328,48.5,133,843011,9.07
2022-08-25,3.03,67.57,29.4,53,6719171,72.25,75,6154120,66.18,97,4510425,48.5,193,843204,9.07
2022-08-26,2.94,67.66,29.4,4,6719175,72.25,15,6154135,66.18,9,4510434,48.5,14,843218,9.07
2022-08-27,2.84,67.76,29.4,0,6719175,72.25,0,6154135,66.18,0,4510434,48.5,0,843218,9.07
2022-08-28,2.75,67.85,29.4,55,6719230,72.26,80,6154215,66.18,85,4510519,48.5,102,843320,9.07
2022-08-29,2.69,67.91,29.4,48,6719278,72.26,68,6154283,66.18,89,4510608,48.5,107,843427,9.07
2022-08-30,2.6,68,29.4,85,6719363,72.26,113,6154396,66.18,85,4510693,48.51,130,843557,9.07
2022-08-31,2.53,68.07,29.4,42,6719405,72.26,88,6154484,66.18,70,4510763,48.51,96,843653,9.07
2022-09-01,2.46,68.14,29.4,29,6719434,72.26,84,6154568,66.18,58,4510821,48.51,113,843766,9.07
2022-09-02,2.4,68.2,29.4,6,6719440,72.26,20,6154588,66.18,13,4510834,48.51,10,843776,9.07
2022-09-03,2.33,68.27,29.4,2,6719442,72.26,0,6154588,66.18,3,4510837,48.51,1,843777,9.07
2022-09-04,2.27,68.32,29.4,64,6719506,72.26,133,6154721,66.18,80,4510917,48.51,121,843898,9.07
2022-09-05,2.23,68.37,29.4,44,6719550,72.26,77,6154798,66.19,58,4510975,48.51,90,843988,9.08
2022-09-06,2.17,68.42,29.4,60,6719610,72.26,104,6154902,66.19,78,4511053,48.51,130,844118,9.08
2022-09-07,2.12,68.47,29.4,27,6719637,72.26,63,6154965,66.19,53,4511106,48.51,95,844213,9.08
2022-09-08,2.07,68.53,29.4,50,6719687,72.26,101,6155066,66.19,70,4511176,48.51,77,844290,9.08
2022-09-09,2.03,68.57,29.4,10,6719697,72.26,21,6155087,66.19,16,4511192,48.51,17,844307,9.08
2022-09-10,1.97,68.62,29.4,0,6719697,72.26,0,6155087,66.19,5,4511197,48.51,2,844309,9.08
2022-09-11,1.92,68.67,29.41,39,6719736,72.26,117,6155204,66.19,78,4511275,48.51,116,844425,9.08
2022-09-12,1.88,68.71,29.41,24,6719760,72.26,72,6155276,66.19,52,4511327,48.51,68,844493,9.08
2022-09-13,1.82,68.77,29.41,44,6719804,72.26,113,6155389,66.19,54,4511381,48.51,103,844596,9.08
2022-09-14,1.78,68.82,29.41,21,6719825,72.26,64,6155453,66.19,54,4511435,48.51,62,844658,9.08
2022-09-15,1.73,68.86,29.41,32,6719857,72.26,77,6155530,66.19,63,4511498,48.51,107,844765,9.08
2022-09-16,1.7,68.89,29.41,48,6719905,72.26,52,6155582,66.19,28,4511526,48.51,28,844793,9.08
2022-09-17,1.66,68.93,29.41,3,6719908,72.26,0,6155582,66.19,1,4511527,48.51,0,844793,9.08
2022-09-18,1.63,68.96,29.41,28,6719936,72.26,66,6155648,66.19,52,4511579,48.52,114,844907,9.09
2022-09-19,1.61,68.98,29.41,27,6719963,72.26,74,6155722,66.2,44,4511623,48.52,57,844964,9.09
2022-09-20,1.56,69.03,29.41,41,6720004,72.26,93,6155815,66.2,75,4511698,48.52,102,845066,9.09
2022-09-21,1.55,69.05,29.41,22,6720026,72.26,54,6155869,66.2,29,4511727,48.52,56,845122,9.09
2022-09-22,1.52,69.07,29.4,40,6720066,72.26,56,6155925,66.2,27,4511754,48.52,41,845163,9.09
2022-09-23,1.5,69.1,29.41,6,6720072,72.26,11,6155936,66.2,4,4511758,48.52,1,845164,9.09
2022-09-24,1.47,69.13,29.41,0,6720072,72.26,0,6155936,66.2,0,4511758,48.52,0,845164,9.09
2022-09-25,1.46,69.13,29.41,5,6720077,72.26,20,6155956,66.2,10,4511768,48.52,27,845191,9.09
2022-09-26,1.46,69.13,29.41,0,6720077,72.26,5,6155961,66.2,2,4511770,48.52,2,845193,9.09
2022-09-27,1.42,69.17,29.41,2,6720079,72.26,0,6155961,66.2,3,4511773,48.52,3,845196,9.09
2022-09-28,1.39,69.21,29.41,24,6720103,72.26,36,6155997,66.2,25,4511798,48.52,17,845213,9.09
2022-09-29,1.37,69.22,29.41,32,6720135,72.27,61,6156058,66.2,13,4511811,48.52,48,845261,9.09
2022-09-30,1.35,69.24,29.41,3,6720138,72.27,12,6156070,66.2,2,4511813,48.52,0,845261,9.09
2022-10-01,1.31,69.29,29.41,0,6720138,72.27,1,6156071,66.2,1,4511814,48.52,1,845262,9.09
2022-10-02,1.31,69.29,29.41,25,6720163,72.27,51,6156122,66.2,20,4511834,48.52,73,845335,9.09
2022-10-03,1.31,69.28,29.4,23,6720186,72.27,29,6156151,66.2,13,4511847,48.52,12,845347,9.09
2022-10-04,1.27,69.32,29.4,7,6720193,72.27,10,6156161,66.2,0,4511847,48.52,1,845348,9.09
2022-10-05,1.28,69.31,29.4,1,6720194,72.27,0,6156161,66.2,0,4511847,48.52,1,845349,9.09
2022-10-06,1.31,69.28,29.4,17,6720211,72.27,43,6156204,66.2,10,4511857,48.52,20,845369,9.09
2022-10-07,1.3,69.29,29.41,3,6720214,72.27,3,6156207,66.2,3,4511860,48.52,0,845369,9.09
2022-10-08,1.26,69.33,29.41,1,6720215,72.27,1,6156208,66.2,0,4511860,48.52,1,845370,9.09
2022-10-09,1.31,69.28,29.41,7,6720222,72.27,22,6156230,66.2,6,4511866,48.52,5,845375,9.09
2022-10-10,1.38,69.22,29.4,5,6720227,72.27,2,6156232,66.2,0,4511866,48.52,0,845375,9.09
2022-10-11,1.36,69.24,29.4,12,6720239,72.27,32,6156264,66.2,1,4511867,48.52,32,845407,9.09
2022-10-12,1.34,69.26,29.4,13,6720252,72.27,24,6156288,66.2,5,4511872,48.52,4,845411,9.09
2022-10-13,1.4,69.2,29.4,17,6720269,72.27,16,6156304,66.2,5,4511877,48.52,9,845420,9.09
2022-10-14,1.4,69.2,29.4,6,6720275,72.27,7,6156311,66.2,4,4511881,48.52,3,845423,9.09
2022-10-15,1.38,69.22,29.4,0,6720275,72.27,0,6156311,66.2,0,4511881,48.52,1,845424,9.09
2022-10-16,1.39,69.2,29.4,4,6720279,72.27,13,6156324,66.2,5,4511886,48.52,8,845432,9.09
2022-10-17,1.39,69.2,29.4,1,6720280,72.27,1,6156325,66.2,1,4511887,48.52,0,845432,9.09
2022-10-18,1.43,69.17,29.4,24,6720304,72.27,31,6156356,66.2,14,4511901,48.52,16,845448,9.09
2022-10-19,1.47,69.12,29.4,18,6720322,72.27,25,6156381,66.2,7,4511908,48.52,3,845451,9.09
2022-10-20,1.5,69.1,29.4,26,6720348,72.27,44,6156425,66.2,12,4511920,48.52,4,845455,9.09
2022-10-21,1.5,69.09,29.4,4,6720352,72.27,7,6156432,66.2,2,4511922,48.52,2,845457,9.09
2022-10-22,1.49,69.1,29.4,0,6720352,72.27,0,6156432,66.2,0,4511922,48.52,0,845457,9.09
2022-10-23,1.51,69.08,29.4,15,6720367,72.27,33,6156465,66.2,18,4511940,48.52,10,845467,9.09
2022-10-24,1.51,69.08,29.41,20,6720387,72.27,16,6156481,66.2,19,4511959,48.52,9,845476,9.09
2022-10-25,1.55,69.04,29.4,18,6720405,72.27,34,6156515,66.2,22,4511981,48.52,21,845497,9.09
2022-10-26,1.61,68.99,29.4,18,6720423,72.27,25,6156540,66.2,8,4511989,48.52,9,845506,9.09
2022-10-27,1.67,68.93,29.4,18,6720441,72.27,26,6156566,66.2,14,4512003,48.52,16,845522,9.09
2022-10-28,1.67,68.93,29.4,45,6720486,72.27,47,6156613,66.21,31,4512034,48.52,18,845540,9.09
2022-10-29,1.66,68.94,29.4,0,6720486,72.27,0,6156613,66.21,0,4512034,48.52,0,845540,9.09
2022-10-30,1.71,68.89,29.4,14,6720500,72.27,23,6156636,66.21,15,4512049,48.52,9,845549,9.09
2022-10-31,1.76,68.84,29.4,17,6720517,72.27,16,6156652,66.21,8,4512057,48.52,9,845558,9.09
2022-11-01,1.82,68.78,29.4,2,6720519,72.27,1,6156653,66.21,1,4512058,48.52,0,845558,9.09
2022-11-02,1.88,68.72,29.4,13,6720532,72.27,13,6156666,66.21,7,4512065,48.52,8,845566,9.09
2022-11-03,1.96,68.64,29.4,16,6720548,72.27,18,6156684,66.21,11,4512076,48.52,8,845574,9.09
2022-11-04,1.98,68.63,29.4,4,6720552,72.27,6,6156690,66.21,1,4512077,48.52,2,845576,9.09
2022-11-05,1.97,68.63,29.4,0,6720552,72.27,0,6156690,66.21,0,4512077,48.52,0,845576,9.09
2022-11-06,2.03,68.57,29.4,24,6720576,72.27,33,6156723,66.21,11,4512088,48.52,23,845599,9.09
2022-11-07,2.1,68.51,29.4,15,6720591,72.27,11,6156734,66.21,10,4512098,48.52,54,845653,9.09
2022-11-08,2.1,68.5,29.4,28,6720619,72.27,26,6156760,66.21,14,4512112,48.52,9,845662,9.09
2022-11-09,2.16,68.45,29.4,16,6720635,72.27,20,6156780,66.21,17,4512129,48.52,9,845671,9.09
2022-11-10,2.22,68.39,29.4,26,6720661,72.27,14,6156794,66.21,11,4512140,48.52,4,845675,9.09
2022-11-11,2.23,68.37,29.4,1,6720662,72.27,17,6156811,66.21,2,4512142,48.52,1,845676,9.09
2022-11-12,2.22,68.38,29.4,1,6720663,72.27,0,6156811,66.21,1,4512143,48.52,0,845676,9.09
2022-11-13,2.29,68.31,29.4,24,6720687,72.27,30,6156841,66.21,17,4512160,48.52,8,845684,9.09
2022-11-14,2.37,68.23,29.4,20,6720707,72.27,17,6156858,66.21,21,4512181,48.52,16,845700,9.09
2022-11-15,2.43,68.17,29.4,40,6720747,72.27,25,6156883,66.21,16,4512197,48.52,17,845717,9.09
2022-11-16,2.5,68.1,29.4,14,6720761,72.27,27,6156910,66.21,16,4512213,48.52,11,845728,9.09
2022-11-17,2.59,68.02,29.4,19,6720780,72.27,33,6156943,66.21,18,4512231,48.52,4,845732,9.09
2022-11-18,2.61,67.99,29.4,6,6720786,72.27,4,6156947,66.21,4,4512235,48.52,0,845732,9.09
2022-11-19,2.6,68,29.4,0,6720786,72.27,0,6156947,66.21,0,4512235,48.52,0,845732,9.09
2022-11-20,2.67,67.93,29.4,19,6720805,72.27,19,6156966,66.21,6,4512241,48.52,13,845745,9.09
2022-11-21,2.76,67.85,29.4,14,6720819,72.27,13,6156979,66.21,6,4512247,48.52,6,845751,9.09
2022-11-22,2.83,67.77,29.4,26,6720845,72.27,13,6156992,66.21,17,4512264,48.52,6,845757,9.09
2022-11-23,2.9,67.7,29.4,17,6720862,72.27,20,6157012,66.21,4,4512268,48.52,8,845765,9.09
2022-11-24,2.98,67.62,29.4,9,6720871,72.27,16,6157028,66.21,13,4512281,48.52,27,845792,9.1
2022-11-25,3,67.6,29.4,17,6720888,72.27,33,6157061,66.21,14,4512295,48.52,12,845804,9.1
2022-11-26,3,67.61,29.4,0,6720888,72.27,2,6157063,66.21,0,4512295,48.52,0,845804,9.1
2022-11-27,3.06,67.54,29.4,14,6720902,72.27,15,6157078,66.21,19,4512314,48.52,2,845806,9.1
2022-11-28,3.14,67.47,29.4,8,6720910,72.27,23,6157101,66.21,8,4512322,48.52,6,845812,9.1
2022-11-29,3.2,67.4,29.4,37,6720947,72.27,31,6157132,66.21,19,4512341,48.52,14,845826,9.1
2022-11-30,3.27,67.34,29.39,12,6720959,72.27,25,6157157,66.21,20,4512361,48.52,8,845834,9.1
2022-12-01,3.34,67.26,29.39,13,6720972,72.27,16,6157173,66.21,15,4512376,48.52,4,845838,9.1
2022-12-02,3.36,67.24,29.39,2,6720974,72.27,7,6157180,66.21,4,4512380,48.52,10,845848,9.1
2022-12-03,3.36,67.24,29.39,0,6720974,72.27,0,6157180,66.21,0,4512380,48.52,1,845849,9.1
2022-12-04,3.42,67.18,29.39,28,6721002,72.27,23,6157203,66.21,29,4512409,48.52,26,845875,9.1
2022-12-05,3.48,67.12,29.4,9,6721011,72.27,17,6157220,66.21,11,4512420,48.52,18,845893,9.1
2022-12-06,3.55,67.06,29.39,32,6721043,72.27,26,6157246,66.21,27,4512447,48.52,7,845900,9.1
2022-12-07,3.62,66.99,29.39,10,6721053,72.27,17,6157263,66.21,8,4512455,48.52,7,845907,9.1
2022-12-08,3.69,66.91,29.39,18,6721071,72.28,26,6157289,66.21,15,4512470,48.52,3,845910,9.1
2022-12-09,3.71,66.9,29.39,4,6721075,72.28,1,6157290,66.21,1,4512471,48.52,7,845917,9.1
2022-12-10,3.7,66.91,29.39,1,6721076,72.28,0,6157290,66.21,2,4512473,48.52,0,845917,9.1
2022-12-11,3.76,66.84,29.39,14,6721090,72.28,19,6157309,66.21,15,4512488,48.53,16,845933,9.1
2022-12-12,3.82,66.78,29.39,14,6721104,72.28,11,6157320,66.21,5,4512493,48.53,0,845933,9.1
2022-12-13,3.87,66.73,29.39,17,6721121,72.28,44,6157364,66.21,18,4512511,48.53,13,845946,9.1
2022-12-14,3.92,66.69,29.39,17,6721138,72.28,16,6157380,66.21,7,4512518,48.53,3,845949,9.1
2022-12-15,3.97,66.64,29.39,22,6721160,72.28,16,6157396,66.21,7,4512525,48.53,12,845961,9.1
2022-12-16,3.98,66.62,29.39,10,6721170,72.28,2,6157398,66.21,1,4512526,48.53,0,845961,9.1
2022-12-17,3.97,66.63,29.39,0,6721170,72.28,0,6157398,66.21,0,4512526,48.53,0,845961,9.1
2022-12-18,4.01,66.59,29.39,9,6721179,72.28,17,6157415,66.21,8,4512534,48.53,3,845964,9.1
2022-12-19,4.06,66.54,29.4,7,6721186,72.28,14,6157429,66.21,12,4512546,48.53,1,845965,9.1
2022-12-20,4.1,66.51,29.39,12,6721198,72.28,17,6157446,66.21,2,4512548,48.53,2,845967,9.1
2022-12-21,4.14,66.47,29.39,9,6721207,72.28,14,6157460,66.21,13,4512561,48.53,3,845970,9.1
2022-12-22,4.18,66.42,29.39,4,6721211,72.28,10,6157470,66.21,14,4512575,48.53,1,845971,9.1
2022-12-23,4.19,66.42,29.39,8,6721219,72.28,0,6157470,66.21,2,4512577,48.53,0,845971,9.1
2022-12-24,4.18,66.43,29.39,0,6721219,72.28,0,6157470,66.21,0,4512577,48.53,0,845971,9.1
2022-12-25,4.21,66.4,29.39,5,6721224,72.28,15,6157485,66.21,1,4512578,48.53,2,845973,9.1
2022-12-26,4.24,66.36,29.39,13,6721237,72.28,4,6157489,66.21,12,4512590,48.53,0,845973,9.1
2022-12-27,4.25,66.36,29.39,17,6721254,72.28,20,6157509,66.21,13,4512603,48.53,7,845980,9.1
2022-12-28,4.26,66.34,29.39,12,6721266,72.28,13,6157522,66.22,17,4512620,48.53,29,846009,9.1
2022-12-29,4.28,66.33,29.39,12,6721278,72.28,21,6157543,66.22,11,4512631,48.53,2,846011,9.1
2022-12-30,4.27,66.33,29.4,4,6721282,72.28,5,6157548,66.22,3,4512634,48.53,0,846011,9.1
2022-12-31,4.26,66.35,29.4,0,6721282,72.28,1,6157549,66.22,0,4512634,48.53,0,846011,9.1
2023-01-01,4.27,66.33,29.4,5,6721287,72.28,14,6157563,66.22,2,4512636,48.53,1,846012,9.1
2023-01-02,4.29,66.31,29.4,3,6721290,72.28,3,6157566,66.22,3,4512639,48.53,0,846012,9.1
