Date,Valid vaccinated pop. perc.,Expired vaccinated pop. perc.,Not vaccinated pop. perc.,Vaccinated (daily),Vaccinated (cumu),Vaccinated pop. perc.,Second dose (daily),Second dose (cumu),Second dose pop. perc.,Third dose (daily),Third dose (cumu),Third dose pop. perc.,Fourth dose (daily),Fourth dose (cumu),Fourth dose pop. perc.
2020-12-19,0,0,100,46,70,0,0,4,0,0,0,0,0,0,0
2020-12-20,0,0,100,7395,7465,0.08,0,4,0,0,0,0,0,0,0
2020-12-21,0,0,100,24923,32388,0.35,0,4,0,0,0,0,0,0,0
2020-12-22,0,0,100,44667,77055,0.83,0,4,0,0,0,0,0,0,0
2020-12-23,0,0,100,62918,139973,1.51,0,4,0,0,0,0,0,0,0
2020-12-24,0,0,100,73429,213402,2.29,0,4,0,0,0,0,0,0,0
2020-12-25,0,0,100,38515,251917,2.71,0,4,0,0,0,0,0,0,0
2020-12-26,0,0,100,32617,284534,3.06,0,4,0,0,0,0,0,0,0
2020-12-27,0,0,100,104571,389105,4.18,0,4,0,0,0,0,0,0,0
2020-12-28,0,0,100,135037,524142,5.64,0,4,0,0,0,0,0,0,0
2020-12-29,0,0,100,156334,680476,7.32,2,6,0,0,0,0,0,0,0
2020-12-30,0,0,100,153182,833658,8.96,0,6,0,0,0,0,0,0,0
2020-12-31,0,0,100,158590,992248,10.67,0,6,0,0,0,0,0,0,0
2021-01-01,0,0,100,71435,1063683,11.44,0,6,0,0,0,0,0,0,0
2021-01-02,0,0,100,71742,1135425,12.21,0,6,0,0,0,0,0,0,0
2021-01-03,0,0,100,149762,1285187,13.82,0,6,0,0,0,0,0,0,0
2021-01-04,0,0,100,152198,1437385,15.46,1,7,0,0,0,0,0,0,0
2021-01-05,0,0,100,125215,1562600,16.8,4,11,0,0,0,0,0,0,0
2021-01-06,0,0,100,103369,1665969,17.91,2,13,0,0,0,0,0,0,0
2021-01-07,0,0,100,116062,1782031,19.16,9,22,0,0,0,0,0,0,0
2021-01-08,0,0,100,66461,1848492,19.88,5,27,0,0,0,0,0,0,0
2021-01-09,0,0,100,44552,1893044,20.36,24,51,0,0,0,0,0,0,0
2021-01-10,0,0,100,37648,1930692,20.76,6000,6051,0.07,0,0,0,0,0,0
2021-01-11,0,0,100,21174,1951866,20.99,19264,25315,0.27,0,0,0,0,0,0
2021-01-12,0,0,100,24075,1975941,21.25,35674,60989,0.66,0,0,0,0,0,0
2021-01-13,0,0,100,52074,2028015,21.81,56874,117863,1.27,0,0,0,0,0,0
2021-01-14,0,0,100,56476,2084491,22.42,68838,186701,2.01,0,0,0,0,0,0
2021-01-15,0,0,100,30775,2115266,22.75,35940,222641,2.39,0,0,0,0,0,0
2021-01-16,0,0,100,29479,2144745,23.06,26006,248647,2.67,0,0,0,0,0,0
2021-01-17,0.31,0,99.69,68441,2213186,23.8,84596,333243,3.58,0,0,0,0,0,0
2021-01-18,0.58,0,99.42,69816,2283002,24.55,120434,453677,4.88,0,0,0,0,0,0
2021-01-19,1.09,0,98.91,72894,2355896,25.33,137847,591524,6.36,0,0,0,0,0,0
2021-01-20,1.9,0,98.1,76917,2432813,26.16,143762,735286,7.91,0,0,0,0,0,0
2021-01-21,2.88,0,97.12,70001,2502814,26.91,164471,899757,9.68,0,0,0,0,0,0
2021-01-22,3.39,0,96.61,37928,2540742,27.32,71131,970888,10.44,0,0,0,0,0,0
2021-01-23,3.77,0,96.23,39965,2580707,27.75,53594,1024482,11.02,0,0,0,0,0,0
2021-01-24,4.96,0,95.04,69146,2649853,28.5,140706,1165188,12.53,0,0,0,0,0,0
2021-01-25,6.61,0,93.39,80943,2730796,29.37,139519,1304707,14.03,0,0,0,0,0,0
2021-01-26,8.45,0,91.55,78730,2809526,30.21,126442,1431149,15.39,0,0,0,0,0,0
2021-01-27,10.34,0,89.66,77978,2887504,31.05,125067,1556216,16.73,0,0,0,0,0,0
2021-01-28,12.43,0,87.57,79569,2967073,31.91,130629,1686845,18.14,0,0,0,0,0,0
2021-01-29,13.34,0,86.66,36703,3003776,32.3,64792,1751637,18.84,0,0,0,0,0,0
2021-01-30,14.02,0,85.98,34394,3038170,32.67,42766,1794403,19.3,0,0,0,0,0,0
2021-01-31,15.76,0,84.24,73330,3111500,33.46,59502,1853905,19.94,0,0,0,0,0,0
2021-02-01,17.48,0,82.52,82508,3194008,34.35,35356,1889261,20.32,0,0,0,0,0,0
2021-02-02,19.01,0,80.99,70102,3264110,35.1,31071,1920332,20.65,0,0,0,0,0,0
2021-02-03,20.47,0,79.53,60307,3324417,35.75,51443,1971775,21.2,0,0,0,0,0,0
2021-02-04,22,0,78,72632,3397049,36.53,58096,2029871,21.83,0,0,0,0,0,0
2021-02-05,22.75,0,77.25,33943,3430992,36.9,28805,2058676,22.14,0,0,0,0,0,0
2021-02-06,23.23,0,76.77,21621,3452613,37.13,22231,2080907,22.38,0,0,0,0,0,0
2021-02-07,23.99,0,76.01,54080,3506693,37.71,68739,2149646,23.12,0,0,0,0,0,0
2021-02-08,24.52,0,75.48,58639,3565332,38.34,65467,2215113,23.82,0,0,0,0,0,0
2021-02-09,25.04,0,74.96,66352,3631684,39.05,67577,2282690,24.55,0,0,0,0,0,0
2021-02-10,25.77,0,74.23,70569,3702253,39.81,72310,2355000,25.32,0,0,0,0,0,0
2021-02-11,26.61,0,73.39,81173,3783426,40.69,72106,2427106,26.1,0,0,0,0,0,0
2021-02-12,27.02,0,72.98,39106,3822532,41.11,37596,2464702,26.5,0,0,0,0,0,0
2021-02-13,27.33,0,72.67,27463,3849995,41.4,30440,2495142,26.83,0,0,0,0,0,0
2021-02-14,28.25,0,71.75,74915,3924910,42.21,69083,2564225,27.57,0,0,0,0,0,0
2021-02-15,29.17,0,70.83,81544,4006454,43.08,75719,2639944,28.39,0,0,0,0,0,0
2021-02-16,30.11,0,69.89,83416,4089870,43.98,78297,2718241,29.23,0,0,0,0,0,0
2021-02-17,31.01,0,68.99,61983,4151853,44.65,75641,2793882,30.04,0,0,0,0,0,0
2021-02-18,31.94,0,68.06,69157,4221010,45.39,79738,2873620,30.9,0,0,0,0,0,0
2021-02-19,32.45,0,67.55,39674,4260684,45.82,38161,2911781,31.31,0,0,0,0,0,0
2021-02-20,32.85,0,67.15,31650,4292334,46.16,28723,2940504,31.62,0,0,0,0,0,0
2021-02-21,33.8,0,66.2,79434,4371768,47.01,78444,3018948,32.46,0,0,0,0,0,0
2021-02-22,34.83,0,65.17,85058,4456826,47.93,80592,3099540,33.33,0,0,0,0,0,0
2021-02-23,35.84,0,64.16,77328,4534154,48.76,70485,3170025,34.09,0,0,0,0,0,0
2021-02-24,36.76,0,63.24,61066,4595220,49.41,63144,3233169,34.77,0,0,0,0,0,0
2021-02-25,37.66,0,62.34,51727,4646947,49.97,64805,3297974,35.46,0,0,0,0,0,0
2021-02-26,38.1,0,61.9,25911,4672858,50.25,32041,3330015,35.81,0,0,0,0,0,0
2021-02-27,38.42,0,61.58,18351,4691209,50.45,21196,3351211,36.04,0,0,0,0,0,0
2021-02-28,39.24,0,60.76,40364,4731573,50.88,55873,3407084,36.64,0,0,0,0,0,0
2021-03-01,40.1,0,59.9,45748,4777321,51.37,61441,3468525,37.3,0,0,0,0,0,0
2021-03-02,40.85,0,59.15,41200,4818521,51.82,64798,3533323,38,0,0,0,0,0,0
2021-03-03,41.55,0,58.45,42033,4860554,52.27,66789,3600112,38.71,0,0,0,0,0,0
2021-03-04,42.24,0,57.76,39718,4900272,52.7,79124,3679236,39.56,0,0,0,0,0,0
2021-03-05,42.57,0,57.43,17365,4917637,52.88,40468,3719704,40,0,0,0,0,0,0
2021-03-06,42.78,0,57.22,10722,4928359,53,25347,3745051,40.27,0,0,0,0,0,0
2021-03-07,43.36,0,56.64,31155,4959514,53.33,72845,3817896,41.06,0,0,0,0,0,0
2021-03-08,43.97,0,56.03,27387,4986901,53.63,73295,3891191,41.84,0,0,0,0,0,0
2021-03-09,44.62,0,55.38,26757,5013658,53.91,76599,3967790,42.67,0,0,0,0,0,0
2021-03-10,45.27,0,54.73,23371,5037029,54.17,58684,4026474,43.3,0,0,0,0,0,0
2021-03-11,45.99,0,54.01,23304,5060333,54.42,69094,4095568,44.04,0,0,0,0,0,0
2021-03-12,46.34,0,53.66,11296,5071629,54.54,41414,4136982,44.49,0,0,0,0,0,0
2021-03-13,46.57,0,53.43,7952,5079581,54.62,25239,4162221,44.76,0,0,0,0,0,0
2021-03-14,47.2,0,52.8,20989,5100570,54.85,73935,4236156,45.55,0,0,0,0,0,0
2021-03-15,47.81,0,52.19,20150,5120720,55.07,78281,4314437,46.4,0,0,0,0,0,0
2021-03-16,48.43,0,51.57,18755,5139475,55.27,71479,4385916,47.16,0,0,0,0,0,0
2021-03-17,48.92,0,51.08,17704,5157179,55.46,59010,4444926,47.8,0,0,0,0,0,0
2021-03-18,49.45,0,50.55,16048,5173227,55.63,58125,4503051,48.42,0,0,0,0,0,0
2021-03-19,49.75,0,50.25,6956,5180183,55.71,27979,4531030,48.72,0,0,0,0,0,0
2021-03-20,49.93,0,50.07,5226,5185409,55.76,15301,4546331,48.89,0,0,0,0,0,0
2021-03-21,50.46,0,49.54,13170,5198579,55.9,40510,4586841,49.32,0,0,0,0,0,0
2021-03-22,51,0,49,13579,5212158,56.05,40541,4627382,49.76,0,0,0,0,0,0
2021-03-23,51.43,0,48.57,2844,5215002,56.08,7302,4634684,49.84,0,0,0,0,0,0
2021-03-24,51.84,0,48.16,11001,5226003,56.2,46556,4681240,50.34,0,0,0,0,0,0
2021-03-25,52.22,0,47.78,10270,5236273,56.31,35438,4716678,50.72,0,0,0,0,0,0
2021-03-26,52.4,0,47.6,4186,5240459,56.35,13333,4730011,50.86,0,0,0,0,0,0
2021-03-27,52.5,0,47.5,1786,5242245,56.37,4269,4734280,50.91,0,0,0,0,0,0
2021-03-28,52.74,0,47.26,2113,5244358,56.4,4611,4738891,50.96,0,0,0,0,0,0
2021-03-29,53,0,47,6915,5251273,56.47,30016,4768907,51.28,0,0,0,0,0,0
2021-03-30,53.08,0,46.92,7891,5259164,56.55,22454,4791361,51.52,0,0,0,0,0,0
2021-03-31,53.38,0,46.62,8153,5267317,56.64,19501,4810862,51.73,0,0,0,0,0,0
2021-04-01,53.62,0,46.38,8210,5275527,56.73,18701,4829563,51.93,0,0,0,0,0,0
2021-04-02,53.71,0,46.29,2941,5278468,56.76,8130,4837693,52.02,0,0,0,0,0,0
2021-04-03,53.74,0,46.26,1433,5279901,56.78,2982,4840675,52.05,0,0,0,0,0,0
2021-04-04,53.82,0,46.18,9618,5289519,56.88,22832,4863507,52.3,0,0,0,0,0,0
2021-04-05,54.04,0,45.96,10362,5299881,56.99,21275,4884782,52.53,0,0,0,0,0,0
2021-04-06,54.21,0,45.79,9029,5308910,57.09,16793,4901575,52.71,0,0,0,0,0,0
2021-04-07,54.36,0,45.64,8928,5317838,57.19,15311,4916886,52.87,0,0,0,0,0,0
2021-04-08,54.52,0,45.48,9428,5327266,57.29,17014,4933900,53.06,0,0,0,0,0,0
2021-04-09,54.58,0,45.42,3607,5330873,57.33,6257,4940157,53.12,0,0,0,0,0,0
2021-04-10,54.61,0,45.39,1634,5332507,57.34,3520,4943677,53.16,0,0,0,0,0,0
2021-04-11,54.78,0,45.22,9044,5341551,57.44,14248,4957925,53.32,0,0,0,0,0,0
2021-04-12,54.95,0,45.05,8935,5350486,57.54,13233,4971158,53.46,0,0,0,0,0,0
2021-04-13,55.08,0,44.92,5841,5356327,57.6,4959,4976117,53.51,0,0,0,0,0,0
2021-04-14,55.18,0,44.82,3649,5359976,57.64,5309,4981426,53.57,0,0,0,0,0,0
2021-04-15,55.27,0,44.73,697,5360673,57.65,581,4982007,53.57,0,0,0,0,0,0
2021-04-16,55.33,0,44.67,3414,5364087,57.68,6649,4988656,53.65,0,0,0,0,0,0
2021-04-17,55.35,0,44.65,822,5364909,57.69,1972,4990628,53.67,0,0,0,0,0,0
2021-04-18,55.47,0,44.53,7099,5372008,57.77,7433,4998061,53.75,0,0,0,0,0,0
2021-04-19,55.58,0,44.42,6404,5378412,57.84,7133,5005194,53.82,0,0,0,0,0,0
2021-04-20,55.65,0,44.35,6279,5384691,57.9,6886,5012080,53.9,0,0,0,0,0,0
2021-04-21,55.71,0,44.29,6380,5391071,57.97,7108,5019188,53.97,0,0,0,0,0,0
2021-04-22,55.75,0,44.25,5948,5397019,58.04,7687,5026875,54.06,0,0,0,0,0,0
2021-04-23,55.8,0,44.2,2765,5399784,58.07,3389,5030264,54.09,0,0,0,0,0,0
2021-04-24,55.82,0,44.18,767,5400551,58.07,1290,5031554,54.11,0,0,0,0,0,0
2021-04-25,55.89,0,44.11,4828,5405379,58.13,6924,5038478,54.18,0,0,0,0,0,0
2021-04-26,55.96,0,44.04,5479,5410858,58.19,7889,5046367,54.27,0,0,0,0,0,0
2021-04-27,56.03,0,43.97,4506,5415364,58.23,6625,5052992,54.34,0,0,0,0,0,0
2021-04-28,56.09,0,43.91,4499,5419863,58.28,7332,5060324,54.42,0,0,0,0,0,0
2021-04-29,56.16,0,43.84,4376,5424239,58.33,7292,5067616,54.49,0,0,0,0,0,0
2021-04-30,56.19,0,43.81,1923,5426162,58.35,3200,5070816,54.53,0,0,0,0,0,0
2021-05-01,56.2,0,43.8,458,5426620,58.36,895,5071711,54.54,0,0,0,0,0,0
2021-05-02,56.26,0,43.74,3225,5429845,58.39,6090,5077801,54.6,0,0,0,0,0,0
2021-05-03,56.32,0,43.68,3535,5433380,58.43,5831,5083632,54.67,0,0,0,0,0,0
2021-05-04,56.38,0,43.62,3591,5436971,58.47,4736,5088368,54.72,0,0,0,0,0,0
2021-05-05,56.44,0,43.56,3291,5440262,58.5,4092,5092460,54.76,0,0,0,0,0,0
2021-05-06,56.5,0,43.5,3642,5443904,58.54,3143,5095603,54.8,0,0,0,0,0,0
2021-05-07,56.52,0,43.48,1843,5445747,58.56,2508,5098111,54.82,0,0,0,0,0,0
2021-05-08,56.53,0,43.47,241,5445988,58.56,507,5098618,54.83,0,0,0,0,0,0
2021-05-09,56.58,0,43.42,2851,5448839,58.59,4750,5103368,54.88,0,0,0,0,0,0
2021-05-10,56.63,0,43.37,2897,5451736,58.63,4710,5108078,54.93,0,0,0,0,0,0
2021-05-11,56.67,0,43.33,2622,5454358,58.65,3879,5111957,54.97,0,0,0,0,0,0
2021-05-12,56.7,0,43.3,2030,5456388,58.68,3339,5115296,55.01,0,0,0,0,0,0
2021-05-13,56.73,0,43.27,2041,5458429,58.7,3684,5118980,55.05,0,0,0,0,0,0
2021-05-14,56.75,0,43.25,978,5459407,58.71,1493,5120473,55.06,0,0,0,0,0,0
2021-05-15,56.75,0,43.25,255,5459662,58.71,259,5120732,55.07,0,0,0,0,0,0
2021-05-16,56.78,0,43.22,529,5460191,58.72,1206,5121938,55.08,0,0,0,0,0,0
2021-05-17,56.81,0,43.19,300,5460491,58.72,848,5122786,55.09,0,0,0,0,0,0
2021-05-18,56.84,0,43.16,1961,5462452,58.74,4937,5127723,55.14,0,0,0,0,0,0
2021-05-19,56.87,0,43.13,2232,5464684,58.76,5041,5132764,55.2,0,0,0,0,0,0
2021-05-20,56.9,0,43.1,2312,5466996,58.79,3879,5136643,55.24,0,0,0,0,0,0
2021-05-21,56.92,0,43.08,1192,5468188,58.8,1414,5138057,55.25,0,0,0,0,0,0
2021-05-22,56.92,0,43.08,206,5468394,58.8,395,5138452,55.26,0,0,0,0,0,0
2021-05-23,56.94,0,43.06,2271,5470665,58.83,3216,5141668,55.29,0,0,0,0,0,0
2021-05-24,56.96,0,43.04,2137,5472802,58.85,3596,5145264,55.33,0,0,0,0,0,0
2021-05-25,56.99,0,43.01,1821,5474623,58.87,2586,5147850,55.36,0,0,0,0,0,0
2021-05-26,57.03,0,42.97,1410,5476033,58.89,2503,5150353,55.38,0,0,0,0,0,0
2021-05-27,57.06,0,42.94,1860,5477893,58.91,3187,5153540,55.42,0,0,0,0,0,0
2021-05-28,57.07,0,42.93,790,5478683,58.92,1405,5154945,55.43,0,0,0,0,0,0
2021-05-29,57.07,0,42.93,190,5478873,58.92,224,5155169,55.44,0,0,0,0,0,0
2021-05-30,57.1,0,42.9,1644,5480517,58.93,1937,5157106,55.46,0,0,0,0,0,0
2021-05-31,57.13,0,42.87,1738,5482255,58.95,2093,5159199,55.48,0,0,0,0,0,0
2021-06-01,57.47,0,42.53,1383,5483638,58.97,1823,5161022,55.5,0,0,0,0,0,0
2021-06-02,57.25,0,42.75,1513,5485151,58.98,1608,5162630,55.52,0,0,0,0,0,0
2021-06-03,57.27,0,42.73,1684,5486835,59,1491,5164121,55.53,0,0,0,0,0,0
2021-06-04,57.28,0,42.72,1101,5487936,59.01,783,5164904,55.54,0,0,0,0,0,0
2021-06-05,57.29,0,42.71,184,5488120,59.02,159,5165063,55.54,0,0,0,0,0,0
2021-06-06,57.31,0,42.69,4291,5492411,59.06,1002,5166065,55.55,0,0,0,0,0,0
2021-06-07,57.34,0,42.66,4438,5496849,59.11,812,5166877,55.56,0,0,0,0,0,0
2021-06-08,57.36,0,42.64,3738,5500587,59.15,1174,5168051,55.57,0,0,0,0,0,0
2021-06-09,57.4,0,42.6,3614,5504201,59.19,1327,5169378,55.59,0,0,0,0,0,0
2021-06-10,57.42,0,42.58,3359,5507560,59.23,1300,5170678,55.6,0,0,0,0,0,0
2021-06-11,57.43,0,42.57,1397,5508957,59.24,588,5171266,55.61,0,0,0,0,0,0
2021-06-12,57.43,0,42.57,218,5509175,59.24,173,5171439,55.61,0,0,0,0,0,0
2021-06-13,57.45,0,42.55,3101,5512276,59.28,1260,5172699,55.62,0,0,0,0,0,0
2021-06-14,57.46,0,42.54,3056,5515332,59.31,1531,5174230,55.64,0,0,0,0,0,0
2021-06-15,57.48,0,42.52,3137,5518469,59.34,1375,5175605,55.66,0,0,0,0,0,0
2021-06-16,57.49,0,42.51,2730,5521199,59.37,1000,5176605,55.67,0,0,0,0,0,0
2021-06-17,57.51,0,42.49,2731,5523930,59.4,1206,5177811,55.68,0,0,0,0,0,0
2021-06-18,57.52,0,42.48,1265,5525195,59.42,506,5178317,55.69,0,0,0,0,0,0
2021-06-19,57.52,0,42.48,242,5525437,59.42,139,5178456,55.69,0,0,0,0,0,0
2021-06-20,57.54,0,42.46,3316,5528753,59.45,1330,5179786,55.7,0,0,0,0,0,0
2021-06-21,57.56,0,42.44,5245,5533998,59.51,1217,5181003,55.71,0,0,0,0,0,0
2021-06-22,57.58,0,42.42,6933,5540931,59.58,1099,5182102,55.73,0,0,0,0,0,0
2021-06-23,57.6,0,42.4,10755,5551686,59.7,1304,5183406,55.74,0,0,0,0,0,0
2021-06-24,57.62,0,42.38,12045,5563731,59.83,1466,5184872,55.76,0,0,0,0,0,0
2021-06-25,57.62,0,42.38,7114,5570845,59.91,944,5185816,55.77,0,0,0,0,0,0
2021-06-26,57.63,0,42.37,2274,5573119,59.93,200,5186016,55.77,0,0,0,0,0,0
2021-06-27,57.65,0,42.35,13631,5586750,60.08,3436,5189452,55.8,0,0,0,0,0,0
2021-06-28,57.68,0,42.32,14518,5601268,60.23,3675,5193127,55.84,0,0,0,0,0,0
2021-06-29,57.69,0,42.31,16710,5617978,60.41,3743,5196870,55.88,0,0,0,0,0,0
2021-06-30,57.72,0,42.28,16485,5634463,60.59,3396,5200266,55.92,0,0,0,0,0,0
2021-07-01,57.78,0,42.22,16835,5651298,60.77,3376,5203642,55.96,121,121,0,0,0,0
2021-07-02,57.79,0,42.21,9836,5661134,60.88,1604,5205246,55.97,7,128,0,0,0,0
2021-07-03,57.79,0,42.21,2677,5663811,60.91,296,5205542,55.98,1,129,0,0,0,0
2021-07-04,57.85,0,42.15,17735,5681546,61.1,3161,5208703,56.01,2,131,0,0,0,0
2021-07-05,57.91,0,42.09,17849,5699395,61.29,3043,5211746,56.04,7,138,0,0,0,0
2021-07-06,57.99,0,42.01,17847,5717242,61.48,3409,5215155,56.08,11,149,0,0,0,0
2021-07-07,58.05,0,41.95,15526,5732768,61.65,2701,5217856,56.11,12,161,0,0,0,0
2021-07-08,58.12,0,41.88,16586,5749354,61.83,2879,5220735,56.14,17,178,0,0,0,0
2021-07-09,58.15,0,41.85,11124,5760478,61.95,1534,5222269,56.16,4,182,0,0,0,0
2021-07-10,58.15,0,41.85,4988,5765466,62,389,5222658,56.16,6,188,0,0,0,0
2021-07-11,58.22,0,41.78,1456,5766922,62.01,2848,5225506,56.19,8,196,0,0,0,0
2021-07-12,58.29,0,41.71,2425,5769347,62.04,3691,5229197,56.23,56,252,0,0,0,0
2021-07-13,58.36,0,41.64,2964,5772311,62.07,5458,5234655,56.29,124,376,0,0,0,0
2021-07-14,58.42,0,41.58,2747,5775058,62.1,7532,5242187,56.37,441,817,0.01,0,0,0
2021-07-15,58.5,0,41.5,3004,5778062,62.13,9297,5251484,56.47,374,1191,0.01,0,0,0
2021-07-16,58.54,0,41.46,1293,5779355,62.15,5897,5257381,56.54,66,1257,0.01,0,0,0
2021-07-17,58.55,0,41.44,370,5779725,62.15,1391,5258772,56.55,8,1265,0.01,0,0,0
2021-07-18,58.6,0,41.4,2073,5781798,62.17,9768,5268540,56.66,235,1500,0.02,0,0,0
2021-07-19,58.65,0,41.35,3210,5785008,62.21,11345,5279885,56.78,461,1961,0.02,0,0,0
2021-07-20,58.72,0,41.28,2686,5787694,62.24,11912,5291797,56.91,373,2334,0.03,0,0,0
2021-07-21,58.81,0,41.19,2405,5790099,62.26,11880,5303677,57.03,325,2659,0.03,0,0,0
2021-07-22,58.93,0,41.07,2874,5792973,62.29,13275,5316952,57.18,391,3050,0.03,0,0,0
2021-07-23,58.99,0,41.01,2035,5795008,62.32,8249,5325201,57.26,106,3156,0.03,0,0,0
2021-07-24,58.99,0,41,642,5795650,62.32,1485,5326686,57.28,7,3163,0.03,0,0,0
2021-07-25,59.1,0,40.89,4416,5800066,62.37,15497,5342183,57.45,223,3386,0.04,0,0,0
2021-07-26,59.24,0,40.75,5169,5805235,62.43,13533,5355716,57.59,325,3711,0.04,0,0,0
2021-07-27,59.37,0.01,40.62,5491,5810726,62.49,13577,5369293,57.74,414,4125,0.04,0,0,0
2021-07-28,59.5,0.01,40.49,3987,5814713,62.53,12342,5381635,57.87,472,4597,0.05,0,0,0
2021-07-29,59.65,0.01,40.33,4664,5819377,62.58,14199,5395834,58.02,532,5129,0.06,0,0,0
2021-07-30,59.74,0.02,40.25,2653,5822030,62.61,10854,5406688,58.14,4122,9251,0.1,0,0,0
2021-07-31,59.75,0.02,40.23,1405,5823435,62.62,3551,5410239,58.18,6159,15410,0.17,0,0,0
2021-08-01,59.91,0.02,40.06,3075,5826510,62.66,3364,5413603,58.22,31047,46457,0.5,0,0,0
2021-08-02,60.06,0.03,39.91,3132,5829642,62.69,3173,5416776,58.25,58514,104971,1.13,0,0,0
2021-08-03,60.21,0.03,39.76,3386,5833028,62.73,3328,5420104,58.29,78953,183924,1.98,0,0,0
2021-08-04,60.34,0.03,39.63,3527,5836555,62.76,3255,5423359,58.32,80764,264688,2.85,0,0,0
2021-08-05,60.49,0.04,39.47,4513,5841068,62.81,3569,5426928,58.36,88442,353130,3.8,0,0,0
2021-08-06,60.6,0.04,39.36,2435,5843503,62.84,1860,5428788,58.38,44743,397873,4.28,0,0,0
2021-08-07,60.63,0.04,39.32,1033,5844536,62.85,698,5429486,58.39,27353,425226,4.57,0,0,0
2021-08-08,60.68,0.04,39.28,4989,5849525,62.9,3082,5432568,58.42,80087,505313,5.43,0,0,0
2021-08-09,60.72,0.04,39.24,5339,5854864,62.96,3059,5435627,58.45,76489,581802,6.26,0,0,0
2021-08-10,60.75,0.04,39.2,5552,5860416,63.02,3202,5438829,58.49,75427,657229,7.07,0,0,0
2021-08-11,60.79,0.04,39.17,5694,5866110,63.08,2946,5441775,58.52,62639,719868,7.74,0,0,0
2021-08-12,60.83,0.04,39.12,7039,5873149,63.16,3287,5445062,58.55,59462,779330,8.38,0,0,0
2021-08-13,60.84,0.05,39.11,3817,5876966,63.2,2070,5447132,58.58,43869,823199,8.85,0,0,0
2021-08-14,60.85,0.05,39.1,2252,5879218,63.22,850,5447982,58.58,44486,867685,9.33,0,0,0
2021-08-15,60.89,0.05,39.06,7143,5886361,63.3,4530,5452512,58.63,97983,965668,10.38,0,0,0
2021-08-16,60.92,0.04,39.03,6988,5893349,63.37,4747,5457259,58.68,89519,1055187,11.35,0,0,0
2021-08-17,60.96,0.04,39,7572,5900921,63.46,5134,5462393,58.74,83320,1138507,12.24,0,0,0
2021-08-18,60.99,0.04,38.96,8643,5909564,63.55,4603,5466996,58.79,69267,1207774,12.99,0,0,0
2021-08-19,61.03,0.04,38.92,10080,5919644,63.66,5216,5472212,58.85,65974,1273748,13.7,0,0,0
2021-08-20,61.05,0.05,38.9,4768,5924412,63.71,2826,5475038,58.88,60452,1334200,14.35,0,0,0
2021-08-21,61.06,0.05,38.89,3498,5927910,63.75,1580,5476618,58.89,50725,1384925,14.89,0,0,0
2021-08-22,61.12,0.04,38.84,9821,5937731,63.85,4806,5481424,58.94,105106,1490031,16.02,0,0,0
2021-08-23,61.17,0.04,38.79,10924,5948655,63.97,4447,5485871,58.99,94031,1584062,17.03,0,0,0
2021-08-24,61.23,0.04,38.73,11721,5960376,64.09,4703,5490574,59.04,98551,1682613,18.09,0,0,0
2021-08-25,61.29,0.04,38.67,9612,5969988,64.2,4482,5495056,59.09,99548,1782161,19.16,0,0,0
2021-08-26,61.36,0.03,38.61,10106,5980094,64.31,5057,5500113,59.15,101228,1883389,20.25,0,0,0
2021-08-27,61.35,0.04,38.61,4326,5984420,64.35,2784,5502897,59.18,56694,1940083,20.86,0,0,0
2021-08-28,61.4,0.04,38.57,3698,5988118,64.39,1497,5504394,59.19,33539,1973622,21.22,0,0,0
2021-08-29,61.46,0.03,38.5,10321,5998439,64.5,5931,5510325,59.26,79548,2053170,22.08,0,0,0
2021-08-30,61.53,0.03,38.44,12334,6010773,64.64,7015,5517340,59.33,116004,2169174,23.33,0,0,0
2021-08-31,61.6,0.03,38.37,12075,6022848,64.77,6527,5523867,59.4,114874,2284048,24.56,0,0,0
2021-09-01,61.43,0.03,38.54,9032,6031880,64.86,6039,5529906,59.47,112489,2396537,25.77,0,0,0
2021-09-02,61.49,0.03,38.48,8784,6040664,64.96,7180,5537086,59.54,111542,2508079,26.97,0,0,0
2021-09-03,61.56,0.03,38.42,3749,6044413,65,4115,5541201,59.59,58884,2566963,27.6,0,0,0
2021-09-04,61.59,0.03,38.38,2692,6047105,65.03,2021,5543222,59.61,29950,2596913,27.93,0,0,0
2021-09-05,61.68,0.03,38.29,6991,6054096,65.1,6460,5549682,59.68,73326,2670239,28.71,0,0,0
2021-09-06,61.77,0.03,38.2,2834,6056930,65.13,2711,5552393,59.71,22797,2693036,28.96,0,0,0
2021-09-07,61.85,0.03,38.12,1199,6058129,65.15,879,5553272,59.72,5398,2698434,29.02,0,0,0
2021-09-08,61.93,0.03,38.05,1380,6059509,65.16,1195,5554467,59.73,6621,2705055,29.09,0,0,0
2021-09-09,62.02,0.03,37.95,7089,6066598,65.24,12573,5567040,59.87,73845,2778900,29.88,0,0,0
2021-09-10,62.06,0.03,37.91,3258,6069856,65.27,5015,5572055,59.92,37936,2816836,30.29,0,0,0
2021-09-11,62.08,0.03,37.89,2109,6071965,65.29,2505,5574560,59.95,14816,2831652,30.45,0,0,0
2021-09-12,62.16,0.03,37.81,6107,6078072,65.36,8587,5583147,60.04,54135,2885787,31.03,0,0,0
2021-09-13,62.15,0.03,37.82,5610,6083682,65.42,8260,5591407,60.13,47981,2933768,31.55,0,0,0
2021-09-14,62.2,0.03,37.77,4961,6088643,65.47,7420,5598827,60.21,48854,2982622,32.07,0,0,0
2021-09-15,62.25,0.03,37.72,1750,6090393,65.49,2716,5601543,60.24,16686,2999308,32.25,0,0,0
2021-09-16,62.37,0.03,37.6,343,6090736,65.5,549,5602092,60.24,1740,3001048,32.27,0,0,0
2021-09-17,62.42,0.03,37.54,3682,6094418,65.54,7019,5609111,60.32,42904,3043952,32.73,0,0,0
2021-09-18,62.45,0.03,37.52,2258,6096676,65.56,2944,5612055,60.35,12783,3056735,32.87,0,0,0
2021-09-19,62.55,0.03,37.42,5941,6102617,65.62,10710,5622765,60.46,44332,3101067,33.35,0,0,0
2021-09-20,62.63,0.03,37.34,3245,6105862,65.66,4645,5627410,60.51,16707,3117774,33.53,0,0,0
2021-09-21,62.69,0.03,37.28,1339,6107201,65.67,2059,5629469,60.54,3476,3121250,33.56,0,0,0
2021-09-22,62.72,0.03,37.25,4257,6111458,65.72,7250,5636719,60.61,25072,3146322,33.83,0,0,0
2021-09-23,62.75,0.03,37.22,4389,6115847,65.77,5912,5642631,60.68,27833,3174155,34.13,0,0,0
2021-09-24,62.82,0.03,37.15,3202,6119049,65.8,4185,5646816,60.72,27721,3201876,34.43,0,0,0
2021-09-25,62.85,0.03,37.12,2079,6121128,65.82,2260,5649076,60.75,10443,3212319,34.54,0,0,0
2021-09-26,62.96,0.03,37,5604,6126732,65.88,5972,5655048,60.81,36269,3248588,34.93,0,0,0
2021-09-27,63.02,0.03,36.94,4693,6131425,65.93,4468,5659516,60.86,30455,3279043,35.26,0,0,0
2021-09-28,63.06,0.04,36.91,1471,6132896,65.95,1180,5660696,60.87,6249,3285292,35.33,0,0,0
2021-09-29,63.13,0.03,36.84,9620,6142516,66.05,8346,5669042,60.96,60324,3345616,35.98,0,0,0
2021-09-30,63.18,0.03,36.79,10974,6153490,66.17,8574,5677616,61.05,79697,3425313,36.83,0,0,0
2021-10-01,63.23,0.03,36.73,5124,6158614,66.23,3875,5681491,61.1,46545,3471858,37.33,0,0,0
2021-10-02,63.26,0.03,36.71,2862,6161476,66.26,2127,5683618,61.12,22432,3494290,37.58,0,0,0
2021-10-03,63.35,0.03,36.62,11667,6173143,66.38,7273,5690891,61.2,70725,3565015,38.34,0,0,0
2021-10-04,63.4,0.03,36.57,10320,6183463,66.49,6757,5697648,61.27,51907,3616922,38.89,0,0,0
2021-10-05,63.41,0.03,36.55,8459,6191922,66.58,5314,5702962,61.33,40479,3657401,39.33,0,0,0
2021-10-06,63.52,0.03,36.45,7542,6199464,66.67,4183,5707145,61.37,34147,3691548,39.7,0,0,0
2021-10-07,63.63,0.03,36.34,6892,6206356,66.74,4008,5711153,61.41,34066,3725614,40.06,0,0,0
2021-10-08,63.68,0.03,36.29,3085,6209441,66.77,2643,5713796,61.44,19250,3744864,40.27,0,0,0
2021-10-09,63.71,0.03,36.26,1337,6210778,66.79,1443,5715239,61.46,7441,3752305,40.35,0,0,0
2021-10-10,63.82,0.04,36.14,4675,6215453,66.84,3747,5718986,61.5,21518,3773823,40.58,0,0,0
2021-10-11,63.91,0.04,36.05,4299,6219752,66.88,2943,5721929,61.53,17267,3791090,40.77,0,0,0
2021-10-12,63.99,0.05,35.96,3973,6223725,66.93,3003,5724932,61.56,15356,3806446,40.93,0,0,0
2021-10-13,64.09,0.05,35.86,3487,6227212,66.96,2451,5727383,61.59,13586,3820032,41.08,0,0,0
2021-10-14,64.19,0.06,35.75,3868,6231080,67.01,2685,5730068,61.62,16566,3836598,41.26,0,0,0
2021-10-15,64.23,0.07,35.7,1703,6232783,67.02,1682,5731750,61.64,9008,3845606,41.35,0,0,0
2021-10-16,64.25,0.08,35.67,727,6233510,67.03,956,5732706,61.65,4034,3849640,41.4,0,0,0
2021-10-17,64.36,0.09,35.56,3089,6236599,67.07,2525,5735231,61.67,12798,3862438,41.53,0,0,0
2021-10-18,64.43,0.1,35.47,2460,6239059,67.09,1689,5736920,61.69,10069,3872507,41.64,0,0,0
2021-10-19,64.49,0.1,35.4,2397,6241456,67.12,1282,5738202,61.71,9295,3881802,41.74,0,0,0
2021-10-20,64.14,0.52,35.34,2434,6243890,67.14,2304,5740506,61.73,10100,3891902,41.85,0,0,0
2021-10-21,54.23,10.41,35.36,3032,6246922,67.18,3096,5743602,61.76,12163,3904065,41.98,0,0,0
2021-10-22,54.36,10.26,35.38,1279,6248201,67.19,1435,5745037,61.78,5835,3909900,42.05,0,0,0
2021-10-23,54.42,10.19,35.39,572,6248773,67.2,1266,5746303,61.79,2564,3912464,42.07,0,0,0
2021-10-24,54.22,10.43,35.35,2515,6251288,67.22,2653,5748956,61.82,9855,3922319,42.18,0,0,0
2021-10-25,54.59,10.22,35.19,2635,6253923,67.25,2750,5751706,61.85,8509,3930828,42.27,0,0,0
2021-10-26,54.64,10.26,35.1,2381,6256304,67.28,2056,5753762,61.87,8522,3939350,42.36,0,0,0
2021-10-27,54.58,10.37,35.06,2289,6258593,67.3,2566,5756328,61.9,7954,3947304,42.45,0,0,0
2021-10-28,54.69,10.76,34.55,2504,6261097,67.33,2778,5759106,61.93,8671,3955975,42.54,0,0,0
2021-10-29,54.73,10.75,34.52,900,6261997,67.34,1151,5760257,61.94,4137,3960112,42.59,0,0,0
2021-10-30,54.68,10.81,34.52,366,6262363,67.34,530,5760787,61.95,1711,3961823,42.6,0,0,0
2021-10-31,54.83,10.7,34.47,2260,6264623,67.37,2495,5763282,61.98,8255,3970078,42.69,0,0,0
2021-11-01,54.95,10.63,34.42,1736,6266359,67.39,2091,5765373,62,6479,3976557,42.76,0,0,0
2021-11-02,54.89,10.69,34.42,2026,6268385,67.41,2044,5767417,62.02,6294,3982851,42.83,0,0,0
2021-11-03,54.86,10.75,34.39,1763,6270148,67.43,1897,5769314,62.04,5556,3988407,42.89,0,0,0
2021-11-04,54.85,10.81,34.33,2111,6272259,67.45,2802,5772116,62.07,7126,3995533,42.97,0,0,0
2021-11-05,54.85,10.83,34.32,789,6273048,67.46,904,5773020,62.08,3485,3999018,43,0,0,0
2021-11-06,54.82,10.86,34.32,346,6273394,67.46,385,5773405,62.08,1373,4000391,43.02,0,0,0
2021-11-07,54.92,10.8,34.28,1578,6274972,67.48,1769,5775174,62.1,6134,4006525,43.08,0,0,0
2021-11-08,55.01,10.75,34.24,1519,6276491,67.49,1602,5776776,62.12,5405,4011930,43.14,0,0,0
2021-11-09,55.05,10.74,34.21,1428,6277919,67.51,1609,5778385,62.14,5331,4017261,43.2,0,0,0
2021-11-10,55.08,10.73,34.19,1423,6279342,67.52,1659,5780044,62.16,4777,4022038,43.25,0,0,0
2021-11-11,55.15,10.69,34.15,1627,6280969,67.54,1944,5781988,62.18,5716,4027754,43.31,0,0,0
2021-11-12,55.17,10.69,34.14,634,6281603,67.55,826,5782814,62.19,2922,4030676,43.34,0,0,0
2021-11-13,55.14,10.72,34.14,256,6281859,67.55,286,5783100,62.19,1130,4031806,43.36,0,0,0
2021-11-14,55.21,10.68,34.11,1536,6283395,67.57,1637,5784737,62.21,5109,4036915,43.41,0,0,0
2021-11-15,55.28,10.63,34.09,1274,6284669,67.58,1622,5786359,62.22,4769,4041684,43.46,0,0,0
2021-11-16,55.32,10.62,34.07,1273,6285942,67.6,1416,5787775,62.24,4347,4046031,43.51,0,0,0
2021-11-17,55.35,10.6,34.05,1205,6287147,67.61,1565,5789340,62.26,3915,4049946,43.55,0,0,0
2021-11-18,55.41,10.58,34.02,1361,6288508,67.62,1692,5791032,62.27,5010,4054956,43.6,0,0,0
2021-11-19,55.42,10.57,34.01,588,6289096,67.63,763,5791795,62.28,2457,4057413,43.63,0,0,0
2021-11-20,55.41,10.58,34,238,6289334,67.63,257,5792052,62.28,929,4058342,43.64,0,0,0
2021-11-21,55.47,10.54,33.98,1409,6290743,67.65,1541,5793593,62.3,4879,4063221,43.69,0,0,0
2021-11-22,55.54,10.5,33.96,1680,6292423,67.67,1522,5795115,62.32,4238,4067459,43.74,0,0,0
2021-11-23,55.57,10.48,33.95,8622,6301045,67.76,1687,5796802,62.34,4008,4071467,43.78,0,0,0
2021-11-24,55.6,10.44,33.95,9349,6310394,67.86,1317,5798119,62.35,3923,4075390,43.82,0,0,0
2021-11-25,55.64,10.43,33.93,9812,6320206,67.96,1601,5799720,62.37,4839,4080229,43.88,0,0,0
2021-11-26,55.63,10.45,33.92,5610,6325816,68.02,748,5800468,62.38,2800,4083029,43.91,0,0,0
2021-11-27,55.62,10.46,33.92,4779,6330595,68.08,323,5800791,62.38,1163,4084192,43.92,0,0,0
2021-11-28,55.67,10.43,33.9,10152,6340747,68.19,1477,5802268,62.39,4901,4089093,43.97,0,0,0
2021-11-29,55.73,10.39,33.88,9042,6349789,68.28,1131,5803399,62.41,4376,4093469,44.02,0,0,0
2021-11-30,55.77,10.37,33.86,10044,6359833,68.39,1035,5804434,62.42,4084,4097553,44.06,0,0,0
2021-12-01,55.79,10.36,33.84,8632,6368465,68.48,1095,5805529,62.43,4441,4101994,44.11,6,6,0
2021-12-02,55.84,10.34,33.82,9176,6377641,68.58,1454,5806983,62.45,5124,4107118,44.17,6,12,0
2021-12-03,55.86,10.33,33.81,6331,6383972,68.65,673,5807656,62.45,2867,4109985,44.2,1,13,0
2021-12-04,55.85,10.34,33.81,2509,6386481,68.68,235,5807891,62.46,922,4110907,44.21,3,16,0
2021-12-05,55.9,10.31,33.79,8335,6394816,68.77,1253,5809144,62.47,4683,4115590,44.26,1,17,0
2021-12-06,55.95,10.27,33.78,6723,6401539,68.84,1200,5810344,62.48,4350,4119940,44.3,4,21,0
2021-12-07,55.99,10.25,33.76,5553,6407092,68.9,1503,5811847,62.5,3965,4123905,44.35,9,30,0
2021-12-08,56.03,10.22,33.75,4935,6412027,68.95,1199,5813046,62.51,3883,4127788,44.39,10,40,0
2021-12-09,56.08,10.19,33.73,6237,6418264,69.02,1239,5814285,62.52,4506,4132294,44.44,8,48,0
2021-12-10,56.1,10.18,33.72,3005,6421269,69.05,703,5814988,62.53,2686,4134980,44.47,4,52,0
2021-12-11,56.1,10.18,33.71,1491,6422760,69.07,252,5815240,62.53,1016,4135996,44.48,0,52,0
2021-12-12,56.16,10.15,33.69,7274,6430034,69.15,1444,5816684,62.55,5247,4141243,44.53,3,55,0
2021-12-13,56.21,10.11,33.67,6181,6436215,69.21,1374,5818058,62.56,4350,4145593,44.58,5,60,0
2021-12-14,56.27,10.09,33.65,7317,6443532,69.29,6101,5824159,62.63,4937,4150530,44.63,12,72,0
2021-12-15,56.34,10.06,33.6,7203,6450735,69.37,7403,5831562,62.71,5444,4155974,44.69,7,79,0
2021-12-16,56.53,10.05,33.42,8079,6458814,69.45,8613,5840175,62.8,6563,4162537,44.76,8,87,0
2021-12-17,56.64,10.05,33.3,4406,6463220,69.5,5140,5845315,62.86,3953,4166490,44.8,3,90,0
2021-12-18,56.73,10.07,33.2,3940,6467160,69.54,2914,5848229,62.89,1360,4167850,44.82,2,92,0
2021-12-19,56.92,10.04,33.04,6980,6474140,69.62,9331,5857560,62.99,6273,4174123,44.89,6,98,0
2021-12-20,57.07,10.02,32.91,7969,6482109,69.71,7517,5865077,63.07,5443,4179566,44.95,9,107,0
2021-12-21,57.27,10.01,32.71,9549,6491658,69.81,8649,5873726,63.16,6490,4186056,45.01,8,115,0
2021-12-22,57.49,10,32.52,9664,6501322,69.91,8155,5881881,63.25,6249,4192305,45.08,12,127,0
2021-12-23,57.7,9.97,32.33,11538,6512860,70.04,10264,5892145,63.36,8159,4200464,45.17,16,143,0
2021-12-24,57.83,9.96,32.21,5873,6518733,70.1,6240,5898385,63.43,5280,4205744,45.23,12,155,0
2021-12-25,57.9,9.96,32.15,3338,6522071,70.14,2566,5900951,63.46,2021,4207765,45.25,6,161,0
2021-12-26,58.1,9.92,31.98,10653,6532724,70.25,8910,5909861,63.55,8201,4215966,45.34,8,169,0
2021-12-27,58.27,9.9,31.83,10371,6543095,70.36,7145,5917006,63.63,8185,4224151,45.42,21,190,0
2021-12-28,58.46,9.88,31.66,11374,6554469,70.48,7452,5924458,63.71,9639,4233790,45.53,24,214,0
2021-12-29,58.64,9.85,31.51,9932,6564401,70.59,5963,5930421,63.77,8375,4242165,45.62,20,234,0
2021-12-30,58.84,9.82,31.34,11011,6575412,70.71,7735,5938156,63.86,12241,4254406,45.75,10,244,0
2021-12-31,58.9,9.79,31.3,4829,6580241,70.76,3672,5941828,63.9,7294,4261700,45.83,135,379,0
2022-01-01,58.93,9.79,31.28,1992,6582233,70.78,1591,5943419,63.91,2741,4264441,45.86,66,445,0
2022-01-02,59.14,9.76,31.1,10217,6592450,70.89,6487,5949906,63.98,13002,4277443,46,590,1035,0.01
2022-01-03,59.29,9.71,31,9384,6601834,70.99,5258,5955164,64.04,11337,4288780,46.12,25055,26090,0.28
2022-01-04,59.46,9.68,30.86,8967,6610801,71.09,5949,5961113,64.1,10523,4299303,46.23,50658,76748,0.83
2022-01-05,59.56,9.65,30.79,8553,6619354,71.18,5739,5966852,64.16,10491,4309794,46.35,59589,136337,1.47
2022-01-06,59.81,9.63,30.56,10340,6629694,71.29,7959,5974811,64.25,13530,4323324,46.49,63999,200336,2.15
2022-01-07,59.89,9.61,30.49,4760,6634454,71.34,4556,5979367,64.3,8161,4331485,46.58,31135,231471,2.49
2022-01-08,59.9,9.64,30.46,2750,6637204,71.37,2451,5981818,64.33,5501,4336986,46.64,27631,259102,2.79
2022-01-09,60.06,9.59,30.35,9306,6646510,71.47,7722,5989540,64.41,11868,4348854,46.77,66765,325867,3.5
2022-01-10,60.21,9.54,30.25,8350,6654860,71.56,7645,5997185,64.49,11877,4360731,46.89,64774,390641,4.2
2022-01-11,60.38,9.49,30.13,8101,6662961,71.65,8621,6005806,64.58,11970,4372701,47.02,56657,447298,4.81
2022-01-12,60.51,9.45,30.04,7277,6670238,71.73,8303,6014109,64.67,11114,4383815,47.14,44631,491929,5.29
2022-01-13,60.7,9.35,29.94,7508,6677746,71.81,9616,6023725,64.78,11542,4395357,47.27,34765,526694,5.66
2022-01-14,60.79,9.31,29.9,2555,6680301,71.84,4935,6028660,64.83,6142,4401499,47.33,11141,537835,5.78
2022-01-15,60.83,9.29,29.87,1469,6681770,71.85,3170,6031830,64.86,3884,4405383,47.37,5716,543551,5.85
2022-01-16,60.97,9.2,29.82,3818,6685588,71.89,8525,6040355,64.95,7681,4413064,47.46,19992,563543,6.06
2022-01-17,61.09,9.13,29.78,2809,6688397,71.92,7046,6047401,65.03,6170,4419234,47.52,17832,581375,6.25
2022-01-18,61.23,9.07,29.7,2475,6690872,71.95,7385,6054786,65.11,5534,4424768,47.58,14817,596192,6.41
2022-01-19,61.37,8.98,29.65,1915,6692787,71.97,6369,6061155,65.18,4520,4429288,47.63,8460,604652,6.5
2022-01-20,61.44,8.85,29.71,1778,6694565,71.99,6969,6068124,65.25,4792,4434080,47.68,8041,612693,6.59
2022-01-21,61.51,8.81,29.68,905,6695470,72,3725,6071849,65.29,2645,4436725,47.71,3358,616051,6.62
2022-01-22,61.51,8.75,29.74,328,6695798,72,1461,6073310,65.31,1066,4437791,47.72,1113,617164,6.64
2022-01-23,61.61,8.7,29.69,1068,6696866,72.01,5632,6078942,65.37,2878,4440669,47.75,6083,623247,6.7
2022-01-24,61.73,8.62,29.65,759,6697625,72.02,4480,6083422,65.42,2267,4442936,47.78,5055,628302,6.76
2022-01-25,61.9,8.51,29.59,744,6698369,72.03,4400,6087822,65.47,2182,4445118,47.8,7102,635404,6.83
2022-01-26,62.02,8.42,29.57,615,6698984,72.04,3285,6091107,65.5,1611,4446729,47.82,4262,639666,6.88
2022-01-27,62.12,8.35,29.52,798,6699782,72.05,4406,6095513,65.55,2004,4448733,47.84,5441,645107,6.94
2022-01-28,62.16,8.33,29.5,395,6700177,72.05,2376,6097889,65.57,1179,4449912,47.85,3452,648559,6.97
2022-01-29,62.23,8.29,29.48,124,6700301,72.05,1046,6098935,65.58,424,4450336,47.86,1162,649721,6.99
2022-01-30,62.3,8.24,29.46,769,6701070,72.06,4719,6103654,65.64,2020,4452356,47.88,8099,657820,7.07
2022-01-31,62.39,8.17,29.43,528,6701598,72.07,3184,6106838,65.67,1609,4453965,47.9,6472,664292,7.14
2022-02-01,62.45,8.15,29.4,480,6702078,72.07,2807,6109645,65.7,1525,4455490,47.91,5721,670013,7.21
2022-02-02,62.28,8.13,29.59,375,6702453,72.07,2394,6112039,65.73,1381,4456871,47.93,5074,675087,7.26
2022-02-03,62.34,8.08,29.57,446,6702899,72.08,2776,6114815,65.76,1461,4458332,47.94,5607,680694,7.32
2022-02-04,62.37,8.06,29.57,174,6703073,72.08,991,6115806,65.77,755,4459087,47.95,2455,683149,7.35
2022-02-05,62.34,8.09,29.56,62,6703135,72.08,342,6116148,65.77,221,4459308,47.95,420,683569,7.35
2022-02-06,62.41,8.05,29.55,406,6703541,72.09,2320,6118468,65.8,1343,4460651,47.97,5686,689255,7.41
2022-02-07,62.47,8.01,29.52,282,6703823,72.09,1307,6119775,65.81,983,4461634,47.98,5960,695215,7.48
2022-02-08,62.54,7.97,29.49,317,6704140,72.09,1498,6121273,65.83,1068,4462702,47.99,6137,701352,7.54
2022-02-09,62.6,7.95,29.45,254,6704394,72.1,1102,6122375,65.84,945,4463647,48,4570,705922,7.59
2022-02-10,62.63,7.93,29.44,273,6704667,72.1,1293,6123668,65.85,936,4464583,48.01,4815,710737,7.64
2022-02-11,62.67,7.91,29.42,211,6704878,72.1,557,6124225,65.86,518,4465101,48.02,2539,713276,7.67
2022-02-12,62.67,7.91,29.41,32,6704910,72.1,90,6124315,65.86,133,4465234,48.02,269,713545,7.67
2022-02-13,62.73,7.87,29.39,286,6705196,72.1,946,6125261,65.87,966,4466200,48.03,4998,718543,7.73
2022-02-14,62.89,7.74,29.36,180,6705376,72.11,627,6125888,65.87,760,4466960,48.04,3142,721685,7.76
2022-02-15,62.92,7.73,29.35,266,6705642,72.11,763,6126651,65.88,936,4467896,48.05,3818,725503,7.8
2022-02-16,62.95,7.72,29.34,179,6705821,72.11,577,6127228,65.89,803,4468699,48.05,2487,727990,7.83
2022-02-17,62.96,7.7,29.34,246,6706067,72.11,740,6127968,65.9,774,4469473,48.06,3061,731051,7.86
2022-02-18,62.98,7.69,29.33,131,6706198,72.12,342,6128310,65.9,436,4469909,48.07,1118,732169,7.87
2022-02-19,62.99,7.69,29.32,33,6706231,72.12,84,6128394,65.9,82,4469991,48.07,79,732248,7.87
2022-02-20,63.01,7.67,29.32,203,6706434,72.12,604,6128998,65.91,721,4470712,48.08,2574,734822,7.9
2022-02-21,63.04,7.65,29.31,173,6706607,72.12,413,6129411,65.91,489,4471201,48.08,1542,736364,7.92
2022-02-22,63.05,7.65,29.3,158,6706765,72.12,454,6129865,65.92,567,4471768,48.09,1871,738235,7.94
2022-02-23,63.06,7.65,29.29,109,6706874,72.12,353,6130218,65.92,452,4472220,48.09,1153,739388,7.95
2022-02-24,63.05,7.66,29.29,138,6707012,72.12,462,6130680,65.93,568,4472788,48.1,1492,740880,7.97
2022-02-25,63.06,7.66,29.28,59,6707071,72.12,144,6130824,65.93,190,4472978,48.1,456,741336,7.97
2022-02-26,63.05,7.67,29.28,17,6707088,72.12,28,6130852,65.93,161,4473139,48.1,35,741371,7.97
2022-02-27,63.05,7.67,29.28,112,6707200,72.13,341,6131193,65.93,448,4473587,48.11,1119,742490,7.98
2022-02-28,63.07,7.65,29.28,108,6707308,72.13,271,6131464,65.93,422,4474009,48.11,907,743397,7.99
2022-03-01,63.1,7.63,29.27,95,6707403,72.13,280,6131744,65.94,373,4474382,48.12,797,744194,8
2022-03-02,63.11,7.62,29.27,77,6707480,72.13,199,6131943,65.94,324,4474706,48.12,697,744891,8.01
2022-03-03,63.05,7.67,29.27,156,6707636,72.13,371,6132314,65.94,496,4475202,48.12,987,745878,8.02
2022-03-04,63.05,7.68,29.27,53,6707689,72.13,170,6132484,65.95,170,4475372,48.13,227,746105,8.02
2022-03-05,63.04,7.69,29.27,4,6707693,72.13,25,6132509,65.95,43,4475415,48.13,32,746137,8.02
2022-03-06,63.04,7.69,29.27,97,6707790,72.13,258,6132767,65.95,418,4475833,48.13,760,746897,8.03
2022-03-07,63.05,7.69,29.26,87,6707877,72.13,260,6133027,65.95,353,4476186,48.13,604,747501,8.04
2022-03-08,63.04,7.7,29.26,98,6707975,72.13,263,6133290,65.95,333,4476519,48.14,550,748051,8.04
2022-03-09,63.02,7.72,29.25,89,6708064,72.14,213,6133503,65.96,337,4476856,48.14,492,748543,8.05
2022-03-10,63.01,7.74,29.25,115,6708179,72.14,373,6133876,65.96,427,4477283,48.15,620,749163,8.06
2022-03-11,63,7.75,29.25,24,6708203,72.14,86,6133962,65.96,122,4477405,48.15,144,749307,8.06
2022-03-12,62.98,7.77,29.24,11,6708214,72.14,12,6133974,65.96,33,4477438,48.15,28,749335,8.06
2022-03-13,62.98,7.78,29.24,100,6708314,72.14,271,6134245,65.96,358,4477796,48.15,595,749930,8.06
2022-03-14,62.98,7.78,29.24,65,6708379,72.14,252,6134497,65.97,316,4478112,48.16,559,750489,8.07
2022-03-15,62.95,7.81,29.24,79,6708458,72.14,185,6134682,65.97,293,4478405,48.16,591,751080,8.08
2022-03-16,62.94,7.82,29.24,76,6708534,72.14,205,6134887,65.97,304,4478709,48.16,668,751748,8.08
2022-03-17,62.94,7.82,29.24,65,6708599,72.14,121,6135008,65.97,286,4478995,48.16,613,752361,8.09
2022-03-18,62.94,7.82,29.24,19,6708618,72.14,54,6135062,65.97,100,4479095,48.17,234,752595,8.09
2022-03-19,62.89,7.88,29.23,5,6708623,72.14,11,6135073,65.97,28,4479123,48.17,39,752634,8.09
2022-03-20,62.87,7.89,29.23,119,6708742,72.14,260,6135333,65.98,486,4479609,48.17,1431,754065,8.11
2022-03-21,62.87,7.9,29.23,97,6708839,72.14,247,6135580,65.98,379,4479988,48.18,1132,755197,8.12
2022-03-22,62.84,7.94,29.23,141,6708980,72.15,342,6135922,65.98,507,4480495,48.18,1770,756967,8.14
2022-03-23,62.81,7.97,29.22,108,6709088,72.15,212,6136134,65.98,463,4480958,48.19,1676,758643,8.16
2022-03-24,62.78,8,29.22,174,6709262,72.15,345,6136479,65.99,768,4481726,48.19,2361,761004,8.18
2022-03-25,62.78,8,29.23,39,6709301,72.15,82,6136561,65.99,156,4481882,48.2,629,761633,8.19
2022-03-26,62.77,8,29.22,12,6709313,72.15,13,6136574,65.99,34,4481916,48.2,91,761724,8.19
2022-03-27,62.75,8.02,29.22,167,6709480,72.15,344,6136918,65.99,758,4482674,48.2,3193,764917,8.23
2022-03-28,62.75,8.03,29.22,113,6709593,72.15,270,6137188,66,623,4483297,48.21,2416,767333,8.25
2022-03-29,62.7,8.07,29.22,125,6709718,72.15,258,6137446,66,641,4483938,48.22,2771,770104,8.28
2022-03-30,62.81,8.11,29.07,132,6709850,72.15,207,6137653,66,539,4484477,48.22,2370,772474,8.31
2022-03-31,62.79,8.11,29.1,166,6710016,72.16,302,6137955,66,730,4485207,48.23,2852,775326,8.34
2022-04-01,62.72,8.13,29.15,122,6710138,72.16,160,6138115,66.01,277,4485484,48.23,585,775911,8.34
2022-04-02,62.69,8.15,29.16,6,6710144,72.16,7,6138122,66.01,37,4485521,48.24,52,775963,8.34
2022-04-03,62.65,8.16,29.19,159,6710303,72.16,270,6138392,66.01,569,4486090,48.24,2478,778441,8.37
2022-04-04,62.62,8.16,29.22,103,6710406,72.16,207,6138599,66.01,484,4486574,48.25,2224,780665,8.39
2022-04-05,62.57,8.19,29.25,122,6710528,72.16,219,6138818,66.01,513,4487087,48.25,2242,782907,8.42
2022-04-06,62.55,8.2,29.25,92,6710620,72.16,155,6138973,66.02,381,4487468,48.26,2021,784928,8.44
2022-04-07,62.56,8.2,29.24,191,6710811,72.16,215,6139188,66.02,641,4488109,48.26,2556,787484,8.47
2022-04-08,62.54,8.22,29.23,30,6710841,72.17,60,6139248,66.02,153,4488262,48.26,482,787966,8.47
2022-04-09,62.52,8.25,29.23,6,6710847,72.17,17,6139265,66.02,27,4488289,48.26,47,788013,8.47
2022-04-10,62.51,8.26,29.23,103,6710950,72.17,264,6139529,66.02,429,4488718,48.27,1845,789858,8.49
2022-04-11,62.54,8.26,29.2,78,6711028,72.17,201,6139730,66.02,371,4489089,48.27,1425,791283,8.51
2022-04-12,62.58,8.29,29.12,204,6711232,72.17,168,6139898,66.03,374,4489463,48.28,1360,792643,8.52
2022-04-13,62.58,8.31,29.1,119,6711351,72.17,150,6140048,66.03,296,4489759,48.28,1217,793860,8.54
2022-04-14,62.57,8.33,29.1,85,6711436,72.17,221,6140269,66.03,320,4490079,48.28,1069,794929,8.55
2022-04-15,62.55,8.35,29.1,9,6711445,72.17,51,6140320,66.03,47,4490126,48.28,82,795011,8.55
2022-04-16,62.53,8.37,29.1,3,6711448,72.17,8,6140328,66.03,21,4490147,48.28,29,795040,8.55
2022-04-17,62.52,8.38,29.1,62,6711510,72.17,131,6140459,66.03,229,4490376,48.29,807,795847,8.56
2022-04-18,62.51,8.38,29.1,69,6711579,72.17,109,6140568,66.03,252,4490628,48.29,749,796596,8.57
2022-04-19,62.5,8.4,29.1,62,6711641,72.17,144,6140712,66.03,273,4490901,48.29,842,797438,8.58
2022-04-20,62.48,8.42,29.1,60,6711701,72.17,117,6140829,66.04,235,4491136,48.3,654,798092,8.58
2022-04-21,62.47,8.43,29.1,53,6711754,72.17,109,6140938,66.04,196,4491332,48.3,479,798571,8.59
2022-04-22,62.45,8.44,29.11,3,6711757,72.17,17,6140955,66.04,19,4491351,48.3,19,798590,8.59
2022-04-23,62.43,8.46,29.11,6,6711763,72.17,9,6140964,66.04,15,4491366,48.3,13,798603,8.59
2022-04-24,62.43,8.47,29.1,92,6711855,72.18,250,6141214,66.04,329,4491695,48.3,872,799475,8.6
2022-04-25,62.43,8.47,29.1,105,6711960,72.18,191,6141405,66.04,316,4492011,48.3,738,800213,8.61
2022-04-26,62.42,8.48,29.1,75,6712035,72.18,175,6141580,66.04,303,4492314,48.31,787,801000,8.61
2022-04-27,62.41,8.49,29.1,54,6712089,72.18,160,6141740,66.05,227,4492541,48.31,640,801640,8.62
2022-04-28,62.41,8.5,29.1,96,6712185,72.18,232,6141972,66.05,329,4492870,48.31,871,802511,8.63
2022-04-29,62.39,8.51,29.1,112,6712297,72.18,159,6142131,66.05,183,4493053,48.32,195,802706,8.63
2022-04-30,62.38,8.52,29.1,1,6712298,72.18,3,6142134,66.05,24,4493077,48.32,22,802728,8.63
2022-05-01,62.38,8.53,29.09,135,6712433,72.18,185,6142319,66.05,316,4493393,48.32,630,803358,8.64
2022-05-02,62.37,8.54,29.09,62,6712495,72.18,155,6142474,66.05,235,4493628,48.32,491,803849,8.64
2022-05-03,62.36,8.55,29.09,72,6712567,72.18,151,6142625,66.05,288,4493916,48.33,507,804356,8.65
2022-05-04,62.35,8.57,29.08,23,6712590,72.18,56,6142681,66.06,63,4493979,48.33,126,804482,8.65
2022-05-05,62.34,8.58,29.08,4,6712594,72.18,1,6142682,66.06,8,4493987,48.33,13,804495,8.65
2022-05-06,62.33,8.59,29.08,20,6712614,72.18,59,6142741,66.06,64,4494051,48.33,151,804646,8.65
2022-05-07,62.32,8.6,29.08,1,6712615,72.18,7,6142748,66.06,27,4494078,48.33,24,804670,8.65
2022-05-08,62.31,8.61,29.08,118,6712733,72.19,207,6142955,66.06,270,4494348,48.33,457,805127,8.66
2022-05-09,62.31,8.61,29.08,59,6712792,72.19,162,6143117,66.06,251,4494599,48.33,505,805632,8.66
2022-05-10,62.3,8.62,29.08,131,6712923,72.19,169,6143286,66.06,261,4494860,48.34,508,806140,8.67
2022-05-11,62.3,8.63,29.08,58,6712981,72.19,118,6143404,66.06,182,4495042,48.34,464,806604,8.67
2022-05-12,62.29,8.64,29.07,119,6713100,72.19,200,6143604,66.07,278,4495320,48.34,665,807269,8.68
2022-05-13,62.28,8.65,29.07,11,6713111,72.19,43,6143647,66.07,71,4495391,48.34,110,807379,8.68
2022-05-14,62.26,8.66,29.07,6,6713117,72.19,13,6143660,66.07,11,4495402,48.34,23,807402,8.68
2022-05-15,62.26,8.67,29.07,90,6713207,72.19,175,6143835,66.07,246,4495648,48.34,665,808067,8.69
2022-05-16,62.19,8.65,29.16,68,6713275,72.19,141,6143976,66.07,230,4495878,48.35,508,808575,8.7
2022-05-17,62.18,8.66,29.16,73,6713348,72.19,153,6144129,66.07,269,4496147,48.35,617,809192,8.7
2022-05-18,62.17,8.67,29.16,43,6713391,72.19,99,6144228,66.07,169,4496316,48.35,445,809637,8.71
2022-05-19,62.16,8.68,29.16,64,6713455,72.19,170,6144398,66.07,212,4496528,48.35,499,810136,8.71
2022-05-20,62.15,8.69,29.16,75,6713530,72.19,114,6144512,66.08,130,4496658,48.35,138,810274,8.71
2022-05-21,62.14,8.7,29.16,4,6713534,72.19,7,6144519,66.08,14,4496672,48.35,18,810292,8.71
2022-05-22,62.14,8.71,29.16,87,6713621,72.19,188,6144707,66.08,216,4496888,48.36,426,810718,8.72
2022-05-23,62.14,8.71,29.16,64,6713685,72.2,120,6144827,66.08,156,4497044,48.36,346,811064,8.72
2022-05-24,62.13,8.71,29.15,43,6713728,72.2,119,6144946,66.08,157,4497201,48.36,394,811458,8.73
2022-05-25,62.12,8.72,29.15,61,6713789,72.2,103,6145049,66.08,166,4497367,48.36,337,811795,8.73
2022-05-26,62.11,8.73,29.16,72,6713861,72.2,136,6145185,66.08,186,4497553,48.36,348,812143,8.73
2022-05-27,62.1,8.74,29.16,12,6713873,72.2,29,6145214,66.08,43,4497596,48.36,59,812202,8.73
2022-05-28,62.09,8.75,29.16,2,6713875,72.2,5,6145219,66.08,8,4497604,48.37,12,812214,8.73
2022-05-29,62.09,8.75,29.16,89,6713964,72.2,153,6145372,66.08,163,4497767,48.37,315,812529,8.74
2022-05-30,62.09,8.76,29.16,56,6714020,72.2,133,6145505,66.09,125,4497892,48.37,291,812820,8.74
2022-05-31,62.07,8.78,29.15,45,6714065,72.2,104,6145609,66.09,153,4498045,48.37,351,813171,8.74
2022-06-01,61.95,8.9,29.16,63,6714128,72.2,90,6145699,66.09,117,4498162,48.37,276,813447,8.75
2022-06-02,45.96,24.88,29.15,77,6714205,72.2,156,6145855,66.09,177,4498339,48.37,255,813702,8.75
2022-06-03,45.9,24.95,29.16,10,6714215,72.2,23,6145878,66.09,21,4498360,48.37,33,813735,8.75
2022-06-04,45.84,25,29.16,0,6714215,72.2,7,6145885,66.09,8,4498368,48.37,5,813740,8.75
2022-06-05,45.8,25.05,29.16,11,6714226,72.2,14,6145899,66.09,7,4498375,48.37,2,813742,8.75
2022-06-06,39.96,30.89,29.16,58,6714284,72.2,144,6146043,66.09,161,4498536,48.38,262,814004,8.75
2022-06-07,39.92,30.93,29.15,54,6714338,72.2,134,6146177,66.09,142,4498678,48.38,379,814383,8.76
2022-06-08,39.89,30.96,29.15,58,6714396,72.2,104,6146281,66.09,131,4498809,48.38,497,814880,8.76
2022-06-09,39.86,30.99,29.15,84,6714480,72.2,207,6146488,66.1,234,4499043,48.38,641,815521,8.77
2022-06-10,39.83,31.02,29.15,14,6714494,72.2,51,6146539,66.1,59,4499102,48.38,141,815662,8.77
2022-06-11,39.8,31.05,29.15,0,6714494,72.2,3,6146542,66.1,7,4499109,48.38,19,815681,8.77
2022-06-12,39.8,31.05,29.15,109,6714603,72.21,199,6146741,66.1,191,4499300,48.38,767,816448,8.78
2022-06-13,39.81,31.04,29.15,84,6714687,72.21,142,6146883,66.1,168,4499468,48.39,625,817073,8.79
2022-06-14,39.79,31.06,29.15,116,6714803,72.21,173,6147056,66.1,208,4499676,48.39,759,817832,8.79
2022-06-15,39.78,31.08,29.15,71,6714874,72.21,141,6147197,66.1,207,4499883,48.39,699,818531,8.8
2022-06-16,39.74,31.11,29.14,94,6714968,72.21,136,6147333,66.11,218,4500101,48.39,742,819273,8.81
2022-06-17,39.72,31.14,29.15,16,6714984,72.21,63,6147396,66.11,53,4500154,48.39,124,819397,8.81
2022-06-18,39.68,31.17,29.14,3,6714987,72.21,4,6147400,66.11,11,4500165,48.39,15,819412,8.81
2022-06-19,39.53,31.33,29.15,115,6715102,72.21,207,6147607,66.11,318,4500483,48.4,877,820289,8.82
2022-06-20,33.92,36.85,29.23,99,6715201,72.21,152,6147759,66.11,307,4500790,48.4,922,821211,8.83
2022-06-21,33.58,37.19,29.23,94,6715295,72.21,154,6147913,66.11,375,4501165,48.4,1229,822440,8.84
2022-06-22,33.28,37.49,29.23,110,6715405,72.21,135,6148048,66.11,339,4501504,48.41,894,823334,8.85
2022-06-23,32.84,37.92,29.23,132,6715537,72.22,217,6148265,66.12,525,4502029,48.41,1146,824480,8.87
2022-06-24,32.43,38.34,29.24,19,6715556,72.22,35,6148300,66.12,110,4502139,48.41,207,824687,8.87
2022-06-25,32.04,38.72,29.24,1,6715557,72.22,3,6148303,66.12,12,4502151,48.41,16,824703,8.87
2022-06-26,31.63,39.13,29.24,107,6715664,72.22,158,6148461,66.12,379,4502530,48.42,933,825636,8.88
2022-06-27,31.29,39.47,29.24,86,6715750,72.22,172,6148633,66.12,392,4502922,48.42,1028,826664,8.89
2022-06-28,30.86,39.91,29.24,84,6715834,72.22,151,6148784,66.12,364,4503286,48.43,932,827596,8.9
2022-06-29,30.48,40.28,29.24,76,6715910,72.22,106,6148890,66.12,265,4503551,48.43,816,828412,8.91
2022-06-30,30.05,40.71,29.24,86,6715996,72.22,165,6149055,66.12,356,4503907,48.43,1061,829473,8.92
2022-07-01,29.62,41.14,29.24,22,6716018,72.22,28,6149083,66.12,55,4503962,48.43,80,829553,8.92
2022-07-02,29.2,41.56,29.24,1,6716019,72.22,2,6149085,66.12,8,4503970,48.43,18,829571,8.92
2022-07-03,28.81,41.95,29.24,100,6716119,72.22,177,6149262,66.13,322,4504292,48.44,637,830208,8.93
2022-07-04,28.5,42.26,29.24,76,6716195,72.22,140,6149402,66.13,278,4504570,48.44,749,830957,8.94
2022-07-05,28.06,42.7,29.24,59,6716254,72.22,142,6149544,66.13,302,4504872,48.44,688,831645,8.94
2022-07-06,27.39,43.37,29.24,78,6716332,72.22,124,6149668,66.13,211,4505083,48.45,646,832291,8.95
2022-07-07,26.48,44.28,29.24,82,6716414,72.22,164,6149832,66.13,267,4505350,48.45,721,833012,8.96
2022-07-08,25.47,45.29,29.24,17,6716431,72.23,33,6149865,66.13,69,4505419,48.45,131,833143,8.96
2022-07-09,24.42,46.34,29.24,0,6716431,72.23,1,6149866,66.13,3,4505422,48.45,2,833145,8.96
2022-07-10,23.77,46.99,29.24,90,6716521,72.23,164,6150030,66.13,229,4505651,48.45,470,833615,8.96
2022-07-11,23.22,47.54,29.24,64,6716585,72.23,142,6150172,66.14,248,4505899,48.45,575,834190,8.97
2022-07-12,22.13,48.63,29.24,69,6716654,72.23,129,6150301,66.14,207,4506106,48.46,557,834747,8.98
2022-07-13,21.1,49.66,29.24,43,6716697,72.23,101,6150402,66.14,164,4506270,48.46,488,835235,8.98
2022-07-14,20.12,50.63,29.24,69,6716766,72.23,147,6150549,66.14,209,4506479,48.46,512,835747,8.99
2022-07-15,19.27,51.48,29.25,64,6716830,72.23,88,6150637,66.14,127,4506606,48.46,166,835913,8.99
2022-07-16,18.29,52.46,29.25,0,6716830,72.23,6,6150643,66.14,7,4506613,48.46,8,835921,8.99
2022-07-17,17.83,52.92,29.25,77,6716907,72.23,183,6150826,66.14,241,4506854,48.46,468,836389,8.99
2022-07-18,17.48,53.26,29.26,62,6716969,72.23,158,6150984,66.14,207,4507061,48.47,511,836900,9
2022-07-19,16.77,53.97,29.26,62,6717031,72.23,147,6151131,66.15,174,4507235,48.47,368,837268,9
2022-07-20,16.09,54.64,29.26,52,6717083,72.23,133,6151264,66.15,137,4507372,48.47,423,837691,9.01
2022-07-21,15.43,55.3,29.27,61,6717144,72.23,158,6151422,66.15,176,4507548,48.47,341,838032,9.01
2022-07-22,14.64,56.08,29.28,10,6717154,72.23,36,6151458,66.15,43,4507591,48.47,56,838088,9.01
2022-07-23,14.17,56.55,29.28,0,6717154,72.23,4,6151462,66.15,4,4507595,48.47,9,838097,9.01
2022-07-24,13.55,57.16,29.29,58,6717212,72.23,128,6151590,66.15,197,4507792,48.47,364,838461,9.02
2022-07-25,13.09,57.61,29.3,48,6717260,72.23,107,6151697,66.15,172,4507964,48.48,336,838797,9.02
2022-07-26,12.46,58.23,29.3,47,6717307,72.23,99,6151796,66.15,111,4508075,48.48,270,839067,9.02
2022-07-27,11.89,58.8,29.31,43,6717350,72.24,125,6151921,66.15,132,4508207,48.48,243,839310,9.03
2022-07-28,11.35,59.34,29.31,62,6717412,72.24,142,6152063,66.16,147,4508354,48.48,220,839530,9.03
2022-07-29,10.85,59.83,29.32,10,6717422,72.24,25,6152088,66.16,27,4508381,48.48,31,839561,9.03
2022-07-30,10.34,60.33,29.33,0,6717422,72.24,0,6152088,66.16,1,4508382,48.48,1,839562,9.03
2022-07-31,9.97,60.7,29.33,56,6717478,72.24,134,6152222,66.16,131,4508513,48.48,252,839814,9.03
2022-08-01,9.47,61.19,29.34,54,6717532,72.24,76,6152298,66.16,89,4508602,48.48,152,839966,9.03
2022-08-02,8.92,61.73,29.35,111,6717643,72.24,119,6152417,66.16,157,4508759,48.48,264,840230,9.04
2022-08-03,8.46,62.19,29.35,76,6717719,72.24,71,6152488,66.16,92,4508851,48.49,178,840408,9.04
2022-08-04,8.04,62.61,29.36,133,6717852,72.24,133,6152621,66.16,111,4508962,48.49,246,840654,9.04
2022-08-05,7.71,62.93,29.36,30,6717882,72.24,23,6152644,66.16,13,4508975,48.49,24,840678,9.04
2022-08-06,7.32,63.32,29.36,1,6717883,72.24,2,6152646,66.16,1,4508976,48.49,5,840683,9.04
2022-08-07,6.92,63.71,29.37,89,6717972,72.24,97,6152743,66.16,69,4509045,48.49,169,840852,9.04
2022-08-08,6.74,63.89,29.37,76,6718048,72.24,95,6152838,66.16,122,4509167,48.49,172,841024,9.04
2022-08-09,6.25,64.37,29.38,96,6718144,72.24,90,6152928,66.17,99,4509266,48.49,213,841237,9.05
2022-08-10,5.91,64.71,29.38,77,6718221,72.24,59,6152987,66.17,76,4509342,48.49,115,841352,9.05
2022-08-11,5.59,65.03,29.38,54,6718275,72.25,101,6153088,66.17,91,4509433,48.49,155,841507,9.05
2022-08-12,5.35,65.27,29.38,8,6718283,72.25,12,6153100,66.17,18,4509451,48.49,29,841536,9.05
2022-08-13,5.1,65.52,29.38,0,6718283,72.25,2,6153102,66.17,2,4509453,48.49,3,841539,9.05
2022-08-14,4.87,65.75,29.39,74,6718357,72.25,75,6153177,66.17,82,4509535,48.49,150,841689,9.05
2022-08-15,4.74,65.87,29.39,68,6718425,72.25,81,6153258,66.17,93,4509628,48.49,143,841832,9.05
2022-08-16,4.46,66.15,29.39,82,6718507,72.25,84,6153342,66.17,84,4509712,48.5,187,842019,9.05
2022-08-17,4.16,66.44,29.39,47,6718554,72.25,55,6153397,66.17,36,4509748,48.5,115,842134,9.06
2022-08-18,3.98,66.63,29.39,68,6718622,72.25,93,6153490,66.17,120,4509868,48.5,173,842307,9.06
2022-08-19,3.83,66.78,29.39,77,6718699,72.25,67,6153557,66.17,56,4509924,48.5,38,842345,9.06
2022-08-20,3.67,66.94,29.39,1,6718700,72.25,1,6153558,66.17,3,4509927,48.5,3,842348,9.06
2022-08-21,3.52,67.08,29.4,51,6718751,72.25,85,6153643,66.17,84,4510011,48.5,197,842545,9.06
2022-08-22,3.44,67.16,29.4,89,6718840,72.25,74,6153717,66.17,103,4510114,48.5,143,842688,9.06
2022-08-23,3.27,67.33,29.4,72,6718912,72.25,106,6153823,66.18,84,4510198,48.5,180,842868,9.06
2022-08-24,3.15,67.46,29.4,38,6718950,72.25,80,6153903,66.18,49,4510247,48.5,133,843001,9.07
2022-08-25,3.03,67.57,29.4,53,6719003,72.25,75,6153978,66.18,97,4510344,48.5,193,843194,9.07
2022-08-26,2.94,67.66,29.4,4,6719007,72.25,15,6153993,66.18,9,4510353,48.5,14,843208,9.07
2022-08-27,2.84,67.76,29.4,0,6719007,72.25,0,6153993,66.18,0,4510353,48.5,0,843208,9.07
2022-08-28,2.75,67.85,29.4,55,6719062,72.25,80,6154073,66.18,85,4510438,48.5,102,843310,9.07
2022-08-29,2.69,67.91,29.4,48,6719110,72.25,68,6154141,66.18,89,4510527,48.5,107,843417,9.07
2022-08-30,2.6,68,29.4,85,6719195,72.25,112,6154253,66.18,85,4510612,48.5,130,843547,9.07
2022-08-31,2.53,68.07,29.4,42,6719237,72.26,88,6154341,66.18,70,4510682,48.51,95,843642,9.07
2022-09-01,2.46,68.14,29.4,29,6719266,72.26,84,6154425,66.18,58,4510740,48.51,113,843755,9.07
2022-09-02,2.4,68.2,29.4,6,6719272,72.26,20,6154445,66.18,13,4510753,48.51,10,843765,9.07
2022-09-03,2.33,68.27,29.4,2,6719274,72.26,0,6154445,66.18,3,4510756,48.51,1,843766,9.07
2022-09-04,2.27,68.32,29.4,64,6719338,72.26,133,6154578,66.18,80,4510836,48.51,121,843887,9.07
2022-09-05,2.23,68.37,29.4,44,6719382,72.26,77,6154655,66.18,58,4510894,48.51,90,843977,9.08
2022-09-06,2.17,68.42,29.4,60,6719442,72.26,104,6154759,66.19,78,4510972,48.51,130,844107,9.08
2022-09-07,2.12,68.47,29.4,27,6719469,72.26,63,6154822,66.19,53,4511025,48.51,95,844202,9.08
2022-09-08,2.07,68.53,29.4,50,6719519,72.26,101,6154923,66.19,70,4511095,48.51,77,844279,9.08
2022-09-09,2.03,68.57,29.4,10,6719529,72.26,21,6154944,66.19,16,4511111,48.51,17,844296,9.08
2022-09-10,1.97,68.62,29.4,0,6719529,72.26,0,6154944,66.19,5,4511116,48.51,2,844298,9.08
2022-09-11,1.92,68.67,29.41,39,6719568,72.26,117,6155061,66.19,78,4511194,48.51,116,844414,9.08
2022-09-12,1.88,68.71,29.41,24,6719592,72.26,72,6155133,66.19,52,4511246,48.51,68,844482,9.08
2022-09-13,1.82,68.77,29.41,44,6719636,72.26,113,6155246,66.19,54,4511300,48.51,103,844585,9.08
2022-09-14,1.78,68.82,29.41,21,6719657,72.26,64,6155310,66.19,54,4511354,48.51,62,844647,9.08
2022-09-15,1.73,68.86,29.41,32,6719689,72.26,77,6155387,66.19,63,4511417,48.51,107,844754,9.08
2022-09-16,1.7,68.89,29.41,48,6719737,72.26,52,6155439,66.19,27,4511444,48.51,28,844782,9.08
2022-09-17,1.66,68.93,29.41,3,6719740,72.26,0,6155439,66.19,1,4511445,48.51,0,844782,9.08
2022-09-18,1.63,68.96,29.41,28,6719768,72.26,66,6155505,66.19,52,4511497,48.51,114,844896,9.09
2022-09-19,1.61,68.98,29.41,27,6719795,72.26,74,6155579,66.19,44,4511541,48.51,57,844953,9.09
2022-09-20,1.56,69.03,29.41,41,6719836,72.26,93,6155672,66.2,75,4511616,48.52,102,845055,9.09
2022-09-21,1.55,69.05,29.41,22,6719858,72.26,54,6155726,66.2,29,4511645,48.52,56,845111,9.09
2022-09-22,1.52,69.07,29.4,40,6719898,72.26,56,6155782,66.2,27,4511672,48.52,41,845152,9.09
2022-09-23,1.5,69.1,29.41,6,6719904,72.26,11,6155793,66.2,4,4511676,48.52,1,845153,9.09
2022-09-24,1.47,69.13,29.41,0,6719904,72.26,0,6155793,66.2,0,4511676,48.52,0,845153,9.09
2022-09-25,1.46,69.13,29.41,5,6719909,72.26,20,6155813,66.2,10,4511686,48.52,27,845180,9.09
2022-09-26,1.46,69.13,29.41,0,6719909,72.26,5,6155818,66.2,2,4511688,48.52,2,845182,9.09
2022-09-27,1.42,69.17,29.41,2,6719911,72.26,0,6155818,66.2,3,4511691,48.52,3,845185,9.09
2022-09-28,1.39,69.21,29.41,24,6719935,72.26,36,6155854,66.2,25,4511716,48.52,16,845201,9.09
2022-09-29,1.37,69.22,29.41,32,6719967,72.26,61,6155915,66.2,13,4511729,48.52,48,845249,9.09
2022-09-30,1.35,69.24,29.41,3,6719970,72.26,12,6155927,66.2,2,4511731,48.52,0,845249,9.09
2022-10-01,1.31,69.29,29.41,0,6719970,72.26,1,6155928,66.2,1,4511732,48.52,1,845250,9.09
2022-10-02,1.31,69.29,29.41,24,6719994,72.26,51,6155979,66.2,20,4511752,48.52,73,845323,9.09
2022-10-03,1.31,69.28,29.4,23,6720017,72.26,29,6156008,66.2,13,4511765,48.52,12,845335,9.09
2022-10-04,1.27,69.32,29.4,7,6720024,72.26,10,6156018,66.2,0,4511765,48.52,1,845336,9.09
2022-10-05,1.28,69.31,29.4,0,6720024,72.26,0,6156018,66.2,0,4511765,48.52,0,845336,9.09
2022-10-06,1.31,69.28,29.4,17,6720041,72.26,43,6156061,66.2,10,4511775,48.52,20,845356,9.09
2022-10-07,1.3,69.29,29.41,3,6720044,72.26,3,6156064,66.2,3,4511778,48.52,0,845356,9.09
2022-10-08,1.26,69.33,29.41,1,6720045,72.26,1,6156065,66.2,0,4511778,48.52,1,845357,9.09
2022-10-09,1.31,69.28,29.41,7,6720052,72.26,22,6156087,66.2,6,4511784,48.52,5,845362,9.09
2022-10-10,1.38,69.22,29.4,5,6720057,72.26,2,6156089,66.2,0,4511784,48.52,0,845362,9.09
2022-10-11,1.36,69.24,29.4,12,6720069,72.26,32,6156121,66.2,1,4511785,48.52,32,845394,9.09
2022-10-12,1.34,69.26,29.4,13,6720082,72.26,24,6156145,66.2,5,4511790,48.52,4,845398,9.09
2022-10-13,1.4,69.2,29.4,17,6720099,72.26,16,6156161,66.2,5,4511795,48.52,9,845407,9.09
2022-10-14,1.4,69.2,29.4,6,6720105,72.26,7,6156168,66.2,4,4511799,48.52,3,845410,9.09
2022-10-15,1.38,69.22,29.4,0,6720105,72.26,0,6156168,66.2,0,4511799,48.52,1,845411,9.09
2022-10-16,1.39,69.2,29.4,4,6720109,72.26,13,6156181,66.2,5,4511804,48.52,8,845419,9.09
2022-10-17,1.39,69.2,29.4,1,6720110,72.26,1,6156182,66.2,1,4511805,48.52,0,845419,9.09
2022-10-18,1.43,69.17,29.4,24,6720134,72.27,31,6156213,66.2,14,4511819,48.52,16,845435,9.09
2022-10-19,1.47,69.12,29.4,18,6720152,72.27,25,6156238,66.2,7,4511826,48.52,3,845438,9.09
2022-10-20,1.5,69.1,29.4,25,6720177,72.27,44,6156282,66.2,12,4511838,48.52,4,845442,9.09
2022-10-21,1.5,69.09,29.4,4,6720181,72.27,7,6156289,66.2,2,4511840,48.52,2,845444,9.09
2022-10-22,1.49,69.1,29.4,0,6720181,72.27,0,6156289,66.2,0,4511840,48.52,0,845444,9.09
2022-10-23,1.51,69.08,29.4,15,6720196,72.27,33,6156322,66.2,18,4511858,48.52,10,845454,9.09
2022-10-24,1.51,69.08,29.41,20,6720216,72.27,16,6156338,66.2,19,4511877,48.52,9,845463,9.09
2022-10-25,1.55,69.04,29.4,18,6720234,72.27,34,6156372,66.2,22,4511899,48.52,21,845484,9.09
2022-10-26,1.61,68.99,29.4,18,6720252,72.27,25,6156397,66.2,8,4511907,48.52,9,845493,9.09
2022-10-27,1.67,68.93,29.4,18,6720270,72.27,26,6156423,66.2,14,4511921,48.52,16,845509,9.09
2022-10-28,1.67,68.93,29.4,43,6720313,72.27,47,6156470,66.2,31,4511952,48.52,18,845527,9.09
2022-10-29,1.66,68.94,29.4,0,6720313,72.27,0,6156470,66.2,0,4511952,48.52,0,845527,9.09
2022-10-30,1.71,68.89,29.4,14,6720327,72.27,23,6156493,66.2,15,4511967,48.52,9,845536,9.09
2022-10-31,1.76,68.84,29.4,17,6720344,72.27,16,6156509,66.2,8,4511975,48.52,9,845545,9.09
2022-11-01,1.82,68.78,29.4,2,6720346,72.27,1,6156510,66.2,1,4511976,48.52,0,845545,9.09
2022-11-02,1.88,68.72,29.4,13,6720359,72.27,13,6156523,66.2,7,4511983,48.52,8,845553,9.09
2022-11-03,1.96,68.64,29.4,16,6720375,72.27,18,6156541,66.2,11,4511994,48.52,8,845561,9.09
2022-11-04,1.98,68.63,29.4,4,6720379,72.27,6,6156547,66.2,1,4511995,48.52,2,845563,9.09
2022-11-05,1.97,68.63,29.4,0,6720379,72.27,0,6156547,66.2,0,4511995,48.52,0,845563,9.09
2022-11-06,2.03,68.57,29.4,24,6720403,72.27,32,6156579,66.2,11,4512006,48.52,23,845586,9.09
2022-11-07,2.1,68.51,29.4,15,6720418,72.27,11,6156590,66.2,10,4512016,48.52,54,845640,9.09
2022-11-08,2.1,68.5,29.4,28,6720446,72.27,26,6156616,66.21,14,4512030,48.52,9,845649,9.09
2022-11-09,2.16,68.45,29.4,16,6720462,72.27,20,6156636,66.21,17,4512047,48.52,9,845658,9.09
2022-11-10,2.22,68.39,29.4,26,6720488,72.27,14,6156650,66.21,11,4512058,48.52,4,845662,9.09
2022-11-11,2.23,68.37,29.4,1,6720489,72.27,17,6156667,66.21,2,4512060,48.52,1,845663,9.09
2022-11-12,2.22,68.38,29.4,1,6720490,72.27,0,6156667,66.21,1,4512061,48.52,0,845663,9.09
2022-11-13,2.29,68.31,29.4,24,6720514,72.27,30,6156697,66.21,17,4512078,48.52,8,845671,9.09
2022-11-14,2.37,68.23,29.4,20,6720534,72.27,17,6156714,66.21,21,4512099,48.52,16,845687,9.09
2022-11-15,2.43,68.17,29.4,39,6720573,72.27,25,6156739,66.21,16,4512115,48.52,17,845704,9.09
2022-11-16,2.5,68.1,29.4,14,6720587,72.27,27,6156766,66.21,16,4512131,48.52,11,845715,9.09
2022-11-17,2.59,68.02,29.4,19,6720606,72.27,33,6156799,66.21,18,4512149,48.52,4,845719,9.09
2022-11-18,2.61,67.99,29.4,6,6720612,72.27,4,6156803,66.21,4,4512153,48.52,0,845719,9.09
2022-11-19,2.6,68,29.4,0,6720612,72.27,0,6156803,66.21,0,4512153,48.52,0,845719,9.09
2022-11-20,2.67,67.93,29.4,19,6720631,72.27,19,6156822,66.21,6,4512159,48.52,13,845732,9.09
2022-11-21,2.76,67.85,29.4,14,6720645,72.27,13,6156835,66.21,6,4512165,48.52,6,845738,9.09
2022-11-22,2.83,67.77,29.4,26,6720671,72.27,13,6156848,66.21,17,4512182,48.52,6,845744,9.09
2022-11-23,2.9,67.7,29.4,17,6720688,72.27,20,6156868,66.21,4,4512186,48.52,8,845752,9.09
2022-11-24,2.98,67.62,29.4,9,6720697,72.27,16,6156884,66.21,13,4512199,48.52,27,845779,9.1
2022-11-25,3,67.6,29.4,17,6720714,72.27,31,6156915,66.21,14,4512213,48.52,12,845791,9.1
2022-11-26,3,67.61,29.4,0,6720714,72.27,2,6156917,66.21,0,4512213,48.52,0,845791,9.1
2022-11-27,3.06,67.54,29.4,14,6720728,72.27,14,6156931,66.21,19,4512232,48.52,2,845793,9.1
2022-11-28,3.14,67.47,29.4,8,6720736,72.27,23,6156954,66.21,8,4512240,48.52,6,845799,9.1
2022-11-29,3.2,67.4,29.4,37,6720773,72.27,31,6156985,66.21,19,4512259,48.52,14,845813,9.1
2022-11-30,3.27,67.34,29.39,12,6720785,72.27,25,6157010,66.21,20,4512279,48.52,8,845821,9.1
2022-12-01,3.34,67.26,29.39,13,6720798,72.27,16,6157026,66.21,15,4512294,48.52,4,845825,9.1
2022-12-02,3.36,67.24,29.39,2,6720800,72.27,7,6157033,66.21,4,4512298,48.52,10,845835,9.1
2022-12-03,3.36,67.24,29.39,0,6720800,72.27,0,6157033,66.21,0,4512298,48.52,1,845836,9.1
2022-12-04,3.42,67.18,29.39,25,6720825,72.27,23,6157056,66.21,29,4512327,48.52,23,845859,9.1
2022-12-05,3.48,67.12,29.4,9,6720834,72.27,17,6157073,66.21,11,4512338,48.52,18,845877,9.1
2022-12-06,3.55,67.06,29.39,32,6720866,72.27,25,6157098,66.21,27,4512365,48.52,9,845886,9.1
2022-12-07,3.62,66.99,29.39,10,6720876,72.27,17,6157115,66.21,8,4512373,48.52,7,845893,9.1
2022-12-08,3.69,66.91,29.39,18,6720894,72.27,26,6157141,66.21,15,4512388,48.52,3,845896,9.1
2022-12-09,3.71,66.9,29.39,4,6720898,72.27,1,6157142,66.21,1,4512389,48.52,7,845903,9.1
2022-12-10,3.7,66.91,29.39,1,6720899,72.27,0,6157142,66.21,2,4512391,48.52,0,845903,9.1
2022-12-11,3.76,66.84,29.39,14,6720913,72.27,19,6157161,66.21,15,4512406,48.52,16,845919,9.1
2022-12-12,3.82,66.78,29.39,14,6720927,72.27,11,6157172,66.21,5,4512411,48.52,0,845919,9.1
2022-12-13,3.87,66.73,29.39,17,6720944,72.27,44,6157216,66.21,18,4512429,48.52,13,845932,9.1
2022-12-14,3.92,66.69,29.39,17,6720961,72.27,16,6157232,66.21,7,4512436,48.52,3,845935,9.1
2022-12-15,3.97,66.64,29.39,21,6720982,72.27,16,6157248,66.21,7,4512443,48.52,3,845938,9.1
2022-12-16,3.98,66.62,29.39,10,6720992,72.27,2,6157250,66.21,1,4512444,48.52,0,845938,9.1
2022-12-17,3.97,66.63,29.39,0,6720992,72.27,0,6157250,66.21,0,4512444,48.52,0,845938,9.1
2022-12-18,4.01,66.59,29.39,9,6721001,72.27,17,6157267,66.21,8,4512452,48.52,3,845941,9.1
2022-12-19,4.06,66.54,29.4,7,6721008,72.27,14,6157281,66.21,12,4512464,48.52,6,845947,9.1
2022-12-20,4.1,66.5,29.39,12,6721020,72.27,17,6157298,66.21,2,4512466,48.52,2,845949,9.1
2022-12-21,4.14,66.47,29.39,9,6721029,72.27,14,6157312,66.21,13,4512479,48.52,2,845951,9.1
2022-12-22,4.18,66.42,29.39,0,6721029,72.27,0,6157312,66.21,0,4512479,48.52,0,845951,9.1
