Date,Valid vaccinated pop. perc.,Expired vaccinated pop. perc.,Not vaccinated pop. perc.,Vaccinated (daily),Vaccinated (cumu),Vaccinated pop. perc.,Second dose (daily),Second dose (cumu),Second dose pop. perc.,Third dose (daily),Third dose (cumu),Third dose pop. perc.,Fourth dose (daily),Fourth dose (cumu),Fourth dose pop. perc.
2020-12-19,0,0,100,46,70,0,0,4,0,0,0,0,0,0,0
2020-12-20,0,0,100,7396,7466,0.08,0,4,0,0,0,0,0,0,0
2020-12-21,0,0,100,24923,32389,0.35,0,4,0,0,0,0,0,0,0
2020-12-22,0,0,100,44668,77057,0.83,0,4,0,0,0,0,0,0,0
2020-12-23,0,0,100,62919,139976,1.51,0,4,0,0,0,0,0,0,0
2020-12-24,0,0,100,73430,213406,2.29,0,4,0,0,0,0,0,0,0
2020-12-25,0,0,100,38517,251923,2.71,0,4,0,0,0,0,0,0,0
2020-12-26,0,0,100,32617,284540,3.06,0,4,0,0,0,0,0,0,0
2020-12-27,0,0,100,104575,389115,4.18,0,4,0,0,0,0,0,0,0
2020-12-28,0,0,100,135041,524156,5.64,0,4,0,0,0,0,0,0,0
2020-12-29,0,0,100,156338,680494,7.32,2,6,0,0,0,0,0,0,0
2020-12-30,0,0,100,153188,833682,8.96,0,6,0,0,0,0,0,0,0
2020-12-31,0,0,100,158601,992283,10.67,0,6,0,0,0,0,0,0,0
2021-01-01,0,0,100,71435,1063718,11.44,0,6,0,0,0,0,0,0,0
2021-01-02,0,0,100,71746,1135464,12.21,0,6,0,0,0,0,0,0,0
2021-01-03,0,0,100,149767,1285231,13.82,0,6,0,0,0,0,0,0,0
2021-01-04,0,0,100,152205,1437436,15.46,1,7,0,0,0,0,0,0,0
2021-01-05,0,0,100,125221,1562657,16.8,4,11,0,0,0,0,0,0,0
2021-01-06,0,0,100,103373,1666030,17.92,2,13,0,0,0,0,0,0,0
2021-01-07,0,0,100,116063,1782093,19.16,9,22,0,0,0,0,0,0,0
2021-01-08,0,0,100,66465,1848558,19.88,5,27,0,0,0,0,0,0,0
2021-01-09,0,0,100,44553,1893111,20.36,24,51,0,0,0,0,0,0,0
2021-01-10,0,0,100,37649,1930760,20.76,6001,6052,0.07,0,0,0,0,0,0
2021-01-11,0,0,100,21175,1951935,20.99,19264,25316,0.27,0,0,0,0,0,0
2021-01-12,0,0,100,24075,1976010,21.25,35674,60990,0.66,0,0,0,0,0,0
2021-01-13,0,0,100,52079,2028089,21.81,56874,117864,1.27,0,0,0,0,0,0
2021-01-14,0,0,100,56480,2084569,22.42,68838,186702,2.01,0,0,0,0,0,0
2021-01-15,0,0,100,30776,2115345,22.75,35942,222644,2.39,0,0,0,0,0,0
2021-01-16,0,0,100,29481,2144826,23.06,26006,248650,2.67,0,0,0,0,0,0
2021-01-17,0.31,0,99.69,68444,2213270,23.8,84598,333248,3.58,0,0,0,0,0,0
2021-01-18,0.58,0,99.42,69820,2283090,24.55,120437,453685,4.88,0,0,0,0,0,0
2021-01-19,1.09,0,98.91,72898,2355988,25.34,137849,591534,6.36,0,0,0,0,0,0
2021-01-20,1.9,0,98.1,76919,2432907,26.16,143766,735300,7.91,0,0,0,0,0,0
2021-01-21,2.88,0,97.12,70009,2502916,26.92,164476,899776,9.68,0,0,0,0,0,0
2021-01-22,3.39,0,96.61,37931,2540847,27.32,71134,970910,10.44,0,0,0,0,0,0
2021-01-23,3.77,0,96.23,39965,2580812,27.75,53598,1024508,11.02,0,0,0,0,0,0
2021-01-24,4.96,0,95.04,69147,2649959,28.5,140710,1165218,12.53,0,0,0,0,0,0
2021-01-25,6.61,0,93.39,80944,2730903,29.37,139522,1304740,14.03,0,0,0,0,0,0
2021-01-26,8.45,0,91.55,78737,2809640,30.21,126445,1431185,15.39,0,0,0,0,0,0
2021-01-27,10.34,0,89.66,77982,2887622,31.05,125071,1556256,16.74,0,0,0,0,0,0
2021-01-28,12.43,0,87.57,79570,2967192,31.91,130632,1686888,18.14,0,0,0,0,0,0
2021-01-29,13.34,0,86.66,36704,3003896,32.3,64794,1751682,18.84,0,0,0,0,0,0
2021-01-30,14.02,0,85.98,34396,3038292,32.67,42767,1794449,19.3,0,0,0,0,0,0
2021-01-31,15.76,0,84.24,73333,3111625,33.46,59503,1853952,19.94,0,0,0,0,0,0
2021-02-01,17.48,0,82.52,82510,3194135,34.35,35356,1889308,20.32,0,0,0,0,0,0
2021-02-02,19.01,0,80.99,70106,3264241,35.1,31073,1920381,20.65,0,0,0,0,0,0
2021-02-03,20.47,0,79.53,60308,3324549,35.75,51445,1971826,21.2,0,0,0,0,0,0
2021-02-04,22,0,78,72640,3397189,36.53,58096,2029922,21.83,0,0,0,0,0,0
2021-02-05,22.75,0,77.25,33947,3431136,36.9,28806,2058728,22.14,0,0,0,0,0,0
2021-02-06,23.23,0,76.77,21622,3452758,37.13,22233,2080961,22.38,0,0,0,0,0,0
2021-02-07,23.99,0,76.01,54081,3506839,37.71,68743,2149704,23.12,0,0,0,0,0,0
2021-02-08,24.52,0,75.48,58644,3565483,38.34,65468,2215172,23.82,0,0,0,0,0,0
2021-02-09,25.04,0,74.96,66359,3631842,39.05,67580,2282752,24.55,0,0,0,0,0,0
2021-02-10,25.77,0,74.23,70570,3702412,39.81,72316,2355068,25.33,0,0,0,0,0,0
2021-02-11,26.61,0,73.39,81175,3783587,40.69,72113,2427181,26.1,0,0,0,0,0,0
2021-02-12,27.02,0,72.98,39111,3822698,41.11,37598,2464779,26.51,0,0,0,0,0,0
2021-02-13,27.33,0,72.67,27465,3850163,41.4,30441,2495220,26.83,0,0,0,0,0,0
2021-02-14,28.25,0,71.75,74917,3925080,42.21,69085,2564305,27.58,0,0,0,0,0,0
2021-02-15,29.17,0,70.83,81548,4006628,43.09,75722,2640027,28.39,0,0,0,0,0,0
2021-02-16,30.11,0,69.89,83422,4090050,43.98,78301,2718328,29.23,0,0,0,0,0,0
2021-02-17,31.01,0,68.99,61984,4152034,44.65,75645,2793973,30.04,0,0,0,0,0,0
2021-02-18,31.94,0,68.06,69159,4221193,45.39,79739,2873712,30.9,0,0,0,0,0,0
2021-02-19,32.45,0,67.55,39676,4260869,45.82,38162,2911874,31.31,0,0,0,0,0,0
2021-02-20,32.85,0,67.15,31650,4292519,46.16,28724,2940598,31.62,0,0,0,0,0,0
2021-02-21,33.8,0,66.2,79436,4371955,47.01,78448,3019046,32.47,0,0,0,0,0,0
2021-02-22,34.83,0,65.17,85056,4457011,47.93,80596,3099642,33.33,0,0,0,0,0,0
2021-02-23,35.84,0,64.16,77332,4534343,48.76,70485,3170127,34.09,0,0,0,0,0,0
2021-02-24,36.76,0,63.24,61066,4595409,49.42,63144,3233271,34.77,0,0,0,0,0,0
2021-02-25,37.66,0,62.34,51730,4647139,49.97,64810,3298081,35.47,0,0,0,0,0,0
2021-02-26,38.1,0,61.9,25913,4673052,50.25,32046,3330127,35.81,0,0,0,0,0,0
2021-02-27,38.42,0,61.58,18353,4691405,50.45,21197,3351324,36.04,0,0,0,0,0,0
2021-02-28,39.24,0,60.76,40365,4731770,50.88,55874,3407198,36.64,0,0,0,0,0,0
2021-03-01,40.1,0,59.9,45751,4777521,51.38,61445,3468643,37.3,0,0,0,0,0,0
2021-03-02,40.85,0,59.15,41202,4818723,51.82,64801,3533444,38,0,0,0,0,0,0
2021-03-03,41.55,0,58.45,42035,4860758,52.27,66794,3600238,38.72,0,0,0,0,0,0
2021-03-04,42.24,0,57.76,39721,4900479,52.7,79126,3679364,39.57,0,0,0,0,0,0
2021-03-05,42.57,0,57.43,17369,4917848,52.88,40471,3719835,40,0,0,0,0,0,0
2021-03-06,42.78,0,57.22,10723,4928571,53,25349,3745184,40.27,0,0,0,0,0,0
2021-03-07,43.36,0,56.64,31156,4959727,53.33,72847,3818031,41.06,0,0,0,0,0,0
2021-03-08,43.97,0,56.03,27387,4987114,53.63,73295,3891326,41.85,0,0,0,0,0,0
2021-03-09,44.62,0,55.38,26756,5013870,53.92,76604,3967930,42.67,0,0,0,0,0,0
2021-03-10,45.27,0,54.73,23373,5037243,54.17,58685,4026615,43.3,0,0,0,0,0,0
2021-03-11,45.99,0,54.01,23307,5060550,54.42,69098,4095713,44.04,0,0,0,0,0,0
2021-03-12,46.34,0,53.66,11296,5071846,54.54,41418,4137131,44.49,0,0,0,0,0,0
2021-03-13,46.57,0,53.43,7953,5079799,54.63,25239,4162370,44.76,0,0,0,0,0,0
2021-03-14,47.2,0,52.8,20991,5100790,54.85,73936,4236306,45.56,0,0,0,0,0,0
2021-03-15,47.81,0,52.19,20151,5120941,55.07,78281,4314587,46.4,0,0,0,0,0,0
2021-03-16,48.43,0,51.57,18759,5139700,55.27,71480,4386067,47.17,0,0,0,0,0,0
2021-03-17,48.92,0,51.08,17704,5157404,55.46,59009,4445076,47.8,0,0,0,0,0,0
2021-03-18,49.45,0,50.55,16050,5173454,55.63,58126,4503202,48.43,0,0,0,0,0,0
2021-03-19,49.75,0,50.25,6956,5180410,55.71,27981,4531183,48.73,0,0,0,0,0,0
2021-03-20,49.93,0,50.07,5227,5185637,55.76,15302,4546485,48.89,0,0,0,0,0,0
2021-03-21,50.46,0,49.54,13172,5198809,55.91,40511,4586996,49.33,0,0,0,0,0,0
2021-03-22,51,0,49,13583,5212392,56.05,40542,4627538,49.76,0,0,0,0,0,0
2021-03-23,51.43,0,48.57,2846,5215238,56.08,7303,4634841,49.84,0,0,0,0,0,0
2021-03-24,51.84,0,48.16,11006,5226244,56.2,46560,4681401,50.34,0,0,0,0,0,0
2021-03-25,52.22,0,47.78,10273,5236517,56.31,35440,4716841,50.72,0,0,0,0,0,0
2021-03-26,52.4,0,47.6,4186,5240703,56.36,13334,4730175,50.87,0,0,0,0,0,0
2021-03-27,52.5,0,47.5,1787,5242490,56.38,4269,4734444,50.91,0,0,0,0,0,0
2021-03-28,52.74,0,47.26,2113,5244603,56.4,4612,4739056,50.96,0,0,0,0,0,0
2021-03-29,53,0,47,6918,5251521,56.47,30017,4769073,51.28,0,0,0,0,0,0
2021-03-30,53.08,0,46.92,7895,5259416,56.56,22454,4791527,51.53,0,0,0,0,0,0
2021-03-31,53.38,0,46.62,8154,5267570,56.64,19502,4811029,51.74,0,0,0,0,0,0
2021-04-01,53.62,0,46.38,8222,5275792,56.73,18703,4829732,51.94,0,0,0,0,0,0
2021-04-02,53.71,0,46.29,2946,5278738,56.76,8131,4837863,52.02,0,0,0,0,0,0
2021-04-03,53.74,0,46.26,1432,5280170,56.78,2983,4840846,52.06,0,0,0,0,0,0
2021-04-04,53.82,0,46.18,9618,5289788,56.88,22832,4863678,52.3,0,0,0,0,0,0
2021-04-05,54.04,0,45.96,10364,5300152,57,21277,4884955,52.53,0,0,0,0,0,0
2021-04-06,54.21,0,45.79,9034,5309186,57.09,16794,4901749,52.71,0,0,0,0,0,0
2021-04-07,54.36,0,45.64,8932,5318118,57.19,15313,4917062,52.88,0,0,0,0,0,0
2021-04-08,54.52,0,45.48,9431,5327549,57.29,17017,4934079,53.06,0,0,0,0,0,0
2021-04-09,54.58,0,45.42,3609,5331158,57.33,6259,4940338,53.13,0,0,0,0,0,0
2021-04-10,54.61,0,45.39,1636,5332794,57.35,3521,4943859,53.16,0,0,0,0,0,0
2021-04-11,54.78,0,45.22,9045,5341839,57.44,14249,4958108,53.32,0,0,0,0,0,0
2021-04-12,54.95,0,45.05,8936,5350775,57.54,13236,4971344,53.46,0,0,0,0,0,0
2021-04-13,55.08,0,44.92,5841,5356616,57.6,4960,4976304,53.51,0,0,0,0,0,0
2021-04-14,55.18,0,44.82,3651,5360267,57.64,5311,4981615,53.57,0,0,0,0,0,0
2021-04-15,55.27,0,44.73,698,5360965,57.65,582,4982197,53.58,0,0,0,0,0,0
2021-04-16,55.33,0,44.67,3419,5364384,57.69,6652,4988849,53.65,0,0,0,0,0,0
2021-04-17,55.35,0,44.65,822,5365206,57.69,1973,4990822,53.67,0,0,0,0,0,0
2021-04-18,55.47,0,44.53,7099,5372305,57.77,7433,4998255,53.75,0,0,0,0,0,0
2021-04-19,55.58,0,44.42,6407,5378712,57.84,7134,5005389,53.83,0,0,0,0,0,0
2021-04-20,55.65,0,44.35,6287,5384999,57.91,6889,5012278,53.9,0,0,0,0,0,0
2021-04-21,55.71,0,44.29,6381,5391380,57.98,7112,5019390,53.98,0,0,0,0,0,0
2021-04-22,55.75,0,44.25,5951,5397331,58.04,7690,5027080,54.06,0,0,0,0,0,0
2021-04-23,55.8,0,44.2,2768,5400099,58.07,3391,5030471,54.1,0,0,0,0,0,0
2021-04-24,55.82,0,44.18,768,5400867,58.08,1290,5031761,54.11,0,0,0,0,0,0
2021-04-25,55.89,0,44.11,4828,5405695,58.13,6925,5038686,54.18,0,0,0,0,0,0
2021-04-26,55.96,0,44.04,5479,5411174,58.19,7889,5046575,54.27,0,0,0,0,0,0
2021-04-27,56.03,0,43.97,4507,5415681,58.24,6627,5053202,54.34,0,0,0,0,0,0
2021-04-28,56.09,0,43.91,4501,5420182,58.29,7334,5060536,54.42,0,0,0,0,0,0
2021-04-29,56.16,0,43.84,4378,5424560,58.33,7296,5067832,54.5,0,0,0,0,0,0
2021-04-30,56.19,0,43.81,1924,5426484,58.35,3202,5071034,54.53,0,0,0,0,0,0
2021-05-01,56.2,0,43.8,458,5426942,58.36,895,5071929,54.54,0,0,0,0,0,0
2021-05-02,56.26,0,43.74,3225,5430167,58.39,6092,5078021,54.61,0,0,0,0,0,0
2021-05-03,56.32,0,43.68,3535,5433702,58.43,5835,5083856,54.67,0,0,0,0,0,0
2021-05-04,56.38,0,43.62,3593,5437295,58.47,4737,5088593,54.72,0,0,0,0,0,0
2021-05-05,56.44,0,43.56,3292,5440587,58.51,4093,5092686,54.76,0,0,0,0,0,0
2021-05-06,56.5,0,43.5,3645,5444232,58.54,3144,5095830,54.8,0,0,0,0,0,0
2021-05-07,56.52,0,43.48,1847,5446079,58.56,2509,5098339,54.83,0,0,0,0,0,0
2021-05-08,56.53,0,43.47,243,5446322,58.57,507,5098846,54.83,0,0,0,0,0,0
2021-05-09,56.58,0,43.42,2851,5449173,58.6,4751,5103597,54.88,0,0,0,0,0,0
2021-05-10,56.63,0,43.37,2897,5452070,58.63,4715,5108312,54.93,0,0,0,0,0,0
2021-05-11,56.67,0,43.33,2622,5454692,58.66,3881,5112193,54.97,0,0,0,0,0,0
2021-05-12,56.7,0,43.3,2034,5456726,58.68,3342,5115535,55.01,0,0,0,0,0,0
2021-05-13,56.73,0,43.27,2043,5458769,58.7,3687,5119222,55.05,0,0,0,0,0,0
2021-05-14,56.75,0,43.25,978,5459747,58.71,1494,5120716,55.07,0,0,0,0,0,0
2021-05-15,56.75,0,43.25,259,5460006,58.71,259,5120975,55.07,0,0,0,0,0,0
2021-05-16,56.78,0,43.22,529,5460535,58.72,1206,5122181,55.08,0,0,0,0,0,0
2021-05-17,56.81,0,43.19,302,5460837,58.72,848,5123029,55.09,0,0,0,0,0,0
2021-05-18,56.84,0,43.16,1963,5462800,58.74,4939,5127968,55.14,0,0,0,0,0,0
2021-05-19,56.87,0,43.13,2233,5465033,58.77,5042,5133010,55.2,0,0,0,0,0,0
2021-05-20,56.9,0,43.1,2312,5467345,58.79,3880,5136890,55.24,0,0,0,0,0,0
2021-05-21,56.92,0,43.08,1194,5468539,58.81,1414,5138304,55.25,0,0,0,0,0,0
2021-05-22,56.92,0,43.08,206,5468745,58.81,396,5138700,55.26,0,0,0,0,0,0
2021-05-23,56.94,0,43.06,2272,5471017,58.83,3216,5141916,55.29,0,0,0,0,0,0
2021-05-24,56.96,0,43.04,2139,5473156,58.86,3596,5145512,55.33,0,0,0,0,0,0
2021-05-25,56.99,0,43.01,1822,5474978,58.88,2588,5148100,55.36,0,0,0,0,0,0
2021-05-26,57.03,0,42.97,1414,5476392,58.89,2504,5150604,55.39,0,0,0,0,0,0
2021-05-27,57.06,0,42.94,1865,5478257,58.91,3188,5153792,55.42,0,0,0,0,0,0
2021-05-28,57.07,0,42.93,793,5479050,58.92,1406,5155198,55.44,0,0,0,0,0,0
2021-05-29,57.07,0,42.93,192,5479242,58.92,226,5155424,55.44,0,0,0,0,0,0
2021-05-30,57.1,0,42.9,1645,5480887,58.94,1937,5157361,55.46,0,0,0,0,0,0
2021-05-31,57.13,0,42.87,1740,5482627,58.96,2093,5159454,55.48,0,0,0,0,0,0
2021-06-01,57.47,0,42.53,1385,5484012,58.97,1823,5161277,55.5,0,0,0,0,0,0
2021-06-02,57.25,0,42.75,1514,5485526,58.99,1610,5162887,55.52,0,0,0,0,0,0
2021-06-03,57.27,0,42.73,1685,5487211,59.01,1493,5164380,55.54,0,0,0,0,0,0
2021-06-04,57.28,0,42.72,1102,5488313,59.02,784,5165164,55.54,0,0,0,0,0,0
2021-06-05,57.29,0,42.71,184,5488497,59.02,159,5165323,55.55,0,0,0,0,0,0
2021-06-06,57.31,0,42.69,4293,5492790,59.07,1002,5166325,55.56,0,0,0,0,0,0
2021-06-07,57.34,0,42.66,4439,5497229,59.11,814,5167139,55.56,0,0,0,0,0,0
2021-06-08,57.36,0,42.64,3739,5500968,59.15,1175,5168314,55.58,0,0,0,0,0,0
2021-06-09,57.4,0,42.6,3615,5504583,59.19,1331,5169645,55.59,0,0,0,0,0,0
2021-06-10,57.42,0,42.58,3364,5507947,59.23,1300,5170945,55.61,0,0,0,0,0,0
2021-06-11,57.43,0,42.57,1401,5509348,59.24,590,5171535,55.61,0,0,0,0,0,0
2021-06-12,57.43,0,42.57,222,5509570,59.25,173,5171708,55.61,0,0,0,0,0,0
2021-06-13,57.45,0,42.55,3101,5512671,59.28,1260,5172968,55.63,0,0,0,0,0,0
2021-06-14,57.46,0,42.54,3057,5515728,59.31,1534,5174502,55.64,0,0,0,0,0,0
2021-06-15,57.48,0,42.52,3136,5518864,59.35,1377,5175879,55.66,0,0,0,0,0,0
2021-06-16,57.49,0,42.51,2734,5521598,59.38,1004,5176883,55.67,0,0,0,0,0,0
2021-06-17,57.51,0,42.49,2733,5524331,59.41,1209,5178092,55.68,0,0,0,0,0,0
2021-06-18,57.52,0,42.48,1269,5525600,59.42,506,5178598,55.69,0,0,0,0,0,0
2021-06-19,57.52,0,42.48,242,5525842,59.42,139,5178737,55.69,0,0,0,0,0,0
2021-06-20,57.54,0,42.46,3317,5529159,59.46,1331,5180068,55.7,0,0,0,0,0,0
2021-06-21,57.56,0,42.44,5250,5534409,59.51,1218,5181286,55.72,0,0,0,0,0,0
2021-06-22,57.58,0,42.42,6935,5541344,59.59,1099,5182385,55.73,0,0,0,0,0,0
2021-06-23,57.6,0,42.4,10762,5552106,59.7,1304,5183689,55.74,0,0,0,0,0,0
2021-06-24,57.62,0,42.38,12051,5564157,59.83,1466,5185155,55.76,0,0,0,0,0,0
2021-06-25,57.62,0,42.38,7117,5571274,59.91,945,5186100,55.77,0,0,0,0,0,0
2021-06-26,57.63,0,42.37,2277,5573551,59.94,200,5186300,55.77,0,0,0,0,0,0
2021-06-27,57.65,0,42.35,13633,5587184,60.08,3438,5189738,55.81,0,0,0,0,0,0
2021-06-28,57.68,0,42.32,14518,5601702,60.24,3675,5193413,55.85,0,0,0,0,0,0
2021-06-29,57.69,0,42.31,16711,5618413,60.42,3745,5197158,55.89,0,0,0,0,0,0
2021-06-30,57.72,0,42.28,16486,5634899,60.59,3397,5200555,55.92,0,0,0,0,0,0
2021-07-01,57.78,0,42.22,16837,5651736,60.78,3381,5203936,55.96,122,122,0,0,0,0
2021-07-02,57.79,0,42.21,9836,5661572,60.88,1609,5205545,55.98,7,129,0,0,0,0
2021-07-03,57.79,0,42.21,2678,5664250,60.91,300,5205845,55.98,1,130,0,0,0,0
2021-07-04,57.85,0,42.15,17735,5681985,61.1,3161,5209006,56.02,2,132,0,0,0,0
2021-07-05,57.91,0,42.09,17850,5699835,61.29,3046,5212052,56.05,7,139,0,0,0,0
2021-07-06,57.99,0,42.01,17848,5717683,61.49,3410,5215462,56.08,11,150,0,0,0,0
2021-07-07,58.05,0,41.95,15531,5733214,61.65,2703,5218165,56.11,12,162,0,0,0,0
2021-07-08,58.12,0,41.88,16589,5749803,61.83,2882,5221047,56.14,17,179,0,0,0,0
2021-07-09,58.15,0,41.85,11125,5760928,61.95,1535,5222582,56.16,4,183,0,0,0,0
2021-07-10,58.15,0,41.85,4989,5765917,62,391,5222973,56.17,6,189,0,0,0,0
2021-07-11,58.22,0,41.78,1456,5767373,62.02,2847,5225820,56.2,8,197,0,0,0,0
2021-07-12,58.29,0,41.71,2427,5769800,62.05,3695,5229515,56.24,56,253,0,0,0,0
2021-07-13,58.36,0,41.64,2965,5772765,62.08,5460,5234975,56.29,124,377,0,0,0,0
2021-07-14,58.42,0,41.58,2747,5775512,62.11,7536,5242511,56.38,441,818,0.01,0,0,0
2021-07-15,58.5,0,41.5,3009,5778521,62.14,9302,5251813,56.48,374,1192,0.01,0,0,0
2021-07-16,58.54,0,41.46,1296,5779817,62.15,5898,5257711,56.54,66,1258,0.01,0,0,0
2021-07-17,58.55,0,41.44,372,5780189,62.16,1393,5259104,56.55,8,1266,0.01,0,0,0
2021-07-18,58.6,0,41.4,2074,5782263,62.18,9769,5268873,56.66,235,1501,0.02,0,0,0
2021-07-19,58.65,0,41.35,3211,5785474,62.21,11346,5280219,56.78,461,1962,0.02,0,0,0
2021-07-20,58.72,0,41.28,2690,5788164,62.24,11914,5292133,56.91,373,2335,0.03,0,0,0
2021-07-21,58.81,0,41.19,2408,5790572,62.27,11880,5304013,57.04,325,2660,0.03,0,0,0
2021-07-22,58.93,0,41.07,2877,5793449,62.3,13279,5317292,57.18,391,3051,0.03,0,0,0
2021-07-23,58.99,0,41.01,2038,5795487,62.32,8250,5325542,57.27,106,3157,0.03,0,0,0
2021-07-24,58.99,0,41,645,5796132,62.33,1486,5327028,57.28,7,3164,0.03,0,0,0
2021-07-25,59.1,0,40.89,4416,5800548,62.38,15499,5342527,57.45,223,3387,0.04,0,0,0
2021-07-26,59.24,0,40.75,5173,5805721,62.43,13533,5356060,57.6,325,3712,0.04,0,0,0
2021-07-27,59.37,0.01,40.62,5493,5811214,62.49,13579,5369639,57.74,414,4126,0.04,0,0,0
2021-07-28,59.5,0.01,40.49,3990,5815204,62.53,12345,5381984,57.88,472,4598,0.05,0,0,0
2021-07-29,59.65,0.01,40.33,4665,5819869,62.58,14201,5396185,58.03,532,5130,0.06,0,0,0
2021-07-30,59.74,0.02,40.25,2657,5822526,62.61,10856,5407041,58.14,4122,9252,0.1,0,0,0
2021-07-31,59.75,0.02,40.23,1407,5823933,62.63,3553,5410594,58.18,6159,15411,0.17,0,0,0
2021-08-01,59.91,0.02,40.06,3078,5827011,62.66,3366,5413960,58.22,31047,46458,0.5,0,0,0
2021-08-02,60.06,0.03,39.91,3134,5830145,62.69,3175,5417135,58.25,58514,104972,1.13,0,0,0
2021-08-03,60.21,0.03,39.76,3386,5833531,62.73,3330,5420465,58.29,78953,183925,1.98,0,0,0
2021-08-04,60.34,0.03,39.63,3534,5837065,62.77,3255,5423720,58.32,80765,264690,2.85,0,0,0
2021-08-05,60.49,0.04,39.47,4515,5841580,62.82,3570,5427290,58.36,88442,353132,3.8,0,0,0
2021-08-06,60.6,0.04,39.36,2437,5844017,62.84,1862,5429152,58.38,44744,397876,4.28,0,0,0
2021-08-07,60.63,0.04,39.32,1034,5845051,62.85,701,5429853,58.39,27353,425229,4.57,0,0,0
2021-08-08,60.68,0.04,39.28,4991,5850042,62.91,3082,5432935,58.42,80087,505316,5.43,0,0,0
2021-08-09,60.72,0.04,39.24,5341,5855383,62.97,3064,5435999,58.46,76489,581805,6.26,0,0,0
2021-08-10,60.75,0.04,39.2,5554,5860937,63.03,3208,5439207,58.49,75427,657232,7.07,0,0,0
2021-08-11,60.79,0.04,39.17,5695,5866632,63.09,2949,5442156,58.52,62642,719874,7.74,0,0,0
2021-08-12,60.83,0.04,39.12,7039,5873671,63.16,3290,5445446,58.56,59462,779336,8.38,0,0,0
2021-08-13,60.84,0.05,39.11,3821,5877492,63.2,2074,5447520,58.58,43872,823208,8.85,0,0,0
2021-08-14,60.85,0.05,39.1,2254,5879746,63.23,853,5448373,58.59,44486,867694,9.33,0,0,0
2021-08-15,60.89,0.05,39.06,7145,5886891,63.3,4530,5452903,58.64,97985,965679,10.38,0,0,0
2021-08-16,60.92,0.04,39.03,6991,5893882,63.38,4749,5457652,58.69,89521,1055200,11.35,0,0,0
2021-08-17,60.96,0.04,39,7573,5901455,63.46,5138,5462790,58.74,83320,1138520,12.24,0,0,0
2021-08-18,60.99,0.04,38.96,8643,5910098,63.55,4603,5467393,58.79,69267,1207787,12.99,0,0,0
2021-08-19,61.03,0.04,38.92,10082,5920180,63.66,5217,5472610,58.85,65976,1273763,13.7,0,0,0
2021-08-20,61.05,0.05,38.9,4768,5924948,63.71,2827,5475437,58.88,60454,1334217,14.35,0,0,0
2021-08-21,61.06,0.05,38.89,3499,5928447,63.75,1580,5477017,58.9,50725,1384942,14.89,0,0,0
2021-08-22,61.12,0.04,38.84,9824,5938271,63.86,4808,5481825,58.95,105110,1490052,16.02,0,0,0
2021-08-23,61.17,0.04,38.79,10923,5949194,63.97,4448,5486273,59,94033,1584085,17.03,0,0,0
2021-08-24,61.23,0.04,38.73,11723,5960917,64.1,4703,5490976,59.05,98555,1682640,18.09,0,0,0
2021-08-25,61.29,0.04,38.67,9612,5970529,64.2,4485,5495461,59.1,99557,1782197,19.16,0,0,0
2021-08-26,61.36,0.03,38.61,10109,5980638,64.31,5059,5500520,59.15,101231,1883428,20.25,0,0,0
2021-08-27,61.35,0.04,38.61,4325,5984963,64.36,2788,5503308,59.18,56696,1940124,20.86,0,0,0
2021-08-28,61.4,0.04,38.57,3702,5988665,64.4,1500,5504808,59.2,33540,1973664,21.22,0,0,0
2021-08-29,61.46,0.03,38.5,10323,5998988,64.51,5932,5510740,59.26,79550,2053214,22.08,0,0,0
2021-08-30,61.53,0.03,38.44,12334,6011322,64.64,7017,5517757,59.34,116009,2169223,23.33,0,0,0
2021-08-31,61.6,0.03,38.37,12077,6023399,64.77,6529,5524286,59.41,114878,2284101,24.56,0,0,0
2021-09-01,61.43,0.03,38.54,9033,6032432,64.87,6043,5530329,59.47,112492,2396593,25.77,0,0,0
2021-09-02,61.49,0.03,38.48,8784,6041216,64.96,7182,5537511,59.55,111546,2508139,26.97,0,0,0
2021-09-03,61.56,0.03,38.42,3751,6044967,65,4116,5541627,59.59,58886,2567025,27.6,0,0,0
2021-09-04,61.59,0.03,38.38,2691,6047658,65.03,2023,5543650,59.61,29953,2596978,27.93,0,0,0
2021-09-05,61.68,0.03,38.29,6991,6054649,65.11,6460,5550110,59.68,73326,2670304,28.72,0,0,0
2021-09-06,61.77,0.03,38.2,2836,6057485,65.14,2718,5552828,59.71,22800,2693104,28.96,0,0,0
2021-09-07,61.85,0.03,38.12,1201,6058686,65.15,879,5553707,59.72,5398,2698502,29.02,0,0,0
2021-09-08,61.93,0.03,38.05,1380,6060066,65.17,1196,5554903,59.73,6621,2705123,29.09,0,0,0
2021-09-09,62.02,0.03,37.95,7093,6067159,65.24,12573,5567476,59.87,73845,2778968,29.88,0,0,0
2021-09-10,62.06,0.03,37.91,3258,6070417,65.28,5016,5572492,59.92,37938,2816906,30.29,0,0,0
2021-09-11,62.08,0.03,37.89,2109,6072526,65.3,2509,5575001,59.95,14816,2831722,30.45,0,0,0
2021-09-12,62.16,0.03,37.81,6106,6078632,65.37,8589,5583590,60.04,54136,2885858,31.03,0,0,0
2021-09-13,62.15,0.03,37.82,5611,6084243,65.43,8265,5591855,60.13,47983,2933841,31.55,0,0,0
2021-09-14,62.2,0.03,37.77,4963,6089206,65.48,7424,5599279,60.21,48856,2982697,32.07,0,0,0
2021-09-15,62.25,0.03,37.72,1750,6090956,65.5,2718,5601997,60.24,16687,2999384,32.25,0,0,0
2021-09-16,62.37,0.03,37.6,343,6091299,65.5,549,5602546,60.25,1740,3001124,32.27,0,0,0
2021-09-17,62.42,0.03,37.54,3683,6094982,65.54,7022,5609568,60.32,42905,3044029,32.73,0,0,0
2021-09-18,62.45,0.03,37.52,2258,6097240,65.57,2946,5612514,60.35,12783,3056812,32.87,0,0,0
2021-09-19,62.55,0.03,37.42,5942,6103182,65.63,10712,5623226,60.47,44332,3101144,33.35,0,0,0
2021-09-20,62.63,0.03,37.34,3246,6106428,65.67,4646,5627872,60.52,16708,3117852,33.53,0,0,0
2021-09-21,62.69,0.03,37.28,1340,6107768,65.68,2066,5629938,60.54,3477,3121329,33.57,0,0,0
2021-09-22,62.72,0.03,37.25,4260,6112028,65.73,7250,5637188,60.62,25072,3146401,33.83,0,0,0
2021-09-23,62.75,0.03,37.22,4391,6116419,65.77,5916,5643104,60.68,27834,3174235,34.13,0,0,0
2021-09-24,62.82,0.03,37.15,3202,6119621,65.81,4185,5647289,60.73,27723,3201958,34.43,0,0,0
2021-09-25,62.85,0.03,37.12,2080,6121701,65.83,2263,5649552,60.75,10443,3212401,34.54,0,0,0
2021-09-26,62.96,0.03,37,5603,6127304,65.89,5973,5655525,60.82,36271,3248672,34.93,0,0,0
2021-09-27,63.02,0.03,36.94,4696,6132000,65.94,4469,5659994,60.86,30457,3279129,35.26,0,0,0
2021-09-28,63.06,0.04,36.91,1472,6133472,65.96,1184,5661178,60.88,6249,3285378,35.33,0,0,0
2021-09-29,63.13,0.03,36.84,9622,6143094,66.06,8349,5669527,60.97,60325,3345703,35.98,0,0,0
2021-09-30,63.18,0.03,36.79,10976,6154070,66.18,8579,5678106,61.06,79702,3425405,36.84,0,0,0
2021-10-01,63.23,0.03,36.73,5126,6159196,66.23,3875,5681981,61.1,46546,3471951,37.34,0,0,0
2021-10-02,63.26,0.03,36.71,2865,6162061,66.26,2127,5684108,61.12,22432,3494383,37.58,0,0,0
2021-10-03,63.35,0.03,36.62,11667,6173728,66.39,7276,5691384,61.2,70726,3565109,38.34,0,0,0
2021-10-04,63.4,0.03,36.57,10320,6184048,66.5,6759,5698143,61.27,51913,3617022,38.9,0,0,0
2021-10-05,63.41,0.03,36.55,8461,6192509,66.59,5314,5703457,61.33,40479,3657501,39.33,0,0,0
2021-10-06,63.52,0.03,36.45,7543,6200052,66.67,4185,5707642,61.38,34150,3691651,39.7,0,0,0
2021-10-07,63.63,0.03,36.34,6895,6206947,66.75,4009,5711651,61.42,34068,3725719,40.06,0,0,0
2021-10-08,63.68,0.03,36.29,3086,6210033,66.78,2643,5714294,61.45,19250,3744969,40.27,0,0,0
2021-10-09,63.71,0.03,36.26,1341,6211374,66.79,1444,5715738,61.46,7441,3752410,40.35,0,0,0
2021-10-10,63.82,0.04,36.14,4676,6216050,66.84,3747,5719485,61.5,21519,3773929,40.58,0,0,0
2021-10-11,63.91,0.04,36.05,4299,6220349,66.89,2944,5722429,61.54,17269,3791198,40.77,0,0,0
2021-10-12,63.99,0.05,35.96,3977,6224326,66.93,3007,5725436,61.57,15357,3806555,40.93,0,0,0
2021-10-13,64.09,0.05,35.86,3487,6227813,66.97,2451,5727887,61.59,13587,3820142,41.08,0,0,0
2021-10-14,64.19,0.06,35.75,3870,6231683,67.01,2685,5730572,61.62,16570,3836712,41.26,0,0,0
2021-10-15,64.23,0.07,35.7,1703,6233386,67.03,1685,5732257,61.64,9010,3845722,41.35,0,0,0
2021-10-16,64.25,0.08,35.67,729,6234115,67.04,956,5733213,61.65,4035,3849757,41.4,0,0,0
2021-10-17,64.36,0.09,35.56,3090,6237205,67.07,2526,5735739,61.68,12798,3862555,41.54,0,0,0
2021-10-18,64.43,0.1,35.47,2460,6239665,67.1,1691,5737430,61.7,10069,3872624,41.64,0,0,0
2021-10-19,64.49,0.1,35.4,2399,6242064,67.12,1284,5738714,61.71,9294,3881918,41.74,0,0,0
2021-10-20,64.14,0.52,35.34,2435,6244499,67.15,2304,5741018,61.74,10102,3892020,41.85,0,0,0
2021-10-21,54.23,10.41,35.36,3034,6247533,67.18,3097,5744115,61.77,12163,3904183,41.98,0,0,0
2021-10-22,54.36,10.26,35.38,1279,6248812,67.2,1437,5745552,61.78,5840,3910023,42.05,0,0,0
2021-10-23,54.42,10.19,35.39,575,6249387,67.2,1266,5746818,61.8,2564,3912587,42.07,0,0,0
2021-10-24,54.22,10.43,35.35,2517,6251904,67.23,2653,5749471,61.83,9855,3922442,42.18,0,0,0
2021-10-25,54.59,10.22,35.19,2638,6254542,67.26,2752,5752223,61.86,8511,3930953,42.27,0,0,0
2021-10-26,54.64,10.26,35.1,2381,6256923,67.28,2059,5754282,61.88,8529,3939482,42.36,0,0,0
2021-10-27,54.58,10.37,35.06,2292,6259215,67.31,2566,5756848,61.91,7959,3947441,42.45,0,0,0
2021-10-28,54.69,10.76,34.55,2504,6261719,67.34,2782,5759630,61.94,8674,3956115,42.54,0,0,0
2021-10-29,54.73,10.75,34.52,901,6262620,67.35,1154,5760784,61.95,4138,3960253,42.59,0,0,0
2021-10-30,54.68,10.81,34.52,366,6262986,67.35,530,5761314,61.95,1712,3961965,42.6,0,0,0
2021-10-31,54.83,10.7,34.47,2261,6265247,67.37,2495,5763809,61.98,8256,3970221,42.69,0,0,0
2021-11-01,54.95,10.63,34.42,1737,6266984,67.39,2093,5765902,62,6480,3976701,42.76,0,0,0
2021-11-02,54.89,10.69,34.42,2026,6269010,67.41,2048,5767950,62.03,6296,3982997,42.83,0,0,0
2021-11-03,54.86,10.75,34.39,1764,6270774,67.43,1897,5769847,62.05,5556,3988553,42.89,0,0,0
2021-11-04,54.85,10.81,34.33,2111,6272885,67.46,2802,5772649,62.08,7133,3995686,42.97,0,0,0
2021-11-05,54.85,10.83,34.32,790,6273675,67.46,905,5773554,62.09,3487,3999173,43.01,0,0,0
2021-11-06,54.82,10.86,34.32,347,6274022,67.47,389,5773943,62.09,1375,4000548,43.02,0,0,0
2021-11-07,54.92,10.8,34.28,1578,6275600,67.48,1769,5775712,62.11,6134,4006682,43.09,0,0,0
2021-11-08,55.01,10.75,34.24,1520,6277120,67.5,1603,5777315,62.13,5406,4012088,43.14,0,0,0
2021-11-09,55.05,10.74,34.21,1428,6278548,67.52,1611,5778926,62.14,5332,4017420,43.2,0,0,0
2021-11-10,55.08,10.73,34.19,1424,6279972,67.53,1661,5780587,62.16,4779,4022199,43.25,0,0,0
2021-11-11,55.15,10.69,34.15,1628,6281600,67.55,1947,5782534,62.18,5718,4027917,43.31,0,0,0
2021-11-12,55.17,10.69,34.14,637,6282237,67.56,826,5783360,62.19,2925,4030842,43.35,0,0,0
2021-11-13,55.14,10.72,34.14,257,6282494,67.56,290,5783650,62.19,1130,4031972,43.36,0,0,0
2021-11-14,55.21,10.68,34.11,1536,6284030,67.58,1639,5785289,62.21,5111,4037083,43.41,0,0,0
2021-11-15,55.28,10.63,34.09,1275,6285305,67.59,1626,5786915,62.23,4770,4041853,43.46,0,0,0
2021-11-16,55.32,10.62,34.07,1275,6286580,67.6,1419,5788334,62.24,4349,4046202,43.51,0,0,0
2021-11-17,55.35,10.6,34.05,1208,6287788,67.62,1567,5789901,62.26,3915,4050117,43.55,0,0,0
2021-11-18,55.41,10.58,34.02,1364,6289152,67.63,1693,5791594,62.28,5012,4055129,43.61,0,0,0
2021-11-19,55.42,10.57,34.01,588,6289740,67.64,763,5792357,62.29,2460,4057589,43.63,0,0,0
2021-11-20,55.41,10.58,34,238,6289978,67.64,258,5792615,62.29,929,4058518,43.64,0,0,0
2021-11-21,55.47,10.54,33.98,1409,6291387,67.65,1542,5794157,62.31,4881,4063399,43.7,0,0,0
2021-11-22,55.54,10.5,33.96,1681,6293068,67.67,1523,5795680,62.32,4238,4067637,43.74,0,0,0
2021-11-23,55.57,10.48,33.95,8612,6301680,67.77,1688,5797368,62.34,4012,4071649,43.78,0,0,0
2021-11-24,55.6,10.44,33.95,9342,6311022,67.87,1319,5798687,62.36,3924,4075573,43.83,0,0,0
2021-11-25,55.64,10.43,33.93,9807,6320829,67.97,1600,5800287,62.37,4841,4080414,43.88,0,0,0
2021-11-26,55.63,10.45,33.92,5604,6326433,68.03,748,5801035,62.38,2805,4083219,43.91,0,0,0
2021-11-27,55.62,10.46,33.92,4774,6331207,68.08,324,5801359,62.39,1164,4084383,43.92,0,0,0
2021-11-28,55.67,10.43,33.9,10146,6341353,68.19,1481,5802840,62.4,4905,4089288,43.97,0,0,0
2021-11-29,55.73,10.39,33.88,9042,6350395,68.29,1134,5803974,62.41,4376,4093664,44.02,0,0,0
2021-11-30,55.77,10.37,33.86,10043,6360438,68.4,1037,5805011,62.42,4084,4097748,44.07,0,0,0
2021-12-01,55.79,10.36,33.84,8628,6369066,68.49,1097,5806108,62.44,4444,4102192,44.11,5,5,0
2021-12-02,55.84,10.34,33.82,9173,6378239,68.59,1456,5807564,62.45,5125,4107317,44.17,6,11,0
2021-12-03,55.86,10.33,33.81,6329,6384568,68.66,673,5808237,62.46,2868,4110185,44.2,1,12,0
2021-12-04,55.85,10.34,33.81,2508,6387076,68.68,238,5808475,62.46,925,4111110,44.21,3,15,0
2021-12-05,55.9,10.31,33.79,8334,6395410,68.77,1254,5809729,62.48,4683,4115793,44.26,1,16,0
2021-12-06,55.95,10.27,33.78,6719,6402129,68.85,1200,5810929,62.49,4351,4120144,44.31,4,20,0
2021-12-07,55.99,10.25,33.76,5553,6407682,68.91,1506,5812435,62.5,3966,4124110,44.35,9,29,0
2021-12-08,56.03,10.22,33.75,4936,6412618,68.96,1200,5813635,62.52,3884,4127994,44.39,10,39,0
2021-12-09,56.08,10.19,33.73,6239,6418857,69.03,1241,5814876,62.53,4508,4132502,44.44,8,47,0
2021-12-10,56.1,10.18,33.72,3006,6421863,69.06,704,5815580,62.54,2687,4135189,44.47,4,51,0
2021-12-11,56.1,10.18,33.71,1491,6423354,69.07,255,5815835,62.54,1021,4136210,44.48,0,51,0
2021-12-12,56.16,10.15,33.69,7274,6430628,69.15,1444,5817279,62.56,5248,4141458,44.54,3,54,0
2021-12-13,56.21,10.11,33.67,6183,6436811,69.22,1377,5818656,62.57,4351,4145809,44.58,5,59,0
2021-12-14,56.27,10.09,33.65,7316,6444127,69.3,6097,5824753,62.64,4941,4150750,44.64,12,71,0
2021-12-15,56.34,10.06,33.6,7205,6451332,69.37,7398,5832151,62.72,5446,4156196,44.69,7,78,0
2021-12-16,56.53,10.05,33.42,8079,6459411,69.46,8608,5840759,62.81,6564,4162760,44.76,8,86,0
2021-12-17,56.64,10.05,33.3,4406,6463817,69.51,5138,5845897,62.86,3954,4166714,44.81,3,89,0
2021-12-18,56.73,10.07,33.2,3941,6467758,69.55,2908,5848805,62.9,1361,4168075,44.82,2,91,0
2021-12-19,56.92,10.04,33.04,6977,6474735,69.63,9328,5858133,63,6275,4174350,44.89,6,97,0
2021-12-20,57.07,10.02,32.91,7971,6482706,69.71,7517,5865650,63.08,5447,4179797,44.95,9,106,0
2021-12-21,57.27,10.01,32.71,9548,6492254,69.81,8648,5874298,63.17,6492,4186289,45.02,8,114,0
2021-12-22,57.49,10,32.52,9661,6501915,69.92,8150,5882448,63.26,6254,4192543,45.08,12,126,0
2021-12-23,57.7,9.97,32.33,11539,6513454,70.04,10260,5892708,63.37,8160,4200703,45.17,18,144,0
2021-12-24,57.83,9.96,32.21,5873,6519327,70.11,6240,5898948,63.43,5281,4205984,45.23,12,156,0
2021-12-25,57.9,9.96,32.15,3338,6522665,70.14,2566,5901514,63.46,2021,4208005,45.25,6,162,0
2021-12-26,58.1,9.92,31.98,10653,6533318,70.26,8908,5910422,63.56,8201,4216206,45.34,8,170,0
2021-12-27,58.27,9.9,31.83,10368,6543686,70.37,7141,5917563,63.63,8188,4224394,45.43,21,191,0
2021-12-28,58.46,9.88,31.66,11375,6555061,70.49,7451,5925014,63.71,9642,4234036,45.53,24,215,0
2021-12-29,58.64,9.85,31.51,9931,6564992,70.6,5963,5930977,63.78,8376,4242412,45.62,21,236,0
2021-12-30,58.84,9.82,31.34,11012,6576004,70.72,7735,5938712,63.86,12241,4254653,45.75,10,246,0
2021-12-31,58.9,9.79,31.3,4829,6580833,70.77,3672,5942384,63.9,7296,4261949,45.83,135,381,0
2022-01-01,58.93,9.79,31.28,1993,6582826,70.79,1592,5943976,63.92,2741,4264690,45.86,66,447,0
2022-01-02,59.14,9.76,31.1,10215,6593041,70.9,6487,5950463,63.99,13002,4277692,46,590,1037,0.01
2022-01-03,59.29,9.71,31,9384,6602425,71,5259,5955722,64.04,11342,4289034,46.12,25055,26092,0.28
2022-01-04,59.46,9.68,30.86,8966,6611391,71.1,5948,5961670,64.11,10526,4299560,46.24,50660,76752,0.83
2022-01-05,59.56,9.65,30.79,8553,6619944,71.19,5740,5967410,64.17,10494,4310054,46.35,59590,136342,1.47
2022-01-06,59.81,9.63,30.56,10338,6630282,71.3,7959,5975369,64.26,13530,4323584,46.49,64001,200343,2.15
2022-01-07,59.89,9.61,30.49,4760,6635042,71.35,4556,5979925,64.31,8166,4331750,46.58,31135,231478,2.49
2022-01-08,59.9,9.64,30.46,2749,6637791,71.38,2451,5982376,64.33,5501,4337251,46.64,27632,259110,2.79
2022-01-09,60.06,9.59,30.35,9306,6647097,71.48,7723,5990099,64.41,11871,4349122,46.77,66765,325875,3.5
2022-01-10,60.21,9.54,30.25,8349,6655446,71.57,7647,5997746,64.5,11882,4361004,46.9,64777,390652,4.2
2022-01-11,60.38,9.49,30.13,8099,6663545,71.66,8622,6006368,64.59,11974,4372978,47.02,56658,447310,4.81
2022-01-12,60.51,9.45,30.04,7276,6670821,71.73,8300,6014668,64.68,11114,4384092,47.14,44631,491941,5.29
2022-01-13,60.7,9.35,29.94,7509,6678330,71.82,9618,6024286,64.78,11545,4395637,47.27,34767,526708,5.66
2022-01-14,60.79,9.31,29.9,2555,6680885,71.84,4935,6029221,64.84,6145,4401782,47.33,11142,537850,5.78
2022-01-15,60.83,9.29,29.87,1469,6682354,71.86,3170,6032391,64.87,3884,4405666,47.38,5716,543566,5.85
2022-01-16,60.97,9.2,29.82,3817,6686171,71.9,8523,6040914,64.96,7682,4413348,47.46,19993,563559,6.06
2022-01-17,61.09,9.13,29.78,2808,6688979,71.93,7045,6047959,65.04,6173,4419521,47.53,17833,581392,6.25
2022-01-18,61.23,9.07,29.7,2475,6691454,71.96,7386,6055345,65.12,5535,4425056,47.58,14817,596209,6.41
2022-01-19,61.37,8.98,29.65,1915,6693369,71.98,6369,6061714,65.18,4522,4429578,47.63,8461,604670,6.5
2022-01-20,61.44,8.85,29.71,1776,6695145,72,6969,6068683,65.26,4793,4434371,47.69,8041,612711,6.59
2022-01-21,61.51,8.81,29.68,905,6696050,72.01,3725,6072408,65.3,2646,4437017,47.71,3358,616069,6.62
2022-01-22,61.51,8.75,29.74,328,6696378,72.01,1461,6073869,65.32,1067,4438084,47.73,1113,617182,6.64
2022-01-23,61.61,8.7,29.69,1068,6697446,72.02,5632,6079501,65.38,2879,4440963,47.76,6083,623265,6.7
2022-01-24,61.73,8.62,29.65,759,6698205,72.03,4481,6083982,65.42,2270,4443233,47.78,5055,628320,6.76
2022-01-25,61.9,8.51,29.59,744,6698949,72.04,4400,6088382,65.47,2186,4445419,47.8,7102,635422,6.83
2022-01-26,62.02,8.42,29.57,615,6699564,72.04,3285,6091667,65.51,1612,4447031,47.82,4262,639684,6.88
2022-01-27,62.12,8.35,29.52,798,6700362,72.05,4405,6096072,65.55,2005,4449036,47.84,5441,645125,6.94
2022-01-28,62.16,8.33,29.5,397,6700759,72.06,2376,6098448,65.58,1181,4450217,47.86,3452,648577,6.97
2022-01-29,62.23,8.29,29.48,124,6700883,72.06,1046,6099494,65.59,425,4450642,47.86,1162,649739,6.99
2022-01-30,62.3,8.24,29.46,769,6701652,72.07,4720,6104214,65.64,2020,4452662,47.88,8099,657838,7.07
2022-01-31,62.39,8.17,29.43,528,6702180,72.07,3184,6107398,65.68,1610,4454272,47.9,6472,664310,7.14
2022-02-01,62.45,8.15,29.4,482,6702662,72.08,2809,6110207,65.71,1526,4455798,47.92,5722,670032,7.21
2022-02-02,62.28,8.13,29.59,375,6703037,72.08,2395,6112602,65.73,1385,4457183,47.93,5073,675105,7.26
2022-02-03,62.34,8.08,29.57,446,6703483,72.09,2776,6115378,65.76,1462,4458645,47.95,5607,680712,7.32
2022-02-04,62.37,8.06,29.57,174,6703657,72.09,991,6116369,65.77,757,4459402,47.95,2455,683167,7.35
2022-02-05,62.34,8.09,29.56,62,6703719,72.09,342,6116711,65.78,221,4459623,47.96,420,683587,7.35
2022-02-06,62.41,8.05,29.55,407,6704126,72.09,2320,6119031,65.8,1344,4460967,47.97,5686,689273,7.41
2022-02-07,62.47,8.01,29.52,283,6704409,72.1,1308,6120339,65.82,983,4461950,47.98,5960,695233,7.48
2022-02-08,62.54,7.97,29.49,317,6704726,72.1,1498,6121837,65.83,1068,4463018,47.99,6137,701370,7.54
2022-02-09,62.6,7.95,29.45,254,6704980,72.1,1102,6122939,65.84,946,4463964,48,4570,705940,7.59
2022-02-10,62.63,7.93,29.44,273,6705253,72.1,1292,6124231,65.86,936,4464900,48.01,4815,710755,7.64
2022-02-11,62.67,7.91,29.42,211,6705464,72.11,557,6124788,65.86,518,4465418,48.02,2540,713295,7.67
2022-02-12,62.67,7.91,29.41,32,6705496,72.11,90,6124878,65.86,136,4465554,48.02,269,713564,7.67
2022-02-13,62.73,7.87,29.39,286,6705782,72.11,946,6125824,65.87,966,4466520,48.03,4998,718562,7.73
2022-02-14,62.89,7.74,29.36,179,6705961,72.11,628,6126452,65.88,760,4467280,48.04,3143,721705,7.76
2022-02-15,62.92,7.73,29.35,265,6706226,72.12,763,6127215,65.89,937,4468217,48.05,3819,725524,7.8
2022-02-16,62.95,7.72,29.34,179,6706405,72.12,577,6127792,65.9,803,4469020,48.06,2488,728012,7.83
2022-02-17,62.96,7.7,29.34,247,6706652,72.12,740,6128532,65.9,775,4469795,48.07,3061,731073,7.86
2022-02-18,62.98,7.69,29.33,130,6706782,72.12,343,6128875,65.91,439,4470234,48.07,1119,732192,7.87
2022-02-19,62.99,7.69,29.32,33,6706815,72.12,84,6128959,65.91,82,4470316,48.07,80,732272,7.87
2022-02-20,63.01,7.67,29.32,204,6707019,72.12,604,6129563,65.91,723,4471039,48.08,2574,734846,7.9
2022-02-21,63.04,7.65,29.31,173,6707192,72.13,413,6129976,65.92,489,4471528,48.08,1542,736388,7.92
2022-02-22,63.05,7.65,29.3,158,6707350,72.13,455,6130431,65.92,570,4472098,48.09,1871,738259,7.94
2022-02-23,63.06,7.65,29.29,109,6707459,72.13,353,6130784,65.93,453,4472551,48.1,1153,739412,7.95
2022-02-24,63.05,7.66,29.29,138,6707597,72.13,463,6131247,65.93,568,4473119,48.1,1493,740905,7.97
2022-02-25,63.06,7.66,29.28,59,6707656,72.13,144,6131391,65.93,193,4473312,48.1,456,741361,7.97
2022-02-26,63.05,7.67,29.28,17,6707673,72.13,28,6131419,65.93,161,4473473,48.11,35,741396,7.97
2022-02-27,63.05,7.67,29.28,112,6707785,72.13,341,6131760,65.94,448,4473921,48.11,1119,742515,7.98
2022-02-28,63.07,7.65,29.28,108,6707893,72.13,271,6132031,65.94,424,4474345,48.11,908,743423,7.99
2022-03-01,63.1,7.63,29.27,95,6707988,72.13,280,6132311,65.94,373,4474718,48.12,797,744220,8
2022-03-02,63.11,7.62,29.27,77,6708065,72.14,199,6132510,65.95,324,4475042,48.12,698,744918,8.01
2022-03-03,63.05,7.67,29.27,157,6708222,72.14,371,6132881,65.95,498,4475540,48.13,987,745905,8.02
2022-03-04,63.05,7.68,29.27,53,6708275,72.14,170,6133051,65.95,170,4475710,48.13,228,746133,8.02
2022-03-05,63.04,7.69,29.27,4,6708279,72.14,25,6133076,65.95,44,4475754,48.13,32,746165,8.02
2022-03-06,63.04,7.69,29.27,98,6708377,72.14,259,6133335,65.95,417,4476171,48.13,760,746925,8.03
2022-03-07,63.05,7.69,29.26,86,6708463,72.14,260,6133595,65.96,354,4476525,48.14,605,747530,8.04
2022-03-08,63.04,7.7,29.26,99,6708562,72.14,263,6133858,65.96,333,4476858,48.14,550,748080,8.04
2022-03-09,63.02,7.72,29.25,89,6708651,72.14,213,6134071,65.96,337,4477195,48.15,492,748572,8.05
2022-03-10,63.01,7.74,29.25,115,6708766,72.14,375,6134446,65.97,428,4477623,48.15,620,749192,8.06
2022-03-11,63,7.75,29.25,24,6708790,72.14,85,6134531,65.97,123,4477746,48.15,144,749336,8.06
2022-03-12,62.98,7.77,29.24,11,6708801,72.14,12,6134543,65.97,34,4477780,48.15,28,749364,8.06
2022-03-13,62.98,7.78,29.24,100,6708901,72.14,271,6134814,65.97,358,4478138,48.16,595,749959,8.06
2022-03-14,62.98,7.78,29.24,66,6708967,72.14,253,6135067,65.97,316,4478454,48.16,559,750518,8.07
2022-03-15,62.95,7.81,29.24,80,6709047,72.15,185,6135252,65.98,293,4478747,48.16,591,751109,8.08
2022-03-16,62.94,7.82,29.24,77,6709124,72.15,205,6135457,65.98,305,4479052,48.17,668,751777,8.08
2022-03-17,62.94,7.82,29.24,65,6709189,72.15,122,6135579,65.98,286,4479338,48.17,613,752390,8.09
2022-03-18,62.94,7.82,29.24,20,6709209,72.15,54,6135633,65.98,100,4479438,48.17,234,752624,8.09
2022-03-19,62.89,7.88,29.23,6,6709215,72.15,11,6135644,65.98,29,4479467,48.17,39,752663,8.09
2022-03-20,62.87,7.89,29.23,119,6709334,72.15,260,6135904,65.98,486,4479953,48.18,1431,754094,8.11
2022-03-21,62.87,7.9,29.23,97,6709431,72.15,247,6136151,65.99,379,4480332,48.18,1132,755226,8.12
2022-03-22,62.84,7.94,29.23,141,6709572,72.15,342,6136493,65.99,508,4480840,48.18,1770,756996,8.14
2022-03-23,62.81,7.97,29.22,108,6709680,72.15,212,6136705,65.99,463,4481303,48.19,1677,758673,8.16
2022-03-24,62.78,8,29.22,174,6709854,72.15,344,6137049,65.99,769,4482072,48.2,2363,761036,8.18
2022-03-25,62.78,8,29.23,39,6709893,72.15,82,6137131,66,159,4482231,48.2,630,761666,8.19
2022-03-26,62.77,8,29.22,12,6709905,72.16,13,6137144,66,34,4482265,48.2,91,761757,8.19
2022-03-27,62.75,8.02,29.22,167,6710072,72.16,344,6137488,66,758,4483023,48.21,3193,764950,8.23
2022-03-28,62.75,8.03,29.22,113,6710185,72.16,270,6137758,66,623,4483646,48.21,2416,767366,8.25
2022-03-29,62.7,8.07,29.22,125,6710310,72.16,258,6138016,66.01,641,4484287,48.22,2772,770138,8.28
2022-03-30,62.81,8.11,29.07,132,6710442,72.16,208,6138224,66.01,541,4484828,48.23,2370,772508,8.31
2022-03-31,62.79,8.11,29.1,166,6710608,72.16,302,6138526,66.01,730,4485558,48.24,2853,775361,8.34
2022-04-01,62.72,8.13,29.15,122,6710730,72.16,161,6138687,66.01,277,4485835,48.24,588,775949,8.34
2022-04-02,62.69,8.15,29.16,7,6710737,72.16,7,6138694,66.01,37,4485872,48.24,52,776001,8.34
2022-04-03,62.65,8.16,29.19,159,6710896,72.17,270,6138964,66.02,569,4486441,48.24,2478,778479,8.37
2022-04-04,62.62,8.16,29.22,103,6710999,72.17,208,6139172,66.02,484,4486925,48.25,2225,780704,8.4
2022-04-05,62.57,8.19,29.25,122,6711121,72.17,221,6139393,66.02,513,4487438,48.26,2243,782947,8.42
2022-04-06,62.55,8.2,29.25,91,6711212,72.17,157,6139550,66.02,382,4487820,48.26,2023,784970,8.44
2022-04-07,62.56,8.2,29.24,191,6711403,72.17,215,6139765,66.02,641,4488461,48.27,2556,787526,8.47
2022-04-08,62.54,8.22,29.23,30,6711433,72.17,61,6139826,66.02,154,4488615,48.27,482,788008,8.47
2022-04-09,62.52,8.25,29.23,6,6711439,72.17,17,6139843,66.02,28,4488643,48.27,47,788055,8.47
2022-04-10,62.51,8.26,29.23,103,6711542,72.17,264,6140107,66.03,429,4489072,48.27,1845,789900,8.49
2022-04-11,62.54,8.26,29.2,78,6711620,72.17,201,6140308,66.03,371,4489443,48.28,1425,791325,8.51
2022-04-12,62.58,8.29,29.12,204,6711824,72.18,168,6140476,66.03,376,4489819,48.28,1360,792685,8.52
2022-04-13,62.58,8.31,29.1,117,6711941,72.18,150,6140626,66.03,298,4490117,48.28,1218,793903,8.54
2022-04-14,62.57,8.33,29.1,85,6712026,72.18,221,6140847,66.04,321,4490438,48.29,1069,794972,8.55
2022-04-15,62.55,8.35,29.1,9,6712035,72.18,51,6140898,66.04,48,4490486,48.29,82,795054,8.55
2022-04-16,62.53,8.37,29.1,3,6712038,72.18,8,6140906,66.04,21,4490507,48.29,29,795083,8.55
2022-04-17,62.52,8.38,29.1,62,6712100,72.18,131,6141037,66.04,229,4490736,48.29,807,795890,8.56
2022-04-18,62.51,8.38,29.1,69,6712169,72.18,109,6141146,66.04,252,4490988,48.29,750,796640,8.57
2022-04-19,62.5,8.4,29.1,62,6712231,72.18,145,6141291,66.04,273,4491261,48.3,842,797482,8.58
2022-04-20,62.48,8.42,29.1,60,6712291,72.18,117,6141408,66.04,235,4491496,48.3,656,798138,8.58
2022-04-21,62.47,8.43,29.1,53,6712344,72.18,109,6141517,66.04,197,4491693,48.3,479,798617,8.59
2022-04-22,62.45,8.44,29.11,3,6712347,72.18,17,6141534,66.04,19,4491712,48.3,20,798637,8.59
2022-04-23,62.43,8.46,29.11,6,6712353,72.18,9,6141543,66.04,16,4491728,48.3,13,798650,8.59
2022-04-24,62.43,8.47,29.1,92,6712445,72.18,250,6141793,66.05,329,4492057,48.31,872,799522,8.6
2022-04-25,62.43,8.47,29.1,104,6712549,72.18,191,6141984,66.05,316,4492373,48.31,739,800261,8.61
2022-04-26,62.42,8.48,29.1,76,6712625,72.18,175,6142159,66.05,304,4492677,48.31,788,801049,8.61
2022-04-27,62.41,8.49,29.1,54,6712679,72.18,160,6142319,66.05,227,4492904,48.31,640,801689,8.62
2022-04-28,62.41,8.5,29.1,96,6712775,72.19,232,6142551,66.05,329,4493233,48.32,872,802561,8.63
2022-04-29,62.39,8.51,29.1,112,6712887,72.19,159,6142710,66.06,184,4493417,48.32,196,802757,8.63
2022-04-30,62.38,8.52,29.1,1,6712888,72.19,3,6142713,66.06,24,4493441,48.32,22,802779,8.63
2022-05-01,62.38,8.53,29.09,135,6713023,72.19,185,6142898,66.06,317,4493758,48.32,630,803409,8.64
2022-05-02,62.37,8.54,29.09,62,6713085,72.19,155,6143053,66.06,235,4493993,48.33,491,803900,8.64
2022-05-03,62.36,8.55,29.09,73,6713158,72.19,151,6143204,66.06,288,4494281,48.33,508,804408,8.65
2022-05-04,62.35,8.57,29.08,23,6713181,72.19,56,6143260,66.06,63,4494344,48.33,129,804537,8.65
2022-05-05,62.34,8.58,29.08,5,6713186,72.19,1,6143261,66.06,8,4494352,48.33,14,804551,8.65
2022-05-06,62.33,8.59,29.08,20,6713206,72.19,59,6143320,66.06,63,4494415,48.33,154,804705,8.65
2022-05-07,62.32,8.6,29.08,1,6713207,72.19,7,6143327,66.06,27,4494442,48.33,24,804729,8.65
2022-05-08,62.31,8.61,29.08,118,6713325,72.19,207,6143534,66.06,270,4494712,48.33,457,805186,8.66
2022-05-09,62.31,8.61,29.08,59,6713384,72.19,162,6143696,66.07,251,4494963,48.34,505,805691,8.66
2022-05-10,62.3,8.62,29.08,131,6713515,72.19,169,6143865,66.07,261,4495224,48.34,508,806199,8.67
2022-05-11,62.3,8.63,29.08,58,6713573,72.19,118,6143983,66.07,183,4495407,48.34,464,806663,8.67
2022-05-12,62.29,8.64,29.07,119,6713692,72.2,200,6144183,66.07,280,4495687,48.34,666,807329,8.68
2022-05-13,62.28,8.65,29.07,11,6713703,72.2,44,6144227,66.07,71,4495758,48.35,110,807439,8.68
2022-05-14,62.26,8.66,29.07,6,6713709,72.2,13,6144240,66.07,14,4495772,48.35,24,807463,8.68
2022-05-15,62.26,8.67,29.07,90,6713799,72.2,175,6144415,66.07,246,4496018,48.35,665,808128,8.69
2022-05-16,62.19,8.65,29.16,68,6713867,72.2,141,6144556,66.08,230,4496248,48.35,510,808638,8.7
2022-05-17,62.18,8.66,29.16,73,6713940,72.2,153,6144709,66.08,267,4496515,48.35,618,809256,8.7
2022-05-18,62.17,8.67,29.16,43,6713983,72.2,99,6144808,66.08,169,4496684,48.36,447,809703,8.71
2022-05-19,62.16,8.68,29.16,64,6714047,72.2,171,6144979,66.08,213,4496897,48.36,499,810202,8.71
2022-05-20,62.15,8.69,29.16,76,6714123,72.2,114,6145093,66.08,130,4497027,48.36,138,810340,8.71
2022-05-21,62.14,8.7,29.16,4,6714127,72.2,7,6145100,66.08,15,4497042,48.36,18,810358,8.71
2022-05-22,62.14,8.71,29.16,85,6714212,72.2,190,6145290,66.08,216,4497258,48.36,426,810784,8.72
2022-05-23,62.14,8.71,29.16,65,6714277,72.2,120,6145410,66.08,156,4497414,48.36,348,811132,8.72
2022-05-24,62.13,8.71,29.15,43,6714320,72.2,119,6145529,66.09,157,4497571,48.36,394,811526,8.73
2022-05-25,62.12,8.72,29.15,61,6714381,72.2,103,6145632,66.09,168,4497739,48.37,337,811863,8.73
2022-05-26,62.11,8.73,29.16,72,6714453,72.2,136,6145768,66.09,186,4497925,48.37,347,812210,8.73
2022-05-27,62.1,8.74,29.16,12,6714465,72.2,29,6145797,66.09,43,4497968,48.37,59,812269,8.73
2022-05-28,62.09,8.75,29.16,2,6714467,72.2,5,6145802,66.09,8,4497976,48.37,12,812281,8.73
2022-05-29,62.09,8.75,29.16,89,6714556,72.2,153,6145955,66.09,163,4498139,48.37,316,812597,8.74
2022-05-30,62.09,8.76,29.16,56,6714612,72.21,134,6146089,66.09,125,4498264,48.37,291,812888,8.74
2022-05-31,62.07,8.78,29.15,45,6714657,72.21,104,6146193,66.09,153,4498417,48.37,351,813239,8.75
2022-06-01,61.95,8.9,29.16,65,6714722,72.21,90,6146283,66.09,119,4498536,48.38,277,813516,8.75
2022-06-02,45.96,24.88,29.15,77,6714799,72.21,156,6146439,66.1,178,4498714,48.38,255,813771,8.75
2022-06-03,45.9,24.95,29.16,10,6714809,72.21,23,6146462,66.1,21,4498735,48.38,33,813804,8.75
2022-06-04,45.84,25,29.16,0,6714809,72.21,7,6146469,66.1,8,4498743,48.38,5,813809,8.75
2022-06-05,45.8,25.05,29.16,11,6714820,72.21,14,6146483,66.1,7,4498750,48.38,2,813811,8.75
2022-06-06,39.96,30.89,29.16,58,6714878,72.21,145,6146628,66.1,161,4498911,48.38,262,814073,8.75
2022-06-07,39.92,30.93,29.15,54,6714932,72.21,134,6146762,66.1,142,4499053,48.38,379,814452,8.76
2022-06-08,39.89,30.96,29.15,59,6714991,72.21,104,6146866,66.1,131,4499184,48.38,497,814949,8.76
2022-06-09,39.86,30.99,29.15,84,6715075,72.21,208,6147074,66.1,234,4499418,48.38,642,815591,8.77
2022-06-10,39.83,31.02,29.15,14,6715089,72.21,51,6147125,66.1,59,4499477,48.39,142,815733,8.77
2022-06-11,39.8,31.05,29.15,0,6715089,72.21,3,6147128,66.1,7,4499484,48.39,19,815752,8.77
2022-06-12,39.8,31.05,29.15,109,6715198,72.21,199,6147327,66.11,191,4499675,48.39,767,816519,8.78
2022-06-13,39.81,31.04,29.15,84,6715282,72.21,142,6147469,66.11,168,4499843,48.39,626,817145,8.79
2022-06-14,39.79,31.06,29.15,116,6715398,72.21,173,6147642,66.11,208,4500051,48.39,759,817904,8.8
2022-06-15,39.78,31.08,29.15,72,6715470,72.21,141,6147783,66.11,206,4500257,48.39,700,818604,8.8
2022-06-16,39.74,31.11,29.14,94,6715564,72.22,136,6147919,66.11,218,4500475,48.4,742,819346,8.81
2022-06-17,39.72,31.14,29.15,16,6715580,72.22,63,6147982,66.11,53,4500528,48.4,125,819471,8.81
2022-06-18,39.68,31.17,29.14,3,6715583,72.22,4,6147986,66.11,11,4500539,48.4,15,819486,8.81
2022-06-19,39.53,31.33,29.15,116,6715699,72.22,208,6148194,66.11,317,4500856,48.4,877,820363,8.82
2022-06-20,33.92,36.85,29.23,99,6715798,72.22,152,6148346,66.12,307,4501163,48.4,922,821285,8.83
2022-06-21,33.58,37.19,29.23,94,6715892,72.22,154,6148500,66.12,375,4501538,48.41,1229,822514,8.84
2022-06-22,33.28,37.49,29.23,111,6716003,72.22,136,6148636,66.12,338,4501876,48.41,894,823408,8.85
2022-06-23,32.84,37.92,29.23,132,6716135,72.22,217,6148853,66.12,525,4502401,48.42,1146,824554,8.87
2022-06-24,32.43,38.34,29.24,19,6716154,72.22,35,6148888,66.12,110,4502511,48.42,208,824762,8.87
2022-06-25,32.04,38.72,29.24,1,6716155,72.22,3,6148891,66.12,13,4502524,48.42,16,824778,8.87
2022-06-26,31.63,39.13,29.24,107,6716262,72.22,158,6149049,66.12,379,4502903,48.42,933,825711,8.88
2022-06-27,31.29,39.47,29.24,87,6716349,72.22,172,6149221,66.13,391,4503294,48.43,1028,826739,8.89
2022-06-28,30.86,39.91,29.24,85,6716434,72.23,151,6149372,66.13,363,4503657,48.43,932,827671,8.9
2022-06-29,30.48,40.28,29.24,76,6716510,72.23,108,6149480,66.13,265,4503922,48.43,816,828487,8.91
2022-06-30,30.05,40.71,29.24,86,6716596,72.23,165,6149645,66.13,355,4504277,48.44,1062,829549,8.92
2022-07-01,29.62,41.14,29.24,22,6716618,72.23,28,6149673,66.13,55,4504332,48.44,80,829629,8.92
2022-07-02,29.2,41.56,29.24,1,6716619,72.23,2,6149675,66.13,8,4504340,48.44,18,829647,8.92
2022-07-03,28.81,41.95,29.24,101,6716720,72.23,177,6149852,66.13,321,4504661,48.44,637,830284,8.93
2022-07-04,28.5,42.26,29.24,76,6716796,72.23,140,6149992,66.13,278,4504939,48.44,749,831033,8.94
2022-07-05,28.06,42.7,29.24,59,6716855,72.23,142,6150134,66.14,302,4505241,48.45,688,831721,8.94
2022-07-06,27.39,43.37,29.24,78,6716933,72.23,124,6150258,66.14,211,4505452,48.45,646,832367,8.95
2022-07-07,26.48,44.28,29.24,82,6717015,72.23,164,6150422,66.14,267,4505719,48.45,721,833088,8.96
2022-07-08,25.47,45.29,29.24,17,6717032,72.23,33,6150455,66.14,69,4505788,48.45,131,833219,8.96
2022-07-09,24.42,46.34,29.24,0,6717032,72.23,1,6150456,66.14,3,4505791,48.45,3,833222,8.96
2022-07-10,23.77,46.99,29.24,90,6717122,72.23,164,6150620,66.14,229,4506020,48.46,470,833692,8.97
2022-07-11,23.22,47.54,29.24,64,6717186,72.23,142,6150762,66.14,248,4506268,48.46,575,834267,8.97
2022-07-12,22.13,48.63,29.24,69,6717255,72.23,129,6150891,66.14,207,4506475,48.46,558,834825,8.98
2022-07-13,21.1,49.66,29.24,43,6717298,72.23,101,6150992,66.14,165,4506640,48.46,488,835313,8.98
2022-07-14,20.12,50.63,29.24,70,6717368,72.24,147,6151139,66.15,208,4506848,48.46,513,835826,8.99
2022-07-15,19.27,51.48,29.25,64,6717432,72.24,88,6151227,66.15,127,4506975,48.47,166,835992,8.99
2022-07-16,18.29,52.46,29.25,0,6717432,72.24,6,6151233,66.15,7,4506982,48.47,8,836000,8.99
2022-07-17,17.83,52.92,29.25,77,6717509,72.24,183,6151416,66.15,241,4507223,48.47,468,836468,9
2022-07-18,17.48,53.26,29.26,62,6717571,72.24,158,6151574,66.15,207,4507430,48.47,511,836979,9
2022-07-19,16.77,53.97,29.26,63,6717634,72.24,147,6151721,66.15,173,4507603,48.47,368,837347,9
2022-07-20,16.09,54.64,29.26,51,6717685,72.24,134,6151855,66.15,137,4507740,48.47,423,837770,9.01
2022-07-21,15.43,55.3,29.27,61,6717746,72.24,160,6152015,66.16,177,4507917,48.48,341,838111,9.01
2022-07-22,14.64,56.08,29.28,10,6717756,72.24,36,6152051,66.16,43,4507960,48.48,56,838167,9.01
2022-07-23,14.17,56.55,29.28,0,6717756,72.24,4,6152055,66.16,4,4507964,48.48,9,838176,9.01
2022-07-24,13.55,57.16,29.29,59,6717815,72.24,127,6152182,66.16,197,4508161,48.48,364,838540,9.02
2022-07-25,13.09,57.61,29.3,48,6717863,72.24,107,6152289,66.16,172,4508333,48.48,336,838876,9.02
2022-07-26,12.46,58.23,29.3,47,6717910,72.24,99,6152388,66.16,111,4508444,48.48,270,839146,9.02
2022-07-27,11.89,58.8,29.31,43,6717953,72.24,125,6152513,66.16,132,4508576,48.48,243,839389,9.03
2022-07-28,11.35,59.34,29.31,62,6718015,72.24,143,6152656,66.16,148,4508724,48.48,220,839609,9.03
2022-07-29,10.85,59.83,29.32,10,6718025,72.24,25,6152681,66.16,27,4508751,48.48,31,839640,9.03
2022-07-30,10.34,60.33,29.33,0,6718025,72.24,0,6152681,66.16,1,4508752,48.48,1,839641,9.03
2022-07-31,9.97,60.7,29.33,56,6718081,72.24,134,6152815,66.16,131,4508883,48.49,252,839893,9.03
2022-08-01,9.47,61.19,29.34,54,6718135,72.24,76,6152891,66.17,91,4508974,48.49,152,840045,9.03
2022-08-02,8.92,61.73,29.35,111,6718246,72.24,119,6153010,66.17,157,4509131,48.49,264,840309,9.04
2022-08-03,8.46,62.19,29.35,76,6718322,72.25,71,6153081,66.17,92,4509223,48.49,180,840489,9.04
2022-08-04,8.04,62.61,29.36,133,6718455,72.25,133,6153214,66.17,111,4509334,48.49,246,840735,9.04
2022-08-05,7.71,62.93,29.36,31,6718486,72.25,23,6153237,66.17,13,4509347,48.49,24,840759,9.04
2022-08-06,7.32,63.32,29.36,1,6718487,72.25,2,6153239,66.17,3,4509350,48.49,5,840764,9.04
2022-08-07,6.92,63.71,29.37,89,6718576,72.25,97,6153336,66.17,69,4509419,48.49,169,840933,9.04
2022-08-08,6.74,63.89,29.37,109,6718685,72.25,92,6153428,66.17,92,4509511,48.49,172,841105,9.04
2022-08-09,6.25,64.37,29.38,96,6718781,72.25,90,6153518,66.17,99,4509610,48.49,213,841318,9.05
2022-08-10,5.91,64.71,29.38,77,6718858,72.25,60,6153578,66.17,76,4509686,48.49,115,841433,9.05
2022-08-11,5.59,65.03,29.38,54,6718912,72.25,101,6153679,66.17,91,4509777,48.5,155,841588,9.05
2022-08-12,5.35,65.27,29.38,8,6718920,72.25,12,6153691,66.17,18,4509795,48.5,29,841617,9.05
2022-08-13,5.1,65.52,29.38,0,6718920,72.25,2,6153693,66.17,2,4509797,48.5,3,841620,9.05
2022-08-14,4.87,65.75,29.39,74,6718994,72.25,75,6153768,66.17,82,4509879,48.5,150,841770,9.05
2022-08-15,4.74,65.87,29.39,71,6719065,72.25,81,6153849,66.18,90,4509969,48.5,143,841913,9.05
2022-08-16,4.46,66.15,29.39,82,6719147,72.25,84,6153933,66.18,83,4510052,48.5,187,842100,9.06
2022-08-17,4.16,66.44,29.39,47,6719194,72.25,56,6153989,66.18,36,4510088,48.5,115,842215,9.06
2022-08-18,3.98,66.63,29.39,70,6719264,72.26,93,6154082,66.18,120,4510208,48.5,173,842388,9.06
2022-08-19,3.83,66.78,29.39,78,6719342,72.26,67,6154149,66.18,57,4510265,48.5,38,842426,9.06
2022-08-20,3.67,66.94,29.39,1,6719343,72.26,1,6154150,66.18,3,4510268,48.5,3,842429,9.06
2022-08-21,3.52,67.08,29.4,52,6719395,72.26,85,6154235,66.18,84,4510352,48.5,197,842626,9.06
2022-08-22,3.44,67.16,29.4,89,6719484,72.26,74,6154309,66.18,103,4510455,48.5,144,842770,9.06
2022-08-23,3.27,67.33,29.4,72,6719556,72.26,106,6154415,66.18,84,4510539,48.5,180,842950,9.06
2022-08-24,3.15,67.46,29.4,38,6719594,72.26,80,6154495,66.18,49,4510588,48.5,133,843083,9.07
2022-08-25,3.03,67.57,29.4,53,6719647,72.26,75,6154570,66.18,97,4510685,48.51,193,843276,9.07
2022-08-26,2.94,67.66,29.4,4,6719651,72.26,15,6154585,66.18,9,4510694,48.51,14,843290,9.07
2022-08-27,2.84,67.76,29.4,0,6719651,72.26,0,6154585,66.18,0,4510694,48.51,0,843290,9.07
2022-08-28,2.75,67.85,29.4,55,6719706,72.26,80,6154665,66.18,85,4510779,48.51,102,843392,9.07
2022-08-29,2.69,67.91,29.4,48,6719754,72.26,68,6154733,66.19,89,4510868,48.51,107,843499,9.07
2022-08-30,2.6,68,29.4,85,6719839,72.26,113,6154846,66.19,85,4510953,48.51,131,843630,9.07
2022-08-31,2.53,68.07,29.4,42,6719881,72.26,89,6154935,66.19,70,4511023,48.51,96,843726,9.07
2022-09-01,2.46,68.14,29.4,29,6719910,72.26,84,6155019,66.19,58,4511081,48.51,113,843839,9.07
2022-09-02,2.4,68.2,29.4,6,6719916,72.26,20,6155039,66.19,13,4511094,48.51,10,843849,9.07
2022-09-03,2.33,68.27,29.4,2,6719918,72.26,0,6155039,66.19,3,4511097,48.51,1,843850,9.07
2022-09-04,2.27,68.32,29.4,64,6719982,72.26,133,6155172,66.19,80,4511177,48.51,121,843971,9.08
2022-09-05,2.23,68.37,29.4,44,6720026,72.26,77,6155249,66.19,58,4511235,48.51,90,844061,9.08
2022-09-06,2.17,68.42,29.4,60,6720086,72.26,104,6155353,66.19,78,4511313,48.51,130,844191,9.08
2022-09-07,2.12,68.47,29.4,28,6720114,72.26,63,6155416,66.19,53,4511366,48.51,95,844286,9.08
2022-09-08,2.07,68.53,29.4,50,6720164,72.27,101,6155517,66.19,70,4511436,48.51,77,844363,9.08
2022-09-09,2.03,68.57,29.4,10,6720174,72.27,21,6155538,66.19,16,4511452,48.51,17,844380,9.08
2022-09-10,1.97,68.62,29.4,1,6720175,72.27,0,6155538,66.19,5,4511457,48.51,2,844382,9.08
2022-09-11,1.92,68.67,29.41,39,6720214,72.27,117,6155655,66.19,78,4511535,48.51,116,844498,9.08
2022-09-12,1.88,68.71,29.41,24,6720238,72.27,72,6155727,66.2,52,4511587,48.52,68,844566,9.08
2022-09-13,1.82,68.77,29.41,44,6720282,72.27,113,6155840,66.2,54,4511641,48.52,103,844669,9.08
2022-09-14,1.78,68.82,29.41,21,6720303,72.27,64,6155904,66.2,54,4511695,48.52,62,844731,9.08
2022-09-15,1.73,68.86,29.41,33,6720336,72.27,77,6155981,66.2,62,4511757,48.52,107,844838,9.09
2022-09-16,1.7,68.89,29.41,51,6720387,72.27,52,6156033,66.2,27,4511784,48.52,28,844866,9.09
2022-09-17,1.66,68.93,29.41,3,6720390,72.27,0,6156033,66.2,1,4511785,48.52,0,844866,9.09
2022-09-18,1.63,68.96,29.41,28,6720418,72.27,66,6156099,66.2,52,4511837,48.52,115,844981,9.09
2022-09-19,1.61,68.98,29.41,28,6720446,72.27,74,6156173,66.2,44,4511881,48.52,57,845038,9.09
2022-09-20,1.56,69.03,29.41,41,6720487,72.27,94,6156267,66.2,75,4511956,48.52,102,845140,9.09
2022-09-21,1.55,69.05,29.41,22,6720509,72.27,54,6156321,66.2,29,4511985,48.52,56,845196,9.09
2022-09-22,1.52,69.07,29.4,42,6720551,72.27,56,6156377,66.2,27,4512012,48.52,41,845237,9.09
2022-09-23,1.5,69.1,29.41,7,6720558,72.27,11,6156388,66.2,4,4512016,48.52,1,845238,9.09
2022-09-24,1.47,69.13,29.41,0,6720558,72.27,0,6156388,66.2,1,4512017,48.52,0,845238,9.09
2022-09-25,1.46,69.13,29.41,5,6720563,72.27,20,6156408,66.2,10,4512027,48.52,27,845265,9.09
2022-09-26,1.46,69.13,29.41,0,6720563,72.27,5,6156413,66.2,2,4512029,48.52,2,845267,9.09
2022-09-27,1.42,69.17,29.41,2,6720565,72.27,0,6156413,66.2,3,4512032,48.52,3,845270,9.09
2022-09-28,1.39,69.21,29.41,24,6720589,72.27,36,6156449,66.2,25,4512057,48.52,17,845287,9.09
2022-09-29,1.37,69.22,29.41,32,6720621,72.27,61,6156510,66.2,13,4512070,48.52,48,845335,9.09
2022-09-30,1.35,69.24,29.41,4,6720625,72.27,12,6156522,66.2,2,4512072,48.52,0,845335,9.09
2022-10-01,1.31,69.29,29.41,0,6720625,72.27,1,6156523,66.2,1,4512073,48.52,1,845336,9.09
2022-10-02,1.31,69.29,29.41,28,6720653,72.27,51,6156574,66.2,20,4512093,48.52,73,845409,9.09
2022-10-03,1.31,69.28,29.4,23,6720676,72.27,29,6156603,66.21,13,4512106,48.52,12,845421,9.09
2022-10-04,1.27,69.32,29.4,7,6720683,72.27,11,6156614,66.21,0,4512106,48.52,1,845422,9.09
2022-10-05,1.28,69.31,29.4,1,6720684,72.27,0,6156614,66.21,0,4512106,48.52,1,845423,9.09
2022-10-06,1.31,69.28,29.4,17,6720701,72.27,43,6156657,66.21,10,4512116,48.52,20,845443,9.09
2022-10-07,1.3,69.29,29.41,3,6720704,72.27,3,6156660,66.21,4,4512120,48.52,0,845443,9.09
2022-10-08,1.26,69.33,29.41,1,6720705,72.27,1,6156661,66.21,0,4512120,48.52,1,845444,9.09
2022-10-09,1.31,69.28,29.41,7,6720712,72.27,22,6156683,66.21,6,4512126,48.52,5,845449,9.09
2022-10-10,1.38,69.22,29.4,5,6720717,72.27,2,6156685,66.21,0,4512126,48.52,0,845449,9.09
2022-10-11,1.36,69.24,29.4,12,6720729,72.27,32,6156717,66.21,1,4512127,48.52,32,845481,9.09
2022-10-12,1.34,69.26,29.4,13,6720742,72.27,24,6156741,66.21,5,4512132,48.52,4,845485,9.09
2022-10-13,1.4,69.2,29.4,17,6720759,72.27,16,6156757,66.21,5,4512137,48.52,9,845494,9.09
2022-10-14,1.4,69.2,29.4,6,6720765,72.27,7,6156764,66.21,4,4512141,48.52,3,845497,9.09
2022-10-15,1.38,69.22,29.4,0,6720765,72.27,1,6156765,66.21,0,4512141,48.52,1,845498,9.09
2022-10-16,1.39,69.2,29.4,4,6720769,72.27,13,6156778,66.21,5,4512146,48.52,8,845506,9.09
2022-10-17,1.39,69.2,29.4,1,6720770,72.27,1,6156779,66.21,4,4512150,48.52,1,845507,9.09
2022-10-18,1.43,69.17,29.4,24,6720794,72.27,31,6156810,66.21,14,4512164,48.52,16,845523,9.09
2022-10-19,1.47,69.12,29.4,18,6720812,72.27,25,6156835,66.21,7,4512171,48.52,3,845526,9.09
2022-10-20,1.5,69.1,29.4,26,6720838,72.27,44,6156879,66.21,12,4512183,48.52,4,845530,9.09
2022-10-21,1.5,69.09,29.4,4,6720842,72.27,7,6156886,66.21,2,4512185,48.52,4,845534,9.09
2022-10-22,1.49,69.1,29.4,0,6720842,72.27,0,6156886,66.21,0,4512185,48.52,0,845534,9.09
2022-10-23,1.51,69.08,29.4,15,6720857,72.27,33,6156919,66.21,18,4512203,48.52,10,845544,9.09
2022-10-24,1.51,69.08,29.41,20,6720877,72.27,16,6156935,66.21,19,4512222,48.52,9,845553,9.09
2022-10-25,1.55,69.04,29.4,18,6720895,72.27,34,6156969,66.21,22,4512244,48.52,21,845574,9.09
2022-10-26,1.61,68.99,29.4,18,6720913,72.27,25,6156994,66.21,8,4512252,48.52,10,845584,9.09
2022-10-27,1.67,68.93,29.4,17,6720930,72.27,27,6157021,66.21,14,4512266,48.52,17,845601,9.09
2022-10-28,1.67,68.93,29.4,54,6720984,72.27,49,6157070,66.21,31,4512297,48.52,18,845619,9.09
2022-10-29,1.66,68.94,29.4,0,6720984,72.27,0,6157070,66.21,0,4512297,48.52,0,845619,9.09
2022-10-30,1.71,68.89,29.4,15,6720999,72.27,23,6157093,66.21,15,4512312,48.52,9,845628,9.09
2022-10-31,1.76,68.84,29.4,17,6721016,72.27,16,6157109,66.21,8,4512320,48.52,9,845637,9.09
2022-11-01,1.82,68.78,29.4,2,6721018,72.27,1,6157110,66.21,1,4512321,48.52,0,845637,9.09
2022-11-02,1.88,68.72,29.4,13,6721031,72.27,13,6157123,66.21,7,4512328,48.52,8,845645,9.09
2022-11-03,1.96,68.64,29.4,17,6721048,72.27,18,6157141,66.21,11,4512339,48.52,8,845653,9.09
2022-11-04,1.98,68.63,29.4,4,6721052,72.27,6,6157147,66.21,1,4512340,48.52,2,845655,9.09
2022-11-05,1.97,68.63,29.4,0,6721052,72.27,0,6157147,66.21,0,4512340,48.52,0,845655,9.09
2022-11-06,2.03,68.57,29.4,27,6721079,72.28,33,6157180,66.21,11,4512351,48.52,23,845678,9.09
2022-11-07,2.1,68.51,29.4,15,6721094,72.28,11,6157191,66.21,10,4512361,48.52,54,845732,9.09
2022-11-08,2.1,68.5,29.4,28,6721122,72.28,26,6157217,66.21,14,4512375,48.52,9,845741,9.09
2022-11-09,2.16,68.45,29.4,16,6721138,72.28,20,6157237,66.21,17,4512392,48.52,9,845750,9.09
2022-11-10,2.22,68.39,29.4,28,6721166,72.28,17,6157254,66.21,11,4512403,48.52,6,845756,9.09
2022-11-11,2.23,68.37,29.4,1,6721167,72.28,17,6157271,66.21,2,4512405,48.52,1,845757,9.09
2022-11-12,2.22,68.38,29.4,1,6721168,72.28,0,6157271,66.21,2,4512407,48.52,0,845757,9.09
2022-11-13,2.29,68.31,29.4,29,6721197,72.28,31,6157302,66.21,17,4512424,48.52,8,845765,9.09
2022-11-14,2.37,68.23,29.4,20,6721217,72.28,17,6157319,66.21,21,4512445,48.52,16,845781,9.1
2022-11-15,2.43,68.17,29.4,40,6721257,72.28,25,6157344,66.21,16,4512461,48.52,18,845799,9.1
2022-11-16,2.5,68.1,29.4,14,6721271,72.28,27,6157371,66.21,16,4512477,48.52,11,845810,9.1
2022-11-17,2.59,68.02,29.4,19,6721290,72.28,33,6157404,66.21,18,4512495,48.53,5,845815,9.1
2022-11-18,2.61,67.99,29.4,6,6721296,72.28,4,6157408,66.21,4,4512499,48.53,0,845815,9.1
2022-11-19,2.6,68,29.4,0,6721296,72.28,0,6157408,66.21,0,4512499,48.53,0,845815,9.1
2022-11-20,2.67,67.93,29.4,19,6721315,72.28,19,6157427,66.21,6,4512505,48.53,13,845828,9.1
2022-11-21,2.76,67.85,29.4,14,6721329,72.28,13,6157440,66.21,6,4512511,48.53,6,845834,9.1
2022-11-22,2.83,67.77,29.4,26,6721355,72.28,13,6157453,66.21,17,4512528,48.53,6,845840,9.1
2022-11-23,2.9,67.7,29.4,17,6721372,72.28,20,6157473,66.21,4,4512532,48.53,8,845848,9.1
2022-11-24,2.98,67.62,29.4,9,6721381,72.28,16,6157489,66.21,13,4512545,48.53,27,845875,9.1
2022-11-25,3,67.6,29.4,15,6721396,72.28,45,6157534,66.22,14,4512559,48.53,12,845887,9.1
2022-11-26,3,67.61,29.4,0,6721396,72.28,2,6157536,66.22,0,4512559,48.53,0,845887,9.1
2022-11-27,3.06,67.54,29.4,14,6721410,72.28,15,6157551,66.22,19,4512578,48.53,2,845889,9.1
2022-11-28,3.14,67.47,29.4,8,6721418,72.28,23,6157574,66.22,8,4512586,48.53,6,845895,9.1
2022-11-29,3.2,67.4,29.4,38,6721456,72.28,31,6157605,66.22,19,4512605,48.53,14,845909,9.1
2022-11-30,3.27,67.34,29.39,12,6721468,72.28,25,6157630,66.22,20,4512625,48.53,8,845917,9.1
2022-12-01,3.34,67.26,29.39,13,6721481,72.28,18,6157648,66.22,15,4512640,48.53,4,845921,9.1
2022-12-02,3.36,67.24,29.39,2,6721483,72.28,7,6157655,66.22,4,4512644,48.53,10,845931,9.1
2022-12-03,3.36,67.24,29.39,0,6721483,72.28,0,6157655,66.22,0,4512644,48.53,1,845932,9.1
2022-12-04,3.42,67.18,29.39,36,6721519,72.28,27,6157682,66.22,30,4512674,48.53,26,845958,9.1
2022-12-05,3.48,67.12,29.4,9,6721528,72.28,17,6157699,66.22,11,4512685,48.53,20,845978,9.1
2022-12-06,3.55,67.06,29.39,32,6721560,72.28,26,6157725,66.22,27,4512712,48.53,7,845985,9.1
2022-12-07,3.62,66.99,29.39,10,6721570,72.28,17,6157742,66.22,8,4512720,48.53,8,845993,9.1
2022-12-08,3.69,66.91,29.39,18,6721588,72.28,31,6157773,66.22,15,4512735,48.53,3,845996,9.1
2022-12-09,3.71,66.9,29.39,4,6721592,72.28,1,6157774,66.22,1,4512736,48.53,7,846003,9.1
2022-12-10,3.7,66.91,29.39,1,6721593,72.28,0,6157774,66.22,2,4512738,48.53,0,846003,9.1
2022-12-11,3.76,66.84,29.39,16,6721609,72.28,22,6157796,66.22,15,4512753,48.53,16,846019,9.1
2022-12-12,3.82,66.78,29.39,15,6721624,72.28,14,6157810,66.22,5,4512758,48.53,0,846019,9.1
2022-12-13,3.87,66.73,29.39,17,6721641,72.28,44,6157854,66.22,18,4512776,48.53,13,846032,9.1
2022-12-14,3.92,66.69,29.39,17,6721658,72.28,16,6157870,66.22,7,4512783,48.53,3,846035,9.1
2022-12-15,3.97,66.64,29.39,22,6721680,72.28,19,6157889,66.22,7,4512790,48.53,12,846047,9.1
2022-12-16,3.98,66.62,29.39,12,6721692,72.28,4,6157893,66.22,1,4512791,48.53,0,846047,9.1
2022-12-17,3.97,66.63,29.39,0,6721692,72.28,0,6157893,66.22,0,4512791,48.53,0,846047,9.1
2022-12-18,4.01,66.59,29.39,9,6721701,72.28,18,6157911,66.22,8,4512799,48.53,3,846050,9.1
2022-12-19,4.06,66.54,29.4,7,6721708,72.28,14,6157925,66.22,12,4512811,48.53,1,846051,9.1
2022-12-20,4.1,66.51,29.39,12,6721720,72.28,17,6157942,66.22,2,4512813,48.53,2,846053,9.1
2022-12-21,4.14,66.47,29.39,9,6721729,72.28,14,6157956,66.22,13,4512826,48.53,3,846056,9.1
2022-12-22,4.18,66.42,29.39,4,6721733,72.28,10,6157966,66.22,14,4512840,48.53,1,846057,9.1
2022-12-23,4.19,66.42,29.39,10,6721743,72.28,0,6157966,66.22,2,4512842,48.53,0,846057,9.1
2022-12-24,4.18,66.43,29.39,0,6721743,72.28,0,6157966,66.22,0,4512842,48.53,0,846057,9.1
2022-12-25,4.21,66.4,29.39,6,6721749,72.28,17,6157983,66.22,1,4512843,48.53,2,846059,9.1
2022-12-26,4.24,66.36,29.39,17,6721766,72.28,6,6157989,66.22,13,4512856,48.53,0,846059,9.1
2022-12-27,4.25,66.36,29.39,24,6721790,72.28,24,6158013,66.22,17,4512873,48.53,7,846066,9.1
2022-12-28,4.26,66.34,29.39,17,6721807,72.28,18,6158031,66.22,25,4512898,48.53,64,846130,9.1
2022-12-29,4.28,66.33,29.39,15,6721822,72.28,23,6158054,66.22,14,4512912,48.53,4,846134,9.1
2022-12-30,4.27,66.33,29.4,4,6721826,72.28,5,6158059,66.22,3,4512915,48.53,0,846134,9.1
2022-12-31,4.26,66.35,29.4,0,6721826,72.28,1,6158060,66.22,0,4512915,48.53,0,846134,9.1
2023-01-01,4.27,66.33,29.4,6,6721832,72.28,22,6158082,66.22,2,4512917,48.53,1,846135,9.1
2023-01-02,4.29,66.31,29.4,10,6721842,72.28,8,6158090,66.22,3,4512920,48.53,1,846136,9.1
2023-01-03,4.3,66.3,29.4,20,6721862,72.28,17,6158107,66.22,7,4512927,48.53,3,846139,9.1
2023-01-04,4.3,66.3,29.4,7,6721869,72.28,11,6158118,66.22,4,4512931,48.53,2,846141,9.1
2023-01-05,4.31,66.29,29.39,12,6721881,72.28,19,6158137,66.22,11,4512942,48.53,4,846145,9.1
2023-01-06,4.31,66.29,29.4,2,6721883,72.28,1,6158138,66.22,1,4512943,48.53,0,846145,9.1
2023-01-07,4.3,66.31,29.4,1,6721884,72.28,0,6158138,66.22,0,4512943,48.53,0,846145,9.1
2023-01-08,4.33,66.28,29.4,14,6721898,72.28,32,6158170,66.22,10,4512953,48.53,2,846147,9.1
2023-01-09,4.34,66.26,29.4,12,6721910,72.28,20,6158190,66.22,1,4512954,48.53,1,846148,9.1
2023-01-10,4.35,66.25,29.4,39,6721949,72.28,27,6158217,66.22,10,4512964,48.53,4,846152,9.1
2023-01-11,4.36,66.25,29.4,14,6721963,72.28,18,6158235,66.22,11,4512975,48.53,2,846154,9.1
2023-01-12,4.37,66.24,29.39,22,6721985,72.28,20,6158255,66.22,11,4512986,48.53,2,846156,9.1
2023-01-13,4.36,66.24,29.4,3,6721988,72.28,2,6158257,66.22,0,4512986,48.53,0,846156,9.1
2023-01-14,4.35,66.25,29.4,1,6721989,72.28,0,6158257,66.22,0,4512986,48.53,0,846156,9.1
2023-01-15,4.36,66.24,29.4,17,6722006,72.29,16,6158273,66.22,4,4512990,48.53,3,846159,9.1
2023-01-16,4.38,66.22,29.4,9,6722015,72.29,15,6158288,66.22,6,4512996,48.53,0,846159,9.1
2023-01-17,4.38,66.22,29.4,14,6722029,72.29,14,6158302,66.22,6,4513002,48.53,0,846159,9.1
2023-01-18,4.39,66.21,29.4,7,6722036,72.29,8,6158310,66.22,3,4513005,48.53,1,846160,9.1
2023-01-19,4.4,66.2,29.4,13,6722049,72.29,15,6158325,66.22,2,4513007,48.53,4,846164,9.1
2023-01-20,4.39,66.2,29.4,4,6722053,72.29,2,6158327,66.22,0,4513007,48.53,1,846165,9.1
2023-01-21,4.39,66.21,29.4,0,6722053,72.29,0,6158327,66.22,0,4513007,48.53,0,846165,9.1
2023-01-22,4.4,66.2,29.4,8,6722061,72.29,3,6158330,66.22,8,4513015,48.53,4,846169,9.1
2023-01-23,4.41,66.19,29.4,11,6722072,72.29,5,6158335,66.22,6,4513021,48.53,0,846169,9.1
2023-01-24,4.41,66.19,29.4,21,6722093,72.29,21,6158356,66.22,11,4513032,48.53,2,846171,9.1
2023-01-25,4.41,66.18,29.4,5,6722098,72.29,5,6158361,66.22,0,4513032,48.53,2,846173,9.1
2023-01-26,4.42,66.18,29.4,10,6722108,72.29,15,6158376,66.22,9,4513041,48.53,2,846175,9.1
2023-01-27,4.41,66.18,29.4,0,6722108,72.29,9,6158385,66.22,0,4513041,48.53,0,846175,9.1
2023-01-28,4.41,66.19,29.4,0,6722108,72.29,0,6158385,66.22,0,4513041,48.53,0,846175,9.1
2023-01-29,4.41,66.19,29.41,12,6722120,72.29,8,6158393,66.22,5,4513046,48.53,2,846177,9.1
2023-01-30,4.42,66.17,29.41,9,6722129,72.29,16,6158409,66.22,2,4513048,48.53,1,846178,9.1
2023-01-31,4.42,66.17,29.41,20,6722149,72.29,23,6158432,66.22,3,4513051,48.53,1,846179,9.1
2023-02-01,4.42,66.17,29.41,13,6722162,72.29,11,6158443,66.22,1,4513052,48.53,0,846179,9.1
2023-02-02,4.43,66.17,29.41,16,6722178,72.29,29,6158472,66.23,3,4513055,48.53,0,846179,9.1
2023-02-03,4.42,66.17,29.41,3,6722181,72.29,2,6158474,66.23,0,4513055,48.53,0,846179,9.1
2023-02-04,4.42,66.18,29.41,0,6722181,72.29,0,6158474,66.23,0,4513055,48.53,0,846179,9.1
2023-02-05,4.42,66.17,29.41,18,6722199,72.29,9,6158483,66.23,4,4513059,48.53,2,846181,9.1
2023-02-06,4.43,66.16,29.41,17,6722216,72.29,13,6158496,66.23,4,4513063,48.53,0,846181,9.1
2023-02-07,4.43,66.16,29.41,29,6722245,72.29,23,6158519,66.23,1,4513064,48.53,1,846182,9.1
2023-02-08,4.43,66.16,29.41,17,6722262,72.29,11,6158530,66.23,0,4513064,48.53,0,846182,9.1
2023-02-09,4.43,66.16,29.41,36,6722298,72.29,34,6158564,66.23,4,4513068,48.53,1,846183,9.1
2023-02-10,4.43,66.16,29.41,2,6722300,72.29,3,6158567,66.23,2,4513070,48.53,0,846183,9.1
2023-02-11,4.42,66.16,29.41,2,6722302,72.29,1,6158568,66.23,0,4513070,48.53,0,846183,9.1
2023-02-12,4.43,66.16,29.41,17,6722319,72.29,18,6158586,66.23,2,4513072,48.53,1,846184,9.1
2023-02-13,4.43,66.16,29.41,14,6722333,72.29,20,6158606,66.23,8,4513080,48.53,0,846184,9.1
2023-02-14,4.43,66.16,29.41,23,6722356,72.29,7,6158613,66.23,4,4513084,48.53,5,846189,9.1
2023-02-15,4.43,66.16,29.41,0,6722356,72.29,0,6158613,66.23,0,4513084,48.53,0,846189,9.1
