Date,Valid vaccinated pop. perc.,Expired vaccinated pop. perc.,Not vaccinated pop. perc.,Vaccinated (daily),Vaccinated (cumu),Vaccinated pop. perc.,Second dose (daily),Second dose (cumu),Second dose pop. perc.,Third dose (daily),Third dose (cumu),Third dose pop. perc.,Fourth dose (daily),Fourth dose (cumu),Fourth dose pop. perc.
2020-12-19,0,0,100,46,71,0,0,4,0,0,0,0,0,0,0
2020-12-20,0,0,100,7396,7467,0.08,0,4,0,0,0,0,0,0,0
2020-12-21,0,0,100,24923,32390,0.35,0,4,0,0,0,0,0,0,0
2020-12-22,0,0,100,44668,77058,0.83,0,4,0,0,0,0,0,0,0
2020-12-23,0,0,100,62919,139977,1.51,0,4,0,0,0,0,0,0,0
2020-12-24,0,0,100,73430,213407,2.29,0,4,0,0,0,0,0,0,0
2020-12-25,0,0,100,38517,251924,2.71,0,4,0,0,0,0,0,0,0
2020-12-26,0,0,100,32618,284542,3.06,0,4,0,0,0,0,0,0,0
2020-12-27,0,0,100,104575,389117,4.18,0,4,0,0,0,0,0,0,0
2020-12-28,0,0,100,135041,524158,5.64,0,4,0,0,0,0,0,0,0
2020-12-29,0,0,100,156340,680498,7.32,2,6,0,0,0,0,0,0,0
2020-12-30,0,0,100,153192,833690,8.97,0,6,0,0,0,0,0,0,0
2020-12-31,0,0,100,158601,992291,10.67,0,6,0,0,0,0,0,0,0
2021-01-01,0,0,100,71435,1063726,11.44,0,6,0,0,0,0,0,0,0
2021-01-02,0,0,100,71744,1135470,12.21,0,6,0,0,0,0,0,0,0
2021-01-03,0,0,100,149767,1285237,13.82,0,6,0,0,0,0,0,0,0
2021-01-04,0,0,100,152207,1437444,15.46,1,7,0,0,0,0,0,0,0
2021-01-05,0,0,100,125222,1562666,16.8,4,11,0,0,0,0,0,0,0
2021-01-06,0,0,100,103374,1666040,17.92,2,13,0,0,0,0,0,0,0
2021-01-07,0,0,100,116064,1782104,19.16,9,22,0,0,0,0,0,0,0
2021-01-08,0,0,100,66465,1848569,19.88,5,27,0,0,0,0,0,0,0
2021-01-09,0,0,100,44554,1893123,20.36,24,51,0,0,0,0,0,0,0
2021-01-10,0,0,100,37649,1930772,20.76,6001,6052,0.07,0,0,0,0,0,0
2021-01-11,0,0,100,21176,1951948,20.99,19264,25316,0.27,0,0,0,0,0,0
2021-01-12,0,0,100,24075,1976023,21.25,35674,60990,0.66,0,0,0,0,0,0
2021-01-13,0,0,100,52079,2028102,21.81,56874,117864,1.27,0,0,0,0,0,0
2021-01-14,0,0,100,56480,2084582,22.42,68838,186702,2.01,0,0,0,0,0,0
2021-01-15,0,0,100,30776,2115358,22.75,35942,222644,2.39,0,0,0,0,0,0
2021-01-16,0,0,100,29481,2144839,23.06,26007,248651,2.67,0,0,0,0,0,0
2021-01-17,0.31,0,99.69,68445,2213284,23.8,84598,333249,3.58,0,0,0,0,0,0
2021-01-18,0.58,0,99.42,69821,2283105,24.55,120437,453686,4.88,0,0,0,0,0,0
2021-01-19,1.09,0,98.91,72897,2356002,25.34,137851,591537,6.36,0,0,0,0,0,0
2021-01-20,1.9,0,98.1,76919,2432921,26.16,143769,735306,7.91,0,0,0,0,0,0
2021-01-21,2.88,0,97.12,70009,2502930,26.92,164477,899783,9.68,0,0,0,0,0,0
2021-01-22,3.39,0,96.61,37933,2540863,27.32,71134,970917,10.44,0,0,0,0,0,0
2021-01-23,3.77,0,96.23,39965,2580828,27.75,53596,1024513,11.02,0,0,0,0,0,0
2021-01-24,4.96,0,95.04,69147,2649975,28.5,140711,1165224,12.53,0,0,0,0,0,0
2021-01-25,6.61,0,93.39,80943,2730918,29.37,139522,1304746,14.03,0,0,0,0,0,0
2021-01-26,8.45,0,91.55,78737,2809655,30.21,126446,1431192,15.39,0,0,0,0,0,0
2021-01-27,10.34,0,89.66,77982,2887637,31.05,125073,1556265,16.74,0,0,0,0,0,0
2021-01-28,12.43,0,87.57,79570,2967207,31.91,130632,1686897,18.14,0,0,0,0,0,0
2021-01-29,13.34,0,86.66,36704,3003911,32.3,64794,1751691,18.84,0,0,0,0,0,0
2021-01-30,14.02,0,85.98,34396,3038307,32.67,42767,1794458,19.3,0,0,0,0,0,0
2021-01-31,15.76,0,84.24,73331,3111638,33.46,59504,1853962,19.94,0,0,0,0,0,0
2021-02-01,17.48,0,82.52,82512,3194150,34.35,35357,1889319,20.32,0,0,0,0,0,0
2021-02-02,19.01,0,80.99,70107,3264257,35.1,31074,1920393,20.65,0,0,0,0,0,0
2021-02-03,20.47,0,79.53,60308,3324565,35.75,51445,1971838,21.2,0,0,0,0,0,0
2021-02-04,22,0,78,72640,3397205,36.53,58096,2029934,21.83,0,0,0,0,0,0
2021-02-05,22.75,0,77.25,33947,3431152,36.9,28807,2058741,22.14,0,0,0,0,0,0
2021-02-06,23.23,0,76.77,21622,3452774,37.13,22233,2080974,22.38,0,0,0,0,0,0
2021-02-07,23.99,0,76.01,54081,3506855,37.71,68744,2149718,23.12,0,0,0,0,0,0
2021-02-08,24.52,0,75.48,58644,3565499,38.34,65469,2215187,23.82,0,0,0,0,0,0
2021-02-09,25.04,0,74.96,66360,3631859,39.06,67579,2282766,24.55,0,0,0,0,0,0
2021-02-10,25.77,0,74.23,70571,3702430,39.81,72316,2355082,25.33,0,0,0,0,0,0
2021-02-11,26.61,0,73.39,81175,3783605,40.69,72113,2427195,26.1,0,0,0,0,0,0
2021-02-12,27.02,0,72.98,39111,3822716,41.11,37600,2464795,26.51,0,0,0,0,0,0
2021-02-13,27.33,0,72.67,27465,3850181,41.4,30441,2495236,26.83,0,0,0,0,0,0
2021-02-14,28.25,0,71.75,74917,3925098,42.21,69085,2564321,27.58,0,0,0,0,0,0
2021-02-15,29.17,0,70.83,81548,4006646,43.09,75722,2640043,28.39,0,0,0,0,0,0
2021-02-16,30.11,0,69.89,83423,4090069,43.98,78301,2718344,29.23,0,0,0,0,0,0
2021-02-17,31.01,0,68.99,61984,4152053,44.65,75645,2793989,30.05,0,0,0,0,0,0
2021-02-18,31.94,0,68.06,69159,4221212,45.39,79739,2873728,30.9,0,0,0,0,0,0
2021-02-19,32.45,0,67.55,39676,4260888,45.82,38162,2911890,31.31,0,0,0,0,0,0
2021-02-20,32.85,0,67.15,31651,4292539,46.16,28724,2940614,31.62,0,0,0,0,0,0
2021-02-21,33.8,0,66.2,79436,4371975,47.01,78446,3019060,32.47,0,0,0,0,0,0
2021-02-22,34.83,0,65.17,85056,4457031,47.93,80598,3099658,33.33,0,0,0,0,0,0
2021-02-23,35.84,0,64.16,77332,4534363,48.76,70486,3170144,34.09,0,0,0,0,0,0
2021-02-24,36.76,0,63.24,61067,4595430,49.42,63144,3233288,34.77,0,0,0,0,0,0
2021-02-25,37.66,0,62.34,51730,4647160,49.97,64810,3298098,35.47,0,0,0,0,0,0
2021-02-26,38.1,0,61.9,25913,4673073,50.25,32046,3330144,35.81,0,0,0,0,0,0
2021-02-27,38.42,0,61.58,18353,4691426,50.45,21197,3351341,36.04,0,0,0,0,0,0
2021-02-28,39.24,0,60.76,40365,4731791,50.88,55874,3407215,36.64,0,0,0,0,0,0
2021-03-01,40.1,0,59.9,45752,4777543,51.38,61445,3468660,37.3,0,0,0,0,0,0
2021-03-02,40.85,0,59.15,41202,4818745,51.82,64802,3533462,38,0,0,0,0,0,0
2021-03-03,41.55,0,58.45,42035,4860780,52.27,66794,3600256,38.72,0,0,0,0,0,0
2021-03-04,42.24,0,57.76,39722,4900502,52.7,79126,3679382,39.57,0,0,0,0,0,0
2021-03-05,42.57,0,57.43,17369,4917871,52.88,40471,3719853,40,0,0,0,0,0,0
2021-03-06,42.78,0,57.22,10722,4928593,53,25349,3745202,40.27,0,0,0,0,0,0
2021-03-07,43.36,0,56.64,31156,4959749,53.33,72847,3818049,41.06,0,0,0,0,0,0
2021-03-08,43.97,0,56.03,27387,4987136,53.63,73295,3891344,41.85,0,0,0,0,0,0
2021-03-09,44.62,0,55.38,26756,5013892,53.92,76605,3967949,42.67,0,0,0,0,0,0
2021-03-10,45.27,0,54.73,23373,5037265,54.17,58685,4026634,43.3,0,0,0,0,0,0
2021-03-11,45.99,0,54.01,23308,5060573,54.42,69098,4095732,44.04,0,0,0,0,0,0
2021-03-12,46.34,0,53.66,11296,5071869,54.54,41418,4137150,44.49,0,0,0,0,0,0
2021-03-13,46.57,0,53.43,7954,5079823,54.63,25239,4162389,44.76,0,0,0,0,0,0
2021-03-14,47.2,0,52.8,20991,5100814,54.85,73936,4236325,45.56,0,0,0,0,0,0
2021-03-15,47.81,0,52.19,20152,5120966,55.07,78281,4314606,46.4,0,0,0,0,0,0
2021-03-16,48.43,0,51.57,18759,5139725,55.27,71481,4386087,47.17,0,0,0,0,0,0
2021-03-17,48.92,0,51.08,17705,5157430,55.46,59010,4445097,47.8,0,0,0,0,0,0
2021-03-18,49.45,0,50.55,16050,5173480,55.63,58126,4503223,48.43,0,0,0,0,0,0
2021-03-19,49.75,0,50.25,6957,5180437,55.71,27981,4531204,48.73,0,0,0,0,0,0
2021-03-20,49.93,0,50.07,5227,5185664,55.76,15302,4546506,48.89,0,0,0,0,0,0
2021-03-21,50.46,0,49.54,13172,5198836,55.91,40511,4587017,49.33,0,0,0,0,0,0
2021-03-22,51,0,49,13583,5212419,56.05,40542,4627559,49.76,0,0,0,0,0,0
2021-03-23,51.43,0,48.57,2846,5215265,56.08,7303,4634862,49.84,0,0,0,0,0,0
2021-03-24,51.84,0,48.16,11006,5226271,56.2,46560,4681422,50.34,0,0,0,0,0,0
2021-03-25,52.22,0,47.78,10273,5236544,56.31,35440,4716862,50.72,0,0,0,0,0,0
2021-03-26,52.4,0,47.6,4186,5240730,56.36,13334,4730196,50.87,0,0,0,0,0,0
2021-03-27,52.5,0,47.5,1787,5242517,56.38,4269,4734465,50.91,0,0,0,0,0,0
2021-03-28,52.74,0,47.26,2114,5244631,56.4,4611,4739076,50.96,0,0,0,0,0,0
2021-03-29,53,0,47,6918,5251549,56.47,30017,4769093,51.28,0,0,0,0,0,0
2021-03-30,53.08,0,46.92,7897,5259446,56.56,22455,4791548,51.53,0,0,0,0,0,0
2021-03-31,53.38,0,46.62,8154,5267600,56.65,19502,4811050,51.74,0,0,0,0,0,0
2021-04-01,53.62,0,46.38,8222,5275822,56.73,18704,4829754,51.94,0,0,0,0,0,0
2021-04-02,53.71,0,46.29,2946,5278768,56.77,8131,4837885,52.02,0,0,0,0,0,0
2021-04-03,53.74,0,46.26,1432,5280200,56.78,2983,4840868,52.06,0,0,0,0,0,0
2021-04-04,53.82,0,46.18,9618,5289818,56.88,22832,4863700,52.3,0,0,0,0,0,0
2021-04-05,54.04,0,45.96,10365,5300183,57,21278,4884978,52.53,0,0,0,0,0,0
2021-04-06,54.21,0,45.79,9035,5309218,57.09,16794,4901772,52.71,0,0,0,0,0,0
2021-04-07,54.36,0,45.64,8934,5318152,57.19,15314,4917086,52.88,0,0,0,0,0,0
2021-04-08,54.52,0,45.48,9431,5327583,57.29,17017,4934103,53.06,0,0,0,0,0,0
2021-04-09,54.58,0,45.42,3609,5331192,57.33,6259,4940362,53.13,0,0,0,0,0,0
2021-04-10,54.61,0,45.39,1636,5332828,57.35,3522,4943884,53.16,0,0,0,0,0,0
2021-04-11,54.78,0,45.22,9045,5341873,57.44,14249,4958133,53.32,0,0,0,0,0,0
2021-04-12,54.95,0,45.05,8936,5350809,57.54,13236,4971369,53.46,0,0,0,0,0,0
2021-04-13,55.08,0,44.92,5841,5356650,57.6,4960,4976329,53.51,0,0,0,0,0,0
2021-04-14,55.18,0,44.82,3650,5360300,57.64,5311,4981640,53.57,0,0,0,0,0,0
2021-04-15,55.27,0,44.73,698,5360998,57.65,582,4982222,53.58,0,0,0,0,0,0
2021-04-16,55.33,0,44.67,3419,5364417,57.69,6652,4988874,53.65,0,0,0,0,0,0
2021-04-17,55.35,0,44.65,822,5365239,57.7,1973,4990847,53.67,0,0,0,0,0,0
2021-04-18,55.47,0,44.53,7099,5372338,57.77,7433,4998280,53.75,0,0,0,0,0,0
2021-04-19,55.58,0,44.42,6407,5378745,57.84,7134,5005414,53.83,0,0,0,0,0,0
2021-04-20,55.65,0,44.35,6287,5385032,57.91,6889,5012303,53.9,0,0,0,0,0,0
2021-04-21,55.71,0,44.29,6381,5391413,57.98,7112,5019415,53.98,0,0,0,0,0,0
2021-04-22,55.75,0,44.25,5952,5397365,58.04,7691,5027106,54.06,0,0,0,0,0,0
2021-04-23,55.8,0,44.2,2768,5400133,58.07,3391,5030497,54.1,0,0,0,0,0,0
2021-04-24,55.82,0,44.18,768,5400901,58.08,1290,5031787,54.11,0,0,0,0,0,0
2021-04-25,55.89,0,44.11,4829,5405730,58.13,6925,5038712,54.18,0,0,0,0,0,0
2021-04-26,55.96,0,44.04,5479,5411209,58.19,7889,5046601,54.27,0,0,0,0,0,0
2021-04-27,56.03,0,43.97,4507,5415716,58.24,6627,5053228,54.34,0,0,0,0,0,0
2021-04-28,56.09,0,43.91,4501,5420217,58.29,7336,5060564,54.42,0,0,0,0,0,0
2021-04-29,56.16,0,43.84,4378,5424595,58.33,7296,5067860,54.5,0,0,0,0,0,0
2021-04-30,56.19,0,43.81,1925,5426520,58.35,3202,5071062,54.53,0,0,0,0,0,0
2021-05-01,56.2,0,43.8,458,5426978,58.36,895,5071957,54.54,0,0,0,0,0,0
2021-05-02,56.26,0,43.74,3225,5430203,58.39,6092,5078049,54.61,0,0,0,0,0,0
2021-05-03,56.32,0,43.68,3535,5433738,58.43,5835,5083884,54.67,0,0,0,0,0,0
2021-05-04,56.38,0,43.62,3593,5437331,58.47,4737,5088621,54.72,0,0,0,0,0,0
2021-05-05,56.44,0,43.56,3292,5440623,58.51,4093,5092714,54.76,0,0,0,0,0,0
2021-05-06,56.5,0,43.5,3646,5444269,58.55,3144,5095858,54.8,0,0,0,0,0,0
2021-05-07,56.52,0,43.48,1847,5446116,58.56,2509,5098367,54.83,0,0,0,0,0,0
2021-05-08,56.53,0,43.47,244,5446360,58.57,507,5098874,54.83,0,0,0,0,0,0
2021-05-09,56.58,0,43.42,2851,5449211,58.6,4751,5103625,54.88,0,0,0,0,0,0
2021-05-10,56.63,0,43.37,2897,5452108,58.63,4715,5108340,54.93,0,0,0,0,0,0
2021-05-11,56.67,0,43.33,2622,5454730,58.66,3881,5112221,54.97,0,0,0,0,0,0
2021-05-12,56.7,0,43.3,2034,5456764,58.68,3342,5115563,55.01,0,0,0,0,0,0
2021-05-13,56.73,0,43.27,2043,5458807,58.7,3688,5119251,55.05,0,0,0,0,0,0
2021-05-14,56.75,0,43.25,978,5459785,58.71,1494,5120745,55.07,0,0,0,0,0,0
2021-05-15,56.75,0,43.25,259,5460044,58.71,259,5121004,55.07,0,0,0,0,0,0
2021-05-16,56.78,0,43.22,529,5460573,58.72,1206,5122210,55.08,0,0,0,0,0,0
2021-05-17,56.81,0,43.19,303,5460876,58.72,848,5123058,55.09,0,0,0,0,0,0
2021-05-18,56.84,0,43.16,1963,5462839,58.74,4939,5127997,55.14,0,0,0,0,0,0
2021-05-19,56.87,0,43.13,2233,5465072,58.77,5042,5133039,55.2,0,0,0,0,0,0
2021-05-20,56.9,0,43.1,2312,5467384,58.79,3880,5136919,55.24,0,0,0,0,0,0
2021-05-21,56.92,0,43.08,1194,5468578,58.81,1414,5138333,55.26,0,0,0,0,0,0
2021-05-22,56.92,0,43.08,206,5468784,58.81,396,5138729,55.26,0,0,0,0,0,0
2021-05-23,56.94,0,43.06,2272,5471056,58.83,3216,5141945,55.29,0,0,0,0,0,0
2021-05-24,56.96,0,43.04,2140,5473196,58.86,3597,5145542,55.33,0,0,0,0,0,0
2021-05-25,56.99,0,43.01,1822,5475018,58.88,2588,5148130,55.36,0,0,0,0,0,0
2021-05-26,57.03,0,42.97,1415,5476433,58.89,2504,5150634,55.39,0,0,0,0,0,0
2021-05-27,57.06,0,42.94,1865,5478298,58.91,3189,5153823,55.42,0,0,0,0,0,0
2021-05-28,57.07,0,42.93,794,5479092,58.92,1406,5155229,55.44,0,0,0,0,0,0
2021-05-29,57.07,0,42.93,192,5479284,58.92,226,5155455,55.44,0,0,0,0,0,0
2021-05-30,57.1,0,42.9,1645,5480929,58.94,1937,5157392,55.46,0,0,0,0,0,0
2021-05-31,57.13,0,42.87,1740,5482669,58.96,2093,5159485,55.48,0,0,0,0,0,0
2021-06-01,57.47,0,42.53,1385,5484054,58.97,1823,5161308,55.5,0,0,0,0,0,0
2021-06-02,57.25,0,42.75,1514,5485568,58.99,1610,5162918,55.52,0,0,0,0,0,0
2021-06-03,57.27,0,42.73,1685,5487253,59.01,1495,5164413,55.54,0,0,0,0,0,0
2021-06-04,57.28,0,42.72,1102,5488355,59.02,784,5165197,55.54,0,0,0,0,0,0
2021-06-05,57.29,0,42.71,184,5488539,59.02,159,5165356,55.55,0,0,0,0,0,0
2021-06-06,57.31,0,42.69,4293,5492832,59.07,1002,5166358,55.56,0,0,0,0,0,0
2021-06-07,57.34,0,42.66,4439,5497271,59.11,814,5167172,55.57,0,0,0,0,0,0
2021-06-08,57.36,0,42.64,3739,5501010,59.16,1175,5168347,55.58,0,0,0,0,0,0
2021-06-09,57.4,0,42.6,3615,5504625,59.19,1331,5169678,55.59,0,0,0,0,0,0
2021-06-10,57.42,0,42.58,3364,5507989,59.23,1300,5170978,55.61,0,0,0,0,0,0
2021-06-11,57.43,0,42.57,1401,5509390,59.25,590,5171568,55.61,0,0,0,0,0,0
2021-06-12,57.43,0,42.57,222,5509612,59.25,173,5171741,55.61,0,0,0,0,0,0
2021-06-13,57.45,0,42.55,3101,5512713,59.28,1260,5173001,55.63,0,0,0,0,0,0
2021-06-14,57.46,0,42.54,3057,5515770,59.31,1534,5174535,55.64,0,0,0,0,0,0
2021-06-15,57.48,0,42.52,3138,5518908,59.35,1378,5175913,55.66,0,0,0,0,0,0
2021-06-16,57.49,0,42.51,2734,5521642,59.38,1004,5176917,55.67,0,0,0,0,0,0
2021-06-17,57.51,0,42.49,2733,5524375,59.41,1209,5178126,55.68,0,0,0,0,0,0
2021-06-18,57.52,0,42.48,1270,5525645,59.42,506,5178632,55.69,0,0,0,0,0,0
2021-06-19,57.52,0,42.48,242,5525887,59.42,139,5178771,55.69,0,0,0,0,0,0
2021-06-20,57.54,0,42.46,3316,5529203,59.46,1332,5180103,55.7,0,0,0,0,0,0
2021-06-21,57.56,0,42.44,5250,5534453,59.51,1218,5181321,55.72,0,0,0,0,0,0
2021-06-22,57.58,0,42.42,6935,5541388,59.59,1101,5182422,55.73,0,0,0,0,0,0
2021-06-23,57.6,0,42.4,10762,5552150,59.71,1303,5183725,55.74,0,0,0,0,0,0
2021-06-24,57.62,0,42.38,12051,5564201,59.83,1466,5185191,55.76,0,0,0,0,0,0
2021-06-25,57.62,0,42.38,7117,5571318,59.91,945,5186136,55.77,0,0,0,0,0,0
2021-06-26,57.63,0,42.37,2278,5573596,59.94,200,5186336,55.77,0,0,0,0,0,0
2021-06-27,57.65,0,42.35,13633,5587229,60.08,3438,5189774,55.81,0,0,0,0,0,0
2021-06-28,57.68,0,42.32,14518,5601747,60.24,3675,5193449,55.85,0,0,0,0,0,0
2021-06-29,57.69,0,42.31,16711,5618458,60.42,3745,5197194,55.89,0,0,0,0,0,0
2021-06-30,57.72,0,42.28,16487,5634945,60.6,3397,5200591,55.92,0,0,0,0,0,0
2021-07-01,57.78,0,42.22,16837,5651782,60.78,3381,5203972,55.96,121,121,0,0,0,0
2021-07-02,57.79,0,42.21,9836,5661618,60.88,1609,5205581,55.98,7,128,0,0,0,0
2021-07-03,57.79,0,42.21,2678,5664296,60.91,300,5205881,55.98,1,129,0,0,0,0
2021-07-04,57.85,0,42.15,17735,5682031,61.1,3161,5209042,56.02,2,131,0,0,0,0
2021-07-05,57.91,0,42.09,17850,5699881,61.29,3046,5212088,56.05,7,138,0,0,0,0
2021-07-06,57.99,0,42.01,17848,5717729,61.49,3412,5215500,56.08,11,149,0,0,0,0
2021-07-07,58.05,0,41.95,15533,5733262,61.65,2703,5218203,56.11,12,161,0,0,0,0
2021-07-08,58.12,0,41.88,16590,5749852,61.83,2881,5221084,56.15,17,178,0,0,0,0
2021-07-09,58.15,0,41.85,11125,5760977,61.95,1536,5222620,56.16,4,182,0,0,0,0
2021-07-10,58.15,0,41.85,4989,5765966,62,391,5223011,56.17,6,188,0,0,0,0
2021-07-11,58.22,0,41.78,1456,5767422,62.02,2847,5225858,56.2,9,197,0,0,0,0
2021-07-12,58.29,0,41.71,2427,5769849,62.05,3696,5229554,56.24,57,254,0,0,0,0
2021-07-13,58.36,0,41.64,2965,5772814,62.08,5460,5235014,56.29,124,378,0,0,0,0
2021-07-14,58.42,0,41.58,2747,5775561,62.11,7536,5242550,56.38,441,819,0.01,0,0,0
2021-07-15,58.5,0,41.5,3010,5778571,62.14,9302,5251852,56.48,374,1193,0.01,0,0,0
2021-07-16,58.54,0,41.46,1296,5779867,62.15,5898,5257750,56.54,66,1259,0.01,0,0,0
2021-07-17,58.55,0,41.44,372,5780239,62.16,1393,5259143,56.55,8,1267,0.01,0,0,0
2021-07-18,58.6,0,41.4,2074,5782313,62.18,9770,5268913,56.66,235,1502,0.02,0,0,0
2021-07-19,58.65,0,41.35,3212,5785525,62.21,11346,5280259,56.78,461,1963,0.02,0,0,0
2021-07-20,58.72,0,41.28,2690,5788215,62.24,11914,5292173,56.91,374,2337,0.03,0,0,0
2021-07-21,58.81,0,41.19,2408,5790623,62.27,11880,5304053,57.04,325,2662,0.03,0,0,0
2021-07-22,58.93,0,41.07,2878,5793501,62.3,13279,5317332,57.18,391,3053,0.03,0,0,0
2021-07-23,58.99,0,41.01,2038,5795539,62.32,8250,5325582,57.27,106,3159,0.03,0,0,0
2021-07-24,58.99,0,41,645,5796184,62.33,1486,5327068,57.28,7,3166,0.03,0,0,0
2021-07-25,59.1,0,40.89,4416,5800600,62.38,15499,5342567,57.45,223,3389,0.04,0,0,0
2021-07-26,59.24,0,40.75,5173,5805773,62.43,13533,5356100,57.6,325,3714,0.04,0,0,0
2021-07-27,59.37,0.01,40.62,5493,5811266,62.49,13579,5369679,57.74,414,4128,0.04,0,0,0
2021-07-28,59.5,0.01,40.49,3990,5815256,62.53,12345,5382024,57.88,472,4600,0.05,0,0,0
2021-07-29,59.65,0.01,40.33,4665,5819921,62.58,14203,5396227,58.03,532,5132,0.06,0,0,0
2021-07-30,59.74,0.02,40.25,2658,5822579,62.61,10856,5407083,58.15,4122,9254,0.1,0,0,0
2021-07-31,59.75,0.02,40.23,1407,5823986,62.63,3554,5410637,58.18,6159,15413,0.17,0,0,0
2021-08-01,59.91,0.02,40.06,3078,5827064,62.66,3366,5414003,58.22,31048,46461,0.5,0,0,0
2021-08-02,60.06,0.03,39.91,3134,5830198,62.7,3176,5417179,58.25,58514,104975,1.13,0,0,0
2021-08-03,60.21,0.03,39.76,3386,5833584,62.73,3330,5420509,58.29,78954,183929,1.98,0,0,0
2021-08-04,60.34,0.03,39.63,3534,5837118,62.77,3255,5423764,58.32,80765,264694,2.85,0,0,0
2021-08-05,60.49,0.04,39.47,4515,5841633,62.82,3570,5427334,58.36,88442,353136,3.8,0,0,0
2021-08-06,60.6,0.04,39.36,2437,5844070,62.84,1863,5429197,58.38,44744,397880,4.28,0,0,0
2021-08-07,60.63,0.04,39.32,1034,5845104,62.86,701,5429898,58.39,27353,425233,4.57,0,0,0
2021-08-08,60.68,0.04,39.28,4991,5850095,62.91,3082,5432980,58.42,80087,505320,5.43,0,0,0
2021-08-09,60.72,0.04,39.24,5341,5855436,62.97,3064,5436044,58.46,76489,581809,6.26,0,0,0
2021-08-10,60.75,0.04,39.2,5554,5860990,63.03,3208,5439252,58.49,75427,657236,7.07,0,0,0
2021-08-11,60.79,0.04,39.17,5696,5866686,63.09,2949,5442201,58.52,62642,719878,7.74,0,0,0
2021-08-12,60.83,0.04,39.12,7039,5873725,63.16,3291,5445492,58.56,59462,779340,8.38,0,0,0
2021-08-13,60.84,0.05,39.11,3821,5877546,63.2,2074,5447566,58.58,43870,823210,8.85,0,0,0
2021-08-14,60.85,0.05,39.1,2255,5879801,63.23,853,5448419,58.59,44486,867696,9.33,0,0,0
2021-08-15,60.89,0.05,39.06,7145,5886946,63.31,4530,5452949,58.64,97985,965681,10.38,0,0,0
2021-08-16,60.92,0.04,39.03,6991,5893937,63.38,4749,5457698,58.69,89522,1055203,11.35,0,0,0
2021-08-17,60.96,0.04,39,7573,5901510,63.46,5138,5462836,58.74,83320,1138523,12.24,0,0,0
2021-08-18,60.99,0.04,38.96,8642,5910152,63.55,4603,5467439,58.79,69269,1207792,12.99,0,0,0
2021-08-19,61.03,0.04,38.92,10082,5920234,63.66,5218,5472657,58.85,65976,1273768,13.7,0,0,0
2021-08-20,61.05,0.05,38.9,4768,5925002,63.71,2827,5475484,58.88,60454,1334222,14.35,0,0,0
2021-08-21,61.06,0.05,38.89,3499,5928501,63.75,1580,5477064,58.9,50725,1384947,14.89,0,0,0
2021-08-22,61.12,0.04,38.84,9824,5938325,63.86,4808,5481872,58.95,105112,1490059,16.02,0,0,0
2021-08-23,61.17,0.04,38.79,10923,5949248,63.98,4448,5486320,59,94034,1584093,17.03,0,0,0
2021-08-24,61.23,0.04,38.73,11724,5960972,64.1,4702,5491022,59.05,98557,1682650,18.09,0,0,0
2021-08-25,61.29,0.04,38.67,9612,5970584,64.2,4484,5495506,59.1,99558,1782208,19.16,0,0,0
2021-08-26,61.36,0.03,38.61,10110,5980694,64.31,5059,5500565,59.15,101231,1883439,20.25,0,0,0
2021-08-27,61.35,0.04,38.61,4325,5985019,64.36,2788,5503353,59.18,56696,1940135,20.86,0,0,0
2021-08-28,61.4,0.04,38.57,3702,5988721,64.4,1500,5504853,59.2,33540,1973675,21.22,0,0,0
2021-08-29,61.46,0.03,38.5,10323,5999044,64.51,5932,5510785,59.26,79550,2053225,22.08,0,0,0
2021-08-30,61.53,0.03,38.44,12334,6011378,64.64,7017,5517802,59.34,116009,2169234,23.33,0,0,0
2021-08-31,61.6,0.03,38.37,12076,6023454,64.77,6529,5524331,59.41,114881,2284115,24.56,0,0,0
2021-09-01,61.43,0.03,38.54,9034,6032488,64.87,6043,5530374,59.47,112492,2396607,25.77,0,0,0
2021-09-02,61.49,0.03,38.48,8784,6041272,64.96,7183,5537557,59.55,111545,2508152,26.97,0,0,0
2021-09-03,61.56,0.03,38.42,3751,6045023,65.01,4116,5541673,59.59,58886,2567038,27.6,0,0,0
2021-09-04,61.59,0.03,38.38,2691,6047714,65.03,2023,5543696,59.61,29953,2596991,27.93,0,0,0
2021-09-05,61.68,0.03,38.29,6991,6054705,65.11,6460,5550156,59.68,73326,2670317,28.72,0,0,0
2021-09-06,61.77,0.03,38.2,2836,6057541,65.14,2718,5552874,59.71,22800,2693117,28.96,0,0,0
2021-09-07,61.85,0.03,38.12,1202,6058743,65.15,879,5553753,59.72,5398,2698515,29.02,0,0,0
2021-09-08,61.93,0.03,38.05,1380,6060123,65.17,1196,5554949,59.74,6621,2705136,29.09,0,0,0
2021-09-09,62.02,0.03,37.95,7093,6067216,65.24,12573,5567522,59.87,73845,2778981,29.88,0,0,0
2021-09-10,62.06,0.03,37.91,3258,6070474,65.28,5016,5572538,59.92,37938,2816919,30.29,0,0,0
2021-09-11,62.08,0.03,37.89,2108,6072582,65.3,2509,5575047,59.95,14817,2831736,30.45,0,0,0
2021-09-12,62.16,0.03,37.81,6106,6078688,65.37,8589,5583636,60.04,54136,2885872,31.03,0,0,0
2021-09-13,62.15,0.03,37.82,5611,6084299,65.43,8265,5591901,60.13,47983,2933855,31.55,0,0,0
2021-09-14,62.2,0.03,37.77,4963,6089262,65.48,7424,5599325,60.21,48856,2982711,32.07,0,0,0
2021-09-15,62.25,0.03,37.72,1750,6091012,65.5,2718,5602043,60.24,16687,2999398,32.25,0,0,0
2021-09-16,62.37,0.03,37.6,343,6091355,65.5,550,5602593,60.25,1740,3001138,32.27,0,0,0
2021-09-17,62.42,0.03,37.54,3683,6095038,65.54,7022,5609615,60.32,42905,3044043,32.73,0,0,0
2021-09-18,62.45,0.03,37.52,2258,6097296,65.57,2946,5612561,60.35,12783,3056826,32.87,0,0,0
2021-09-19,62.55,0.03,37.42,5942,6103238,65.63,10712,5623273,60.47,44332,3101158,33.35,0,0,0
2021-09-20,62.63,0.03,37.34,3246,6106484,65.67,4646,5627919,60.52,16708,3117866,33.53,0,0,0
2021-09-21,62.69,0.03,37.28,1340,6107824,65.68,2066,5629985,60.54,3477,3121343,33.57,0,0,0
2021-09-22,62.72,0.03,37.25,4260,6112084,65.73,7250,5637235,60.62,25072,3146415,33.84,0,0,0
2021-09-23,62.75,0.03,37.22,4391,6116475,65.77,5916,5643151,60.68,27834,3174249,34.13,0,0,0
2021-09-24,62.82,0.03,37.15,3202,6119677,65.81,4185,5647336,60.73,27723,3201972,34.43,0,0,0
2021-09-25,62.85,0.03,37.12,2081,6121758,65.83,2263,5649599,60.75,10443,3212415,34.54,0,0,0
2021-09-26,62.96,0.03,37,5605,6127363,65.89,5973,5655572,60.82,36270,3248685,34.93,0,0,0
2021-09-27,63.02,0.03,36.94,4696,6132059,65.94,4469,5660041,60.87,30457,3279142,35.26,0,0,0
2021-09-28,63.06,0.04,36.91,1472,6133531,65.96,1185,5661226,60.88,6249,3285391,35.33,0,0,0
2021-09-29,63.13,0.03,36.84,9622,6143153,66.06,8349,5669575,60.97,60325,3345716,35.98,0,0,0
2021-09-30,63.18,0.03,36.79,10976,6154129,66.18,8579,5678154,61.06,79703,3425419,36.84,0,0,0
2021-10-01,63.23,0.03,36.73,5128,6159257,66.23,3875,5682029,61.1,46546,3471965,37.34,0,0,0
2021-10-02,63.26,0.03,36.71,2865,6162122,66.26,2127,5684156,61.12,22433,3494398,37.58,0,0,0
2021-10-03,63.35,0.03,36.62,11667,6173789,66.39,7276,5691432,61.2,70726,3565124,38.34,0,0,0
2021-10-04,63.4,0.03,36.57,10320,6184109,66.5,6759,5698191,61.28,51913,3617037,38.9,0,0,0
2021-10-05,63.41,0.03,36.55,8461,6192570,66.59,5314,5703505,61.33,40479,3657516,39.33,0,0,0
2021-10-06,63.52,0.03,36.45,7543,6200113,66.67,4185,5707690,61.38,34150,3691666,39.7,0,0,0
2021-10-07,63.63,0.03,36.34,6896,6207009,66.75,4010,5711700,61.42,34069,3725735,40.06,0,0,0
2021-10-08,63.68,0.03,36.29,3086,6210095,66.78,2644,5714344,61.45,19250,3744985,40.27,0,0,0
2021-10-09,63.71,0.03,36.26,1341,6211436,66.79,1444,5715788,61.46,7441,3752426,40.35,0,0,0
2021-10-10,63.82,0.04,36.14,4677,6216113,66.84,3748,5719536,61.51,21519,3773945,40.58,0,0,0
2021-10-11,63.91,0.04,36.05,4299,6220412,66.89,2946,5722482,61.54,17269,3791214,40.77,0,0,0
2021-10-12,63.99,0.05,35.96,3977,6224389,66.93,3007,5725489,61.57,15357,3806571,40.93,0,0,0
2021-10-13,64.09,0.05,35.86,3487,6227876,66.97,2451,5727940,61.6,13587,3820158,41.08,0,0,0
2021-10-14,64.19,0.06,35.75,3870,6231746,67.01,2685,5730625,61.62,16568,3836726,41.26,0,0,0
2021-10-15,64.23,0.07,35.7,1703,6233449,67.03,1685,5732310,61.64,9011,3845737,41.36,0,0,0
2021-10-16,64.25,0.08,35.67,729,6234178,67.04,957,5733267,61.65,4035,3849772,41.4,0,0,0
2021-10-17,64.36,0.09,35.56,3090,6237268,67.07,2526,5735793,61.68,12798,3862570,41.54,0,0,0
2021-10-18,64.43,0.1,35.47,2460,6239728,67.1,1693,5737486,61.7,10069,3872639,41.64,0,0,0
2021-10-19,64.49,0.1,35.4,2399,6242127,67.12,1284,5738770,61.71,9294,3881933,41.74,0,0,0
2021-10-20,64.14,0.52,35.34,2436,6244563,67.15,2304,5741074,61.74,10103,3892036,41.85,0,0,0
2021-10-21,54.23,10.41,35.36,3034,6247597,67.18,3097,5744171,61.77,12163,3904199,41.98,0,0,0
2021-10-22,54.36,10.26,35.38,1279,6248876,67.2,1437,5745608,61.79,5840,3910039,42.05,0,0,0
2021-10-23,54.42,10.19,35.39,575,6249451,67.2,1266,5746874,61.8,2564,3912603,42.07,0,0,0
2021-10-24,54.22,10.43,35.35,2518,6251969,67.23,2653,5749527,61.83,9855,3922458,42.18,0,0,0
2021-10-25,54.59,10.22,35.19,2639,6254608,67.26,2752,5752279,61.86,8511,3930969,42.27,0,0,0
2021-10-26,54.64,10.26,35.1,2381,6256989,67.28,2059,5754338,61.88,8529,3939498,42.36,0,0,0
2021-10-27,54.58,10.37,35.06,2292,6259281,67.31,2566,5756904,61.91,7959,3947457,42.45,0,0,0
2021-10-28,54.69,10.76,34.55,2505,6261786,67.34,2782,5759686,61.94,8675,3956132,42.54,0,0,0
2021-10-29,54.73,10.75,34.52,901,6262687,67.35,1154,5760840,61.95,4138,3960270,42.59,0,0,0
2021-10-30,54.68,10.81,34.52,366,6263053,67.35,530,5761370,61.95,1712,3961982,42.61,0,0,0
2021-10-31,54.83,10.7,34.47,2262,6265315,67.37,2495,5763865,61.98,8255,3970237,42.69,0,0,0
2021-11-01,54.95,10.63,34.42,1737,6267052,67.39,2094,5765959,62,6480,3976717,42.76,0,0,0
2021-11-02,54.89,10.69,34.42,2026,6269078,67.41,2050,5768009,62.03,6296,3983013,42.83,0,0,0
2021-11-03,54.86,10.75,34.39,1764,6270842,67.43,1897,5769906,62.05,5556,3988569,42.89,0,0,0
2021-11-04,54.85,10.81,34.33,2111,6272953,67.46,2802,5772708,62.08,7133,3995702,42.97,0,0,0
2021-11-05,54.85,10.83,34.32,790,6273743,67.46,905,5773613,62.09,3488,3999190,43.01,0,0,0
2021-11-06,54.82,10.86,34.32,347,6274090,67.47,389,5774002,62.09,1375,4000565,43.02,0,0,0
2021-11-07,54.92,10.8,34.28,1578,6275668,67.49,1770,5775772,62.11,6134,4006699,43.09,0,0,0
2021-11-08,55.01,10.75,34.24,1520,6277188,67.5,1603,5777375,62.13,5406,4012105,43.14,0,0,0
2021-11-09,55.05,10.74,34.21,1429,6278617,67.52,1611,5778986,62.14,5332,4017437,43.2,0,0,0
2021-11-10,55.08,10.73,34.19,1424,6280041,67.53,1662,5780648,62.16,4779,4022216,43.25,0,0,0
2021-11-11,55.15,10.69,34.15,1628,6281669,67.55,1947,5782595,62.18,5718,4027934,43.31,0,0,0
2021-11-12,55.17,10.69,34.14,637,6282306,67.56,826,5783421,62.19,2925,4030859,43.35,0,0,0
2021-11-13,55.14,10.72,34.14,258,6282564,67.56,290,5783711,62.2,1130,4031989,43.36,0,0,0
2021-11-14,55.21,10.68,34.11,1536,6284100,67.58,1639,5785350,62.21,5111,4037100,43.41,0,0,0
2021-11-15,55.28,10.63,34.09,1275,6285375,67.59,1627,5786977,62.23,4770,4041870,43.46,0,0,0
2021-11-16,55.32,10.62,34.07,1275,6286650,67.6,1419,5788396,62.25,4349,4046219,43.51,0,0,0
2021-11-17,55.35,10.6,34.05,1208,6287858,67.62,1567,5789963,62.26,3915,4050134,43.55,0,0,0
2021-11-18,55.41,10.58,34.02,1364,6289222,67.63,1693,5791656,62.28,5012,4055146,43.61,0,0,0
2021-11-19,55.42,10.57,34.01,588,6289810,67.64,763,5792419,62.29,2460,4057606,43.63,0,0,0
2021-11-20,55.41,10.58,34,238,6290048,67.64,258,5792677,62.29,929,4058535,43.64,0,0,0
2021-11-21,55.47,10.54,33.98,1409,6291457,67.66,1542,5794219,62.31,4881,4063416,43.7,0,0,0
2021-11-22,55.54,10.5,33.96,1681,6293138,67.67,1523,5795742,62.32,4238,4067654,43.74,0,0,0
2021-11-23,55.57,10.48,33.95,8616,6301754,67.77,1688,5797430,62.34,4012,4071666,43.78,0,0,0
2021-11-24,55.6,10.44,33.95,9348,6311102,67.87,1319,5798749,62.36,3924,4075590,43.83,0,0,0
2021-11-25,55.64,10.43,33.93,9808,6320910,67.97,1600,5800349,62.37,4841,4080431,43.88,0,0,0
2021-11-26,55.63,10.45,33.92,5610,6326520,68.03,748,5801097,62.38,2805,4083236,43.91,0,0,0
2021-11-27,55.62,10.46,33.92,4776,6331296,68.08,324,5801421,62.39,1164,4084400,43.92,0,0,0
2021-11-28,55.67,10.43,33.9,10145,6341441,68.19,1481,5802902,62.4,4905,4089305,43.97,0,0,0
2021-11-29,55.73,10.39,33.88,9043,6350484,68.29,1134,5804036,62.41,4376,4093681,44.02,0,0,0
2021-11-30,55.77,10.37,33.86,10043,6360527,68.4,1038,5805074,62.42,4084,4097765,44.07,0,0,0
2021-12-01,55.79,10.36,33.84,8630,6369157,68.49,1097,5806171,62.44,4444,4102209,44.11,5,5,0
2021-12-02,55.84,10.34,33.82,9173,6378330,68.59,1456,5807627,62.45,5125,4107334,44.17,6,11,0
2021-12-03,55.86,10.33,33.81,6329,6384659,68.66,673,5808300,62.46,2868,4110202,44.2,1,12,0
2021-12-04,55.85,10.34,33.81,2509,6387168,68.68,239,5808539,62.46,926,4111128,44.21,3,15,0
2021-12-05,55.9,10.31,33.79,8334,6395502,68.77,1254,5809793,62.48,4683,4115811,44.26,1,16,0
2021-12-06,55.95,10.27,33.78,6720,6402222,68.85,1200,5810993,62.49,4351,4120162,44.31,4,20,0
2021-12-07,55.99,10.25,33.76,5553,6407775,68.91,1506,5812499,62.5,3966,4124128,44.35,9,29,0
2021-12-08,56.03,10.22,33.75,4935,6412710,68.96,1200,5813699,62.52,3885,4128013,44.39,10,39,0
2021-12-09,56.08,10.19,33.73,6239,6418949,69.03,1241,5814940,62.53,4508,4132521,44.44,8,47,0
2021-12-10,56.1,10.18,33.72,3006,6421955,69.06,704,5815644,62.54,2687,4135208,44.47,4,51,0
2021-12-11,56.1,10.18,33.71,1491,6423446,69.07,255,5815899,62.54,1021,4136229,44.48,0,51,0
2021-12-12,56.16,10.15,33.69,7274,6430720,69.15,1444,5817343,62.56,5248,4141477,44.54,3,54,0
2021-12-13,56.21,10.11,33.67,6180,6436900,69.22,1377,5818720,62.57,4351,4145828,44.58,5,59,0
2021-12-14,56.27,10.09,33.65,7316,6444216,69.3,6098,5824818,62.64,4941,4150769,44.64,12,71,0
2021-12-15,56.34,10.06,33.6,7204,6451420,69.38,7404,5832222,62.72,5446,4156215,44.69,7,78,0
2021-12-16,56.53,10.05,33.42,8079,6459499,69.46,8609,5840831,62.81,6564,4162779,44.76,8,86,0
2021-12-17,56.64,10.05,33.3,4406,6463905,69.51,5141,5845972,62.86,3954,4166733,44.81,3,89,0
2021-12-18,56.73,10.07,33.2,3941,6467846,69.55,2913,5848885,62.9,1361,4168094,44.82,2,91,0
2021-12-19,56.92,10.04,33.04,6978,6474824,69.63,9328,5858213,63,6276,4174370,44.89,6,97,0
2021-12-20,57.07,10.02,32.91,7972,6482796,69.71,7519,5865732,63.08,5447,4179817,44.95,9,106,0
2021-12-21,57.27,10.01,32.71,9548,6492344,69.82,8647,5874379,63.17,6492,4186309,45.02,8,114,0
2021-12-22,57.49,10,32.52,9663,6502007,69.92,8151,5882530,63.26,6255,4192564,45.08,12,126,0
2021-12-23,57.7,9.97,32.33,11539,6513546,70.04,10261,5892791,63.37,8160,4200724,45.17,16,142,0
2021-12-24,57.83,9.96,32.21,5875,6519421,70.11,6241,5899032,63.44,5281,4206005,45.23,12,154,0
2021-12-25,57.9,9.96,32.15,3338,6522759,70.14,2566,5901598,63.46,2021,4208026,45.25,6,160,0
2021-12-26,58.1,9.92,31.98,10652,6533411,70.26,8908,5910506,63.56,8201,4216227,45.34,8,168,0
2021-12-27,58.27,9.9,31.83,10370,6543781,70.37,7142,5917648,63.64,8188,4224415,45.43,23,191,0
2021-12-28,58.46,9.88,31.66,11375,6555156,70.49,7451,5925099,63.72,9643,4234058,45.53,26,217,0
2021-12-29,58.64,9.85,31.51,9933,6565089,70.6,5964,5931063,63.78,8376,4242434,45.62,21,238,0
2021-12-30,58.84,9.82,31.34,11012,6576101,70.72,7735,5938798,63.86,12240,4254674,45.75,10,248,0
2021-12-31,58.9,9.79,31.3,4829,6580930,70.77,3672,5942470,63.9,7296,4261970,45.83,135,383,0
2022-01-01,58.93,9.79,31.28,1993,6582923,70.79,1592,5944062,63.92,2741,4264711,45.86,66,449,0
2022-01-02,59.14,9.76,31.1,10216,6593139,70.9,6487,5950549,63.99,13002,4277713,46,590,1039,0.01
2022-01-03,59.29,9.71,31,9384,6602523,71,5259,5955808,64.05,11342,4289055,46.12,25055,26094,0.28
2022-01-04,59.46,9.68,30.86,8964,6611487,71.1,5948,5961756,64.11,10525,4299580,46.24,50660,76754,0.83
2022-01-05,59.56,9.65,30.79,8552,6620039,71.19,5739,5967495,64.17,10494,4310074,46.35,59591,136345,1.47
2022-01-06,59.81,9.63,30.56,10339,6630378,71.3,7959,5975454,64.26,13531,4323605,46.49,64002,200347,2.15
2022-01-07,59.89,9.61,30.49,4759,6635137,71.35,4557,5980011,64.31,8166,4331771,46.58,31135,231482,2.49
2022-01-08,59.9,9.64,30.46,2749,6637886,71.38,2451,5982462,64.33,5501,4337272,46.64,27632,259114,2.79
2022-01-09,60.06,9.59,30.35,9305,6647191,71.48,7724,5990186,64.42,11871,4349143,46.77,66766,325880,3.5
2022-01-10,60.21,9.54,30.25,8347,6655538,71.57,7646,5997832,64.5,11884,4361027,46.9,64780,390660,4.2
2022-01-11,60.38,9.49,30.13,8099,6663637,71.66,8621,6006453,64.59,11974,4373001,47.03,56660,447320,4.81
2022-01-12,60.51,9.45,30.04,7275,6670912,71.74,8305,6014758,64.68,11114,4384115,47.14,44632,491952,5.29
2022-01-13,60.7,9.35,29.94,7509,6678421,71.82,9618,6024376,64.78,11547,4395662,47.27,34768,526720,5.66
2022-01-14,60.79,9.31,29.9,2554,6680975,71.84,4935,6029311,64.84,6146,4401808,47.33,11142,537862,5.78
2022-01-15,60.83,9.29,29.87,1469,6682444,71.86,3170,6032481,64.87,3884,4405692,47.38,5716,543578,5.85
2022-01-16,60.97,9.2,29.82,3817,6686261,71.9,8524,6041005,64.96,7682,4413374,47.46,19993,563571,6.06
2022-01-17,61.09,9.13,29.78,2808,6689069,71.93,7047,6048052,65.04,6173,4419547,47.53,17833,581404,6.25
2022-01-18,61.23,9.07,29.7,2475,6691544,71.96,7386,6055438,65.12,5535,4425082,47.59,14817,596221,6.41
2022-01-19,61.37,8.98,29.65,1915,6693459,71.98,6369,6061807,65.19,4522,4429604,47.63,8461,604682,6.5
2022-01-20,61.44,8.85,29.71,1777,6695236,72,6971,6068778,65.26,4793,4434397,47.69,8041,612723,6.59
2022-01-21,61.51,8.81,29.68,905,6696141,72.01,3725,6072503,65.3,2646,4437043,47.71,3358,616081,6.63
2022-01-22,61.51,8.75,29.74,328,6696469,72.01,1462,6073965,65.32,1067,4438110,47.73,1113,617194,6.64
2022-01-23,61.61,8.7,29.69,1068,6697537,72.02,5632,6079597,65.38,2879,4440989,47.76,6083,623277,6.7
2022-01-24,61.73,8.62,29.65,759,6698296,72.03,4481,6084078,65.43,2270,4443259,47.78,5057,628334,6.76
2022-01-25,61.9,8.51,29.59,744,6699040,72.04,4401,6088479,65.47,2187,4445446,47.8,7102,635436,6.83
2022-01-26,62.02,8.42,29.57,615,6699655,72.04,3285,6091764,65.51,1612,4447058,47.82,4262,639698,6.88
2022-01-27,62.12,8.35,29.52,797,6700452,72.05,4405,6096169,65.56,2006,4449064,47.84,5441,645139,6.94
2022-01-28,62.16,8.33,29.5,397,6700849,72.06,2376,6098545,65.58,1182,4450246,47.86,3452,648591,6.97
2022-01-29,62.23,8.29,29.48,124,6700973,72.06,1046,6099591,65.59,425,4450671,47.86,1162,649753,6.99
2022-01-30,62.3,8.24,29.46,769,6701742,72.07,4719,6104310,65.64,2020,4452691,47.88,8099,657852,7.07
2022-01-31,62.39,8.17,29.43,528,6702270,72.07,3183,6107493,65.68,1610,4454301,47.9,6472,664324,7.14
2022-02-01,62.45,8.15,29.4,482,6702752,72.08,2809,6110302,65.71,1526,4455827,47.92,5722,670046,7.21
2022-02-02,62.28,8.13,29.59,375,6703127,72.08,2394,6112696,65.73,1386,4457213,47.93,5073,675119,7.26
2022-02-03,62.34,8.08,29.57,446,6703573,72.09,2776,6115472,65.76,1462,4458675,47.95,5607,680726,7.32
2022-02-04,62.37,8.06,29.57,174,6703747,72.09,991,6116463,65.77,757,4459432,47.95,2455,683181,7.35
2022-02-05,62.34,8.09,29.56,62,6703809,72.09,342,6116805,65.78,221,4459653,47.96,420,683601,7.35
2022-02-06,62.41,8.05,29.55,407,6704216,72.09,2320,6119125,65.8,1344,4460997,47.97,5687,689288,7.41
2022-02-07,62.47,8.01,29.52,283,6704499,72.1,1308,6120433,65.82,983,4461980,47.98,5960,695248,7.48
2022-02-08,62.54,7.97,29.49,317,6704816,72.1,1498,6121931,65.83,1068,4463048,47.99,6138,701386,7.54
2022-02-09,62.6,7.95,29.45,254,6705070,72.1,1102,6123033,65.84,946,4463994,48,4570,705956,7.59
2022-02-10,62.63,7.93,29.44,273,6705343,72.11,1292,6124325,65.86,936,4464930,48.01,4815,710771,7.64
2022-02-11,62.67,7.91,29.42,211,6705554,72.11,557,6124882,65.86,518,4465448,48.02,2540,713311,7.67
2022-02-12,62.67,7.91,29.41,32,6705586,72.11,91,6124973,65.86,136,4465584,48.02,269,713580,7.67
2022-02-13,62.73,7.87,29.39,286,6705872,72.11,946,6125919,65.88,966,4466550,48.03,4998,718578,7.73
2022-02-14,62.89,7.74,29.36,179,6706051,72.11,628,6126547,65.88,760,4467310,48.04,3143,721721,7.76
2022-02-15,62.92,7.73,29.35,265,6706316,72.12,763,6127310,65.89,938,4468248,48.05,3819,725540,7.8
2022-02-16,62.95,7.72,29.34,179,6706495,72.12,577,6127887,65.9,803,4469051,48.06,2488,728028,7.83
2022-02-17,62.96,7.7,29.34,247,6706742,72.12,740,6128627,65.9,775,4469826,48.07,3061,731089,7.86
2022-02-18,62.98,7.69,29.33,130,6706872,72.12,343,6128970,65.91,439,4470265,48.07,1119,732208,7.87
2022-02-19,62.99,7.69,29.32,33,6706905,72.12,84,6129054,65.91,82,4470347,48.07,80,732288,7.87
2022-02-20,63.01,7.67,29.32,204,6707109,72.12,604,6129658,65.92,723,4471070,48.08,2574,734862,7.9
2022-02-21,63.04,7.65,29.31,173,6707282,72.13,413,6130071,65.92,490,4471560,48.09,1542,736404,7.92
2022-02-22,63.05,7.65,29.3,158,6707440,72.13,455,6130526,65.92,570,4472130,48.09,1871,738275,7.94
2022-02-23,63.06,7.65,29.29,109,6707549,72.13,353,6130879,65.93,453,4472583,48.1,1153,739428,7.95
2022-02-24,63.05,7.66,29.29,138,6707687,72.13,463,6131342,65.93,568,4473151,48.1,1493,740921,7.97
2022-02-25,63.06,7.66,29.28,59,6707746,72.13,144,6131486,65.94,193,4473344,48.1,456,741377,7.97
2022-02-26,63.05,7.67,29.28,17,6707763,72.13,28,6131514,65.94,161,4473505,48.11,35,741412,7.97
2022-02-27,63.05,7.67,29.28,112,6707875,72.13,341,6131855,65.94,448,4473953,48.11,1119,742531,7.98
2022-02-28,63.07,7.65,29.28,108,6707983,72.13,271,6132126,65.94,424,4474377,48.12,908,743439,7.99
2022-03-01,63.1,7.63,29.27,97,6708080,72.14,280,6132406,65.94,373,4474750,48.12,797,744236,8
2022-03-02,63.11,7.62,29.27,77,6708157,72.14,199,6132605,65.95,324,4475074,48.12,698,744934,8.01
2022-03-03,63.05,7.67,29.27,157,6708314,72.14,371,6132976,65.95,498,4475572,48.13,987,745921,8.02
2022-03-04,63.05,7.68,29.27,53,6708367,72.14,170,6133146,65.95,170,4475742,48.13,228,746149,8.02
2022-03-05,63.04,7.69,29.27,5,6708372,72.14,25,6133171,65.95,44,4475786,48.13,32,746181,8.02
2022-03-06,63.04,7.69,29.27,98,6708470,72.14,259,6133430,65.96,417,4476203,48.13,760,746941,8.03
2022-03-07,63.05,7.69,29.26,86,6708556,72.14,260,6133690,65.96,354,4476557,48.14,605,747546,8.04
2022-03-08,63.04,7.7,29.26,100,6708656,72.14,263,6133953,65.96,333,4476890,48.14,550,748096,8.04
2022-03-09,63.02,7.72,29.25,89,6708745,72.14,213,6134166,65.96,337,4477227,48.15,492,748588,8.05
2022-03-10,63.01,7.74,29.25,115,6708860,72.14,375,6134541,65.97,428,4477655,48.15,620,749208,8.06
2022-03-11,63,7.75,29.25,24,6708884,72.14,85,6134626,65.97,123,4477778,48.15,144,749352,8.06
2022-03-12,62.98,7.77,29.24,11,6708895,72.14,12,6134638,65.97,34,4477812,48.15,28,749380,8.06
2022-03-13,62.98,7.78,29.24,100,6708995,72.15,271,6134909,65.97,358,4478170,48.16,595,749975,8.06
2022-03-14,62.98,7.78,29.24,66,6709061,72.15,253,6135162,65.97,316,4478486,48.16,559,750534,8.07
2022-03-15,62.95,7.81,29.24,80,6709141,72.15,185,6135347,65.98,293,4478779,48.16,591,751125,8.08
2022-03-16,62.94,7.82,29.24,77,6709218,72.15,205,6135552,65.98,305,4479084,48.17,668,751793,8.08
2022-03-17,62.94,7.82,29.24,65,6709283,72.15,122,6135674,65.98,286,4479370,48.17,613,752406,8.09
2022-03-18,62.94,7.82,29.24,20,6709303,72.15,54,6135728,65.98,100,4479470,48.17,234,752640,8.09
2022-03-19,62.89,7.88,29.23,6,6709309,72.15,11,6135739,65.98,29,4479499,48.17,39,752679,8.09
2022-03-20,62.87,7.89,29.23,119,6709428,72.15,260,6135999,65.98,486,4479985,48.18,1431,754110,8.11
2022-03-21,62.87,7.9,29.23,97,6709525,72.15,247,6136246,65.99,379,4480364,48.18,1132,755242,8.12
2022-03-22,62.84,7.94,29.23,141,6709666,72.15,342,6136588,65.99,508,4480872,48.19,1770,757012,8.14
2022-03-23,62.81,7.97,29.22,108,6709774,72.15,212,6136800,65.99,463,4481335,48.19,1677,758689,8.16
2022-03-24,62.78,8,29.22,174,6709948,72.16,345,6137145,66,769,4482104,48.2,2363,761052,8.18
2022-03-25,62.78,8,29.23,39,6709987,72.16,82,6137227,66,159,4482263,48.2,630,761682,8.19
2022-03-26,62.77,8,29.22,12,6709999,72.16,13,6137240,66,34,4482297,48.2,91,761773,8.19
2022-03-27,62.75,8.02,29.22,167,6710166,72.16,344,6137584,66,760,4483057,48.21,3193,764966,8.23
2022-03-28,62.75,8.03,29.22,113,6710279,72.16,271,6137855,66,623,4483680,48.22,2416,767382,8.25
2022-03-29,62.7,8.07,29.22,125,6710404,72.16,258,6138113,66.01,641,4484321,48.22,2772,770154,8.28
2022-03-30,62.81,8.11,29.07,132,6710536,72.16,208,6138321,66.01,542,4484863,48.23,2370,772524,8.31
2022-03-31,62.79,8.11,29.1,166,6710702,72.16,302,6138623,66.01,730,4485593,48.24,2853,775377,8.34
2022-04-01,62.72,8.13,29.15,122,6710824,72.16,161,6138784,66.01,277,4485870,48.24,588,775965,8.34
2022-04-02,62.69,8.15,29.16,7,6710831,72.17,7,6138791,66.01,37,4485907,48.24,52,776017,8.34
2022-04-03,62.65,8.16,29.19,159,6710990,72.17,270,6139061,66.02,569,4486476,48.25,2478,778495,8.37
2022-04-04,62.62,8.16,29.22,103,6711093,72.17,208,6139269,66.02,484,4486960,48.25,2225,780720,8.4
2022-04-05,62.57,8.19,29.25,122,6711215,72.17,221,6139490,66.02,513,4487473,48.26,2243,782963,8.42
2022-04-06,62.55,8.2,29.25,91,6711306,72.17,157,6139647,66.02,382,4487855,48.26,2023,784986,8.44
2022-04-07,62.56,8.2,29.24,191,6711497,72.17,215,6139862,66.03,641,4488496,48.27,2556,787542,8.47
2022-04-08,62.54,8.22,29.23,30,6711527,72.17,61,6139923,66.03,154,4488650,48.27,482,788024,8.47
2022-04-09,62.52,8.25,29.23,6,6711533,72.17,17,6139940,66.03,28,4488678,48.27,47,788071,8.47
2022-04-10,62.51,8.26,29.23,103,6711636,72.17,264,6140204,66.03,429,4489107,48.27,1845,789916,8.49
2022-04-11,62.54,8.26,29.2,78,6711714,72.17,201,6140405,66.03,371,4489478,48.28,1425,791341,8.51
2022-04-12,62.58,8.29,29.12,204,6711918,72.18,168,6140573,66.03,376,4489854,48.28,1360,792701,8.52
2022-04-13,62.58,8.31,29.1,117,6712035,72.18,150,6140723,66.03,298,4490152,48.28,1218,793919,8.54
2022-04-14,62.57,8.33,29.1,85,6712120,72.18,221,6140944,66.04,321,4490473,48.29,1069,794988,8.55
2022-04-15,62.55,8.35,29.1,9,6712129,72.18,51,6140995,66.04,48,4490521,48.29,82,795070,8.55
2022-04-16,62.53,8.37,29.1,3,6712132,72.18,8,6141003,66.04,21,4490542,48.29,29,795099,8.55
2022-04-17,62.52,8.38,29.1,62,6712194,72.18,131,6141134,66.04,229,4490771,48.29,807,795906,8.56
2022-04-18,62.51,8.38,29.1,68,6712262,72.18,109,6141243,66.04,253,4491024,48.29,750,796656,8.57
2022-04-19,62.5,8.4,29.1,61,6712323,72.18,145,6141388,66.04,273,4491297,48.3,842,797498,8.58
2022-04-20,62.48,8.42,29.1,60,6712383,72.18,117,6141505,66.04,235,4491532,48.3,656,798154,8.58
2022-04-21,62.47,8.43,29.1,53,6712436,72.18,109,6141614,66.04,197,4491729,48.3,479,798633,8.59
2022-04-22,62.45,8.44,29.11,3,6712439,72.18,17,6141631,66.04,19,4491748,48.3,20,798653,8.59
2022-04-23,62.43,8.46,29.11,6,6712445,72.18,9,6141640,66.04,16,4491764,48.3,13,798666,8.59
2022-04-24,62.43,8.47,29.1,92,6712537,72.18,250,6141890,66.05,329,4492093,48.31,872,799538,8.6
2022-04-25,62.43,8.47,29.1,104,6712641,72.18,191,6142081,66.05,316,4492409,48.31,739,800277,8.61
2022-04-26,62.42,8.48,29.1,76,6712717,72.19,175,6142256,66.05,304,4492713,48.31,789,801066,8.61
2022-04-27,62.41,8.49,29.1,54,6712771,72.19,160,6142416,66.05,227,4492940,48.31,640,801706,8.62
2022-04-28,62.41,8.5,29.1,97,6712868,72.19,232,6142648,66.05,329,4493269,48.32,872,802578,8.63
2022-04-29,62.39,8.51,29.1,112,6712980,72.19,159,6142807,66.06,184,4493453,48.32,196,802774,8.63
2022-04-30,62.38,8.52,29.1,1,6712981,72.19,3,6142810,66.06,24,4493477,48.32,22,802796,8.63
2022-05-01,62.38,8.53,29.09,135,6713116,72.19,185,6142995,66.06,317,4493794,48.32,630,803426,8.64
2022-05-02,62.37,8.54,29.09,62,6713178,72.19,155,6143150,66.06,235,4494029,48.33,491,803917,8.64
2022-05-03,62.36,8.55,29.09,73,6713251,72.19,151,6143301,66.06,288,4494317,48.33,508,804425,8.65
2022-05-04,62.35,8.57,29.08,23,6713274,72.19,56,6143357,66.06,63,4494380,48.33,129,804554,8.65
2022-05-05,62.34,8.58,29.08,5,6713279,72.19,1,6143358,66.06,8,4494388,48.33,14,804568,8.65
2022-05-06,62.33,8.59,29.08,20,6713299,72.19,59,6143417,66.06,63,4494451,48.33,154,804722,8.65
2022-05-07,62.32,8.6,29.08,1,6713300,72.19,7,6143424,66.06,27,4494478,48.33,24,804746,8.65
2022-05-08,62.31,8.61,29.08,118,6713418,72.19,207,6143631,66.07,270,4494748,48.33,457,805203,8.66
2022-05-09,62.31,8.61,29.08,59,6713477,72.19,162,6143793,66.07,251,4494999,48.34,505,805708,8.66
2022-05-10,62.3,8.62,29.08,131,6713608,72.19,169,6143962,66.07,261,4495260,48.34,508,806216,8.67
2022-05-11,62.3,8.63,29.08,58,6713666,72.2,118,6144080,66.07,183,4495443,48.34,464,806680,8.67
2022-05-12,62.29,8.64,29.07,119,6713785,72.2,200,6144280,66.07,280,4495723,48.34,666,807346,8.68
2022-05-13,62.28,8.65,29.07,11,6713796,72.2,44,6144324,66.07,71,4495794,48.35,110,807456,8.68
2022-05-14,62.26,8.66,29.07,6,6713802,72.2,13,6144337,66.07,14,4495808,48.35,24,807480,8.68
2022-05-15,62.26,8.67,29.07,90,6713892,72.2,175,6144512,66.08,246,4496054,48.35,665,808145,8.69
2022-05-16,62.19,8.65,29.16,68,6713960,72.2,141,6144653,66.08,230,4496284,48.35,510,808655,8.7
2022-05-17,62.18,8.66,29.16,73,6714033,72.2,153,6144806,66.08,267,4496551,48.35,618,809273,8.7
2022-05-18,62.17,8.67,29.16,43,6714076,72.2,99,6144905,66.08,169,4496720,48.36,447,809720,8.71
2022-05-19,62.16,8.68,29.16,62,6714138,72.2,173,6145078,66.08,213,4496933,48.36,499,810219,8.71
2022-05-20,62.15,8.69,29.16,76,6714214,72.2,114,6145192,66.08,130,4497063,48.36,138,810357,8.71
2022-05-21,62.14,8.7,29.16,4,6714218,72.2,7,6145199,66.08,15,4497078,48.36,18,810375,8.71
2022-05-22,62.14,8.71,29.16,85,6714303,72.2,190,6145389,66.08,216,4497294,48.36,427,810802,8.72
2022-05-23,62.14,8.71,29.16,65,6714368,72.2,121,6145510,66.09,156,4497450,48.36,348,811150,8.72
2022-05-24,62.13,8.71,29.15,43,6714411,72.2,119,6145629,66.09,157,4497607,48.37,394,811544,8.73
2022-05-25,62.12,8.72,29.15,61,6714472,72.2,103,6145732,66.09,168,4497775,48.37,337,811881,8.73
2022-05-26,62.11,8.73,29.16,72,6714544,72.2,136,6145868,66.09,186,4497961,48.37,347,812228,8.73
2022-05-27,62.1,8.74,29.16,12,6714556,72.2,29,6145897,66.09,43,4498004,48.37,59,812287,8.73
2022-05-28,62.09,8.75,29.16,2,6714558,72.2,5,6145902,66.09,8,4498012,48.37,12,812299,8.74
2022-05-29,62.09,8.75,29.16,89,6714647,72.21,153,6146055,66.09,163,4498175,48.37,316,812615,8.74
2022-05-30,62.09,8.76,29.16,56,6714703,72.21,134,6146189,66.09,125,4498300,48.37,291,812906,8.74
2022-05-31,62.07,8.78,29.15,45,6714748,72.21,104,6146293,66.09,153,4498453,48.37,351,813257,8.75
2022-06-01,61.95,8.9,29.16,65,6714813,72.21,90,6146383,66.1,119,4498572,48.38,277,813534,8.75
2022-06-02,45.96,24.88,29.15,77,6714890,72.21,156,6146539,66.1,178,4498750,48.38,255,813789,8.75
2022-06-03,45.9,24.95,29.16,10,6714900,72.21,23,6146562,66.1,21,4498771,48.38,33,813822,8.75
2022-06-04,45.84,25,29.16,0,6714900,72.21,7,6146569,66.1,8,4498779,48.38,5,813827,8.75
2022-06-05,45.8,25.05,29.16,11,6714911,72.21,14,6146583,66.1,7,4498786,48.38,2,813829,8.75
2022-06-06,39.96,30.89,29.16,58,6714969,72.21,145,6146728,66.1,161,4498947,48.38,262,814091,8.75
2022-06-07,39.92,30.93,29.15,54,6715023,72.21,134,6146862,66.1,142,4499089,48.38,379,814470,8.76
2022-06-08,39.89,30.96,29.15,59,6715082,72.21,104,6146966,66.1,131,4499220,48.38,497,814967,8.76
2022-06-09,39.86,30.99,29.15,84,6715166,72.21,208,6147174,66.1,234,4499454,48.38,642,815609,8.77
2022-06-10,39.83,31.02,29.15,14,6715180,72.21,51,6147225,66.1,59,4499513,48.39,142,815751,8.77
2022-06-11,39.8,31.05,29.15,0,6715180,72.21,3,6147228,66.1,7,4499520,48.39,19,815770,8.77
2022-06-12,39.8,31.05,29.15,109,6715289,72.21,199,6147427,66.11,191,4499711,48.39,767,816537,8.78
2022-06-13,39.81,31.04,29.15,84,6715373,72.21,142,6147569,66.11,168,4499879,48.39,626,817163,8.79
2022-06-14,39.79,31.06,29.15,116,6715489,72.22,173,6147742,66.11,208,4500087,48.39,759,817922,8.8
2022-06-15,39.78,31.08,29.15,71,6715560,72.22,141,6147883,66.11,207,4500294,48.39,700,818622,8.8
2022-06-16,39.74,31.11,29.14,94,6715654,72.22,136,6148019,66.11,218,4500512,48.4,742,819364,8.81
2022-06-17,39.72,31.14,29.15,16,6715670,72.22,63,6148082,66.11,53,4500565,48.4,125,819489,8.81
2022-06-18,39.68,31.17,29.14,3,6715673,72.22,4,6148086,66.11,11,4500576,48.4,15,819504,8.81
2022-06-19,39.53,31.33,29.15,115,6715788,72.22,208,6148294,66.12,318,4500894,48.4,877,820381,8.82
2022-06-20,33.92,36.85,29.23,99,6715887,72.22,152,6148446,66.12,307,4501201,48.4,922,821303,8.83
2022-06-21,33.58,37.19,29.23,94,6715981,72.22,154,6148600,66.12,375,4501576,48.41,1229,822532,8.85
2022-06-22,33.28,37.49,29.23,110,6716091,72.22,136,6148736,66.12,339,4501915,48.41,894,823426,8.85
2022-06-23,32.84,37.92,29.23,132,6716223,72.22,217,6148953,66.12,525,4502440,48.42,1146,824572,8.87
2022-06-24,32.43,38.34,29.24,19,6716242,72.22,35,6148988,66.12,110,4502550,48.42,208,824780,8.87
2022-06-25,32.04,38.72,29.24,1,6716243,72.22,3,6148991,66.12,13,4502563,48.42,16,824796,8.87
2022-06-26,31.63,39.13,29.24,107,6716350,72.22,158,6149149,66.12,379,4502942,48.42,933,825729,8.88
2022-06-27,31.29,39.47,29.24,86,6716436,72.23,172,6149321,66.13,392,4503334,48.43,1028,826757,8.89
2022-06-28,30.86,39.91,29.24,85,6716521,72.23,151,6149472,66.13,363,4503697,48.43,932,827689,8.9
2022-06-29,30.48,40.28,29.24,76,6716597,72.23,108,6149580,66.13,265,4503962,48.43,816,828505,8.91
2022-06-30,30.05,40.71,29.24,86,6716683,72.23,165,6149745,66.13,355,4504317,48.44,1062,829567,8.92
2022-07-01,29.62,41.14,29.24,22,6716705,72.23,28,6149773,66.13,55,4504372,48.44,80,829647,8.92
2022-07-02,29.2,41.56,29.24,1,6716706,72.23,2,6149775,66.13,8,4504380,48.44,18,829665,8.92
2022-07-03,28.81,41.95,29.24,100,6716806,72.23,177,6149952,66.13,322,4504702,48.44,637,830302,8.93
2022-07-04,28.5,42.26,29.24,76,6716882,72.23,140,6150092,66.14,278,4504980,48.44,749,831051,8.94
2022-07-05,28.06,42.7,29.24,59,6716941,72.23,142,6150234,66.14,302,4505282,48.45,688,831739,8.94
2022-07-06,27.39,43.37,29.24,78,6717019,72.23,124,6150358,66.14,211,4505493,48.45,646,832385,8.95
2022-07-07,26.48,44.28,29.24,82,6717101,72.23,164,6150522,66.14,267,4505760,48.45,721,833106,8.96
2022-07-08,25.47,45.29,29.24,17,6717118,72.23,33,6150555,66.14,69,4505829,48.45,131,833237,8.96
2022-07-09,24.42,46.34,29.24,0,6717118,72.23,1,6150556,66.14,3,4505832,48.45,3,833240,8.96
2022-07-10,23.77,46.99,29.24,90,6717208,72.23,164,6150720,66.14,229,4506061,48.46,470,833710,8.97
2022-07-11,23.22,47.54,29.24,64,6717272,72.23,142,6150862,66.14,248,4506309,48.46,575,834285,8.97
2022-07-12,22.13,48.63,29.24,69,6717341,72.23,129,6150991,66.14,207,4506516,48.46,558,834843,8.98
2022-07-13,21.1,49.66,29.24,43,6717384,72.24,101,6151092,66.15,165,4506681,48.46,488,835331,8.98
2022-07-14,20.12,50.63,29.24,70,6717454,72.24,147,6151239,66.15,208,4506889,48.46,513,835844,8.99
2022-07-15,19.27,51.48,29.25,64,6717518,72.24,88,6151327,66.15,127,4507016,48.47,168,836012,8.99
2022-07-16,18.29,52.46,29.25,0,6717518,72.24,6,6151333,66.15,7,4507023,48.47,8,836020,8.99
2022-07-17,17.83,52.92,29.25,77,6717595,72.24,183,6151516,66.15,241,4507264,48.47,468,836488,9
2022-07-18,17.48,53.26,29.26,62,6717657,72.24,158,6151674,66.15,207,4507471,48.47,511,836999,9
2022-07-19,16.77,53.97,29.26,63,6717720,72.24,147,6151821,66.15,173,4507644,48.47,368,837367,9
2022-07-20,16.09,54.64,29.26,51,6717771,72.24,134,6151955,66.16,137,4507781,48.47,423,837790,9.01
2022-07-21,15.43,55.3,29.27,61,6717832,72.24,160,6152115,66.16,177,4507958,48.48,341,838131,9.01
2022-07-22,14.64,56.08,29.28,10,6717842,72.24,36,6152151,66.16,43,4508001,48.48,56,838187,9.01
2022-07-23,14.17,56.55,29.28,0,6717842,72.24,4,6152155,66.16,4,4508005,48.48,9,838196,9.01
2022-07-24,13.55,57.16,29.29,58,6717900,72.24,128,6152283,66.16,197,4508202,48.48,364,838560,9.02
2022-07-25,13.09,57.61,29.3,48,6717948,72.24,107,6152390,66.16,172,4508374,48.48,336,838896,9.02
2022-07-26,12.46,58.23,29.3,47,6717995,72.24,99,6152489,66.16,111,4508485,48.48,270,839166,9.02
2022-07-27,11.89,58.8,29.31,43,6718038,72.24,125,6152614,66.16,132,4508617,48.48,243,839409,9.03
2022-07-28,11.35,59.34,29.31,62,6718100,72.24,143,6152757,66.16,148,4508765,48.48,220,839629,9.03
2022-07-29,10.85,59.83,29.32,10,6718110,72.24,25,6152782,66.16,27,4508792,48.49,31,839660,9.03
2022-07-30,10.34,60.33,29.33,0,6718110,72.24,0,6152782,66.16,1,4508793,48.49,1,839661,9.03
2022-07-31,9.97,60.7,29.33,56,6718166,72.24,134,6152916,66.17,131,4508924,48.49,252,839913,9.03
2022-08-01,9.47,61.19,29.34,54,6718220,72.24,76,6152992,66.17,91,4509015,48.49,152,840065,9.03
2022-08-02,8.92,61.73,29.35,111,6718331,72.25,119,6153111,66.17,157,4509172,48.49,264,840329,9.04
2022-08-03,8.46,62.19,29.35,76,6718407,72.25,71,6153182,66.17,92,4509264,48.49,180,840509,9.04
2022-08-04,8.04,62.61,29.36,133,6718540,72.25,133,6153315,66.17,111,4509375,48.49,246,840755,9.04
2022-08-05,7.71,62.93,29.36,31,6718571,72.25,23,6153338,66.17,13,4509388,48.49,24,840779,9.04
2022-08-06,7.32,63.32,29.36,1,6718572,72.25,2,6153340,66.17,3,4509391,48.49,5,840784,9.04
2022-08-07,6.92,63.71,29.37,89,6718661,72.25,97,6153437,66.17,69,4509460,48.49,169,840953,9.04
2022-08-08,6.74,63.89,29.37,109,6718770,72.25,92,6153529,66.17,92,4509552,48.49,172,841125,9.05
2022-08-09,6.25,64.37,29.38,96,6718866,72.25,90,6153619,66.17,99,4509651,48.49,213,841338,9.05
2022-08-10,5.91,64.71,29.38,77,6718943,72.25,60,6153679,66.17,76,4509727,48.5,115,841453,9.05
2022-08-11,5.59,65.03,29.38,54,6718997,72.25,101,6153780,66.17,91,4509818,48.5,155,841608,9.05
2022-08-12,5.35,65.27,29.38,8,6719005,72.25,12,6153792,66.17,18,4509836,48.5,29,841637,9.05
2022-08-13,5.1,65.52,29.38,0,6719005,72.25,2,6153794,66.17,2,4509838,48.5,3,841640,9.05
2022-08-14,4.87,65.75,29.39,74,6719079,72.25,75,6153869,66.18,82,4509920,48.5,150,841790,9.05
2022-08-15,4.74,65.87,29.39,69,6719148,72.25,80,6153949,66.18,92,4510012,48.5,144,841934,9.05
2022-08-16,4.46,66.15,29.39,82,6719230,72.26,84,6154033,66.18,83,4510095,48.5,187,842121,9.06
2022-08-17,4.16,66.44,29.39,47,6719277,72.26,56,6154089,66.18,36,4510131,48.5,115,842236,9.06
2022-08-18,3.98,66.63,29.39,70,6719347,72.26,93,6154182,66.18,120,4510251,48.5,173,842409,9.06
2022-08-19,3.83,66.78,29.39,79,6719426,72.26,67,6154249,66.18,56,4510307,48.5,38,842447,9.06
2022-08-20,3.67,66.94,29.39,1,6719427,72.26,1,6154250,66.18,3,4510310,48.5,3,842450,9.06
2022-08-21,3.52,67.08,29.4,52,6719479,72.26,85,6154335,66.18,84,4510394,48.5,197,842647,9.06
2022-08-22,3.44,67.16,29.4,89,6719568,72.26,74,6154409,66.18,103,4510497,48.5,144,842791,9.06
2022-08-23,3.27,67.33,29.4,72,6719640,72.26,106,6154515,66.18,84,4510581,48.5,180,842971,9.06
2022-08-24,3.15,67.46,29.4,38,6719678,72.26,80,6154595,66.18,49,4510630,48.51,133,843104,9.07
2022-08-25,3.03,67.57,29.4,53,6719731,72.26,75,6154670,66.18,97,4510727,48.51,193,843297,9.07
2022-08-26,2.94,67.66,29.4,4,6719735,72.26,15,6154685,66.18,9,4510736,48.51,14,843311,9.07
2022-08-27,2.84,67.76,29.4,0,6719735,72.26,0,6154685,66.18,0,4510736,48.51,0,843311,9.07
2022-08-28,2.75,67.85,29.4,55,6719790,72.26,80,6154765,66.19,85,4510821,48.51,102,843413,9.07
2022-08-29,2.69,67.91,29.4,48,6719838,72.26,68,6154833,66.19,89,4510910,48.51,107,843520,9.07
2022-08-30,2.6,68,29.4,85,6719923,72.26,113,6154946,66.19,85,4510995,48.51,131,843651,9.07
2022-08-31,2.53,68.07,29.4,42,6719965,72.26,89,6155035,66.19,70,4511065,48.51,96,843747,9.07
2022-09-01,2.46,68.14,29.4,29,6719994,72.26,84,6155119,66.19,58,4511123,48.51,113,843860,9.07
2022-09-02,2.4,68.2,29.4,6,6720000,72.26,20,6155139,66.19,13,4511136,48.51,10,843870,9.07
2022-09-03,2.33,68.27,29.4,2,6720002,72.26,0,6155139,66.19,3,4511139,48.51,1,843871,9.07
2022-09-04,2.27,68.32,29.4,64,6720066,72.26,133,6155272,66.19,80,4511219,48.51,121,843992,9.08
2022-09-05,2.23,68.37,29.4,44,6720110,72.26,77,6155349,66.19,58,4511277,48.51,90,844082,9.08
2022-09-06,2.17,68.42,29.4,60,6720170,72.27,104,6155453,66.19,78,4511355,48.51,130,844212,9.08
2022-09-07,2.12,68.47,29.4,28,6720198,72.27,63,6155516,66.19,53,4511408,48.51,95,844307,9.08
2022-09-08,2.07,68.53,29.4,50,6720248,72.27,101,6155617,66.19,70,4511478,48.51,77,844384,9.08
2022-09-09,2.03,68.57,29.4,10,6720258,72.27,21,6155638,66.19,16,4511494,48.51,17,844401,9.08
2022-09-10,1.97,68.62,29.4,1,6720259,72.27,0,6155638,66.19,5,4511499,48.51,2,844403,9.08
2022-09-11,1.92,68.67,29.41,39,6720298,72.27,117,6155755,66.2,78,4511577,48.52,116,844519,9.08
2022-09-12,1.88,68.71,29.41,24,6720322,72.27,72,6155827,66.2,52,4511629,48.52,68,844587,9.08
2022-09-13,1.82,68.77,29.41,44,6720366,72.27,113,6155940,66.2,54,4511683,48.52,103,844690,9.08
2022-09-14,1.78,68.82,29.41,21,6720387,72.27,64,6156004,66.2,54,4511737,48.52,62,844752,9.08
2022-09-15,1.73,68.86,29.41,32,6720419,72.27,77,6156081,66.2,63,4511800,48.52,107,844859,9.09
2022-09-16,1.7,68.89,29.41,51,6720470,72.27,52,6156133,66.2,27,4511827,48.52,28,844887,9.09
2022-09-17,1.66,68.93,29.41,3,6720473,72.27,0,6156133,66.2,1,4511828,48.52,0,844887,9.09
2022-09-18,1.63,68.96,29.41,28,6720501,72.27,66,6156199,66.2,52,4511880,48.52,115,845002,9.09
2022-09-19,1.61,68.98,29.41,28,6720529,72.27,74,6156273,66.2,44,4511924,48.52,57,845059,9.09
2022-09-20,1.56,69.03,29.41,41,6720570,72.27,94,6156367,66.2,75,4511999,48.52,102,845161,9.09
2022-09-21,1.55,69.05,29.41,22,6720592,72.27,54,6156421,66.2,29,4512028,48.52,56,845217,9.09
2022-09-22,1.52,69.07,29.4,42,6720634,72.27,56,6156477,66.2,27,4512055,48.52,41,845258,9.09
2022-09-23,1.5,69.1,29.41,7,6720641,72.27,11,6156488,66.2,4,4512059,48.52,1,845259,9.09
2022-09-24,1.47,69.13,29.41,0,6720641,72.27,0,6156488,66.2,1,4512060,48.52,0,845259,9.09
2022-09-25,1.46,69.13,29.41,5,6720646,72.27,20,6156508,66.2,10,4512070,48.52,27,845286,9.09
2022-09-26,1.46,69.13,29.41,0,6720646,72.27,5,6156513,66.2,2,4512072,48.52,2,845288,9.09
2022-09-27,1.42,69.17,29.41,2,6720648,72.27,0,6156513,66.2,3,4512075,48.52,3,845291,9.09
2022-09-28,1.39,69.21,29.41,24,6720672,72.27,36,6156549,66.2,25,4512100,48.52,17,845308,9.09
2022-09-29,1.37,69.22,29.41,32,6720704,72.27,61,6156610,66.21,13,4512113,48.52,48,845356,9.09
2022-09-30,1.35,69.24,29.41,4,6720708,72.27,12,6156622,66.21,2,4512115,48.52,0,845356,9.09
2022-10-01,1.31,69.29,29.41,0,6720708,72.27,1,6156623,66.21,1,4512116,48.52,1,845357,9.09
2022-10-02,1.31,69.29,29.41,28,6720736,72.27,51,6156674,66.21,20,4512136,48.52,73,845430,9.09
2022-10-03,1.31,69.28,29.4,23,6720759,72.27,29,6156703,66.21,13,4512149,48.52,12,845442,9.09
2022-10-04,1.27,69.32,29.4,7,6720766,72.27,11,6156714,66.21,0,4512149,48.52,1,845443,9.09
2022-10-05,1.28,69.31,29.4,1,6720767,72.27,0,6156714,66.21,0,4512149,48.52,1,845444,9.09
2022-10-06,1.31,69.28,29.4,17,6720784,72.27,43,6156757,66.21,10,4512159,48.52,20,845464,9.09
2022-10-07,1.3,69.29,29.41,3,6720787,72.27,3,6156760,66.21,4,4512163,48.52,0,845464,9.09
2022-10-08,1.26,69.33,29.41,1,6720788,72.27,1,6156761,66.21,0,4512163,48.52,1,845465,9.09
2022-10-09,1.31,69.28,29.41,7,6720795,72.27,22,6156783,66.21,6,4512169,48.52,5,845470,9.09
2022-10-10,1.38,69.22,29.4,5,6720800,72.27,2,6156785,66.21,0,4512169,48.52,0,845470,9.09
2022-10-11,1.36,69.24,29.4,12,6720812,72.27,32,6156817,66.21,1,4512170,48.52,32,845502,9.09
2022-10-12,1.34,69.26,29.4,13,6720825,72.27,24,6156841,66.21,5,4512175,48.52,4,845506,9.09
2022-10-13,1.4,69.2,29.4,17,6720842,72.27,16,6156857,66.21,5,4512180,48.52,9,845515,9.09
2022-10-14,1.4,69.2,29.4,6,6720848,72.27,7,6156864,66.21,4,4512184,48.52,3,845518,9.09
2022-10-15,1.38,69.22,29.4,0,6720848,72.27,1,6156865,66.21,0,4512184,48.52,1,845519,9.09
2022-10-16,1.39,69.2,29.4,4,6720852,72.27,13,6156878,66.21,5,4512189,48.52,8,845527,9.09
2022-10-17,1.39,69.2,29.4,1,6720853,72.27,1,6156879,66.21,4,4512193,48.52,1,845528,9.09
2022-10-18,1.43,69.17,29.4,24,6720877,72.27,31,6156910,66.21,14,4512207,48.52,16,845544,9.09
2022-10-19,1.47,69.12,29.4,18,6720895,72.27,25,6156935,66.21,7,4512214,48.52,3,845547,9.09
2022-10-20,1.5,69.1,29.4,26,6720921,72.27,44,6156979,66.21,12,4512226,48.52,4,845551,9.09
2022-10-21,1.5,69.09,29.4,4,6720925,72.27,7,6156986,66.21,2,4512228,48.52,4,845555,9.09
2022-10-22,1.49,69.1,29.4,0,6720925,72.27,0,6156986,66.21,0,4512228,48.52,0,845555,9.09
2022-10-23,1.51,69.08,29.4,15,6720940,72.27,33,6157019,66.21,18,4512246,48.52,10,845565,9.09
2022-10-24,1.51,69.08,29.41,20,6720960,72.27,16,6157035,66.21,19,4512265,48.52,9,845574,9.09
2022-10-25,1.55,69.04,29.4,18,6720978,72.27,34,6157069,66.21,22,4512287,48.52,21,845595,9.09
2022-10-26,1.61,68.99,29.4,18,6720996,72.27,25,6157094,66.21,8,4512295,48.52,10,845605,9.09
2022-10-27,1.67,68.93,29.4,17,6721013,72.27,27,6157121,66.21,14,4512309,48.52,17,845622,9.09
2022-10-28,1.67,68.93,29.4,55,6721068,72.28,49,6157170,66.21,31,4512340,48.52,18,845640,9.09
2022-10-29,1.66,68.94,29.4,0,6721068,72.28,0,6157170,66.21,0,4512340,48.52,0,845640,9.09
2022-10-30,1.71,68.89,29.4,15,6721083,72.28,23,6157193,66.21,15,4512355,48.52,9,845649,9.09
2022-10-31,1.76,68.84,29.4,17,6721100,72.28,16,6157209,66.21,8,4512363,48.52,9,845658,9.09
2022-11-01,1.82,68.78,29.4,2,6721102,72.28,1,6157210,66.21,1,4512364,48.52,0,845658,9.09
2022-11-02,1.88,68.72,29.4,13,6721115,72.28,13,6157223,66.21,7,4512371,48.52,8,845666,9.09
2022-11-03,1.96,68.64,29.4,17,6721132,72.28,18,6157241,66.21,11,4512382,48.52,8,845674,9.09
2022-11-04,1.98,68.63,29.4,4,6721136,72.28,6,6157247,66.21,1,4512383,48.52,2,845676,9.09
2022-11-05,1.97,68.63,29.4,0,6721136,72.28,0,6157247,66.21,0,4512383,48.52,0,845676,9.09
2022-11-06,2.03,68.57,29.4,27,6721163,72.28,33,6157280,66.21,11,4512394,48.52,23,845699,9.09
2022-11-07,2.1,68.51,29.4,15,6721178,72.28,11,6157291,66.21,10,4512404,48.52,54,845753,9.09
2022-11-08,2.1,68.5,29.4,28,6721206,72.28,26,6157317,66.21,14,4512418,48.52,9,845762,9.09
2022-11-09,2.16,68.45,29.4,16,6721222,72.28,20,6157337,66.21,17,4512435,48.52,9,845771,9.1
2022-11-10,2.22,68.39,29.4,28,6721250,72.28,17,6157354,66.21,11,4512446,48.52,6,845777,9.1
2022-11-11,2.23,68.37,29.4,1,6721251,72.28,17,6157371,66.21,2,4512448,48.52,1,845778,9.1
2022-11-12,2.22,68.38,29.4,1,6721252,72.28,0,6157371,66.21,2,4512450,48.52,0,845778,9.1
2022-11-13,2.29,68.31,29.4,29,6721281,72.28,31,6157402,66.21,17,4512467,48.52,8,845786,9.1
2022-11-14,2.37,68.23,29.4,20,6721301,72.28,17,6157419,66.21,21,4512488,48.53,16,845802,9.1
2022-11-15,2.43,68.17,29.4,40,6721341,72.28,25,6157444,66.21,16,4512504,48.53,18,845820,9.1
2022-11-16,2.5,68.1,29.4,14,6721355,72.28,27,6157471,66.21,16,4512520,48.53,11,845831,9.1
2022-11-17,2.59,68.02,29.4,19,6721374,72.28,33,6157504,66.21,18,4512538,48.53,5,845836,9.1
2022-11-18,2.61,67.99,29.4,6,6721380,72.28,4,6157508,66.21,4,4512542,48.53,0,845836,9.1
2022-11-19,2.6,68,29.4,0,6721380,72.28,0,6157508,66.21,0,4512542,48.53,0,845836,9.1
2022-11-20,2.67,67.93,29.4,19,6721399,72.28,19,6157527,66.22,6,4512548,48.53,13,845849,9.1
2022-11-21,2.76,67.85,29.4,14,6721413,72.28,13,6157540,66.22,6,4512554,48.53,6,845855,9.1
2022-11-22,2.83,67.77,29.4,27,6721440,72.28,13,6157553,66.22,17,4512571,48.53,6,845861,9.1
2022-11-23,2.9,67.7,29.4,17,6721457,72.28,20,6157573,66.22,4,4512575,48.53,8,845869,9.1
2022-11-24,2.98,67.62,29.4,9,6721466,72.28,16,6157589,66.22,13,4512588,48.53,27,845896,9.1
2022-11-25,3,67.6,29.4,12,6721478,72.28,46,6157635,66.22,14,4512602,48.53,12,845908,9.1
2022-11-26,3,67.61,29.4,0,6721478,72.28,2,6157637,66.22,0,4512602,48.53,0,845908,9.1
2022-11-27,3.06,67.54,29.4,14,6721492,72.28,15,6157652,66.22,19,4512621,48.53,2,845910,9.1
2022-11-28,3.14,67.47,29.4,8,6721500,72.28,23,6157675,66.22,8,4512629,48.53,6,845916,9.1
2022-11-29,3.2,67.4,29.4,38,6721538,72.28,31,6157706,66.22,19,4512648,48.53,14,845930,9.1
2022-11-30,3.27,67.34,29.39,12,6721550,72.28,25,6157731,66.22,20,4512668,48.53,8,845938,9.1
2022-12-01,3.34,67.26,29.39,13,6721563,72.28,18,6157749,66.22,15,4512683,48.53,4,845942,9.1
2022-12-02,3.36,67.24,29.39,2,6721565,72.28,7,6157756,66.22,4,4512687,48.53,10,845952,9.1
2022-12-03,3.36,67.24,29.39,0,6721565,72.28,0,6157756,66.22,0,4512687,48.53,1,845953,9.1
2022-12-04,3.42,67.18,29.39,37,6721602,72.28,27,6157783,66.22,30,4512717,48.53,26,845979,9.1
2022-12-05,3.48,67.12,29.4,9,6721611,72.28,17,6157800,66.22,11,4512728,48.53,20,845999,9.1
2022-12-06,3.55,67.06,29.39,32,6721643,72.28,26,6157826,66.22,27,4512755,48.53,8,846007,9.1
2022-12-07,3.62,66.99,29.39,10,6721653,72.28,17,6157843,66.22,8,4512763,48.53,8,846015,9.1
2022-12-08,3.69,66.91,29.39,18,6721671,72.28,31,6157874,66.22,15,4512778,48.53,3,846018,9.1
2022-12-09,3.71,66.9,29.39,4,6721675,72.28,1,6157875,66.22,1,4512779,48.53,7,846025,9.1
2022-12-10,3.7,66.91,29.39,1,6721676,72.28,0,6157875,66.22,2,4512781,48.53,0,846025,9.1
2022-12-11,3.76,66.84,29.39,16,6721692,72.28,22,6157897,66.22,15,4512796,48.53,16,846041,9.1
2022-12-12,3.82,66.78,29.39,15,6721707,72.28,14,6157911,66.22,5,4512801,48.53,0,846041,9.1
2022-12-13,3.87,66.73,29.39,17,6721724,72.28,44,6157955,66.22,18,4512819,48.53,13,846054,9.1
2022-12-14,3.92,66.69,29.39,17,6721741,72.28,16,6157971,66.22,7,4512826,48.53,3,846057,9.1
2022-12-15,3.97,66.64,29.39,22,6721763,72.28,19,6157990,66.22,7,4512833,48.53,12,846069,9.1
2022-12-16,3.98,66.62,29.39,12,6721775,72.28,4,6157994,66.22,1,4512834,48.53,0,846069,9.1
2022-12-17,3.97,66.63,29.39,0,6721775,72.28,0,6157994,66.22,0,4512834,48.53,0,846069,9.1
2022-12-18,4.01,66.59,29.39,9,6721784,72.28,18,6158012,66.22,8,4512842,48.53,3,846072,9.1
2022-12-19,4.06,66.54,29.4,7,6721791,72.28,14,6158026,66.22,12,4512854,48.53,1,846073,9.1
2022-12-20,4.1,66.51,29.39,12,6721803,72.28,17,6158043,66.22,2,4512856,48.53,2,846075,9.1
2022-12-21,4.14,66.47,29.39,9,6721812,72.28,14,6158057,66.22,13,4512869,48.53,3,846078,9.1
2022-12-22,4.18,66.42,29.39,4,6721816,72.28,10,6158067,66.22,14,4512883,48.53,1,846079,9.1
2022-12-23,4.19,66.42,29.39,10,6721826,72.28,0,6158067,66.22,2,4512885,48.53,0,846079,9.1
2022-12-24,4.18,66.43,29.39,0,6721826,72.28,0,6158067,66.22,0,4512885,48.53,0,846079,9.1
2022-12-25,4.21,66.4,29.39,6,6721832,72.28,17,6158084,66.22,1,4512886,48.53,2,846081,9.1
2022-12-26,4.24,66.36,29.39,17,6721849,72.28,6,6158090,66.22,13,4512899,48.53,0,846081,9.1
2022-12-27,4.25,66.36,29.39,24,6721873,72.28,24,6158114,66.22,17,4512916,48.53,7,846088,9.1
2022-12-28,4.26,66.34,29.39,17,6721890,72.28,18,6158132,66.22,25,4512941,48.53,64,846152,9.1
2022-12-29,4.28,66.33,29.39,15,6721905,72.28,23,6158155,66.22,14,4512955,48.53,4,846156,9.1
2022-12-30,4.27,66.33,29.4,4,6721909,72.28,5,6158160,66.22,3,4512958,48.53,1,846157,9.1
2022-12-31,4.26,66.35,29.4,0,6721909,72.28,1,6158161,66.22,0,4512958,48.53,0,846157,9.1
2023-01-01,4.27,66.33,29.4,6,6721915,72.28,22,6158183,66.22,2,4512960,48.53,1,846158,9.1
2023-01-02,4.29,66.31,29.4,10,6721925,72.28,8,6158191,66.22,3,4512963,48.53,1,846159,9.1
2023-01-03,4.3,66.3,29.4,20,6721945,72.28,17,6158208,66.22,7,4512970,48.53,3,846162,9.1
2023-01-04,4.3,66.3,29.4,7,6721952,72.28,11,6158219,66.22,4,4512974,48.53,2,846164,9.1
2023-01-05,4.31,66.29,29.39,12,6721964,72.28,19,6158238,66.22,11,4512985,48.53,4,846168,9.1
2023-01-06,4.31,66.29,29.4,2,6721966,72.28,1,6158239,66.22,1,4512986,48.53,0,846168,9.1
2023-01-07,4.3,66.31,29.4,1,6721967,72.28,0,6158239,66.22,0,4512986,48.53,0,846168,9.1
2023-01-08,4.33,66.28,29.4,14,6721981,72.28,33,6158272,66.22,10,4512996,48.53,2,846170,9.1
2023-01-09,4.34,66.26,29.4,12,6721993,72.28,20,6158292,66.22,1,4512997,48.53,1,846171,9.1
2023-01-10,4.35,66.25,29.4,39,6722032,72.29,27,6158319,66.22,10,4513007,48.53,4,846175,9.1
2023-01-11,4.36,66.25,29.4,14,6722046,72.29,18,6158337,66.22,11,4513018,48.53,2,846177,9.1
2023-01-12,4.37,66.24,29.39,22,6722068,72.29,20,6158357,66.22,11,4513029,48.53,2,846179,9.1
2023-01-13,4.36,66.24,29.4,3,6722071,72.29,2,6158359,66.22,0,4513029,48.53,0,846179,9.1
2023-01-14,4.35,66.25,29.4,1,6722072,72.29,0,6158359,66.22,0,4513029,48.53,0,846179,9.1
2023-01-15,4.36,66.24,29.4,17,6722089,72.29,16,6158375,66.22,4,4513033,48.53,3,846182,9.1
2023-01-16,4.38,66.22,29.4,9,6722098,72.29,15,6158390,66.22,6,4513039,48.53,0,846182,9.1
2023-01-17,4.38,66.22,29.4,15,6722113,72.29,14,6158404,66.22,6,4513045,48.53,0,846182,9.1
2023-01-18,4.39,66.21,29.4,7,6722120,72.29,8,6158412,66.22,3,4513048,48.53,1,846183,9.1
2023-01-19,4.4,66.2,29.4,13,6722133,72.29,15,6158427,66.22,2,4513050,48.53,4,846187,9.1
2023-01-20,4.39,66.2,29.4,4,6722137,72.29,2,6158429,66.22,0,4513050,48.53,1,846188,9.1
2023-01-21,4.39,66.21,29.4,0,6722137,72.29,0,6158429,66.22,0,4513050,48.53,0,846188,9.1
2023-01-22,4.4,66.2,29.4,8,6722145,72.29,3,6158432,66.22,8,4513058,48.53,4,846192,9.1
2023-01-23,4.41,66.19,29.4,11,6722156,72.29,5,6158437,66.22,6,4513064,48.53,0,846192,9.1
2023-01-24,4.41,66.19,29.4,21,6722177,72.29,21,6158458,66.22,11,4513075,48.53,2,846194,9.1
2023-01-25,4.41,66.18,29.4,5,6722182,72.29,5,6158463,66.23,0,4513075,48.53,2,846196,9.1
2023-01-26,4.42,66.18,29.4,10,6722192,72.29,15,6158478,66.23,9,4513084,48.53,2,846198,9.1
2023-01-27,4.41,66.18,29.4,0,6722192,72.29,9,6158487,66.23,0,4513084,48.53,0,846198,9.1
2023-01-28,4.41,66.19,29.4,0,6722192,72.29,0,6158487,66.23,0,4513084,48.53,0,846198,9.1
2023-01-29,4.41,66.19,29.41,12,6722204,72.29,8,6158495,66.23,5,4513089,48.53,2,846200,9.1
2023-01-30,4.42,66.17,29.41,9,6722213,72.29,16,6158511,66.23,2,4513091,48.53,1,846201,9.1
2023-01-31,4.42,66.17,29.41,20,6722233,72.29,23,6158534,66.23,3,4513094,48.53,1,846202,9.1
2023-02-01,4.32,64.71,30.96,10,6722243,72.29,11,6158545,66.23,4,4513098,48.53,0,846202,9.1
2023-02-02,4.33,64.71,30.96,14,6722257,72.29,31,6158576,66.23,3,4513101,48.53,0,846202,9.1
2023-02-03,4.32,64.71,30.97,3,6722260,72.29,1,6158577,66.23,0,4513101,48.53,1,846203,9.1
2023-02-04,4.32,64.72,30.97,0,6722260,72.29,0,6158577,66.23,0,4513101,48.53,0,846203,9.1
2023-02-05,4.32,64.71,30.97,15,6722275,72.29,8,6158585,66.23,6,4513107,48.53,4,846207,9.1
2023-02-06,4.33,64.7,30.97,17,6722292,72.29,13,6158598,66.23,4,4513111,48.53,0,846207,9.1
2023-02-07,4.33,64.7,30.97,22,6722314,72.29,22,6158620,66.23,8,4513119,48.53,2,846209,9.1
2023-02-08,4.33,64.7,30.97,15,6722329,72.29,14,6158634,66.23,1,4513120,48.53,0,846209,9.1
2023-02-09,4.33,64.7,30.97,35,6722364,72.29,33,6158667,66.23,5,4513125,48.53,2,846211,9.1
2023-02-10,4.33,64.7,30.97,2,6722366,72.29,3,6158670,66.23,2,4513127,48.53,0,846211,9.1
2023-02-11,4.33,64.7,30.97,2,6722368,72.29,1,6158671,66.23,0,4513127,48.53,0,846211,9.1
2023-02-12,4.33,64.7,30.97,15,6722383,72.29,18,6158689,66.23,3,4513130,48.53,2,846213,9.1
2023-02-13,4.33,64.7,30.97,14,6722397,72.29,20,6158709,66.23,8,4513138,48.53,2,846215,9.1
2023-02-14,4.33,64.7,30.97,20,6722417,72.29,8,6158717,66.23,7,4513145,48.53,5,846220,9.1
2023-02-15,4.33,64.7,30.97,10,6722427,72.29,16,6158733,66.23,3,4513148,48.53,0,846220,9.1
2023-02-16,4.33,64.7,30.97,22,6722449,72.29,24,6158757,66.23,2,4513150,48.53,0,846220,9.1
2023-02-17,4.33,64.7,30.97,5,6722454,72.29,2,6158759,66.23,1,4513151,48.53,0,846220,9.1
2023-02-18,4.33,64.7,30.97,0,6722454,72.29,0,6158759,66.23,0,4513151,48.53,0,846220,9.1
2023-02-19,4.33,64.7,30.98,16,6722470,72.29,13,6158772,66.23,1,4513152,48.53,0,846220,9.1
2023-02-20,4.33,64.69,30.98,9,6722479,72.29,10,6158782,66.23,1,4513153,48.53,0,846220,9.1
2023-02-21,4.33,64.69,30.98,40,6722519,72.29,18,6158800,66.23,5,4513158,48.53,1,846221,9.1
2023-02-22,4.33,64.7,30.98,3,6722522,72.29,9,6158809,66.23,8,4513166,48.53,0,846221,9.1
2023-02-23,4.33,64.7,30.97,10,6722532,72.29,23,6158832,66.23,5,4513171,48.53,2,846223,9.1
2023-02-24,4.33,64.7,30.98,0,6722532,72.29,6,6158838,66.23,0,4513171,48.53,0,846223,9.1
2023-02-25,4.32,64.7,30.98,3,6722535,72.29,0,6158838,66.23,1,4513172,48.53,0,846223,9.1
2023-02-26,4.32,64.7,30.98,12,6722547,72.29,19,6158857,66.23,1,4513173,48.53,0,846223,9.1
2023-02-27,4.32,64.7,30.98,2,6722549,72.29,7,6158864,66.23,2,4513175,48.53,0,846223,9.1
