Date,Valid vaccinated pop. perc.,Expired vaccinated pop. perc.,Not vaccinated pop. perc.,Vaccinated (daily),Vaccinated (cumu),Vaccinated pop. perc.,Second dose (daily),Second dose (cumu),Second dose pop. perc.,Third dose (daily),Third dose (cumu),Third dose pop. perc.,Fourth dose (daily),Fourth dose (cumu),Fourth dose pop. perc.
2020-12-19,0,0,100,46,70,0,0,4,0,0,0,0,0,0,0
2020-12-20,0,0,100,7395,7465,0.08,0,4,0,0,0,0,0,0,0
2020-12-21,0,0,100,24923,32388,0.35,0,4,0,0,0,0,0,0,0
2020-12-22,0,0,100,44663,77051,0.83,0,4,0,0,0,0,0,0,0
2020-12-23,0,0,100,62916,139967,1.51,0,4,0,0,0,0,0,0,0
2020-12-24,0,0,100,73428,213395,2.29,0,4,0,0,0,0,0,0,0
2020-12-25,0,0,100,38515,251910,2.71,0,4,0,0,0,0,0,0,0
2020-12-26,0,0,100,32617,284527,3.06,0,4,0,0,0,0,0,0,0
2020-12-27,0,0,100,104570,389097,4.18,0,4,0,0,0,0,0,0,0
2020-12-28,0,0,100,135033,524130,5.64,0,4,0,0,0,0,0,0,0
2020-12-29,0,0,100,156329,680459,7.32,2,6,0,0,0,0,0,0,0
2020-12-30,0,0,100,153175,833634,8.96,0,6,0,0,0,0,0,0,0
2020-12-31,0,0,100,158582,992216,10.67,0,6,0,0,0,0,0,0,0
2021-01-01,0,0,100,71433,1063649,11.44,0,6,0,0,0,0,0,0,0
2021-01-02,0,0,100,71740,1135389,12.21,0,6,0,0,0,0,0,0,0
2021-01-03,0,0,100,149760,1285149,13.82,0,6,0,0,0,0,0,0,0
2021-01-04,0,0,100,152196,1437345,15.46,1,7,0,0,0,0,0,0,0
2021-01-05,0,0,100,125213,1562558,16.8,4,11,0,0,0,0,0,0,0
2021-01-06,0,0,100,103362,1665920,17.91,2,13,0,0,0,0,0,0,0
2021-01-07,0,0,100,116059,1781979,19.16,9,22,0,0,0,0,0,0,0
2021-01-08,0,0,100,66460,1848439,19.88,5,27,0,0,0,0,0,0,0
2021-01-09,0,0,100,44548,1892987,20.36,24,51,0,0,0,0,0,0,0
2021-01-10,0,0,100,37647,1930634,20.76,6000,6051,0.07,0,0,0,0,0,0
2021-01-11,0,0,100,21174,1951808,20.99,19264,25315,0.27,0,0,0,0,0,0
2021-01-12,0,0,100,24073,1975881,21.25,35672,60987,0.66,0,0,0,0,0,0
2021-01-13,0,0,100,52072,2027953,21.81,56874,117861,1.27,0,0,0,0,0,0
2021-01-14,0,0,100,56473,2084426,22.41,68836,186697,2.01,0,0,0,0,0,0
2021-01-15,0,0,100,30775,2115201,22.75,35940,222637,2.39,0,0,0,0,0,0
2021-01-16,0,0,100,29479,2144680,23.06,26006,248643,2.67,0,0,0,0,0,0
2021-01-17,0.31,0,99.69,68440,2213120,23.8,84595,333238,3.58,0,0,0,0,0,0
2021-01-18,0.58,0,99.42,69815,2282935,24.55,120432,453670,4.88,0,0,0,0,0,0
2021-01-19,1.09,0,98.91,72891,2355826,25.33,137841,591511,6.36,0,0,0,0,0,0
2021-01-20,1.9,0,98.1,76914,2432740,26.16,143759,735270,7.91,0,0,0,0,0,0
2021-01-21,2.88,0,97.12,70000,2502740,26.91,164463,899733,9.68,0,0,0,0,0,0
2021-01-22,3.39,0,96.61,37927,2540667,27.32,71130,970863,10.44,0,0,0,0,0,0
2021-01-23,3.77,0,96.23,39964,2580631,27.75,53593,1024456,11.02,0,0,0,0,0,0
2021-01-24,4.96,0,95.04,69146,2649777,28.49,140703,1165159,12.53,0,0,0,0,0,0
2021-01-25,6.61,0,93.39,80942,2730719,29.36,139518,1304677,14.03,0,0,0,0,0,0
2021-01-26,8.45,0,91.55,78724,2809443,30.21,126440,1431117,15.39,0,0,0,0,0,0
2021-01-27,10.34,0,89.66,77974,2887417,31.05,125063,1556180,16.73,0,0,0,0,0,0
2021-01-28,12.43,0,87.57,79569,2966986,31.91,130624,1686804,18.14,0,0,0,0,0,0
2021-01-29,13.34,0,86.66,36703,3003689,32.3,64791,1751595,18.84,0,0,0,0,0,0
2021-01-30,14.02,0,85.98,34393,3038082,32.67,42763,1794358,19.3,0,0,0,0,0,0
2021-01-31,15.76,0,84.24,73330,3111412,33.46,59501,1853859,19.94,0,0,0,0,0,0
2021-02-01,17.48,0,82.52,82504,3193916,34.35,35356,1889215,20.32,0,0,0,0,0,0
2021-02-02,19.01,0,80.99,70100,3264016,35.1,31071,1920286,20.65,0,0,0,0,0,0
2021-02-03,20.47,0,79.53,60307,3324323,35.75,51440,1971726,21.2,0,0,0,0,0,0
2021-02-04,22,0,78,72627,3396950,36.53,58096,2029822,21.83,0,0,0,0,0,0
2021-02-05,22.75,0,77.25,33943,3430893,36.89,28805,2058627,22.14,0,0,0,0,0,0
2021-02-06,23.23,0,76.77,21621,3452514,37.13,22229,2080856,22.38,0,0,0,0,0,0
2021-02-07,23.99,0,76.01,54077,3506591,37.71,68737,2149593,23.12,0,0,0,0,0,0
2021-02-08,24.52,0,75.48,58638,3565229,38.34,65464,2215057,23.82,0,0,0,0,0,0
2021-02-09,25.04,0,74.96,66350,3631579,39.05,67572,2282629,24.55,0,0,0,0,0,0
2021-02-10,25.77,0,74.23,70565,3702144,39.81,72309,2354938,25.32,0,0,0,0,0,0
2021-02-11,26.61,0,73.39,81166,3783310,40.68,72104,2427042,26.1,0,0,0,0,0,0
2021-02-12,27.02,0,72.98,39102,3822412,41.1,37595,2464637,26.5,0,0,0,0,0,0
2021-02-13,27.33,0,72.67,27463,3849875,41.4,30440,2495077,26.83,0,0,0,0,0,0
2021-02-14,28.25,0,71.75,74914,3924789,42.21,69082,2564159,27.57,0,0,0,0,0,0
2021-02-15,29.17,0,70.83,81541,4006330,43.08,75718,2639877,28.39,0,0,0,0,0,0
2021-02-16,30.11,0,69.89,83416,4089746,43.98,78295,2718172,29.23,0,0,0,0,0,0
2021-02-17,31.01,0,68.99,61978,4151724,44.65,75640,2793812,30.04,0,0,0,0,0,0
2021-02-18,31.94,0,68.06,69153,4220877,45.39,79738,2873550,30.9,0,0,0,0,0,0
2021-02-19,32.45,0,67.55,39673,4260550,45.82,38160,2911710,31.31,0,0,0,0,0,0
2021-02-20,32.85,0,67.15,31650,4292200,46.16,28723,2940433,31.62,0,0,0,0,0,0
2021-02-21,33.8,0,66.2,79433,4371633,47.01,78444,3018877,32.46,0,0,0,0,0,0
2021-02-22,34.83,0,65.17,85057,4456690,47.93,80592,3099469,33.33,0,0,0,0,0,0
2021-02-23,35.84,0,64.16,77328,4534018,48.76,70483,3169952,34.09,0,0,0,0,0,0
2021-02-24,36.76,0,63.24,61064,4595082,49.41,63142,3233094,34.77,0,0,0,0,0,0
2021-02-25,37.66,0,62.34,51726,4646808,49.97,64802,3297896,35.46,0,0,0,0,0,0
2021-02-26,38.1,0,61.9,25910,4672718,50.25,32040,3329936,35.81,0,0,0,0,0,0
2021-02-27,38.42,0,61.58,18348,4691066,50.45,21195,3351131,36.04,0,0,0,0,0,0
2021-02-28,39.24,0,60.76,40362,4731428,50.88,55871,3407002,36.64,0,0,0,0,0,0
2021-03-01,40.1,0,59.9,45746,4777174,51.37,61438,3468440,37.3,0,0,0,0,0,0
2021-03-02,40.85,0,59.15,41199,4818373,51.81,64797,3533237,37.99,0,0,0,0,0,0
2021-03-03,41.55,0,58.45,42028,4860401,52.27,66787,3600024,38.71,0,0,0,0,0,0
2021-03-04,42.24,0,57.76,39716,4900117,52.69,79120,3679144,39.56,0,0,0,0,0,0
2021-03-05,42.57,0,57.43,17364,4917481,52.88,40466,3719610,40,0,0,0,0,0,0
2021-03-06,42.78,0,57.22,10718,4928199,53,25347,3744957,40.27,0,0,0,0,0,0
2021-03-07,43.36,0,56.64,31155,4959354,53.33,72845,3817802,41.05,0,0,0,0,0,0
2021-03-08,43.97,0,56.03,27383,4986737,53.62,73295,3891097,41.84,0,0,0,0,0,0
2021-03-09,44.62,0,55.38,26755,5013492,53.91,76598,3967695,42.67,0,0,0,0,0,0
2021-03-10,45.27,0,54.73,23370,5036862,54.16,58681,4026376,43.3,0,0,0,0,0,0
2021-03-11,45.99,0,54.01,23299,5060161,54.41,69090,4095466,44.04,0,0,0,0,0,0
2021-03-12,46.34,0,53.66,11295,5071456,54.54,41413,4136879,44.49,0,0,0,0,0,0
2021-03-13,46.57,0,53.43,7951,5079407,54.62,25239,4162118,44.76,0,0,0,0,0,0
2021-03-14,47.2,0,52.8,20988,5100395,54.85,73934,4236052,45.55,0,0,0,0,0,0
2021-03-15,47.81,0,52.19,20146,5120541,55.06,78280,4314332,46.39,0,0,0,0,0,0
2021-03-16,48.43,0,51.57,18755,5139296,55.27,71479,4385811,47.16,0,0,0,0,0,0
2021-03-17,48.92,0,51.08,17703,5156999,55.46,59005,4444816,47.8,0,0,0,0,0,0
2021-03-18,49.45,0,50.55,16047,5173046,55.63,58125,4502941,48.42,0,0,0,0,0,0
2021-03-19,49.75,0,50.25,6954,5180000,55.7,27979,4530920,48.72,0,0,0,0,0,0
2021-03-20,49.93,0,50.07,5226,5185226,55.76,15299,4546219,48.89,0,0,0,0,0,0
2021-03-21,50.46,0,49.54,13170,5198396,55.9,40508,4586727,49.32,0,0,0,0,0,0
2021-03-22,51,0,49,13575,5211971,56.05,40540,4627267,49.76,0,0,0,0,0,0
2021-03-23,51.43,0,48.57,2844,5214815,56.08,7300,4634567,49.84,0,0,0,0,0,0
2021-03-24,51.84,0,48.16,10997,5225812,56.2,46556,4681123,50.34,0,0,0,0,0,0
2021-03-25,52.22,0,47.78,10266,5236078,56.31,35436,4716559,50.72,0,0,0,0,0,0
2021-03-26,52.4,0,47.6,4185,5240263,56.35,13332,4729891,50.86,0,0,0,0,0,0
2021-03-27,52.5,0,47.5,1785,5242048,56.37,4267,4734158,50.91,0,0,0,0,0,0
2021-03-28,52.74,0,47.26,2111,5244159,56.39,4611,4738769,50.96,0,0,0,0,0,0
2021-03-29,53,0,47,6913,5251072,56.47,30016,4768785,51.28,0,0,0,0,0,0
2021-03-30,53.08,0,46.92,7888,5258960,56.55,22454,4791239,51.52,0,0,0,0,0,0
2021-03-31,53.38,0,46.62,8151,5267111,56.64,19499,4810738,51.73,0,0,0,0,0,0
2021-04-01,53.62,0,46.38,8209,5275320,56.73,18700,4829438,51.93,0,0,0,0,0,0
2021-04-02,53.71,0,46.29,2938,5278258,56.76,8129,4837567,52.02,0,0,0,0,0,0
2021-04-03,53.74,0,46.26,1433,5279691,56.78,2980,4840547,52.05,0,0,0,0,0,0
2021-04-04,53.82,0,46.18,9617,5289308,56.88,22832,4863379,52.3,0,0,0,0,0,0
2021-04-05,54.04,0,45.96,10358,5299666,56.99,21273,4884652,52.53,0,0,0,0,0,0
2021-04-06,54.21,0,45.79,9027,5308693,57.09,16790,4901442,52.71,0,0,0,0,0,0
2021-04-07,54.36,0,45.64,8926,5317619,57.18,15310,4916752,52.87,0,0,0,0,0,0
2021-04-08,54.52,0,45.48,9427,5327046,57.28,17008,4933760,53.06,0,0,0,0,0,0
2021-04-09,54.58,0,45.42,3606,5330652,57.32,6255,4940015,53.12,0,0,0,0,0,0
2021-04-10,54.61,0,45.39,1633,5332285,57.34,3519,4943534,53.16,0,0,0,0,0,0
2021-04-11,54.78,0,45.22,9043,5341328,57.44,14248,4957782,53.31,0,0,0,0,0,0
2021-04-12,54.95,0,45.05,8935,5350263,57.53,13231,4971013,53.46,0,0,0,0,0,0
2021-04-13,55.08,0,44.92,5839,5356102,57.6,4959,4975972,53.51,0,0,0,0,0,0
2021-04-14,55.18,0,44.82,3647,5359749,57.64,5308,4981280,53.57,0,0,0,0,0,0
2021-04-15,55.27,0,44.73,694,5360443,57.64,580,4981860,53.57,0,0,0,0,0,0
2021-04-16,55.33,0,44.67,3414,5363857,57.68,6647,4988507,53.64,0,0,0,0,0,0
2021-04-17,55.35,0,44.65,822,5364679,57.69,1971,4990478,53.67,0,0,0,0,0,0
2021-04-18,55.47,0,44.53,7097,5371776,57.77,7432,4997910,53.75,0,0,0,0,0,0
2021-04-19,55.58,0,44.42,6404,5378180,57.83,7129,5005039,53.82,0,0,0,0,0,0
2021-04-20,55.65,0,44.35,6277,5384457,57.9,6886,5011925,53.9,0,0,0,0,0,0
2021-04-21,55.71,0,44.29,6376,5390833,57.97,7107,5019032,53.97,0,0,0,0,0,0
2021-04-22,55.75,0,44.25,5946,5396779,58.03,7686,5026718,54.05,0,0,0,0,0,0
2021-04-23,55.8,0,44.2,2763,5399542,58.06,3387,5030105,54.09,0,0,0,0,0,0
2021-04-24,55.82,0,44.18,767,5400309,58.07,1290,5031395,54.11,0,0,0,0,0,0
2021-04-25,55.89,0,44.11,4828,5405137,58.12,6922,5038317,54.18,0,0,0,0,0,0
2021-04-26,55.96,0,44.04,5477,5410614,58.18,7887,5046204,54.26,0,0,0,0,0,0
2021-04-27,56.03,0,43.97,4504,5415118,58.23,6621,5052825,54.34,0,0,0,0,0,0
2021-04-28,56.09,0,43.91,4496,5419614,58.28,7328,5060153,54.41,0,0,0,0,0,0
2021-04-29,56.16,0,43.84,4376,5423990,58.33,7292,5067445,54.49,0,0,0,0,0,0
2021-04-30,56.19,0,43.81,1922,5425912,58.35,3199,5070644,54.53,0,0,0,0,0,0
2021-05-01,56.2,0,43.8,458,5426370,58.35,894,5071538,54.54,0,0,0,0,0,0
2021-05-02,56.26,0,43.74,3224,5429594,58.39,6090,5077628,54.6,0,0,0,0,0,0
2021-05-03,56.32,0,43.68,3535,5433129,58.43,5830,5083458,54.66,0,0,0,0,0,0
2021-05-04,56.38,0,43.62,3590,5436719,58.46,4733,5088191,54.72,0,0,0,0,0,0
2021-05-05,56.44,0,43.56,3290,5440009,58.5,4090,5092281,54.76,0,0,0,0,0,0
2021-05-06,56.5,0,43.5,3640,5443649,58.54,3142,5095423,54.79,0,0,0,0,0,0
2021-05-07,56.52,0,43.48,1841,5445490,58.56,2507,5097930,54.82,0,0,0,0,0,0
2021-05-08,56.53,0,43.47,239,5445729,58.56,506,5098436,54.83,0,0,0,0,0,0
2021-05-09,56.58,0,43.42,2851,5448580,58.59,4749,5103185,54.88,0,0,0,0,0,0
2021-05-10,56.63,0,43.37,2893,5451473,58.62,4710,5107895,54.93,0,0,0,0,0,0
2021-05-11,56.67,0,43.33,2620,5454093,58.65,3877,5111772,54.97,0,0,0,0,0,0
2021-05-12,56.7,0,43.3,2030,5456123,58.67,3339,5115111,55.01,0,0,0,0,0,0
2021-05-13,56.73,0,43.27,2041,5458164,58.69,3681,5118792,55.05,0,0,0,0,0,0
2021-05-14,56.75,0,43.25,976,5459140,58.7,1492,5120284,55.06,0,0,0,0,0,0
2021-05-15,56.75,0,43.25,254,5459394,58.71,258,5120542,55.06,0,0,0,0,0,0
2021-05-16,56.78,0,43.22,529,5459923,58.71,1204,5121746,55.08,0,0,0,0,0,0
2021-05-17,56.81,0,43.19,299,5460222,58.72,845,5122591,55.09,0,0,0,0,0,0
2021-05-18,56.84,0,43.16,1958,5462180,58.74,4936,5127527,55.14,0,0,0,0,0,0
2021-05-19,56.87,0,43.13,2229,5464409,58.76,5041,5132568,55.19,0,0,0,0,0,0
2021-05-20,56.9,0,43.1,2311,5466720,58.79,3878,5136446,55.23,0,0,0,0,0,0
2021-05-21,56.92,0,43.08,1188,5467908,58.8,1413,5137859,55.25,0,0,0,0,0,0
2021-05-22,56.92,0,43.08,206,5468114,58.8,395,5138254,55.25,0,0,0,0,0,0
2021-05-23,56.94,0,43.06,2271,5470385,58.83,3215,5141469,55.29,0,0,0,0,0,0
2021-05-24,56.96,0,43.04,2133,5472518,58.85,3595,5145064,55.33,0,0,0,0,0,0
2021-05-25,56.99,0,43.01,1817,5474335,58.87,2586,5147650,55.36,0,0,0,0,0,0
2021-05-26,57.03,0,42.97,1409,5475744,58.88,2502,5150152,55.38,0,0,0,0,0,0
2021-05-27,57.06,0,42.94,1857,5477601,58.9,3185,5153337,55.42,0,0,0,0,0,0
2021-05-28,57.07,0,42.93,782,5478383,58.91,1404,5154741,55.43,0,0,0,0,0,0
2021-05-29,57.07,0,42.93,190,5478573,58.91,224,5154965,55.43,0,0,0,0,0,0
2021-05-30,57.1,0,42.9,1644,5480217,58.93,1936,5156901,55.45,0,0,0,0,0,0
2021-05-31,57.13,0,42.87,1735,5481952,58.95,2093,5158994,55.48,0,0,0,0,0,0
2021-06-01,57.47,0,42.53,1377,5483329,58.97,1820,5160814,55.5,0,0,0,0,0,0
2021-06-02,57.25,0,42.75,1513,5484842,58.98,1606,5162420,55.51,0,0,0,0,0,0
2021-06-03,57.27,0,42.73,1683,5486525,59,1490,5163910,55.53,0,0,0,0,0,0
2021-06-04,57.28,0,42.72,1100,5487625,59.01,782,5164692,55.54,0,0,0,0,0,0
2021-06-05,57.29,0,42.71,183,5487808,59.01,159,5164851,55.54,0,0,0,0,0,0
2021-06-06,57.31,0,42.69,4289,5492097,59.06,1002,5165853,55.55,0,0,0,0,0,0
2021-06-07,57.34,0,42.66,4435,5496532,59.11,809,5166662,55.56,0,0,0,0,0,0
2021-06-08,57.36,0,42.64,3736,5500268,59.15,1172,5167834,55.57,0,0,0,0,0,0
2021-06-09,57.4,0,42.6,3612,5503880,59.19,1324,5169158,55.59,0,0,0,0,0,0
2021-06-10,57.42,0,42.58,3357,5507237,59.22,1296,5170454,55.6,0,0,0,0,0,0
2021-06-11,57.43,0,42.57,1395,5508632,59.24,584,5171038,55.61,0,0,0,0,0,0
2021-06-12,57.43,0,42.57,217,5508849,59.24,172,5171210,55.61,0,0,0,0,0,0
2021-06-13,57.45,0,42.55,3100,5511949,59.27,1260,5172470,55.62,0,0,0,0,0,0
2021-06-14,57.46,0,42.54,3056,5515005,59.31,1527,5173997,55.64,0,0,0,0,0,0
2021-06-15,57.48,0,42.52,3137,5518142,59.34,1373,5175370,55.65,0,0,0,0,0,0
2021-06-16,57.49,0,42.51,2729,5520871,59.37,999,5176369,55.66,0,0,0,0,0,0
2021-06-17,57.51,0,42.49,2726,5523597,59.4,1202,5177571,55.68,0,0,0,0,0,0
2021-06-18,57.52,0,42.48,1263,5524860,59.41,505,5178076,55.68,0,0,0,0,0,0
2021-06-19,57.52,0,42.48,242,5525102,59.41,139,5178215,55.68,0,0,0,0,0,0
2021-06-20,57.54,0,42.46,3315,5528417,59.45,1330,5179545,55.7,0,0,0,0,0,0
2021-06-21,57.56,0,42.44,5243,5533660,59.51,1213,5180758,55.71,0,0,0,0,0,0
2021-06-22,57.58,0,42.42,6927,5540587,59.58,1098,5181856,55.72,0,0,0,0,0,0
2021-06-23,57.6,0,42.4,10754,5551341,59.7,1303,5183159,55.74,0,0,0,0,0,0
2021-06-24,57.62,0,42.38,12045,5563386,59.83,1466,5184625,55.75,0,0,0,0,0,0
2021-06-25,57.62,0,42.38,7112,5570498,59.9,943,5185568,55.76,0,0,0,0,0,0
2021-06-26,57.63,0,42.37,2273,5572771,59.93,198,5185766,55.77,0,0,0,0,0,0
2021-06-27,57.65,0,42.35,13631,5586402,60.07,3436,5189202,55.8,0,0,0,0,0,0
2021-06-28,57.68,0,42.32,14517,5600919,60.23,3675,5192877,55.84,0,0,0,0,0,0
2021-06-29,57.69,0,42.31,16706,5617625,60.41,3742,5196619,55.88,0,0,0,0,0,0
2021-06-30,57.72,0,42.28,16483,5634108,60.59,3395,5200014,55.92,0,0,0,0,0,0
2021-07-01,57.78,0,42.22,16828,5650936,60.77,3372,5203386,55.95,121,121,0,0,0,0
2021-07-02,57.79,0,42.21,9834,5660770,60.87,1603,5204989,55.97,7,128,0,0,0,0
2021-07-03,57.79,0,42.21,2677,5663447,60.9,296,5205285,55.98,1,129,0,0,0,0
2021-07-04,57.85,0,42.15,17735,5681182,61.09,3160,5208445,56.01,2,131,0,0,0,0
2021-07-05,57.91,0,42.09,17845,5699027,61.28,3043,5211488,56.04,7,138,0,0,0,0
2021-07-06,57.99,0,42.01,17846,5716873,61.48,3406,5214894,56.08,11,149,0,0,0,0
2021-07-07,58.05,0,41.95,15525,5732398,61.64,2699,5217593,56.11,12,161,0,0,0,0
2021-07-08,58.12,0,41.88,16585,5748983,61.82,2874,5220467,56.14,17,178,0,0,0,0
2021-07-09,58.15,0,41.85,11123,5760106,61.94,1534,5222001,56.15,4,182,0,0,0,0
2021-07-10,58.15,0,41.85,4988,5765094,61.99,388,5222389,56.16,6,188,0,0,0,0
2021-07-11,58.22,0,41.78,1456,5766550,62.01,2848,5225237,56.19,8,196,0,0,0,0
2021-07-12,58.29,0,41.71,2422,5768972,62.04,3688,5228925,56.23,56,252,0,0,0,0
2021-07-13,58.36,0,41.64,2962,5771934,62.07,5458,5234383,56.29,124,376,0,0,0,0
2021-07-14,58.42,0,41.58,2744,5774678,62.1,7530,5241913,56.37,441,817,0.01,0,0,0
2021-07-15,58.5,0,41.5,3001,5777679,62.13,9295,5251208,56.47,374,1191,0.01,0,0,0
2021-07-16,58.54,0,41.46,1291,5778970,62.14,5896,5257104,56.53,66,1257,0.01,0,0,0
2021-07-17,58.55,0,41.44,369,5779339,62.15,1391,5258495,56.55,7,1264,0.01,0,0,0
2021-07-18,58.6,0,41.4,2073,5781412,62.17,9768,5268263,56.65,235,1499,0.02,0,0,0
2021-07-19,58.65,0,41.35,3209,5784621,62.2,11344,5279607,56.77,461,1960,0.02,0,0,0
2021-07-20,58.72,0,41.28,2682,5787303,62.23,11908,5291515,56.9,373,2333,0.03,0,0,0
2021-07-21,58.81,0,41.19,2402,5789705,62.26,11878,5303393,57.03,325,2658,0.03,0,0,0
2021-07-22,58.93,0,41.07,2873,5792578,62.29,13270,5316663,57.17,391,3049,0.03,0,0,0
2021-07-23,58.99,0,41.01,2035,5794613,62.31,8243,5324906,57.26,106,3155,0.03,0,0,0
2021-07-24,58.99,0,41,641,5795254,62.32,1482,5326388,57.28,7,3162,0.03,0,0,0
2021-07-25,59.1,0,40.89,4415,5799669,62.37,15496,5341884,57.44,223,3385,0.04,0,0,0
2021-07-26,59.24,0,40.75,5169,5804838,62.42,13532,5355416,57.59,325,3710,0.04,0,0,0
2021-07-27,59.37,0.01,40.62,5490,5810328,62.48,13575,5368991,57.74,414,4124,0.04,0,0,0
2021-07-28,59.5,0.01,40.49,3987,5814315,62.52,12341,5381332,57.87,472,4596,0.05,0,0,0
2021-07-29,59.65,0.01,40.33,4660,5818975,62.57,14197,5395529,58.02,532,5128,0.06,0,0,0
2021-07-30,59.74,0.02,40.25,2651,5821626,62.6,10852,5406381,58.14,4122,9250,0.1,0,0,0
2021-07-31,59.75,0.02,40.23,1404,5823030,62.62,3551,5409932,58.18,6159,15409,0.17,0,0,0
2021-08-01,59.91,0.02,40.06,3074,5826104,62.65,3363,5413295,58.21,31047,46456,0.5,0,0,0
2021-08-02,60.06,0.03,39.91,3130,5829234,62.68,3170,5416465,58.25,58514,104970,1.13,0,0,0
2021-08-03,60.21,0.03,39.76,3383,5832617,62.72,3325,5419790,58.28,78953,183923,1.98,0,0,0
2021-08-04,60.34,0.03,39.63,3524,5836141,62.76,3254,5423044,58.32,80763,264686,2.85,0,0,0
2021-08-05,60.49,0.04,39.47,4511,5840652,62.81,3569,5426613,58.36,88442,353128,3.8,0,0,0
2021-08-06,60.6,0.04,39.36,2434,5843086,62.83,1855,5428468,58.38,44743,397871,4.28,0,0,0
2021-08-07,60.63,0.04,39.32,1032,5844118,62.84,697,5429165,58.38,27353,425224,4.57,0,0,0
2021-08-08,60.68,0.04,39.28,4988,5849106,62.9,3080,5432245,58.42,80087,505311,5.43,0,0,0
2021-08-09,60.72,0.04,39.24,5339,5854445,62.96,3057,5435302,58.45,76488,581799,6.26,0,0,0
2021-08-10,60.75,0.04,39.2,5551,5859996,63.02,3201,5438503,58.48,75427,657226,7.07,0,0,0
2021-08-11,60.79,0.04,39.17,5694,5865690,63.08,2943,5441446,58.51,62637,719863,7.74,0,0,0
2021-08-12,60.83,0.04,39.12,7033,5872723,63.15,3287,5444733,58.55,59459,779322,8.38,0,0,0
2021-08-13,60.84,0.05,39.11,3816,5876539,63.19,2066,5446799,58.57,43869,823191,8.85,0,0,0
2021-08-14,60.85,0.05,39.1,2252,5878791,63.22,850,5447649,58.58,44486,867677,9.33,0,0,0
2021-08-15,60.89,0.05,39.06,7142,5885933,63.29,4530,5452179,58.63,97982,965659,10.38,0,0,0
2021-08-16,60.92,0.04,39.03,6987,5892920,63.37,4743,5456922,58.68,89518,1055177,11.35,0,0,0
2021-08-17,60.96,0.04,39,7570,5900490,63.45,5132,5462054,58.74,83318,1138495,12.24,0,0,0
2021-08-18,60.99,0.04,38.96,8642,5909132,63.54,4603,5466657,58.79,69266,1207761,12.99,0,0,0
2021-08-19,61.03,0.04,38.92,10079,5919211,63.65,5215,5471872,58.84,65973,1273734,13.7,0,0,0
2021-08-20,61.05,0.05,38.9,4767,5923978,63.7,2825,5474697,58.87,60451,1334185,14.35,0,0,0
2021-08-21,61.06,0.05,38.89,3497,5927475,63.74,1580,5476277,58.89,50725,1384910,14.89,0,0,0
2021-08-22,61.12,0.04,38.84,9820,5937295,63.85,4805,5481082,58.94,105105,1490015,16.02,0,0,0
2021-08-23,61.17,0.04,38.79,10924,5948219,63.96,4447,5485529,58.99,94025,1584040,17.03,0,0,0
2021-08-24,61.23,0.04,38.73,11721,5959940,64.09,4702,5490231,59.04,98551,1682591,18.09,0,0,0
2021-08-25,61.29,0.04,38.67,9614,5969554,64.19,4480,5494711,59.09,99540,1782131,19.16,0,0,0
2021-08-26,61.36,0.03,38.61,10107,5979661,64.3,5057,5499768,59.14,101224,1883355,20.25,0,0,0
2021-08-27,61.35,0.04,38.61,4325,5983986,64.35,2780,5502548,59.17,56694,1940049,20.86,0,0,0
2021-08-28,61.4,0.04,38.57,3697,5987683,64.39,1497,5504045,59.19,33538,1973587,21.22,0,0,0
2021-08-29,61.46,0.03,38.5,10323,5998006,64.5,5931,5509976,59.25,79544,2053131,22.08,0,0,0
2021-08-30,61.53,0.03,38.44,12335,6010341,64.63,7015,5516991,59.33,116000,2169131,23.33,0,0,0
2021-08-31,61.6,0.03,38.37,12075,6022416,64.76,6527,5523518,59.4,114873,2284004,24.56,0,0,0
2021-09-01,61.43,0.03,38.54,9034,6031450,64.86,6037,5529555,59.46,112484,2396488,25.77,0,0,0
2021-09-02,61.49,0.03,38.48,8784,6040234,64.95,7177,5536732,59.54,111540,2508028,26.97,0,0,0
2021-09-03,61.56,0.03,38.42,3749,6043983,64.99,4114,5540846,59.58,58882,2566910,27.6,0,0,0
2021-09-04,61.59,0.03,38.38,2693,6046676,65.02,2020,5542866,59.61,29949,2596859,27.93,0,0,0
2021-09-05,61.68,0.03,38.29,6990,6053666,65.1,6460,5549326,59.67,73325,2670184,28.71,0,0,0
2021-09-06,61.77,0.03,38.2,2832,6056498,65.13,2708,5552034,59.7,22796,2692980,28.96,0,0,0
2021-09-07,61.85,0.03,38.12,1199,6057697,65.14,878,5552912,59.71,5397,2698377,29.02,0,0,0
2021-09-08,61.93,0.03,38.05,1379,6059076,65.16,1193,5554105,59.73,6621,2704998,29.09,0,0,0
2021-09-09,62.02,0.03,37.95,7087,6066163,65.23,12573,5566678,59.86,73843,2778841,29.88,0,0,0
2021-09-10,62.06,0.03,37.91,3257,6069420,65.27,5015,5571693,59.92,37935,2816776,30.29,0,0,0
2021-09-11,62.08,0.03,37.89,2108,6071528,65.29,2505,5574198,59.94,14816,2831592,30.45,0,0,0
2021-09-12,62.16,0.03,37.81,6107,6077635,65.36,8585,5582783,60.03,54134,2885726,31.03,0,0,0
2021-09-13,62.15,0.03,37.82,5610,6083245,65.42,8256,5591039,60.12,47981,2933707,31.55,0,0,0
2021-09-14,62.2,0.03,37.77,4959,6088204,65.47,7418,5598457,60.2,48852,2982559,32.07,0,0,0
2021-09-15,62.25,0.03,37.72,1749,6089953,65.49,2715,5601172,60.23,16686,2999245,32.25,0,0,0
2021-09-16,62.37,0.03,37.6,343,6090296,65.49,548,5601720,60.24,1740,3000985,32.27,0,0,0
2021-09-17,62.42,0.03,37.54,3682,6093978,65.53,7016,5608736,60.31,42903,3043888,32.73,0,0,0
2021-09-18,62.45,0.03,37.52,2257,6096235,65.56,2943,5611679,60.35,12783,3056671,32.87,0,0,0
2021-09-19,62.55,0.03,37.42,5941,6102176,65.62,10709,5622388,60.46,44332,3101003,33.35,0,0,0
2021-09-20,62.63,0.03,37.34,3245,6105421,65.65,4645,5627033,60.51,16707,3117710,33.53,0,0,0
2021-09-21,62.69,0.03,37.28,1339,6106760,65.67,2058,5629091,60.53,3476,3121186,33.56,0,0,0
2021-09-22,62.72,0.03,37.25,4256,6111016,65.71,7249,5636340,60.61,25071,3146257,33.83,0,0,0
2021-09-23,62.75,0.03,37.22,4389,6115405,65.76,5912,5642252,60.67,27833,3174090,34.13,0,0,0
2021-09-24,62.82,0.03,37.15,3202,6118607,65.8,4184,5646436,60.72,27720,3201810,34.43,0,0,0
2021-09-25,62.85,0.03,37.12,2078,6120685,65.82,2260,5648696,60.74,10443,3212253,34.54,0,0,0
2021-09-26,62.96,0.03,37,5605,6126290,65.88,5971,5654667,60.81,36266,3248519,34.93,0,0,0
2021-09-27,63.02,0.03,36.94,4693,6130983,65.93,4467,5659134,60.86,30452,3278971,35.26,0,0,0
2021-09-28,63.06,0.04,36.91,1470,6132453,65.95,1180,5660314,60.87,6249,3285220,35.33,0,0,0
2021-09-29,63.13,0.03,36.84,9621,6142074,66.05,8345,5668659,60.96,60323,3345543,35.98,0,0,0
2021-09-30,63.18,0.03,36.79,10974,6153048,66.17,8571,5677230,61.05,79694,3425237,36.83,0,0,0
2021-10-01,63.23,0.03,36.73,5123,6158171,66.22,3874,5681104,61.09,46543,3471780,37.33,0,0,0
2021-10-02,63.26,0.03,36.71,2862,6161033,66.25,2127,5683231,61.11,22432,3494212,37.57,0,0,0
2021-10-03,63.35,0.03,36.62,11667,6172700,66.38,7273,5690504,61.19,70724,3564936,38.34,0,0,0
2021-10-04,63.4,0.03,36.57,10320,6183020,66.49,6756,5697260,61.27,51905,3616841,38.89,0,0,0
2021-10-05,63.41,0.03,36.55,8459,6191479,66.58,5312,5702572,61.32,40476,3657317,39.33,0,0,0
2021-10-06,63.52,0.03,36.45,7540,6199019,66.66,4181,5706753,61.37,34142,3691459,39.7,0,0,0
2021-10-07,63.63,0.03,36.34,6891,6205910,66.74,4007,5710760,61.41,34065,3725524,40.06,0,0,0
2021-10-08,63.68,0.03,36.29,3085,6208995,66.77,2642,5713402,61.44,19248,3744772,40.27,0,0,0
2021-10-09,63.71,0.03,36.26,1337,6210332,66.78,1443,5714845,61.45,7441,3752213,40.35,0,0,0
2021-10-10,63.82,0.04,36.14,4674,6215006,66.83,3744,5718589,61.49,21518,3773731,40.58,0,0,0
2021-10-11,63.91,0.04,36.05,4298,6219304,66.88,2942,5721531,61.53,17264,3790995,40.77,0,0,0
2021-10-12,63.99,0.05,35.96,3973,6223277,66.92,3003,5724534,61.56,15356,3806351,40.93,0,0,0
2021-10-13,64.09,0.05,35.86,3486,6226763,66.96,2450,5726984,61.59,13586,3819937,41.08,0,0,0
2021-10-14,64.19,0.06,35.75,3867,6230630,67,2684,5729668,61.61,16566,3836503,41.26,0,0,0
2021-10-15,64.23,0.07,35.7,1702,6232332,67.02,1682,5731350,61.63,9007,3845510,41.35,0,0,0
2021-10-16,64.25,0.08,35.67,726,6233058,67.03,953,5732303,61.64,4034,3849544,41.4,0,0,0
2021-10-17,64.36,0.09,35.56,3088,6236146,67.06,2524,5734827,61.67,12797,3862341,41.53,0,0,0
2021-10-18,64.43,0.1,35.47,2458,6238604,67.09,1689,5736516,61.69,10068,3872409,41.64,0,0,0
2021-10-19,64.49,0.1,35.4,2397,6241001,67.11,1281,5737797,61.7,9295,3881704,41.74,0,0,0
2021-10-20,64.14,0.52,35.34,2434,6243435,67.14,2304,5740101,61.73,10097,3891801,41.85,0,0,0
2021-10-21,54.23,10.41,35.36,3032,6246467,67.17,3092,5743193,61.76,12162,3903963,41.98,0,0,0
2021-10-22,54.36,10.26,35.38,1278,6247745,67.19,1433,5744626,61.77,5831,3909794,42.04,0,0,0
2021-10-23,54.42,10.19,35.39,572,6248317,67.19,1266,5745892,61.79,2563,3912357,42.07,0,0,0
2021-10-24,54.22,10.43,35.35,2515,6250832,67.22,2653,5748545,61.82,9855,3922212,42.18,0,0,0
2021-10-25,54.59,10.22,35.19,2635,6253467,67.25,2747,5751292,61.85,8506,3930718,42.27,0,0,0
2021-10-26,54.64,10.26,35.1,2378,6255845,67.27,2055,5753347,61.87,8520,3939238,42.36,0,0,0
2021-10-27,54.58,10.37,35.06,2288,6258133,67.3,2566,5755913,61.9,7952,3947190,42.45,0,0,0
2021-10-28,54.69,10.76,34.55,2501,6260634,67.32,2775,5758688,61.93,8669,3955859,42.54,0,0,0
2021-10-29,54.73,10.75,34.52,898,6261532,67.33,1151,5759839,61.94,4132,3959991,42.58,0,0,0
2021-10-30,54.68,10.81,34.52,364,6261896,67.34,530,5760369,61.94,1710,3961701,42.6,0,0,0
2021-10-31,54.83,10.7,34.47,2260,6264156,67.36,2495,5762864,61.97,8252,3969953,42.69,0,0,0
2021-11-01,54.95,10.63,34.42,1735,6265891,67.38,2090,5764954,61.99,6478,3976431,42.76,0,0,0
2021-11-02,54.89,10.69,34.42,2026,6267917,67.4,2043,5766997,62.02,6292,3982723,42.83,0,0,0
2021-11-03,54.86,10.75,34.39,1761,6269678,67.42,1896,5768893,62.04,5555,3988278,42.89,0,0,0
2021-11-04,54.85,10.81,34.33,2109,6271787,67.44,2801,5771694,62.07,7126,3995404,42.96,0,0,0
2021-11-05,54.85,10.83,34.32,788,6272575,67.45,903,5772597,62.08,3482,3998886,43,0,0,0
2021-11-06,54.82,10.86,34.32,345,6272920,67.46,385,5772982,62.08,1372,4000258,43.02,0,0,0
2021-11-07,54.92,10.8,34.28,1578,6274498,67.47,1769,5774751,62.1,6134,4006392,43.08,0,0,0
2021-11-08,55.01,10.75,34.24,1518,6276016,67.49,1602,5776353,62.12,5405,4011797,43.14,0,0,0
2021-11-09,55.05,10.74,34.21,1428,6277444,67.5,1606,5777959,62.13,5330,4017127,43.2,0,0,0
2021-11-10,55.08,10.73,34.19,1423,6278867,67.52,1659,5779618,62.15,4777,4021904,43.25,0,0,0
2021-11-11,55.15,10.69,34.15,1627,6280494,67.54,1944,5781562,62.17,5711,4027615,43.31,0,0,0
2021-11-12,55.17,10.69,34.14,633,6281127,67.54,824,5782386,62.18,2921,4030536,43.34,0,0,0
2021-11-13,55.14,10.72,34.14,255,6281382,67.55,286,5782672,62.18,1130,4031666,43.35,0,0,0
2021-11-14,55.21,10.68,34.11,1536,6282918,67.56,1637,5784309,62.2,5108,4036774,43.41,0,0,0
2021-11-15,55.28,10.63,34.09,1274,6284192,67.58,1622,5785931,62.22,4768,4041542,43.46,0,0,0
2021-11-16,55.32,10.62,34.07,1270,6285462,67.59,1414,5787345,62.23,4347,4045889,43.51,0,0,0
2021-11-17,55.35,10.6,34.05,1204,6286666,67.6,1562,5788907,62.25,3914,4049803,43.55,0,0,0
2021-11-18,55.41,10.58,34.02,1360,6288026,67.62,1691,5790598,62.27,5009,4054812,43.6,0,0,0
2021-11-19,55.42,10.57,34.01,588,6288614,67.62,762,5791360,62.28,2455,4057267,43.63,0,0,0
2021-11-20,55.41,10.58,34,237,6288851,67.63,254,5791614,62.28,929,4058196,43.64,0,0,0
2021-11-21,55.47,10.54,33.98,1408,6290259,67.64,1540,5793154,62.3,4878,4063074,43.69,0,0,0
2021-11-22,55.54,10.5,33.96,1680,6291939,67.66,1520,5794674,62.31,4236,4067310,43.74,0,0,0
2021-11-23,55.57,10.48,33.95,8621,6300560,67.75,1686,5796360,62.33,4004,4071314,43.78,0,0,0
2021-11-24,55.6,10.44,33.95,9348,6309908,67.85,1316,5797676,62.35,3922,4075236,43.82,0,0,0
2021-11-25,55.64,10.43,33.93,9812,6319720,67.96,1600,5799276,62.36,4838,4080074,43.88,0,0,0
2021-11-26,55.63,10.45,33.92,5610,6325330,68.02,747,5800023,62.37,2798,4082872,43.91,0,0,0
2021-11-27,55.62,10.46,33.92,4779,6330109,68.07,323,5800346,62.37,1162,4084034,43.92,0,0,0
2021-11-28,55.67,10.43,33.9,10152,6340261,68.18,1475,5801821,62.39,4901,4088935,43.97,0,0,0
2021-11-29,55.73,10.39,33.88,9042,6349303,68.28,1130,5802951,62.4,4372,4093307,44.02,0,0,0
2021-11-30,55.77,10.37,33.86,10044,6359347,68.39,1035,5803986,62.41,4084,4097391,44.06,0,0,0
2021-12-01,55.79,10.36,33.84,8628,6367975,68.48,1095,5805081,62.42,4439,4101830,44.11,6,6,0
2021-12-02,55.84,10.34,33.82,9175,6377150,68.58,1453,5806534,62.44,5119,4106949,44.16,6,12,0
2021-12-03,55.86,10.33,33.81,6331,6383481,68.64,673,5807207,62.45,2867,4109816,44.19,1,13,0
2021-12-04,55.85,10.34,33.81,2508,6385989,68.67,235,5807442,62.45,918,4110734,44.2,3,16,0
2021-12-05,55.9,10.31,33.79,8335,6394324,68.76,1253,5808695,62.46,4682,4115416,44.26,1,17,0
2021-12-06,55.95,10.27,33.78,6723,6401047,68.83,1197,5809892,62.48,4348,4119764,44.3,4,21,0
2021-12-07,55.99,10.25,33.76,5553,6406600,68.89,1501,5811393,62.49,3964,4123728,44.34,9,30,0
2021-12-08,56.03,10.22,33.75,4933,6411533,68.95,1199,5812592,62.51,3877,4127605,44.39,10,40,0
2021-12-09,56.08,10.19,33.73,6236,6417769,69.01,1236,5813828,62.52,4506,4132111,44.43,8,48,0
2021-12-10,56.1,10.18,33.72,3005,6420774,69.05,702,5814530,62.53,2685,4134796,44.46,4,52,0
2021-12-11,56.1,10.18,33.71,1491,6422265,69.06,251,5814781,62.53,1016,4135812,44.47,0,52,0
2021-12-12,56.16,10.15,33.69,7273,6429538,69.14,1444,5816225,62.54,5246,4141058,44.53,3,55,0
2021-12-13,56.21,10.11,33.67,6178,6435716,69.21,1374,5817599,62.56,4347,4145405,44.58,5,60,0
2021-12-14,56.27,10.09,33.65,7317,6443033,69.29,6100,5823699,62.63,4937,4150342,44.63,12,72,0
2021-12-15,56.34,10.06,33.6,7203,6450236,69.36,7403,5831102,62.7,5442,4155784,44.69,7,79,0
2021-12-16,56.53,10.05,33.42,8079,6458315,69.45,8613,5839715,62.8,6559,4162343,44.76,8,87,0
2021-12-17,56.64,10.05,33.3,4405,6462720,69.5,5139,5844854,62.85,3952,4166295,44.8,3,90,0
2021-12-18,56.73,10.07,33.2,3940,6466660,69.54,2913,5847767,62.88,1360,4167655,44.82,2,92,0
2021-12-19,56.92,10.04,33.04,6980,6473640,69.61,9331,5857098,62.98,6273,4173928,44.88,6,98,0
2021-12-20,57.07,10.02,32.91,7969,6481609,69.7,7517,5864615,63.07,5441,4179369,44.94,9,107,0
2021-12-21,57.27,10.01,32.71,9549,6491158,69.8,8648,5873263,63.16,6489,4185858,45.01,8,115,0
2021-12-22,57.49,10,32.52,9664,6500822,69.91,8155,5881418,63.25,6246,4192104,45.08,12,127,0
2021-12-23,57.7,9.97,32.33,11538,6512360,70.03,10263,5891681,63.36,8152,4200256,45.17,16,143,0
2021-12-24,57.83,9.96,32.21,5872,6518232,70.09,6240,5897921,63.42,5277,4205533,45.22,12,155,0
2021-12-25,57.9,9.96,32.15,3338,6521570,70.13,2565,5900486,63.45,2021,4207554,45.25,6,161,0
2021-12-26,58.1,9.92,31.98,10653,6532223,70.24,8910,5909396,63.55,8200,4215754,45.33,8,169,0
2021-12-27,58.27,9.9,31.83,10370,6542593,70.36,7145,5916541,63.62,8182,4223936,45.42,21,190,0
2021-12-28,58.46,9.88,31.66,11374,6553967,70.48,7452,5923993,63.7,9638,4233574,45.53,24,214,0
2021-12-29,58.64,9.85,31.51,9933,6563900,70.58,5963,5929956,63.77,8374,4241948,45.62,19,233,0
2021-12-30,58.84,9.82,31.34,11012,6574912,70.7,7735,5937691,63.85,12239,4254187,45.75,10,243,0
2021-12-31,58.9,9.79,31.3,4829,6579741,70.76,3672,5941363,63.89,7294,4261481,45.83,135,378,0
2022-01-01,58.93,9.79,31.28,1992,6581733,70.78,1591,5942954,63.91,2741,4264222,45.86,66,444,0
2022-01-02,59.14,9.76,31.1,10217,6591950,70.89,6487,5949441,63.98,13001,4277223,46,590,1034,0.01
2022-01-03,59.29,9.71,31,9383,6601333,70.99,5257,5954698,64.03,11335,4288558,46.12,25055,26089,0.28
2022-01-04,59.46,9.68,30.86,8967,6610300,71.08,5946,5960644,64.1,10521,4299079,46.23,50657,76746,0.83
2022-01-05,59.56,9.65,30.79,8551,6618851,71.18,5737,5966381,64.16,10489,4309568,46.34,59588,136334,1.47
2022-01-06,59.81,9.63,30.56,10339,6629190,71.29,7958,5974339,64.25,13530,4323098,46.49,63999,200333,2.15
2022-01-07,59.89,9.61,30.49,4759,6633949,71.34,4556,5978895,64.29,8160,4331258,46.58,31135,231468,2.49
2022-01-08,59.9,9.64,30.46,2750,6636699,71.37,2450,5981345,64.32,5500,4336758,46.64,27629,259097,2.79
2022-01-09,60.06,9.59,30.35,9307,6646006,71.47,7722,5989067,64.4,11866,4348624,46.76,66763,325860,3.5
2022-01-10,60.21,9.54,30.25,8351,6654357,71.56,7644,5996711,64.49,11876,4360500,46.89,64773,390633,4.2
2022-01-11,60.38,9.49,30.13,8102,6662459,71.64,8620,6005331,64.58,11967,4372467,47.02,56656,447289,4.81
2022-01-12,60.51,9.45,30.04,7277,6669736,71.72,8304,6013635,64.67,11111,4383578,47.14,44630,491919,5.29
2022-01-13,60.7,9.35,29.94,7510,6677246,71.8,9617,6023252,64.77,11540,4395118,47.26,34761,526680,5.66
2022-01-14,60.79,9.31,29.9,2555,6679801,71.83,4933,6028185,64.82,6140,4401258,47.33,11141,537821,5.78
2022-01-15,60.83,9.29,29.87,1466,6681267,71.85,3166,6031351,64.86,3882,4405140,47.37,5716,543537,5.84
2022-01-16,60.97,9.2,29.82,3818,6685085,71.89,8524,6039875,64.95,7682,4412822,47.45,19991,563528,6.06
2022-01-17,61.09,9.13,29.78,2808,6687893,71.92,7045,6046920,65.03,6169,4418991,47.52,17832,581360,6.25
2022-01-18,61.23,9.07,29.7,2477,6690370,71.94,7385,6054305,65.11,5530,4424521,47.58,14816,596176,6.41
2022-01-19,61.37,8.98,29.65,1915,6692285,71.97,6367,6060672,65.17,4520,4429041,47.63,8460,604636,6.5
2022-01-20,61.44,8.85,29.71,1777,6694062,71.98,6967,6067639,65.25,4790,4433831,47.68,8041,612677,6.59
2022-01-21,61.51,8.81,29.68,905,6694967,71.99,3725,6071364,65.29,2643,4436474,47.71,3358,616035,6.62
2022-01-22,61.51,8.75,29.74,328,6695295,72,1461,6072825,65.3,1065,4437539,47.72,1113,617148,6.64
2022-01-23,61.61,8.7,29.69,1068,6696363,72.01,5632,6078457,65.36,2878,4440417,47.75,6083,623231,6.7
2022-01-24,61.73,8.62,29.65,758,6697121,72.02,4481,6082938,65.41,2266,4442683,47.77,5054,628285,6.76
2022-01-25,61.9,8.51,29.59,743,6697864,72.03,4400,6087338,65.46,2178,4444861,47.8,7102,635387,6.83
2022-01-26,62.02,8.42,29.57,614,6698478,72.03,3284,6090622,65.5,1610,4446471,47.82,4262,639649,6.88
2022-01-27,62.12,8.35,29.52,797,6699275,72.04,4406,6095028,65.54,2002,4448473,47.84,5441,645090,6.94
2022-01-28,62.16,8.33,29.5,395,6699670,72.04,2376,6097404,65.57,1176,4449649,47.85,3450,648540,6.97
2022-01-29,62.23,8.29,29.48,124,6699794,72.05,1045,6098449,65.58,424,4450073,47.85,1162,649702,6.99
2022-01-30,62.3,8.24,29.46,769,6700563,72.05,4719,6103168,65.63,2019,4452092,47.88,8099,657801,7.07
2022-01-31,62.39,8.17,29.43,528,6701091,72.06,3184,6106352,65.66,1609,4453701,47.89,6472,664273,7.14
2022-02-01,62.45,8.15,29.4,480,6701571,72.07,2806,6109158,65.69,1522,4455223,47.91,5721,669994,7.2
2022-02-02,62.28,8.13,29.59,374,6701945,72.07,2393,6111551,65.72,1381,4456604,47.92,5074,675068,7.26
2022-02-03,62.34,8.08,29.57,446,6702391,72.07,2775,6114326,65.75,1460,4458064,47.94,5607,680675,7.32
2022-02-04,62.37,8.06,29.57,174,6702565,72.08,990,6115316,65.76,753,4458817,47.95,2455,683130,7.35
2022-02-05,62.34,8.09,29.56,62,6702627,72.08,340,6115656,65.76,221,4459038,47.95,420,683550,7.35
2022-02-06,62.41,8.05,29.55,406,6703033,72.08,2320,6117976,65.79,1343,4460381,47.96,5686,689236,7.41
2022-02-07,62.47,8.01,29.52,282,6703315,72.08,1306,6119282,65.8,982,4461363,47.98,5960,695196,7.48
2022-02-08,62.54,7.97,29.49,317,6703632,72.09,1498,6120780,65.82,1067,4462430,47.99,6137,701333,7.54
2022-02-09,62.6,7.95,29.45,254,6703886,72.09,1102,6121882,65.83,944,4463374,48,4570,705903,7.59
2022-02-10,62.63,7.93,29.44,272,6704158,72.09,1293,6123175,65.85,936,4464310,48.01,4815,710718,7.64
2022-02-11,62.67,7.91,29.42,211,6704369,72.1,557,6123732,65.85,516,4464826,48.01,2539,713257,7.67
2022-02-12,62.67,7.91,29.41,32,6704401,72.1,90,6123822,65.85,130,4464956,48.01,269,713526,7.67
2022-02-13,62.73,7.87,29.39,286,6704687,72.1,946,6124768,65.86,966,4465922,48.02,4998,718524,7.73
2022-02-14,62.89,7.74,29.36,180,6704867,72.1,627,6125395,65.87,758,4466680,48.03,3143,721667,7.76
2022-02-15,62.92,7.73,29.35,266,6705133,72.1,763,6126158,65.88,932,4467612,48.04,3817,725484,7.8
2022-02-16,62.95,7.72,29.34,179,6705312,72.11,577,6126735,65.88,802,4468414,48.05,2487,727971,7.83
2022-02-17,62.96,7.7,29.34,246,6705558,72.11,739,6127474,65.89,773,4469187,48.06,3061,731032,7.86
2022-02-18,62.98,7.69,29.33,131,6705689,72.11,341,6127815,65.9,436,4469623,48.06,1118,732150,7.87
2022-02-19,62.99,7.69,29.32,33,6705722,72.11,84,6127899,65.9,82,4469705,48.07,79,732229,7.87
2022-02-20,63.01,7.67,29.32,203,6705925,72.11,604,6128503,65.9,720,4470425,48.07,2574,734803,7.9
2022-02-21,63.04,7.65,29.31,173,6706098,72.11,412,6128915,65.91,488,4470913,48.08,1542,736345,7.92
2022-02-22,63.05,7.65,29.3,158,6706256,72.12,454,6129369,65.91,567,4471480,48.08,1871,738216,7.94
2022-02-23,63.06,7.65,29.29,108,6706364,72.12,353,6129722,65.92,451,4471931,48.09,1153,739369,7.95
2022-02-24,63.05,7.66,29.29,138,6706502,72.12,461,6130183,65.92,568,4472499,48.09,1492,740861,7.97
2022-02-25,63.06,7.66,29.28,59,6706561,72.12,142,6130325,65.92,188,4472687,48.1,456,741317,7.97
2022-02-26,63.05,7.67,29.28,15,6706576,72.12,28,6130353,65.92,161,4472848,48.1,35,741352,7.97
2022-02-27,63.05,7.67,29.28,112,6706688,72.12,341,6130694,65.93,449,4473297,48.1,1118,742470,7.98
2022-02-28,63.07,7.65,29.28,108,6706796,72.12,271,6130965,65.93,421,4473718,48.11,907,743377,7.99
2022-03-01,63.1,7.63,29.27,95,6706891,72.12,280,6131245,65.93,372,4474090,48.11,797,744174,8
2022-03-02,63.11,7.62,29.27,77,6706968,72.12,199,6131444,65.93,324,4474414,48.12,697,744871,8.01
2022-03-03,63.05,7.67,29.27,156,6707124,72.13,371,6131815,65.94,496,4474910,48.12,987,745858,8.02
2022-03-04,63.05,7.68,29.27,53,6707177,72.13,170,6131985,65.94,167,4475077,48.12,227,746085,8.02
2022-03-05,63.04,7.69,29.27,4,6707181,72.13,25,6132010,65.94,43,4475120,48.12,32,746117,8.02
2022-03-06,63.04,7.69,29.27,97,6707278,72.13,258,6132268,65.94,418,4475538,48.13,760,746877,8.03
2022-03-07,63.05,7.69,29.26,87,6707365,72.13,260,6132528,65.95,349,4475887,48.13,604,747481,8.04
2022-03-08,63.04,7.7,29.26,98,6707463,72.13,263,6132791,65.95,333,4476220,48.14,550,748031,8.04
2022-03-09,63.02,7.72,29.25,89,6707552,72.13,213,6133004,65.95,335,4476555,48.14,492,748523,8.05
2022-03-10,63.01,7.74,29.25,115,6707667,72.13,373,6133377,65.96,427,4476982,48.14,620,749143,8.06
2022-03-11,63,7.75,29.25,24,6707691,72.13,86,6133463,65.96,122,4477104,48.14,144,749287,8.06
2022-03-12,62.98,7.77,29.24,10,6707701,72.13,11,6133474,65.96,31,4477135,48.14,28,749315,8.06
2022-03-13,62.98,7.78,29.24,100,6707801,72.13,271,6133745,65.96,358,4477493,48.15,595,749910,8.06
2022-03-14,62.98,7.78,29.24,65,6707866,72.13,252,6133997,65.96,316,4477809,48.15,559,750469,8.07
2022-03-15,62.95,7.81,29.24,79,6707945,72.13,185,6134182,65.96,293,4478102,48.16,591,751060,8.08
2022-03-16,62.94,7.82,29.24,77,6708022,72.13,205,6134387,65.97,302,4478404,48.16,667,751727,8.08
2022-03-17,62.94,7.82,29.24,65,6708087,72.14,121,6134508,65.97,286,4478690,48.16,613,752340,8.09
2022-03-18,62.94,7.82,29.24,19,6708106,72.14,54,6134562,65.97,100,4478790,48.16,234,752574,8.09
2022-03-19,62.89,7.88,29.23,5,6708111,72.14,10,6134572,65.97,28,4478818,48.16,39,752613,8.09
2022-03-20,62.87,7.89,29.23,119,6708230,72.14,259,6134831,65.97,486,4479304,48.17,1429,754042,8.11
2022-03-21,62.87,7.9,29.23,97,6708327,72.14,247,6135078,65.97,378,4479682,48.17,1132,755174,8.12
2022-03-22,62.84,7.94,29.23,140,6708467,72.14,342,6135420,65.98,506,4480188,48.18,1770,756944,8.14
2022-03-23,62.81,7.97,29.22,108,6708575,72.14,212,6135632,65.98,462,4480650,48.18,1676,758620,8.16
2022-03-24,62.78,8,29.22,174,6708749,72.14,345,6135977,65.98,768,4481418,48.19,2361,760981,8.18
2022-03-25,62.78,8,29.23,39,6708788,72.14,82,6136059,65.98,156,4481574,48.19,629,761610,8.19
2022-03-26,62.77,8,29.22,12,6708800,72.14,13,6136072,65.98,34,4481608,48.19,91,761701,8.19
2022-03-27,62.75,8.02,29.22,167,6708967,72.14,342,6136414,65.99,758,4482366,48.2,3192,764893,8.23
2022-03-28,62.75,8.03,29.22,113,6709080,72.15,270,6136684,65.99,623,4482989,48.21,2416,767309,8.25
2022-03-29,62.7,8.07,29.22,125,6709205,72.15,257,6136941,65.99,641,4483630,48.21,2770,770079,8.28
2022-03-30,62.81,8.11,29.07,132,6709337,72.15,207,6137148,66,538,4484168,48.22,2370,772449,8.31
2022-03-31,62.79,8.11,29.1,166,6709503,72.15,302,6137450,66,729,4484897,48.23,2852,775301,8.34
2022-04-01,62.72,8.13,29.15,122,6709625,72.15,160,6137610,66,277,4485174,48.23,585,775886,8.34
2022-04-02,62.69,8.15,29.16,6,6709631,72.15,6,6137616,66,37,4485211,48.23,52,775938,8.34
2022-04-03,62.65,8.16,29.19,159,6709790,72.15,270,6137886,66,569,4485780,48.24,2478,778416,8.37
2022-04-04,62.62,8.16,29.22,103,6709893,72.15,207,6138093,66.01,483,4486263,48.24,2222,780638,8.39
2022-04-05,62.57,8.19,29.25,122,6710015,72.16,219,6138312,66.01,513,4486776,48.25,2242,782880,8.42
2022-04-06,62.55,8.2,29.25,92,6710107,72.16,155,6138467,66.01,381,4487157,48.25,2019,784899,8.44
2022-04-07,62.56,8.2,29.24,191,6710298,72.16,215,6138682,66.01,641,4487798,48.26,2554,787453,8.47
2022-04-08,62.54,8.22,29.23,30,6710328,72.16,59,6138741,66.01,153,4487951,48.26,479,787932,8.47
2022-04-09,62.52,8.25,29.23,6,6710334,72.16,17,6138758,66.01,27,4487978,48.26,46,787978,8.47
2022-04-10,62.51,8.26,29.23,103,6710437,72.16,264,6139022,66.02,429,4488407,48.27,1845,789823,8.49
2022-04-11,62.54,8.26,29.2,78,6710515,72.16,201,6139223,66.02,371,4488778,48.27,1425,791248,8.51
2022-04-12,62.58,8.29,29.12,204,6710719,72.16,168,6139391,66.02,374,4489152,48.27,1360,792608,8.52
2022-04-13,62.58,8.31,29.1,119,6710838,72.17,150,6139541,66.02,296,4489448,48.28,1217,793825,8.54
2022-04-14,62.57,8.33,29.1,85,6710923,72.17,221,6139762,66.02,320,4489768,48.28,1068,794893,8.55
2022-04-15,62.55,8.35,29.1,9,6710932,72.17,51,6139813,66.02,47,4489815,48.28,82,794975,8.55
2022-04-16,62.53,8.37,29.1,3,6710935,72.17,8,6139821,66.02,21,4489836,48.28,29,795004,8.55
2022-04-17,62.52,8.38,29.1,62,6710997,72.17,131,6139952,66.03,229,4490065,48.28,807,795811,8.56
2022-04-18,62.51,8.38,29.1,69,6711066,72.17,109,6140061,66.03,252,4490317,48.29,749,796560,8.57
2022-04-19,62.5,8.4,29.1,62,6711128,72.17,144,6140205,66.03,273,4490590,48.29,841,797401,8.57
2022-04-20,62.48,8.42,29.1,60,6711188,72.17,117,6140322,66.03,235,4490825,48.29,654,798055,8.58
2022-04-21,62.47,8.43,29.1,53,6711241,72.17,109,6140431,66.03,195,4491020,48.29,479,798534,8.59
2022-04-22,62.45,8.44,29.11,2,6711243,72.17,16,6140447,66.03,19,4491039,48.29,19,798553,8.59
2022-04-23,62.43,8.46,29.11,6,6711249,72.17,9,6140456,66.03,14,4491053,48.29,13,798566,8.59
2022-04-24,62.43,8.47,29.1,92,6711341,72.17,250,6140706,66.03,329,4491382,48.3,872,799438,8.6
2022-04-25,62.43,8.47,29.1,105,6711446,72.17,191,6140897,66.04,316,4491698,48.3,738,800176,8.6
2022-04-26,62.42,8.48,29.1,75,6711521,72.17,175,6141072,66.04,303,4492001,48.3,787,800963,8.61
2022-04-27,62.41,8.49,29.1,54,6711575,72.17,160,6141232,66.04,227,4492228,48.31,640,801603,8.62
2022-04-28,62.41,8.5,29.1,96,6711671,72.17,232,6141464,66.04,329,4492557,48.31,869,802472,8.63
2022-04-29,62.39,8.51,29.1,112,6711783,72.18,159,6141623,66.04,183,4492740,48.31,195,802667,8.63
2022-04-30,62.38,8.52,29.1,1,6711784,72.18,3,6141626,66.04,24,4492764,48.31,22,802689,8.63
2022-05-01,62.38,8.53,29.09,135,6711919,72.18,185,6141811,66.05,316,4493080,48.32,630,803319,8.64
2022-05-02,62.37,8.54,29.09,62,6711981,72.18,153,6141964,66.05,235,4493315,48.32,489,803808,8.64
2022-05-03,62.36,8.55,29.09,72,6712053,72.18,151,6142115,66.05,288,4493603,48.32,506,804314,8.65
2022-05-04,62.35,8.57,29.08,23,6712076,72.18,56,6142171,66.05,63,4493666,48.32,126,804440,8.65
2022-05-05,62.34,8.58,29.08,4,6712080,72.18,1,6142172,66.05,7,4493673,48.32,13,804453,8.65
2022-05-06,62.33,8.59,29.08,19,6712099,72.18,59,6142231,66.05,64,4493737,48.32,151,804604,8.65
2022-05-07,62.32,8.6,29.08,1,6712100,72.18,7,6142238,66.05,26,4493763,48.32,24,804628,8.65
2022-05-08,62.31,8.61,29.08,118,6712218,72.18,207,6142445,66.05,270,4494033,48.33,457,805085,8.66
2022-05-09,62.31,8.61,29.08,59,6712277,72.18,162,6142607,66.05,251,4494284,48.33,504,805589,8.66
2022-05-10,62.3,8.62,29.08,130,6712407,72.18,169,6142776,66.06,260,4494544,48.33,508,806097,8.67
2022-05-11,62.3,8.63,29.08,58,6712465,72.18,118,6142894,66.06,182,4494726,48.33,464,806561,8.67
2022-05-12,62.29,8.64,29.07,119,6712584,72.18,200,6143094,66.06,277,4495003,48.34,664,807225,8.68
2022-05-13,62.28,8.65,29.07,11,6712595,72.18,42,6143136,66.06,71,4495074,48.34,110,807335,8.68
2022-05-14,62.26,8.66,29.07,6,6712601,72.18,12,6143148,66.06,11,4495085,48.34,22,807357,8.68
2022-05-15,62.26,8.67,29.07,89,6712690,72.19,175,6143323,66.06,245,4495330,48.34,665,808022,8.69
2022-05-16,62.19,8.65,29.16,68,6712758,72.19,141,6143464,66.06,230,4495560,48.34,508,808530,8.69
2022-05-17,62.18,8.66,29.16,73,6712831,72.19,153,6143617,66.07,268,4495828,48.35,617,809147,8.7
2022-05-18,62.17,8.67,29.16,43,6712874,72.19,99,6143716,66.07,169,4495997,48.35,445,809592,8.71
2022-05-19,62.16,8.68,29.16,64,6712938,72.19,170,6143886,66.07,212,4496209,48.35,499,810091,8.71
2022-05-20,62.15,8.69,29.16,75,6713013,72.19,114,6144000,66.07,128,4496337,48.35,138,810229,8.71
2022-05-21,62.14,8.7,29.16,4,6713017,72.19,7,6144007,66.07,14,4496351,48.35,18,810247,8.71
2022-05-22,62.14,8.71,29.16,87,6713104,72.19,188,6144195,66.07,216,4496567,48.35,426,810673,8.72
2022-05-23,62.14,8.71,29.16,64,6713168,72.19,120,6144315,66.07,155,4496722,48.36,346,811019,8.72
2022-05-24,62.13,8.71,29.15,43,6713211,72.19,119,6144434,66.07,156,4496878,48.36,394,811413,8.73
2022-05-25,62.12,8.72,29.15,61,6713272,72.19,103,6144537,66.08,165,4497043,48.36,337,811750,8.73
2022-05-26,62.11,8.73,29.16,72,6713344,72.19,136,6144673,66.08,185,4497228,48.36,348,812098,8.73
2022-05-27,62.1,8.74,29.16,12,6713356,72.19,29,6144702,66.08,43,4497271,48.36,59,812157,8.73
2022-05-28,62.09,8.75,29.16,2,6713358,72.19,4,6144706,66.08,7,4497278,48.36,12,812169,8.73
2022-05-29,62.09,8.75,29.16,89,6713447,72.19,152,6144858,66.08,163,4497441,48.36,314,812483,8.74
2022-05-30,62.09,8.76,29.16,56,6713503,72.19,133,6144991,66.08,125,4497566,48.36,291,812774,8.74
2022-05-31,62.07,8.78,29.15,45,6713548,72.19,104,6145095,66.08,153,4497719,48.37,351,813125,8.74
2022-06-01,61.95,8.9,29.16,63,6713611,72.19,90,6145185,66.08,117,4497836,48.37,276,813401,8.75
2022-06-02,45.96,24.88,29.15,77,6713688,72.2,156,6145341,66.08,177,4498013,48.37,255,813656,8.75
2022-06-03,45.9,24.95,29.16,10,6713698,72.2,23,6145364,66.08,21,4498034,48.37,33,813689,8.75
2022-06-04,45.84,25,29.16,0,6713698,72.2,7,6145371,66.08,8,4498042,48.37,5,813694,8.75
2022-06-05,45.8,25.05,29.16,11,6713709,72.2,14,6145385,66.08,7,4498049,48.37,2,813696,8.75
2022-06-06,39.96,30.89,29.16,58,6713767,72.2,144,6145529,66.09,162,4498211,48.37,261,813957,8.75
2022-06-07,39.92,30.93,29.15,54,6713821,72.2,134,6145663,66.09,142,4498353,48.37,375,814332,8.76
2022-06-08,39.89,30.96,29.15,57,6713878,72.2,104,6145767,66.09,131,4498484,48.37,497,814829,8.76
2022-06-09,39.86,30.99,29.15,84,6713962,72.2,206,6145973,66.09,234,4498718,48.38,641,815470,8.77
2022-06-10,39.83,31.02,29.15,14,6713976,72.2,51,6146024,66.09,59,4498777,48.38,141,815611,8.77
2022-06-11,39.8,31.05,29.15,0,6713976,72.2,3,6146027,66.09,7,4498784,48.38,19,815630,8.77
2022-06-12,39.8,31.05,29.15,109,6714085,72.2,199,6146226,66.09,191,4498975,48.38,767,816397,8.78
2022-06-13,39.81,31.04,29.15,81,6714166,72.2,142,6146368,66.09,168,4499143,48.38,625,817022,8.79
2022-06-14,39.79,31.06,29.15,116,6714282,72.2,173,6146541,66.1,208,4499351,48.38,759,817781,8.79
2022-06-15,39.78,31.08,29.15,71,6714353,72.2,141,6146682,66.1,207,4499558,48.39,699,818480,8.8
2022-06-16,39.74,31.11,29.14,94,6714447,72.2,136,6146818,66.1,217,4499775,48.39,742,819222,8.81
2022-06-17,39.72,31.14,29.15,16,6714463,72.2,63,6146881,66.1,52,4499827,48.39,124,819346,8.81
2022-06-18,39.68,31.17,29.14,3,6714466,72.2,4,6146885,66.1,11,4499838,48.39,15,819361,8.81
2022-06-19,39.53,31.33,29.15,115,6714581,72.21,207,6147092,66.1,317,4500155,48.39,877,820238,8.82
2022-06-20,33.92,36.85,29.23,99,6714680,72.21,152,6147244,66.1,307,4500462,48.4,922,821160,8.83
2022-06-21,33.58,37.19,29.23,94,6714774,72.21,154,6147398,66.11,375,4500837,48.4,1229,822389,8.84
2022-06-22,33.28,37.49,29.23,110,6714884,72.21,135,6147533,66.11,339,4501176,48.4,894,823283,8.85
2022-06-23,32.84,37.92,29.23,133,6715017,72.21,217,6147750,66.11,524,4501700,48.41,1146,824429,8.87
2022-06-24,32.43,38.34,29.24,19,6715036,72.21,35,6147785,66.11,110,4501810,48.41,207,824636,8.87
2022-06-25,32.04,38.72,29.24,1,6715037,72.21,3,6147788,66.11,12,4501822,48.41,16,824652,8.87
2022-06-26,31.63,39.13,29.24,107,6715144,72.21,158,6147946,66.11,379,4502201,48.41,933,825585,8.88
2022-06-27,31.29,39.47,29.24,86,6715230,72.21,172,6148118,66.11,391,4502592,48.42,1028,826613,8.89
2022-06-28,30.86,39.91,29.24,84,6715314,72.21,151,6148269,66.12,364,4502956,48.42,932,827545,8.9
2022-06-29,30.48,40.28,29.24,76,6715390,72.21,106,6148375,66.12,265,4503221,48.43,816,828361,8.91
2022-06-30,30.05,40.71,29.24,86,6715476,72.21,165,6148540,66.12,356,4503577,48.43,1057,829418,8.92
2022-07-01,29.62,41.14,29.24,22,6715498,72.22,28,6148568,66.12,55,4503632,48.43,80,829498,8.92
2022-07-02,29.2,41.56,29.24,1,6715499,72.22,2,6148570,66.12,8,4503640,48.43,18,829516,8.92
2022-07-03,28.81,41.95,29.24,100,6715599,72.22,177,6148747,66.12,322,4503962,48.43,637,830153,8.93
2022-07-04,28.5,42.26,29.24,76,6715675,72.22,140,6148887,66.12,278,4504240,48.44,749,830902,8.94
2022-07-05,28.06,42.7,29.24,59,6715734,72.22,142,6149029,66.12,302,4504542,48.44,688,831590,8.94
2022-07-06,27.39,43.37,29.24,78,6715812,72.22,124,6149153,66.13,211,4504753,48.44,645,832235,8.95
2022-07-07,26.48,44.28,29.24,82,6715894,72.22,163,6149316,66.13,267,4505020,48.44,721,832956,8.96
2022-07-08,25.47,45.29,29.24,17,6715911,72.22,33,6149349,66.13,69,4505089,48.45,131,833087,8.96
2022-07-09,24.42,46.34,29.24,0,6715911,72.22,1,6149350,66.13,2,4505091,48.45,2,833089,8.96
2022-07-10,23.77,46.99,29.24,90,6716001,72.22,164,6149514,66.13,229,4505320,48.45,470,833559,8.96
2022-07-11,23.22,47.54,29.24,64,6716065,72.22,140,6149654,66.13,247,4505567,48.45,574,834133,8.97
2022-07-12,22.13,48.63,29.24,69,6716134,72.22,128,6149782,66.13,207,4505774,48.45,557,834690,8.98
2022-07-13,21.1,49.66,29.24,43,6716177,72.22,101,6149883,66.13,164,4505938,48.45,488,835178,8.98
2022-07-14,20.12,50.63,29.24,69,6716246,72.22,147,6150030,66.13,209,4506147,48.46,512,835690,8.99
2022-07-15,19.27,51.48,29.25,65,6716311,72.22,88,6150118,66.14,127,4506274,48.46,166,835856,8.99
2022-07-16,18.29,52.46,29.25,0,6716311,72.22,6,6150124,66.14,7,4506281,48.46,7,835863,8.99
2022-07-17,17.83,52.92,29.25,76,6716387,72.22,183,6150307,66.14,241,4506522,48.46,468,836331,8.99
2022-07-18,17.48,53.26,29.26,62,6716449,72.23,158,6150465,66.14,207,4506729,48.46,511,836842,9
2022-07-19,16.77,53.97,29.26,61,6716510,72.23,147,6150612,66.14,174,4506903,48.47,368,837210,9
2022-07-20,16.09,54.64,29.26,52,6716562,72.23,133,6150745,66.14,137,4507040,48.47,422,837632,9.01
2022-07-21,15.43,55.3,29.27,61,6716623,72.23,158,6150903,66.14,176,4507216,48.47,341,837973,9.01
2022-07-22,14.64,56.08,29.28,10,6716633,72.23,36,6150939,66.14,43,4507259,48.47,56,838029,9.01
2022-07-23,14.17,56.55,29.28,0,6716633,72.23,4,6150943,66.14,4,4507263,48.47,9,838038,9.01
2022-07-24,13.55,57.16,29.29,58,6716691,72.23,128,6151071,66.15,196,4507459,48.47,364,838402,9.02
2022-07-25,13.09,57.61,29.3,48,6716739,72.23,107,6151178,66.15,172,4507631,48.47,336,838738,9.02
2022-07-26,12.46,58.23,29.3,47,6716786,72.23,99,6151277,66.15,110,4507741,48.47,270,839008,9.02
2022-07-27,11.89,58.8,29.31,43,6716829,72.23,125,6151402,66.15,132,4507873,48.48,243,839251,9.02
2022-07-28,11.35,59.34,29.31,62,6716891,72.23,142,6151544,66.15,147,4508020,48.48,220,839471,9.03
2022-07-29,10.85,59.83,29.32,10,6716901,72.23,25,6151569,66.15,27,4508047,48.48,31,839502,9.03
2022-07-30,10.34,60.33,29.33,0,6716901,72.23,0,6151569,66.15,1,4508048,48.48,1,839503,9.03
2022-07-31,9.97,60.7,29.33,56,6716957,72.23,134,6151703,66.15,131,4508179,48.48,252,839755,9.03
2022-08-01,9.47,61.19,29.34,54,6717011,72.23,76,6151779,66.15,88,4508267,48.48,152,839907,9.03
2022-08-02,8.92,61.73,29.35,111,6717122,72.23,119,6151898,66.15,157,4508424,48.48,264,840171,9.03
2022-08-03,8.46,62.19,29.35,76,6717198,72.23,71,6151969,66.16,92,4508516,48.48,178,840349,9.04
2022-08-04,8.04,62.61,29.36,133,6717331,72.23,134,6152103,66.16,111,4508627,48.48,246,840595,9.04
2022-08-05,7.71,62.93,29.36,30,6717361,72.24,23,6152126,66.16,13,4508640,48.48,24,840619,9.04
2022-08-06,7.32,63.32,29.36,1,6717362,72.24,2,6152128,66.16,1,4508641,48.48,5,840624,9.04
2022-08-07,6.92,63.71,29.37,89,6717451,72.24,97,6152225,66.16,69,4508710,48.48,169,840793,9.04
2022-08-08,6.74,63.89,29.37,76,6717527,72.24,95,6152320,66.16,122,4508832,48.49,172,840965,9.04
2022-08-09,6.25,64.37,29.38,96,6717623,72.24,88,6152408,66.16,99,4508931,48.49,213,841178,9.05
2022-08-10,5.91,64.71,29.38,77,6717700,72.24,58,6152466,66.16,75,4509006,48.49,115,841293,9.05
2022-08-11,5.59,65.03,29.38,54,6717754,72.24,101,6152567,66.16,91,4509097,48.49,155,841448,9.05
2022-08-12,5.35,65.27,29.38,8,6717762,72.24,12,6152579,66.16,17,4509114,48.49,29,841477,9.05
2022-08-13,5.1,65.52,29.38,0,6717762,72.24,2,6152581,66.16,2,4509116,48.49,3,841480,9.05
2022-08-14,4.87,65.75,29.39,74,6717836,72.24,75,6152656,66.16,82,4509198,48.49,150,841630,9.05
2022-08-15,4.74,65.87,29.39,68,6717904,72.24,81,6152737,66.16,93,4509291,48.49,143,841773,9.05
2022-08-16,4.46,66.15,29.39,82,6717986,72.24,84,6152821,66.16,84,4509375,48.49,187,841960,9.05
2022-08-17,4.16,66.44,29.39,48,6718034,72.24,55,6152876,66.16,36,4509411,48.49,114,842074,9.06
2022-08-18,3.98,66.63,29.39,68,6718102,72.24,93,6152969,66.17,120,4509531,48.49,173,842247,9.06
2022-08-19,3.83,66.78,29.39,77,6718179,72.24,67,6153036,66.17,56,4509587,48.49,38,842285,9.06
2022-08-20,3.67,66.94,29.39,1,6718180,72.24,1,6153037,66.17,3,4509590,48.49,3,842288,9.06
2022-08-21,3.52,67.08,29.4,51,6718231,72.24,85,6153122,66.17,84,4509674,48.49,195,842483,9.06
2022-08-22,3.44,67.16,29.4,89,6718320,72.25,74,6153196,66.17,103,4509777,48.5,143,842626,9.06
2022-08-23,3.27,67.33,29.4,72,6718392,72.25,106,6153302,66.17,84,4509861,48.5,180,842806,9.06
2022-08-24,3.15,67.46,29.4,38,6718430,72.25,80,6153382,66.17,49,4509910,48.5,133,842939,9.06
2022-08-25,3.03,67.57,29.4,53,6718483,72.25,75,6153457,66.17,97,4510007,48.5,193,843132,9.07
2022-08-26,2.94,67.66,29.4,4,6718487,72.25,15,6153472,66.17,9,4510016,48.5,14,843146,9.07
2022-08-27,2.84,67.76,29.4,0,6718487,72.25,0,6153472,66.17,0,4510016,48.5,0,843146,9.07
2022-08-28,2.75,67.85,29.4,55,6718542,72.25,80,6153552,66.17,85,4510101,48.5,102,843248,9.07
2022-08-29,2.69,67.91,29.4,48,6718590,72.25,68,6153620,66.17,89,4510190,48.5,107,843355,9.07
2022-08-30,2.6,68,29.4,85,6718675,72.25,112,6153732,66.17,85,4510275,48.5,130,843485,9.07
2022-08-31,2.53,68.07,29.4,42,6718717,72.25,88,6153820,66.18,70,4510345,48.5,95,843580,9.07
2022-09-01,2.46,68.14,29.4,29,6718746,72.25,84,6153904,66.18,58,4510403,48.5,113,843693,9.07
2022-09-02,2.4,68.2,29.4,6,6718752,72.25,20,6153924,66.18,13,4510416,48.5,10,843703,9.07
2022-09-03,2.33,68.27,29.4,2,6718754,72.25,0,6153924,66.18,3,4510419,48.5,1,843704,9.07
2022-09-04,2.27,68.32,29.4,63,6718817,72.25,132,6154056,66.18,80,4510499,48.5,121,843825,9.07
2022-09-05,2.23,68.37,29.4,44,6718861,72.25,77,6154133,66.18,58,4510557,48.5,89,843914,9.08
2022-09-06,2.17,68.42,29.4,60,6718921,72.25,104,6154237,66.18,78,4510635,48.51,130,844044,9.08
2022-09-07,2.12,68.47,29.4,27,6718948,72.25,63,6154300,66.18,53,4510688,48.51,94,844138,9.08
2022-09-08,2.07,68.53,29.4,50,6718998,72.25,101,6154401,66.18,70,4510758,48.51,77,844215,9.08
2022-09-09,2.03,68.57,29.4,10,6719008,72.25,21,6154422,66.18,16,4510774,48.51,17,844232,9.08
2022-09-10,1.97,68.62,29.4,0,6719008,72.25,0,6154422,66.18,5,4510779,48.51,2,844234,9.08
2022-09-11,1.92,68.67,29.41,39,6719047,72.25,117,6154539,66.18,78,4510857,48.51,116,844350,9.08
2022-09-12,1.88,68.71,29.41,24,6719071,72.25,72,6154611,66.18,52,4510909,48.51,68,844418,9.08
2022-09-13,1.82,68.77,29.41,44,6719115,72.25,112,6154723,66.18,54,4510963,48.51,103,844521,9.08
2022-09-14,1.78,68.82,29.41,21,6719136,72.25,64,6154787,66.19,53,4511016,48.51,62,844583,9.08
2022-09-15,1.73,68.86,29.41,32,6719168,72.25,77,6154864,66.19,63,4511079,48.51,107,844690,9.08
2022-09-16,1.7,68.89,29.41,52,6719220,72.26,52,6154916,66.19,27,4511106,48.51,28,844718,9.08
2022-09-17,1.66,68.93,29.41,3,6719223,72.26,0,6154916,66.19,1,4511107,48.51,0,844718,9.08
2022-09-18,1.63,68.96,29.41,27,6719250,72.26,66,6154982,66.19,52,4511159,48.51,114,844832,9.08
2022-09-19,1.61,68.98,29.41,27,6719277,72.26,74,6155056,66.19,44,4511203,48.51,57,844889,9.09
2022-09-20,1.56,69.03,29.41,41,6719318,72.26,93,6155149,66.19,75,4511278,48.51,102,844991,9.09
2022-09-21,1.55,69.05,29.41,22,6719340,72.26,55,6155204,66.19,31,4511309,48.51,67,845058,9.09
2022-09-22,1.52,69.07,29.4,42,6719382,72.26,62,6155266,66.19,49,4511358,48.51,306,845364,9.09
2022-09-23,1.5,69.1,29.41,22,6719404,72.26,29,6155295,66.19,34,4511392,48.51,248,845612,9.09
2022-09-24,1.47,69.13,29.41,0,6719404,72.26,0,6155295,66.19,0,4511392,48.51,0,845612,9.09
2022-09-25,1.46,69.13,29.41,9,6719413,72.26,24,6155319,66.19,28,4511420,48.51,222,845834,9.1
2022-09-26,1.46,69.13,29.41,3,6719416,72.26,16,6155335,66.19,30,4511450,48.51,64,845898,9.1
2022-09-27,1.42,69.17,29.41,2,6719418,72.26,1,6155336,66.19,4,4511454,48.51,8,845906,9.1
2022-09-28,1.39,69.21,29.41,38,6719456,72.26,52,6155388,66.19,94,4511548,48.52,710,846616,9.1
2022-09-29,1.37,69.22,29.41,77,6719533,72.26,92,6155480,66.19,111,4511659,48.52,905,847521,9.11
2022-09-30,1.35,69.24,29.41,8,6719541,72.26,18,6155498,66.19,16,4511675,48.52,289,847810,9.12
2022-10-01,1.31,69.29,29.41,0,6719541,72.26,2,6155500,66.19,0,4511675,48.52,7,847817,9.12
2022-10-02,1.31,69.29,29.41,40,6719581,72.26,75,6155575,66.19,112,4511787,48.52,859,848676,9.13
2022-10-03,1.31,69.28,29.4,45,6719626,72.26,46,6155621,66.19,91,4511878,48.52,886,849562,9.14
2022-10-04,1.27,69.32,29.4,9,6719635,72.26,14,6155635,66.19,21,4511899,48.52,244,849806,9.14
2022-10-05,1.28,69.31,29.4,0,6719635,72.26,0,6155635,66.19,0,4511899,48.52,0,849806,9.14
2022-10-06,1.31,69.28,29.4,39,6719674,72.26,74,6155709,66.2,128,4512027,48.52,1276,851082,9.15
2022-10-07,1.3,69.29,29.41,8,6719682,72.26,10,6155719,66.2,16,4512043,48.52,247,851329,9.15
2022-10-08,1.26,69.33,29.41,0,6719682,72.26,1,6155720,66.2,0,4512043,48.52,0,851329,9.15
2022-10-09,1.31,69.28,29.41,10,6719692,72.26,32,6155752,66.2,45,4512088,48.52,431,851760,9.16
2022-10-10,1.38,69.22,29.4,5,6719697,72.26,5,6155757,66.2,2,4512090,48.52,13,851773,9.16
2022-10-11,1.36,69.24,29.4,33,6719730,72.26,71,6155828,66.2,102,4512192,48.52,858,852631,9.17
2022-10-12,1.34,69.26,29.4,36,6719766,72.26,46,6155874,66.2,91,4512283,48.52,927,853558,9.18
2022-10-13,1.4,69.2,29.4,28,6719794,72.26,29,6155903,66.2,48,4512331,48.52,719,854277,9.19
2022-10-14,1.4,69.2,29.4,8,6719802,72.26,9,6155912,66.2,27,4512358,48.52,257,854534,9.19
2022-10-15,1.38,69.22,29.4,0,6719802,72.26,0,6155912,66.2,0,4512358,48.52,2,854536,9.19
2022-10-16,1.39,69.2,29.4,8,6719810,72.26,17,6155929,66.2,38,4512396,48.52,384,854920,9.19
2022-10-17,1.39,69.2,29.4,1,6719811,72.26,2,6155931,66.2,2,4512398,48.52,8,854928,9.19
2022-10-18,1.43,69.17,29.4,38,6719849,72.26,67,6155998,66.2,108,4512506,48.53,940,855868,9.2
2022-10-19,1.47,69.12,29.4,42,6719891,72.26,56,6156054,66.2,109,4512615,48.53,1188,857056,9.22
2022-10-20,1.5,69.1,29.4,69,6719960,72.26,78,6156132,66.2,146,4512761,48.53,1053,858109,9.23
2022-10-21,1.5,69.09,29.4,7,6719967,72.26,16,6156148,66.2,24,4512785,48.53,273,858382,9.23
2022-10-22,1.49,69.1,29.4,0,6719967,72.26,0,6156148,66.2,1,4512786,48.53,1,858383,9.23
2022-10-23,1.51,69.08,29.4,48,6720015,72.26,61,6156209,66.2,95,4512881,48.53,845,859228,9.24
2022-10-24,1.51,69.08,29.41,63,6720078,72.26,47,6156256,66.2,105,4512986,48.53,764,859992,9.25
2022-10-25,1.55,69.04,29.4,41,6720119,72.26,65,6156321,66.2,133,4513119,48.53,1128,861120,9.26
2022-10-26,1.61,68.99,29.4,55,6720174,72.27,59,6156380,66.2,99,4513218,48.53,1201,862321,9.27
2022-10-27,1.67,68.93,29.4,65,6720239,72.27,68,6156448,66.2,141,4513359,48.53,1331,863652,9.29
2022-10-28,1.67,68.93,29.4,50,6720289,72.27,61,6156509,66.2,59,4513418,48.54,376,864028,9.29
2022-10-29,1.66,68.94,29.4,0,6720289,72.27,0,6156509,66.2,0,4513418,48.54,9,864037,9.29
2022-10-30,1.71,68.89,29.4,37,6720326,72.27,50,6156559,66.2,133,4513551,48.54,1005,865042,9.3
2022-10-31,1.76,68.84,29.4,40,6720366,72.27,51,6156610,66.21,153,4513704,48.54,1057,866099,9.31
2022-11-01,1.82,68.78,29.4,4,6720370,72.27,6,6156616,66.21,18,4513722,48.54,149,866248,9.32
2022-11-02,1.88,68.72,29.4,51,6720421,72.27,34,6156650,66.21,128,4513850,48.54,1049,867297,9.33
2022-11-03,1.96,68.64,29.4,38,6720459,72.27,47,6156697,66.21,132,4513982,48.54,1124,868421,9.34
2022-11-04,1.98,68.63,29.4,5,6720464,72.27,11,6156708,66.21,26,4514008,48.54,305,868726,9.34
2022-11-05,1.97,68.63,29.4,0,6720464,72.27,0,6156708,66.21,1,4514009,48.54,3,868729,9.34
2022-11-06,2.03,68.57,29.4,63,6720527,72.27,58,6156766,66.21,133,4514142,48.54,1200,869929,9.35
2022-11-07,2.1,68.51,29.4,36,6720563,72.27,33,6156799,66.21,115,4514257,48.54,1276,871205,9.37
2022-11-08,2.1,68.5,29.4,61,6720624,72.27,50,6156849,66.21,134,4514391,48.55,1118,872323,9.38
2022-11-09,2.16,68.45,29.4,36,6720660,72.27,49,6156898,66.21,133,4514524,48.55,1308,873631,9.39
2022-11-10,2.22,68.39,29.4,50,6720710,72.27,50,6156948,66.21,119,4514643,48.55,1706,875337,9.41
2022-11-11,2.23,68.37,29.4,6,6720716,72.27,26,6156974,66.21,29,4514672,48.55,511,875848,9.42
2022-11-12,2.22,68.38,29.4,1,6720717,72.27,0,6156974,66.21,2,4514674,48.55,16,875864,9.42
2022-11-13,2.29,68.31,29.4,43,6720760,72.27,51,6157025,66.21,146,4514820,48.55,1199,877063,9.43
2022-11-14,2.37,68.23,29.4,49,6720809,72.27,51,6157076,66.21,153,4514973,48.55,1467,878530,9.45
2022-11-15,2.43,68.17,29.4,72,6720881,72.27,59,6157135,66.21,164,4515137,48.55,1477,880007,9.46
2022-11-16,2.5,68.1,29.4,50,6720931,72.27,59,6157194,66.21,144,4515281,48.56,1548,881555,9.48
2022-11-17,2.59,68.02,29.4,54,6720985,72.27,76,6157270,66.21,180,4515461,48.56,1674,883229,9.5
2022-11-18,2.61,67.99,29.4,23,6721008,72.27,35,6157305,66.21,64,4515525,48.56,686,883915,9.51
2022-11-19,2.6,68,29.4,0,6721008,72.27,0,6157305,66.21,0,4515525,48.56,3,883918,9.51
2022-11-20,2.67,67.93,29.4,42,6721050,72.27,48,6157353,66.21,134,4515659,48.56,1380,885298,9.52
2022-11-21,2.76,67.85,29.4,45,6721095,72.28,41,6157394,66.21,133,4515792,48.56,1272,886570,9.53
2022-11-22,2.83,67.77,29.4,62,6721157,72.28,57,6157451,66.21,168,4515960,48.56,1520,888090,9.55
2022-11-23,2.9,67.7,29.4,61,6721218,72.28,58,6157509,66.21,168,4516128,48.56,1526,889616,9.57
2022-11-24,2.98,67.62,29.4,36,6721254,72.28,50,6157559,66.22,161,4516289,48.57,1639,891255,9.58
2022-11-25,3,67.6,29.4,31,6721285,72.28,36,6157595,66.22,53,4516342,48.57,531,891786,9.59
2022-11-26,3,67.61,29.4,0,6721285,72.28,2,6157597,66.22,2,4516344,48.57,2,891788,9.59
2022-11-27,3.06,67.54,29.4,31,6721316,72.28,35,6157632,66.22,139,4516483,48.57,1342,893130,9.6
2022-11-28,3.14,67.47,29.4,24,6721340,72.28,43,6157675,66.22,106,4516589,48.57,1166,894296,9.62
2022-11-29,3.2,67.4,29.4,60,6721400,72.28,78,6157753,66.22,188,4516777,48.57,1432,895728,9.63
2022-11-30,3.27,67.34,29.39,51,6721451,72.28,82,6157835,66.22,173,4516950,48.57,1521,897249,9.65
2022-12-01,3.34,67.26,29.39,40,6721491,72.28,60,6157895,66.22,220,4517170,48.58,1736,898985,9.67
2022-12-02,3.36,67.24,29.39,0,6721491,72.28,0,6157895,66.22,0,4517170,48.58,0,898985,9.67
