Date,Valid vaccinated pop. perc.,Expired vaccinated pop. perc.,Not vaccinated pop. perc.,Vaccinated (daily),Vaccinated (cumu),Vaccinated pop. perc.,Second dose (daily),Second dose (cumu),Second dose pop. perc.,Third dose (daily),Third dose (cumu),Third dose pop. perc.,Fourth dose (daily),Fourth dose (cumu),Fourth dose pop. perc.
2020-12-19,0,0,100,46,70,0,0,4,0,0,0,0,0,0,0
2020-12-20,0,0,100,7396,7466,0.08,0,4,0,0,0,0,0,0,0
2020-12-21,0,0,100,24923,32389,0.35,0,4,0,0,0,0,0,0,0
2020-12-22,0,0,100,44669,77058,0.83,0,4,0,0,0,0,0,0,0
2020-12-23,0,0,100,62918,139976,1.51,0,4,0,0,0,0,0,0,0
2020-12-24,0,0,100,73429,213405,2.29,0,4,0,0,0,0,0,0,0
2020-12-25,0,0,100,38517,251922,2.71,0,4,0,0,0,0,0,0,0
2020-12-26,0,0,100,32617,284539,3.06,0,4,0,0,0,0,0,0,0
2020-12-27,0,0,100,104571,389110,4.18,0,4,0,0,0,0,0,0,0
2020-12-28,0,0,100,135039,524149,5.64,0,4,0,0,0,0,0,0,0
2020-12-29,0,0,100,156334,680483,7.32,2,6,0,0,0,0,0,0,0
2020-12-30,0,0,100,153186,833669,8.96,0,6,0,0,0,0,0,0,0
2020-12-31,0,0,100,158593,992262,10.67,0,6,0,0,0,0,0,0,0
2021-01-01,0,0,100,71435,1063697,11.44,0,6,0,0,0,0,0,0,0
2021-01-02,0,0,100,71742,1135439,12.21,0,6,0,0,0,0,0,0,0
2021-01-03,0,0,100,149763,1285202,13.82,0,6,0,0,0,0,0,0,0
2021-01-04,0,0,100,152201,1437403,15.46,1,7,0,0,0,0,0,0,0
2021-01-05,0,0,100,125219,1562622,16.8,4,11,0,0,0,0,0,0,0
2021-01-06,0,0,100,103371,1665993,17.92,2,13,0,0,0,0,0,0,0
2021-01-07,0,0,100,116062,1782055,19.16,9,22,0,0,0,0,0,0,0
2021-01-08,0,0,100,66462,1848517,19.88,5,27,0,0,0,0,0,0,0
2021-01-09,0,0,100,44552,1893069,20.36,24,51,0,0,0,0,0,0,0
2021-01-10,0,0,100,37649,1930718,20.76,6001,6052,0.07,0,0,0,0,0,0
2021-01-11,0,0,100,21174,1951892,20.99,19264,25316,0.27,0,0,0,0,0,0
2021-01-12,0,0,100,24075,1975967,21.25,35675,60991,0.66,0,0,0,0,0,0
2021-01-13,0,0,100,52077,2028044,21.81,56874,117865,1.27,0,0,0,0,0,0
2021-01-14,0,0,100,56477,2084521,22.42,68838,186703,2.01,0,0,0,0,0,0
2021-01-15,0,0,100,30776,2115297,22.75,35942,222645,2.39,0,0,0,0,0,0
2021-01-16,0,0,100,29481,2144778,23.06,26006,248651,2.67,0,0,0,0,0,0
2021-01-17,0.31,0,99.69,68443,2213221,23.8,84596,333247,3.58,0,0,0,0,0,0
2021-01-18,0.58,0,99.42,69820,2283041,24.55,120437,453684,4.88,0,0,0,0,0,0
2021-01-19,1.09,0,98.91,72896,2355937,25.33,137847,591531,6.36,0,0,0,0,0,0
2021-01-20,1.9,0,98.1,76919,2432856,26.16,143764,735295,7.91,0,0,0,0,0,0
2021-01-21,2.88,0,97.12,70002,2502858,26.91,164473,899768,9.68,0,0,0,0,0,0
2021-01-22,3.39,0,96.61,37928,2540786,27.32,71132,970900,10.44,0,0,0,0,0,0
2021-01-23,3.77,0,96.23,39965,2580751,27.75,53595,1024495,11.02,0,0,0,0,0,0
2021-01-24,4.96,0,95.04,69147,2649898,28.5,140707,1165202,12.53,0,0,0,0,0,0
2021-01-25,6.61,0,93.39,80943,2730841,29.37,139519,1304721,14.03,0,0,0,0,0,0
2021-01-26,8.45,0,91.55,78731,2809572,30.21,126444,1431165,15.39,0,0,0,0,0,0
2021-01-27,10.34,0,89.66,77980,2887552,31.05,125069,1556234,16.73,0,0,0,0,0,0
2021-01-28,12.43,0,87.57,79570,2967122,31.91,130631,1686865,18.14,0,0,0,0,0,0
2021-01-29,13.34,0,86.66,36704,3003826,32.3,64793,1751658,18.84,0,0,0,0,0,0
2021-01-30,14.02,0,85.98,34395,3038221,32.67,42767,1794425,19.3,0,0,0,0,0,0
2021-01-31,15.76,0,84.24,73330,3111551,33.46,59503,1853928,19.94,0,0,0,0,0,0
2021-02-01,17.48,0,82.52,82510,3194061,34.35,35356,1889284,20.32,0,0,0,0,0,0
2021-02-02,19.01,0,80.99,70104,3264165,35.1,31072,1920356,20.65,0,0,0,0,0,0
2021-02-03,20.47,0,79.53,60308,3324473,35.75,51443,1971799,21.2,0,0,0,0,0,0
2021-02-04,22,0,78,72637,3397110,36.53,58096,2029895,21.83,0,0,0,0,0,0
2021-02-05,22.75,0,77.25,33944,3431054,36.9,28806,2058701,22.14,0,0,0,0,0,0
2021-02-06,23.23,0,76.77,21621,3452675,37.13,22233,2080934,22.38,0,0,0,0,0,0
2021-02-07,23.99,0,76.01,54081,3506756,37.71,68741,2149675,23.12,0,0,0,0,0,0
2021-02-08,24.52,0,75.48,58640,3565396,38.34,65468,2215143,23.82,0,0,0,0,0,0
2021-02-09,25.04,0,74.96,66354,3631750,39.05,67578,2282721,24.55,0,0,0,0,0,0
2021-02-10,25.77,0,74.23,70570,3702320,39.81,72313,2355034,25.32,0,0,0,0,0,0
2021-02-11,26.61,0,73.39,81175,3783495,40.69,72109,2427143,26.1,0,0,0,0,0,0
2021-02-12,27.02,0,72.98,39108,3822603,41.11,37597,2464740,26.5,0,0,0,0,0,0
2021-02-13,27.33,0,72.67,27463,3850066,41.4,30440,2495180,26.83,0,0,0,0,0,0
2021-02-14,28.25,0,71.75,74915,3924981,42.21,69085,2564265,27.57,0,0,0,0,0,0
2021-02-15,29.17,0,70.83,81545,4006526,43.08,75719,2639984,28.39,0,0,0,0,0,0
2021-02-16,30.11,0,69.89,83422,4089948,43.98,78299,2718283,29.23,0,0,0,0,0,0
2021-02-17,31.01,0,68.99,61984,4151932,44.65,75644,2793927,30.04,0,0,0,0,0,0
2021-02-18,31.94,0,68.06,69157,4221089,45.39,79739,2873666,30.9,0,0,0,0,0,0
2021-02-19,32.45,0,67.55,39676,4260765,45.82,38162,2911828,31.31,0,0,0,0,0,0
2021-02-20,32.85,0,67.15,31650,4292415,46.16,28724,2940552,31.62,0,0,0,0,0,0
2021-02-21,33.8,0,66.2,79434,4371849,47.01,78444,3018996,32.46,0,0,0,0,0,0
2021-02-22,34.83,0,65.17,85057,4456906,47.93,80595,3099591,33.33,0,0,0,0,0,0
2021-02-23,35.84,0,64.16,77329,4534235,48.76,70486,3170077,34.09,0,0,0,0,0,0
2021-02-24,36.76,0,63.24,61066,4595301,49.42,63144,3233221,34.77,0,0,0,0,0,0
2021-02-25,37.66,0,62.34,51728,4647029,49.97,64806,3298027,35.47,0,0,0,0,0,0
2021-02-26,38.1,0,61.9,25912,4672941,50.25,32043,3330070,35.81,0,0,0,0,0,0
2021-02-27,38.42,0,61.58,18352,4691293,50.45,21196,3351266,36.04,0,0,0,0,0,0
2021-02-28,39.24,0,60.76,40364,4731657,50.88,55873,3407139,36.64,0,0,0,0,0,0
2021-03-01,40.1,0,59.9,45752,4777409,51.37,61443,3468582,37.3,0,0,0,0,0,0
2021-03-02,40.85,0,59.15,41202,4818611,51.82,64798,3533380,38,0,0,0,0,0,0
2021-03-03,41.55,0,58.45,42035,4860646,52.27,66792,3600172,38.71,0,0,0,0,0,0
2021-03-04,42.24,0,57.76,39719,4900365,52.7,79125,3679297,39.57,0,0,0,0,0,0
2021-03-05,42.57,0,57.43,17370,4917735,52.88,40468,3719765,40,0,0,0,0,0,0
2021-03-06,42.78,0,57.22,10722,4928457,53,25347,3745112,40.27,0,0,0,0,0,0
2021-03-07,43.36,0,56.64,31156,4959613,53.33,72845,3817957,41.06,0,0,0,0,0,0
2021-03-08,43.97,0,56.03,27387,4987000,53.63,73294,3891251,41.84,0,0,0,0,0,0
2021-03-09,44.62,0,55.38,26757,5013757,53.92,76603,3967854,42.67,0,0,0,0,0,0
2021-03-10,45.27,0,54.73,23373,5037130,54.17,58685,4026539,43.3,0,0,0,0,0,0
2021-03-11,45.99,0,54.01,23305,5060435,54.42,69096,4095635,44.04,0,0,0,0,0,0
2021-03-12,46.34,0,53.66,11296,5071731,54.54,41418,4137053,44.49,0,0,0,0,0,0
2021-03-13,46.57,0,53.43,7952,5079683,54.62,25239,4162292,44.76,0,0,0,0,0,0
2021-03-14,47.2,0,52.8,20989,5100672,54.85,73936,4236228,45.55,0,0,0,0,0,0
2021-03-15,47.81,0,52.19,20150,5120822,55.07,78280,4314508,46.4,0,0,0,0,0,0
2021-03-16,48.43,0,51.57,18758,5139580,55.27,71480,4385988,47.16,0,0,0,0,0,0
2021-03-17,48.92,0,51.08,17704,5157284,55.46,59010,4444998,47.8,0,0,0,0,0,0
2021-03-18,49.45,0,50.55,16050,5173334,55.63,58125,4503123,48.42,0,0,0,0,0,0
2021-03-19,49.75,0,50.25,6956,5180290,55.71,27980,4531103,48.73,0,0,0,0,0,0
2021-03-20,49.93,0,50.07,5227,5185517,55.76,15301,4546404,48.89,0,0,0,0,0,0
2021-03-21,50.46,0,49.54,13172,5198689,55.9,40510,4586914,49.33,0,0,0,0,0,0
2021-03-22,51,0,49,13581,5212270,56.05,40542,4627456,49.76,0,0,0,0,0,0
2021-03-23,51.43,0,48.57,2844,5215114,56.08,7302,4634758,49.84,0,0,0,0,0,0
2021-03-24,51.84,0,48.16,11004,5226118,56.2,46560,4681318,50.34,0,0,0,0,0,0
2021-03-25,52.22,0,47.78,10272,5236390,56.31,35440,4716758,50.72,0,0,0,0,0,0
2021-03-26,52.4,0,47.6,4186,5240576,56.35,13334,4730092,50.87,0,0,0,0,0,0
2021-03-27,52.5,0,47.5,1786,5242362,56.37,4269,4734361,50.91,0,0,0,0,0,0
2021-03-28,52.74,0,47.26,2113,5244475,56.4,4611,4738972,50.96,0,0,0,0,0,0
2021-03-29,53,0,47,6916,5251391,56.47,30017,4768989,51.28,0,0,0,0,0,0
2021-03-30,53.08,0,46.92,7893,5259284,56.56,22454,4791443,51.52,0,0,0,0,0,0
2021-03-31,53.38,0,46.62,8153,5267437,56.64,19501,4810944,51.73,0,0,0,0,0,0
2021-04-01,53.62,0,46.38,8220,5275657,56.73,18701,4829645,51.94,0,0,0,0,0,0
2021-04-02,53.71,0,46.29,2943,5278600,56.76,8131,4837776,52.02,0,0,0,0,0,0
2021-04-03,53.74,0,46.26,1433,5280033,56.78,2983,4840759,52.06,0,0,0,0,0,0
2021-04-04,53.82,0,46.18,9618,5289651,56.88,22832,4863591,52.3,0,0,0,0,0,0
2021-04-05,54.04,0,45.96,10364,5300015,56.99,21276,4884867,52.53,0,0,0,0,0,0
2021-04-06,54.21,0,45.79,9032,5309047,57.09,16794,4901661,52.71,0,0,0,0,0,0
2021-04-07,54.36,0,45.64,8930,5317977,57.19,15311,4916972,52.87,0,0,0,0,0,0
2021-04-08,54.52,0,45.48,9429,5327406,57.29,17017,4933989,53.06,0,0,0,0,0,0
2021-04-09,54.58,0,45.42,3607,5331013,57.33,6259,4940248,53.13,0,0,0,0,0,0
2021-04-10,54.61,0,45.39,1635,5332648,57.34,3520,4943768,53.16,0,0,0,0,0,0
2021-04-11,54.78,0,45.22,9045,5341693,57.44,14249,4958017,53.32,0,0,0,0,0,0
2021-04-12,54.95,0,45.05,8935,5350628,57.54,13235,4971252,53.46,0,0,0,0,0,0
2021-04-13,55.08,0,44.92,5841,5356469,57.6,4960,4976212,53.51,0,0,0,0,0,0
2021-04-14,55.18,0,44.82,3651,5360120,57.64,5311,4981523,53.57,0,0,0,0,0,0
2021-04-15,55.27,0,44.73,697,5360817,57.65,582,4982105,53.58,0,0,0,0,0,0
2021-04-16,55.33,0,44.67,3418,5364235,57.68,6651,4988756,53.65,0,0,0,0,0,0
2021-04-17,55.35,0,44.65,822,5365057,57.69,1972,4990728,53.67,0,0,0,0,0,0
2021-04-18,55.47,0,44.53,7099,5372156,57.77,7433,4998161,53.75,0,0,0,0,0,0
2021-04-19,55.58,0,44.42,6407,5378563,57.84,7134,5005295,53.82,0,0,0,0,0,0
2021-04-20,55.65,0,44.35,6283,5384846,57.91,6887,5012182,53.9,0,0,0,0,0,0
2021-04-21,55.71,0,44.29,6381,5391227,57.97,7109,5019291,53.97,0,0,0,0,0,0
2021-04-22,55.75,0,44.25,5949,5397176,58.04,7690,5026981,54.06,0,0,0,0,0,0
2021-04-23,55.8,0,44.2,2767,5399943,58.07,3390,5030371,54.09,0,0,0,0,0,0
2021-04-24,55.82,0,44.18,767,5400710,58.08,1290,5031661,54.11,0,0,0,0,0,0
2021-04-25,55.89,0,44.11,4828,5405538,58.13,6925,5038586,54.18,0,0,0,0,0,0
2021-04-26,55.96,0,44.04,5479,5411017,58.19,7889,5046475,54.27,0,0,0,0,0,0
2021-04-27,56.03,0,43.97,4507,5415524,58.24,6625,5053100,54.34,0,0,0,0,0,0
2021-04-28,56.09,0,43.91,4501,5420025,58.28,7334,5060434,54.42,0,0,0,0,0,0
2021-04-29,56.16,0,43.84,4376,5424401,58.33,7294,5067728,54.5,0,0,0,0,0,0
2021-04-30,56.19,0,43.81,1923,5426324,58.35,3202,5070930,54.53,0,0,0,0,0,0
2021-05-01,56.2,0,43.8,458,5426782,58.36,895,5071825,54.54,0,0,0,0,0,0
2021-05-02,56.26,0,43.74,3225,5430007,58.39,6092,5077917,54.61,0,0,0,0,0,0
2021-05-03,56.32,0,43.68,3535,5433542,58.43,5834,5083751,54.67,0,0,0,0,0,0
2021-05-04,56.38,0,43.62,3593,5437135,58.47,4736,5088487,54.72,0,0,0,0,0,0
2021-05-05,56.44,0,43.56,3291,5440426,58.5,4093,5092580,54.76,0,0,0,0,0,0
2021-05-06,56.5,0,43.5,3644,5444070,58.54,3143,5095723,54.8,0,0,0,0,0,0
2021-05-07,56.52,0,43.48,1846,5445916,58.56,2509,5098232,54.82,0,0,0,0,0,0
2021-05-08,56.53,0,43.47,242,5446158,58.57,507,5098739,54.83,0,0,0,0,0,0
2021-05-09,56.58,0,43.42,2851,5449009,58.6,4751,5103490,54.88,0,0,0,0,0,0
2021-05-10,56.63,0,43.37,2897,5451906,58.63,4713,5108203,54.93,0,0,0,0,0,0
2021-05-11,56.67,0,43.33,2622,5454528,58.66,3881,5112084,54.97,0,0,0,0,0,0
2021-05-12,56.7,0,43.3,2031,5456559,58.68,3340,5115424,55.01,0,0,0,0,0,0
2021-05-13,56.73,0,43.27,2041,5458600,58.7,3684,5119108,55.05,0,0,0,0,0,0
2021-05-14,56.75,0,43.25,978,5459578,58.71,1494,5120602,55.06,0,0,0,0,0,0
2021-05-15,56.75,0,43.25,257,5459835,58.71,259,5120861,55.07,0,0,0,0,0,0
2021-05-16,56.78,0,43.22,529,5460364,58.72,1206,5122067,55.08,0,0,0,0,0,0
2021-05-17,56.81,0,43.19,301,5460665,58.72,848,5122915,55.09,0,0,0,0,0,0
2021-05-18,56.84,0,43.16,1961,5462626,58.74,4937,5127852,55.14,0,0,0,0,0,0
2021-05-19,56.87,0,43.13,2232,5464858,58.77,5042,5132894,55.2,0,0,0,0,0,0
2021-05-20,56.9,0,43.1,2312,5467170,58.79,3880,5136774,55.24,0,0,0,0,0,0
2021-05-21,56.92,0,43.08,1194,5468364,58.8,1414,5138188,55.25,0,0,0,0,0,0
2021-05-22,56.92,0,43.08,206,5468570,58.81,396,5138584,55.26,0,0,0,0,0,0
2021-05-23,56.94,0,43.06,2272,5470842,58.83,3216,5141800,55.29,0,0,0,0,0,0
2021-05-24,56.96,0,43.04,2139,5472981,58.85,3596,5145396,55.33,0,0,0,0,0,0
2021-05-25,56.99,0,43.01,1822,5474803,58.87,2588,5147984,55.36,0,0,0,0,0,0
2021-05-26,57.03,0,42.97,1410,5476213,58.89,2504,5150488,55.39,0,0,0,0,0,0
2021-05-27,57.06,0,42.94,1865,5478078,58.91,3188,5153676,55.42,0,0,0,0,0,0
2021-05-28,57.07,0,42.93,791,5478869,58.92,1406,5155082,55.44,0,0,0,0,0,0
2021-05-29,57.07,0,42.93,191,5479060,58.92,225,5155307,55.44,0,0,0,0,0,0
2021-05-30,57.1,0,42.9,1644,5480704,58.94,1937,5157244,55.46,0,0,0,0,0,0
2021-05-31,57.13,0,42.87,1739,5482443,58.96,2093,5159337,55.48,0,0,0,0,0,0
2021-06-01,57.47,0,42.53,1385,5483828,58.97,1823,5161160,55.5,0,0,0,0,0,0
2021-06-02,57.25,0,42.75,1514,5485342,58.99,1608,5162768,55.52,0,0,0,0,0,0
2021-06-03,57.27,0,42.73,1685,5487027,59,1493,5164261,55.53,0,0,0,0,0,0
2021-06-04,57.28,0,42.72,1101,5488128,59.02,784,5165045,55.54,0,0,0,0,0,0
2021-06-05,57.29,0,42.71,184,5488312,59.02,159,5165204,55.54,0,0,0,0,0,0
2021-06-06,57.31,0,42.69,4293,5492605,59.06,1002,5166206,55.55,0,0,0,0,0,0
2021-06-07,57.34,0,42.66,4438,5497043,59.11,813,5167019,55.56,0,0,0,0,0,0
2021-06-08,57.36,0,42.64,3739,5500782,59.15,1174,5168193,55.58,0,0,0,0,0,0
2021-06-09,57.4,0,42.6,3615,5504397,59.19,1329,5169522,55.59,0,0,0,0,0,0
2021-06-10,57.42,0,42.58,3361,5507758,59.23,1300,5170822,55.6,0,0,0,0,0,0
2021-06-11,57.43,0,42.57,1401,5509159,59.24,590,5171412,55.61,0,0,0,0,0,0
2021-06-12,57.43,0,42.57,220,5509379,59.25,173,5171585,55.61,0,0,0,0,0,0
2021-06-13,57.45,0,42.55,3101,5512480,59.28,1260,5172845,55.63,0,0,0,0,0,0
2021-06-14,57.46,0,42.54,3057,5515537,59.31,1531,5174376,55.64,0,0,0,0,0,0
2021-06-15,57.48,0,42.52,3137,5518674,59.35,1376,5175752,55.66,0,0,0,0,0,0
2021-06-16,57.49,0,42.51,2732,5521406,59.37,1001,5176753,55.67,0,0,0,0,0,0
2021-06-17,57.51,0,42.49,2733,5524139,59.4,1209,5177962,55.68,0,0,0,0,0,0
2021-06-18,57.52,0,42.48,1269,5525408,59.42,506,5178468,55.69,0,0,0,0,0,0
2021-06-19,57.52,0,42.48,242,5525650,59.42,139,5178607,55.69,0,0,0,0,0,0
2021-06-20,57.54,0,42.46,3316,5528966,59.46,1330,5179937,55.7,0,0,0,0,0,0
2021-06-21,57.56,0,42.44,5248,5534214,59.51,1218,5181155,55.72,0,0,0,0,0,0
2021-06-22,57.58,0,42.42,6935,5541149,59.59,1100,5182255,55.73,0,0,0,0,0,0
2021-06-23,57.6,0,42.4,10756,5551905,59.7,1304,5183559,55.74,0,0,0,0,0,0
2021-06-24,57.62,0,42.38,12049,5563954,59.83,1466,5185025,55.76,0,0,0,0,0,0
2021-06-25,57.62,0,42.38,7117,5571071,59.91,944,5185969,55.77,0,0,0,0,0,0
2021-06-26,57.63,0,42.37,2275,5573346,59.93,200,5186169,55.77,0,0,0,0,0,0
2021-06-27,57.65,0,42.35,13631,5586977,60.08,3436,5189605,55.81,0,0,0,0,0,0
2021-06-28,57.68,0,42.32,14518,5601495,60.24,3675,5193280,55.85,0,0,0,0,0,0
2021-06-29,57.69,0,42.31,16710,5618205,60.42,3744,5197024,55.89,0,0,0,0,0,0
2021-06-30,57.72,0,42.28,16485,5634690,60.59,3396,5200420,55.92,0,0,0,0,0,0
2021-07-01,57.78,0,42.22,16837,5651527,60.77,3379,5203799,55.96,121,121,0,0,0,0
2021-07-02,57.79,0,42.21,9836,5661363,60.88,1607,5205406,55.98,7,128,0,0,0,0
2021-07-03,57.79,0,42.21,2677,5664040,60.91,298,5205704,55.98,2,130,0,0,0,0
2021-07-04,57.85,0,42.15,17735,5681775,61.1,3161,5208865,56.01,2,132,0,0,0,0
2021-07-05,57.91,0,42.09,17850,5699625,61.29,3046,5211911,56.05,7,139,0,0,0,0
2021-07-06,57.99,0,42.01,17847,5717472,61.48,3409,5215320,56.08,11,150,0,0,0,0
2021-07-07,58.05,0,41.95,15528,5733000,61.65,2703,5218023,56.11,12,162,0,0,0,0
2021-07-08,58.12,0,41.88,16588,5749588,61.83,2881,5220904,56.14,17,179,0,0,0,0
2021-07-09,58.15,0,41.85,11125,5760713,61.95,1535,5222439,56.16,4,183,0,0,0,0
2021-07-10,58.15,0,41.85,4988,5765701,62,391,5222830,56.16,6,189,0,0,0,0
2021-07-11,58.22,0,41.78,1456,5767157,62.02,2848,5225678,56.19,8,197,0,0,0,0
2021-07-12,58.29,0,41.71,2427,5769584,62.04,3693,5229371,56.23,56,253,0,0,0,0
2021-07-13,58.36,0,41.64,2965,5772549,62.08,5460,5234831,56.29,124,377,0,0,0,0
2021-07-14,58.42,0,41.58,2747,5775296,62.1,7533,5242364,56.37,441,818,0.01,0,0,0
2021-07-15,58.5,0,41.5,3008,5778304,62.14,9301,5251665,56.47,374,1192,0.01,0,0,0
2021-07-16,58.54,0,41.46,1296,5779600,62.15,5898,5257563,56.54,66,1258,0.01,0,0,0
2021-07-17,58.55,0,41.44,371,5779971,62.16,1391,5258954,56.55,8,1266,0.01,0,0,0
2021-07-18,58.6,0,41.4,2073,5782044,62.18,9768,5268722,56.66,235,1501,0.02,0,0,0
2021-07-19,58.65,0,41.35,3211,5785255,62.21,11345,5280067,56.78,461,1962,0.02,0,0,0
2021-07-20,58.72,0,41.28,2687,5787942,62.24,11912,5291979,56.91,373,2335,0.03,0,0,0
2021-07-21,58.81,0,41.19,2408,5790350,62.27,11880,5303859,57.04,325,2660,0.03,0,0,0
2021-07-22,58.93,0,41.07,2876,5793226,62.3,13278,5317137,57.18,391,3051,0.03,0,0,0
2021-07-23,58.99,0,41.01,2036,5795262,62.32,8250,5325387,57.27,106,3157,0.03,0,0,0
2021-07-24,58.99,0,41,643,5795905,62.33,1485,5326872,57.28,7,3164,0.03,0,0,0
2021-07-25,59.1,0,40.89,4416,5800321,62.37,15499,5342371,57.45,223,3387,0.04,0,0,0
2021-07-26,59.24,0,40.75,5172,5805493,62.43,13533,5355904,57.59,325,3712,0.04,0,0,0
2021-07-27,59.37,0.01,40.62,5493,5810986,62.49,13578,5369482,57.74,414,4126,0.04,0,0,0
2021-07-28,59.5,0.01,40.49,3990,5814976,62.53,12344,5381826,57.87,472,4598,0.05,0,0,0
2021-07-29,59.65,0.01,40.33,4665,5819641,62.58,14199,5396025,58.03,532,5130,0.06,0,0,0
2021-07-30,59.74,0.02,40.25,2656,5822297,62.61,10855,5406880,58.14,4122,9252,0.1,0,0,0
2021-07-31,59.75,0.02,40.23,1407,5823704,62.63,3553,5410433,58.18,6159,15411,0.17,0,0,0
2021-08-01,59.91,0.02,40.06,3077,5826781,62.66,3366,5413799,58.22,31047,46458,0.5,0,0,0
2021-08-02,60.06,0.03,39.91,3134,5829915,62.69,3174,5416973,58.25,58514,104972,1.13,0,0,0
2021-08-03,60.21,0.03,39.76,3386,5833301,62.73,3329,5420302,58.29,78953,183925,1.98,0,0,0
2021-08-04,60.34,0.03,39.63,3532,5836833,62.77,3255,5423557,58.32,80764,264689,2.85,0,0,0
2021-08-05,60.49,0.04,39.47,4513,5841346,62.81,3569,5427126,58.36,88442,353131,3.8,0,0,0
2021-08-06,60.6,0.04,39.36,2436,5843782,62.84,1861,5428987,58.38,44744,397875,4.28,0,0,0
2021-08-07,60.63,0.04,39.32,1033,5844815,62.85,700,5429687,58.39,27353,425228,4.57,0,0,0
2021-08-08,60.68,0.04,39.28,4991,5849806,62.91,3082,5432769,58.42,80087,505315,5.43,0,0,0
2021-08-09,60.72,0.04,39.24,5340,5855146,62.96,3062,5435831,58.45,76489,581804,6.26,0,0,0
2021-08-10,60.75,0.04,39.2,5552,5860698,63.02,3203,5439034,58.49,75427,657231,7.07,0,0,0
2021-08-11,60.79,0.04,39.17,5695,5866393,63.08,2947,5441981,58.52,62641,719872,7.74,0,0,0
2021-08-12,60.83,0.04,39.12,7039,5873432,63.16,3289,5445270,58.56,59462,779334,8.38,0,0,0
2021-08-13,60.84,0.05,39.11,3821,5877253,63.2,2074,5447344,58.58,43870,823204,8.85,0,0,0
2021-08-14,60.85,0.05,39.1,2252,5879505,63.23,852,5448196,58.59,44486,867690,9.33,0,0,0
2021-08-15,60.89,0.05,39.06,7144,5886649,63.3,4530,5452726,58.64,97984,965674,10.38,0,0,0
2021-08-16,60.92,0.04,39.03,6991,5893640,63.38,4747,5457473,58.69,89521,1055195,11.35,0,0,0
2021-08-17,60.96,0.04,39,7572,5901212,63.46,5138,5462611,58.74,83320,1138515,12.24,0,0,0
2021-08-18,60.99,0.04,38.96,8643,5909855,63.55,4603,5467214,58.79,69267,1207782,12.99,0,0,0
2021-08-19,61.03,0.04,38.92,10081,5919936,63.66,5217,5472431,58.85,65975,1273757,13.7,0,0,0
2021-08-20,61.05,0.05,38.9,4768,5924704,63.71,2827,5475258,58.88,60453,1334210,14.35,0,0,0
2021-08-21,61.06,0.05,38.89,3498,5928202,63.75,1580,5476838,58.9,50725,1384935,14.89,0,0,0
2021-08-22,61.12,0.04,38.84,9823,5938025,63.85,4807,5481645,58.95,105109,1490044,16.02,0,0,0
2021-08-23,61.17,0.04,38.79,10924,5948949,63.97,4448,5486093,58.99,94032,1584076,17.03,0,0,0
2021-08-24,61.23,0.04,38.73,11721,5960670,64.1,4703,5490796,59.05,98551,1682627,18.09,0,0,0
2021-08-25,61.29,0.04,38.67,9613,5970283,64.2,4485,5495281,59.09,99553,1782180,19.16,0,0,0
2021-08-26,61.36,0.03,38.61,10109,5980392,64.31,5058,5500339,59.15,101229,1883409,20.25,0,0,0
2021-08-27,61.35,0.04,38.61,4325,5984717,64.36,2788,5503127,59.18,56695,1940104,20.86,0,0,0
2021-08-28,61.4,0.04,38.57,3702,5988419,64.4,1499,5504626,59.19,33539,1973643,21.22,0,0,0
2021-08-29,61.46,0.03,38.5,10321,5998740,64.51,5931,5510557,59.26,79550,2053193,22.08,0,0,0
2021-08-30,61.53,0.03,38.44,12335,6011075,64.64,7015,5517572,59.33,116007,2169200,23.33,0,0,0
2021-08-31,61.6,0.03,38.37,12077,6023152,64.77,6528,5524100,59.4,114875,2284075,24.56,0,0,0
2021-09-01,61.43,0.03,38.54,9033,6032185,64.87,6042,5530142,59.47,112491,2396566,25.77,0,0,0
2021-09-02,61.49,0.03,38.48,8785,6040970,64.96,7182,5537324,59.55,111543,2508109,26.97,0,0,0
2021-09-03,61.56,0.03,38.42,3750,6044720,65,4116,5541440,59.59,58885,2566994,27.6,0,0,0
2021-09-04,61.59,0.03,38.38,2691,6047411,65.03,2022,5543462,59.61,29951,2596945,27.93,0,0,0
2021-09-05,61.68,0.03,38.29,6991,6054402,65.11,6460,5549922,59.68,73326,2670271,28.71,0,0,0
2021-09-06,61.77,0.03,38.2,2836,6057238,65.14,2715,5552637,59.71,22798,2693069,28.96,0,0,0
2021-09-07,61.85,0.03,38.12,1201,6058439,65.15,879,5553516,59.72,5398,2698467,29.02,0,0,0
2021-09-08,61.93,0.03,38.05,1380,6059819,65.16,1196,5554712,59.73,6621,2705088,29.09,0,0,0
2021-09-09,62.02,0.03,37.95,7091,6066910,65.24,12572,5567284,59.87,73845,2778933,29.88,0,0,0
2021-09-10,62.06,0.03,37.91,3258,6070168,65.28,5016,5572300,59.92,37936,2816869,30.29,0,0,0
2021-09-11,62.08,0.03,37.89,2109,6072277,65.3,2506,5574806,59.95,14816,2831685,30.45,0,0,0
2021-09-12,62.16,0.03,37.81,6106,6078383,65.36,8588,5583394,60.04,54136,2885821,31.03,0,0,0
2021-09-13,62.15,0.03,37.82,5612,6083995,65.42,8262,5591656,60.13,47982,2933803,31.55,0,0,0
2021-09-14,62.2,0.03,37.77,4962,6088957,65.48,7423,5599079,60.21,48855,2982658,32.07,0,0,0
2021-09-15,62.25,0.03,37.72,1750,6090707,65.5,2717,5601796,60.24,16686,2999344,32.25,0,0,0
2021-09-16,62.37,0.03,37.6,343,6091050,65.5,549,5602345,60.24,1740,3001084,32.27,0,0,0
2021-09-17,62.42,0.03,37.54,3682,6094732,65.54,7021,5609366,60.32,42905,3043989,32.73,0,0,0
2021-09-18,62.45,0.03,37.52,2258,6096990,65.56,2945,5612311,60.35,12783,3056772,32.87,0,0,0
2021-09-19,62.55,0.03,37.42,5942,6102932,65.63,10710,5623021,60.47,44332,3101104,33.35,0,0,0
2021-09-20,62.63,0.03,37.34,3246,6106178,65.66,4646,5627667,60.52,16708,3117812,33.53,0,0,0
2021-09-21,62.69,0.03,37.28,1340,6107518,65.68,2062,5629729,60.54,3477,3121289,33.56,0,0,0
2021-09-22,62.72,0.03,37.25,4258,6111776,65.72,7250,5636979,60.62,25072,3146361,33.83,0,0,0
2021-09-23,62.75,0.03,37.22,4390,6116166,65.77,5914,5642893,60.68,27834,3174195,34.13,0,0,0
2021-09-24,62.82,0.03,37.15,3202,6119368,65.8,4185,5647078,60.73,27723,3201918,34.43,0,0,0
2021-09-25,62.85,0.03,37.12,2079,6121447,65.83,2262,5649340,60.75,10443,3212361,34.54,0,0,0
2021-09-26,62.96,0.03,37,5604,6127051,65.89,5973,5655313,60.81,36270,3248631,34.93,0,0,0
2021-09-27,63.02,0.03,36.94,4695,6131746,65.94,4469,5659782,60.86,30455,3279086,35.26,0,0,0
2021-09-28,63.06,0.04,36.91,1472,6133218,65.95,1183,5660965,60.88,6249,3285335,35.33,0,0,0
2021-09-29,63.13,0.03,36.84,9620,6142838,66.06,8348,5669313,60.97,60325,3345660,35.98,0,0,0
2021-09-30,63.18,0.03,36.79,10973,6153811,66.17,8576,5677889,61.06,79701,3425361,36.83,0,0,0
2021-10-01,63.23,0.03,36.73,5126,6158937,66.23,3875,5681764,61.1,46545,3471906,37.34,0,0,0
2021-10-02,63.26,0.03,36.71,2865,6161802,66.26,2127,5683891,61.12,22432,3494338,37.58,0,0,0
2021-10-03,63.35,0.03,36.62,11667,6173469,66.39,7275,5691166,61.2,70726,3565064,38.34,0,0,0
2021-10-04,63.4,0.03,36.57,10320,6183789,66.5,6759,5697925,61.27,51910,3616974,38.9,0,0,0
2021-10-05,63.41,0.03,36.55,8461,6192250,66.59,5314,5703239,61.33,40479,3657453,39.33,0,0,0
2021-10-06,63.52,0.03,36.45,7543,6199793,66.67,4183,5707422,61.37,34148,3691601,39.7,0,0,0
2021-10-07,63.63,0.03,36.34,6891,6206684,66.74,4009,5711431,61.42,34068,3725669,40.06,0,0,0
2021-10-08,63.68,0.03,36.29,3086,6209770,66.78,2643,5714074,61.45,19250,3744919,40.27,0,0,0
2021-10-09,63.71,0.03,36.26,1340,6211110,66.79,1443,5715517,61.46,7441,3752360,40.35,0,0,0
2021-10-10,63.82,0.04,36.14,4676,6215786,66.84,3747,5719264,61.5,21519,3773879,40.58,0,0,0
2021-10-11,63.91,0.04,36.05,4299,6220085,66.89,2944,5722208,61.53,17268,3791147,40.77,0,0,0
2021-10-12,63.99,0.05,35.96,3974,6224059,66.93,3005,5725213,61.57,15356,3806503,40.93,0,0,0
2021-10-13,64.09,0.05,35.86,3487,6227546,66.97,2451,5727664,61.59,13587,3820090,41.08,0,0,0
2021-10-14,64.19,0.06,35.75,3869,6231415,67.01,2685,5730349,61.62,16567,3836657,41.26,0,0,0
2021-10-15,64.23,0.07,35.7,1703,6233118,67.03,1683,5732032,61.64,9011,3845668,41.35,0,0,0
2021-10-16,64.25,0.08,35.67,727,6233845,67.04,956,5732988,61.65,4035,3849703,41.4,0,0,0
2021-10-17,64.36,0.09,35.56,3090,6236935,67.07,2525,5735513,61.68,12798,3862501,41.54,0,0,0
2021-10-18,64.43,0.1,35.47,2460,6239395,67.1,1690,5737203,61.7,10069,3872570,41.64,0,0,0
2021-10-19,64.49,0.1,35.4,2397,6241792,67.12,1284,5738487,61.71,9294,3881864,41.74,0,0,0
2021-10-20,64.14,0.52,35.34,2435,6244227,67.15,2305,5740792,61.73,10102,3891966,41.85,0,0,0
2021-10-21,54.23,10.41,35.36,3034,6247261,67.18,3096,5743888,61.77,12163,3904129,41.98,0,0,0
2021-10-22,54.36,10.26,35.38,1279,6248540,67.19,1437,5745325,61.78,5839,3909968,42.05,0,0,0
2021-10-23,54.42,10.19,35.39,574,6249114,67.2,1266,5746591,61.8,2564,3912532,42.07,0,0,0
2021-10-24,54.22,10.43,35.35,2516,6251630,67.23,2653,5749244,61.82,9855,3922387,42.18,0,0,0
2021-10-25,54.59,10.22,35.19,2638,6254268,67.26,2751,5751995,61.85,8510,3930897,42.27,0,0,0
2021-10-26,54.64,10.26,35.1,2380,6256648,67.28,2058,5754053,61.88,8525,3939422,42.36,0,0,0
2021-10-27,54.58,10.37,35.06,2289,6258937,67.31,2566,5756619,61.9,7957,3947379,42.45,0,0,0
2021-10-28,54.69,10.76,34.55,2503,6261440,67.33,2780,5759399,61.93,8673,3956052,42.54,0,0,0
2021-10-29,54.73,10.75,34.52,900,6262340,67.34,1153,5760552,61.95,4138,3960190,42.59,0,0,0
2021-10-30,54.68,10.81,34.52,366,6262706,67.35,530,5761082,61.95,1712,3961902,42.6,0,0,0
2021-10-31,54.83,10.7,34.47,2260,6264966,67.37,2495,5763577,61.98,8255,3970157,42.69,0,0,0
2021-11-01,54.95,10.63,34.42,1737,6266703,67.39,2093,5765670,62,6479,3976636,42.76,0,0,0
2021-11-02,54.89,10.69,34.42,2026,6268729,67.41,2045,5767715,62.02,6296,3982932,42.83,0,0,0
2021-11-03,54.86,10.75,34.39,1763,6270492,67.43,1897,5769612,62.04,5556,3988488,42.89,0,0,0
2021-11-04,54.85,10.81,34.33,2111,6272603,67.45,2802,5772414,62.07,7129,3995617,42.97,0,0,0
2021-11-05,54.85,10.83,34.32,790,6273393,67.46,904,5773318,62.08,3487,3999104,43,0,0,0
2021-11-06,54.82,10.86,34.32,347,6273740,67.46,388,5773706,62.09,1373,4000477,43.02,0,0,0
2021-11-07,54.92,10.8,34.28,1578,6275318,67.48,1769,5775475,62.11,6134,4006611,43.09,0,0,0
2021-11-08,55.01,10.75,34.24,1519,6276837,67.5,1602,5777077,62.12,5405,4012016,43.14,0,0,0
2021-11-09,55.05,10.74,34.21,1428,6278265,67.51,1611,5778688,62.14,5331,4017347,43.2,0,0,0
2021-11-10,55.08,10.73,34.19,1424,6279689,67.53,1661,5780349,62.16,4778,4022125,43.25,0,0,0
2021-11-11,55.15,10.69,34.15,1627,6281316,67.55,1947,5782296,62.18,5717,4027842,43.31,0,0,0
2021-11-12,55.17,10.69,34.14,635,6281951,67.55,826,5783122,62.19,2923,4030765,43.34,0,0,0
2021-11-13,55.14,10.72,34.14,257,6282208,67.56,290,5783412,62.19,1130,4031895,43.36,0,0,0
2021-11-14,55.21,10.68,34.11,1536,6283744,67.57,1638,5785050,62.21,5110,4037005,43.41,0,0,0
2021-11-15,55.28,10.63,34.09,1275,6285019,67.59,1626,5786676,62.23,4770,4041775,43.46,0,0,0
2021-11-16,55.32,10.62,34.07,1275,6286294,67.6,1416,5788092,62.24,4349,4046124,43.51,0,0,0
2021-11-17,55.35,10.6,34.05,1208,6287502,67.61,1565,5789657,62.26,3915,4050039,43.55,0,0,0
2021-11-18,55.41,10.58,34.02,1364,6288866,67.63,1692,5791349,62.28,5010,4055049,43.61,0,0,0
2021-11-19,55.42,10.57,34.01,588,6289454,67.63,763,5792112,62.29,2460,4057509,43.63,0,0,0
2021-11-20,55.41,10.58,34,238,6289692,67.64,258,5792370,62.29,929,4058438,43.64,0,0,0
2021-11-21,55.47,10.54,33.98,1409,6291101,67.65,1541,5793911,62.3,4881,4063319,43.69,0,0,0
2021-11-22,55.54,10.5,33.96,1680,6292781,67.67,1522,5795433,62.32,4239,4067558,43.74,0,0,0
2021-11-23,55.57,10.48,33.95,8622,6301403,67.76,1688,5797121,62.34,4009,4071567,43.78,0,0,0
2021-11-24,55.6,10.44,33.95,9349,6310752,67.86,1318,5798439,62.35,3923,4075490,43.83,0,0,0
2021-11-25,55.64,10.43,33.93,9812,6320564,67.97,1600,5800039,62.37,4841,4080331,43.88,0,0,0
2021-11-26,55.63,10.45,33.92,5610,6326174,68.03,749,5800788,62.38,2803,4083134,43.91,0,0,0
2021-11-27,55.62,10.46,33.92,4779,6330953,68.08,323,5801111,62.38,1164,4084298,43.92,0,0,0
2021-11-28,55.67,10.43,33.9,10152,6341105,68.19,1479,5802590,62.4,4904,4089202,43.97,0,0,0
2021-11-29,55.73,10.39,33.88,9043,6350148,68.29,1133,5803723,62.41,4376,4093578,44.02,0,0,0
2021-11-30,55.77,10.37,33.86,10044,6360192,68.39,1035,5804758,62.42,4084,4097662,44.06,0,0,0
2021-12-01,55.79,10.36,33.84,8632,6368824,68.49,1097,5805855,62.43,4444,4102106,44.11,6,6,0
2021-12-02,55.84,10.34,33.82,9177,6378001,68.59,1454,5807309,62.45,5125,4107231,44.17,6,12,0
2021-12-03,55.86,10.33,33.81,6333,6384334,68.65,673,5807982,62.46,2868,4110099,44.2,1,13,0
2021-12-04,55.85,10.34,33.81,2509,6386843,68.68,237,5808219,62.46,924,4111023,44.21,3,16,0
2021-12-05,55.9,10.31,33.79,8335,6395178,68.77,1254,5809473,62.47,4683,4115706,44.26,1,17,0
2021-12-06,55.95,10.27,33.78,6723,6401901,68.84,1200,5810673,62.49,4351,4120057,44.31,4,21,0
2021-12-07,55.99,10.25,33.76,5553,6407454,68.9,1504,5812177,62.5,3965,4124022,44.35,9,30,0
2021-12-08,56.03,10.22,33.75,4936,6412390,68.96,1199,5813376,62.51,3883,4127905,44.39,10,40,0
2021-12-09,56.08,10.19,33.73,6239,6418629,69.02,1241,5814617,62.53,4507,4132412,44.44,8,48,0
2021-12-10,56.1,10.18,33.72,3005,6421634,69.06,703,5815320,62.54,2687,4135099,44.47,4,52,0
2021-12-11,56.1,10.18,33.71,1491,6423125,69.07,254,5815574,62.54,1017,4136116,44.48,0,52,0
2021-12-12,56.16,10.15,33.69,7274,6430399,69.15,1444,5817018,62.55,5248,4141364,44.53,3,55,0
2021-12-13,56.21,10.11,33.67,6182,6436581,69.22,1377,5818395,62.57,4350,4145714,44.58,5,60,0
2021-12-14,56.27,10.09,33.65,7317,6443898,69.29,6101,5824496,62.63,4940,4150654,44.63,12,72,0
2021-12-15,56.34,10.06,33.6,7204,6451102,69.37,7405,5831901,62.71,5444,4156098,44.69,7,79,0
2021-12-16,56.53,10.05,33.42,8079,6459181,69.46,8613,5840514,62.81,6563,4162661,44.76,8,87,0
2021-12-17,56.64,10.05,33.3,4406,6463587,69.51,5140,5845654,62.86,3954,4166615,44.81,3,90,0
2021-12-18,56.73,10.07,33.2,3941,6467528,69.55,2914,5848568,62.89,1360,4167975,44.82,2,92,0
2021-12-19,56.92,10.04,33.04,6977,6474505,69.62,9332,5857900,62.99,6275,4174250,44.89,6,98,0
2021-12-20,57.07,10.02,32.91,7972,6482477,69.71,7518,5865418,63.07,5445,4179695,44.95,9,107,0
2021-12-21,57.27,10.01,32.71,9549,6492026,69.81,8649,5874067,63.17,6491,4186186,45.02,8,115,0
2021-12-22,57.49,10,32.52,9664,6501690,69.92,8155,5882222,63.25,6251,4192437,45.08,12,127,0
2021-12-23,57.7,9.97,32.33,11539,6513229,70.04,10264,5892486,63.36,8160,4200597,45.17,16,143,0
2021-12-24,57.83,9.96,32.21,5873,6519102,70.1,6242,5898728,63.43,5281,4205878,45.23,12,155,0
2021-12-25,57.9,9.96,32.15,3338,6522440,70.14,2566,5901294,63.46,2021,4207899,45.25,6,161,0
2021-12-26,58.1,9.92,31.98,10653,6533093,70.25,8910,5910204,63.56,8201,4216100,45.34,8,169,0
2021-12-27,58.27,9.9,31.83,10371,6543464,70.37,7145,5917349,63.63,8187,4224287,45.43,21,190,0
2021-12-28,58.46,9.88,31.66,11375,6554839,70.49,7452,5924801,63.71,9642,4233929,45.53,24,214,0
2021-12-29,58.64,9.85,31.51,9933,6564772,70.59,5963,5930764,63.78,8375,4242304,45.62,21,235,0
2021-12-30,58.84,9.82,31.34,11011,6575783,70.71,7735,5938499,63.86,12241,4254545,45.75,10,245,0
2021-12-31,58.9,9.79,31.3,4829,6580612,70.76,3672,5942171,63.9,7296,4261841,45.83,135,380,0
2022-01-01,58.93,9.79,31.28,1993,6582605,70.79,1591,5943762,63.92,2741,4264582,45.86,66,446,0
2022-01-02,59.14,9.76,31.1,10217,6592822,70.9,6487,5950249,63.99,13002,4277584,46,590,1036,0.01
2022-01-03,59.29,9.71,31,9384,6602206,71,5258,5955507,64.04,11341,4288925,46.12,25054,26090,0.28
2022-01-04,59.46,9.68,30.86,8967,6611173,71.09,5950,5961457,64.11,10525,4299450,46.23,50658,76748,0.83
2022-01-05,59.56,9.65,30.79,8553,6619726,71.19,5739,5967196,64.17,10494,4309944,46.35,59590,136338,1.47
2022-01-06,59.81,9.63,30.56,10339,6630065,71.3,7959,5975155,64.25,13530,4323474,46.49,64001,200339,2.15
2022-01-07,59.89,9.61,30.49,4760,6634825,71.35,4556,5979711,64.3,8166,4331640,46.58,31135,231474,2.49
2022-01-08,59.9,9.64,30.46,2750,6637575,71.38,2451,5982162,64.33,5502,4337142,46.64,27631,259105,2.79
2022-01-09,60.06,9.59,30.35,9306,6646881,71.48,7722,5989884,64.41,11869,4349011,46.77,66765,325870,3.5
2022-01-10,60.21,9.54,30.25,8349,6655230,71.57,7646,5997530,64.49,11882,4360893,46.89,64774,390644,4.2
2022-01-11,60.38,9.49,30.13,8100,6663330,71.65,8621,6006151,64.59,11972,4372865,47.02,56657,447301,4.81
2022-01-12,60.51,9.45,30.04,7277,6670607,71.73,8303,6014454,64.68,11114,4383979,47.14,44631,491932,5.29
2022-01-13,60.7,9.35,29.94,7509,6678116,71.81,9617,6024071,64.78,11543,4395522,47.27,34767,526699,5.66
2022-01-14,60.79,9.31,29.9,2555,6680671,71.84,4935,6029006,64.83,6144,4401666,47.33,11141,537840,5.78
2022-01-15,60.83,9.29,29.87,1469,6682140,71.86,3170,6032176,64.87,3884,4405550,47.38,5716,543556,5.85
2022-01-16,60.97,9.2,29.82,3818,6685958,71.9,8526,6040702,64.96,7682,4413232,47.46,19992,563548,6.06
2022-01-17,61.09,9.13,29.78,2809,6688767,71.93,7047,6047749,65.03,6171,4419403,47.52,17832,581380,6.25
2022-01-18,61.23,9.07,29.7,2475,6691242,71.95,7386,6055135,65.11,5534,4424937,47.58,14817,596197,6.41
2022-01-19,61.37,8.98,29.65,1915,6693157,71.97,6369,6061504,65.18,4520,4429457,47.63,8461,604658,6.5
2022-01-20,61.44,8.85,29.71,1779,6694936,71.99,6969,6068473,65.26,4792,4434249,47.68,8041,612699,6.59
2022-01-21,61.51,8.81,29.68,905,6695841,72,3725,6072198,65.3,2646,4436895,47.71,3358,616057,6.62
2022-01-22,61.51,8.75,29.74,328,6696169,72.01,1461,6073659,65.31,1066,4437961,47.72,1113,617170,6.64
2022-01-23,61.61,8.7,29.69,1068,6697237,72.02,5632,6079291,65.37,2879,4440840,47.75,6083,623253,6.7
2022-01-24,61.73,8.62,29.65,759,6697996,72.03,4480,6083771,65.42,2267,4443107,47.78,5055,628308,6.76
2022-01-25,61.9,8.51,29.59,744,6698740,72.03,4401,6088172,65.47,2184,4445291,47.8,7102,635410,6.83
2022-01-26,62.02,8.42,29.57,615,6699355,72.04,3285,6091457,65.5,1612,4446903,47.82,4262,639672,6.88
2022-01-27,62.12,8.35,29.52,798,6700153,72.05,4406,6095863,65.55,2005,4448908,47.84,5441,645113,6.94
2022-01-28,62.16,8.33,29.5,395,6700548,72.05,2376,6098239,65.58,1180,4450088,47.85,3452,648565,6.97
2022-01-29,62.23,8.29,29.48,124,6700672,72.06,1046,6099285,65.59,424,4450512,47.86,1162,649727,6.99
2022-01-30,62.3,8.24,29.46,769,6701441,72.06,4719,6104004,65.64,2020,4452532,47.88,8099,657826,7.07
2022-01-31,62.39,8.17,29.43,528,6701969,72.07,3184,6107188,65.67,1610,4454142,47.9,6472,664298,7.14
2022-02-01,62.45,8.15,29.4,481,6702450,72.07,2808,6109996,65.7,1526,4455668,47.91,5721,670019,7.21
2022-02-02,62.28,8.13,29.59,375,6702825,72.08,2395,6112391,65.73,1385,4457053,47.93,5074,675093,7.26
2022-02-03,62.34,8.08,29.57,446,6703271,72.08,2776,6115167,65.76,1462,4458515,47.94,5607,680700,7.32
2022-02-04,62.37,8.06,29.57,174,6703445,72.09,991,6116158,65.77,756,4459271,47.95,2455,683155,7.35
2022-02-05,62.34,8.09,29.56,62,6703507,72.09,342,6116500,65.77,221,4459492,47.96,420,683575,7.35
2022-02-06,62.41,8.05,29.55,407,6703914,72.09,2320,6118820,65.8,1343,4460835,47.97,5686,689261,7.41
2022-02-07,62.47,8.01,29.52,282,6704196,72.09,1308,6120128,65.81,983,4461818,47.98,5960,695221,7.48
2022-02-08,62.54,7.97,29.49,317,6704513,72.1,1498,6121626,65.83,1068,4462886,47.99,6137,701358,7.54
2022-02-09,62.6,7.95,29.45,254,6704767,72.1,1102,6122728,65.84,945,4463831,48,4570,705928,7.59
2022-02-10,62.63,7.93,29.44,273,6705040,72.1,1293,6124021,65.85,936,4464767,48.01,4815,710743,7.64
2022-02-11,62.67,7.91,29.42,211,6705251,72.1,557,6124578,65.86,518,4465285,48.02,2540,713283,7.67
2022-02-12,62.67,7.91,29.41,32,6705283,72.11,90,6124668,65.86,135,4465420,48.02,269,713552,7.67
2022-02-13,62.73,7.87,29.39,286,6705569,72.11,946,6125614,65.87,966,4466386,48.03,4998,718550,7.73
2022-02-14,62.89,7.74,29.36,180,6705749,72.11,627,6126241,65.88,760,4467146,48.04,3142,721692,7.76
2022-02-15,62.92,7.73,29.35,266,6706015,72.11,763,6127004,65.89,936,4468082,48.05,3819,725511,7.8
2022-02-16,62.95,7.72,29.34,179,6706194,72.12,577,6127581,65.89,803,4468885,48.06,2488,727999,7.83
2022-02-17,62.96,7.7,29.34,246,6706440,72.12,740,6128321,65.9,775,4469660,48.06,3061,731060,7.86
2022-02-18,62.98,7.69,29.33,130,6706570,72.12,343,6128664,65.9,438,4470098,48.07,1119,732179,7.87
2022-02-19,62.99,7.69,29.32,33,6706603,72.12,84,6128748,65.91,82,4470180,48.07,80,732259,7.87
2022-02-20,63.01,7.67,29.32,204,6706807,72.12,604,6129352,65.91,723,4470903,48.08,2574,734833,7.9
2022-02-21,63.04,7.65,29.31,173,6706980,72.12,413,6129765,65.92,489,4471392,48.08,1542,736375,7.92
2022-02-22,63.05,7.65,29.3,158,6707138,72.13,454,6130219,65.92,570,4471962,48.09,1871,738246,7.94
2022-02-23,63.06,7.65,29.29,109,6707247,72.13,353,6130572,65.93,453,4472415,48.09,1153,739399,7.95
2022-02-24,63.05,7.66,29.29,138,6707385,72.13,463,6131035,65.93,568,4472983,48.1,1493,740892,7.97
2022-02-25,63.06,7.66,29.28,59,6707444,72.13,144,6131179,65.93,192,4473175,48.1,456,741348,7.97
2022-02-26,63.05,7.67,29.28,17,6707461,72.13,28,6131207,65.93,161,4473336,48.1,35,741383,7.97
2022-02-27,63.05,7.67,29.28,112,6707573,72.13,341,6131548,65.94,448,4473784,48.11,1119,742502,7.98
2022-02-28,63.07,7.65,29.28,108,6707681,72.13,271,6131819,65.94,423,4474207,48.11,907,743409,7.99
2022-03-01,63.1,7.63,29.27,95,6707776,72.13,280,6132099,65.94,373,4474580,48.12,797,744206,8
2022-03-02,63.11,7.62,29.27,77,6707853,72.13,199,6132298,65.94,324,4474904,48.12,697,744903,8.01
2022-03-03,63.05,7.67,29.27,157,6708010,72.13,371,6132669,65.95,498,4475402,48.13,987,745890,8.02
2022-03-04,63.05,7.68,29.27,53,6708063,72.14,170,6132839,65.95,170,4475572,48.13,227,746117,8.02
2022-03-05,63.04,7.69,29.27,4,6708067,72.14,25,6132864,65.95,43,4475615,48.13,32,746149,8.02
2022-03-06,63.04,7.69,29.27,97,6708164,72.14,258,6133122,65.95,418,4476033,48.13,760,746909,8.03
2022-03-07,63.05,7.69,29.26,87,6708251,72.14,260,6133382,65.96,354,4476387,48.14,604,747513,8.04
2022-03-08,63.04,7.7,29.26,99,6708350,72.14,263,6133645,65.96,333,4476720,48.14,550,748063,8.04
2022-03-09,63.02,7.72,29.25,89,6708439,72.14,213,6133858,65.96,337,4477057,48.14,492,748555,8.05
2022-03-10,63.01,7.74,29.25,115,6708554,72.14,375,6134233,65.96,428,4477485,48.15,620,749175,8.06
2022-03-11,63,7.75,29.25,24,6708578,72.14,86,6134319,65.97,123,4477608,48.15,144,749319,8.06
2022-03-12,62.98,7.77,29.24,11,6708589,72.14,12,6134331,65.97,33,4477641,48.15,28,749347,8.06
2022-03-13,62.98,7.78,29.24,100,6708689,72.14,271,6134602,65.97,358,4477999,48.15,595,749942,8.06
2022-03-14,62.98,7.78,29.24,65,6708754,72.14,254,6134856,65.97,316,4478315,48.16,559,750501,8.07
2022-03-15,62.95,7.81,29.24,79,6708833,72.14,185,6135041,65.97,293,4478608,48.16,591,751092,8.08
2022-03-16,62.94,7.82,29.24,76,6708909,72.14,205,6135246,65.98,305,4478913,48.16,668,751760,8.08
2022-03-17,62.94,7.82,29.24,65,6708974,72.15,121,6135367,65.98,286,4479199,48.17,613,752373,8.09
2022-03-18,62.94,7.82,29.24,20,6708994,72.15,54,6135421,65.98,100,4479299,48.17,234,752607,8.09
2022-03-19,62.89,7.88,29.23,6,6709000,72.15,11,6135432,65.98,28,4479327,48.17,39,752646,8.09
2022-03-20,62.87,7.89,29.23,119,6709119,72.15,260,6135692,65.98,486,4479813,48.17,1431,754077,8.11
2022-03-21,62.87,7.9,29.23,97,6709216,72.15,247,6135939,65.98,379,4480192,48.18,1132,755209,8.12
2022-03-22,62.84,7.94,29.23,141,6709357,72.15,342,6136281,65.99,508,4480700,48.18,1770,756979,8.14
2022-03-23,62.81,7.97,29.22,108,6709465,72.15,212,6136493,65.99,463,4481163,48.19,1677,758656,8.16
2022-03-24,62.78,8,29.22,174,6709639,72.15,345,6136838,65.99,769,4481932,48.2,2362,761018,8.18
2022-03-25,62.78,8,29.23,39,6709678,72.15,82,6136920,65.99,157,4482089,48.2,629,761647,8.19
2022-03-26,62.77,8,29.22,12,6709690,72.15,13,6136933,65.99,34,4482123,48.2,91,761738,8.19
2022-03-27,62.75,8.02,29.22,167,6709857,72.15,344,6137277,66,758,4482881,48.21,3193,764931,8.23
2022-03-28,62.75,8.03,29.22,113,6709970,72.16,270,6137547,66,623,4483504,48.21,2416,767347,8.25
2022-03-29,62.7,8.07,29.22,125,6710095,72.16,258,6137805,66,641,4484145,48.22,2772,770119,8.28
2022-03-30,62.81,8.11,29.07,132,6710227,72.16,207,6138012,66.01,539,4484684,48.23,2370,772489,8.31
2022-03-31,62.79,8.11,29.1,166,6710393,72.16,302,6138314,66.01,730,4485414,48.23,2853,775342,8.34
2022-04-01,62.72,8.13,29.15,122,6710515,72.16,161,6138475,66.01,277,4485691,48.24,585,775927,8.34
2022-04-02,62.69,8.15,29.16,7,6710522,72.16,7,6138482,66.01,37,4485728,48.24,52,775979,8.34
2022-04-03,62.65,8.16,29.19,159,6710681,72.16,270,6138752,66.01,569,4486297,48.24,2478,778457,8.37
2022-04-04,62.62,8.16,29.22,103,6710784,72.16,207,6138959,66.02,484,4486781,48.25,2224,780681,8.4
2022-04-05,62.57,8.19,29.25,122,6710906,72.17,219,6139178,66.02,513,4487294,48.25,2242,782923,8.42
2022-04-06,62.55,8.2,29.25,91,6710997,72.17,155,6139333,66.02,382,4487676,48.26,2023,784946,8.44
2022-04-07,62.56,8.2,29.24,191,6711188,72.17,215,6139548,66.02,641,4488317,48.27,2556,787502,8.47
2022-04-08,62.54,8.22,29.23,30,6711218,72.17,61,6139609,66.02,153,4488470,48.27,482,787984,8.47
2022-04-09,62.52,8.25,29.23,6,6711224,72.17,17,6139626,66.02,28,4488498,48.27,47,788031,8.47
2022-04-10,62.51,8.26,29.23,103,6711327,72.17,264,6139890,66.03,429,4488927,48.27,1845,789876,8.49
2022-04-11,62.54,8.26,29.2,78,6711405,72.17,201,6140091,66.03,371,4489298,48.28,1425,791301,8.51
2022-04-12,62.58,8.29,29.12,204,6711609,72.17,168,6140259,66.03,375,4489673,48.28,1360,792661,8.52
2022-04-13,62.58,8.31,29.1,117,6711726,72.17,150,6140409,66.03,298,4489971,48.28,1218,793879,8.54
2022-04-14,62.57,8.33,29.1,85,6711811,72.18,221,6140630,66.03,320,4490291,48.29,1069,794948,8.55
2022-04-15,62.55,8.35,29.1,9,6711820,72.18,51,6140681,66.03,48,4490339,48.29,82,795030,8.55
2022-04-16,62.53,8.37,29.1,3,6711823,72.18,8,6140689,66.03,21,4490360,48.29,29,795059,8.55
2022-04-17,62.52,8.38,29.1,62,6711885,72.18,131,6140820,66.04,229,4490589,48.29,807,795866,8.56
2022-04-18,62.51,8.38,29.1,69,6711954,72.18,109,6140929,66.04,252,4490841,48.29,749,796615,8.57
2022-04-19,62.5,8.4,29.1,62,6712016,72.18,145,6141074,66.04,273,4491114,48.3,842,797457,8.58
2022-04-20,62.48,8.42,29.1,60,6712076,72.18,117,6141191,66.04,235,4491349,48.3,656,798113,8.58
2022-04-21,62.47,8.43,29.1,53,6712129,72.18,109,6141300,66.04,197,4491546,48.3,479,798592,8.59
2022-04-22,62.45,8.44,29.11,3,6712132,72.18,17,6141317,66.04,19,4491565,48.3,19,798611,8.59
2022-04-23,62.43,8.46,29.11,6,6712138,72.18,9,6141326,66.04,16,4491581,48.3,13,798624,8.59
2022-04-24,62.43,8.47,29.1,92,6712230,72.18,250,6141576,66.04,329,4491910,48.3,872,799496,8.6
2022-04-25,62.43,8.47,29.1,105,6712335,72.18,191,6141767,66.05,316,4492226,48.31,739,800235,8.61
2022-04-26,62.42,8.48,29.1,76,6712411,72.18,175,6141942,66.05,304,4492530,48.31,787,801022,8.61
2022-04-27,62.41,8.49,29.1,54,6712465,72.18,160,6142102,66.05,227,4492757,48.31,640,801662,8.62
2022-04-28,62.41,8.5,29.1,96,6712561,72.18,232,6142334,66.05,329,4493086,48.32,871,802533,8.63
2022-04-29,62.39,8.51,29.1,112,6712673,72.18,159,6142493,66.05,184,4493270,48.32,196,802729,8.63
2022-04-30,62.38,8.52,29.1,1,6712674,72.18,3,6142496,66.05,24,4493294,48.32,22,802751,8.63
2022-05-01,62.38,8.53,29.09,135,6712809,72.19,185,6142681,66.06,316,4493610,48.32,630,803381,8.64
2022-05-02,62.37,8.54,29.09,62,6712871,72.19,155,6142836,66.06,235,4493845,48.32,491,803872,8.64
2022-05-03,62.36,8.55,29.09,72,6712943,72.19,151,6142987,66.06,288,4494133,48.33,508,804380,8.65
2022-05-04,62.35,8.57,29.08,23,6712966,72.19,56,6143043,66.06,63,4494196,48.33,129,804509,8.65
2022-05-05,62.34,8.58,29.08,4,6712970,72.19,1,6143044,66.06,8,4494204,48.33,13,804522,8.65
2022-05-06,62.33,8.59,29.08,20,6712990,72.19,59,6143103,66.06,64,4494268,48.33,153,804675,8.65
2022-05-07,62.32,8.6,29.08,1,6712991,72.19,7,6143110,66.06,27,4494295,48.33,24,804699,8.65
2022-05-08,62.31,8.61,29.08,118,6713109,72.19,207,6143317,66.06,270,4494565,48.33,457,805156,8.66
2022-05-09,62.31,8.61,29.08,59,6713168,72.19,162,6143479,66.06,251,4494816,48.34,505,805661,8.66
2022-05-10,62.3,8.62,29.08,131,6713299,72.19,169,6143648,66.07,261,4495077,48.34,508,806169,8.67
2022-05-11,62.3,8.63,29.08,58,6713357,72.19,118,6143766,66.07,182,4495259,48.34,464,806633,8.67
2022-05-12,62.29,8.64,29.07,119,6713476,72.19,200,6143966,66.07,278,4495537,48.34,666,807299,8.68
2022-05-13,62.28,8.65,29.07,11,6713487,72.19,44,6144010,66.07,71,4495608,48.34,110,807409,8.68
2022-05-14,62.26,8.66,29.07,6,6713493,72.19,13,6144023,66.07,13,4495621,48.34,23,807432,8.68
2022-05-15,62.26,8.67,29.07,90,6713583,72.19,175,6144198,66.07,246,4495867,48.35,665,808097,8.69
2022-05-16,62.19,8.65,29.16,68,6713651,72.2,141,6144339,66.07,230,4496097,48.35,509,808606,8.7
2022-05-17,62.18,8.66,29.16,73,6713724,72.2,153,6144492,66.07,267,4496364,48.35,618,809224,8.7
2022-05-18,62.17,8.67,29.16,43,6713767,72.2,99,6144591,66.08,169,4496533,48.35,447,809671,8.71
2022-05-19,62.16,8.68,29.16,64,6713831,72.2,171,6144762,66.08,213,4496746,48.36,499,810170,8.71
2022-05-20,62.15,8.69,29.16,75,6713906,72.2,114,6144876,66.08,130,4496876,48.36,138,810308,8.71
2022-05-21,62.14,8.7,29.16,4,6713910,72.2,7,6144883,66.08,14,4496890,48.36,18,810326,8.71
2022-05-22,62.14,8.71,29.16,87,6713997,72.2,188,6145071,66.08,216,4497106,48.36,426,810752,8.72
2022-05-23,62.14,8.71,29.16,64,6714061,72.2,120,6145191,66.08,156,4497262,48.36,348,811100,8.72
2022-05-24,62.13,8.71,29.15,43,6714104,72.2,119,6145310,66.08,157,4497419,48.36,394,811494,8.73
2022-05-25,62.12,8.72,29.15,61,6714165,72.2,103,6145413,66.08,168,4497587,48.36,337,811831,8.73
2022-05-26,62.11,8.73,29.16,72,6714237,72.2,136,6145549,66.09,186,4497773,48.37,348,812179,8.73
2022-05-27,62.1,8.74,29.16,12,6714249,72.2,29,6145578,66.09,43,4497816,48.37,59,812238,8.73
2022-05-28,62.09,8.75,29.16,2,6714251,72.2,5,6145583,66.09,8,4497824,48.37,12,812250,8.73
2022-05-29,62.09,8.75,29.16,89,6714340,72.2,153,6145736,66.09,163,4497987,48.37,316,812566,8.74
2022-05-30,62.09,8.76,29.16,56,6714396,72.2,133,6145869,66.09,125,4498112,48.37,291,812857,8.74
2022-05-31,62.07,8.78,29.15,45,6714441,72.2,104,6145973,66.09,153,4498265,48.37,351,813208,8.74
2022-06-01,61.95,8.9,29.16,63,6714504,72.2,90,6146063,66.09,118,4498383,48.37,276,813484,8.75
2022-06-02,45.96,24.88,29.15,77,6714581,72.21,156,6146219,66.09,177,4498560,48.38,255,813739,8.75
2022-06-03,45.9,24.95,29.16,10,6714591,72.21,23,6146242,66.09,21,4498581,48.38,33,813772,8.75
2022-06-04,45.84,25,29.16,0,6714591,72.21,7,6146249,66.09,8,4498589,48.38,5,813777,8.75
2022-06-05,45.8,25.05,29.16,11,6714602,72.21,14,6146263,66.09,7,4498596,48.38,2,813779,8.75
2022-06-06,39.96,30.89,29.16,58,6714660,72.21,145,6146408,66.1,161,4498757,48.38,262,814041,8.75
2022-06-07,39.92,30.93,29.15,54,6714714,72.21,134,6146542,66.1,142,4498899,48.38,379,814420,8.76
2022-06-08,39.89,30.96,29.15,58,6714772,72.21,104,6146646,66.1,131,4499030,48.38,497,814917,8.76
2022-06-09,39.86,30.99,29.15,84,6714856,72.21,207,6146853,66.1,234,4499264,48.38,642,815559,8.77
2022-06-10,39.83,31.02,29.15,14,6714870,72.21,51,6146904,66.1,59,4499323,48.38,141,815700,8.77
2022-06-11,39.8,31.05,29.15,0,6714870,72.21,3,6146907,66.1,7,4499330,48.38,19,815719,8.77
2022-06-12,39.8,31.05,29.15,109,6714979,72.21,199,6147106,66.1,191,4499521,48.39,767,816486,8.78
2022-06-13,39.81,31.04,29.15,84,6715063,72.21,142,6147248,66.1,168,4499689,48.39,626,817112,8.79
2022-06-14,39.79,31.06,29.15,116,6715179,72.21,173,6147421,66.11,208,4499897,48.39,759,817871,8.8
2022-06-15,39.78,31.08,29.15,71,6715250,72.21,141,6147562,66.11,207,4500104,48.39,700,818571,8.8
2022-06-16,39.74,31.11,29.14,94,6715344,72.21,136,6147698,66.11,218,4500322,48.39,742,819313,8.81
2022-06-17,39.72,31.14,29.15,16,6715360,72.21,63,6147761,66.11,53,4500375,48.39,124,819437,8.81
2022-06-18,39.68,31.17,29.14,3,6715363,72.21,4,6147765,66.11,11,4500386,48.39,15,819452,8.81
2022-06-19,39.53,31.33,29.15,115,6715478,72.21,207,6147972,66.11,318,4500704,48.4,877,820329,8.82
2022-06-20,33.92,36.85,29.23,99,6715577,72.22,152,6148124,66.11,307,4501011,48.4,922,821251,8.83
2022-06-21,33.58,37.19,29.23,94,6715671,72.22,154,6148278,66.12,375,4501386,48.41,1229,822480,8.84
2022-06-22,33.28,37.49,29.23,110,6715781,72.22,135,6148413,66.12,339,4501725,48.41,894,823374,8.85
2022-06-23,32.84,37.92,29.23,132,6715913,72.22,217,6148630,66.12,525,4502250,48.41,1146,824520,8.87
2022-06-24,32.43,38.34,29.24,19,6715932,72.22,35,6148665,66.12,110,4502360,48.42,208,824728,8.87
2022-06-25,32.04,38.72,29.24,1,6715933,72.22,3,6148668,66.12,12,4502372,48.42,16,824744,8.87
2022-06-26,31.63,39.13,29.24,107,6716040,72.22,158,6148826,66.12,379,4502751,48.42,933,825677,8.88
2022-06-27,31.29,39.47,29.24,86,6716126,72.22,172,6148998,66.12,392,4503143,48.42,1028,826705,8.89
2022-06-28,30.86,39.91,29.24,84,6716210,72.22,151,6149149,66.12,364,4503507,48.43,932,827637,8.9
2022-06-29,30.48,40.28,29.24,76,6716286,72.22,106,6149255,66.13,265,4503772,48.43,816,828453,8.91
2022-06-30,30.05,40.71,29.24,86,6716372,72.22,165,6149420,66.13,355,4504127,48.44,1062,829515,8.92
2022-07-01,29.62,41.14,29.24,22,6716394,72.22,28,6149448,66.13,55,4504182,48.44,80,829595,8.92
2022-07-02,29.2,41.56,29.24,1,6716395,72.22,2,6149450,66.13,8,4504190,48.44,18,829613,8.92
2022-07-03,28.81,41.95,29.24,100,6716495,72.23,177,6149627,66.13,322,4504512,48.44,637,830250,8.93
2022-07-04,28.5,42.26,29.24,76,6716571,72.23,140,6149767,66.13,278,4504790,48.44,749,830999,8.94
2022-07-05,28.06,42.7,29.24,59,6716630,72.23,142,6149909,66.13,302,4505092,48.45,688,831687,8.94
2022-07-06,27.39,43.37,29.24,78,6716708,72.23,124,6150033,66.13,211,4505303,48.45,646,832333,8.95
2022-07-07,26.48,44.28,29.24,82,6716790,72.23,164,6150197,66.14,267,4505570,48.45,721,833054,8.96
2022-07-08,25.47,45.29,29.24,17,6716807,72.23,33,6150230,66.14,69,4505639,48.45,131,833185,8.96
2022-07-09,24.42,46.34,29.24,0,6716807,72.23,1,6150231,66.14,3,4505642,48.45,2,833187,8.96
2022-07-10,23.77,46.99,29.24,90,6716897,72.23,164,6150395,66.14,229,4505871,48.45,470,833657,8.96
2022-07-11,23.22,47.54,29.24,64,6716961,72.23,142,6150537,66.14,248,4506119,48.46,575,834232,8.97
2022-07-12,22.13,48.63,29.24,69,6717030,72.23,129,6150666,66.14,207,4506326,48.46,558,834790,8.98
2022-07-13,21.1,49.66,29.24,43,6717073,72.23,101,6150767,66.14,165,4506491,48.46,488,835278,8.98
2022-07-14,20.12,50.63,29.24,69,6717142,72.23,147,6150914,66.14,209,4506700,48.46,513,835791,8.99
2022-07-15,19.27,51.48,29.25,64,6717206,72.23,88,6151002,66.14,127,4506827,48.46,166,835957,8.99
2022-07-16,18.29,52.46,29.25,0,6717206,72.23,6,6151008,66.14,7,4506834,48.46,8,835965,8.99
2022-07-17,17.83,52.92,29.25,77,6717283,72.23,183,6151191,66.15,241,4507075,48.47,468,836433,8.99
2022-07-18,17.48,53.26,29.26,62,6717345,72.23,158,6151349,66.15,207,4507282,48.47,511,836944,9
2022-07-19,16.77,53.97,29.26,62,6717407,72.24,147,6151496,66.15,174,4507456,48.47,368,837312,9
2022-07-20,16.09,54.64,29.26,51,6717458,72.24,134,6151630,66.15,137,4507593,48.47,423,837735,9.01
2022-07-21,15.43,55.3,29.27,61,6717519,72.24,158,6151788,66.15,176,4507769,48.47,341,838076,9.01
2022-07-22,14.64,56.08,29.28,10,6717529,72.24,36,6151824,66.15,43,4507812,48.47,56,838132,9.01
2022-07-23,14.17,56.55,29.28,0,6717529,72.24,4,6151828,66.15,4,4507816,48.47,9,838141,9.01
2022-07-24,13.55,57.16,29.29,58,6717587,72.24,128,6151956,66.16,197,4508013,48.48,364,838505,9.02
2022-07-25,13.09,57.61,29.3,48,6717635,72.24,107,6152063,66.16,172,4508185,48.48,336,838841,9.02
2022-07-26,12.46,58.23,29.3,47,6717682,72.24,99,6152162,66.16,111,4508296,48.48,270,839111,9.02
2022-07-27,11.89,58.8,29.31,43,6717725,72.24,125,6152287,66.16,132,4508428,48.48,243,839354,9.03
2022-07-28,11.35,59.34,29.31,62,6717787,72.24,143,6152430,66.16,147,4508575,48.48,220,839574,9.03
2022-07-29,10.85,59.83,29.32,10,6717797,72.24,25,6152455,66.16,27,4508602,48.48,31,839605,9.03
2022-07-30,10.34,60.33,29.33,0,6717797,72.24,0,6152455,66.16,1,4508603,48.48,1,839606,9.03
2022-07-31,9.97,60.7,29.33,56,6717853,72.24,134,6152589,66.16,131,4508734,48.48,252,839858,9.03
2022-08-01,9.47,61.19,29.34,54,6717907,72.24,76,6152665,66.16,89,4508823,48.49,152,840010,9.03
2022-08-02,8.92,61.73,29.35,111,6718018,72.24,119,6152784,66.16,157,4508980,48.49,264,840274,9.04
2022-08-03,8.46,62.19,29.35,76,6718094,72.24,71,6152855,66.16,92,4509072,48.49,178,840452,9.04
2022-08-04,8.04,62.61,29.36,133,6718227,72.24,133,6152988,66.17,111,4509183,48.49,246,840698,9.04
2022-08-05,7.71,62.93,29.36,30,6718257,72.24,23,6153011,66.17,13,4509196,48.49,24,840722,9.04
2022-08-06,7.32,63.32,29.36,1,6718258,72.24,2,6153013,66.17,3,4509199,48.49,5,840727,9.04
2022-08-07,6.92,63.71,29.37,89,6718347,72.25,97,6153110,66.17,69,4509268,48.49,169,840896,9.04
2022-08-08,6.74,63.89,29.37,76,6718423,72.25,95,6153205,66.17,122,4509390,48.49,172,841068,9.04
2022-08-09,6.25,64.37,29.38,96,6718519,72.25,90,6153295,66.17,99,4509489,48.49,213,841281,9.05
2022-08-10,5.91,64.71,29.38,77,6718596,72.25,60,6153355,66.17,76,4509565,48.49,115,841396,9.05
2022-08-11,5.59,65.03,29.38,54,6718650,72.25,101,6153456,66.17,91,4509656,48.49,155,841551,9.05
2022-08-12,5.35,65.27,29.38,8,6718658,72.25,12,6153468,66.17,18,4509674,48.49,29,841580,9.05
2022-08-13,5.1,65.52,29.38,0,6718658,72.25,2,6153470,66.17,2,4509676,48.49,3,841583,9.05
2022-08-14,4.87,65.75,29.39,74,6718732,72.25,75,6153545,66.17,82,4509758,48.5,150,841733,9.05
2022-08-15,4.74,65.87,29.39,68,6718800,72.25,81,6153626,66.17,93,4509851,48.5,143,841876,9.05
2022-08-16,4.46,66.15,29.39,82,6718882,72.25,84,6153710,66.17,84,4509935,48.5,187,842063,9.06
2022-08-17,4.16,66.44,29.39,47,6718929,72.25,55,6153765,66.17,36,4509971,48.5,115,842178,9.06
2022-08-18,3.98,66.63,29.39,70,6718999,72.25,93,6153858,66.18,120,4510091,48.5,173,842351,9.06
2022-08-19,3.83,66.78,29.39,77,6719076,72.25,67,6153925,66.18,56,4510147,48.5,38,842389,9.06
2022-08-20,3.67,66.94,29.39,1,6719077,72.25,1,6153926,66.18,3,4510150,48.5,3,842392,9.06
2022-08-21,3.52,67.08,29.4,51,6719128,72.25,85,6154011,66.18,84,4510234,48.5,197,842589,9.06
2022-08-22,3.44,67.16,29.4,89,6719217,72.26,74,6154085,66.18,103,4510337,48.5,143,842732,9.06
2022-08-23,3.27,67.33,29.4,72,6719289,72.26,106,6154191,66.18,84,4510421,48.5,180,842912,9.06
2022-08-24,3.15,67.46,29.4,38,6719327,72.26,80,6154271,66.18,49,4510470,48.5,133,843045,9.07
2022-08-25,3.03,67.57,29.4,53,6719380,72.26,75,6154346,66.18,97,4510567,48.5,193,843238,9.07
2022-08-26,2.94,67.66,29.4,4,6719384,72.26,15,6154361,66.18,9,4510576,48.5,14,843252,9.07
2022-08-27,2.84,67.76,29.4,0,6719384,72.26,0,6154361,66.18,0,4510576,48.5,0,843252,9.07
2022-08-28,2.75,67.85,29.4,55,6719439,72.26,80,6154441,66.18,85,4510661,48.51,102,843354,9.07
2022-08-29,2.69,67.91,29.4,48,6719487,72.26,68,6154509,66.18,89,4510750,48.51,107,843461,9.07
2022-08-30,2.6,68,29.4,85,6719572,72.26,113,6154622,66.18,85,4510835,48.51,130,843591,9.07
2022-08-31,2.53,68.07,29.4,43,6719615,72.26,88,6154710,66.18,70,4510905,48.51,96,843687,9.07
2022-09-01,2.46,68.14,29.4,29,6719644,72.26,84,6154794,66.19,58,4510963,48.51,113,843800,9.07
2022-09-02,2.4,68.2,29.4,6,6719650,72.26,20,6154814,66.19,13,4510976,48.51,10,843810,9.07
2022-09-03,2.33,68.27,29.4,2,6719652,72.26,0,6154814,66.19,3,4510979,48.51,1,843811,9.07
2022-09-04,2.27,68.32,29.4,64,6719716,72.26,133,6154947,66.19,80,4511059,48.51,121,843932,9.08
2022-09-05,2.23,68.37,29.4,44,6719760,72.26,77,6155024,66.19,58,4511117,48.51,90,844022,9.08
2022-09-06,2.17,68.42,29.4,60,6719820,72.26,104,6155128,66.19,78,4511195,48.51,130,844152,9.08
2022-09-07,2.12,68.47,29.4,27,6719847,72.26,63,6155191,66.19,53,4511248,48.51,95,844247,9.08
2022-09-08,2.07,68.53,29.4,50,6719897,72.26,101,6155292,66.19,70,4511318,48.51,77,844324,9.08
2022-09-09,2.03,68.57,29.4,10,6719907,72.26,21,6155313,66.19,16,4511334,48.51,17,844341,9.08
2022-09-10,1.97,68.62,29.4,0,6719907,72.26,0,6155313,66.19,5,4511339,48.51,2,844343,9.08
2022-09-11,1.92,68.67,29.41,39,6719946,72.26,117,6155430,66.19,78,4511417,48.51,116,844459,9.08
2022-09-12,1.88,68.71,29.41,24,6719970,72.26,72,6155502,66.19,52,4511469,48.51,68,844527,9.08
2022-09-13,1.82,68.77,29.41,44,6720014,72.26,113,6155615,66.19,54,4511523,48.51,103,844630,9.08
2022-09-14,1.78,68.82,29.41,21,6720035,72.26,64,6155679,66.2,54,4511577,48.52,62,844692,9.08
2022-09-15,1.73,68.86,29.41,32,6720067,72.26,77,6155756,66.2,63,4511640,48.52,107,844799,9.08
2022-09-16,1.7,68.89,29.41,51,6720118,72.26,52,6155808,66.2,27,4511667,48.52,28,844827,9.08
2022-09-17,1.66,68.93,29.41,3,6720121,72.26,0,6155808,66.2,1,4511668,48.52,0,844827,9.08
2022-09-18,1.63,68.96,29.41,28,6720149,72.27,66,6155874,66.2,52,4511720,48.52,115,844942,9.09
2022-09-19,1.61,68.98,29.41,27,6720176,72.27,74,6155948,66.2,44,4511764,48.52,57,844999,9.09
2022-09-20,1.56,69.03,29.41,41,6720217,72.27,93,6156041,66.2,75,4511839,48.52,102,845101,9.09
2022-09-21,1.55,69.05,29.41,22,6720239,72.27,54,6156095,66.2,29,4511868,48.52,56,845157,9.09
2022-09-22,1.52,69.07,29.4,40,6720279,72.27,56,6156151,66.2,27,4511895,48.52,41,845198,9.09
2022-09-23,1.5,69.1,29.41,7,6720286,72.27,11,6156162,66.2,4,4511899,48.52,1,845199,9.09
2022-09-24,1.47,69.13,29.41,0,6720286,72.27,0,6156162,66.2,1,4511900,48.52,0,845199,9.09
2022-09-25,1.46,69.13,29.41,5,6720291,72.27,20,6156182,66.2,10,4511910,48.52,27,845226,9.09
2022-09-26,1.46,69.13,29.41,0,6720291,72.27,5,6156187,66.2,2,4511912,48.52,2,845228,9.09
2022-09-27,1.42,69.17,29.41,2,6720293,72.27,0,6156187,66.2,3,4511915,48.52,3,845231,9.09
2022-09-28,1.39,69.21,29.41,24,6720317,72.27,36,6156223,66.2,25,4511940,48.52,17,845248,9.09
2022-09-29,1.37,69.22,29.41,32,6720349,72.27,61,6156284,66.2,13,4511953,48.52,48,845296,9.09
2022-09-30,1.35,69.24,29.41,3,6720352,72.27,12,6156296,66.2,2,4511955,48.52,0,845296,9.09
2022-10-01,1.31,69.29,29.41,0,6720352,72.27,1,6156297,66.2,1,4511956,48.52,1,845297,9.09
2022-10-02,1.31,69.29,29.41,28,6720380,72.27,51,6156348,66.2,20,4511976,48.52,73,845370,9.09
2022-10-03,1.31,69.28,29.4,23,6720403,72.27,29,6156377,66.2,13,4511989,48.52,12,845382,9.09
2022-10-04,1.27,69.32,29.4,7,6720410,72.27,10,6156387,66.2,0,4511989,48.52,1,845383,9.09
2022-10-05,1.28,69.31,29.4,1,6720411,72.27,0,6156387,66.2,0,4511989,48.52,1,845384,9.09
2022-10-06,1.31,69.28,29.4,17,6720428,72.27,43,6156430,66.2,10,4511999,48.52,20,845404,9.09
2022-10-07,1.3,69.29,29.41,3,6720431,72.27,3,6156433,66.2,4,4512003,48.52,0,845404,9.09
2022-10-08,1.26,69.33,29.41,1,6720432,72.27,1,6156434,66.2,0,4512003,48.52,1,845405,9.09
2022-10-09,1.31,69.28,29.41,7,6720439,72.27,22,6156456,66.2,6,4512009,48.52,5,845410,9.09
2022-10-10,1.38,69.22,29.4,5,6720444,72.27,2,6156458,66.2,0,4512009,48.52,0,845410,9.09
2022-10-11,1.36,69.24,29.4,12,6720456,72.27,32,6156490,66.2,1,4512010,48.52,32,845442,9.09
2022-10-12,1.34,69.26,29.4,13,6720469,72.27,24,6156514,66.2,5,4512015,48.52,4,845446,9.09
2022-10-13,1.4,69.2,29.4,17,6720486,72.27,16,6156530,66.2,5,4512020,48.52,9,845455,9.09
2022-10-14,1.4,69.2,29.4,6,6720492,72.27,7,6156537,66.2,4,4512024,48.52,3,845458,9.09
2022-10-15,1.38,69.22,29.4,0,6720492,72.27,0,6156537,66.2,0,4512024,48.52,1,845459,9.09
2022-10-16,1.39,69.2,29.4,4,6720496,72.27,13,6156550,66.2,5,4512029,48.52,8,845467,9.09
2022-10-17,1.39,69.2,29.4,1,6720497,72.27,1,6156551,66.2,3,4512032,48.52,1,845468,9.09
2022-10-18,1.43,69.17,29.4,24,6720521,72.27,31,6156582,66.2,14,4512046,48.52,16,845484,9.09
2022-10-19,1.47,69.12,29.4,18,6720539,72.27,25,6156607,66.21,7,4512053,48.52,3,845487,9.09
2022-10-20,1.5,69.1,29.4,26,6720565,72.27,44,6156651,66.21,12,4512065,48.52,4,845491,9.09
2022-10-21,1.5,69.09,29.4,4,6720569,72.27,7,6156658,66.21,2,4512067,48.52,4,845495,9.09
2022-10-22,1.49,69.1,29.4,0,6720569,72.27,0,6156658,66.21,0,4512067,48.52,0,845495,9.09
2022-10-23,1.51,69.08,29.4,15,6720584,72.27,33,6156691,66.21,18,4512085,48.52,10,845505,9.09
2022-10-24,1.51,69.08,29.41,20,6720604,72.27,16,6156707,66.21,19,4512104,48.52,9,845514,9.09
2022-10-25,1.55,69.04,29.4,18,6720622,72.27,34,6156741,66.21,22,4512126,48.52,21,845535,9.09
2022-10-26,1.61,68.99,29.4,18,6720640,72.27,25,6156766,66.21,8,4512134,48.52,9,845544,9.09
2022-10-27,1.67,68.93,29.4,18,6720658,72.27,26,6156792,66.21,14,4512148,48.52,17,845561,9.09
2022-10-28,1.67,68.93,29.4,46,6720704,72.27,48,6156840,66.21,31,4512179,48.52,18,845579,9.09
2022-10-29,1.66,68.94,29.4,0,6720704,72.27,0,6156840,66.21,0,4512179,48.52,0,845579,9.09
2022-10-30,1.71,68.89,29.4,15,6720719,72.27,23,6156863,66.21,15,4512194,48.52,9,845588,9.09
2022-10-31,1.76,68.84,29.4,17,6720736,72.27,16,6156879,66.21,8,4512202,48.52,9,845597,9.09
2022-11-01,1.82,68.78,29.4,2,6720738,72.27,1,6156880,66.21,1,4512203,48.52,0,845597,9.09
2022-11-02,1.88,68.72,29.4,13,6720751,72.27,13,6156893,66.21,7,4512210,48.52,8,845605,9.09
2022-11-03,1.96,68.64,29.4,17,6720768,72.27,18,6156911,66.21,11,4512221,48.52,8,845613,9.09
2022-11-04,1.98,68.63,29.4,4,6720772,72.27,6,6156917,66.21,1,4512222,48.52,2,845615,9.09
2022-11-05,1.97,68.63,29.4,0,6720772,72.27,0,6156917,66.21,0,4512222,48.52,0,845615,9.09
2022-11-06,2.03,68.57,29.4,25,6720797,72.27,34,6156951,66.21,11,4512233,48.52,23,845638,9.09
2022-11-07,2.1,68.51,29.4,15,6720812,72.27,11,6156962,66.21,10,4512243,48.52,54,845692,9.09
2022-11-08,2.1,68.5,29.4,28,6720840,72.27,26,6156988,66.21,14,4512257,48.52,9,845701,9.09
2022-11-09,2.16,68.45,29.4,16,6720856,72.27,20,6157008,66.21,17,4512274,48.52,9,845710,9.09
2022-11-10,2.22,68.39,29.4,27,6720883,72.27,17,6157025,66.21,11,4512285,48.52,6,845716,9.09
2022-11-11,2.23,68.37,29.4,1,6720884,72.27,17,6157042,66.21,2,4512287,48.52,1,845717,9.09
2022-11-12,2.22,68.38,29.4,1,6720885,72.27,0,6157042,66.21,2,4512289,48.52,0,845717,9.09
2022-11-13,2.29,68.31,29.4,27,6720912,72.27,31,6157073,66.21,17,4512306,48.52,8,845725,9.09
2022-11-14,2.37,68.23,29.4,20,6720932,72.27,17,6157090,66.21,21,4512327,48.52,16,845741,9.09
2022-11-15,2.43,68.17,29.4,40,6720972,72.27,25,6157115,66.21,16,4512343,48.52,18,845759,9.09
2022-11-16,2.5,68.1,29.4,14,6720986,72.27,27,6157142,66.21,16,4512359,48.52,11,845770,9.1
2022-11-17,2.59,68.02,29.4,19,6721005,72.27,33,6157175,66.21,18,4512377,48.52,5,845775,9.1
2022-11-18,2.61,67.99,29.4,6,6721011,72.27,4,6157179,66.21,4,4512381,48.52,0,845775,9.1
2022-11-19,2.6,68,29.4,0,6721011,72.27,0,6157179,66.21,0,4512381,48.52,0,845775,9.1
2022-11-20,2.67,67.93,29.4,19,6721030,72.27,19,6157198,66.21,6,4512387,48.52,13,845788,9.1
2022-11-21,2.76,67.85,29.4,14,6721044,72.27,13,6157211,66.21,6,4512393,48.52,6,845794,9.1
2022-11-22,2.83,67.77,29.4,26,6721070,72.28,13,6157224,66.21,17,4512410,48.52,6,845800,9.1
2022-11-23,2.9,67.7,29.4,17,6721087,72.28,20,6157244,66.21,4,4512414,48.52,8,845808,9.1
2022-11-24,2.98,67.62,29.4,9,6721096,72.28,16,6157260,66.21,13,4512427,48.52,27,845835,9.1
2022-11-25,3,67.6,29.4,17,6721113,72.28,34,6157294,66.21,14,4512441,48.52,12,845847,9.1
2022-11-26,3,67.61,29.4,0,6721113,72.28,2,6157296,66.21,0,4512441,48.52,0,845847,9.1
2022-11-27,3.06,67.54,29.4,14,6721127,72.28,15,6157311,66.21,19,4512460,48.52,2,845849,9.1
2022-11-28,3.14,67.47,29.4,8,6721135,72.28,23,6157334,66.21,8,4512468,48.52,6,845855,9.1
2022-11-29,3.2,67.4,29.4,37,6721172,72.28,31,6157365,66.21,19,4512487,48.53,14,845869,9.1
2022-11-30,3.27,67.34,29.39,12,6721184,72.28,25,6157390,66.21,20,4512507,48.53,8,845877,9.1
2022-12-01,3.34,67.26,29.39,13,6721197,72.28,17,6157407,66.21,15,4512522,48.53,4,845881,9.1
2022-12-02,3.36,67.24,29.39,2,6721199,72.28,7,6157414,66.21,4,4512526,48.53,10,845891,9.1
2022-12-03,3.36,67.24,29.39,0,6721199,72.28,0,6157414,66.21,0,4512526,48.53,1,845892,9.1
2022-12-04,3.42,67.18,29.39,30,6721229,72.28,24,6157438,66.21,29,4512555,48.53,26,845918,9.1
2022-12-05,3.48,67.12,29.4,9,6721238,72.28,17,6157455,66.21,11,4512566,48.53,18,845936,9.1
2022-12-06,3.55,67.06,29.39,32,6721270,72.28,26,6157481,66.21,27,4512593,48.53,7,845943,9.1
2022-12-07,3.62,66.99,29.39,10,6721280,72.28,17,6157498,66.21,8,4512601,48.53,7,845950,9.1
2022-12-08,3.69,66.91,29.39,18,6721298,72.28,30,6157528,66.22,15,4512616,48.53,3,845953,9.1
2022-12-09,3.71,66.9,29.39,4,6721302,72.28,1,6157529,66.22,1,4512617,48.53,7,845960,9.1
2022-12-10,3.7,66.91,29.39,1,6721303,72.28,0,6157529,66.22,2,4512619,48.53,0,845960,9.1
2022-12-11,3.76,66.84,29.39,14,6721317,72.28,19,6157548,66.22,15,4512634,48.53,16,845976,9.1
2022-12-12,3.82,66.78,29.39,14,6721331,72.28,13,6157561,66.22,5,4512639,48.53,0,845976,9.1
2022-12-13,3.87,66.73,29.39,17,6721348,72.28,44,6157605,66.22,18,4512657,48.53,13,845989,9.1
2022-12-14,3.92,66.69,29.39,17,6721365,72.28,16,6157621,66.22,7,4512664,48.53,3,845992,9.1
2022-12-15,3.97,66.64,29.39,22,6721387,72.28,19,6157640,66.22,7,4512671,48.53,12,846004,9.1
2022-12-16,3.98,66.62,29.39,11,6721398,72.28,2,6157642,66.22,1,4512672,48.53,0,846004,9.1
2022-12-17,3.97,66.63,29.39,0,6721398,72.28,0,6157642,66.22,0,4512672,48.53,0,846004,9.1
2022-12-18,4.01,66.59,29.39,9,6721407,72.28,17,6157659,66.22,8,4512680,48.53,3,846007,9.1
2022-12-19,4.06,66.54,29.4,7,6721414,72.28,14,6157673,66.22,12,4512692,48.53,1,846008,9.1
2022-12-20,4.1,66.51,29.39,12,6721426,72.28,17,6157690,66.22,2,4512694,48.53,2,846010,9.1
2022-12-21,4.14,66.47,29.39,9,6721435,72.28,14,6157704,66.22,13,4512707,48.53,3,846013,9.1
2022-12-22,4.18,66.42,29.39,4,6721439,72.28,10,6157714,66.22,14,4512721,48.53,1,846014,9.1
2022-12-23,4.19,66.42,29.39,8,6721447,72.28,0,6157714,66.22,2,4512723,48.53,0,846014,9.1
2022-12-24,4.18,66.43,29.39,0,6721447,72.28,0,6157714,66.22,0,4512723,48.53,0,846014,9.1
2022-12-25,4.21,66.4,29.39,6,6721453,72.28,17,6157731,66.22,1,4512724,48.53,2,846016,9.1
2022-12-26,4.24,66.36,29.39,17,6721470,72.28,6,6157737,66.22,13,4512737,48.53,0,846016,9.1
2022-12-27,4.25,66.36,29.39,24,6721494,72.28,24,6157761,66.22,17,4512754,48.53,7,846023,9.1
2022-12-28,4.26,66.34,29.39,18,6721512,72.28,18,6157779,66.22,24,4512778,48.53,64,846087,9.1
2022-12-29,4.28,66.33,29.39,15,6721527,72.28,23,6157802,66.22,14,4512792,48.53,4,846091,9.1
2022-12-30,4.27,66.33,29.4,4,6721531,72.28,5,6157807,66.22,3,4512795,48.53,0,846091,9.1
2022-12-31,4.26,66.35,29.4,0,6721531,72.28,1,6157808,66.22,0,4512795,48.53,0,846091,9.1
2023-01-01,4.27,66.33,29.4,6,6721537,72.28,14,6157822,66.22,2,4512797,48.53,1,846092,9.1
2023-01-02,4.29,66.31,29.4,10,6721547,72.28,8,6157830,66.22,3,4512800,48.53,1,846093,9.1
2023-01-03,4.3,66.3,29.4,20,6721567,72.28,17,6157847,66.22,7,4512807,48.53,3,846096,9.1
2023-01-04,4.3,66.3,29.4,6,6721573,72.28,11,6157858,66.22,4,4512811,48.53,2,846098,9.1
2023-01-05,4.31,66.29,29.39,12,6721585,72.28,19,6157877,66.22,11,4512822,48.53,2,846100,9.1
2023-01-06,4.31,66.29,29.4,2,6721587,72.28,1,6157878,66.22,1,4512823,48.53,0,846100,9.1
2023-01-07,4.3,66.31,29.4,1,6721588,72.28,0,6157878,66.22,0,4512823,48.53,0,846100,9.1
2023-01-08,4.33,66.28,29.4,12,6721600,72.28,31,6157909,66.22,9,4512832,48.53,3,846103,9.1
2023-01-09,4.34,66.26,29.4,12,6721612,72.28,20,6157929,66.22,1,4512833,48.53,1,846104,9.1
2023-01-10,4.35,66.25,29.4,38,6721650,72.28,26,6157955,66.22,9,4512842,48.53,4,846108,9.1
2023-01-11,4.36,66.25,29.4,14,6721664,72.28,18,6157973,66.22,11,4512853,48.53,1,846109,9.1
2023-01-12,4.37,66.24,29.39,21,6721685,72.28,18,6157991,66.22,11,4512864,48.53,2,846111,9.1
2023-01-13,4.36,66.24,29.39,2,6721687,72.28,1,6157992,66.22,0,4512864,48.53,0,846111,9.1
