Date,Valid vaccinated pop. perc.,Expired vaccinated pop. perc.,Not vaccinated pop. perc.,Vaccinated (daily),Vaccinated (cumu),Vaccinated pop. perc.,Second dose (daily),Second dose (cumu),Second dose pop. perc.,Third dose (daily),Third dose (cumu),Third dose pop. perc.,Fourth dose (daily),Fourth dose (cumu),Fourth dose pop. perc.
2020-12-19,0,0,100,46,71,0,0,4,0,0,0,0,0,0,0
2020-12-20,0,0,100,7397,7468,0.08,0,4,0,0,0,0,0,0,0
2020-12-21,0,0,100,24923,32391,0.35,0,4,0,0,0,0,0,0,0
2020-12-22,0,0,100,44669,77060,0.83,0,4,0,0,0,0,0,0,0
2020-12-23,0,0,100,62917,139977,1.51,0,4,0,0,0,0,0,0,0
2020-12-24,0,0,100,73435,213412,2.29,0,4,0,0,0,0,0,0,0
2020-12-25,0,0,100,38518,251930,2.71,0,4,0,0,0,0,0,0,0
2020-12-26,0,0,100,32618,284548,3.06,0,4,0,0,0,0,0,0,0
2020-12-27,0,0,100,104577,389125,4.18,0,4,0,0,0,0,0,0,0
2020-12-28,0,0,100,135045,524170,5.64,0,4,0,0,0,0,0,0,0
2020-12-29,0,0,100,156345,680515,7.32,2,6,0,0,0,0,0,0,0
2020-12-30,0,0,100,153196,833711,8.97,0,6,0,0,0,0,0,0,0
2020-12-31,0,0,100,158603,992314,10.67,0,6,0,0,0,0,0,0,0
2021-01-01,0,0,100,71437,1063751,11.44,0,6,0,0,0,0,0,0,0
2021-01-02,0,0,100,71745,1135496,12.21,0,6,0,0,0,0,0,0,0
2021-01-03,0,0,100,149770,1285266,13.82,0,6,0,0,0,0,0,0,0
2021-01-04,0,0,100,152214,1437480,15.46,1,7,0,0,0,0,0,0,0
2021-01-05,0,0,100,125221,1562701,16.8,4,11,0,0,0,0,0,0,0
2021-01-06,0,0,100,103375,1666076,17.92,2,13,0,0,0,0,0,0,0
2021-01-07,0,0,100,116066,1782142,19.16,9,22,0,0,0,0,0,0,0
2021-01-08,0,0,100,66466,1848608,19.88,5,27,0,0,0,0,0,0,0
2021-01-09,0,0,100,44555,1893163,20.36,24,51,0,0,0,0,0,0,0
2021-01-10,0,0,100,37649,1930812,20.76,6002,6053,0.07,0,0,0,0,0,0
2021-01-11,0,0,100,21176,1951988,20.99,19264,25317,0.27,0,0,0,0,0,0
2021-01-12,0,0,100,24077,1976065,21.25,35674,60991,0.66,0,0,0,0,0,0
2021-01-13,0,0,100,52079,2028144,21.81,56873,117864,1.27,0,0,0,0,0,0
2021-01-14,0,0,100,56480,2084624,22.42,68840,186704,2.01,0,0,0,0,0,0
2021-01-15,0,0,100,30776,2115400,22.75,35944,222648,2.39,0,0,0,0,0,0
2021-01-16,0,0,100,29481,2144881,23.06,26007,248655,2.67,0,0,0,0,0,0
2021-01-17,0.31,0,99.69,68447,2213328,23.8,84598,333253,3.58,0,0,0,0,0,0
2021-01-18,0.58,0,99.42,69820,2283148,24.55,120439,453692,4.88,0,0,0,0,0,0
2021-01-19,1.09,0,98.91,72896,2356044,25.34,137855,591547,6.36,0,0,0,0,0,0
2021-01-20,1.9,0,98.1,76919,2432963,26.16,143770,735317,7.91,0,0,0,0,0,0
2021-01-21,2.88,0,97.12,70013,2502976,26.92,164480,899797,9.68,0,0,0,0,0,0
2021-01-22,3.39,0,96.61,37934,2540910,27.32,71136,970933,10.44,0,0,0,0,0,0
2021-01-23,3.77,0,96.23,39966,2580876,27.75,53598,1024531,11.02,0,0,0,0,0,0
2021-01-24,4.96,0,95.04,69149,2650025,28.5,140712,1165243,12.53,0,0,0,0,0,0
2021-01-25,6.61,0,93.39,80943,2730968,29.37,139529,1304772,14.03,0,0,0,0,0,0
2021-01-26,8.45,0,91.55,78739,2809707,30.21,126447,1431219,15.39,0,0,0,0,0,0
2021-01-27,10.34,0,89.66,77985,2887692,31.05,125074,1556293,16.74,0,0,0,0,0,0
2021-01-28,12.43,0,87.57,79574,2967266,31.91,130634,1686927,18.14,0,0,0,0,0,0
2021-01-29,13.34,0,86.66,36704,3003970,32.3,64795,1751722,18.84,0,0,0,0,0,0
2021-01-30,14.02,0,85.98,34395,3038365,32.67,42768,1794490,19.3,0,0,0,0,0,0
2021-01-31,15.76,0,84.24,73334,3111699,33.46,59504,1853994,19.94,0,0,0,0,0,0
2021-02-01,17.48,0,82.52,82519,3194218,34.35,35358,1889352,20.32,0,0,0,0,0,0
2021-02-02,19.01,0,80.99,70109,3264327,35.1,31074,1920426,20.65,0,0,0,0,0,0
2021-02-03,20.47,0,79.53,60311,3324638,35.75,51445,1971871,21.2,0,0,0,0,0,0
2021-02-04,22,0,78,72642,3397280,36.53,58096,2029967,21.83,0,0,0,0,0,0
2021-02-05,22.75,0,77.25,33947,3431227,36.9,28807,2058774,22.14,0,0,0,0,0,0
2021-02-06,23.23,0,76.77,21623,3452850,37.13,22233,2081007,22.38,0,0,0,0,0,0
2021-02-07,23.99,0,76.01,54080,3506930,37.71,68745,2149752,23.12,0,0,0,0,0,0
2021-02-08,24.52,0,75.48,58644,3565574,38.34,65468,2215220,23.82,0,0,0,0,0,0
2021-02-09,25.04,0,74.96,66362,3631936,39.06,67581,2282801,24.55,0,0,0,0,0,0
2021-02-10,25.77,0,74.23,70573,3702509,39.81,72316,2355117,25.33,0,0,0,0,0,0
2021-02-11,26.61,0,73.39,81176,3783685,40.69,72116,2427233,26.1,0,0,0,0,0,0
2021-02-12,27.02,0,72.98,39109,3822794,41.11,37600,2464833,26.51,0,0,0,0,0,0
2021-02-13,27.33,0,72.67,27467,3850261,41.4,30441,2495274,26.83,0,0,0,0,0,0
2021-02-14,28.25,0,71.75,74918,3925179,42.21,69086,2564360,27.58,0,0,0,0,0,0
2021-02-15,29.17,0,70.83,81552,4006731,43.09,75722,2640082,28.39,0,0,0,0,0,0
2021-02-16,30.11,0,69.89,83423,4090154,43.98,78304,2718386,29.23,0,0,0,0,0,0
2021-02-17,31.01,0,68.99,61984,4152138,44.65,75647,2794033,30.05,0,0,0,0,0,0
2021-02-18,31.94,0,68.06,69163,4221301,45.39,79741,2873774,30.9,0,0,0,0,0,0
2021-02-19,32.45,0,67.55,39676,4260977,45.82,38163,2911937,31.31,0,0,0,0,0,0
2021-02-20,32.85,0,67.15,31652,4292629,46.16,28723,2940660,31.62,0,0,0,0,0,0
2021-02-21,33.8,0,66.2,79437,4372066,47.02,78450,3019110,32.47,0,0,0,0,0,0
2021-02-22,34.83,0,65.17,85056,4457122,47.93,80603,3099713,33.33,0,0,0,0,0,0
2021-02-23,35.84,0,64.16,77333,4534455,48.76,70487,3170200,34.09,0,0,0,0,0,0
2021-02-24,36.76,0,63.24,61068,4595523,49.42,63149,3233349,34.77,0,0,0,0,0,0
2021-02-25,37.66,0,62.34,51730,4647253,49.97,64813,3298162,35.47,0,0,0,0,0,0
2021-02-26,38.1,0,61.9,25913,4673166,50.25,32048,3330210,35.81,0,0,0,0,0,0
2021-02-27,38.42,0,61.58,18353,4691519,50.45,21198,3351408,36.04,0,0,0,0,0,0
2021-02-28,39.24,0,60.76,40365,4731884,50.88,55874,3407282,36.64,0,0,0,0,0,0
2021-03-01,40.1,0,59.9,45752,4777636,51.38,61445,3468727,37.3,0,0,0,0,0,0
2021-03-02,40.85,0,59.15,41203,4818839,51.82,64803,3533530,38,0,0,0,0,0,0
2021-03-03,41.55,0,58.45,42036,4860875,52.27,66795,3600325,38.72,0,0,0,0,0,0
2021-03-04,42.24,0,57.76,39723,4900598,52.7,79127,3679452,39.57,0,0,0,0,0,0
2021-03-05,42.57,0,57.43,17369,4917967,52.89,40469,3719921,40,0,0,0,0,0,0
2021-03-06,42.78,0,57.22,10724,4928691,53,25350,3745271,40.27,0,0,0,0,0,0
2021-03-07,43.36,0,56.64,31157,4959848,53.34,72849,3818120,41.06,0,0,0,0,0,0
2021-03-08,43.97,0,56.03,27388,4987236,53.63,73297,3891417,41.85,0,0,0,0,0,0
2021-03-09,44.62,0,55.38,26756,5013992,53.92,76607,3968024,42.67,0,0,0,0,0,0
2021-03-10,45.27,0,54.73,23373,5037365,54.17,58684,4026708,43.3,0,0,0,0,0,0
2021-03-11,45.99,0,54.01,23308,5060673,54.42,69100,4095808,44.04,0,0,0,0,0,0
2021-03-12,46.34,0,53.66,11298,5071971,54.54,41419,4137227,44.49,0,0,0,0,0,0
2021-03-13,46.57,0,53.43,7955,5079926,54.63,25240,4162467,44.76,0,0,0,0,0,0
2021-03-14,47.2,0,52.8,20992,5100918,54.85,73937,4236404,45.56,0,0,0,0,0,0
2021-03-15,47.81,0,52.19,20152,5121070,55.07,78282,4314686,46.4,0,0,0,0,0,0
2021-03-16,48.43,0,51.57,18759,5139829,55.27,71482,4386168,47.17,0,0,0,0,0,0
2021-03-17,48.92,0,51.08,17706,5157535,55.46,59011,4445179,47.8,0,0,0,0,0,0
2021-03-18,49.45,0,50.55,16050,5173585,55.63,58126,4503305,48.43,0,0,0,0,0,0
2021-03-19,49.75,0,50.25,6959,5180544,55.71,27981,4531286,48.73,0,0,0,0,0,0
2021-03-20,49.93,0,50.07,5229,5185773,55.77,15302,4546588,48.89,0,0,0,0,0,0
2021-03-21,50.46,0,49.54,13172,5198945,55.91,40511,4587099,49.33,0,0,0,0,0,0
2021-03-22,51,0,49,13583,5212528,56.05,40542,4627641,49.76,0,0,0,0,0,0
2021-03-23,51.43,0,48.57,2846,5215374,56.08,7303,4634944,49.84,0,0,0,0,0,0
2021-03-24,51.84,0,48.16,11007,5226381,56.2,46562,4681506,50.34,0,0,0,0,0,0
2021-03-25,52.22,0,47.78,10275,5236656,56.31,35440,4716946,50.72,0,0,0,0,0,0
2021-03-26,52.4,0,47.6,4187,5240843,56.36,13335,4730281,50.87,0,0,0,0,0,0
2021-03-27,52.5,0,47.5,1788,5242631,56.38,4269,4734550,50.91,0,0,0,0,0,0
2021-03-28,52.74,0,47.26,2116,5244747,56.4,4611,4739161,50.96,0,0,0,0,0,0
2021-03-29,53,0,47,6921,5251668,56.47,30018,4769179,51.29,0,0,0,0,0,0
2021-03-30,53.08,0,46.92,7899,5259567,56.56,22455,4791634,51.53,0,0,0,0,0,0
2021-03-31,53.38,0,46.62,8154,5267721,56.65,19503,4811137,51.74,0,0,0,0,0,0
2021-04-01,53.62,0,46.38,8223,5275944,56.73,18704,4829841,51.94,0,0,0,0,0,0
2021-04-02,53.71,0,46.29,2949,5278893,56.77,8131,4837972,52.03,0,0,0,0,0,0
2021-04-03,53.74,0,46.26,1432,5280325,56.78,2984,4840956,52.06,0,0,0,0,0,0
2021-04-04,53.82,0,46.18,9618,5289943,56.89,22833,4863789,52.3,0,0,0,0,0,0
2021-04-05,54.04,0,45.96,10365,5300308,57,21280,4885069,52.53,0,0,0,0,0,0
2021-04-06,54.21,0,45.79,9036,5309344,57.09,16795,4901864,52.71,0,0,0,0,0,0
2021-04-07,54.36,0,45.64,8935,5318279,57.19,15315,4917179,52.88,0,0,0,0,0,0
2021-04-08,54.52,0,45.48,9430,5327709,57.29,17018,4934197,53.06,0,0,0,0,0,0
2021-04-09,54.58,0,45.42,3610,5331319,57.33,6260,4940457,53.13,0,0,0,0,0,0
2021-04-10,54.61,0,45.39,1637,5332956,57.35,3523,4943980,53.17,0,0,0,0,0,0
2021-04-11,54.78,0,45.22,9045,5342001,57.45,14250,4958230,53.32,0,0,0,0,0,0
2021-04-12,54.95,0,45.05,8938,5350939,57.54,13236,4971466,53.46,0,0,0,0,0,0
2021-04-13,55.08,0,44.92,5841,5356780,57.6,4960,4976426,53.51,0,0,0,0,0,0
2021-04-14,55.18,0,44.82,3650,5360430,57.64,5311,4981737,53.57,0,0,0,0,0,0
2021-04-15,55.27,0,44.73,699,5361129,57.65,583,4982320,53.58,0,0,0,0,0,0
2021-04-16,55.33,0,44.67,3421,5364550,57.69,6655,4988975,53.65,0,0,0,0,0,0
2021-04-17,55.35,0,44.65,822,5365372,57.7,1975,4990950,53.67,0,0,0,0,0,0
2021-04-18,55.47,0,44.53,7099,5372471,57.77,7433,4998383,53.75,0,0,0,0,0,0
2021-04-19,55.58,0,44.42,6407,5378878,57.84,7135,5005518,53.83,0,0,0,0,0,0
2021-04-20,55.65,0,44.35,6287,5385165,57.91,6891,5012409,53.9,0,0,0,0,0,0
2021-04-21,55.71,0,44.29,6382,5391547,57.98,7112,5019521,53.98,0,0,0,0,0,0
2021-04-22,55.75,0,44.25,5952,5397499,58.04,7692,5027213,54.06,0,0,0,0,0,0
2021-04-23,55.8,0,44.2,2768,5400267,58.07,3393,5030606,54.1,0,0,0,0,0,0
2021-04-24,55.82,0,44.18,769,5401036,58.08,1290,5031896,54.11,0,0,0,0,0,0
2021-04-25,55.89,0,44.11,4829,5405865,58.13,6927,5038823,54.19,0,0,0,0,0,0
2021-04-26,55.96,0,44.04,5479,5411344,58.19,7889,5046712,54.27,0,0,0,0,0,0
2021-04-27,56.03,0,43.97,4509,5415853,58.24,6628,5053340,54.34,0,0,0,0,0,0
2021-04-28,56.09,0,43.91,4502,5420355,58.29,7337,5060677,54.42,0,0,0,0,0,0
2021-04-29,56.16,0,43.84,4378,5424733,58.33,7297,5067974,54.5,0,0,0,0,0,0
2021-04-30,56.19,0,43.81,1925,5426658,58.36,3204,5071178,54.53,0,0,0,0,0,0
2021-05-01,56.2,0,43.8,458,5427116,58.36,895,5072073,54.54,0,0,0,0,0,0
2021-05-02,56.26,0,43.74,3225,5430341,58.4,6092,5078165,54.61,0,0,0,0,0,0
2021-05-03,56.32,0,43.68,3535,5433876,58.43,5835,5084000,54.67,0,0,0,0,0,0
2021-05-04,56.38,0,43.62,3594,5437470,58.47,4738,5088738,54.72,0,0,0,0,0,0
2021-05-05,56.44,0,43.56,3292,5440762,58.51,4093,5092831,54.77,0,0,0,0,0,0
2021-05-06,56.5,0,43.5,3646,5444408,58.55,3145,5095976,54.8,0,0,0,0,0,0
2021-05-07,56.52,0,43.48,1847,5446255,58.57,2509,5098485,54.83,0,0,0,0,0,0
2021-05-08,56.53,0,43.47,244,5446499,58.57,509,5098994,54.83,0,0,0,0,0,0
2021-05-09,56.58,0,43.42,2851,5449350,58.6,4751,5103745,54.88,0,0,0,0,0,0
2021-05-10,56.63,0,43.37,2900,5452250,58.63,4715,5108460,54.93,0,0,0,0,0,0
2021-05-11,56.67,0,43.33,2623,5454873,58.66,3882,5112342,54.98,0,0,0,0,0,0
2021-05-12,56.7,0,43.3,2034,5456907,58.68,3342,5115684,55.01,0,0,0,0,0,0
2021-05-13,56.73,0,43.27,2044,5458951,58.7,3688,5119372,55.05,0,0,0,0,0,0
2021-05-14,56.75,0,43.25,979,5459930,58.71,1495,5120867,55.07,0,0,0,0,0,0
2021-05-15,56.75,0,43.25,259,5460189,58.72,260,5121127,55.07,0,0,0,0,0,0
2021-05-16,56.78,0,43.22,530,5460719,58.72,1205,5122332,55.08,0,0,0,0,0,0
2021-05-17,56.81,0,43.19,303,5461022,58.73,848,5123180,55.09,0,0,0,0,0,0
2021-05-18,56.84,0,43.16,1963,5462985,58.75,4940,5128120,55.15,0,0,0,0,0,0
2021-05-19,56.87,0,43.13,2233,5465218,58.77,5043,5133163,55.2,0,0,0,0,0,0
2021-05-20,56.9,0,43.1,2311,5467529,58.8,3880,5137043,55.24,0,0,0,0,0,0
2021-05-21,56.92,0,43.08,1194,5468723,58.81,1414,5138457,55.26,0,0,0,0,0,0
2021-05-22,56.92,0,43.08,206,5468929,58.81,396,5138853,55.26,0,0,0,0,0,0
2021-05-23,56.94,0,43.06,2272,5471201,58.83,3216,5142069,55.3,0,0,0,0,0,0
2021-05-24,56.96,0,43.04,2143,5473344,58.86,3597,5145666,55.33,0,0,0,0,0,0
2021-05-25,56.99,0,43.01,1823,5475167,58.88,2588,5148254,55.36,0,0,0,0,0,0
2021-05-26,57.03,0,42.97,1415,5476582,58.89,2504,5150758,55.39,0,0,0,0,0,0
2021-05-27,57.06,0,42.94,1866,5478448,58.91,3189,5153947,55.42,0,0,0,0,0,0
2021-05-28,57.07,0,42.93,794,5479242,58.92,1406,5155353,55.44,0,0,0,0,0,0
2021-05-29,57.07,0,42.93,192,5479434,58.92,227,5155580,55.44,0,0,0,0,0,0
2021-05-30,57.1,0,42.9,1645,5481079,58.94,1937,5157517,55.46,0,0,0,0,0,0
2021-05-31,57.13,0,42.87,1740,5482819,58.96,2094,5159611,55.48,0,0,0,0,0,0
2021-06-01,57.47,0,42.53,1386,5484205,58.97,1824,5161435,55.5,0,0,0,0,0,0
2021-06-02,57.25,0,42.75,1514,5485719,58.99,1610,5163045,55.52,0,0,0,0,0,0
2021-06-03,57.27,0,42.73,1686,5487405,59.01,1496,5164541,55.54,0,0,0,0,0,0
2021-06-04,57.28,0,42.72,1102,5488507,59.02,784,5165325,55.55,0,0,0,0,0,0
2021-06-05,57.29,0,42.71,184,5488691,59.02,159,5165484,55.55,0,0,0,0,0,0
2021-06-06,57.31,0,42.69,4293,5492984,59.07,1003,5166487,55.56,0,0,0,0,0,0
2021-06-07,57.34,0,42.66,4441,5497425,59.12,814,5167301,55.57,0,0,0,0,0,0
2021-06-08,57.36,0,42.64,3740,5501165,59.16,1175,5168476,55.58,0,0,0,0,0,0
2021-06-09,57.4,0,42.6,3615,5504780,59.2,1331,5169807,55.59,0,0,0,0,0,0
2021-06-10,57.42,0,42.58,3366,5508146,59.23,1300,5171107,55.61,0,0,0,0,0,0
2021-06-11,57.43,0,42.57,1402,5509548,59.25,590,5171697,55.61,0,0,0,0,0,0
2021-06-12,57.43,0,42.57,223,5509771,59.25,173,5171870,55.62,0,0,0,0,0,0
2021-06-13,57.45,0,42.55,3101,5512872,59.28,1260,5173130,55.63,0,0,0,0,0,0
2021-06-14,57.46,0,42.54,3057,5515929,59.32,1534,5174664,55.65,0,0,0,0,0,0
2021-06-15,57.48,0,42.52,3139,5519068,59.35,1378,5176042,55.66,0,0,0,0,0,0
2021-06-16,57.49,0,42.51,2736,5521804,59.38,1005,5177047,55.67,0,0,0,0,0,0
2021-06-17,57.51,0,42.49,2735,5524539,59.41,1209,5178256,55.68,0,0,0,0,0,0
2021-06-18,57.52,0,42.48,1272,5525811,59.42,506,5178762,55.69,0,0,0,0,0,0
2021-06-19,57.52,0,42.48,242,5526053,59.42,139,5178901,55.69,0,0,0,0,0,0
2021-06-20,57.54,0,42.46,3316,5529369,59.46,1332,5180233,55.71,0,0,0,0,0,0
2021-06-21,57.56,0,42.44,5250,5534619,59.52,1218,5181451,55.72,0,0,0,0,0,0
2021-06-22,57.58,0,42.42,6935,5541554,59.59,1101,5182552,55.73,0,0,0,0,0,0
2021-06-23,57.6,0,42.4,10762,5552316,59.71,1304,5183856,55.74,0,0,0,0,0,0
2021-06-24,57.62,0,42.38,12051,5564367,59.84,1466,5185322,55.76,0,0,0,0,0,0
2021-06-25,57.62,0,42.38,7116,5571483,59.91,945,5186267,55.77,0,0,0,0,0,0
2021-06-26,57.63,0,42.37,2280,5573763,59.94,200,5186467,55.77,0,0,0,0,0,0
2021-06-27,57.65,0,42.35,13634,5587397,60.08,3439,5189906,55.81,0,0,0,0,0,0
2021-06-28,57.68,0,42.32,14518,5601915,60.24,3675,5193581,55.85,0,0,0,0,0,0
2021-06-29,57.69,0,42.31,16711,5618626,60.42,3746,5197327,55.89,0,0,0,0,0,0
2021-06-30,57.72,0,42.28,16489,5635115,60.6,3397,5200724,55.93,0,0,0,0,0,0
2021-07-01,57.78,0,42.22,16840,5651955,60.78,3381,5204105,55.96,122,122,0,0,0,0
2021-07-02,57.79,0,42.21,9836,5661791,60.88,1609,5205714,55.98,7,129,0,0,0,0
2021-07-03,57.79,0,42.21,2680,5664471,60.91,300,5206014,55.98,1,130,0,0,0,0
2021-07-04,57.85,0,42.15,17735,5682206,61.1,3161,5209175,56.02,2,132,0,0,0,0
2021-07-05,57.91,0,42.09,17852,5700058,61.3,3047,5212222,56.05,7,139,0,0,0,0
2021-07-06,57.99,0,42.01,17851,5717909,61.49,3412,5215634,56.09,11,150,0,0,0,0
2021-07-07,58.05,0,41.95,15535,5733444,61.65,2703,5218337,56.12,12,162,0,0,0,0
2021-07-08,58.12,0,41.88,16590,5750034,61.83,2883,5221220,56.15,17,179,0,0,0,0
2021-07-09,58.15,0,41.85,11127,5761161,61.95,1535,5222755,56.16,4,183,0,0,0,0
2021-07-10,58.15,0,41.85,4989,5766150,62.01,391,5223146,56.17,6,189,0,0,0,0
2021-07-11,58.22,0,41.78,1458,5767608,62.02,2848,5225994,56.2,9,198,0,0,0,0
2021-07-12,58.29,0,41.71,2428,5770036,62.05,3697,5229691,56.24,58,256,0,0,0,0
2021-07-13,58.36,0,41.64,2965,5773001,62.08,5460,5235151,56.3,124,380,0,0,0,0
2021-07-14,58.42,0,41.58,2748,5775749,62.11,7537,5242688,56.38,441,821,0.01,0,0,0
2021-07-15,58.5,0,41.5,3011,5778760,62.14,9302,5251990,56.48,374,1195,0.01,0,0,0
2021-07-16,58.54,0,41.46,1297,5780057,62.16,5898,5257888,56.54,66,1261,0.01,0,0,0
2021-07-17,58.55,0,41.44,372,5780429,62.16,1394,5259282,56.56,8,1269,0.01,0,0,0
2021-07-18,58.6,0,41.4,2074,5782503,62.18,9771,5269053,56.66,235,1504,0.02,0,0,0
2021-07-19,58.65,0,41.35,3211,5785714,62.22,11348,5280401,56.78,461,1965,0.02,0,0,0
2021-07-20,58.72,0,41.28,2691,5788405,62.25,11915,5292316,56.91,374,2339,0.03,0,0,0
2021-07-21,58.81,0,41.19,2408,5790813,62.27,11882,5304198,57.04,325,2664,0.03,0,0,0
2021-07-22,58.93,0,41.07,2879,5793692,62.3,13281,5317479,57.18,392,3056,0.03,0,0,0
2021-07-23,58.99,0,41.01,2039,5795731,62.32,8249,5325728,57.27,106,3162,0.03,0,0,0
2021-07-24,58.99,0,41,646,5796377,62.33,1486,5327214,57.29,7,3169,0.03,0,0,0
2021-07-25,59.1,0,40.89,4417,5800794,62.38,15499,5342713,57.45,223,3392,0.04,0,0,0
2021-07-26,59.24,0,40.75,5175,5805969,62.43,13538,5356251,57.6,325,3717,0.04,0,0,0
2021-07-27,59.37,0.01,40.62,5493,5811462,62.49,13579,5369830,57.74,414,4131,0.04,0,0,0
2021-07-28,59.5,0.01,40.49,3991,5815453,62.54,12345,5382175,57.88,472,4603,0.05,0,0,0
2021-07-29,59.65,0.01,40.33,4665,5820118,62.59,14206,5396381,58.03,533,5136,0.06,0,0,0
2021-07-30,59.74,0.02,40.25,2658,5822776,62.62,10859,5407240,58.15,4122,9258,0.1,0,0,0
2021-07-31,59.75,0.02,40.23,1407,5824183,62.63,3554,5410794,58.18,6159,15417,0.17,0,0,0
2021-08-01,59.91,0.02,40.06,3079,5827262,62.66,3368,5414162,58.22,31048,46465,0.5,0,0,0
2021-08-02,60.06,0.03,39.91,3134,5830396,62.7,3176,5417338,58.26,58514,104979,1.13,0,0,0
2021-08-03,60.21,0.03,39.76,3388,5833784,62.73,3332,5420670,58.29,78954,183933,1.98,0,0,0
2021-08-04,60.34,0.03,39.63,3537,5837321,62.77,3256,5423926,58.33,80766,264699,2.85,0,0,0
2021-08-05,60.49,0.04,39.47,4515,5841836,62.82,3572,5427498,58.36,88442,353141,3.8,0,0,0
2021-08-06,60.6,0.04,39.36,2437,5844273,62.85,1866,5429364,58.38,44744,397885,4.28,0,0,0
2021-08-07,60.63,0.04,39.32,1034,5845307,62.86,701,5430065,58.39,27353,425238,4.57,0,0,0
2021-08-08,60.68,0.04,39.28,4992,5850299,62.91,3082,5433147,58.43,80087,505325,5.43,0,0,0
2021-08-09,60.72,0.04,39.24,5341,5855640,62.97,3064,5436211,58.46,76489,581814,6.26,0,0,0
2021-08-10,60.75,0.04,39.2,5554,5861194,63.03,3211,5439422,58.49,75427,657241,7.07,0,0,0
2021-08-11,60.79,0.04,39.17,5696,5866890,63.09,2949,5442371,58.52,62642,719883,7.74,0,0,0
2021-08-12,60.83,0.04,39.12,7039,5873929,63.17,3291,5445662,58.56,59463,779346,8.38,0,0,0
2021-08-13,60.84,0.05,39.11,3821,5877750,63.21,2074,5447736,58.58,43870,823216,8.85,0,0,0
2021-08-14,60.85,0.05,39.1,2255,5880005,63.23,854,5448590,58.59,44486,867702,9.33,0,0,0
2021-08-15,60.89,0.05,39.06,7144,5887149,63.31,4531,5453121,58.64,97986,965688,10.38,0,0,0
2021-08-16,60.92,0.04,39.03,6991,5894140,63.38,4750,5457871,58.69,89522,1055210,11.35,0,0,0
2021-08-17,60.96,0.04,39,7573,5901713,63.46,5138,5463009,58.75,83320,1138530,12.24,0,0,0
2021-08-18,60.99,0.04,38.96,8643,5910356,63.56,4603,5467612,58.8,69269,1207799,12.99,0,0,0
2021-08-19,61.03,0.04,38.92,10082,5920438,63.67,5217,5472829,58.85,65976,1273775,13.7,0,0,0
2021-08-20,61.05,0.05,38.9,4769,5925207,63.72,2828,5475657,58.88,60454,1334229,14.35,0,0,0
2021-08-21,61.06,0.05,38.89,3499,5928706,63.75,1580,5477237,58.9,50727,1384956,14.89,0,0,0
2021-08-22,61.12,0.04,38.84,9822,5938528,63.86,4808,5482045,58.95,105113,1490069,16.02,0,0,0
2021-08-23,61.17,0.04,38.79,10922,5949450,63.98,4448,5486493,59,94036,1584105,17.03,0,0,0
2021-08-24,61.23,0.04,38.73,11721,5961171,64.1,4701,5491194,59.05,98563,1682668,18.09,0,0,0
2021-08-25,61.29,0.04,38.67,9613,5970784,64.21,4484,5495678,59.1,99559,1782227,19.17,0,0,0
2021-08-26,61.36,0.03,38.61,10115,5980899,64.32,5059,5500737,59.15,101233,1883460,20.25,0,0,0
2021-08-27,61.35,0.04,38.61,4325,5985224,64.36,2790,5503527,59.18,56695,1940155,20.86,0,0,0
2021-08-28,61.4,0.04,38.57,3704,5988928,64.4,1500,5505027,59.2,33542,1973697,21.22,0,0,0
2021-08-29,61.46,0.03,38.5,10323,5999251,64.51,5933,5510960,59.26,79552,2053249,22.08,0,0,0
2021-08-30,61.53,0.03,38.44,12332,6011583,64.65,7017,5517977,59.34,116011,2169260,23.33,0,0,0
2021-08-31,61.6,0.03,38.37,12075,6023658,64.78,6529,5524506,59.41,114886,2284146,24.56,0,0,0
2021-09-01,61.43,0.03,38.54,9036,6032694,64.87,6043,5530549,59.47,112496,2396642,25.77,0,0,0
2021-09-02,61.49,0.03,38.48,8784,6041478,64.97,7186,5537735,59.55,111549,2508191,26.97,0,0,0
2021-09-03,61.56,0.03,38.42,3751,6045229,65.01,4118,5541853,59.59,58886,2567077,27.61,0,0,0
2021-09-04,61.59,0.03,38.38,2692,6047921,65.04,2023,5543876,59.62,29954,2597031,27.93,0,0,0
2021-09-05,61.68,0.03,38.29,6991,6054912,65.11,6460,5550336,59.69,73328,2670359,28.72,0,0,0
2021-09-06,61.77,0.03,38.2,2836,6057748,65.14,2718,5553054,59.71,22800,2693159,28.96,0,0,0
2021-09-07,61.85,0.03,38.12,1202,6058950,65.16,880,5553934,59.72,5398,2698557,29.02,0,0,0
2021-09-08,61.93,0.03,38.05,1380,6060330,65.17,1196,5555130,59.74,6621,2705178,29.09,0,0,0
2021-09-09,62.02,0.03,37.95,7093,6067423,65.25,12574,5567704,59.87,73847,2779025,29.88,0,0,0
2021-09-10,62.06,0.03,37.91,3258,6070681,65.28,5016,5572720,59.93,37938,2816963,30.29,0,0,0
2021-09-11,62.08,0.03,37.89,2109,6072790,65.3,2509,5575229,59.95,14817,2831780,30.45,0,0,0
2021-09-12,62.16,0.03,37.81,6105,6078895,65.37,8589,5583818,60.05,54137,2885917,31.03,0,0,0
2021-09-13,62.15,0.03,37.82,5611,6084506,65.43,8264,5592082,60.13,47984,2933901,31.55,0,0,0
2021-09-14,62.2,0.03,37.77,4964,6089470,65.48,7424,5599506,60.21,48856,2982757,32.08,0,0,0
2021-09-15,62.25,0.03,37.72,1751,6091221,65.5,2719,5602225,60.24,16687,2999444,32.25,0,0,0
2021-09-16,62.37,0.03,37.6,343,6091564,65.51,550,5602775,60.25,1740,3001184,32.27,0,0,0
2021-09-17,62.42,0.03,37.54,3683,6095247,65.55,7022,5609797,60.32,42908,3044092,32.73,0,0,0
2021-09-18,62.45,0.03,37.52,2258,6097505,65.57,2946,5612743,60.36,12784,3056876,32.87,0,0,0
2021-09-19,62.55,0.03,37.42,5943,6103448,65.63,10712,5623455,60.47,44331,3101207,33.35,0,0,0
2021-09-20,62.63,0.03,37.34,3246,6106694,65.67,4646,5628101,60.52,16708,3117915,33.53,0,0,0
2021-09-21,62.69,0.03,37.28,1340,6108034,65.68,2068,5630169,60.54,3477,3121392,33.57,0,0,0
2021-09-22,62.72,0.03,37.25,4260,6112294,65.73,7250,5637419,60.62,25072,3146464,33.84,0,0,0
2021-09-23,62.75,0.03,37.22,4391,6116685,65.78,5918,5643337,60.69,27834,3174298,34.13,0,0,0
2021-09-24,62.82,0.03,37.15,3203,6119888,65.81,4185,5647522,60.73,27725,3202023,34.43,0,0,0
2021-09-25,62.85,0.03,37.12,2080,6121968,65.83,2264,5649786,60.76,10443,3212466,34.55,0,0,0
2021-09-26,62.96,0.03,37,5605,6127573,65.89,5973,5655759,60.82,36271,3248737,34.94,0,0,0
2021-09-27,63.02,0.03,36.94,4696,6132269,65.94,4469,5660228,60.87,30457,3279194,35.26,0,0,0
2021-09-28,63.06,0.04,36.91,1473,6133742,65.96,1187,5661415,60.88,6250,3285444,35.33,0,0,0
2021-09-29,63.13,0.03,36.84,9621,6143363,66.06,8350,5669765,60.97,60325,3345769,35.98,0,0,0
2021-09-30,63.18,0.03,36.79,10978,6154341,66.18,8581,5678346,61.06,79704,3425473,36.84,0,0,0
2021-10-01,63.23,0.03,36.73,5128,6159469,66.24,3876,5682222,61.1,46546,3472019,37.34,0,0,0
2021-10-02,63.26,0.03,36.71,2865,6162334,66.27,2128,5684350,61.13,22433,3494452,37.58,0,0,0
2021-10-03,63.35,0.03,36.62,11668,6174002,66.39,7275,5691625,61.2,70726,3565178,38.34,0,0,0
2021-10-04,63.4,0.03,36.57,10321,6184323,66.5,6759,5698384,61.28,51912,3617090,38.9,0,0,0
2021-10-05,63.41,0.03,36.55,8460,6192783,66.59,5314,5703698,61.33,40482,3657572,39.33,0,0,0
2021-10-06,63.52,0.03,36.45,7543,6200326,66.68,4185,5707883,61.38,34151,3691723,39.7,0,0,0
2021-10-07,63.63,0.03,36.34,6895,6207221,66.75,4011,5711894,61.42,34074,3725797,40.07,0,0,0
2021-10-08,63.68,0.03,36.29,3086,6210307,66.78,2644,5714538,61.45,19250,3745047,40.27,0,0,0
2021-10-09,63.71,0.03,36.26,1341,6211648,66.8,1444,5715982,61.47,7441,3752488,40.35,0,0,0
2021-10-10,63.82,0.04,36.14,4677,6216325,66.85,3747,5719729,61.51,21519,3774007,40.58,0,0,0
2021-10-11,63.91,0.04,36.05,4299,6220624,66.89,2946,5722675,61.54,17270,3791277,40.77,0,0,0
2021-10-12,63.99,0.05,35.96,3977,6224601,66.94,3007,5725682,61.57,15357,3806634,40.93,0,0,0
2021-10-13,64.09,0.05,35.86,3487,6228088,66.97,2451,5728133,61.6,13587,3820221,41.08,0,0,0
2021-10-14,64.19,0.06,35.75,3870,6231958,67.02,2686,5730819,61.63,16569,3836790,41.26,0,0,0
2021-10-15,64.23,0.07,35.7,1705,6233663,67.03,1686,5732505,61.64,9012,3845802,41.36,0,0,0
2021-10-16,64.25,0.08,35.67,729,6234392,67.04,958,5733463,61.65,4036,3849838,41.4,0,0,0
2021-10-17,64.36,0.09,35.56,3090,6237482,67.07,2526,5735989,61.68,12799,3862637,41.54,0,0,0
2021-10-18,64.43,0.1,35.47,2459,6239941,67.1,1694,5737683,61.7,10069,3872706,41.65,0,0,0
2021-10-19,64.49,0.1,35.4,2399,6242340,67.13,1284,5738967,61.71,9295,3882001,41.75,0,0,0
2021-10-20,64.14,0.52,35.34,2438,6244778,67.15,2304,5741271,61.74,10104,3892105,41.85,0,0,0
2021-10-21,54.23,10.41,35.36,3033,6247811,67.19,3098,5744369,61.77,12165,3904270,41.98,0,0,0
2021-10-22,54.36,10.26,35.38,1279,6249090,67.2,1439,5745808,61.79,5842,3910112,42.05,0,0,0
2021-10-23,54.42,10.19,35.39,575,6249665,67.21,1266,5747074,61.8,2565,3912677,42.08,0,0,0
2021-10-24,54.22,10.43,35.35,2518,6252183,67.23,2653,5749727,61.83,9857,3922534,42.18,0,0,0
2021-10-25,54.59,10.22,35.19,2640,6254823,67.26,2753,5752480,61.86,8511,3931045,42.27,0,0,0
2021-10-26,54.64,10.26,35.1,2381,6257204,67.29,2058,5754538,61.88,8531,3939576,42.36,0,0,0
2021-10-27,54.58,10.37,35.06,2292,6259496,67.31,2566,5757104,61.91,7959,3947535,42.45,0,0,0
2021-10-28,54.69,10.76,34.55,2508,6262004,67.34,2782,5759886,61.94,8677,3956212,42.54,0,0,0
2021-10-29,54.73,10.75,34.52,904,6262908,67.35,1154,5761040,61.95,4138,3960350,42.59,0,0,0
2021-10-30,54.68,10.81,34.52,366,6263274,67.35,530,5761570,61.96,1712,3962062,42.61,0,0,0
2021-10-31,54.83,10.7,34.47,2262,6265536,67.38,2495,5764065,61.98,8255,3970317,42.69,0,0,0
2021-11-01,54.95,10.63,34.42,1737,6267273,67.4,2094,5766159,62.01,6481,3976798,42.76,0,0,0
2021-11-02,54.89,10.69,34.42,2026,6269299,67.42,2050,5768209,62.03,6296,3983094,42.83,0,0,0
2021-11-03,54.86,10.75,34.39,1765,6271064,67.44,1897,5770106,62.05,5556,3988650,42.89,0,0,0
2021-11-04,54.85,10.81,34.33,2111,6273175,67.46,2802,5772908,62.08,7135,3995785,42.97,0,0,0
2021-11-05,54.85,10.83,34.32,793,6273968,67.47,907,5773815,62.09,3488,3999273,43.01,0,0,0
2021-11-06,54.82,10.86,34.32,347,6274315,67.47,389,5774204,62.09,1375,4000648,43.02,0,0,0
2021-11-07,54.92,10.8,34.28,1578,6275893,67.49,1770,5775974,62.11,6133,4006781,43.09,0,0,0
2021-11-08,55.01,10.75,34.24,1521,6277414,67.5,1603,5777577,62.13,5406,4012187,43.15,0,0,0
2021-11-09,55.05,10.74,34.21,1429,6278843,67.52,1612,5779189,62.15,5333,4017520,43.2,0,0,0
2021-11-10,55.08,10.73,34.19,1424,6280267,67.53,1662,5780851,62.16,4779,4022299,43.25,0,0,0
2021-11-11,55.15,10.69,34.15,1628,6281895,67.55,1948,5782799,62.19,5720,4028019,43.32,0,0,0
2021-11-12,55.17,10.69,34.14,637,6282532,67.56,826,5783625,62.19,2926,4030945,43.35,0,0,0
2021-11-13,55.14,10.72,34.14,259,6282791,67.56,291,5783916,62.2,1131,4032076,43.36,0,0,0
2021-11-14,55.21,10.68,34.11,1536,6284327,67.58,1639,5785555,62.21,5111,4037187,43.41,0,0,0
2021-11-15,55.28,10.63,34.09,1275,6285602,67.59,1628,5787183,62.23,4770,4041957,43.47,0,0,0
2021-11-16,55.32,10.62,34.07,1275,6286877,67.61,1419,5788602,62.25,4349,4046306,43.51,0,0,0
2021-11-17,55.35,10.6,34.05,1208,6288085,67.62,1567,5790169,62.26,3915,4050221,43.55,0,0,0
2021-11-18,55.41,10.58,34.02,1364,6289449,67.63,1693,5791862,62.28,5014,4055235,43.61,0,0,0
2021-11-19,55.42,10.57,34.01,589,6290038,67.64,765,5792627,62.29,2460,4057695,43.63,0,0,0
2021-11-20,55.41,10.58,34,238,6290276,67.64,258,5792885,62.29,930,4058625,43.64,0,0,0
2021-11-21,55.47,10.54,33.98,1409,6291685,67.66,1542,5794427,62.31,4881,4063506,43.7,0,0,0
2021-11-22,55.54,10.5,33.96,1681,6293366,67.68,1523,5795950,62.33,4238,4067744,43.74,0,0,0
2021-11-23,55.57,10.48,33.95,8616,6301982,67.77,1688,5797638,62.34,4012,4071756,43.79,0,0,0
2021-11-24,55.6,10.44,33.95,9348,6311330,67.87,1319,5798957,62.36,3925,4075681,43.83,0,0,0
2021-11-25,55.64,10.43,33.93,9809,6321139,67.97,1600,5800557,62.38,4841,4080522,43.88,0,0,0
2021-11-26,55.63,10.45,33.92,5610,6326749,68.03,753,5801310,62.38,2807,4083329,43.91,0,0,0
2021-11-27,55.62,10.46,33.92,4776,6331525,68.09,324,5801634,62.39,1164,4084493,43.92,0,0,0
2021-11-28,55.67,10.43,33.9,10148,6341673,68.2,1481,5803115,62.4,4907,4089400,43.98,0,0,0
2021-11-29,55.73,10.39,33.88,9043,6350716,68.29,1135,5804250,62.42,4378,4093778,44.02,0,0,0
2021-11-30,55.77,10.37,33.86,10043,6360759,68.4,1039,5805289,62.43,4085,4097863,44.07,0,0,0
2021-12-01,55.79,10.36,33.84,8629,6369388,68.49,1098,5806387,62.44,4445,4102308,44.11,5,5,0
2021-12-02,55.84,10.34,33.82,9174,6378562,68.59,1457,5807844,62.45,5126,4107434,44.17,6,11,0
2021-12-03,55.86,10.33,33.81,6329,6384891,68.66,673,5808517,62.46,2868,4110302,44.2,1,12,0
2021-12-04,55.85,10.34,33.81,2509,6387400,68.69,239,5808756,62.46,926,4111228,44.21,3,15,0
2021-12-05,55.9,10.31,33.79,8334,6395734,68.78,1254,5810010,62.48,4683,4115911,44.26,1,16,0
2021-12-06,55.95,10.27,33.78,6720,6402454,68.85,1200,5811210,62.49,4351,4120262,44.31,4,20,0
2021-12-07,55.99,10.25,33.76,5553,6408007,68.91,1506,5812716,62.51,3966,4124228,44.35,9,29,0
2021-12-08,56.03,10.22,33.75,4934,6412941,68.96,1201,5813917,62.52,3885,4128113,44.39,10,39,0
2021-12-09,56.08,10.19,33.73,6239,6419180,69.03,1241,5815158,62.53,4508,4132621,44.44,8,47,0
2021-12-10,56.1,10.18,33.72,3006,6422186,69.06,704,5815862,62.54,2687,4135308,44.47,4,51,0
2021-12-11,56.1,10.18,33.71,1491,6423677,69.08,255,5816117,62.54,1022,4136330,44.48,0,51,0
2021-12-12,56.16,10.15,33.69,7273,6430950,69.16,1444,5817561,62.56,5249,4141579,44.54,3,54,0
2021-12-13,56.21,10.11,33.67,6180,6437130,69.22,1377,5818938,62.57,4351,4145930,44.58,5,59,0
2021-12-14,56.27,10.09,33.65,7316,6444446,69.3,6098,5825036,62.64,4941,4150871,44.64,12,71,0
2021-12-15,56.34,10.06,33.6,7204,6451650,69.38,7404,5832440,62.72,5446,4156317,44.7,7,78,0
2021-12-16,56.53,10.05,33.42,8079,6459729,69.46,8611,5841051,62.81,6565,4162882,44.77,8,86,0
2021-12-17,56.64,10.05,33.3,4406,6464135,69.51,5141,5846192,62.87,3955,4166837,44.81,3,89,0
2021-12-18,56.73,10.07,33.2,3941,6468076,69.55,2913,5849105,62.9,1361,4168198,44.82,2,91,0
2021-12-19,56.92,10.04,33.04,6978,6475054,69.63,9328,5858433,63,6276,4174474,44.89,6,97,0
2021-12-20,57.07,10.02,32.91,7971,6483025,69.72,7520,5865953,63.08,5447,4179921,44.95,9,106,0
2021-12-21,57.27,10.01,32.71,9548,6492573,69.82,8647,5874600,63.17,6493,4186414,45.02,8,114,0
2021-12-22,57.49,10,32.52,9663,6502236,69.92,8152,5882752,63.26,6258,4192672,45.09,12,126,0
2021-12-23,57.7,9.97,32.33,11539,6513775,70.05,10262,5893014,63.37,8161,4200833,45.17,16,142,0
2021-12-24,57.83,9.96,32.21,5875,6519650,70.11,6241,5899255,63.44,5281,4206114,45.23,12,154,0
2021-12-25,57.9,9.96,32.15,3338,6522988,70.14,2566,5901821,63.47,2022,4208136,45.25,6,160,0
2021-12-26,58.1,9.92,31.98,10652,6533640,70.26,8909,5910730,63.56,8202,4216338,45.34,8,168,0
2021-12-27,58.27,9.9,31.83,10370,6544010,70.37,7142,5917872,63.64,8188,4224526,45.43,40,208,0
2021-12-28,58.46,9.88,31.66,11375,6555385,70.49,7451,5925323,63.72,9643,4234169,45.53,39,247,0
2021-12-29,58.64,9.85,31.51,9933,6565318,70.6,5964,5931287,63.78,8376,4242545,45.62,21,268,0
2021-12-30,58.84,9.82,31.34,11012,6576330,70.72,7735,5939022,63.87,12240,4254785,45.75,10,278,0
2021-12-31,58.9,9.79,31.3,4829,6581159,70.77,3671,5942693,63.9,7297,4262082,45.83,135,413,0
2022-01-01,58.93,9.79,31.28,1993,6583152,70.79,1593,5944286,63.92,2741,4264823,45.86,66,479,0.01
2022-01-02,59.14,9.76,31.1,10216,6593368,70.9,6487,5950773,63.99,13002,4277825,46,590,1069,0.01
2022-01-03,59.29,9.71,31,9384,6602752,71,5259,5956032,64.05,11343,4289168,46.12,25055,26124,0.28
2022-01-04,59.46,9.68,30.86,8963,6611715,71.1,5947,5961979,64.11,10525,4299693,46.24,50665,76789,0.83
2022-01-05,59.56,9.65,30.79,8554,6620269,71.19,5740,5967719,64.17,10492,4310185,46.35,59598,136387,1.47
2022-01-06,59.81,9.63,30.56,10339,6630608,71.3,7958,5975677,64.26,13532,4323717,46.5,64008,200395,2.15
2022-01-07,59.89,9.61,30.49,4759,6635367,71.35,4557,5980234,64.31,8167,4331884,46.58,31136,231531,2.49
2022-01-08,59.9,9.64,30.46,2749,6638116,71.38,2451,5982685,64.33,5502,4337386,46.64,27634,259165,2.79
2022-01-09,60.06,9.59,30.35,9306,6647422,71.48,7724,5990409,64.42,11871,4349257,46.77,66773,325938,3.51
2022-01-10,60.21,9.54,30.25,8347,6655769,71.57,7646,5998055,64.5,11885,4361142,46.9,64826,390764,4.2
2022-01-11,60.38,9.49,30.13,8097,6663866,71.66,8622,6006677,64.59,11974,4373116,47.03,56662,447426,4.81
2022-01-12,60.51,9.45,30.04,7275,6671141,71.74,8305,6014982,64.68,11114,4384230,47.15,44633,492059,5.29
2022-01-13,60.7,9.35,29.94,7510,6678651,71.82,9617,6024599,64.79,11549,4395779,47.27,34769,526828,5.67
2022-01-14,60.79,9.31,29.9,2555,6681206,71.85,4935,6029534,64.84,6147,4401926,47.34,11146,537974,5.79
2022-01-15,60.83,9.29,29.87,1469,6682675,71.86,3170,6032704,64.87,3885,4405811,47.38,5716,543690,5.85
2022-01-16,60.97,9.2,29.82,3817,6686492,71.9,8524,6041228,64.96,7682,4413493,47.46,19993,563683,6.06
2022-01-17,61.09,9.13,29.78,2808,6689300,71.93,7047,6048275,65.04,6173,4419666,47.53,17835,581518,6.25
2022-01-18,61.23,9.07,29.7,2475,6691775,71.96,7386,6055661,65.12,5535,4425201,47.59,14819,596337,6.41
2022-01-19,61.37,8.98,29.65,1915,6693690,71.98,6368,6062029,65.19,4523,4429724,47.64,8462,604799,6.5
2022-01-20,61.44,8.85,29.71,1777,6695467,72,6971,6069000,65.26,4792,4434516,47.69,8042,612841,6.59
2022-01-21,61.51,8.81,29.68,905,6696372,72.01,3725,6072725,65.3,2646,4437162,47.72,3358,616199,6.63
2022-01-22,61.51,8.75,29.74,327,6696699,72.01,1462,6074187,65.32,1069,4438231,47.73,1114,617313,6.64
2022-01-23,61.61,8.7,29.69,1068,6697767,72.02,5632,6079819,65.38,2879,4441110,47.76,6083,623396,6.7
2022-01-24,61.73,8.62,29.65,759,6698526,72.03,4482,6084301,65.43,2271,4443381,47.78,5057,628453,6.76
2022-01-25,61.9,8.51,29.59,743,6699269,72.04,4401,6088702,65.47,2187,4445568,47.81,7103,635556,6.83
2022-01-26,62.02,8.42,29.57,615,6699884,72.05,3286,6091988,65.51,1612,4447180,47.82,4263,639819,6.88
2022-01-27,62.12,8.35,29.52,797,6700681,72.06,4405,6096393,65.56,2007,4449187,47.84,5441,645260,6.94
2022-01-28,62.16,8.33,29.5,397,6701078,72.06,2377,6098770,65.58,1182,4450369,47.86,3452,648712,6.98
2022-01-29,62.23,8.29,29.48,124,6701202,72.06,1046,6099816,65.59,425,4450794,47.86,1162,649874,6.99
2022-01-30,62.3,8.24,29.46,769,6701971,72.07,4719,6104535,65.65,2020,4452814,47.88,8099,657973,7.08
2022-01-31,62.39,8.17,29.43,528,6702499,72.08,3183,6107718,65.68,1610,4454424,47.9,6472,664445,7.15
2022-02-01,62.45,8.15,29.4,482,6702981,72.08,2810,6110528,65.71,1526,4455950,47.92,5722,670167,7.21
2022-02-02,62.28,8.13,29.59,375,6703356,72.08,2394,6112922,65.74,1386,4457336,47.93,5074,675241,7.26
2022-02-03,62.34,8.08,29.57,446,6703802,72.09,2777,6115699,65.77,1462,4458798,47.95,5606,680847,7.32
2022-02-04,62.37,8.06,29.57,174,6703976,72.09,991,6116690,65.78,758,4459556,47.96,2455,683302,7.35
2022-02-05,62.34,8.09,29.56,62,6704038,72.09,342,6117032,65.78,221,4459777,47.96,420,683722,7.35
2022-02-06,62.41,8.05,29.55,407,6704445,72.1,2321,6119353,65.8,1344,4461121,47.97,5687,689409,7.41
2022-02-07,62.47,8.01,29.52,283,6704728,72.1,1308,6120661,65.82,984,4462105,47.98,5961,695370,7.48
2022-02-08,62.54,7.97,29.49,317,6705045,72.1,1498,6122159,65.83,1068,4463173,47.99,6138,701508,7.54
2022-02-09,62.6,7.95,29.45,254,6705299,72.11,1102,6123261,65.85,946,4464119,48,4572,706080,7.59
2022-02-10,62.63,7.93,29.44,273,6705572,72.11,1292,6124553,65.86,936,4465055,48.02,4816,710896,7.64
2022-02-11,62.67,7.91,29.42,212,6705784,72.11,557,6125110,65.87,519,4465574,48.02,2540,713436,7.67
2022-02-12,62.67,7.91,29.41,32,6705816,72.11,91,6125201,65.87,137,4465711,48.02,269,713705,7.67
2022-02-13,62.73,7.87,29.39,286,6706102,72.11,947,6126148,65.88,967,4466678,48.03,4998,718703,7.73
2022-02-14,62.89,7.74,29.36,179,6706281,72.12,628,6126776,65.88,761,4467439,48.04,3143,721846,7.76
2022-02-15,62.92,7.73,29.35,266,6706547,72.12,763,6127539,65.89,938,4468377,48.05,3819,725665,7.8
2022-02-16,62.95,7.72,29.34,179,6706726,72.12,577,6128116,65.9,803,4469180,48.06,2488,728153,7.83
2022-02-17,62.96,7.7,29.34,247,6706973,72.12,740,6128856,65.91,775,4469955,48.07,3061,731214,7.86
2022-02-18,62.98,7.69,29.33,130,6707103,72.12,343,6129199,65.91,441,4470396,48.07,1119,732333,7.88
2022-02-19,62.99,7.69,29.32,33,6707136,72.13,84,6129283,65.91,82,4470478,48.07,80,732413,7.88
2022-02-20,63.01,7.67,29.32,204,6707340,72.13,604,6129887,65.92,723,4471201,48.08,2574,734987,7.9
2022-02-21,63.04,7.65,29.31,173,6707513,72.13,415,6130302,65.92,490,4471691,48.09,1542,736529,7.92
2022-02-22,63.05,7.65,29.3,158,6707671,72.13,455,6130757,65.93,571,4472262,48.09,1871,738400,7.94
2022-02-23,63.06,7.65,29.29,109,6707780,72.13,353,6131110,65.93,453,4472715,48.1,1153,739553,7.95
2022-02-24,63.05,7.66,29.29,138,6707918,72.13,463,6131573,65.94,568,4473283,48.1,1493,741046,7.97
2022-02-25,63.06,7.66,29.28,59,6707977,72.13,144,6131717,65.94,193,4473476,48.11,456,741502,7.97
2022-02-26,63.05,7.67,29.28,17,6707994,72.13,28,6131745,65.94,161,4473637,48.11,35,741537,7.97
2022-02-27,63.05,7.67,29.28,112,6708106,72.14,341,6132086,65.94,448,4474085,48.11,1119,742656,7.99
2022-02-28,63.07,7.65,29.28,108,6708214,72.14,271,6132357,65.94,426,4474511,48.12,908,743564,8
2022-03-01,63.1,7.63,29.27,97,6708311,72.14,281,6132638,65.95,373,4474884,48.12,797,744361,8
2022-03-02,63.11,7.62,29.27,77,6708388,72.14,199,6132837,65.95,324,4475208,48.12,698,745059,8.01
2022-03-03,63.05,7.67,29.27,157,6708545,72.14,371,6133208,65.95,499,4475707,48.13,987,746046,8.02
2022-03-04,63.05,7.68,29.27,54,6708599,72.14,170,6133378,65.96,170,4475877,48.13,228,746274,8.03
2022-03-05,63.04,7.69,29.27,5,6708604,72.14,25,6133403,65.96,44,4475921,48.13,32,746306,8.03
2022-03-06,63.04,7.69,29.27,98,6708702,72.14,259,6133662,65.96,417,4476338,48.14,760,747066,8.03
2022-03-07,63.05,7.69,29.26,88,6708790,72.14,260,6133922,65.96,354,4476692,48.14,605,747671,8.04
2022-03-08,63.04,7.7,29.26,100,6708890,72.14,263,6134185,65.96,333,4477025,48.14,550,748221,8.05
2022-03-09,63.02,7.72,29.25,89,6708979,72.15,213,6134398,65.97,337,4477362,48.15,492,748713,8.05
2022-03-10,63.01,7.74,29.25,115,6709094,72.15,375,6134773,65.97,428,4477790,48.15,620,749333,8.06
2022-03-11,63,7.75,29.25,24,6709118,72.15,85,6134858,65.97,123,4477913,48.15,144,749477,8.06
2022-03-12,62.98,7.77,29.24,11,6709129,72.15,12,6134870,65.97,34,4477947,48.15,28,749505,8.06
2022-03-13,62.98,7.78,29.24,100,6709229,72.15,271,6135141,65.97,359,4478306,48.16,595,750100,8.07
2022-03-14,62.98,7.78,29.24,66,6709295,72.15,253,6135394,65.98,316,4478622,48.16,559,750659,8.07
2022-03-15,62.95,7.81,29.24,80,6709375,72.15,185,6135579,65.98,293,4478915,48.16,591,751250,8.08
2022-03-16,62.94,7.82,29.24,77,6709452,72.15,205,6135784,65.98,305,4479220,48.17,668,751918,8.09
2022-03-17,62.94,7.82,29.24,65,6709517,72.15,122,6135906,65.98,286,4479506,48.17,613,752531,8.09
2022-03-18,62.94,7.82,29.24,20,6709537,72.15,54,6135960,65.98,100,4479606,48.17,234,752765,8.09
2022-03-19,62.89,7.88,29.23,6,6709543,72.15,11,6135971,65.98,29,4479635,48.17,39,752804,8.1
2022-03-20,62.87,7.89,29.23,120,6709663,72.15,260,6136231,65.99,486,4480121,48.18,1431,754235,8.11
2022-03-21,62.87,7.9,29.23,97,6709760,72.15,249,6136480,65.99,379,4480500,48.18,1132,755367,8.12
2022-03-22,62.84,7.94,29.23,141,6709901,72.16,342,6136822,65.99,508,4481008,48.19,1770,757137,8.14
2022-03-23,62.81,7.97,29.22,108,6710009,72.16,212,6137034,65.99,463,4481471,48.19,1677,758814,8.16
2022-03-24,62.78,8,29.22,175,6710184,72.16,345,6137379,66,769,4482240,48.2,2363,761177,8.19
2022-03-25,62.78,8,29.23,39,6710223,72.16,83,6137462,66,159,4482399,48.2,630,761807,8.19
2022-03-26,62.77,8,29.22,12,6710235,72.16,13,6137475,66,34,4482433,48.2,91,761898,8.19
2022-03-27,62.75,8.02,29.22,168,6710403,72.16,344,6137819,66,760,4483193,48.21,3193,765091,8.23
2022-03-28,62.75,8.03,29.22,113,6710516,72.16,272,6138091,66.01,623,4483816,48.22,2416,767507,8.25
2022-03-29,62.7,8.07,29.22,126,6710642,72.16,260,6138351,66.01,641,4484457,48.22,2772,770279,8.28
2022-03-30,62.81,8.11,29.07,132,6710774,72.16,208,6138559,66.01,542,4484999,48.23,2371,772650,8.31
2022-03-31,62.79,8.11,29.1,166,6710940,72.17,302,6138861,66.01,732,4485731,48.24,2853,775503,8.34
2022-04-01,62.72,8.13,29.15,122,6711062,72.17,161,6139022,66.02,277,4486008,48.24,589,776092,8.35
2022-04-02,62.69,8.15,29.16,7,6711069,72.17,7,6139029,66.02,37,4486045,48.24,52,776144,8.35
2022-04-03,62.65,8.16,29.19,159,6711228,72.17,270,6139299,66.02,569,4486614,48.25,2478,778622,8.37
2022-04-04,62.62,8.16,29.22,103,6711331,72.17,208,6139507,66.02,485,4487099,48.25,2225,780847,8.4
2022-04-05,62.57,8.19,29.25,123,6711454,72.17,221,6139728,66.02,513,4487612,48.26,2243,783090,8.42
2022-04-06,62.55,8.2,29.25,91,6711545,72.17,157,6139885,66.03,382,4487994,48.26,2023,785113,8.44
2022-04-07,62.56,8.2,29.24,191,6711736,72.17,215,6140100,66.03,641,4488635,48.27,2556,787669,8.47
2022-04-08,62.54,8.22,29.23,30,6711766,72.17,61,6140161,66.03,154,4488789,48.27,482,788151,8.48
2022-04-09,62.52,8.25,29.23,6,6711772,72.18,17,6140178,66.03,28,4488817,48.27,47,788198,8.48
2022-04-10,62.51,8.26,29.23,103,6711875,72.18,265,6140443,66.03,429,4489246,48.28,1845,790043,8.5
2022-04-11,62.54,8.26,29.2,78,6711953,72.18,201,6140644,66.03,371,4489617,48.28,1425,791468,8.51
2022-04-12,62.58,8.29,29.12,204,6712157,72.18,168,6140812,66.04,376,4489993,48.28,1361,792829,8.53
2022-04-13,62.58,8.31,29.1,117,6712274,72.18,150,6140962,66.04,299,4490292,48.29,1218,794047,8.54
2022-04-14,62.57,8.33,29.1,85,6712359,72.18,222,6141184,66.04,321,4490613,48.29,1069,795116,8.55
2022-04-15,62.55,8.35,29.1,10,6712369,72.18,51,6141235,66.04,48,4490661,48.29,82,795198,8.55
2022-04-16,62.53,8.37,29.1,3,6712372,72.18,8,6141243,66.04,21,4490682,48.29,29,795227,8.55
2022-04-17,62.52,8.38,29.1,62,6712434,72.18,131,6141374,66.04,229,4490911,48.29,807,796034,8.56
2022-04-18,62.51,8.38,29.1,68,6712502,72.18,109,6141483,66.04,253,4491164,48.3,750,796784,8.57
2022-04-19,62.5,8.4,29.1,62,6712564,72.18,145,6141628,66.04,273,4491437,48.3,842,797626,8.58
2022-04-20,62.48,8.42,29.1,60,6712624,72.18,117,6141745,66.05,235,4491672,48.3,656,798282,8.58
2022-04-21,62.47,8.43,29.1,53,6712677,72.18,109,6141854,66.05,197,4491869,48.3,480,798762,8.59
2022-04-22,62.45,8.44,29.11,3,6712680,72.18,17,6141871,66.05,19,4491888,48.3,20,798782,8.59
2022-04-23,62.43,8.46,29.11,6,6712686,72.18,9,6141880,66.05,17,4491905,48.3,13,798795,8.59
2022-04-24,62.43,8.47,29.1,92,6712778,72.19,250,6142130,66.05,329,4492234,48.31,872,799667,8.6
2022-04-25,62.43,8.47,29.1,104,6712882,72.19,193,6142323,66.05,316,4492550,48.31,739,800406,8.61
2022-04-26,62.42,8.48,29.1,76,6712958,72.19,175,6142498,66.05,304,4492854,48.31,789,801195,8.62
2022-04-27,62.41,8.49,29.1,54,6713012,72.19,160,6142658,66.06,227,4493081,48.32,640,801835,8.62
2022-04-28,62.41,8.5,29.1,97,6713109,72.19,232,6142890,66.06,329,4493410,48.32,872,802707,8.63
2022-04-29,62.39,8.51,29.1,112,6713221,72.19,159,6143049,66.06,184,4493594,48.32,196,802903,8.63
2022-04-30,62.38,8.52,29.1,1,6713222,72.19,3,6143052,66.06,24,4493618,48.32,22,802925,8.63
2022-05-01,62.38,8.53,29.09,135,6713357,72.19,185,6143237,66.06,317,4493935,48.33,630,803555,8.64
2022-05-02,62.37,8.54,29.09,62,6713419,72.19,155,6143392,66.06,235,4494170,48.33,491,804046,8.65
2022-05-03,62.36,8.55,29.09,73,6713492,72.19,151,6143543,66.06,288,4494458,48.33,508,804554,8.65
2022-05-04,62.35,8.57,29.08,23,6713515,72.19,56,6143599,66.07,63,4494521,48.33,129,804683,8.65
2022-05-05,62.34,8.58,29.08,5,6713520,72.19,1,6143600,66.07,8,4494529,48.33,14,804697,8.65
2022-05-06,62.33,8.59,29.08,20,6713540,72.19,59,6143659,66.07,63,4494592,48.33,154,804851,8.66
2022-05-07,62.32,8.6,29.08,1,6713541,72.19,7,6143666,66.07,27,4494619,48.33,24,804875,8.66
2022-05-08,62.31,8.61,29.08,118,6713659,72.2,207,6143873,66.07,270,4494889,48.34,457,805332,8.66
2022-05-09,62.31,8.61,29.08,59,6713718,72.2,162,6144035,66.07,253,4495142,48.34,505,805837,8.67
2022-05-10,62.3,8.62,29.08,131,6713849,72.2,169,6144204,66.07,261,4495403,48.34,508,806345,8.67
2022-05-11,62.3,8.63,29.08,58,6713907,72.2,118,6144322,66.07,183,4495586,48.34,464,806809,8.68
2022-05-12,62.29,8.64,29.07,119,6714026,72.2,200,6144522,66.08,282,4495868,48.35,667,807476,8.68
2022-05-13,62.28,8.65,29.07,11,6714037,72.2,44,6144566,66.08,71,4495939,48.35,110,807586,8.68
2022-05-14,62.26,8.66,29.07,6,6714043,72.2,13,6144579,66.08,14,4495953,48.35,24,807610,8.68
2022-05-15,62.26,8.67,29.07,90,6714133,72.2,175,6144754,66.08,246,4496199,48.35,665,808275,8.69
2022-05-16,62.19,8.65,29.16,68,6714201,72.2,141,6144895,66.08,230,4496429,48.35,510,808785,8.7
2022-05-17,62.18,8.66,29.16,73,6714274,72.2,153,6145048,66.08,267,4496696,48.36,618,809403,8.7
2022-05-18,62.17,8.67,29.16,43,6714317,72.2,99,6145147,66.08,169,4496865,48.36,447,809850,8.71
2022-05-19,62.16,8.68,29.16,62,6714379,72.2,173,6145320,66.08,213,4497078,48.36,499,810349,8.71
2022-05-20,62.15,8.69,29.16,76,6714455,72.2,114,6145434,66.09,130,4497208,48.36,138,810487,8.72
2022-05-21,62.14,8.7,29.16,4,6714459,72.2,7,6145441,66.09,15,4497223,48.36,18,810505,8.72
2022-05-22,62.14,8.71,29.16,85,6714544,72.2,190,6145631,66.09,216,4497439,48.36,427,810932,8.72
2022-05-23,62.14,8.71,29.16,66,6714610,72.21,120,6145751,66.09,157,4497596,48.36,351,811283,8.72
2022-05-24,62.13,8.71,29.15,43,6714653,72.21,119,6145870,66.09,157,4497753,48.37,394,811677,8.73
2022-05-25,62.12,8.72,29.15,61,6714714,72.21,103,6145973,66.09,168,4497921,48.37,337,812014,8.73
2022-05-26,62.11,8.73,29.16,72,6714786,72.21,136,6146109,66.09,186,4498107,48.37,347,812361,8.74
2022-05-27,62.1,8.74,29.16,12,6714798,72.21,30,6146139,66.09,43,4498150,48.37,59,812420,8.74
2022-05-28,62.09,8.75,29.16,2,6714800,72.21,5,6146144,66.09,8,4498158,48.37,12,812432,8.74
2022-05-29,62.09,8.75,29.16,89,6714889,72.21,153,6146297,66.09,163,4498321,48.37,316,812748,8.74
2022-05-30,62.09,8.76,29.16,56,6714945,72.21,134,6146431,66.1,126,4498447,48.37,291,813039,8.74
2022-05-31,62.07,8.78,29.15,45,6714990,72.21,104,6146535,66.1,153,4498600,48.38,351,813390,8.75
2022-06-01,61.95,8.9,29.16,65,6715055,72.21,90,6146625,66.1,119,4498719,48.38,277,813667,8.75
2022-06-02,45.96,24.88,29.15,77,6715132,72.21,156,6146781,66.1,178,4498897,48.38,255,813922,8.75
2022-06-03,45.9,24.95,29.16,10,6715142,72.21,23,6146804,66.1,21,4498918,48.38,33,813955,8.75
2022-06-04,45.84,25,29.16,0,6715142,72.21,7,6146811,66.1,8,4498926,48.38,5,813960,8.75
2022-06-05,45.8,25.05,29.16,11,6715153,72.21,14,6146825,66.1,7,4498933,48.38,2,813962,8.75
2022-06-06,39.96,30.89,29.16,58,6715211,72.21,145,6146970,66.1,161,4499094,48.38,262,814224,8.76
2022-06-07,39.92,30.93,29.15,54,6715265,72.21,134,6147104,66.1,142,4499236,48.38,379,814603,8.76
2022-06-08,39.89,30.96,29.15,59,6715324,72.21,104,6147208,66.1,131,4499367,48.38,497,815100,8.77
2022-06-09,39.86,30.99,29.15,84,6715408,72.21,208,6147416,66.11,234,4499601,48.39,642,815742,8.77
2022-06-10,39.83,31.02,29.15,15,6715423,72.21,51,6147467,66.11,60,4499661,48.39,142,815884,8.77
2022-06-11,39.8,31.05,29.15,0,6715423,72.21,3,6147470,66.11,7,4499668,48.39,19,815903,8.77
2022-06-12,39.8,31.05,29.15,109,6715532,72.22,200,6147670,66.11,192,4499860,48.39,768,816671,8.78
2022-06-13,39.81,31.04,29.15,84,6715616,72.22,142,6147812,66.11,168,4500028,48.39,626,817297,8.79
2022-06-14,39.79,31.06,29.15,116,6715732,72.22,174,6147986,66.11,208,4500236,48.39,759,818056,8.8
2022-06-15,39.78,31.08,29.15,71,6715803,72.22,141,6148127,66.11,207,4500443,48.4,700,818756,8.8
2022-06-16,39.74,31.11,29.14,94,6715897,72.22,136,6148263,66.12,218,4500661,48.4,742,819498,8.81
2022-06-17,39.72,31.14,29.15,16,6715913,72.22,63,6148326,66.12,53,4500714,48.4,125,819623,8.81
2022-06-18,39.68,31.17,29.14,3,6715916,72.22,4,6148330,66.12,11,4500725,48.4,15,819638,8.81
2022-06-19,39.53,31.33,29.15,115,6716031,72.22,208,6148538,66.12,318,4501043,48.4,877,820515,8.82
2022-06-20,33.92,36.85,29.23,99,6716130,72.22,152,6148690,66.12,307,4501350,48.41,922,821437,8.83
2022-06-21,33.58,37.19,29.23,94,6716224,72.22,154,6148844,66.12,375,4501725,48.41,1229,822666,8.85
2022-06-22,33.28,37.49,29.23,110,6716334,72.22,136,6148980,66.12,339,4502064,48.41,894,823560,8.86
2022-06-23,32.84,37.92,29.23,132,6716466,72.23,217,6149197,66.13,525,4502589,48.42,1146,824706,8.87
2022-06-24,32.43,38.34,29.24,19,6716485,72.23,35,6149232,66.13,110,4502699,48.42,208,824914,8.87
2022-06-25,32.04,38.72,29.24,1,6716486,72.23,3,6149235,66.13,13,4502712,48.42,16,824930,8.87
2022-06-26,31.63,39.13,29.24,107,6716593,72.23,158,6149393,66.13,379,4503091,48.42,933,825863,8.88
2022-06-27,31.29,39.47,29.24,86,6716679,72.23,172,6149565,66.13,392,4503483,48.43,1028,826891,8.89
2022-06-28,30.86,39.91,29.24,85,6716764,72.23,151,6149716,66.13,363,4503846,48.43,932,827823,8.9
2022-06-29,30.48,40.28,29.24,76,6716840,72.23,108,6149824,66.13,265,4504111,48.44,816,828639,8.91
2022-06-30,30.05,40.71,29.24,86,6716926,72.23,165,6149989,66.13,355,4504466,48.44,1062,829701,8.92
2022-07-01,29.62,41.14,29.24,22,6716948,72.23,28,6150017,66.13,55,4504521,48.44,80,829781,8.92
2022-07-02,29.2,41.56,29.24,1,6716949,72.23,2,6150019,66.13,8,4504529,48.44,18,829799,8.92
2022-07-03,28.81,41.95,29.24,100,6717049,72.23,178,6150197,66.14,322,4504851,48.44,636,830435,8.93
2022-07-04,28.5,42.26,29.24,76,6717125,72.23,140,6150337,66.14,278,4505129,48.45,749,831184,8.94
2022-07-05,28.06,42.7,29.24,59,6717184,72.23,142,6150479,66.14,302,4505431,48.45,688,831872,8.95
2022-07-06,27.39,43.37,29.24,78,6717262,72.23,124,6150603,66.14,211,4505642,48.45,646,832518,8.95
2022-07-07,26.48,44.28,29.24,82,6717344,72.23,165,6150768,66.14,267,4505909,48.45,721,833239,8.96
2022-07-08,25.47,45.29,29.24,17,6717361,72.24,33,6150801,66.14,69,4505978,48.46,131,833370,8.96
2022-07-09,24.42,46.34,29.24,0,6717361,72.24,1,6150802,66.14,3,4505981,48.46,3,833373,8.96
2022-07-10,23.77,46.99,29.24,90,6717451,72.24,164,6150966,66.14,229,4506210,48.46,470,833843,8.97
2022-07-11,23.22,47.54,29.24,64,6717515,72.24,142,6151108,66.15,248,4506458,48.46,575,834418,8.97
2022-07-12,22.13,48.63,29.24,69,6717584,72.24,129,6151237,66.15,207,4506665,48.46,558,834976,8.98
2022-07-13,21.1,49.66,29.24,43,6717627,72.24,101,6151338,66.15,165,4506830,48.46,488,835464,8.98
2022-07-14,20.12,50.63,29.24,70,6717697,72.24,147,6151485,66.15,208,4507038,48.47,513,835977,8.99
2022-07-15,19.27,51.48,29.25,64,6717761,72.24,88,6151573,66.15,127,4507165,48.47,168,836145,8.99
2022-07-16,18.29,52.46,29.25,0,6717761,72.24,6,6151579,66.15,7,4507172,48.47,8,836153,8.99
2022-07-17,17.83,52.92,29.25,77,6717838,72.24,183,6151762,66.15,241,4507413,48.47,468,836621,9
2022-07-18,17.48,53.26,29.26,62,6717900,72.24,158,6151920,66.15,207,4507620,48.47,511,837132,9
2022-07-19,16.77,53.97,29.26,62,6717962,72.24,147,6152067,66.16,174,4507794,48.47,368,837500,9.01
2022-07-20,16.09,54.64,29.26,51,6718013,72.24,134,6152201,66.16,137,4507931,48.48,423,837923,9.01
2022-07-21,15.43,55.3,29.27,62,6718075,72.24,160,6152361,66.16,176,4508107,48.48,341,838264,9.01
2022-07-22,14.64,56.08,29.28,10,6718085,72.24,36,6152397,66.16,43,4508150,48.48,56,838320,9.01
2022-07-23,14.17,56.55,29.28,0,6718085,72.24,4,6152401,66.16,4,4508154,48.48,9,838329,9.02
2022-07-24,13.55,57.16,29.29,58,6718143,72.24,128,6152529,66.16,197,4508351,48.48,364,838693,9.02
2022-07-25,13.09,57.61,29.3,48,6718191,72.24,107,6152636,66.16,172,4508523,48.48,336,839029,9.02
2022-07-26,12.46,58.23,29.3,47,6718238,72.24,99,6152735,66.16,112,4508635,48.48,270,839299,9.03
2022-07-27,11.89,58.8,29.31,44,6718282,72.25,125,6152860,66.16,132,4508767,48.49,243,839542,9.03
2022-07-28,11.35,59.34,29.31,62,6718344,72.25,143,6153003,66.17,148,4508915,48.49,221,839763,9.03
2022-07-29,10.85,59.83,29.32,10,6718354,72.25,25,6153028,66.17,27,4508942,48.49,31,839794,9.03
2022-07-30,10.34,60.33,29.33,0,6718354,72.25,0,6153028,66.17,1,4508943,48.49,1,839795,9.03
2022-07-31,9.97,60.7,29.33,56,6718410,72.25,134,6153162,66.17,131,4509074,48.49,252,840047,9.03
2022-08-01,9.47,61.19,29.34,54,6718464,72.25,76,6153238,66.17,92,4509166,48.49,152,840199,9.04
2022-08-02,8.92,61.73,29.35,111,6718575,72.25,119,6153357,66.17,157,4509323,48.49,264,840463,9.04
2022-08-03,8.46,62.19,29.35,76,6718651,72.25,71,6153428,66.17,92,4509415,48.49,181,840644,9.04
2022-08-04,8.04,62.61,29.36,133,6718784,72.25,133,6153561,66.17,111,4509526,48.49,246,840890,9.04
2022-08-05,7.71,62.93,29.36,31,6718815,72.25,23,6153584,66.17,13,4509539,48.49,24,840914,9.04
2022-08-06,7.32,63.32,29.36,1,6718816,72.25,2,6153586,66.17,3,4509542,48.49,5,840919,9.04
2022-08-07,6.92,63.71,29.37,89,6718905,72.25,97,6153683,66.17,69,4509611,48.49,169,841088,9.04
2022-08-08,6.74,63.89,29.37,109,6719014,72.25,92,6153775,66.17,92,4509703,48.5,172,841260,9.05
2022-08-09,6.25,64.37,29.38,96,6719110,72.25,90,6153865,66.18,99,4509802,48.5,213,841473,9.05
2022-08-10,5.91,64.71,29.38,77,6719187,72.25,60,6153925,66.18,76,4509878,48.5,115,841588,9.05
2022-08-11,5.59,65.03,29.38,54,6719241,72.26,101,6154026,66.18,91,4509969,48.5,156,841744,9.05
2022-08-12,5.35,65.27,29.38,8,6719249,72.26,12,6154038,66.18,18,4509987,48.5,29,841773,9.05
2022-08-13,5.1,65.52,29.38,0,6719249,72.26,2,6154040,66.18,2,4509989,48.5,3,841776,9.05
2022-08-14,4.87,65.75,29.39,74,6719323,72.26,75,6154115,66.18,82,4510071,48.5,150,841926,9.05
2022-08-15,4.74,65.87,29.39,69,6719392,72.26,80,6154195,66.18,92,4510163,48.5,144,842070,9.06
2022-08-16,4.46,66.15,29.39,82,6719474,72.26,84,6154279,66.18,84,4510247,48.5,187,842257,9.06
2022-08-17,4.16,66.44,29.39,46,6719520,72.26,56,6154335,66.18,36,4510283,48.5,116,842373,9.06
2022-08-18,3.98,66.63,29.39,70,6719590,72.26,93,6154428,66.18,120,4510403,48.5,173,842546,9.06
2022-08-19,3.83,66.78,29.39,79,6719669,72.26,67,6154495,66.18,56,4510459,48.5,38,842584,9.06
2022-08-20,3.67,66.94,29.39,1,6719670,72.26,1,6154496,66.18,3,4510462,48.5,3,842587,9.06
2022-08-21,3.52,67.08,29.4,52,6719722,72.26,85,6154581,66.18,84,4510546,48.5,197,842784,9.06
2022-08-22,3.44,67.16,29.4,89,6719811,72.26,74,6154655,66.18,103,4510649,48.51,144,842928,9.06
2022-08-23,3.27,67.33,29.4,72,6719883,72.26,106,6154761,66.19,84,4510733,48.51,180,843108,9.07
2022-08-24,3.15,67.46,29.4,38,6719921,72.26,80,6154841,66.19,49,4510782,48.51,133,843241,9.07
2022-08-25,3.03,67.57,29.4,53,6719974,72.26,75,6154916,66.19,98,4510880,48.51,193,843434,9.07
2022-08-26,2.94,67.66,29.4,4,6719978,72.26,15,6154931,66.19,9,4510889,48.51,14,843448,9.07
2022-08-27,2.84,67.76,29.4,0,6719978,72.26,0,6154931,66.19,0,4510889,48.51,0,843448,9.07
2022-08-28,2.75,67.85,29.4,55,6720033,72.26,80,6155011,66.19,85,4510974,48.51,102,843550,9.07
2022-08-29,2.69,67.91,29.4,48,6720081,72.26,68,6155079,66.19,89,4511063,48.51,107,843657,9.07
2022-08-30,2.6,68,29.4,85,6720166,72.27,113,6155192,66.19,85,4511148,48.51,131,843788,9.07
2022-08-31,2.53,68.07,29.4,42,6720208,72.27,89,6155281,66.19,70,4511218,48.51,96,843884,9.07
2022-09-01,2.46,68.14,29.4,29,6720237,72.27,84,6155365,66.19,58,4511276,48.51,113,843997,9.08
2022-09-02,2.4,68.2,29.4,6,6720243,72.27,20,6155385,66.19,13,4511289,48.51,10,844007,9.08
2022-09-03,2.33,68.27,29.4,2,6720245,72.27,0,6155385,66.19,3,4511292,48.51,1,844008,9.08
2022-09-04,2.27,68.32,29.4,64,6720309,72.27,133,6155518,66.19,80,4511372,48.51,121,844129,9.08
2022-09-05,2.23,68.37,29.4,44,6720353,72.27,77,6155595,66.19,58,4511430,48.51,90,844219,9.08
2022-09-06,2.17,68.42,29.4,60,6720413,72.27,104,6155699,66.2,78,4511508,48.51,130,844349,9.08
2022-09-07,2.12,68.47,29.4,28,6720441,72.27,63,6155762,66.2,53,4511561,48.52,95,844444,9.08
2022-09-08,2.07,68.53,29.4,50,6720491,72.27,103,6155865,66.2,70,4511631,48.52,77,844521,9.08
2022-09-09,2.03,68.57,29.4,10,6720501,72.27,21,6155886,66.2,16,4511647,48.52,17,844538,9.08
2022-09-10,1.97,68.62,29.4,1,6720502,72.27,0,6155886,66.2,5,4511652,48.52,2,844540,9.08
2022-09-11,1.92,68.67,29.41,39,6720541,72.27,117,6156003,66.2,78,4511730,48.52,116,844656,9.08
2022-09-12,1.88,68.71,29.41,24,6720565,72.27,72,6156075,66.2,52,4511782,48.52,68,844724,9.08
2022-09-13,1.82,68.77,29.41,44,6720609,72.27,113,6156188,66.2,54,4511836,48.52,103,844827,9.08
2022-09-14,1.78,68.82,29.41,21,6720630,72.27,64,6156252,66.2,54,4511890,48.52,62,844889,9.09
2022-09-15,1.73,68.86,29.41,32,6720662,72.27,77,6156329,66.2,63,4511953,48.52,107,844996,9.09
2022-09-16,1.7,68.89,29.41,51,6720713,72.27,52,6156381,66.2,27,4511980,48.52,28,845024,9.09
2022-09-17,1.66,68.93,29.41,3,6720716,72.27,0,6156381,66.2,1,4511981,48.52,0,845024,9.09
2022-09-18,1.63,68.96,29.41,28,6720744,72.27,66,6156447,66.2,52,4512033,48.52,115,845139,9.09
2022-09-19,1.61,68.98,29.41,28,6720772,72.27,74,6156521,66.2,44,4512077,48.52,57,845196,9.09
2022-09-20,1.56,69.03,29.41,41,6720813,72.27,93,6156614,66.21,75,4512152,48.52,102,845298,9.09
2022-09-21,1.55,69.05,29.41,22,6720835,72.27,54,6156668,66.21,29,4512181,48.52,56,845354,9.09
2022-09-22,1.52,69.07,29.4,42,6720877,72.27,56,6156724,66.21,27,4512208,48.52,41,845395,9.09
2022-09-23,1.5,69.1,29.41,7,6720884,72.27,11,6156735,66.21,4,4512212,48.52,1,845396,9.09
2022-09-24,1.47,69.13,29.41,0,6720884,72.27,0,6156735,66.21,1,4512213,48.52,0,845396,9.09
2022-09-25,1.46,69.13,29.41,5,6720889,72.27,20,6156755,66.21,10,4512223,48.52,27,845423,9.09
2022-09-26,1.46,69.13,29.41,0,6720889,72.27,5,6156760,66.21,3,4512226,48.52,2,845425,9.09
2022-09-27,1.42,69.17,29.41,2,6720891,72.27,0,6156760,66.21,3,4512229,48.52,3,845428,9.09
2022-09-28,1.39,69.21,29.41,24,6720915,72.27,36,6156796,66.21,25,4512254,48.52,17,845445,9.09
2022-09-29,1.37,69.22,29.41,32,6720947,72.27,61,6156857,66.21,13,4512267,48.52,48,845493,9.09
2022-09-30,1.35,69.24,29.41,4,6720951,72.27,12,6156869,66.21,2,4512269,48.52,0,845493,9.09
2022-10-01,1.31,69.29,29.41,0,6720951,72.27,1,6156870,66.21,1,4512270,48.52,1,845494,9.09
2022-10-02,1.31,69.29,29.41,28,6720979,72.27,51,6156921,66.21,20,4512290,48.52,73,845567,9.09
2022-10-03,1.31,69.28,29.4,23,6721002,72.27,29,6156950,66.21,13,4512303,48.52,12,845579,9.09
2022-10-04,1.27,69.32,29.4,7,6721009,72.27,11,6156961,66.21,0,4512303,48.52,2,845581,9.09
2022-10-05,1.28,69.31,29.4,1,6721010,72.27,0,6156961,66.21,0,4512303,48.52,1,845582,9.09
2022-10-06,1.31,69.28,29.4,17,6721027,72.27,43,6157004,66.21,10,4512313,48.52,20,845602,9.09
2022-10-07,1.3,69.29,29.41,3,6721030,72.27,3,6157007,66.21,4,4512317,48.52,0,845602,9.09
2022-10-08,1.26,69.33,29.41,1,6721031,72.27,1,6157008,66.21,0,4512317,48.52,1,845603,9.09
2022-10-09,1.31,69.28,29.41,7,6721038,72.27,22,6157030,66.21,6,4512323,48.52,5,845608,9.09
2022-10-10,1.38,69.22,29.4,5,6721043,72.27,2,6157032,66.21,0,4512323,48.52,0,845608,9.09
2022-10-11,1.36,69.24,29.4,12,6721055,72.27,32,6157064,66.21,1,4512324,48.52,32,845640,9.09
2022-10-12,1.34,69.26,29.4,13,6721068,72.28,24,6157088,66.21,5,4512329,48.52,4,845644,9.09
2022-10-13,1.4,69.2,29.4,17,6721085,72.28,16,6157104,66.21,5,4512334,48.52,9,845653,9.09
2022-10-14,1.4,69.2,29.4,6,6721091,72.28,7,6157111,66.21,4,4512338,48.52,3,845656,9.09
2022-10-15,1.38,69.22,29.4,0,6721091,72.28,1,6157112,66.21,0,4512338,48.52,1,845657,9.09
2022-10-16,1.39,69.2,29.4,5,6721096,72.28,13,6157125,66.21,5,4512343,48.52,8,845665,9.09
2022-10-17,1.39,69.2,29.4,1,6721097,72.28,1,6157126,66.21,4,4512347,48.52,1,845666,9.09
2022-10-18,1.43,69.17,29.4,24,6721121,72.28,31,6157157,66.21,14,4512361,48.52,16,845682,9.09
2022-10-19,1.47,69.12,29.4,18,6721139,72.28,25,6157182,66.21,7,4512368,48.52,3,845685,9.09
2022-10-20,1.5,69.1,29.4,26,6721165,72.28,44,6157226,66.21,12,4512380,48.52,4,845689,9.09
2022-10-21,1.5,69.09,29.4,4,6721169,72.28,7,6157233,66.21,2,4512382,48.52,4,845693,9.09
2022-10-22,1.49,69.1,29.4,0,6721169,72.28,0,6157233,66.21,0,4512382,48.52,0,845693,9.09
2022-10-23,1.51,69.08,29.4,15,6721184,72.28,33,6157266,66.21,18,4512400,48.52,10,845703,9.09
2022-10-24,1.51,69.08,29.41,20,6721204,72.28,16,6157282,66.21,19,4512419,48.52,9,845712,9.09
2022-10-25,1.55,69.04,29.4,18,6721222,72.28,34,6157316,66.21,23,4512442,48.52,21,845733,9.09
2022-10-26,1.61,68.99,29.4,18,6721240,72.28,25,6157341,66.21,8,4512450,48.52,10,845743,9.09
2022-10-27,1.67,68.93,29.4,17,6721257,72.28,27,6157368,66.21,14,4512464,48.52,17,845760,9.09
2022-10-28,1.67,68.93,29.4,60,6721317,72.28,51,6157419,66.21,31,4512495,48.53,18,845778,9.1
2022-10-29,1.66,68.94,29.4,0,6721317,72.28,0,6157419,66.21,0,4512495,48.53,0,845778,9.1
2022-10-30,1.71,68.89,29.4,15,6721332,72.28,23,6157442,66.21,15,4512510,48.53,9,845787,9.1
2022-10-31,1.76,68.84,29.4,17,6721349,72.28,16,6157458,66.21,8,4512518,48.53,10,845797,9.1
2022-11-01,1.82,68.78,29.4,3,6721352,72.28,1,6157459,66.21,1,4512519,48.53,0,845797,9.1
2022-11-02,1.88,68.72,29.4,14,6721366,72.28,14,6157473,66.21,7,4512526,48.53,8,845805,9.1
2022-11-03,1.96,68.64,29.4,17,6721383,72.28,18,6157491,66.21,11,4512537,48.53,8,845813,9.1
2022-11-04,1.98,68.63,29.4,4,6721387,72.28,6,6157497,66.21,1,4512538,48.53,2,845815,9.1
2022-11-05,1.97,68.63,29.4,0,6721387,72.28,0,6157497,66.21,0,4512538,48.53,0,845815,9.1
2022-11-06,2.03,68.57,29.4,27,6721414,72.28,33,6157530,66.22,11,4512549,48.53,23,845838,9.1
2022-11-07,2.1,68.51,29.4,15,6721429,72.28,11,6157541,66.22,10,4512559,48.53,54,845892,9.1
2022-11-08,2.1,68.5,29.4,28,6721457,72.28,26,6157567,66.22,14,4512573,48.53,9,845901,9.1
2022-11-09,2.16,68.45,29.4,16,6721473,72.28,20,6157587,66.22,17,4512590,48.53,9,845910,9.1
2022-11-10,2.22,68.39,29.4,28,6721501,72.28,17,6157604,66.22,12,4512602,48.53,6,845916,9.1
2022-11-11,2.23,68.37,29.4,1,6721502,72.28,17,6157621,66.22,2,4512604,48.53,1,845917,9.1
2022-11-12,2.22,68.38,29.4,1,6721503,72.28,0,6157621,66.22,2,4512606,48.53,0,845917,9.1
2022-11-13,2.29,68.31,29.4,29,6721532,72.28,31,6157652,66.22,17,4512623,48.53,8,845925,9.1
2022-11-14,2.37,68.23,29.4,20,6721552,72.28,17,6157669,66.22,21,4512644,48.53,16,845941,9.1
2022-11-15,2.43,68.17,29.4,40,6721592,72.28,25,6157694,66.22,16,4512660,48.53,18,845959,9.1
2022-11-16,2.5,68.1,29.4,14,6721606,72.28,27,6157721,66.22,16,4512676,48.53,11,845970,9.1
2022-11-17,2.59,68.02,29.4,19,6721625,72.28,33,6157754,66.22,18,4512694,48.53,5,845975,9.1
2022-11-18,2.61,67.99,29.4,6,6721631,72.28,4,6157758,66.22,4,4512698,48.53,0,845975,9.1
2022-11-19,2.6,68,29.4,0,6721631,72.28,0,6157758,66.22,0,4512698,48.53,0,845975,9.1
2022-11-20,2.67,67.93,29.4,19,6721650,72.28,20,6157778,66.22,6,4512704,48.53,13,845988,9.1
2022-11-21,2.76,67.85,29.4,14,6721664,72.28,13,6157791,66.22,6,4512710,48.53,7,845995,9.1
2022-11-22,2.83,67.77,29.4,27,6721691,72.28,13,6157804,66.22,17,4512727,48.53,6,846001,9.1
2022-11-23,2.9,67.7,29.4,17,6721708,72.28,21,6157825,66.22,4,4512731,48.53,8,846009,9.1
2022-11-24,2.98,67.62,29.4,9,6721717,72.28,16,6157841,66.22,13,4512744,48.53,27,846036,9.1
2022-11-25,3,67.6,29.4,12,6721729,72.28,51,6157892,66.22,14,4512758,48.53,12,846048,9.1
2022-11-26,3,67.61,29.4,0,6721729,72.28,2,6157894,66.22,0,4512758,48.53,0,846048,9.1
2022-11-27,3.06,67.54,29.4,14,6721743,72.28,15,6157909,66.22,19,4512777,48.53,2,846050,9.1
2022-11-28,3.14,67.47,29.4,8,6721751,72.28,23,6157932,66.22,8,4512785,48.53,6,846056,9.1
2022-11-29,3.2,67.4,29.4,38,6721789,72.28,31,6157963,66.22,19,4512804,48.53,14,846070,9.1
2022-11-30,3.27,67.34,29.39,12,6721801,72.28,25,6157988,66.22,20,4512824,48.53,8,846078,9.1
2022-12-01,3.34,67.26,29.39,13,6721814,72.28,18,6158006,66.22,15,4512839,48.53,4,846082,9.1
2022-12-02,3.36,67.24,29.39,2,6721816,72.28,7,6158013,66.22,4,4512843,48.53,10,846092,9.1
2022-12-03,3.36,67.24,29.39,0,6721816,72.28,0,6158013,66.22,0,4512843,48.53,1,846093,9.1
2022-12-04,3.42,67.18,29.39,38,6721854,72.28,27,6158040,66.22,30,4512873,48.53,26,846119,9.1
2022-12-05,3.48,67.12,29.4,9,6721863,72.28,17,6158057,66.22,11,4512884,48.53,21,846140,9.1
2022-12-06,3.55,67.06,29.39,32,6721895,72.28,26,6158083,66.22,27,4512911,48.53,8,846148,9.1
2022-12-07,3.62,66.99,29.39,10,6721905,72.28,17,6158100,66.22,8,4512919,48.53,8,846156,9.1
2022-12-08,3.69,66.91,29.39,19,6721924,72.28,31,6158131,66.22,15,4512934,48.53,3,846159,9.1
2022-12-09,3.71,66.9,29.39,4,6721928,72.28,1,6158132,66.22,1,4512935,48.53,7,846166,9.1
2022-12-10,3.7,66.91,29.39,1,6721929,72.28,0,6158132,66.22,2,4512937,48.53,0,846166,9.1
2022-12-11,3.76,66.84,29.39,16,6721945,72.28,22,6158154,66.22,15,4512952,48.53,16,846182,9.1
2022-12-12,3.82,66.78,29.39,15,6721960,72.28,14,6158168,66.22,5,4512957,48.53,0,846182,9.1
2022-12-13,3.87,66.73,29.39,17,6721977,72.28,44,6158212,66.22,18,4512975,48.53,13,846195,9.1
2022-12-14,3.92,66.69,29.39,17,6721994,72.28,16,6158228,66.22,7,4512982,48.53,3,846198,9.1
2022-12-15,3.97,66.64,29.39,22,6722016,72.29,19,6158247,66.22,7,4512989,48.53,12,846210,9.1
2022-12-16,3.98,66.62,29.39,12,6722028,72.29,4,6158251,66.22,1,4512990,48.53,0,846210,9.1
2022-12-17,3.97,66.63,29.39,0,6722028,72.29,0,6158251,66.22,0,4512990,48.53,0,846210,9.1
2022-12-18,4.01,66.59,29.39,9,6722037,72.29,18,6158269,66.22,8,4512998,48.53,3,846213,9.1
2022-12-19,4.06,66.54,29.4,7,6722044,72.29,14,6158283,66.22,12,4513010,48.53,1,846214,9.1
2022-12-20,4.1,66.51,29.39,12,6722056,72.29,17,6158300,66.22,2,4513012,48.53,2,846216,9.1
2022-12-21,4.14,66.47,29.39,9,6722065,72.29,14,6158314,66.22,13,4513025,48.53,3,846219,9.1
2022-12-22,4.18,66.42,29.39,4,6722069,72.29,10,6158324,66.22,14,4513039,48.53,1,846220,9.1
2022-12-23,4.19,66.42,29.39,10,6722079,72.29,0,6158324,66.22,2,4513041,48.53,0,846220,9.1
2022-12-24,4.18,66.43,29.39,0,6722079,72.29,0,6158324,66.22,0,4513041,48.53,0,846220,9.1
2022-12-25,4.21,66.4,29.39,6,6722085,72.29,17,6158341,66.22,1,4513042,48.53,2,846222,9.1
2022-12-26,4.24,66.36,29.39,17,6722102,72.29,6,6158347,66.22,13,4513055,48.53,0,846222,9.1
2022-12-27,4.25,66.36,29.39,24,6722126,72.29,24,6158371,66.22,17,4513072,48.53,7,846229,9.1
2022-12-28,4.26,66.34,29.39,17,6722143,72.29,18,6158389,66.22,25,4513097,48.53,64,846293,9.1
2022-12-29,4.28,66.33,29.39,15,6722158,72.29,23,6158412,66.22,14,4513111,48.53,4,846297,9.1
2022-12-30,4.27,66.33,29.4,4,6722162,72.29,5,6158417,66.22,3,4513114,48.53,1,846298,9.1
2022-12-31,4.26,66.35,29.4,0,6722162,72.29,1,6158418,66.22,0,4513114,48.53,0,846298,9.1
2023-01-01,4.27,66.33,29.4,8,6722170,72.29,23,6158441,66.22,2,4513116,48.53,1,846299,9.1
2023-01-02,4.29,66.31,29.4,10,6722180,72.29,8,6158449,66.22,3,4513119,48.53,1,846300,9.1
2023-01-03,4.3,66.3,29.4,20,6722200,72.29,17,6158466,66.23,7,4513126,48.53,4,846304,9.1
2023-01-04,4.3,66.3,29.4,7,6722207,72.29,11,6158477,66.23,4,4513130,48.53,2,846306,9.1
2023-01-05,4.31,66.29,29.39,14,6722221,72.29,19,6158496,66.23,13,4513143,48.53,4,846310,9.1
2023-01-06,4.31,66.29,29.4,2,6722223,72.29,1,6158497,66.23,1,4513144,48.53,0,846310,9.1
2023-01-07,4.3,66.31,29.4,1,6722224,72.29,0,6158497,66.23,0,4513144,48.53,0,846310,9.1
2023-01-08,4.33,66.28,29.4,15,6722239,72.29,33,6158530,66.23,10,4513154,48.53,2,846312,9.1
2023-01-09,4.34,66.26,29.4,12,6722251,72.29,20,6158550,66.23,1,4513155,48.53,1,846313,9.1
2023-01-10,4.35,66.25,29.4,39,6722290,72.29,27,6158577,66.23,10,4513165,48.53,4,846317,9.1
2023-01-11,4.36,66.25,29.4,15,6722305,72.29,17,6158594,66.23,11,4513176,48.53,2,846319,9.1
2023-01-12,4.37,66.24,29.39,23,6722328,72.29,20,6158614,66.23,12,4513188,48.53,2,846321,9.1
2023-01-13,4.36,66.24,29.4,3,6722331,72.29,2,6158616,66.23,0,4513188,48.53,0,846321,9.1
2023-01-14,4.35,66.25,29.4,1,6722332,72.29,0,6158616,66.23,0,4513188,48.53,0,846321,9.1
2023-01-15,4.36,66.24,29.4,17,6722349,72.29,17,6158633,66.23,4,4513192,48.53,3,846324,9.1
2023-01-16,4.38,66.22,29.4,9,6722358,72.29,15,6158648,66.23,6,4513198,48.53,0,846324,9.1
2023-01-17,4.38,66.22,29.4,15,6722373,72.29,15,6158663,66.23,6,4513204,48.53,1,846325,9.1
2023-01-18,4.39,66.21,29.4,7,6722380,72.29,8,6158671,66.23,4,4513208,48.53,1,846326,9.1
2023-01-19,4.4,66.2,29.4,13,6722393,72.29,15,6158686,66.23,2,4513210,48.53,4,846330,9.1
2023-01-20,4.39,66.2,29.4,5,6722398,72.29,2,6158688,66.23,0,4513210,48.53,1,846331,9.1
2023-01-21,4.39,66.21,29.4,0,6722398,72.29,1,6158689,66.23,0,4513210,48.53,0,846331,9.1
2023-01-22,4.4,66.2,29.4,9,6722407,72.29,3,6158692,66.23,8,4513218,48.53,4,846335,9.1
2023-01-23,4.41,66.19,29.4,11,6722418,72.29,5,6158697,66.23,6,4513224,48.53,0,846335,9.1
2023-01-24,4.41,66.19,29.4,21,6722439,72.29,21,6158718,66.23,11,4513235,48.53,2,846337,9.1
2023-01-25,4.41,66.18,29.4,5,6722444,72.29,5,6158723,66.23,0,4513235,48.53,2,846339,9.1
2023-01-26,4.42,66.18,29.4,10,6722454,72.29,15,6158738,66.23,9,4513244,48.53,2,846341,9.1
2023-01-27,4.41,66.18,29.4,0,6722454,72.29,9,6158747,66.23,0,4513244,48.53,0,846341,9.1
2023-01-28,4.41,66.19,29.4,0,6722454,72.29,0,6158747,66.23,0,4513244,48.53,0,846341,9.1
2023-01-29,4.41,66.19,29.41,11,6722465,72.29,9,6158756,66.23,5,4513249,48.53,2,846343,9.1
2023-01-30,4.42,66.17,29.41,9,6722474,72.29,17,6158773,66.23,2,4513251,48.53,1,846344,9.1
2023-01-31,4.42,66.17,29.41,21,6722495,72.29,23,6158796,66.23,2,4513253,48.53,1,846345,9.1
2023-02-01,4.32,64.71,30.96,10,6722505,72.29,11,6158807,66.23,4,4513257,48.53,0,846345,9.1
2023-02-02,4.33,64.71,30.96,15,6722520,72.29,31,6158838,66.23,3,4513260,48.53,0,846345,9.1
2023-02-03,4.32,64.71,30.97,3,6722523,72.29,1,6158839,66.23,0,4513260,48.53,1,846346,9.1
2023-02-04,4.32,64.72,30.97,0,6722523,72.29,0,6158839,66.23,0,4513260,48.53,0,846346,9.1
2023-02-05,4.32,64.71,30.97,18,6722541,72.29,10,6158849,66.23,6,4513266,48.53,4,846350,9.1
2023-02-06,4.33,64.7,30.97,17,6722558,72.29,13,6158862,66.23,4,4513270,48.53,0,846350,9.1
2023-02-07,4.33,64.7,30.97,22,6722580,72.29,22,6158884,66.23,8,4513278,48.53,2,846352,9.1
2023-02-08,4.33,64.7,30.97,15,6722595,72.29,15,6158899,66.23,1,4513279,48.53,0,846352,9.1
2023-02-09,4.33,64.7,30.97,35,6722630,72.29,34,6158933,66.23,5,4513284,48.53,2,846354,9.1
2023-02-10,4.33,64.7,30.97,2,6722632,72.29,3,6158936,66.23,2,4513286,48.53,0,846354,9.1
2023-02-11,4.33,64.7,30.97,2,6722634,72.29,1,6158937,66.23,0,4513286,48.53,0,846354,9.1
2023-02-12,4.33,64.7,30.97,15,6722649,72.29,22,6158959,66.23,3,4513289,48.53,2,846356,9.1
2023-02-13,4.33,64.7,30.97,14,6722663,72.29,19,6158978,66.23,10,4513299,48.53,2,846358,9.1
2023-02-14,4.33,64.7,30.97,20,6722683,72.29,8,6158986,66.23,7,4513306,48.53,5,846363,9.1
2023-02-15,4.33,64.7,30.97,10,6722693,72.29,17,6159003,66.23,3,4513309,48.53,0,846363,9.1
2023-02-16,4.33,64.7,30.97,22,6722715,72.29,24,6159027,66.23,2,4513311,48.53,0,846363,9.1
2023-02-17,4.33,64.7,30.97,5,6722720,72.29,2,6159029,66.23,1,4513312,48.53,0,846363,9.1
2023-02-18,4.33,64.7,30.97,0,6722720,72.29,1,6159030,66.23,0,4513312,48.53,0,846363,9.1
2023-02-19,4.33,64.7,30.98,16,6722736,72.29,15,6159045,66.23,3,4513315,48.53,0,846363,9.1
2023-02-20,4.33,64.69,30.98,9,6722745,72.29,10,6159055,66.23,1,4513316,48.53,0,846363,9.1
2023-02-21,4.33,64.69,30.98,39,6722784,72.29,19,6159074,66.23,6,4513322,48.53,1,846364,9.1
2023-02-22,4.33,64.7,30.98,3,6722787,72.29,9,6159083,66.23,8,4513330,48.53,0,846364,9.1
2023-02-23,4.33,64.7,30.97,13,6722800,72.29,23,6159106,66.23,5,4513335,48.53,2,846366,9.1
2023-02-24,4.33,64.7,30.98,0,6722800,72.29,6,6159112,66.23,1,4513336,48.53,0,846366,9.1
2023-02-25,4.32,64.7,30.98,3,6722803,72.29,0,6159112,66.23,1,4513337,48.53,0,846366,9.1
2023-02-26,4.32,64.7,30.98,11,6722814,72.29,21,6159133,66.23,1,4513338,48.53,1,846367,9.1
2023-02-27,4.32,64.7,30.98,11,6722825,72.29,26,6159159,66.23,2,4513340,48.53,2,846369,9.1
2023-02-28,4.32,64.7,30.98,7,6722832,72.29,21,6159180,66.23,4,4513344,48.53,2,846371,9.1
2023-03-01,4.32,64.7,30.98,3,6722835,72.29,15,6159195,66.23,1,4513345,48.53,0,846371,9.1
2023-03-02,4.32,64.7,30.98,8,6722843,72.29,36,6159231,66.23,4,4513349,48.53,0,846371,9.1
2023-03-03,4.32,64.7,30.98,2,6722845,72.29,3,6159234,66.23,0,4513349,48.53,0,846371,9.1
2023-03-04,4.32,64.71,30.98,2,6722847,72.29,2,6159236,66.23,0,4513349,48.53,0,846371,9.1
2023-03-05,4.32,64.7,30.98,14,6722861,72.29,31,6159267,66.23,2,4513351,48.53,2,846373,9.1
2023-03-06,4.32,64.7,30.98,17,6722878,72.29,25,6159292,66.23,3,4513354,48.53,0,846373,9.1
2023-03-07,4.32,64.7,30.98,8,6722886,72.29,7,6159299,66.23,2,4513356,48.53,0,846373,9.1
2023-03-08,4.32,64.7,30.98,1,6722887,72.29,22,6159321,66.23,3,4513359,48.53,0,846373,9.1
2023-03-09,4.32,64.71,30.98,15,6722902,72.29,46,6159367,66.23,8,4513367,48.53,0,846373,9.1
2023-03-10,4.31,64.71,30.98,2,6722904,72.29,1,6159368,66.23,2,4513369,48.53,0,846373,9.1
2023-03-11,4.31,64.71,30.98,0,6722904,72.29,0,6159368,66.23,0,4513369,48.53,0,846373,9.1
2023-03-12,4.31,64.71,30.98,10,6722914,72.29,21,6159389,66.23,4,4513373,48.53,1,846374,9.1
2023-03-13,4.31,64.71,30.98,6,6722920,72.3,8,6159397,66.24,1,4513374,48.53,0,846374,9.1
2023-03-14,4.31,64.71,30.98,14,6722934,72.3,15,6159412,66.24,1,4513375,48.53,1,846375,9.1
2023-03-15,4.31,64.71,30.98,4,6722938,72.3,9,6159421,66.24,2,4513377,48.53,0,846375,9.1
2023-03-16,4.31,64.71,30.98,8,6722946,72.3,30,6159451,66.24,2,4513379,48.53,2,846377,9.1
2023-03-17,4.31,64.71,30.98,0,6722946,72.3,4,6159455,66.24,0,4513379,48.53,0,846377,9.1
2023-03-18,4.3,64.71,30.98,0,6722946,72.3,0,6159455,66.24,0,4513379,48.53,0,846377,9.1
2023-03-19,4.3,64.71,30.99,4,6722950,72.3,27,6159482,66.24,4,4513383,48.53,0,846377,9.1
2023-03-20,4.3,64.71,30.99,5,6722955,72.3,21,6159503,66.24,4,4513387,48.53,0,846377,9.1
2023-03-21,4.3,64.71,30.99,14,6722969,72.3,21,6159524,66.24,6,4513393,48.53,0,846377,9.1
2023-03-22,4.3,64.71,30.99,2,6722971,72.3,8,6159532,66.24,0,4513393,48.53,0,846377,9.1
2023-03-23,4.3,64.71,30.99,7,6722978,72.3,11,6159543,66.24,2,4513395,48.53,0,846377,9.1
2023-03-24,4.3,64.71,30.99,0,6722978,72.3,2,6159545,66.24,0,4513395,48.53,1,846378,9.1
2023-03-25,4.3,64.71,30.99,0,6722978,72.3,0,6159545,66.24,0,4513395,48.53,0,846378,9.1
2023-03-26,4.3,64.71,30.99,4,6722982,72.3,15,6159560,66.24,4,4513399,48.53,3,846381,9.1
2023-03-27,4.3,64.71,31,1,6722983,72.3,12,6159572,66.24,1,4513400,48.53,0,846381,9.1
2023-03-28,4.29,64.71,31,4,6722987,72.3,16,6159588,66.24,0,4513400,48.53,0,846381,9.1
2023-03-29,4.29,64.71,31,2,6722989,72.3,10,6159598,66.24,5,4513405,48.53,0,846381,9.1
2023-03-30,4.29,64.71,31,10,6722999,72.3,18,6159616,66.24,1,4513406,48.53,1,846382,9.1
2023-03-31,4.29,64.71,31,0,6722999,72.3,0,6159616,66.24,1,4513407,48.54,0,846382,9.1
2023-04-01,4.27,64.73,31,0,6722999,72.3,0,6159616,66.24,0,4513407,48.54,0,846382,9.1
2023-04-02,4.25,64.75,31,7,6723006,72.3,10,6159626,66.24,1,4513408,48.54,0,846382,9.1
2023-04-03,4.26,64.74,31,1,6723007,72.3,7,6159633,66.24,2,4513410,48.54,0,846382,9.1
2023-04-04,4.24,64.75,31,2,6723009,72.3,7,6159640,66.24,5,4513415,48.54,0,846382,9.1
2023-04-05,4.24,64.76,31,2,6723011,72.3,5,6159645,66.24,1,4513416,48.54,0,846382,9.1
2023-04-06,4.24,64.76,31,0,6723011,72.3,2,6159647,66.24,0,4513416,48.54,0,846382,9.1
2023-04-07,4.2,64.8,31,0,6723011,72.3,4,6159651,66.24,0,4513416,48.54,0,846382,9.1
2023-04-08,4.14,64.86,31,0,6723011,72.3,0,6159651,66.24,0,4513416,48.54,0,846382,9.1
2023-04-09,4.12,64.87,31,2,6723013,72.3,8,6159659,66.24,0,4513416,48.54,0,846382,9.1
2023-04-10,4.12,64.87,31,1,6723014,72.3,6,6159665,66.24,0,4513416,48.54,0,846382,9.1
2023-04-11,4.07,64.93,31,5,6723019,72.3,6,6159671,66.24,0,4513416,48.54,0,846382,9.1
2023-04-12,4.01,64.99,31,0,6723019,72.3,1,6159672,66.24,0,4513416,48.54,0,846382,9.1
2023-04-13,3.99,65,31,7,6723026,72.3,9,6159681,66.24,1,4513417,48.54,0,846382,9.1
2023-04-14,3.99,65,31,2,6723028,72.3,1,6159682,66.24,0,4513417,48.54,0,846382,9.1
2023-04-15,3.91,65.09,31,0,6723028,72.3,1,6159683,66.24,0,4513417,48.54,0,846382,9.1
2023-04-16,3.9,65.1,31,4,6723032,72.3,12,6159695,66.24,6,4513423,48.54,1,846383,9.1
2023-04-17,3.9,65.1,31,4,6723036,72.3,5,6159700,66.24,4,4513427,48.54,0,846383,9.1
2023-04-18,3.87,65.12,31,8,6723044,72.3,7,6159707,66.24,0,4513427,48.54,0,846383,9.1
2023-04-19,3.87,65.12,31,4,6723048,72.3,7,6159714,66.24,0,4513427,48.54,0,846383,9.1
2023-04-20,3.82,65.17,31,4,6723052,72.3,11,6159725,66.24,1,4513428,48.54,2,846385,9.1
2023-04-21,3.77,65.22,31.01,2,6723054,72.3,0,6159725,66.24,0,4513428,48.54,0,846385,9.1
2023-04-22,3.73,65.27,31.01,0,6723054,72.3,0,6159725,66.24,0,4513428,48.54,0,846385,9.1
2023-04-23,3.71,65.28,31.01,1,6723055,72.3,6,6159731,66.24,1,4513429,48.54,2,846387,9.1
2023-04-24,3.71,65.28,31.01,5,6723060,72.3,10,6159741,66.24,0,4513429,48.54,2,846389,9.1
2023-04-25,3.69,65.3,31.01,2,6723062,72.3,0,6159741,66.24,1,4513430,48.54,0,846389,9.1
2023-04-26,3.69,65.3,31.01,0,6723062,72.3,0,6159741,66.24,0,4513430,48.54,0,846389,9.1
2023-04-27,3.64,65.35,31.01,4,6723066,72.3,3,6159744,66.24,1,4513431,48.54,0,846389,9.1
2023-04-28,3.57,65.42,31.01,0,6723066,72.3,2,6159746,66.24,0,4513431,48.54,0,846389,9.1
2023-04-29,3.5,65.49,31.01,0,6723066,72.3,0,6159746,66.24,0,4513431,48.54,0,846389,9.1
