Date,Valid vaccinated pop. perc.,Expired vaccinated pop. perc.,Not vaccinated pop. perc.,Vaccinated (daily),Vaccinated (cumu),Vaccinated pop. perc.,Second dose (daily),Second dose (cumu),Second dose pop. perc.,Third dose (daily),Third dose (cumu),Third dose pop. perc.,Fourth dose (daily),Fourth dose (cumu),Fourth dose pop. perc.
2020-12-19,0,0,100,46,71,0,0,4,0,0,0,0,0,0,0
2020-12-20,0,0,100,7397,7468,0.08,0,4,0,0,0,0,0,0,0
2020-12-21,0,0,100,24923,32391,0.35,0,4,0,0,0,0,0,0,0
2020-12-22,0,0,100,44669,77060,0.83,0,4,0,0,0,0,0,0,0
2020-12-23,0,0,100,62917,139977,1.51,0,4,0,0,0,0,0,0,0
2020-12-24,0,0,100,73435,213412,2.29,0,4,0,0,0,0,0,0,0
2020-12-25,0,0,100,38518,251930,2.71,0,4,0,0,0,0,0,0,0
2020-12-26,0,0,100,32618,284548,3.06,0,4,0,0,0,0,0,0,0
2020-12-27,0,0,100,104577,389125,4.18,0,4,0,0,0,0,0,0,0
2020-12-28,0,0,100,135046,524171,5.64,0,4,0,0,0,0,0,0,0
2020-12-29,0,0,100,156345,680516,7.32,2,6,0,0,0,0,0,0,0
2020-12-30,0,0,100,153195,833711,8.97,0,6,0,0,0,0,0,0,0
2020-12-31,0,0,100,158603,992314,10.67,0,6,0,0,0,0,0,0,0
2021-01-01,0,0,100,71437,1063751,11.44,0,6,0,0,0,0,0,0,0
2021-01-02,0,0,100,71745,1135496,12.21,0,6,0,0,0,0,0,0,0
2021-01-03,0,0,100,149770,1285266,13.82,0,6,0,0,0,0,0,0,0
2021-01-04,0,0,100,152213,1437479,15.46,1,7,0,0,0,0,0,0,0
2021-01-05,0,0,100,125222,1562701,16.8,4,11,0,0,0,0,0,0,0
2021-01-06,0,0,100,103375,1666076,17.92,2,13,0,0,0,0,0,0,0
2021-01-07,0,0,100,116067,1782143,19.16,9,22,0,0,0,0,0,0,0
2021-01-08,0,0,100,66466,1848609,19.88,5,27,0,0,0,0,0,0,0
2021-01-09,0,0,100,44555,1893164,20.36,24,51,0,0,0,0,0,0,0
2021-01-10,0,0,100,37649,1930813,20.76,6002,6053,0.07,0,0,0,0,0,0
2021-01-11,0,0,100,21176,1951989,20.99,19264,25317,0.27,0,0,0,0,0,0
2021-01-12,0,0,100,24081,1976070,21.25,35674,60991,0.66,0,0,0,0,0,0
2021-01-13,0,0,100,52079,2028149,21.81,56873,117864,1.27,0,0,0,0,0,0
2021-01-14,0,0,100,56479,2084628,22.42,68840,186704,2.01,0,0,0,0,0,0
2021-01-15,0,0,100,30776,2115404,22.75,35944,222648,2.39,0,0,0,0,0,0
2021-01-16,0,0,100,29481,2144885,23.06,26007,248655,2.67,0,0,0,0,0,0
2021-01-17,0.31,0,99.69,68447,2213332,23.8,84598,333253,3.58,0,0,0,0,0,0
2021-01-18,0.58,0,99.42,69820,2283152,24.55,120439,453692,4.88,0,0,0,0,0,0
2021-01-19,1.09,0,98.91,72896,2356048,25.34,137855,591547,6.36,0,0,0,0,0,0
2021-01-20,1.9,0,98.1,76919,2432967,26.16,143769,735316,7.91,0,0,0,0,0,0
2021-01-21,2.88,0,97.12,70013,2502980,26.92,164481,899797,9.68,0,0,0,0,0,0
2021-01-22,3.39,0,96.61,37934,2540914,27.32,71136,970933,10.44,0,0,0,0,0,0
2021-01-23,3.77,0,96.23,39966,2580880,27.75,53598,1024531,11.02,0,0,0,0,0,0
2021-01-24,4.96,0,95.04,69149,2650029,28.5,140712,1165243,12.53,0,0,0,0,0,0
2021-01-25,6.61,0,93.39,80941,2730970,29.37,139529,1304772,14.03,0,0,0,0,0,0
2021-01-26,8.45,0,91.55,78739,2809709,30.21,126448,1431220,15.39,0,0,0,0,0,0
2021-01-27,10.34,0,89.66,77985,2887694,31.05,125074,1556294,16.74,0,0,0,0,0,0
2021-01-28,12.43,0,87.57,79574,2967268,31.91,130635,1686929,18.14,0,0,0,0,0,0
2021-01-29,13.34,0,86.66,36704,3003972,32.3,64795,1751724,18.84,0,0,0,0,0,0
2021-01-30,14.02,0,85.98,34395,3038367,32.67,42768,1794492,19.3,0,0,0,0,0,0
2021-01-31,15.76,0,84.24,73334,3111701,33.46,59504,1853996,19.94,0,0,0,0,0,0
2021-02-01,17.48,0,82.52,82519,3194220,34.35,35358,1889354,20.32,0,0,0,0,0,0
2021-02-02,19.01,0,80.99,70109,3264329,35.1,31076,1920430,20.65,0,0,0,0,0,0
2021-02-03,20.47,0,79.53,60312,3324641,35.75,51445,1971875,21.2,0,0,0,0,0,0
2021-02-04,22,0,78,72643,3397284,36.53,58096,2029971,21.83,0,0,0,0,0,0
2021-02-05,22.75,0,77.25,33947,3431231,36.9,28807,2058778,22.14,0,0,0,0,0,0
2021-02-06,23.23,0,76.77,21623,3452854,37.13,22233,2081011,22.38,0,0,0,0,0,0
2021-02-07,23.99,0,76.01,54080,3506934,37.71,68745,2149756,23.12,0,0,0,0,0,0
2021-02-08,24.52,0,75.48,58644,3565578,38.34,65468,2215224,23.82,0,0,0,0,0,0
2021-02-09,25.04,0,74.96,66362,3631940,39.06,67583,2282807,24.55,0,0,0,0,0,0
2021-02-10,25.77,0,74.23,70574,3702514,39.81,72316,2355123,25.33,0,0,0,0,0,0
2021-02-11,26.61,0,73.39,81177,3783691,40.69,72116,2427239,26.1,0,0,0,0,0,0
2021-02-12,27.02,0,72.98,39110,3822801,41.11,37600,2464839,26.51,0,0,0,0,0,0
2021-02-13,27.33,0,72.67,27467,3850268,41.4,30441,2495280,26.83,0,0,0,0,0,0
2021-02-14,28.25,0,71.75,74920,3925188,42.21,69086,2564366,27.58,0,0,0,0,0,0
2021-02-15,29.17,0,70.83,81555,4006743,43.09,75720,2640086,28.39,0,0,0,0,0,0
2021-02-16,30.11,0,69.89,83425,4090168,43.98,78304,2718390,29.23,0,0,0,0,0,0
2021-02-17,31.01,0,68.99,61984,4152152,44.65,75647,2794037,30.05,0,0,0,0,0,0
2021-02-18,31.94,0,68.06,69164,4221316,45.39,79741,2873778,30.9,0,0,0,0,0,0
2021-02-19,32.45,0,67.55,39676,4260992,45.82,38163,2911941,31.31,0,0,0,0,0,0
2021-02-20,32.85,0,67.15,31652,4292644,46.16,28723,2940664,31.62,0,0,0,0,0,0
2021-02-21,33.8,0,66.2,79437,4372081,47.02,78450,3019114,32.47,0,0,0,0,0,0
2021-02-22,34.83,0,65.17,85057,4457138,47.93,80603,3099717,33.33,0,0,0,0,0,0
2021-02-23,35.84,0,64.16,77333,4534471,48.76,70487,3170204,34.09,0,0,0,0,0,0
2021-02-24,36.76,0,63.24,61068,4595539,49.42,63149,3233353,34.77,0,0,0,0,0,0
2021-02-25,37.66,0,62.34,51730,4647269,49.97,64813,3298166,35.47,0,0,0,0,0,0
2021-02-26,38.1,0,61.9,25913,4673182,50.25,32048,3330214,35.81,0,0,0,0,0,0
2021-02-27,38.42,0,61.58,18353,4691535,50.45,21198,3351412,36.04,0,0,0,0,0,0
2021-02-28,39.24,0,60.76,40364,4731899,50.88,55874,3407286,36.64,0,0,0,0,0,0
2021-03-01,40.1,0,59.9,45752,4777651,51.38,61445,3468731,37.3,0,0,0,0,0,0
2021-03-02,40.85,0,59.15,41204,4818855,51.82,64803,3533534,38,0,0,0,0,0,0
2021-03-03,41.55,0,58.45,42037,4860892,52.27,66795,3600329,38.72,0,0,0,0,0,0
2021-03-04,42.24,0,57.76,39723,4900615,52.7,79128,3679457,39.57,0,0,0,0,0,0
2021-03-05,42.57,0,57.43,17371,4917986,52.89,40469,3719926,40,0,0,0,0,0,0
2021-03-06,42.78,0,57.22,10724,4928710,53,25350,3745276,40.27,0,0,0,0,0,0
2021-03-07,43.36,0,56.64,31157,4959867,53.34,72851,3818127,41.06,0,0,0,0,0,0
2021-03-08,43.97,0,56.03,27388,4987255,53.63,73300,3891427,41.85,0,0,0,0,0,0
2021-03-09,44.62,0,55.38,26756,5014011,53.92,76608,3968035,42.67,0,0,0,0,0,0
2021-03-10,45.27,0,54.73,23374,5037385,54.17,58686,4026721,43.3,0,0,0,0,0,0
2021-03-11,45.99,0,54.01,23308,5060693,54.42,69101,4095822,44.04,0,0,0,0,0,0
2021-03-12,46.34,0,53.66,11298,5071991,54.54,41420,4137242,44.49,0,0,0,0,0,0
2021-03-13,46.57,0,53.43,7955,5079946,54.63,25241,4162483,44.76,0,0,0,0,0,0
2021-03-14,47.2,0,52.8,20992,5100938,54.85,73937,4236420,45.56,0,0,0,0,0,0
2021-03-15,47.81,0,52.19,20152,5121090,55.07,78282,4314702,46.4,0,0,0,0,0,0
2021-03-16,48.43,0,51.57,18759,5139849,55.27,71482,4386184,47.17,0,0,0,0,0,0
2021-03-17,48.92,0,51.08,17707,5157556,55.46,59011,4445195,47.8,0,0,0,0,0,0
2021-03-18,49.45,0,50.55,16050,5173606,55.63,58126,4503321,48.43,0,0,0,0,0,0
2021-03-19,49.75,0,50.25,6959,5180565,55.71,27981,4531302,48.73,0,0,0,0,0,0
2021-03-20,49.93,0,50.07,5229,5185794,55.77,15302,4546604,48.89,0,0,0,0,0,0
2021-03-21,50.46,0,49.54,13172,5198966,55.91,40511,4587115,49.33,0,0,0,0,0,0
2021-03-22,51,0,49,13583,5212549,56.05,40542,4627657,49.76,0,0,0,0,0,0
2021-03-23,51.43,0,48.57,2846,5215395,56.08,7303,4634960,49.84,0,0,0,0,0,0
2021-03-24,51.84,0,48.16,11007,5226402,56.2,46562,4681522,50.34,0,0,0,0,0,0
2021-03-25,52.22,0,47.78,10275,5236677,56.31,35440,4716962,50.72,0,0,0,0,0,0
2021-03-26,52.4,0,47.6,4187,5240864,56.36,13337,4730299,50.87,0,0,0,0,0,0
2021-03-27,52.5,0,47.5,1788,5242652,56.38,4269,4734568,50.91,0,0,0,0,0,0
2021-03-28,52.74,0,47.26,2116,5244768,56.4,4611,4739179,50.96,0,0,0,0,0,0
2021-03-29,53,0,47,6921,5251689,56.47,30018,4769197,51.29,0,0,0,0,0,0
2021-03-30,53.08,0,46.92,7899,5259588,56.56,22456,4791653,51.53,0,0,0,0,0,0
2021-03-31,53.38,0,46.62,8155,5267743,56.65,19504,4811157,51.74,0,0,0,0,0,0
2021-04-01,53.62,0,46.38,8223,5275966,56.74,18704,4829861,51.94,0,0,0,0,0,0
2021-04-02,53.71,0,46.29,2949,5278915,56.77,8131,4837992,52.03,0,0,0,0,0,0
2021-04-03,53.74,0,46.26,1432,5280347,56.78,2984,4840976,52.06,0,0,0,0,0,0
2021-04-04,53.82,0,46.18,9618,5289965,56.89,22833,4863809,52.3,0,0,0,0,0,0
2021-04-05,54.04,0,45.96,10366,5300331,57,21280,4885089,52.53,0,0,0,0,0,0
2021-04-06,54.21,0,45.79,9036,5309367,57.09,16795,4901884,52.71,0,0,0,0,0,0
2021-04-07,54.36,0,45.64,8935,5318302,57.19,15316,4917200,52.88,0,0,0,0,0,0
2021-04-08,54.52,0,45.48,9430,5327732,57.29,17018,4934218,53.06,0,0,0,0,0,0
2021-04-09,54.58,0,45.42,3610,5331342,57.33,6260,4940478,53.13,0,0,0,0,0,0
2021-04-10,54.61,0,45.39,1637,5332979,57.35,3523,4944001,53.17,0,0,0,0,0,0
2021-04-11,54.78,0,45.22,9045,5342024,57.45,14250,4958251,53.32,0,0,0,0,0,0
2021-04-12,54.95,0,45.05,8938,5350962,57.54,13236,4971487,53.46,0,0,0,0,0,0
2021-04-13,55.08,0,44.92,5841,5356803,57.6,4960,4976447,53.51,0,0,0,0,0,0
2021-04-14,55.18,0,44.82,3650,5360453,57.64,5311,4981758,53.57,0,0,0,0,0,0
2021-04-15,55.27,0,44.73,699,5361152,57.65,583,4982341,53.58,0,0,0,0,0,0
2021-04-16,55.33,0,44.67,3421,5364573,57.69,6655,4988996,53.65,0,0,0,0,0,0
2021-04-17,55.35,0,44.65,822,5365395,57.7,1975,4990971,53.67,0,0,0,0,0,0
2021-04-18,55.47,0,44.53,7099,5372494,57.77,7433,4998404,53.75,0,0,0,0,0,0
2021-04-19,55.58,0,44.42,6407,5378901,57.84,7136,5005540,53.83,0,0,0,0,0,0
2021-04-20,55.65,0,44.35,6287,5385188,57.91,6891,5012431,53.9,0,0,0,0,0,0
2021-04-21,55.71,0,44.29,6382,5391570,57.98,7113,5019544,53.98,0,0,0,0,0,0
2021-04-22,55.75,0,44.25,5953,5397523,58.04,7692,5027236,54.06,0,0,0,0,0,0
2021-04-23,55.8,0,44.2,2768,5400291,58.07,3393,5030629,54.1,0,0,0,0,0,0
2021-04-24,55.82,0,44.18,769,5401060,58.08,1290,5031919,54.11,0,0,0,0,0,0
2021-04-25,55.89,0,44.11,4829,5405889,58.13,6927,5038846,54.19,0,0,0,0,0,0
2021-04-26,55.96,0,44.04,5480,5411369,58.19,7889,5046735,54.27,0,0,0,0,0,0
2021-04-27,56.03,0,43.97,4509,5415878,58.24,6628,5053363,54.34,0,0,0,0,0,0
2021-04-28,56.09,0,43.91,4502,5420380,58.29,7337,5060700,54.42,0,0,0,0,0,0
2021-04-29,56.16,0,43.84,4378,5424758,58.34,7297,5067997,54.5,0,0,0,0,0,0
2021-04-30,56.19,0,43.81,1925,5426683,58.36,3204,5071201,54.53,0,0,0,0,0,0
2021-05-01,56.2,0,43.8,458,5427141,58.36,895,5072096,54.54,0,0,0,0,0,0
2021-05-02,56.26,0,43.74,3225,5430366,58.4,6092,5078188,54.61,0,0,0,0,0,0
2021-05-03,56.32,0,43.68,3535,5433901,58.43,5835,5084023,54.67,0,0,0,0,0,0
2021-05-04,56.38,0,43.62,3594,5437495,58.47,4738,5088761,54.72,0,0,0,0,0,0
2021-05-05,56.44,0,43.56,3293,5440788,58.51,4092,5092853,54.77,0,0,0,0,0,0
2021-05-06,56.5,0,43.5,3646,5444434,58.55,3145,5095998,54.8,0,0,0,0,0,0
2021-05-07,56.52,0,43.48,1847,5446281,58.57,2509,5098507,54.83,0,0,0,0,0,0
2021-05-08,56.53,0,43.47,244,5446525,58.57,509,5099016,54.83,0,0,0,0,0,0
2021-05-09,56.58,0,43.42,2851,5449376,58.6,4751,5103767,54.88,0,0,0,0,0,0
2021-05-10,56.63,0,43.37,2900,5452276,58.63,4715,5108482,54.93,0,0,0,0,0,0
2021-05-11,56.67,0,43.33,2623,5454899,58.66,3882,5112364,54.98,0,0,0,0,0,0
2021-05-12,56.7,0,43.3,2034,5456933,58.68,3342,5115706,55.01,0,0,0,0,0,0
2021-05-13,56.73,0,43.27,2044,5458977,58.7,3688,5119394,55.05,0,0,0,0,0,0
2021-05-14,56.75,0,43.25,979,5459956,58.71,1495,5120889,55.07,0,0,0,0,0,0
2021-05-15,56.75,0,43.25,259,5460215,58.72,260,5121149,55.07,0,0,0,0,0,0
2021-05-16,56.78,0,43.22,530,5460745,58.72,1205,5122354,55.08,0,0,0,0,0,0
2021-05-17,56.81,0,43.19,303,5461048,58.73,848,5123202,55.09,0,0,0,0,0,0
2021-05-18,56.84,0,43.16,1963,5463011,58.75,4940,5128142,55.15,0,0,0,0,0,0
2021-05-19,56.87,0,43.13,2233,5465244,58.77,5044,5133186,55.2,0,0,0,0,0,0
2021-05-20,56.9,0,43.1,2311,5467555,58.8,3880,5137066,55.24,0,0,0,0,0,0
2021-05-21,56.92,0,43.08,1194,5468749,58.81,1414,5138480,55.26,0,0,0,0,0,0
2021-05-22,56.92,0,43.08,206,5468955,58.81,396,5138876,55.26,0,0,0,0,0,0
2021-05-23,56.94,0,43.06,2272,5471227,58.83,3216,5142092,55.3,0,0,0,0,0,0
2021-05-24,56.96,0,43.04,2143,5473370,58.86,3597,5145689,55.33,0,0,0,0,0,0
2021-05-25,56.99,0,43.01,1823,5475193,58.88,2588,5148277,55.36,0,0,0,0,0,0
2021-05-26,57.03,0,42.97,1415,5476608,58.89,2504,5150781,55.39,0,0,0,0,0,0
2021-05-27,57.06,0,42.94,1866,5478474,58.91,3189,5153970,55.42,0,0,0,0,0,0
2021-05-28,57.07,0,42.93,794,5479268,58.92,1406,5155376,55.44,0,0,0,0,0,0
2021-05-29,57.07,0,42.93,192,5479460,58.92,227,5155603,55.44,0,0,0,0,0,0
2021-05-30,57.1,0,42.9,1645,5481105,58.94,1937,5157540,55.46,0,0,0,0,0,0
2021-05-31,57.13,0,42.87,1741,5482846,58.96,2094,5159634,55.48,0,0,0,0,0,0
2021-06-01,57.47,0,42.53,1386,5484232,58.97,1824,5161458,55.5,0,0,0,0,0,0
2021-06-02,57.25,0,42.75,1514,5485746,58.99,1610,5163068,55.52,0,0,0,0,0,0
2021-06-03,57.27,0,42.73,1686,5487432,59.01,1496,5164564,55.54,0,0,0,0,0,0
2021-06-04,57.28,0,42.72,1102,5488534,59.02,784,5165348,55.55,0,0,0,0,0,0
2021-06-05,57.29,0,42.71,184,5488718,59.02,159,5165507,55.55,0,0,0,0,0,0
2021-06-06,57.31,0,42.69,4294,5493012,59.07,1003,5166510,55.56,0,0,0,0,0,0
2021-06-07,57.34,0,42.66,4441,5497453,59.12,814,5167324,55.57,0,0,0,0,0,0
2021-06-08,57.36,0,42.64,3740,5501193,59.16,1175,5168499,55.58,0,0,0,0,0,0
2021-06-09,57.4,0,42.6,3615,5504808,59.2,1331,5169830,55.59,0,0,0,0,0,0
2021-06-10,57.42,0,42.58,3366,5508174,59.23,1300,5171130,55.61,0,0,0,0,0,0
2021-06-11,57.43,0,42.57,1402,5509576,59.25,590,5171720,55.61,0,0,0,0,0,0
2021-06-12,57.43,0,42.57,223,5509799,59.25,173,5171893,55.62,0,0,0,0,0,0
2021-06-13,57.45,0,42.55,3101,5512900,59.28,1260,5173153,55.63,0,0,0,0,0,0
2021-06-14,57.46,0,42.54,3058,5515958,59.32,1534,5174687,55.65,0,0,0,0,0,0
2021-06-15,57.48,0,42.52,3141,5519099,59.35,1378,5176065,55.66,0,0,0,0,0,0
2021-06-16,57.49,0,42.51,2736,5521835,59.38,1005,5177070,55.67,0,0,0,0,0,0
2021-06-17,57.51,0,42.49,2735,5524570,59.41,1209,5178279,55.68,0,0,0,0,0,0
2021-06-18,57.52,0,42.48,1273,5525843,59.42,506,5178785,55.69,0,0,0,0,0,0
2021-06-19,57.52,0,42.48,242,5526085,59.42,139,5178924,55.69,0,0,0,0,0,0
2021-06-20,57.54,0,42.46,3316,5529401,59.46,1332,5180256,55.71,0,0,0,0,0,0
2021-06-21,57.56,0,42.44,5250,5534651,59.52,1219,5181475,55.72,0,0,0,0,0,0
2021-06-22,57.58,0,42.42,6935,5541586,59.59,1101,5182576,55.73,0,0,0,0,0,0
2021-06-23,57.6,0,42.4,10762,5552348,59.71,1304,5183880,55.74,0,0,0,0,0,0
2021-06-24,57.62,0,42.38,12051,5564399,59.84,1466,5185346,55.76,0,0,0,0,0,0
2021-06-25,57.62,0,42.38,7116,5571515,59.91,945,5186291,55.77,0,0,0,0,0,0
2021-06-26,57.63,0,42.37,2280,5573795,59.94,200,5186491,55.77,0,0,0,0,0,0
2021-06-27,57.65,0,42.35,13634,5587429,60.08,3439,5189930,55.81,0,0,0,0,0,0
2021-06-28,57.68,0,42.32,14518,5601947,60.24,3675,5193605,55.85,0,0,0,0,0,0
2021-06-29,57.69,0,42.31,16711,5618658,60.42,3746,5197351,55.89,0,0,0,0,0,0
2021-06-30,57.72,0,42.28,16489,5635147,60.6,3397,5200748,55.93,0,0,0,0,0,0
2021-07-01,57.78,0,42.22,16840,5651987,60.78,3381,5204129,55.96,122,122,0,0,0,0
2021-07-02,57.79,0,42.21,9836,5661823,60.88,1609,5205738,55.98,7,129,0,0,0,0
2021-07-03,57.79,0,42.21,2680,5664503,60.91,300,5206038,55.98,1,130,0,0,0,0
2021-07-04,57.85,0,42.15,17735,5682238,61.1,3161,5209199,56.02,2,132,0,0,0,0
2021-07-05,57.91,0,42.09,17853,5700091,61.3,3047,5212246,56.05,7,139,0,0,0,0
2021-07-06,57.99,0,42.01,17851,5717942,61.49,3412,5215658,56.09,11,150,0,0,0,0
2021-07-07,58.05,0,41.95,15536,5733478,61.66,2703,5218361,56.12,12,162,0,0,0,0
2021-07-08,58.12,0,41.88,16590,5750068,61.83,2883,5221244,56.15,17,179,0,0,0,0
2021-07-09,58.15,0,41.85,11127,5761195,61.95,1535,5222779,56.16,4,183,0,0,0,0
2021-07-10,58.15,0,41.85,4990,5766185,62.01,391,5223170,56.17,6,189,0,0,0,0
2021-07-11,58.22,0,41.78,1458,5767643,62.02,2848,5226018,56.2,9,198,0,0,0,0
2021-07-12,58.29,0,41.71,2428,5770071,62.05,3697,5229715,56.24,58,256,0,0,0,0
2021-07-13,58.36,0,41.64,2965,5773036,62.08,5460,5235175,56.3,124,380,0,0,0,0
2021-07-14,58.42,0,41.58,2748,5775784,62.11,7537,5242712,56.38,441,821,0.01,0,0,0
2021-07-15,58.5,0,41.5,3011,5778795,62.14,9306,5252018,56.48,374,1195,0.01,0,0,0
2021-07-16,58.54,0,41.46,1297,5780092,62.16,5898,5257916,56.54,66,1261,0.01,0,0,0
2021-07-17,58.55,0,41.44,374,5780466,62.16,1394,5259310,56.56,8,1269,0.01,0,0,0
2021-07-18,58.6,0,41.4,2074,5782540,62.18,9771,5269081,56.66,235,1504,0.02,0,0,0
2021-07-19,58.65,0,41.35,3211,5785751,62.22,11348,5280429,56.78,461,1965,0.02,0,0,0
2021-07-20,58.72,0,41.28,2692,5788443,62.25,11915,5292344,56.91,374,2339,0.03,0,0,0
2021-07-21,58.81,0,41.19,2408,5790851,62.27,11882,5304226,57.04,325,2664,0.03,0,0,0
2021-07-22,58.93,0,41.07,2880,5793731,62.3,13281,5317507,57.18,392,3056,0.03,0,0,0
2021-07-23,58.99,0,41.01,2039,5795770,62.32,8250,5325757,57.27,106,3162,0.03,0,0,0
2021-07-24,58.99,0,41,646,5796416,62.33,1487,5327244,57.29,7,3169,0.03,0,0,0
2021-07-25,59.1,0,40.89,4417,5800833,62.38,15499,5342743,57.45,223,3392,0.04,0,0,0
2021-07-26,59.24,0,40.75,5175,5806008,62.43,13539,5356282,57.6,325,3717,0.04,0,0,0
2021-07-27,59.37,0.01,40.62,5493,5811501,62.49,13580,5369862,57.74,414,4131,0.04,0,0,0
2021-07-28,59.5,0.01,40.49,3991,5815492,62.54,12345,5382207,57.88,472,4603,0.05,0,0,0
2021-07-29,59.65,0.01,40.33,4665,5820157,62.59,14206,5396413,58.03,533,5136,0.06,0,0,0
2021-07-30,59.74,0.02,40.25,2658,5822815,62.62,10859,5407272,58.15,4122,9258,0.1,0,0,0
2021-07-31,59.75,0.02,40.23,1407,5824222,62.63,3554,5410826,58.19,6159,15417,0.17,0,0,0
2021-08-01,59.91,0.02,40.06,3079,5827301,62.66,3368,5414194,58.22,31048,46465,0.5,0,0,0
2021-08-02,60.06,0.03,39.91,3134,5830435,62.7,3176,5417370,58.26,58514,104979,1.13,0,0,0
2021-08-03,60.21,0.03,39.76,3388,5833823,62.73,3332,5420702,58.29,78954,183933,1.98,0,0,0
2021-08-04,60.34,0.03,39.63,3537,5837360,62.77,3256,5423958,58.33,80766,264699,2.85,0,0,0
2021-08-05,60.49,0.04,39.47,4515,5841875,62.82,3572,5427530,58.37,88442,353141,3.8,0,0,0
2021-08-06,60.6,0.04,39.36,2437,5844312,62.85,1866,5429396,58.38,44744,397885,4.28,0,0,0
2021-08-07,60.63,0.04,39.32,1034,5845346,62.86,701,5430097,58.39,27353,425238,4.57,0,0,0
2021-08-08,60.68,0.04,39.28,4992,5850338,62.91,3082,5433179,58.43,80087,505325,5.43,0,0,0
2021-08-09,60.72,0.04,39.24,5341,5855679,62.97,3065,5436244,58.46,76489,581814,6.26,0,0,0
2021-08-10,60.75,0.04,39.2,5554,5861233,63.03,3211,5439455,58.49,75427,657241,7.07,0,0,0
2021-08-11,60.79,0.04,39.17,5696,5866929,63.09,2949,5442404,58.52,62642,719883,7.74,0,0,0
2021-08-12,60.83,0.04,39.12,7039,5873968,63.17,3291,5445695,58.56,59463,779346,8.38,0,0,0
2021-08-13,60.84,0.05,39.11,3821,5877789,63.21,2074,5447769,58.58,43870,823216,8.85,0,0,0
2021-08-14,60.85,0.05,39.1,2254,5880043,63.23,854,5448623,58.59,44487,867703,9.33,0,0,0
2021-08-15,60.89,0.05,39.06,7144,5887187,63.31,4531,5453154,58.64,97986,965689,10.38,0,0,0
2021-08-16,60.92,0.04,39.03,6991,5894178,63.38,4750,5457904,58.69,89522,1055211,11.35,0,0,0
2021-08-17,60.96,0.04,39,7573,5901751,63.46,5140,5463044,58.75,83320,1138531,12.24,0,0,0
2021-08-18,60.99,0.04,38.96,8643,5910394,63.56,4603,5467647,58.8,69269,1207800,12.99,0,0,0
2021-08-19,61.03,0.04,38.92,10082,5920476,63.67,5217,5472864,58.85,65977,1273777,13.7,0,0,0
2021-08-20,61.05,0.05,38.9,4769,5925245,63.72,2828,5475692,58.88,60454,1334231,14.35,0,0,0
2021-08-21,61.06,0.05,38.89,3499,5928744,63.75,1581,5477273,58.9,50727,1384958,14.89,0,0,0
2021-08-22,61.12,0.04,38.84,9822,5938566,63.86,4808,5482081,58.95,105113,1490071,16.02,0,0,0
2021-08-23,61.17,0.04,38.79,10922,5949488,63.98,4448,5486529,59,94036,1584107,17.03,0,0,0
2021-08-24,61.23,0.04,38.73,11720,5961208,64.1,4701,5491230,59.05,98565,1682672,18.09,0,0,0
2021-08-25,61.29,0.04,38.67,9613,5970821,64.21,4484,5495714,59.1,99559,1782231,19.17,0,0,0
2021-08-26,61.36,0.03,38.61,10115,5980936,64.32,5059,5500773,59.15,101233,1883464,20.25,0,0,0
2021-08-27,61.35,0.04,38.61,4325,5985261,64.36,2790,5503563,59.18,56695,1940159,20.86,0,0,0
2021-08-28,61.4,0.04,38.57,3704,5988965,64.4,1500,5505063,59.2,33542,1973701,21.22,0,0,0
2021-08-29,61.46,0.03,38.5,10323,5999288,64.51,5933,5510996,59.26,79552,2053253,22.08,0,0,0
2021-08-30,61.53,0.03,38.44,12331,6011619,64.65,7017,5518013,59.34,116013,2169266,23.33,0,0,0
2021-08-31,61.6,0.03,38.37,12075,6023694,64.78,6528,5524541,59.41,114886,2284152,24.56,0,0,0
2021-09-01,61.43,0.03,38.54,9036,6032730,64.87,6043,5530584,59.47,112496,2396648,25.77,0,0,0
2021-09-02,61.49,0.03,38.48,8784,6041514,64.97,7186,5537770,59.55,111549,2508197,26.97,0,0,0
2021-09-03,61.56,0.03,38.42,3751,6045265,65.01,4118,5541888,59.59,58886,2567083,27.61,0,0,0
2021-09-04,61.59,0.03,38.38,2692,6047957,65.04,2023,5543911,59.62,29955,2597038,27.93,0,0,0
2021-09-05,61.68,0.03,38.29,6991,6054948,65.11,6460,5550371,59.69,73328,2670366,28.72,0,0,0
2021-09-06,61.77,0.03,38.2,2838,6057786,65.14,2718,5553089,59.72,22800,2693166,28.96,0,0,0
2021-09-07,61.85,0.03,38.12,1202,6058988,65.16,880,5553969,59.72,5398,2698564,29.02,0,0,0
2021-09-08,61.93,0.03,38.05,1380,6060368,65.17,1198,5555167,59.74,6621,2705185,29.09,0,0,0
2021-09-09,62.02,0.03,37.95,7093,6067461,65.25,12574,5567741,59.87,73847,2779032,29.88,0,0,0
2021-09-10,62.06,0.03,37.91,3257,6070718,65.28,5016,5572757,59.93,37939,2816971,30.29,0,0,0
2021-09-11,62.08,0.03,37.89,2109,6072827,65.3,2509,5575266,59.95,14817,2831788,30.45,0,0,0
2021-09-12,62.16,0.03,37.81,6105,6078932,65.37,8589,5583855,60.05,54137,2885925,31.03,0,0,0
2021-09-13,62.15,0.03,37.82,5610,6084542,65.43,8264,5592119,60.13,47985,2933910,31.55,0,0,0
2021-09-14,62.2,0.03,37.77,4964,6089506,65.48,7424,5599543,60.21,48856,2982766,32.08,0,0,0
2021-09-15,62.25,0.03,37.72,1751,6091257,65.5,2719,5602262,60.24,16687,2999453,32.25,0,0,0
2021-09-16,62.37,0.03,37.6,343,6091600,65.51,550,5602812,60.25,1740,3001193,32.27,0,0,0
2021-09-17,62.42,0.03,37.54,3683,6095283,65.55,7022,5609834,60.33,42908,3044101,32.73,0,0,0
2021-09-18,62.45,0.03,37.52,2258,6097541,65.57,2946,5612780,60.36,12784,3056885,32.87,0,0,0
2021-09-19,62.55,0.03,37.42,5943,6103484,65.63,10712,5623492,60.47,44331,3101216,33.35,0,0,0
2021-09-20,62.63,0.03,37.34,3246,6106730,65.67,4646,5628138,60.52,16708,3117924,33.53,0,0,0
2021-09-21,62.69,0.03,37.28,1340,6108070,65.68,2068,5630206,60.54,3476,3121400,33.57,0,0,0
2021-09-22,62.72,0.03,37.25,4260,6112330,65.73,7250,5637456,60.62,25073,3146473,33.84,0,0,0
2021-09-23,62.75,0.03,37.22,4391,6116721,65.78,5918,5643374,60.69,27834,3174307,34.13,0,0,0
2021-09-24,62.82,0.03,37.15,3203,6119924,65.81,4185,5647559,60.73,27725,3202032,34.43,0,0,0
2021-09-25,62.85,0.03,37.12,2080,6122004,65.83,2264,5649823,60.76,10443,3212475,34.55,0,0,0
2021-09-26,62.96,0.03,37,5605,6127609,65.89,5973,5655796,60.82,36271,3248746,34.94,0,0,0
2021-09-27,63.02,0.03,36.94,4696,6132305,65.94,4469,5660265,60.87,30457,3279203,35.26,0,0,0
2021-09-28,63.06,0.04,36.91,1473,6133778,65.96,1187,5661452,60.88,6250,3285453,35.33,0,0,0
2021-09-29,63.13,0.03,36.84,9621,6143399,66.06,8350,5669802,60.97,60325,3345778,35.98,0,0,0
2021-09-30,63.18,0.03,36.79,10978,6154377,66.18,8581,5678383,61.06,79704,3425482,36.84,0,0,0
2021-10-01,63.23,0.03,36.73,5128,6159505,66.24,3876,5682259,61.1,46546,3472028,37.34,0,0,0
2021-10-02,63.26,0.03,36.71,2865,6162370,66.27,2128,5684387,61.13,22433,3494461,37.58,0,0,0
2021-10-03,63.35,0.03,36.62,11668,6174038,66.39,7275,5691662,61.21,70726,3565187,38.34,0,0,0
2021-10-04,63.4,0.03,36.57,10322,6184360,66.5,6759,5698421,61.28,51911,3617098,38.9,0,0,0
2021-10-05,63.41,0.03,36.55,8460,6192820,66.59,5314,5703735,61.34,40484,3657582,39.33,0,0,0
2021-10-06,63.52,0.03,36.45,7543,6200363,66.68,4185,5707920,61.38,34151,3691733,39.7,0,0,0
2021-10-07,63.63,0.03,36.34,6895,6207258,66.75,4011,5711931,61.42,34074,3725807,40.07,0,0,0
2021-10-08,63.68,0.03,36.29,3086,6210344,66.78,2644,5714575,61.45,19250,3745057,40.27,0,0,0
2021-10-09,63.71,0.03,36.26,1341,6211685,66.8,1444,5716019,61.47,7441,3752498,40.35,0,0,0
2021-10-10,63.82,0.04,36.14,4677,6216362,66.85,3747,5719766,61.51,21519,3774017,40.58,0,0,0
2021-10-11,63.91,0.04,36.05,4299,6220661,66.89,2946,5722712,61.54,17270,3791287,40.77,0,0,0
2021-10-12,63.99,0.05,35.96,3977,6224638,66.94,3007,5725719,61.57,15357,3806644,40.93,0,0,0
2021-10-13,64.09,0.05,35.86,3487,6228125,66.97,2453,5728172,61.6,13587,3820231,41.08,0,0,0
2021-10-14,64.19,0.06,35.75,3870,6231995,67.02,2686,5730858,61.63,16569,3836800,41.26,0,0,0
2021-10-15,64.23,0.07,35.7,1705,6233700,67.03,1686,5732544,61.65,9012,3845812,41.36,0,0,0
2021-10-16,64.25,0.08,35.67,729,6234429,67.04,958,5733502,61.66,4036,3849848,41.4,0,0,0
2021-10-17,64.36,0.09,35.56,3090,6237519,67.08,2526,5736028,61.68,12799,3862647,41.54,0,0,0
2021-10-18,64.43,0.1,35.47,2459,6239978,67.1,1694,5737722,61.7,10069,3872716,41.65,0,0,0
2021-10-19,64.49,0.1,35.4,2399,6242377,67.13,1284,5739006,61.71,9295,3882011,41.75,0,0,0
2021-10-20,64.14,0.52,35.34,2438,6244815,67.15,2304,5741310,61.74,10104,3892115,41.85,0,0,0
2021-10-21,54.23,10.41,35.36,3033,6247848,67.19,3098,5744408,61.77,12165,3904280,41.98,0,0,0
2021-10-22,54.36,10.26,35.38,1279,6249127,67.2,1439,5745847,61.79,5842,3910122,42.05,0,0,0
2021-10-23,54.42,10.19,35.39,575,6249702,67.21,1266,5747113,61.8,2565,3912687,42.08,0,0,0
2021-10-24,54.22,10.43,35.35,2518,6252220,67.23,2653,5749766,61.83,9857,3922544,42.18,0,0,0
2021-10-25,54.59,10.22,35.19,2640,6254860,67.26,2753,5752519,61.86,8512,3931056,42.27,0,0,0
2021-10-26,54.64,10.26,35.1,2381,6257241,67.29,2058,5754577,61.88,8531,3939587,42.36,0,0,0
2021-10-27,54.58,10.37,35.06,2292,6259533,67.31,2566,5757143,61.91,7960,3947547,42.45,0,0,0
2021-10-28,54.69,10.76,34.55,2508,6262041,67.34,2782,5759925,61.94,8677,3956224,42.54,0,0,0
2021-10-29,54.73,10.75,34.52,904,6262945,67.35,1154,5761079,61.95,4138,3960362,42.59,0,0,0
2021-10-30,54.68,10.81,34.52,366,6263311,67.35,530,5761609,61.96,1712,3962074,42.61,0,0,0
2021-10-31,54.83,10.7,34.47,2262,6265573,67.38,2495,5764104,61.98,8255,3970329,42.7,0,0,0
2021-11-01,54.95,10.63,34.42,1737,6267310,67.4,2094,5766198,62.01,6481,3976810,42.76,0,0,0
2021-11-02,54.89,10.69,34.42,2026,6269336,67.42,2050,5768248,62.03,6296,3983106,42.83,0,0,0
2021-11-03,54.86,10.75,34.39,1766,6271102,67.44,1897,5770145,62.05,5556,3988662,42.89,0,0,0
2021-11-04,54.85,10.81,34.33,2111,6273213,67.46,2802,5772947,62.08,7135,3995797,42.97,0,0,0
2021-11-05,54.85,10.83,34.32,793,6274006,67.47,907,5773854,62.09,3488,3999285,43.01,0,0,0
2021-11-06,54.82,10.86,34.32,347,6274353,67.47,389,5774243,62.09,1375,4000660,43.02,0,0,0
2021-11-07,54.92,10.8,34.28,1577,6275930,67.49,1770,5776013,62.11,6134,4006794,43.09,0,0,0
2021-11-08,55.01,10.75,34.24,1521,6277451,67.5,1603,5777616,62.13,5407,4012201,43.15,0,0,0
2021-11-09,55.05,10.74,34.21,1429,6278880,67.52,1612,5779228,62.15,5333,4017534,43.2,0,0,0
2021-11-10,55.08,10.73,34.19,1424,6280304,67.54,1662,5780890,62.16,4779,4022313,43.25,0,0,0
2021-11-11,55.15,10.69,34.15,1628,6281932,67.55,1948,5782838,62.19,5720,4028033,43.32,0,0,0
2021-11-12,55.17,10.69,34.14,637,6282569,67.56,826,5783664,62.19,2926,4030959,43.35,0,0,0
2021-11-13,55.14,10.72,34.14,259,6282828,67.56,291,5783955,62.2,1131,4032090,43.36,0,0,0
2021-11-14,55.21,10.68,34.11,1536,6284364,67.58,1639,5785594,62.22,5111,4037201,43.41,0,0,0
2021-11-15,55.28,10.63,34.09,1275,6285639,67.59,1628,5787222,62.23,4771,4041972,43.47,0,0,0
2021-11-16,55.32,10.62,34.07,1275,6286914,67.61,1419,5788641,62.25,4349,4046321,43.51,0,0,0
2021-11-17,55.35,10.6,34.05,1208,6288122,67.62,1567,5790208,62.27,3915,4050236,43.55,0,0,0
2021-11-18,55.41,10.58,34.02,1364,6289486,67.63,1693,5791901,62.28,5014,4055250,43.61,0,0,0
2021-11-19,55.42,10.57,34.01,589,6290075,67.64,765,5792666,62.29,2460,4057710,43.63,0,0,0
2021-11-20,55.41,10.58,34,238,6290313,67.64,258,5792924,62.29,930,4058640,43.64,0,0,0
2021-11-21,55.47,10.54,33.98,1408,6291721,67.66,1542,5794466,62.31,4882,4063522,43.7,0,0,0
2021-11-22,55.54,10.5,33.96,1681,6293402,67.68,1523,5795989,62.33,4238,4067760,43.74,0,0,0
2021-11-23,55.57,10.48,33.95,8616,6302018,67.77,1689,5797678,62.35,4012,4071772,43.79,0,0,0
2021-11-24,55.6,10.44,33.95,9348,6311366,67.87,1319,5798997,62.36,3925,4075697,43.83,0,0,0
2021-11-25,55.64,10.43,33.93,9809,6321175,67.97,1602,5800599,62.38,4841,4080538,43.88,0,0,0
2021-11-26,55.63,10.45,33.92,5610,6326785,68.04,753,5801352,62.38,2807,4083345,43.91,0,0,0
2021-11-27,55.62,10.46,33.92,4776,6331561,68.09,324,5801676,62.39,1164,4084509,43.92,0,0,0
2021-11-28,55.67,10.43,33.9,10148,6341709,68.2,1481,5803157,62.4,4907,4089416,43.98,0,0,0
2021-11-29,55.73,10.39,33.88,9043,6350752,68.29,1135,5804292,62.42,4378,4093794,44.02,0,0,0
2021-11-30,55.77,10.37,33.86,10043,6360795,68.4,1039,5805331,62.43,4085,4097879,44.07,0,0,0
2021-12-01,55.79,10.36,33.84,8628,6369423,68.49,1098,5806429,62.44,4445,4102324,44.11,5,5,0
2021-12-02,55.84,10.34,33.82,9174,6378597,68.59,1457,5807886,62.46,5126,4107450,44.17,6,11,0
2021-12-03,55.86,10.33,33.81,6329,6384926,68.66,673,5808559,62.46,2869,4110319,44.2,1,12,0
2021-12-04,55.85,10.34,33.81,2509,6387435,68.69,239,5808798,62.46,926,4111245,44.21,3,15,0
2021-12-05,55.9,10.31,33.79,8334,6395769,68.78,1254,5810052,62.48,4683,4115928,44.26,1,16,0
2021-12-06,55.95,10.27,33.78,6720,6402489,68.85,1200,5811252,62.49,4351,4120279,44.31,4,20,0
2021-12-07,55.99,10.25,33.76,5553,6408042,68.91,1506,5812758,62.51,3967,4124246,44.35,9,29,0
2021-12-08,56.03,10.22,33.75,4934,6412976,68.96,1201,5813959,62.52,3885,4128131,44.39,10,39,0
2021-12-09,56.08,10.19,33.73,6239,6419215,69.03,1241,5815200,62.53,4508,4132639,44.44,8,47,0
2021-12-10,56.1,10.18,33.72,3006,6422221,69.06,704,5815904,62.54,2687,4135326,44.47,4,51,0
2021-12-11,56.1,10.18,33.71,1491,6423712,69.08,255,5816159,62.54,1022,4136348,44.48,0,51,0
2021-12-12,56.16,10.15,33.69,7273,6430985,69.16,1444,5817603,62.56,5249,4141597,44.54,3,54,0
2021-12-13,56.21,10.11,33.67,6180,6437165,69.22,1377,5818980,62.57,4351,4145948,44.58,5,59,0
2021-12-14,56.27,10.09,33.65,7316,6444481,69.3,6098,5825078,62.64,4941,4150889,44.64,12,71,0
2021-12-15,56.34,10.06,33.6,7204,6451685,69.38,7404,5832482,62.72,5447,4156336,44.7,7,78,0
2021-12-16,56.53,10.05,33.42,8079,6459764,69.47,8611,5841093,62.81,6565,4162901,44.77,8,86,0
2021-12-17,56.64,10.05,33.3,4406,6464170,69.51,5141,5846234,62.87,3955,4166856,44.81,3,89,0
2021-12-18,56.73,10.07,33.2,3941,6468111,69.55,2913,5849147,62.9,1361,4168217,44.82,2,91,0
2021-12-19,56.92,10.04,33.04,6978,6475089,69.63,9328,5858475,63,6276,4174493,44.89,6,97,0
2021-12-20,57.07,10.02,32.91,7971,6483060,69.72,7520,5865995,63.08,5447,4179940,44.95,9,106,0
2021-12-21,57.27,10.01,32.71,9548,6492608,69.82,8647,5874642,63.17,6493,4186433,45.02,8,114,0
2021-12-22,57.49,10,32.52,9663,6502271,69.92,8151,5882793,63.26,6258,4192691,45.09,12,126,0
2021-12-23,57.7,9.97,32.33,11539,6513810,70.05,10262,5893055,63.37,8161,4200852,45.17,16,142,0
2021-12-24,57.83,9.96,32.21,5875,6519685,70.11,6241,5899296,63.44,5281,4206133,45.23,12,154,0
2021-12-25,57.9,9.96,32.15,3338,6523023,70.15,2566,5901862,63.47,2022,4208155,45.25,6,160,0
2021-12-26,58.1,9.92,31.98,10652,6533675,70.26,8909,5910771,63.56,8202,4216357,45.34,8,168,0
2021-12-27,58.27,9.9,31.83,10370,6544045,70.37,7142,5917913,63.64,8188,4224545,45.43,45,213,0
2021-12-28,58.46,9.88,31.66,11375,6555420,70.49,7451,5925364,63.72,9643,4234188,45.53,44,257,0
2021-12-29,58.64,9.85,31.51,9933,6565353,70.6,5964,5931328,63.78,8376,4242564,45.62,21,278,0
2021-12-30,58.84,9.82,31.34,11012,6576365,70.72,7735,5939063,63.87,12240,4254804,45.75,10,288,0
2021-12-31,58.9,9.79,31.3,4829,6581194,70.77,3671,5942734,63.91,7297,4262101,45.83,135,423,0
2022-01-01,58.93,9.79,31.28,1993,6583187,70.79,1593,5944327,63.92,2741,4264842,45.86,66,489,0.01
2022-01-02,59.14,9.76,31.1,10215,6593402,70.9,6487,5950814,63.99,13003,4277845,46,590,1079,0.01
2022-01-03,59.29,9.71,31,9384,6602786,71,5259,5956073,64.05,11343,4289188,46.12,25055,26134,0.28
2022-01-04,59.46,9.68,30.86,8963,6611749,71.1,5947,5962020,64.11,10525,4299713,46.24,50666,76800,0.83
2022-01-05,59.56,9.65,30.79,8554,6620303,71.19,5740,5967760,64.17,10492,4310205,46.35,59599,136399,1.47
2022-01-06,59.81,9.63,30.56,10338,6630641,71.3,7959,5975719,64.26,13532,4323737,46.5,64008,200407,2.16
2022-01-07,59.89,9.61,30.49,4758,6635399,71.35,4557,5980276,64.31,8168,4331905,46.58,31136,231543,2.49
2022-01-08,59.9,9.64,30.46,2749,6638148,71.38,2451,5982727,64.34,5502,4337407,46.64,27634,259177,2.79
2022-01-09,60.06,9.59,30.35,9306,6647454,71.48,7724,5990451,64.42,11872,4349279,46.77,66774,325951,3.51
2022-01-10,60.21,9.54,30.25,8347,6655801,71.57,7646,5998097,64.5,11885,4361164,46.9,64831,390782,4.2
2022-01-11,60.38,9.49,30.13,8097,6663898,71.66,8622,6006719,64.59,11974,4373138,47.03,56662,447444,4.81
2022-01-12,60.51,9.45,30.04,7275,6671173,71.74,8305,6015024,64.68,11114,4384252,47.15,44633,492077,5.29
2022-01-13,60.7,9.35,29.94,7510,6678683,71.82,9617,6024641,64.79,11550,4395802,47.27,34770,526847,5.67
2022-01-14,60.79,9.31,29.9,2555,6681238,71.85,4935,6029576,64.84,6147,4401949,47.34,11146,537993,5.79
2022-01-15,60.83,9.29,29.87,1469,6682707,71.86,3170,6032746,64.87,3885,4405834,47.38,5716,543709,5.85
2022-01-16,60.97,9.2,29.82,3817,6686524,71.9,8524,6041270,64.96,7682,4413516,47.46,19993,563702,6.06
2022-01-17,61.09,9.13,29.78,2808,6689332,71.93,7047,6048317,65.04,6173,4419689,47.53,17835,581537,6.25
2022-01-18,61.23,9.07,29.7,2475,6691807,71.96,7386,6055703,65.12,5537,4425226,47.59,14819,596356,6.41
2022-01-19,61.37,8.98,29.65,1915,6693722,71.98,6368,6062071,65.19,4523,4429749,47.64,8462,604818,6.5
2022-01-20,61.44,8.85,29.71,1777,6695499,72,6971,6069042,65.26,4792,4434541,47.69,8043,612861,6.59
2022-01-21,61.51,8.81,29.68,905,6696404,72.01,3725,6072767,65.3,2646,4437187,47.72,3358,616219,6.63
2022-01-22,61.51,8.75,29.74,327,6696731,72.01,1462,6074229,65.32,1069,4438256,47.73,1114,617333,6.64
2022-01-23,61.61,8.7,29.69,1068,6697799,72.02,5632,6079861,65.38,2879,4441135,47.76,6083,623416,6.7
2022-01-24,61.73,8.62,29.65,759,6698558,72.03,4482,6084343,65.43,2271,4443406,47.78,5057,628473,6.76
2022-01-25,61.9,8.51,29.59,743,6699301,72.04,4401,6088744,65.48,2188,4445594,47.81,7104,635577,6.83
2022-01-26,62.02,8.42,29.57,615,6699916,72.05,3286,6092030,65.51,1612,4447206,47.82,4264,639841,6.88
2022-01-27,62.12,8.35,29.52,797,6700713,72.06,4405,6096435,65.56,2007,4449213,47.84,5441,645282,6.94
2022-01-28,62.16,8.33,29.5,397,6701110,72.06,2377,6098812,65.58,1182,4450395,47.86,3452,648734,6.98
2022-01-29,62.23,8.29,29.48,124,6701234,72.06,1046,6099858,65.59,425,4450820,47.86,1162,649896,6.99
2022-01-30,62.3,8.24,29.46,769,6702003,72.07,4719,6104577,65.65,2020,4452840,47.88,8099,657995,7.08
2022-01-31,62.39,8.17,29.43,528,6702531,72.08,3183,6107760,65.68,1610,4454450,47.9,6472,664467,7.15
2022-02-01,62.45,8.15,29.4,482,6703013,72.08,2810,6110570,65.71,1528,4455978,47.92,5722,670189,7.21
2022-02-02,62.28,8.13,29.59,375,6703388,72.08,2394,6112964,65.74,1386,4457364,47.93,5074,675263,7.26
2022-02-03,62.34,8.08,29.57,446,6703834,72.09,2777,6115741,65.77,1462,4458826,47.95,5606,680869,7.32
2022-02-04,62.37,8.06,29.57,174,6704008,72.09,991,6116732,65.78,758,4459584,47.96,2455,683324,7.35
2022-02-05,62.34,8.09,29.56,62,6704070,72.09,342,6117074,65.78,221,4459805,47.96,420,683744,7.35
2022-02-06,62.41,8.05,29.55,407,6704477,72.1,2321,6119395,65.81,1344,4461149,47.97,5687,689431,7.41
2022-02-07,62.47,8.01,29.52,283,6704760,72.1,1308,6120703,65.82,984,4462133,47.98,5961,695392,7.48
2022-02-08,62.54,7.97,29.49,317,6705077,72.1,1498,6122201,65.84,1068,4463201,48,6138,701530,7.54
2022-02-09,62.6,7.95,29.45,254,6705331,72.11,1102,6123303,65.85,946,4464147,48.01,4572,706102,7.59
2022-02-10,62.63,7.93,29.44,273,6705604,72.11,1292,6124595,65.86,936,4465083,48.02,4816,710918,7.64
2022-02-11,62.67,7.91,29.42,212,6705816,72.11,557,6125152,65.87,519,4465602,48.02,2540,713458,7.67
2022-02-12,62.67,7.91,29.41,32,6705848,72.11,91,6125243,65.87,137,4465739,48.02,269,713727,7.68
2022-02-13,62.73,7.87,29.39,286,6706134,72.11,947,6126190,65.88,967,4466706,48.03,4998,718725,7.73
2022-02-14,62.89,7.74,29.36,179,6706313,72.12,628,6126818,65.88,761,4467467,48.04,3143,721868,7.76
2022-02-15,62.92,7.73,29.35,266,6706579,72.12,763,6127581,65.89,938,4468405,48.05,3819,725687,7.8
2022-02-16,62.95,7.72,29.34,179,6706758,72.12,577,6128158,65.9,803,4469208,48.06,2488,728175,7.83
2022-02-17,62.96,7.7,29.34,247,6707005,72.12,740,6128898,65.91,775,4469983,48.07,3061,731236,7.86
2022-02-18,62.98,7.69,29.33,130,6707135,72.13,343,6129241,65.91,441,4470424,48.07,1119,732355,7.88
2022-02-19,62.99,7.69,29.32,33,6707168,72.13,84,6129325,65.91,82,4470506,48.07,80,732435,7.88
2022-02-20,63.01,7.67,29.32,204,6707372,72.13,604,6129929,65.92,723,4471229,48.08,2574,735009,7.9
2022-02-21,63.04,7.65,29.31,173,6707545,72.13,415,6130344,65.92,490,4471719,48.09,1542,736551,7.92
2022-02-22,63.05,7.65,29.3,158,6707703,72.13,455,6130799,65.93,571,4472290,48.09,1871,738422,7.94
2022-02-23,63.06,7.65,29.29,109,6707812,72.13,353,6131152,65.93,453,4472743,48.1,1153,739575,7.95
2022-02-24,63.05,7.66,29.29,138,6707950,72.13,463,6131615,65.94,568,4473311,48.1,1493,741068,7.97
2022-02-25,63.06,7.66,29.28,59,6708009,72.13,144,6131759,65.94,193,4473504,48.11,456,741524,7.97
2022-02-26,63.05,7.67,29.28,17,6708026,72.13,28,6131787,65.94,161,4473665,48.11,35,741559,7.97
2022-02-27,63.05,7.67,29.28,112,6708138,72.14,341,6132128,65.94,448,4474113,48.11,1119,742678,7.99
2022-02-28,63.07,7.65,29.28,108,6708246,72.14,271,6132399,65.94,426,4474539,48.12,908,743586,8
2022-03-01,63.1,7.63,29.27,97,6708343,72.14,281,6132680,65.95,373,4474912,48.12,797,744383,8
2022-03-02,63.11,7.62,29.27,77,6708420,72.14,199,6132879,65.95,324,4475236,48.12,698,745081,8.01
2022-03-03,63.05,7.67,29.27,158,6708578,72.14,371,6133250,65.95,499,4475735,48.13,986,746067,8.02
2022-03-04,63.05,7.68,29.27,54,6708632,72.14,170,6133420,65.96,170,4475905,48.13,228,746295,8.03
2022-03-05,63.04,7.69,29.27,5,6708637,72.14,25,6133445,65.96,44,4475949,48.13,32,746327,8.03
2022-03-06,63.04,7.69,29.27,98,6708735,72.14,259,6133704,65.96,417,4476366,48.14,760,747087,8.03
2022-03-07,63.05,7.69,29.26,88,6708823,72.14,260,6133964,65.96,354,4476720,48.14,605,747692,8.04
2022-03-08,63.04,7.7,29.26,100,6708923,72.14,263,6134227,65.96,333,4477053,48.14,550,748242,8.05
2022-03-09,63.02,7.72,29.25,89,6709012,72.15,213,6134440,65.97,337,4477390,48.15,492,748734,8.05
2022-03-10,63.01,7.74,29.25,115,6709127,72.15,375,6134815,65.97,428,4477818,48.15,620,749354,8.06
2022-03-11,63,7.75,29.25,24,6709151,72.15,85,6134900,65.97,123,4477941,48.15,144,749498,8.06
2022-03-12,62.98,7.77,29.24,11,6709162,72.15,12,6134912,65.97,34,4477975,48.15,28,749526,8.06
2022-03-13,62.98,7.78,29.24,100,6709262,72.15,271,6135183,65.97,359,4478334,48.16,595,750121,8.07
2022-03-14,62.98,7.78,29.24,66,6709328,72.15,253,6135436,65.98,316,4478650,48.16,559,750680,8.07
2022-03-15,62.95,7.81,29.24,80,6709408,72.15,185,6135621,65.98,293,4478943,48.16,591,751271,8.08
2022-03-16,62.94,7.82,29.24,77,6709485,72.15,205,6135826,65.98,305,4479248,48.17,668,751939,8.09
2022-03-17,62.94,7.82,29.24,65,6709550,72.15,122,6135948,65.98,286,4479534,48.17,613,752552,8.09
2022-03-18,62.94,7.82,29.24,20,6709570,72.15,54,6136002,65.98,100,4479634,48.17,234,752786,8.1
2022-03-19,62.89,7.88,29.23,6,6709576,72.15,11,6136013,65.98,29,4479663,48.17,39,752825,8.1
2022-03-20,62.87,7.89,29.23,120,6709696,72.15,260,6136273,65.99,486,4480149,48.18,1431,754256,8.11
2022-03-21,62.87,7.9,29.23,97,6709793,72.15,249,6136522,65.99,379,4480528,48.18,1132,755388,8.12
2022-03-22,62.84,7.94,29.23,141,6709934,72.16,342,6136864,65.99,508,4481036,48.19,1770,757158,8.14
2022-03-23,62.81,7.97,29.22,108,6710042,72.16,212,6137076,66,463,4481499,48.19,1677,758835,8.16
2022-03-24,62.78,8,29.22,175,6710217,72.16,345,6137421,66,769,4482268,48.2,2363,761198,8.19
2022-03-25,62.78,8,29.23,39,6710256,72.16,83,6137504,66,159,4482427,48.2,630,761828,8.19
2022-03-26,62.77,8,29.22,12,6710268,72.16,13,6137517,66,34,4482461,48.2,91,761919,8.19
2022-03-27,62.75,8.02,29.22,168,6710436,72.16,344,6137861,66,760,4483221,48.21,3193,765112,8.23
2022-03-28,62.75,8.03,29.22,113,6710549,72.16,272,6138133,66.01,623,4483844,48.22,2416,767528,8.25
2022-03-29,62.7,8.07,29.22,126,6710675,72.16,260,6138393,66.01,641,4484485,48.22,2772,770300,8.28
2022-03-30,62.81,8.11,29.07,132,6710807,72.16,208,6138601,66.01,542,4485027,48.23,2371,772671,8.31
2022-03-31,62.79,8.11,29.1,166,6710973,72.17,302,6138903,66.01,732,4485759,48.24,2853,775524,8.34
2022-04-01,62.72,8.13,29.15,122,6711095,72.17,161,6139064,66.02,277,4486036,48.24,589,776113,8.35
2022-04-02,62.69,8.15,29.16,7,6711102,72.17,7,6139071,66.02,37,4486073,48.24,52,776165,8.35
2022-04-03,62.65,8.16,29.19,159,6711261,72.17,270,6139341,66.02,569,4486642,48.25,2478,778643,8.37
2022-04-04,62.62,8.16,29.22,103,6711364,72.17,208,6139549,66.02,485,4487127,48.25,2225,780868,8.4
2022-04-05,62.57,8.19,29.25,123,6711487,72.17,221,6139770,66.02,513,4487640,48.26,2243,783111,8.42
2022-04-06,62.55,8.2,29.25,91,6711578,72.17,157,6139927,66.03,382,4488022,48.26,2024,785135,8.44
2022-04-07,62.56,8.2,29.24,191,6711769,72.18,215,6140142,66.03,641,4488663,48.27,2556,787691,8.47
2022-04-08,62.54,8.22,29.23,30,6711799,72.18,61,6140203,66.03,154,4488817,48.27,482,788173,8.48
2022-04-09,62.52,8.25,29.23,6,6711805,72.18,17,6140220,66.03,28,4488845,48.27,47,788220,8.48
2022-04-10,62.51,8.26,29.23,103,6711908,72.18,265,6140485,66.03,429,4489274,48.28,1845,790065,8.5
2022-04-11,62.54,8.26,29.2,78,6711986,72.18,201,6140686,66.03,371,4489645,48.28,1425,791490,8.51
2022-04-12,62.58,8.29,29.12,204,6712190,72.18,168,6140854,66.04,376,4490021,48.28,1361,792851,8.53
2022-04-13,62.58,8.31,29.1,117,6712307,72.18,150,6141004,66.04,299,4490320,48.29,1218,794069,8.54
2022-04-14,62.57,8.33,29.1,85,6712392,72.18,222,6141226,66.04,321,4490641,48.29,1069,795138,8.55
2022-04-15,62.55,8.35,29.1,10,6712402,72.18,51,6141277,66.04,48,4490689,48.29,82,795220,8.55
2022-04-16,62.53,8.37,29.1,3,6712405,72.18,8,6141285,66.04,21,4490710,48.29,29,795249,8.55
2022-04-17,62.52,8.38,29.1,62,6712467,72.18,131,6141416,66.04,229,4490939,48.29,807,796056,8.56
2022-04-18,62.51,8.38,29.1,68,6712535,72.18,109,6141525,66.04,253,4491192,48.3,750,796806,8.57
2022-04-19,62.5,8.4,29.1,62,6712597,72.18,145,6141670,66.04,273,4491465,48.3,842,797648,8.58
2022-04-20,62.48,8.42,29.1,60,6712657,72.18,117,6141787,66.05,235,4491700,48.3,656,798304,8.58
2022-04-21,62.47,8.43,29.1,53,6712710,72.19,109,6141896,66.05,197,4491897,48.3,480,798784,8.59
2022-04-22,62.45,8.44,29.11,3,6712713,72.19,17,6141913,66.05,19,4491916,48.3,20,798804,8.59
2022-04-23,62.43,8.46,29.11,6,6712719,72.19,9,6141922,66.05,17,4491933,48.3,13,798817,8.59
2022-04-24,62.43,8.47,29.1,92,6712811,72.19,250,6142172,66.05,329,4492262,48.31,872,799689,8.6
2022-04-25,62.43,8.47,29.1,104,6712915,72.19,193,6142365,66.05,316,4492578,48.31,739,800428,8.61
2022-04-26,62.42,8.48,29.1,76,6712991,72.19,175,6142540,66.05,304,4492882,48.31,789,801217,8.62
2022-04-27,62.41,8.49,29.1,54,6713045,72.19,160,6142700,66.06,227,4493109,48.32,640,801857,8.62
2022-04-28,62.41,8.5,29.1,97,6713142,72.19,232,6142932,66.06,329,4493438,48.32,872,802729,8.63
2022-04-29,62.39,8.51,29.1,112,6713254,72.19,159,6143091,66.06,184,4493622,48.32,196,802925,8.63
2022-04-30,62.38,8.52,29.1,1,6713255,72.19,3,6143094,66.06,24,4493646,48.32,22,802947,8.63
2022-05-01,62.38,8.53,29.09,135,6713390,72.19,185,6143279,66.06,317,4493963,48.33,630,803577,8.64
2022-05-02,62.37,8.54,29.09,62,6713452,72.19,155,6143434,66.06,235,4494198,48.33,491,804068,8.65
2022-05-03,62.36,8.55,29.09,73,6713525,72.19,151,6143585,66.07,288,4494486,48.33,508,804576,8.65
2022-05-04,62.35,8.57,29.08,23,6713548,72.19,56,6143641,66.07,63,4494549,48.33,129,804705,8.65
2022-05-05,62.34,8.58,29.08,5,6713553,72.19,1,6143642,66.07,8,4494557,48.33,14,804719,8.65
2022-05-06,62.33,8.59,29.08,20,6713573,72.19,59,6143701,66.07,63,4494620,48.33,154,804873,8.66
2022-05-07,62.32,8.6,29.08,1,6713574,72.19,7,6143708,66.07,27,4494647,48.33,24,804897,8.66
2022-05-08,62.31,8.61,29.08,118,6713692,72.2,207,6143915,66.07,270,4494917,48.34,457,805354,8.66
2022-05-09,62.31,8.61,29.08,59,6713751,72.2,162,6144077,66.07,253,4495170,48.34,505,805859,8.67
2022-05-10,62.3,8.62,29.08,131,6713882,72.2,169,6144246,66.07,261,4495431,48.34,508,806367,8.67
2022-05-11,62.3,8.63,29.08,58,6713940,72.2,118,6144364,66.07,183,4495614,48.34,464,806831,8.68
2022-05-12,62.29,8.64,29.07,119,6714059,72.2,200,6144564,66.08,282,4495896,48.35,667,807498,8.68
2022-05-13,62.28,8.65,29.07,11,6714070,72.2,44,6144608,66.08,71,4495967,48.35,110,807608,8.68
2022-05-14,62.26,8.66,29.07,6,6714076,72.2,13,6144621,66.08,14,4495981,48.35,24,807632,8.68
2022-05-15,62.26,8.67,29.07,90,6714166,72.2,175,6144796,66.08,246,4496227,48.35,665,808297,8.69
2022-05-16,62.19,8.65,29.16,68,6714234,72.2,141,6144937,66.08,230,4496457,48.35,510,808807,8.7
2022-05-17,62.18,8.66,29.16,73,6714307,72.2,153,6145090,66.08,267,4496724,48.36,618,809425,8.7
2022-05-18,62.17,8.67,29.16,43,6714350,72.2,99,6145189,66.08,169,4496893,48.36,447,809872,8.71
2022-05-19,62.16,8.68,29.16,62,6714412,72.2,173,6145362,66.08,213,4497106,48.36,499,810371,8.71
2022-05-20,62.15,8.69,29.16,76,6714488,72.2,114,6145476,66.09,130,4497236,48.36,139,810510,8.72
2022-05-21,62.14,8.7,29.16,4,6714492,72.2,7,6145483,66.09,15,4497251,48.36,18,810528,8.72
2022-05-22,62.14,8.71,29.16,85,6714577,72.21,190,6145673,66.09,216,4497467,48.36,427,810955,8.72
2022-05-23,62.14,8.71,29.16,66,6714643,72.21,120,6145793,66.09,157,4497624,48.37,351,811306,8.72
2022-05-24,62.13,8.71,29.15,43,6714686,72.21,119,6145912,66.09,157,4497781,48.37,394,811700,8.73
2022-05-25,62.12,8.72,29.15,61,6714747,72.21,103,6146015,66.09,168,4497949,48.37,337,812037,8.73
2022-05-26,62.11,8.73,29.16,72,6714819,72.21,136,6146151,66.09,186,4498135,48.37,347,812384,8.74
2022-05-27,62.1,8.74,29.16,12,6714831,72.21,30,6146181,66.09,43,4498178,48.37,59,812443,8.74
2022-05-28,62.09,8.75,29.16,2,6714833,72.21,5,6146186,66.09,8,4498186,48.37,12,812455,8.74
2022-05-29,62.09,8.75,29.16,89,6714922,72.21,153,6146339,66.09,163,4498349,48.37,316,812771,8.74
2022-05-30,62.09,8.76,29.16,56,6714978,72.21,134,6146473,66.1,126,4498475,48.37,291,813062,8.74
2022-05-31,62.07,8.78,29.15,45,6715023,72.21,104,6146577,66.1,153,4498628,48.38,352,813414,8.75
2022-06-01,61.95,8.9,29.16,65,6715088,72.21,90,6146667,66.1,119,4498747,48.38,277,813691,8.75
2022-06-02,45.96,24.88,29.15,77,6715165,72.21,156,6146823,66.1,178,4498925,48.38,255,813946,8.75
2022-06-03,45.9,24.95,29.16,10,6715175,72.21,23,6146846,66.1,21,4498946,48.38,33,813979,8.75
2022-06-04,45.84,25,29.16,0,6715175,72.21,7,6146853,66.1,8,4498954,48.38,5,813984,8.75
2022-06-05,45.8,25.05,29.16,11,6715186,72.21,14,6146867,66.1,7,4498961,48.38,2,813986,8.75
2022-06-06,39.96,30.89,29.16,58,6715244,72.21,145,6147012,66.1,161,4499122,48.38,262,814248,8.76
2022-06-07,39.92,30.93,29.15,54,6715298,72.21,134,6147146,66.1,142,4499264,48.38,379,814627,8.76
2022-06-08,39.89,30.96,29.15,59,6715357,72.21,104,6147250,66.1,131,4499395,48.38,497,815124,8.77
2022-06-09,39.86,30.99,29.15,84,6715441,72.21,208,6147458,66.11,234,4499629,48.39,642,815766,8.77
2022-06-10,39.83,31.02,29.15,15,6715456,72.21,51,6147509,66.11,60,4499689,48.39,142,815908,8.77
2022-06-11,39.8,31.05,29.15,0,6715456,72.21,3,6147512,66.11,7,4499696,48.39,19,815927,8.77
2022-06-12,39.8,31.05,29.15,109,6715565,72.22,200,6147712,66.11,192,4499888,48.39,768,816695,8.78
2022-06-13,39.81,31.04,29.15,84,6715649,72.22,142,6147854,66.11,168,4500056,48.39,626,817321,8.79
2022-06-14,39.79,31.06,29.15,116,6715765,72.22,174,6148028,66.11,208,4500264,48.39,759,818080,8.8
2022-06-15,39.78,31.08,29.15,71,6715836,72.22,141,6148169,66.11,207,4500471,48.4,700,818780,8.8
2022-06-16,39.74,31.11,29.14,94,6715930,72.22,136,6148305,66.12,218,4500689,48.4,742,819522,8.81
2022-06-17,39.72,31.14,29.15,16,6715946,72.22,63,6148368,66.12,53,4500742,48.4,125,819647,8.81
2022-06-18,39.68,31.17,29.14,3,6715949,72.22,4,6148372,66.12,11,4500753,48.4,15,819662,8.81
2022-06-19,39.53,31.33,29.15,115,6716064,72.22,208,6148580,66.12,318,4501071,48.4,877,820539,8.82
2022-06-20,33.92,36.85,29.23,99,6716163,72.22,152,6148732,66.12,307,4501378,48.41,924,821463,8.83
2022-06-21,33.58,37.19,29.23,94,6716257,72.22,154,6148886,66.12,375,4501753,48.41,1229,822692,8.85
2022-06-22,33.28,37.49,29.23,110,6716367,72.22,136,6149022,66.12,339,4502092,48.41,894,823586,8.86
2022-06-23,32.84,37.92,29.23,132,6716499,72.23,217,6149239,66.13,525,4502617,48.42,1146,824732,8.87
2022-06-24,32.43,38.34,29.24,19,6716518,72.23,35,6149274,66.13,110,4502727,48.42,208,824940,8.87
2022-06-25,32.04,38.72,29.24,1,6716519,72.23,3,6149277,66.13,13,4502740,48.42,16,824956,8.87
2022-06-26,31.63,39.13,29.24,107,6716626,72.23,158,6149435,66.13,379,4503119,48.42,933,825889,8.88
2022-06-27,31.29,39.47,29.24,86,6716712,72.23,172,6149607,66.13,392,4503511,48.43,1028,826917,8.89
2022-06-28,30.86,39.91,29.24,85,6716797,72.23,151,6149758,66.13,363,4503874,48.43,932,827849,8.9
2022-06-29,30.48,40.28,29.24,76,6716873,72.23,108,6149866,66.13,265,4504139,48.44,816,828665,8.91
2022-06-30,30.05,40.71,29.24,86,6716959,72.23,165,6150031,66.13,355,4504494,48.44,1062,829727,8.92
2022-07-01,29.62,41.14,29.24,22,6716981,72.23,28,6150059,66.13,55,4504549,48.44,80,829807,8.92
2022-07-02,29.2,41.56,29.24,1,6716982,72.23,2,6150061,66.13,8,4504557,48.44,18,829825,8.92
2022-07-03,28.81,41.95,29.24,100,6717082,72.23,178,6150239,66.14,322,4504879,48.44,636,830461,8.93
2022-07-04,28.5,42.26,29.24,76,6717158,72.23,140,6150379,66.14,278,4505157,48.45,749,831210,8.94
2022-07-05,28.06,42.7,29.24,59,6717217,72.23,142,6150521,66.14,302,4505459,48.45,688,831898,8.95
2022-07-06,27.39,43.37,29.24,78,6717295,72.23,124,6150645,66.14,211,4505670,48.45,646,832544,8.95
2022-07-07,26.48,44.28,29.24,82,6717377,72.24,165,6150810,66.14,267,4505937,48.45,721,833265,8.96
2022-07-08,25.47,45.29,29.24,17,6717394,72.24,33,6150843,66.14,69,4506006,48.46,131,833396,8.96
2022-07-09,24.42,46.34,29.24,0,6717394,72.24,1,6150844,66.14,3,4506009,48.46,3,833399,8.96
2022-07-10,23.77,46.99,29.24,90,6717484,72.24,164,6151008,66.14,229,4506238,48.46,470,833869,8.97
2022-07-11,23.22,47.54,29.24,64,6717548,72.24,142,6151150,66.15,248,4506486,48.46,576,834445,8.97
2022-07-12,22.13,48.63,29.24,69,6717617,72.24,129,6151279,66.15,207,4506693,48.46,558,835003,8.98
2022-07-13,21.1,49.66,29.24,44,6717661,72.24,101,6151380,66.15,165,4506858,48.46,488,835491,8.98
2022-07-14,20.12,50.63,29.24,70,6717731,72.24,147,6151527,66.15,208,4507066,48.47,513,836004,8.99
2022-07-15,19.27,51.48,29.25,64,6717795,72.24,88,6151615,66.15,127,4507193,48.47,168,836172,8.99
2022-07-16,18.29,52.46,29.25,0,6717795,72.24,6,6151621,66.15,7,4507200,48.47,8,836180,8.99
2022-07-17,17.83,52.92,29.25,77,6717872,72.24,183,6151804,66.15,241,4507441,48.47,468,836648,9
2022-07-18,17.48,53.26,29.26,62,6717934,72.24,158,6151962,66.16,207,4507648,48.47,511,837159,9
2022-07-19,16.77,53.97,29.26,62,6717996,72.24,147,6152109,66.16,174,4507822,48.47,368,837527,9.01
2022-07-20,16.09,54.64,29.26,51,6718047,72.24,134,6152243,66.16,137,4507959,48.48,423,837950,9.01
2022-07-21,15.43,55.3,29.27,62,6718109,72.24,160,6152403,66.16,176,4508135,48.48,341,838291,9.01
2022-07-22,14.64,56.08,29.28,10,6718119,72.24,36,6152439,66.16,43,4508178,48.48,56,838347,9.02
2022-07-23,14.17,56.55,29.28,0,6718119,72.24,4,6152443,66.16,4,4508182,48.48,9,838356,9.02
2022-07-24,13.55,57.16,29.29,58,6718177,72.24,128,6152571,66.16,197,4508379,48.48,364,838720,9.02
2022-07-25,13.09,57.61,29.3,48,6718225,72.24,107,6152678,66.16,172,4508551,48.48,336,839056,9.02
2022-07-26,12.46,58.23,29.3,47,6718272,72.25,99,6152777,66.16,112,4508663,48.48,270,839326,9.03
2022-07-27,11.89,58.8,29.31,44,6718316,72.25,125,6152902,66.17,132,4508795,48.49,243,839569,9.03
2022-07-28,11.35,59.34,29.31,62,6718378,72.25,143,6153045,66.17,148,4508943,48.49,221,839790,9.03
2022-07-29,10.85,59.83,29.32,10,6718388,72.25,25,6153070,66.17,27,4508970,48.49,31,839821,9.03
2022-07-30,10.34,60.33,29.33,0,6718388,72.25,0,6153070,66.17,1,4508971,48.49,1,839822,9.03
2022-07-31,9.97,60.7,29.33,56,6718444,72.25,134,6153204,66.17,131,4509102,48.49,252,840074,9.03
2022-08-01,9.47,61.19,29.34,54,6718498,72.25,76,6153280,66.17,92,4509194,48.49,152,840226,9.04
2022-08-02,8.92,61.73,29.35,111,6718609,72.25,119,6153399,66.17,157,4509351,48.49,264,840490,9.04
2022-08-03,8.46,62.19,29.35,76,6718685,72.25,71,6153470,66.17,92,4509443,48.49,181,840671,9.04
2022-08-04,8.04,62.61,29.36,133,6718818,72.25,133,6153603,66.17,111,4509554,48.49,246,840917,9.04
2022-08-05,7.71,62.93,29.36,31,6718849,72.25,23,6153626,66.17,13,4509567,48.49,24,840941,9.04
2022-08-06,7.32,63.32,29.36,1,6718850,72.25,2,6153628,66.17,3,4509570,48.49,5,840946,9.04
2022-08-07,6.92,63.71,29.37,89,6718939,72.25,97,6153725,66.17,69,4509639,48.49,169,841115,9.04
2022-08-08,6.74,63.89,29.37,109,6719048,72.25,92,6153817,66.18,92,4509731,48.5,172,841287,9.05
2022-08-09,6.25,64.37,29.38,96,6719144,72.25,90,6153907,66.18,99,4509830,48.5,213,841500,9.05
2022-08-10,5.91,64.71,29.38,77,6719221,72.26,60,6153967,66.18,76,4509906,48.5,115,841615,9.05
2022-08-11,5.59,65.03,29.38,53,6719274,72.26,101,6154068,66.18,92,4509998,48.5,156,841771,9.05
2022-08-12,5.35,65.27,29.38,8,6719282,72.26,12,6154080,66.18,18,4510016,48.5,29,841800,9.05
2022-08-13,5.1,65.52,29.38,0,6719282,72.26,2,6154082,66.18,2,4510018,48.5,3,841803,9.05
2022-08-14,4.87,65.75,29.39,74,6719356,72.26,75,6154157,66.18,82,4510100,48.5,150,841953,9.05
2022-08-15,4.74,65.87,29.39,69,6719425,72.26,80,6154237,66.18,92,4510192,48.5,144,842097,9.06
2022-08-16,4.46,66.15,29.39,82,6719507,72.26,84,6154321,66.18,84,4510276,48.5,187,842284,9.06
2022-08-17,4.16,66.44,29.39,46,6719553,72.26,56,6154377,66.18,36,4510312,48.5,116,842400,9.06
2022-08-18,3.98,66.63,29.39,70,6719623,72.26,93,6154470,66.18,120,4510432,48.5,173,842573,9.06
2022-08-19,3.83,66.78,29.39,79,6719702,72.26,67,6154537,66.18,56,4510488,48.5,38,842611,9.06
2022-08-20,3.67,66.94,29.39,1,6719703,72.26,1,6154538,66.18,3,4510491,48.5,3,842614,9.06
2022-08-21,3.52,67.08,29.4,52,6719755,72.26,85,6154623,66.18,84,4510575,48.5,197,842811,9.06
2022-08-22,3.44,67.16,29.4,89,6719844,72.26,74,6154697,66.18,103,4510678,48.51,144,842955,9.06
2022-08-23,3.27,67.33,29.4,72,6719916,72.26,106,6154803,66.19,84,4510762,48.51,180,843135,9.07
2022-08-24,3.15,67.46,29.4,38,6719954,72.26,80,6154883,66.19,49,4510811,48.51,133,843268,9.07
2022-08-25,3.03,67.57,29.4,53,6720007,72.26,75,6154958,66.19,98,4510909,48.51,193,843461,9.07
2022-08-26,2.94,67.66,29.4,4,6720011,72.26,15,6154973,66.19,9,4510918,48.51,14,843475,9.07
2022-08-27,2.84,67.76,29.4,0,6720011,72.26,0,6154973,66.19,0,4510918,48.51,0,843475,9.07
2022-08-28,2.75,67.85,29.4,55,6720066,72.26,80,6155053,66.19,85,4511003,48.51,102,843577,9.07
2022-08-29,2.69,67.91,29.4,48,6720114,72.26,68,6155121,66.19,89,4511092,48.51,107,843684,9.07
2022-08-30,2.6,68,29.4,85,6720199,72.27,113,6155234,66.19,85,4511177,48.51,131,843815,9.07
2022-08-31,2.53,68.07,29.4,42,6720241,72.27,89,6155323,66.19,70,4511247,48.51,96,843911,9.08
2022-09-01,2.46,68.14,29.4,29,6720270,72.27,84,6155407,66.19,58,4511305,48.51,113,844024,9.08
2022-09-02,2.4,68.2,29.4,6,6720276,72.27,20,6155427,66.19,13,4511318,48.51,10,844034,9.08
2022-09-03,2.33,68.27,29.4,2,6720278,72.27,0,6155427,66.19,3,4511321,48.51,1,844035,9.08
2022-09-04,2.27,68.32,29.4,64,6720342,72.27,133,6155560,66.19,80,4511401,48.51,121,844156,9.08
2022-09-05,2.23,68.37,29.4,44,6720386,72.27,77,6155637,66.19,58,4511459,48.51,90,844246,9.08
2022-09-06,2.17,68.42,29.4,60,6720446,72.27,104,6155741,66.2,78,4511537,48.51,130,844376,9.08
2022-09-07,2.12,68.47,29.4,28,6720474,72.27,63,6155804,66.2,53,4511590,48.52,95,844471,9.08
2022-09-08,2.07,68.53,29.4,50,6720524,72.27,103,6155907,66.2,70,4511660,48.52,77,844548,9.08
2022-09-09,2.03,68.57,29.4,10,6720534,72.27,21,6155928,66.2,16,4511676,48.52,17,844565,9.08
2022-09-10,1.97,68.62,29.4,1,6720535,72.27,0,6155928,66.2,5,4511681,48.52,2,844567,9.08
2022-09-11,1.92,68.67,29.41,39,6720574,72.27,117,6156045,66.2,78,4511759,48.52,116,844683,9.08
2022-09-12,1.88,68.71,29.41,24,6720598,72.27,72,6156117,66.2,52,4511811,48.52,68,844751,9.08
2022-09-13,1.82,68.77,29.41,44,6720642,72.27,113,6156230,66.2,54,4511865,48.52,103,844854,9.09
2022-09-14,1.78,68.82,29.41,21,6720663,72.27,64,6156294,66.2,54,4511919,48.52,62,844916,9.09
2022-09-15,1.73,68.86,29.41,32,6720695,72.27,77,6156371,66.2,63,4511982,48.52,107,845023,9.09
2022-09-16,1.7,68.89,29.41,51,6720746,72.27,52,6156423,66.2,27,4512009,48.52,28,845051,9.09
2022-09-17,1.66,68.93,29.41,3,6720749,72.27,0,6156423,66.2,1,4512010,48.52,0,845051,9.09
2022-09-18,1.63,68.96,29.41,28,6720777,72.27,66,6156489,66.2,52,4512062,48.52,115,845166,9.09
2022-09-19,1.61,68.98,29.41,28,6720805,72.27,74,6156563,66.2,44,4512106,48.52,57,845223,9.09
2022-09-20,1.56,69.03,29.41,41,6720846,72.27,93,6156656,66.21,75,4512181,48.52,102,845325,9.09
2022-09-21,1.55,69.05,29.41,22,6720868,72.27,54,6156710,66.21,29,4512210,48.52,56,845381,9.09
2022-09-22,1.52,69.07,29.4,42,6720910,72.27,56,6156766,66.21,27,4512237,48.52,41,845422,9.09
2022-09-23,1.5,69.1,29.41,7,6720917,72.27,11,6156777,66.21,4,4512241,48.52,1,845423,9.09
2022-09-24,1.47,69.13,29.41,0,6720917,72.27,0,6156777,66.21,1,4512242,48.52,0,845423,9.09
2022-09-25,1.46,69.13,29.41,5,6720922,72.27,20,6156797,66.21,10,4512252,48.52,27,845450,9.09
2022-09-26,1.46,69.13,29.41,0,6720922,72.27,5,6156802,66.21,3,4512255,48.52,2,845452,9.09
2022-09-27,1.42,69.17,29.41,2,6720924,72.27,0,6156802,66.21,3,4512258,48.52,3,845455,9.09
2022-09-28,1.39,69.21,29.41,24,6720948,72.27,36,6156838,66.21,25,4512283,48.52,17,845472,9.09
2022-09-29,1.37,69.22,29.41,32,6720980,72.27,61,6156899,66.21,13,4512296,48.52,48,845520,9.09
2022-09-30,1.35,69.24,29.41,4,6720984,72.27,12,6156911,66.21,2,4512298,48.52,0,845520,9.09
2022-10-01,1.31,69.29,29.41,0,6720984,72.27,1,6156912,66.21,1,4512299,48.52,1,845521,9.09
2022-10-02,1.31,69.29,29.41,28,6721012,72.27,51,6156963,66.21,20,4512319,48.52,73,845594,9.09
2022-10-03,1.31,69.28,29.4,23,6721035,72.27,29,6156992,66.21,13,4512332,48.52,12,845606,9.09
2022-10-04,1.27,69.32,29.4,7,6721042,72.27,11,6157003,66.21,0,4512332,48.52,2,845608,9.09
2022-10-05,1.28,69.31,29.4,1,6721043,72.27,0,6157003,66.21,0,4512332,48.52,1,845609,9.09
2022-10-06,1.31,69.28,29.4,17,6721060,72.28,43,6157046,66.21,10,4512342,48.52,20,845629,9.09
2022-10-07,1.3,69.29,29.41,3,6721063,72.28,3,6157049,66.21,4,4512346,48.52,0,845629,9.09
2022-10-08,1.26,69.33,29.41,1,6721064,72.28,1,6157050,66.21,0,4512346,48.52,1,845630,9.09
2022-10-09,1.31,69.28,29.41,7,6721071,72.28,22,6157072,66.21,6,4512352,48.52,5,845635,9.09
2022-10-10,1.38,69.22,29.4,5,6721076,72.28,2,6157074,66.21,0,4512352,48.52,0,845635,9.09
2022-10-11,1.36,69.24,29.4,12,6721088,72.28,32,6157106,66.21,1,4512353,48.52,32,845667,9.09
2022-10-12,1.34,69.26,29.4,13,6721101,72.28,24,6157130,66.21,5,4512358,48.52,4,845671,9.09
2022-10-13,1.4,69.2,29.4,17,6721118,72.28,16,6157146,66.21,5,4512363,48.52,9,845680,9.09
2022-10-14,1.4,69.2,29.4,6,6721124,72.28,7,6157153,66.21,4,4512367,48.52,3,845683,9.09
2022-10-15,1.38,69.22,29.4,0,6721124,72.28,1,6157154,66.21,0,4512367,48.52,1,845684,9.09
2022-10-16,1.39,69.2,29.4,5,6721129,72.28,13,6157167,66.21,5,4512372,48.52,8,845692,9.09
2022-10-17,1.39,69.2,29.4,1,6721130,72.28,1,6157168,66.21,4,4512376,48.52,1,845693,9.09
2022-10-18,1.43,69.17,29.4,24,6721154,72.28,31,6157199,66.21,14,4512390,48.52,16,845709,9.09
2022-10-19,1.47,69.12,29.4,18,6721172,72.28,25,6157224,66.21,7,4512397,48.52,3,845712,9.09
2022-10-20,1.5,69.1,29.4,26,6721198,72.28,44,6157268,66.21,12,4512409,48.52,4,845716,9.09
2022-10-21,1.5,69.09,29.4,4,6721202,72.28,7,6157275,66.21,2,4512411,48.52,4,845720,9.09
2022-10-22,1.49,69.1,29.4,0,6721202,72.28,0,6157275,66.21,0,4512411,48.52,0,845720,9.09
2022-10-23,1.51,69.08,29.4,15,6721217,72.28,33,6157308,66.21,18,4512429,48.52,10,845730,9.09
2022-10-24,1.51,69.08,29.41,20,6721237,72.28,16,6157324,66.21,19,4512448,48.52,9,845739,9.09
2022-10-25,1.55,69.04,29.4,18,6721255,72.28,34,6157358,66.21,23,4512471,48.52,21,845760,9.09
2022-10-26,1.61,68.99,29.4,18,6721273,72.28,25,6157383,66.21,8,4512479,48.52,10,845770,9.1
2022-10-27,1.67,68.93,29.4,17,6721290,72.28,27,6157410,66.21,14,4512493,48.53,17,845787,9.1
2022-10-28,1.67,68.93,29.4,60,6721350,72.28,51,6157461,66.21,31,4512524,48.53,18,845805,9.1
2022-10-29,1.66,68.94,29.4,0,6721350,72.28,0,6157461,66.21,0,4512524,48.53,0,845805,9.1
2022-10-30,1.71,68.89,29.4,15,6721365,72.28,23,6157484,66.21,15,4512539,48.53,9,845814,9.1
2022-10-31,1.76,68.84,29.4,17,6721382,72.28,16,6157500,66.21,8,4512547,48.53,10,845824,9.1
2022-11-01,1.82,68.78,29.4,3,6721385,72.28,1,6157501,66.21,1,4512548,48.53,0,845824,9.1
2022-11-02,1.88,68.72,29.4,14,6721399,72.28,14,6157515,66.21,7,4512555,48.53,8,845832,9.1
2022-11-03,1.96,68.64,29.4,17,6721416,72.28,18,6157533,66.22,11,4512566,48.53,8,845840,9.1
2022-11-04,1.98,68.63,29.4,4,6721420,72.28,6,6157539,66.22,1,4512567,48.53,2,845842,9.1
2022-11-05,1.97,68.63,29.4,0,6721420,72.28,0,6157539,66.22,0,4512567,48.53,0,845842,9.1
2022-11-06,2.03,68.57,29.4,27,6721447,72.28,33,6157572,66.22,11,4512578,48.53,23,845865,9.1
2022-11-07,2.1,68.51,29.4,15,6721462,72.28,11,6157583,66.22,10,4512588,48.53,54,845919,9.1
2022-11-08,2.1,68.5,29.4,28,6721490,72.28,26,6157609,66.22,14,4512602,48.53,9,845928,9.1
2022-11-09,2.16,68.45,29.4,16,6721506,72.28,20,6157629,66.22,17,4512619,48.53,9,845937,9.1
2022-11-10,2.22,68.39,29.4,28,6721534,72.28,17,6157646,66.22,12,4512631,48.53,6,845943,9.1
2022-11-11,2.23,68.37,29.4,1,6721535,72.28,17,6157663,66.22,2,4512633,48.53,1,845944,9.1
2022-11-12,2.22,68.38,29.4,1,6721536,72.28,0,6157663,66.22,2,4512635,48.53,0,845944,9.1
2022-11-13,2.29,68.31,29.4,29,6721565,72.28,31,6157694,66.22,17,4512652,48.53,8,845952,9.1
2022-11-14,2.37,68.23,29.4,20,6721585,72.28,17,6157711,66.22,21,4512673,48.53,16,845968,9.1
2022-11-15,2.43,68.17,29.4,40,6721625,72.28,25,6157736,66.22,16,4512689,48.53,18,845986,9.1
2022-11-16,2.5,68.1,29.4,14,6721639,72.28,27,6157763,66.22,16,4512705,48.53,11,845997,9.1
2022-11-17,2.59,68.02,29.4,19,6721658,72.28,33,6157796,66.22,18,4512723,48.53,5,846002,9.1
2022-11-18,2.61,67.99,29.4,6,6721664,72.28,4,6157800,66.22,4,4512727,48.53,0,846002,9.1
2022-11-19,2.6,68,29.4,0,6721664,72.28,0,6157800,66.22,0,4512727,48.53,0,846002,9.1
2022-11-20,2.67,67.93,29.4,19,6721683,72.28,20,6157820,66.22,6,4512733,48.53,13,846015,9.1
2022-11-21,2.76,67.85,29.4,14,6721697,72.28,13,6157833,66.22,6,4512739,48.53,7,846022,9.1
2022-11-22,2.83,67.77,29.4,27,6721724,72.28,13,6157846,66.22,17,4512756,48.53,6,846028,9.1
2022-11-23,2.9,67.7,29.4,17,6721741,72.28,21,6157867,66.22,4,4512760,48.53,8,846036,9.1
2022-11-24,2.98,67.62,29.4,9,6721750,72.28,16,6157883,66.22,13,4512773,48.53,27,846063,9.1
2022-11-25,3,67.6,29.4,12,6721762,72.28,51,6157934,66.22,14,4512787,48.53,12,846075,9.1
2022-11-26,3,67.61,29.4,0,6721762,72.28,2,6157936,66.22,0,4512787,48.53,0,846075,9.1
2022-11-27,3.06,67.54,29.4,14,6721776,72.28,15,6157951,66.22,19,4512806,48.53,2,846077,9.1
2022-11-28,3.14,67.47,29.4,8,6721784,72.28,23,6157974,66.22,8,4512814,48.53,6,846083,9.1
2022-11-29,3.2,67.4,29.4,38,6721822,72.28,31,6158005,66.22,19,4512833,48.53,14,846097,9.1
2022-11-30,3.27,67.34,29.39,12,6721834,72.28,25,6158030,66.22,20,4512853,48.53,8,846105,9.1
2022-12-01,3.34,67.26,29.39,13,6721847,72.28,18,6158048,66.22,15,4512868,48.53,4,846109,9.1
2022-12-02,3.36,67.24,29.39,2,6721849,72.28,7,6158055,66.22,4,4512872,48.53,10,846119,9.1
2022-12-03,3.36,67.24,29.39,0,6721849,72.28,0,6158055,66.22,0,4512872,48.53,1,846120,9.1
2022-12-04,3.42,67.18,29.39,38,6721887,72.28,27,6158082,66.22,30,4512902,48.53,26,846146,9.1
2022-12-05,3.48,67.12,29.4,9,6721896,72.28,17,6158099,66.22,11,4512913,48.53,21,846167,9.1
2022-12-06,3.55,67.06,29.39,32,6721928,72.28,26,6158125,66.22,27,4512940,48.53,8,846175,9.1
2022-12-07,3.62,66.99,29.39,10,6721938,72.28,17,6158142,66.22,8,4512948,48.53,8,846183,9.1
2022-12-08,3.69,66.91,29.39,19,6721957,72.28,31,6158173,66.22,15,4512963,48.53,3,846186,9.1
2022-12-09,3.71,66.9,29.39,4,6721961,72.28,1,6158174,66.22,1,4512964,48.53,7,846193,9.1
2022-12-10,3.7,66.91,29.39,1,6721962,72.28,0,6158174,66.22,2,4512966,48.53,0,846193,9.1
2022-12-11,3.76,66.84,29.39,16,6721978,72.28,22,6158196,66.22,15,4512981,48.53,16,846209,9.1
2022-12-12,3.82,66.78,29.39,15,6721993,72.28,14,6158210,66.22,5,4512986,48.53,0,846209,9.1
2022-12-13,3.87,66.73,29.39,17,6722010,72.29,44,6158254,66.22,18,4513004,48.53,13,846222,9.1
2022-12-14,3.92,66.69,29.39,17,6722027,72.29,16,6158270,66.22,7,4513011,48.53,3,846225,9.1
2022-12-15,3.97,66.64,29.39,22,6722049,72.29,19,6158289,66.22,7,4513018,48.53,12,846237,9.1
2022-12-16,3.98,66.62,29.39,12,6722061,72.29,4,6158293,66.22,1,4513019,48.53,0,846237,9.1
2022-12-17,3.97,66.63,29.39,0,6722061,72.29,0,6158293,66.22,0,4513019,48.53,0,846237,9.1
2022-12-18,4.01,66.59,29.39,9,6722070,72.29,18,6158311,66.22,8,4513027,48.53,3,846240,9.1
2022-12-19,4.06,66.54,29.4,7,6722077,72.29,14,6158325,66.22,12,4513039,48.53,1,846241,9.1
2022-12-20,4.1,66.51,29.39,12,6722089,72.29,17,6158342,66.22,2,4513041,48.53,2,846243,9.1
2022-12-21,4.14,66.47,29.39,9,6722098,72.29,14,6158356,66.22,13,4513054,48.53,3,846246,9.1
2022-12-22,4.18,66.42,29.39,4,6722102,72.29,10,6158366,66.22,14,4513068,48.53,1,846247,9.1
2022-12-23,4.19,66.42,29.39,10,6722112,72.29,0,6158366,66.22,2,4513070,48.53,0,846247,9.1
2022-12-24,4.18,66.43,29.39,0,6722112,72.29,0,6158366,66.22,0,4513070,48.53,0,846247,9.1
2022-12-25,4.21,66.4,29.39,6,6722118,72.29,17,6158383,66.22,1,4513071,48.53,2,846249,9.1
2022-12-26,4.24,66.36,29.39,17,6722135,72.29,6,6158389,66.22,13,4513084,48.53,0,846249,9.1
2022-12-27,4.25,66.36,29.39,24,6722159,72.29,24,6158413,66.22,17,4513101,48.53,7,846256,9.1
2022-12-28,4.26,66.34,29.39,17,6722176,72.29,18,6158431,66.22,25,4513126,48.53,64,846320,9.1
2022-12-29,4.28,66.33,29.39,15,6722191,72.29,23,6158454,66.22,14,4513140,48.53,4,846324,9.1
2022-12-30,4.27,66.33,29.4,4,6722195,72.29,5,6158459,66.22,3,4513143,48.53,1,846325,9.1
2022-12-31,4.26,66.35,29.4,0,6722195,72.29,1,6158460,66.22,0,4513143,48.53,0,846325,9.1
2023-01-01,4.27,66.33,29.4,8,6722203,72.29,23,6158483,66.23,2,4513145,48.53,1,846326,9.1
2023-01-02,4.29,66.31,29.4,10,6722213,72.29,8,6158491,66.23,3,4513148,48.53,1,846327,9.1
2023-01-03,4.3,66.3,29.4,20,6722233,72.29,17,6158508,66.23,7,4513155,48.53,4,846331,9.1
2023-01-04,4.3,66.3,29.4,7,6722240,72.29,11,6158519,66.23,4,4513159,48.53,2,846333,9.1
2023-01-05,4.31,66.29,29.39,14,6722254,72.29,19,6158538,66.23,13,4513172,48.53,4,846337,9.1
2023-01-06,4.31,66.29,29.4,2,6722256,72.29,1,6158539,66.23,1,4513173,48.53,0,846337,9.1
2023-01-07,4.3,66.31,29.4,1,6722257,72.29,0,6158539,66.23,0,4513173,48.53,0,846337,9.1
2023-01-08,4.33,66.28,29.4,15,6722272,72.29,33,6158572,66.23,10,4513183,48.53,2,846339,9.1
2023-01-09,4.34,66.26,29.4,12,6722284,72.29,20,6158592,66.23,1,4513184,48.53,1,846340,9.1
2023-01-10,4.35,66.25,29.4,39,6722323,72.29,27,6158619,66.23,10,4513194,48.53,4,846344,9.1
2023-01-11,4.36,66.25,29.4,15,6722338,72.29,17,6158636,66.23,11,4513205,48.53,2,846346,9.1
2023-01-12,4.37,66.24,29.39,23,6722361,72.29,20,6158656,66.23,12,4513217,48.53,2,846348,9.1
2023-01-13,4.36,66.24,29.4,3,6722364,72.29,2,6158658,66.23,0,4513217,48.53,0,846348,9.1
2023-01-14,4.35,66.25,29.4,1,6722365,72.29,0,6158658,66.23,0,4513217,48.53,0,846348,9.1
2023-01-15,4.36,66.24,29.4,17,6722382,72.29,17,6158675,66.23,4,4513221,48.53,3,846351,9.1
2023-01-16,4.38,66.22,29.4,9,6722391,72.29,15,6158690,66.23,6,4513227,48.53,0,846351,9.1
2023-01-17,4.38,66.22,29.4,15,6722406,72.29,15,6158705,66.23,6,4513233,48.53,1,846352,9.1
2023-01-18,4.39,66.21,29.4,7,6722413,72.29,8,6158713,66.23,4,4513237,48.53,1,846353,9.1
2023-01-19,4.4,66.2,29.4,13,6722426,72.29,15,6158728,66.23,2,4513239,48.53,4,846357,9.1
2023-01-20,4.39,66.2,29.4,5,6722431,72.29,2,6158730,66.23,0,4513239,48.53,1,846358,9.1
2023-01-21,4.39,66.21,29.4,0,6722431,72.29,1,6158731,66.23,0,4513239,48.53,0,846358,9.1
2023-01-22,4.4,66.2,29.4,9,6722440,72.29,3,6158734,66.23,8,4513247,48.53,4,846362,9.1
2023-01-23,4.41,66.19,29.4,11,6722451,72.29,5,6158739,66.23,6,4513253,48.53,0,846362,9.1
2023-01-24,4.41,66.19,29.4,21,6722472,72.29,21,6158760,66.23,11,4513264,48.53,2,846364,9.1
2023-01-25,4.41,66.18,29.4,5,6722477,72.29,5,6158765,66.23,0,4513264,48.53,2,846366,9.1
2023-01-26,4.42,66.18,29.4,10,6722487,72.29,15,6158780,66.23,9,4513273,48.53,2,846368,9.1
2023-01-27,4.41,66.18,29.4,0,6722487,72.29,9,6158789,66.23,0,4513273,48.53,0,846368,9.1
2023-01-28,4.41,66.19,29.4,0,6722487,72.29,0,6158789,66.23,0,4513273,48.53,0,846368,9.1
2023-01-29,4.41,66.19,29.41,11,6722498,72.29,9,6158798,66.23,5,4513278,48.53,2,846370,9.1
2023-01-30,4.42,66.17,29.41,9,6722507,72.29,17,6158815,66.23,2,4513280,48.53,1,846371,9.1
2023-01-31,4.42,66.17,29.41,21,6722528,72.29,23,6158838,66.23,2,4513282,48.53,1,846372,9.1
2023-02-01,4.32,64.71,30.96,10,6722538,72.29,11,6158849,66.23,4,4513286,48.53,0,846372,9.1
2023-02-02,4.33,64.71,30.96,17,6722555,72.29,34,6158883,66.23,3,4513289,48.53,0,846372,9.1
2023-02-03,4.32,64.71,30.97,3,6722558,72.29,1,6158884,66.23,0,4513289,48.53,1,846373,9.1
2023-02-04,4.32,64.72,30.97,0,6722558,72.29,0,6158884,66.23,0,4513289,48.53,0,846373,9.1
2023-02-05,4.32,64.71,30.97,18,6722576,72.29,10,6158894,66.23,6,4513295,48.53,4,846377,9.1
2023-02-06,4.33,64.7,30.97,17,6722593,72.29,13,6158907,66.23,4,4513299,48.53,0,846377,9.1
2023-02-07,4.33,64.7,30.97,22,6722615,72.29,22,6158929,66.23,8,4513307,48.53,2,846379,9.1
2023-02-08,4.33,64.7,30.97,15,6722630,72.29,15,6158944,66.23,1,4513308,48.53,0,846379,9.1
2023-02-09,4.33,64.7,30.97,35,6722665,72.29,34,6158978,66.23,5,4513313,48.53,2,846381,9.1
2023-02-10,4.33,64.7,30.97,2,6722667,72.29,3,6158981,66.23,2,4513315,48.53,0,846381,9.1
2023-02-11,4.33,64.7,30.97,2,6722669,72.29,1,6158982,66.23,0,4513315,48.53,0,846381,9.1
2023-02-12,4.33,64.7,30.97,15,6722684,72.29,22,6159004,66.23,3,4513318,48.53,2,846383,9.1
2023-02-13,4.33,64.7,30.97,14,6722698,72.29,19,6159023,66.23,10,4513328,48.53,2,846385,9.1
2023-02-14,4.33,64.7,30.97,20,6722718,72.29,8,6159031,66.23,7,4513335,48.53,5,846390,9.1
2023-02-15,4.33,64.7,30.97,10,6722728,72.29,17,6159048,66.23,3,4513338,48.53,0,846390,9.1
2023-02-16,4.33,64.7,30.97,22,6722750,72.29,24,6159072,66.23,2,4513340,48.53,0,846390,9.1
2023-02-17,4.33,64.7,30.97,5,6722755,72.29,2,6159074,66.23,1,4513341,48.53,0,846390,9.1
2023-02-18,4.33,64.7,30.97,0,6722755,72.29,1,6159075,66.23,0,4513341,48.53,0,846390,9.1
2023-02-19,4.33,64.7,30.98,16,6722771,72.29,15,6159090,66.23,3,4513344,48.53,0,846390,9.1
2023-02-20,4.33,64.69,30.98,9,6722780,72.29,10,6159100,66.23,1,4513345,48.53,0,846390,9.1
2023-02-21,4.33,64.69,30.98,39,6722819,72.29,19,6159119,66.23,6,4513351,48.53,1,846391,9.1
2023-02-22,4.33,64.7,30.98,3,6722822,72.29,9,6159128,66.23,8,4513359,48.53,0,846391,9.1
2023-02-23,4.33,64.7,30.97,13,6722835,72.29,23,6159151,66.23,5,4513364,48.53,2,846393,9.1
2023-02-24,4.33,64.7,30.98,0,6722835,72.29,6,6159157,66.23,1,4513365,48.53,0,846393,9.1
2023-02-25,4.32,64.7,30.98,3,6722838,72.29,0,6159157,66.23,1,4513366,48.53,0,846393,9.1
2023-02-26,4.32,64.7,30.98,11,6722849,72.29,21,6159178,66.23,1,4513367,48.53,1,846394,9.1
2023-02-27,4.32,64.7,30.98,11,6722860,72.29,26,6159204,66.23,2,4513369,48.53,2,846396,9.1
2023-02-28,4.32,64.7,30.98,7,6722867,72.29,21,6159225,66.23,4,4513373,48.53,2,846398,9.1
2023-03-01,4.32,64.7,30.98,3,6722870,72.29,15,6159240,66.23,1,4513374,48.53,0,846398,9.1
2023-03-02,4.32,64.7,30.98,8,6722878,72.29,36,6159276,66.23,4,4513378,48.53,0,846398,9.1
2023-03-03,4.32,64.7,30.98,2,6722880,72.29,3,6159279,66.23,0,4513378,48.53,0,846398,9.1
2023-03-04,4.32,64.71,30.98,2,6722882,72.29,2,6159281,66.23,0,4513378,48.53,0,846398,9.1
2023-03-05,4.32,64.7,30.98,14,6722896,72.29,31,6159312,66.23,2,4513380,48.53,2,846400,9.1
2023-03-06,4.32,64.7,30.98,17,6722913,72.29,25,6159337,66.23,3,4513383,48.53,0,846400,9.1
2023-03-07,4.32,64.7,30.98,8,6722921,72.3,7,6159344,66.23,2,4513385,48.53,0,846400,9.1
2023-03-08,4.32,64.7,30.98,1,6722922,72.3,22,6159366,66.23,3,4513388,48.53,0,846400,9.1
2023-03-09,4.32,64.71,30.98,15,6722937,72.3,46,6159412,66.24,8,4513396,48.53,0,846400,9.1
2023-03-10,4.31,64.71,30.98,2,6722939,72.3,1,6159413,66.24,2,4513398,48.53,0,846400,9.1
2023-03-11,4.31,64.71,30.98,0,6722939,72.3,0,6159413,66.24,0,4513398,48.53,0,846400,9.1
2023-03-12,4.31,64.71,30.98,10,6722949,72.3,21,6159434,66.24,4,4513402,48.53,1,846401,9.1
2023-03-13,4.31,64.71,30.98,6,6722955,72.3,8,6159442,66.24,1,4513403,48.53,0,846401,9.1
2023-03-14,4.31,64.71,30.98,14,6722969,72.3,15,6159457,66.24,1,4513404,48.53,1,846402,9.1
2023-03-15,4.31,64.71,30.98,4,6722973,72.3,9,6159466,66.24,2,4513406,48.53,0,846402,9.1
2023-03-16,4.31,64.71,30.98,8,6722981,72.3,30,6159496,66.24,2,4513408,48.54,2,846404,9.1
2023-03-17,4.31,64.71,30.98,0,6722981,72.3,4,6159500,66.24,0,4513408,48.54,0,846404,9.1
2023-03-18,4.3,64.71,30.98,0,6722981,72.3,0,6159500,66.24,0,4513408,48.54,0,846404,9.1
2023-03-19,4.3,64.71,30.99,4,6722985,72.3,27,6159527,66.24,4,4513412,48.54,0,846404,9.1
2023-03-20,4.3,64.71,30.99,5,6722990,72.3,21,6159548,66.24,4,4513416,48.54,0,846404,9.1
2023-03-21,4.3,64.71,30.99,14,6723004,72.3,21,6159569,66.24,6,4513422,48.54,0,846404,9.1
2023-03-22,4.3,64.71,30.99,2,6723006,72.3,8,6159577,66.24,0,4513422,48.54,0,846404,9.1
2023-03-23,4.3,64.71,30.99,7,6723013,72.3,11,6159588,66.24,2,4513424,48.54,0,846404,9.1
2023-03-24,4.3,64.71,30.99,0,6723013,72.3,2,6159590,66.24,0,4513424,48.54,1,846405,9.1
2023-03-25,4.3,64.71,30.99,0,6723013,72.3,0,6159590,66.24,0,4513424,48.54,0,846405,9.1
2023-03-26,4.3,64.71,30.99,4,6723017,72.3,15,6159605,66.24,4,4513428,48.54,3,846408,9.1
2023-03-27,4.3,64.71,31,1,6723018,72.3,12,6159617,66.24,1,4513429,48.54,0,846408,9.1
2023-03-28,4.29,64.71,31,4,6723022,72.3,16,6159633,66.24,0,4513429,48.54,0,846408,9.1
2023-03-29,4.29,64.71,31,2,6723024,72.3,10,6159643,66.24,5,4513434,48.54,0,846408,9.1
2023-03-30,4.29,64.71,31,10,6723034,72.3,18,6159661,66.24,1,4513435,48.54,1,846409,9.1
2023-03-31,4.29,64.71,31,0,6723034,72.3,0,6159661,66.24,1,4513436,48.54,0,846409,9.1
2023-04-01,4.27,64.73,31,0,6723034,72.3,0,6159661,66.24,0,4513436,48.54,0,846409,9.1
2023-04-02,4.25,64.75,31,7,6723041,72.3,10,6159671,66.24,1,4513437,48.54,0,846409,9.1
2023-04-03,4.26,64.74,31,1,6723042,72.3,7,6159678,66.24,2,4513439,48.54,0,846409,9.1
2023-04-04,4.24,64.75,31,2,6723044,72.3,7,6159685,66.24,5,4513444,48.54,0,846409,9.1
2023-04-05,4.24,64.76,31,2,6723046,72.3,5,6159690,66.24,1,4513445,48.54,0,846409,9.1
2023-04-06,4.24,64.76,31,0,6723046,72.3,2,6159692,66.24,0,4513445,48.54,0,846409,9.1
2023-04-07,4.2,64.8,31,0,6723046,72.3,4,6159696,66.24,0,4513445,48.54,0,846409,9.1
2023-04-08,4.14,64.86,31,0,6723046,72.3,0,6159696,66.24,0,4513445,48.54,0,846409,9.1
2023-04-09,4.12,64.87,31,2,6723048,72.3,8,6159704,66.24,0,4513445,48.54,0,846409,9.1
2023-04-10,4.12,64.87,31,1,6723049,72.3,6,6159710,66.24,0,4513445,48.54,0,846409,9.1
2023-04-11,4.07,64.93,31,6,6723055,72.3,6,6159716,66.24,0,4513445,48.54,0,846409,9.1
2023-04-12,4.01,64.99,31,0,6723055,72.3,1,6159717,66.24,0,4513445,48.54,0,846409,9.1
2023-04-13,3.99,65,31,7,6723062,72.3,10,6159727,66.24,1,4513446,48.54,0,846409,9.1
2023-04-14,3.99,65,31,2,6723064,72.3,1,6159728,66.24,0,4513446,48.54,0,846409,9.1
2023-04-15,3.91,65.09,31,0,6723064,72.3,1,6159729,66.24,0,4513446,48.54,0,846409,9.1
2023-04-16,3.9,65.1,31,4,6723068,72.3,14,6159743,66.24,6,4513452,48.54,1,846410,9.1
2023-04-17,3.9,65.1,31,4,6723072,72.3,5,6159748,66.24,4,4513456,48.54,0,846410,9.1
2023-04-18,3.87,65.12,31,8,6723080,72.3,7,6159755,66.24,0,4513456,48.54,0,846410,9.1
2023-04-19,3.87,65.12,31,4,6723084,72.3,7,6159762,66.24,0,4513456,48.54,0,846410,9.1
2023-04-20,3.82,65.17,31,4,6723088,72.3,11,6159773,66.24,1,4513457,48.54,2,846412,9.1
2023-04-21,3.77,65.22,31.01,2,6723090,72.3,0,6159773,66.24,0,4513457,48.54,0,846412,9.1
2023-04-22,3.73,65.27,31.01,0,6723090,72.3,0,6159773,66.24,0,4513457,48.54,0,846412,9.1
2023-04-23,3.71,65.28,31.01,1,6723091,72.3,6,6159779,66.24,1,4513458,48.54,2,846414,9.1
2023-04-24,3.71,65.28,31.01,5,6723096,72.3,10,6159789,66.24,0,4513458,48.54,2,846416,9.1
2023-04-25,3.69,65.3,31.01,2,6723098,72.3,0,6159789,66.24,1,4513459,48.54,0,846416,9.1
2023-04-26,3.69,65.3,31.01,0,6723098,72.3,0,6159789,66.24,0,4513459,48.54,0,846416,9.1
2023-04-27,3.64,65.35,31.01,3,6723101,72.3,4,6159793,66.24,1,4513460,48.54,0,846416,9.1
2023-04-28,3.57,65.42,31.01,0,6723101,72.3,2,6159795,66.24,0,4513460,48.54,0,846416,9.1
2023-04-29,3.5,65.49,31.01,0,6723101,72.3,0,6159795,66.24,0,4513460,48.54,0,846416,9.1
2023-04-30,3.49,65.51,31.01,5,6723106,72.3,10,6159805,66.24,0,4513460,48.54,2,846418,9.1
2023-05-01,3.49,65.5,31.01,1,6723107,72.3,5,6159810,66.24,1,4513461,48.54,0,846418,9.1
2023-05-02,3.44,65.56,31.01,10,6723117,72.3,10,6159820,66.24,1,4513462,48.54,0,846418,9.1
2023-05-03,3.38,65.61,31.01,1,6723118,72.3,2,6159822,66.24,1,4513463,48.54,0,846418,9.1
2023-05-04,3.31,65.68,31.01,1,6723119,72.3,3,6159825,66.24,0,4513463,48.54,0,846418,9.1
2023-05-05,3.24,65.75,31.01,0,6723119,72.3,0,6159825,66.24,0,4513463,48.54,0,846418,9.1
2023-05-06,3.15,65.84,31.01,0,6723119,72.3,0,6159825,66.24,0,4513463,48.54,0,846418,9.1
