Date,Valid vaccinated pop. perc.,Expired vaccinated pop. perc.,Not vaccinated pop. perc.,Vaccinated (daily),Vaccinated (cumu),Vaccinated pop. perc.,Second dose (daily),Second dose (cumu),Second dose pop. perc.,Third dose (daily),Third dose (cumu),Third dose pop. perc.,Fourth dose (daily),Fourth dose (cumu),Fourth dose pop. perc.
2020-12-19,0,0,100,46,71,0,0,4,0,0,0,0,0,0,0
2020-12-20,0,0,100,7396,7467,0.08,0,4,0,0,0,0,0,0,0
2020-12-21,0,0,100,24923,32390,0.35,0,4,0,0,0,0,0,0,0
2020-12-22,0,0,100,44669,77059,0.83,0,4,0,0,0,0,0,0,0
2020-12-23,0,0,100,62918,139977,1.51,0,4,0,0,0,0,0,0,0
2020-12-24,0,0,100,73432,213409,2.29,0,4,0,0,0,0,0,0,0
2020-12-25,0,0,100,38518,251927,2.71,0,4,0,0,0,0,0,0,0
2020-12-26,0,0,100,32618,284545,3.06,0,4,0,0,0,0,0,0,0
2020-12-27,0,0,100,104576,389121,4.18,0,4,0,0,0,0,0,0,0
2020-12-28,0,0,100,135043,524164,5.64,0,4,0,0,0,0,0,0,0
2020-12-29,0,0,100,156343,680507,7.32,2,6,0,0,0,0,0,0,0
2020-12-30,0,0,100,153192,833699,8.97,0,6,0,0,0,0,0,0,0
2020-12-31,0,0,100,158601,992300,10.67,0,6,0,0,0,0,0,0,0
2021-01-01,0,0,100,71437,1063737,11.44,0,6,0,0,0,0,0,0,0
2021-01-02,0,0,100,71745,1135482,12.21,0,6,0,0,0,0,0,0,0
2021-01-03,0,0,100,149769,1285251,13.82,0,6,0,0,0,0,0,0,0
2021-01-04,0,0,100,152210,1437461,15.46,1,7,0,0,0,0,0,0,0
2021-01-05,0,0,100,125222,1562683,16.8,4,11,0,0,0,0,0,0,0
2021-01-06,0,0,100,103376,1666059,17.92,2,13,0,0,0,0,0,0,0
2021-01-07,0,0,100,116065,1782124,19.16,9,22,0,0,0,0,0,0,0
2021-01-08,0,0,100,66465,1848589,19.88,5,27,0,0,0,0,0,0,0
2021-01-09,0,0,100,44554,1893143,20.36,24,51,0,0,0,0,0,0,0
2021-01-10,0,0,100,37649,1930792,20.76,6001,6052,0.07,0,0,0,0,0,0
2021-01-11,0,0,100,21176,1951968,20.99,19264,25316,0.27,0,0,0,0,0,0
2021-01-12,0,0,100,24077,1976045,21.25,35674,60990,0.66,0,0,0,0,0,0
2021-01-13,0,0,100,52079,2028124,21.81,56873,117863,1.27,0,0,0,0,0,0
2021-01-14,0,0,100,56480,2084604,22.42,68839,186702,2.01,0,0,0,0,0,0
2021-01-15,0,0,100,30776,2115380,22.75,35943,222645,2.39,0,0,0,0,0,0
2021-01-16,0,0,100,29481,2144861,23.06,26007,248652,2.67,0,0,0,0,0,0
2021-01-17,0.31,0,99.69,68446,2213307,23.8,84598,333250,3.58,0,0,0,0,0,0
2021-01-18,0.58,0,99.42,69820,2283127,24.55,120439,453689,4.88,0,0,0,0,0,0
2021-01-19,1.09,0,98.91,72896,2356023,25.34,137853,591542,6.36,0,0,0,0,0,0
2021-01-20,1.9,0,98.1,76919,2432942,26.16,143769,735311,7.91,0,0,0,0,0,0
2021-01-21,2.88,0,97.12,70011,2502953,26.92,164478,899789,9.68,0,0,0,0,0,0
2021-01-22,3.39,0,96.61,37933,2540886,27.32,71135,970924,10.44,0,0,0,0,0,0
2021-01-23,3.77,0,96.23,39966,2580852,27.75,53598,1024522,11.02,0,0,0,0,0,0
2021-01-24,4.96,0,95.04,69148,2650000,28.5,140712,1165234,12.53,0,0,0,0,0,0
2021-01-25,6.61,0,93.39,80943,2730943,29.37,139525,1304759,14.03,0,0,0,0,0,0
2021-01-26,8.45,0,91.55,78739,2809682,30.21,126447,1431206,15.39,0,0,0,0,0,0
2021-01-27,10.34,0,89.66,77985,2887667,31.05,125074,1556280,16.74,0,0,0,0,0,0
2021-01-28,12.43,0,87.57,79572,2967239,31.91,130633,1686913,18.14,0,0,0,0,0,0
2021-01-29,13.34,0,86.66,36704,3003943,32.3,64794,1751707,18.84,0,0,0,0,0,0
2021-01-30,14.02,0,85.98,34395,3038338,32.67,42767,1794474,19.3,0,0,0,0,0,0
2021-01-31,15.76,0,84.24,73333,3111671,33.46,59504,1853978,19.94,0,0,0,0,0,0
2021-02-01,17.48,0,82.52,82518,3194189,34.35,35358,1889336,20.32,0,0,0,0,0,0
2021-02-02,19.01,0,80.99,70109,3264298,35.1,31074,1920410,20.65,0,0,0,0,0,0
2021-02-03,20.47,0,79.53,60310,3324608,35.75,51445,1971855,21.2,0,0,0,0,0,0
2021-02-04,22,0,78,72640,3397248,36.53,58096,2029951,21.83,0,0,0,0,0,0
2021-02-05,22.75,0,77.25,33947,3431195,36.9,28807,2058758,22.14,0,0,0,0,0,0
2021-02-06,23.23,0,76.77,21623,3452818,37.13,22233,2080991,22.38,0,0,0,0,0,0
2021-02-07,23.99,0,76.01,54081,3506899,37.71,68745,2149736,23.12,0,0,0,0,0,0
2021-02-08,24.52,0,75.48,58644,3565543,38.34,65468,2215204,23.82,0,0,0,0,0,0
2021-02-09,25.04,0,74.96,66361,3631904,39.06,67581,2282785,24.55,0,0,0,0,0,0
2021-02-10,25.77,0,74.23,70571,3702475,39.81,72316,2355101,25.33,0,0,0,0,0,0
2021-02-11,26.61,0,73.39,81176,3783651,40.69,72115,2427216,26.1,0,0,0,0,0,0
2021-02-12,27.02,0,72.98,39110,3822761,41.11,37600,2464816,26.51,0,0,0,0,0,0
2021-02-13,27.33,0,72.67,27466,3850227,41.4,30441,2495257,26.83,0,0,0,0,0,0
2021-02-14,28.25,0,71.75,74917,3925144,42.21,69085,2564342,27.58,0,0,0,0,0,0
2021-02-15,29.17,0,70.83,81551,4006695,43.09,75722,2640064,28.39,0,0,0,0,0,0
2021-02-16,30.11,0,69.89,83422,4090117,43.98,78303,2718367,29.23,0,0,0,0,0,0
2021-02-17,31.01,0,68.99,61984,4152101,44.65,75646,2794013,30.05,0,0,0,0,0,0
2021-02-18,31.94,0,68.06,69160,4221261,45.39,79740,2873753,30.9,0,0,0,0,0,0
2021-02-19,32.45,0,67.55,39676,4260937,45.82,38162,2911915,31.31,0,0,0,0,0,0
2021-02-20,32.85,0,67.15,31652,4292589,46.16,28723,2940638,31.62,0,0,0,0,0,0
2021-02-21,33.8,0,66.2,79437,4372026,47.01,78449,3019087,32.47,0,0,0,0,0,0
2021-02-22,34.83,0,65.17,85056,4457082,47.93,80603,3099690,33.33,0,0,0,0,0,0
2021-02-23,35.84,0,64.16,77333,4534415,48.76,70487,3170177,34.09,0,0,0,0,0,0
2021-02-24,36.76,0,63.24,61068,4595483,49.42,63147,3233324,34.77,0,0,0,0,0,0
2021-02-25,37.66,0,62.34,51730,4647213,49.97,64810,3298134,35.47,0,0,0,0,0,0
2021-02-26,38.1,0,61.9,25913,4673126,50.25,32047,3330181,35.81,0,0,0,0,0,0
2021-02-27,38.42,0,61.58,18353,4691479,50.45,21198,3351379,36.04,0,0,0,0,0,0
2021-02-28,39.24,0,60.76,40365,4731844,50.88,55874,3407253,36.64,0,0,0,0,0,0
2021-03-01,40.1,0,59.9,45752,4777596,51.38,61445,3468698,37.3,0,0,0,0,0,0
2021-03-02,40.85,0,59.15,41203,4818799,51.82,64803,3533501,38,0,0,0,0,0,0
2021-03-03,41.55,0,58.45,42035,4860834,52.27,66794,3600295,38.72,0,0,0,0,0,0
2021-03-04,42.24,0,57.76,39722,4900556,52.7,79127,3679422,39.57,0,0,0,0,0,0
2021-03-05,42.57,0,57.43,17369,4917925,52.88,40470,3719892,40,0,0,0,0,0,0
2021-03-06,42.78,0,57.22,10723,4928648,53,25349,3745241,40.27,0,0,0,0,0,0
2021-03-07,43.36,0,56.64,31157,4959805,53.34,72848,3818089,41.06,0,0,0,0,0,0
2021-03-08,43.97,0,56.03,27387,4987192,53.63,73296,3891385,41.85,0,0,0,0,0,0
2021-03-09,44.62,0,55.38,26756,5013948,53.92,76605,3967990,42.67,0,0,0,0,0,0
2021-03-10,45.27,0,54.73,23373,5037321,54.17,58684,4026674,43.3,0,0,0,0,0,0
2021-03-11,45.99,0,54.01,23308,5060629,54.42,69098,4095772,44.04,0,0,0,0,0,0
2021-03-12,46.34,0,53.66,11297,5071926,54.54,41419,4137191,44.49,0,0,0,0,0,0
2021-03-13,46.57,0,53.43,7955,5079881,54.63,25240,4162431,44.76,0,0,0,0,0,0
2021-03-14,47.2,0,52.8,20991,5100872,54.85,73937,4236368,45.56,0,0,0,0,0,0
2021-03-15,47.81,0,52.19,20152,5121024,55.07,78282,4314650,46.4,0,0,0,0,0,0
2021-03-16,48.43,0,51.57,18759,5139783,55.27,71482,4386132,47.17,0,0,0,0,0,0
2021-03-17,48.92,0,51.08,17705,5157488,55.46,59011,4445143,47.8,0,0,0,0,0,0
2021-03-18,49.45,0,50.55,16050,5173538,55.63,58126,4503269,48.43,0,0,0,0,0,0
2021-03-19,49.75,0,50.25,6958,5180496,55.71,27981,4531250,48.73,0,0,0,0,0,0
2021-03-20,49.93,0,50.07,5229,5185725,55.76,15302,4546552,48.89,0,0,0,0,0,0
2021-03-21,50.46,0,49.54,13172,5198897,55.91,40511,4587063,49.33,0,0,0,0,0,0
2021-03-22,51,0,49,13583,5212480,56.05,40542,4627605,49.76,0,0,0,0,0,0
2021-03-23,51.43,0,48.57,2846,5215326,56.08,7303,4634908,49.84,0,0,0,0,0,0
2021-03-24,51.84,0,48.16,11006,5226332,56.2,46561,4681469,50.34,0,0,0,0,0,0
2021-03-25,52.22,0,47.78,10274,5236606,56.31,35440,4716909,50.72,0,0,0,0,0,0
2021-03-26,52.4,0,47.6,4186,5240792,56.36,13334,4730243,50.87,0,0,0,0,0,0
2021-03-27,52.5,0,47.5,1787,5242579,56.38,4269,4734512,50.91,0,0,0,0,0,0
2021-03-28,52.74,0,47.26,2114,5244693,56.4,4611,4739123,50.96,0,0,0,0,0,0
2021-03-29,53,0,47,6920,5251613,56.47,30017,4769140,51.29,0,0,0,0,0,0
2021-03-30,53.08,0,46.92,7897,5259510,56.56,22455,4791595,51.53,0,0,0,0,0,0
2021-03-31,53.38,0,46.62,8154,5267664,56.65,19502,4811097,51.74,0,0,0,0,0,0
2021-04-01,53.62,0,46.38,8222,5275886,56.73,18704,4829801,51.94,0,0,0,0,0,0
2021-04-02,53.71,0,46.29,2948,5278834,56.77,8131,4837932,52.02,0,0,0,0,0,0
2021-04-03,53.74,0,46.26,1432,5280266,56.78,2984,4840916,52.06,0,0,0,0,0,0
2021-04-04,53.82,0,46.18,9618,5289884,56.88,22833,4863749,52.3,0,0,0,0,0,0
2021-04-05,54.04,0,45.96,10365,5300249,57,21278,4885027,52.53,0,0,0,0,0,0
2021-04-06,54.21,0,45.79,9035,5309284,57.09,16795,4901822,52.71,0,0,0,0,0,0
2021-04-07,54.36,0,45.64,8935,5318219,57.19,15314,4917136,52.88,0,0,0,0,0,0
2021-04-08,54.52,0,45.48,9430,5327649,57.29,17018,4934154,53.06,0,0,0,0,0,0
2021-04-09,54.58,0,45.42,3610,5331259,57.33,6260,4940414,53.13,0,0,0,0,0,0
2021-04-10,54.61,0,45.39,1637,5332896,57.35,3523,4943937,53.16,0,0,0,0,0,0
2021-04-11,54.78,0,45.22,9046,5341942,57.44,14249,4958186,53.32,0,0,0,0,0,0
2021-04-12,54.95,0,45.05,8938,5350880,57.54,13236,4971422,53.46,0,0,0,0,0,0
2021-04-13,55.08,0,44.92,5841,5356721,57.6,4960,4976382,53.51,0,0,0,0,0,0
2021-04-14,55.18,0,44.82,3650,5360371,57.64,5311,4981693,53.57,0,0,0,0,0,0
2021-04-15,55.27,0,44.73,698,5361069,57.65,583,4982276,53.58,0,0,0,0,0,0
2021-04-16,55.33,0,44.67,3420,5364489,57.69,6652,4988928,53.65,0,0,0,0,0,0
2021-04-17,55.35,0,44.65,822,5365311,57.7,1974,4990902,53.67,0,0,0,0,0,0
2021-04-18,55.47,0,44.53,7099,5372410,57.77,7433,4998335,53.75,0,0,0,0,0,0
2021-04-19,55.58,0,44.42,6407,5378817,57.84,7135,5005470,53.83,0,0,0,0,0,0
2021-04-20,55.65,0,44.35,6287,5385104,57.91,6889,5012359,53.9,0,0,0,0,0,0
2021-04-21,55.71,0,44.29,6382,5391486,57.98,7112,5019471,53.98,0,0,0,0,0,0
2021-04-22,55.75,0,44.25,5952,5397438,58.04,7691,5027162,54.06,0,0,0,0,0,0
2021-04-23,55.8,0,44.2,2768,5400206,58.07,3392,5030554,54.1,0,0,0,0,0,0
2021-04-24,55.82,0,44.18,769,5400975,58.08,1290,5031844,54.11,0,0,0,0,0,0
2021-04-25,55.89,0,44.11,4829,5405804,58.13,6925,5038769,54.18,0,0,0,0,0,0
2021-04-26,55.96,0,44.04,5479,5411283,58.19,7889,5046658,54.27,0,0,0,0,0,0
2021-04-27,56.03,0,43.97,4509,5415792,58.24,6628,5053286,54.34,0,0,0,0,0,0
2021-04-28,56.09,0,43.91,4502,5420294,58.29,7337,5060623,54.42,0,0,0,0,0,0
2021-04-29,56.16,0,43.84,4378,5424672,58.33,7297,5067920,54.5,0,0,0,0,0,0
2021-04-30,56.19,0,43.81,1925,5426597,58.35,3203,5071123,54.53,0,0,0,0,0,0
2021-05-01,56.2,0,43.8,458,5427055,58.36,895,5072018,54.54,0,0,0,0,0,0
2021-05-02,56.26,0,43.74,3225,5430280,58.39,6092,5078110,54.61,0,0,0,0,0,0
2021-05-03,56.32,0,43.68,3535,5433815,58.43,5836,5083946,54.67,0,0,0,0,0,0
2021-05-04,56.38,0,43.62,3594,5437409,58.47,4738,5088684,54.72,0,0,0,0,0,0
2021-05-05,56.44,0,43.56,3292,5440701,58.51,4093,5092777,54.77,0,0,0,0,0,0
2021-05-06,56.5,0,43.5,3646,5444347,58.55,3144,5095921,54.8,0,0,0,0,0,0
2021-05-07,56.52,0,43.48,1847,5446194,58.57,2509,5098430,54.83,0,0,0,0,0,0
2021-05-08,56.53,0,43.47,244,5446438,58.57,508,5098938,54.83,0,0,0,0,0,0
2021-05-09,56.58,0,43.42,2851,5449289,58.6,4751,5103689,54.88,0,0,0,0,0,0
2021-05-10,56.63,0,43.37,2899,5452188,58.63,4715,5108404,54.93,0,0,0,0,0,0
2021-05-11,56.67,0,43.33,2623,5454811,58.66,3881,5112285,54.97,0,0,0,0,0,0
2021-05-12,56.7,0,43.3,2034,5456845,58.68,3342,5115627,55.01,0,0,0,0,0,0
2021-05-13,56.73,0,43.27,2043,5458888,58.7,3688,5119315,55.05,0,0,0,0,0,0
2021-05-14,56.75,0,43.25,979,5459867,58.71,1495,5120810,55.07,0,0,0,0,0,0
2021-05-15,56.75,0,43.25,259,5460126,58.72,259,5121069,55.07,0,0,0,0,0,0
2021-05-16,56.78,0,43.22,529,5460655,58.72,1206,5122275,55.08,0,0,0,0,0,0
2021-05-17,56.81,0,43.19,303,5460958,58.72,848,5123123,55.09,0,0,0,0,0,0
2021-05-18,56.84,0,43.16,1963,5462921,58.75,4940,5128063,55.14,0,0,0,0,0,0
2021-05-19,56.87,0,43.13,2233,5465154,58.77,5043,5133106,55.2,0,0,0,0,0,0
2021-05-20,56.9,0,43.1,2312,5467466,58.79,3880,5136986,55.24,0,0,0,0,0,0
2021-05-21,56.92,0,43.08,1194,5468660,58.81,1414,5138400,55.26,0,0,0,0,0,0
2021-05-22,56.92,0,43.08,206,5468866,58.81,396,5138796,55.26,0,0,0,0,0,0
2021-05-23,56.94,0,43.06,2272,5471138,58.83,3216,5142012,55.29,0,0,0,0,0,0
2021-05-24,56.96,0,43.04,2142,5473280,58.86,3597,5145609,55.33,0,0,0,0,0,0
2021-05-25,56.99,0,43.01,1822,5475102,58.88,2588,5148197,55.36,0,0,0,0,0,0
2021-05-26,57.03,0,42.97,1415,5476517,58.89,2504,5150701,55.39,0,0,0,0,0,0
2021-05-27,57.06,0,42.94,1866,5478383,58.91,3189,5153890,55.42,0,0,0,0,0,0
2021-05-28,57.07,0,42.93,794,5479177,58.92,1406,5155296,55.44,0,0,0,0,0,0
2021-05-29,57.07,0,42.93,192,5479369,58.92,227,5155523,55.44,0,0,0,0,0,0
2021-05-30,57.1,0,42.9,1645,5481014,58.94,1937,5157460,55.46,0,0,0,0,0,0
2021-05-31,57.13,0,42.87,1740,5482754,58.96,2093,5159553,55.48,0,0,0,0,0,0
2021-06-01,57.47,0,42.53,1385,5484139,58.97,1824,5161377,55.5,0,0,0,0,0,0
2021-06-02,57.25,0,42.75,1514,5485653,58.99,1610,5162987,55.52,0,0,0,0,0,0
2021-06-03,57.27,0,42.73,1686,5487339,59.01,1496,5164483,55.54,0,0,0,0,0,0
2021-06-04,57.28,0,42.72,1102,5488441,59.02,784,5165267,55.54,0,0,0,0,0,0
2021-06-05,57.29,0,42.71,184,5488625,59.02,159,5165426,55.55,0,0,0,0,0,0
2021-06-06,57.31,0,42.69,4293,5492918,59.07,1002,5166428,55.56,0,0,0,0,0,0
2021-06-07,57.34,0,42.66,4440,5497358,59.12,814,5167242,55.57,0,0,0,0,0,0
2021-06-08,57.36,0,42.64,3740,5501098,59.16,1175,5168417,55.58,0,0,0,0,0,0
2021-06-09,57.4,0,42.6,3615,5504713,59.2,1331,5169748,55.59,0,0,0,0,0,0
2021-06-10,57.42,0,42.58,3366,5508079,59.23,1300,5171048,55.61,0,0,0,0,0,0
2021-06-11,57.43,0,42.57,1402,5509481,59.25,590,5171638,55.61,0,0,0,0,0,0
2021-06-12,57.43,0,42.57,222,5509703,59.25,173,5171811,55.62,0,0,0,0,0,0
2021-06-13,57.45,0,42.55,3101,5512804,59.28,1260,5173071,55.63,0,0,0,0,0,0
2021-06-14,57.46,0,42.54,3057,5515861,59.31,1534,5174605,55.65,0,0,0,0,0,0
2021-06-15,57.48,0,42.52,3137,5518998,59.35,1378,5175983,55.66,0,0,0,0,0,0
2021-06-16,57.49,0,42.51,2734,5521732,59.38,1004,5176987,55.67,0,0,0,0,0,0
2021-06-17,57.51,0,42.49,2733,5524465,59.41,1209,5178196,55.68,0,0,0,0,0,0
2021-06-18,57.52,0,42.48,1271,5525736,59.42,506,5178702,55.69,0,0,0,0,0,0
2021-06-19,57.52,0,42.48,242,5525978,59.42,139,5178841,55.69,0,0,0,0,0,0
2021-06-20,57.54,0,42.46,3316,5529294,59.46,1332,5180173,55.71,0,0,0,0,0,0
2021-06-21,57.56,0,42.44,5250,5534544,59.52,1218,5181391,55.72,0,0,0,0,0,0
2021-06-22,57.58,0,42.42,6935,5541479,59.59,1101,5182492,55.73,0,0,0,0,0,0
2021-06-23,57.6,0,42.4,10762,5552241,59.71,1304,5183796,55.74,0,0,0,0,0,0
2021-06-24,57.62,0,42.38,12051,5564292,59.84,1466,5185262,55.76,0,0,0,0,0,0
2021-06-25,57.62,0,42.38,7116,5571408,59.91,945,5186207,55.77,0,0,0,0,0,0
2021-06-26,57.63,0,42.37,2278,5573686,59.94,200,5186407,55.77,0,0,0,0,0,0
2021-06-27,57.65,0,42.35,13634,5587320,60.08,3439,5189846,55.81,0,0,0,0,0,0
2021-06-28,57.68,0,42.32,14518,5601838,60.24,3675,5193521,55.85,0,0,0,0,0,0
2021-06-29,57.69,0,42.31,16711,5618549,60.42,3746,5197267,55.89,0,0,0,0,0,0
2021-06-30,57.72,0,42.28,16487,5635036,60.6,3397,5200664,55.93,0,0,0,0,0,0
2021-07-01,57.78,0,42.22,16840,5651876,60.78,3381,5204045,55.96,121,121,0,0,0,0
2021-07-02,57.79,0,42.21,9836,5661712,60.88,1609,5205654,55.98,7,128,0,0,0,0
2021-07-03,57.79,0,42.21,2679,5664391,60.91,300,5205954,55.98,1,129,0,0,0,0
2021-07-04,57.85,0,42.15,17735,5682126,61.1,3161,5209115,56.02,2,131,0,0,0,0
2021-07-05,57.91,0,42.09,17852,5699978,61.29,3046,5212161,56.05,7,138,0,0,0,0
2021-07-06,57.99,0,42.01,17849,5717827,61.49,3412,5215573,56.09,11,149,0,0,0,0
2021-07-07,58.05,0,41.95,15533,5733360,61.65,2704,5218277,56.11,12,161,0,0,0,0
2021-07-08,58.12,0,41.88,16590,5749950,61.83,2881,5221158,56.15,17,178,0,0,0,0
2021-07-09,58.15,0,41.85,11127,5761077,61.95,1535,5222693,56.16,4,182,0,0,0,0
2021-07-10,58.15,0,41.85,4989,5766066,62.01,391,5223084,56.17,6,188,0,0,0,0
2021-07-11,58.22,0,41.78,1458,5767524,62.02,2848,5225932,56.2,9,197,0,0,0,0
2021-07-12,58.29,0,41.71,2427,5769951,62.05,3697,5229629,56.24,58,255,0,0,0,0
2021-07-13,58.36,0,41.64,2965,5772916,62.08,5460,5235089,56.3,124,379,0,0,0,0
2021-07-14,58.42,0,41.58,2747,5775663,62.11,7536,5242625,56.38,441,820,0.01,0,0,0
2021-07-15,58.5,0,41.5,3010,5778673,62.14,9302,5251927,56.48,374,1194,0.01,0,0,0
2021-07-16,58.54,0,41.46,1296,5779969,62.15,5898,5257825,56.54,66,1260,0.01,0,0,0
2021-07-17,58.55,0,41.44,372,5780341,62.16,1394,5259219,56.55,8,1268,0.01,0,0,0
2021-07-18,58.6,0,41.4,2074,5782415,62.18,9770,5268989,56.66,235,1503,0.02,0,0,0
2021-07-19,58.65,0,41.35,3212,5785627,62.22,11346,5280335,56.78,461,1964,0.02,0,0,0
2021-07-20,58.72,0,41.28,2691,5788318,62.24,11915,5292250,56.91,374,2338,0.03,0,0,0
2021-07-21,58.81,0,41.19,2408,5790726,62.27,11880,5304130,57.04,325,2663,0.03,0,0,0
2021-07-22,58.93,0,41.07,2879,5793605,62.3,13281,5317411,57.18,391,3054,0.03,0,0,0
2021-07-23,58.99,0,41.01,2039,5795644,62.32,8249,5325660,57.27,106,3160,0.03,0,0,0
2021-07-24,58.99,0,41,645,5796289,62.33,1486,5327146,57.29,7,3167,0.03,0,0,0
2021-07-25,59.1,0,40.89,4417,5800706,62.38,15499,5342645,57.45,223,3390,0.04,0,0,0
2021-07-26,59.24,0,40.75,5174,5805880,62.43,13537,5356182,57.6,325,3715,0.04,0,0,0
2021-07-27,59.37,0.01,40.62,5493,5811373,62.49,13579,5369761,57.74,414,4129,0.04,0,0,0
2021-07-28,59.5,0.01,40.49,3990,5815363,62.54,12345,5382106,57.88,472,4601,0.05,0,0,0
2021-07-29,59.65,0.01,40.33,4666,5820029,62.59,14205,5396311,58.03,532,5133,0.06,0,0,0
2021-07-30,59.74,0.02,40.25,2658,5822687,62.61,10859,5407170,58.15,4122,9255,0.1,0,0,0
2021-07-31,59.75,0.02,40.23,1407,5824094,62.63,3554,5410724,58.18,6159,15414,0.17,0,0,0
2021-08-01,59.91,0.02,40.06,3079,5827173,62.66,3367,5414091,58.22,31048,46462,0.5,0,0,0
2021-08-02,60.06,0.03,39.91,3134,5830307,62.7,3176,5417267,58.25,58514,104976,1.13,0,0,0
2021-08-03,60.21,0.03,39.76,3388,5833695,62.73,3331,5420598,58.29,78954,183930,1.98,0,0,0
2021-08-04,60.34,0.03,39.63,3534,5837229,62.77,3255,5423853,58.33,80766,264696,2.85,0,0,0
2021-08-05,60.49,0.04,39.47,4515,5841744,62.82,3572,5427425,58.36,88442,353138,3.8,0,0,0
2021-08-06,60.6,0.04,39.36,2437,5844181,62.85,1863,5429288,58.38,44744,397882,4.28,0,0,0
2021-08-07,60.63,0.04,39.32,1034,5845215,62.86,701,5429989,58.39,27353,425235,4.57,0,0,0
2021-08-08,60.68,0.04,39.28,4991,5850206,62.91,3082,5433071,58.42,80087,505322,5.43,0,0,0
2021-08-09,60.72,0.04,39.24,5341,5855547,62.97,3064,5436135,58.46,76489,581811,6.26,0,0,0
2021-08-10,60.75,0.04,39.2,5554,5861101,63.03,3209,5439344,58.49,75427,657238,7.07,0,0,0
2021-08-11,60.79,0.04,39.17,5696,5866797,63.09,2949,5442293,58.52,62642,719880,7.74,0,0,0
2021-08-12,60.83,0.04,39.12,7039,5873836,63.16,3291,5445584,58.56,59463,779343,8.38,0,0,0
2021-08-13,60.84,0.05,39.11,3821,5877657,63.21,2074,5447658,58.58,43870,823213,8.85,0,0,0
2021-08-14,60.85,0.05,39.1,2255,5879912,63.23,853,5448511,58.59,44486,867699,9.33,0,0,0
2021-08-15,60.89,0.05,39.06,7145,5887057,63.31,4531,5453042,58.64,97985,965684,10.38,0,0,0
2021-08-16,60.92,0.04,39.03,6991,5894048,63.38,4750,5457792,58.69,89522,1055206,11.35,0,0,0
2021-08-17,60.96,0.04,39,7573,5901621,63.46,5138,5462930,58.75,83320,1138526,12.24,0,0,0
2021-08-18,60.99,0.04,38.96,8642,5910263,63.56,4603,5467533,58.8,69269,1207795,12.99,0,0,0
2021-08-19,61.03,0.04,38.92,10082,5920345,63.66,5217,5472750,58.85,65976,1273771,13.7,0,0,0
2021-08-20,61.05,0.05,38.9,4769,5925114,63.72,2827,5475577,58.88,60454,1334225,14.35,0,0,0
2021-08-21,61.06,0.05,38.89,3499,5928613,63.75,1580,5477157,58.9,50726,1384951,14.89,0,0,0
2021-08-22,61.12,0.04,38.84,9823,5938436,63.86,4808,5481965,58.95,105111,1490062,16.02,0,0,0
2021-08-23,61.17,0.04,38.79,10923,5949359,63.98,4448,5486413,59,94035,1584097,17.03,0,0,0
2021-08-24,61.23,0.04,38.73,11721,5961080,64.1,4701,5491114,59.05,98561,1682658,18.09,0,0,0
2021-08-25,61.29,0.04,38.67,9613,5970693,64.21,4484,5495598,59.1,99559,1782217,19.17,0,0,0
2021-08-26,61.36,0.03,38.61,10113,5980806,64.31,5059,5500657,59.15,101231,1883448,20.25,0,0,0
2021-08-27,61.35,0.04,38.61,4325,5985131,64.36,2788,5503445,59.18,56696,1940144,20.86,0,0,0
2021-08-28,61.4,0.04,38.57,3704,5988835,64.4,1500,5504945,59.2,33541,1973685,21.22,0,0,0
2021-08-29,61.46,0.03,38.5,10323,5999158,64.51,5932,5510877,59.26,79550,2053235,22.08,0,0,0
2021-08-30,61.53,0.03,38.44,12333,6011491,64.64,7017,5517894,59.34,116010,2169245,23.33,0,0,0
2021-08-31,61.6,0.03,38.37,12076,6023567,64.77,6529,5524423,59.41,114883,2284128,24.56,0,0,0
2021-09-01,61.43,0.03,38.54,9037,6032604,64.87,6043,5530466,59.47,112493,2396621,25.77,0,0,0
2021-09-02,61.49,0.03,38.48,8784,6041388,64.97,7184,5537650,59.55,111548,2508169,26.97,0,0,0
2021-09-03,61.56,0.03,38.42,3751,6045139,65.01,4118,5541768,59.59,58886,2567055,27.6,0,0,0
2021-09-04,61.59,0.03,38.38,2692,6047831,65.04,2023,5543791,59.62,29954,2597009,27.93,0,0,0
2021-09-05,61.68,0.03,38.29,6992,6054823,65.11,6460,5550251,59.68,73328,2670337,28.72,0,0,0
2021-09-06,61.77,0.03,38.2,2836,6057659,65.14,2718,5552969,59.71,22800,2693137,28.96,0,0,0
2021-09-07,61.85,0.03,38.12,1202,6058861,65.15,880,5553849,59.72,5398,2698535,29.02,0,0,0
2021-09-08,61.93,0.03,38.05,1380,6060241,65.17,1196,5555045,59.74,6621,2705156,29.09,0,0,0
2021-09-09,62.02,0.03,37.95,7092,6067333,65.25,12573,5567618,59.87,73847,2779003,29.88,0,0,0
2021-09-10,62.06,0.03,37.91,3258,6070591,65.28,5016,5572634,59.93,37938,2816941,30.29,0,0,0
2021-09-11,62.08,0.03,37.89,2108,6072699,65.3,2509,5575143,59.95,14817,2831758,30.45,0,0,0
2021-09-12,62.16,0.03,37.81,6105,6078804,65.37,8589,5583732,60.04,54137,2885895,31.03,0,0,0
2021-09-13,62.15,0.03,37.82,5611,6084415,65.43,8264,5591996,60.13,47984,2933879,31.55,0,0,0
2021-09-14,62.2,0.03,37.77,4964,6089379,65.48,7424,5599420,60.21,48855,2982734,32.07,0,0,0
2021-09-15,62.25,0.03,37.72,1751,6091130,65.5,2719,5602139,60.24,16687,2999421,32.25,0,0,0
2021-09-16,62.37,0.03,37.6,343,6091473,65.5,550,5602689,60.25,1740,3001161,32.27,0,0,0
2021-09-17,62.42,0.03,37.54,3684,6095157,65.54,7022,5609711,60.32,42905,3044066,32.73,0,0,0
2021-09-18,62.45,0.03,37.52,2258,6097415,65.57,2946,5612657,60.36,12783,3056849,32.87,0,0,0
2021-09-19,62.55,0.03,37.42,5943,6103358,65.63,10712,5623369,60.47,44331,3101180,33.35,0,0,0
2021-09-20,62.63,0.03,37.34,3246,6106604,65.67,4646,5628015,60.52,16708,3117888,33.53,0,0,0
2021-09-21,62.69,0.03,37.28,1340,6107944,65.68,2067,5630082,60.54,3477,3121365,33.57,0,0,0
2021-09-22,62.72,0.03,37.25,4260,6112204,65.73,7250,5637332,60.62,25072,3146437,33.84,0,0,0
2021-09-23,62.75,0.03,37.22,4391,6116595,65.77,5916,5643248,60.68,27834,3174271,34.13,0,0,0
2021-09-24,62.82,0.03,37.15,3202,6119797,65.81,4185,5647433,60.73,27724,3201995,34.43,0,0,0
2021-09-25,62.85,0.03,37.12,2080,6121877,65.83,2264,5649697,60.75,10443,3212438,34.54,0,0,0
2021-09-26,62.96,0.03,37,5605,6127482,65.89,5973,5655670,60.82,36271,3248709,34.94,0,0,0
2021-09-27,63.02,0.03,36.94,4696,6132178,65.94,4469,5660139,60.87,30457,3279166,35.26,0,0,0
2021-09-28,63.06,0.04,36.91,1473,6133651,65.96,1187,5661326,60.88,6250,3285416,35.33,0,0,0
2021-09-29,63.13,0.03,36.84,9622,6143273,66.06,8349,5669675,60.97,60325,3345741,35.98,0,0,0
2021-09-30,63.18,0.03,36.79,10976,6154249,66.18,8580,5678255,61.06,79704,3425445,36.84,0,0,0
2021-10-01,63.23,0.03,36.73,5128,6159377,66.23,3876,5682131,61.1,46546,3471991,37.34,0,0,0
2021-10-02,63.26,0.03,36.71,2865,6162242,66.27,2127,5684258,61.13,22433,3494424,37.58,0,0,0
2021-10-03,63.35,0.03,36.62,11668,6173910,66.39,7275,5691533,61.2,70726,3565150,38.34,0,0,0
2021-10-04,63.4,0.03,36.57,10321,6184231,66.5,6759,5698292,61.28,51912,3617062,38.9,0,0,0
2021-10-05,63.41,0.03,36.55,8461,6192692,66.59,5314,5703606,61.33,40481,3657543,39.33,0,0,0
2021-10-06,63.52,0.03,36.45,7543,6200235,66.67,4185,5707791,61.38,34150,3691693,39.7,0,0,0
2021-10-07,63.63,0.03,36.34,6895,6207130,66.75,4010,5711801,61.42,34071,3725764,40.06,0,0,0
2021-10-08,63.68,0.03,36.29,3086,6210216,66.78,2644,5714445,61.45,19250,3745014,40.27,0,0,0
2021-10-09,63.71,0.03,36.26,1341,6211557,66.8,1444,5715889,61.47,7441,3752455,40.35,0,0,0
2021-10-10,63.82,0.04,36.14,4677,6216234,66.85,3747,5719636,61.51,21519,3773974,40.58,0,0,0
2021-10-11,63.91,0.04,36.05,4299,6220533,66.89,2946,5722582,61.54,17270,3791244,40.77,0,0,0
2021-10-12,63.99,0.05,35.96,3977,6224510,66.94,3007,5725589,61.57,15357,3806601,40.93,0,0,0
2021-10-13,64.09,0.05,35.86,3487,6227997,66.97,2451,5728040,61.6,13587,3820188,41.08,0,0,0
2021-10-14,64.19,0.06,35.75,3870,6231867,67.01,2686,5730726,61.63,16568,3836756,41.26,0,0,0
2021-10-15,64.23,0.07,35.7,1704,6233571,67.03,1686,5732412,61.64,9012,3845768,41.36,0,0,0
2021-10-16,64.25,0.08,35.67,729,6234300,67.04,957,5733369,61.65,4036,3849804,41.4,0,0,0
2021-10-17,64.36,0.09,35.56,3090,6237390,67.07,2526,5735895,61.68,12798,3862602,41.54,0,0,0
2021-10-18,64.43,0.1,35.47,2459,6239849,67.1,1694,5737589,61.7,10069,3872671,41.64,0,0,0
2021-10-19,64.49,0.1,35.4,2399,6242248,67.13,1284,5738873,61.71,9295,3881966,41.74,0,0,0
2021-10-20,64.14,0.52,35.34,2438,6244686,67.15,2304,5741177,61.74,10104,3892070,41.85,0,0,0
2021-10-21,54.23,10.41,35.36,3033,6247719,67.18,3098,5744275,61.77,12164,3904234,41.98,0,0,0
2021-10-22,54.36,10.26,35.38,1279,6248998,67.2,1439,5745714,61.79,5842,3910076,42.05,0,0,0
2021-10-23,54.42,10.19,35.39,575,6249573,67.2,1266,5746980,61.8,2565,3912641,42.07,0,0,0
2021-10-24,54.22,10.43,35.35,2518,6252091,67.23,2653,5749633,61.83,9855,3922496,42.18,0,0,0
2021-10-25,54.59,10.22,35.19,2640,6254731,67.26,2752,5752385,61.86,8511,3931007,42.27,0,0,0
2021-10-26,54.64,10.26,35.1,2381,6257112,67.29,2059,5754444,61.88,8530,3939537,42.36,0,0,0
2021-10-27,54.58,10.37,35.06,2292,6259404,67.31,2566,5757010,61.91,7959,3947496,42.45,0,0,0
2021-10-28,54.69,10.76,34.55,2507,6261911,67.34,2782,5759792,61.94,8675,3956171,42.54,0,0,0
2021-10-29,54.73,10.75,34.52,903,6262814,67.35,1154,5760946,61.95,4138,3960309,42.59,0,0,0
2021-10-30,54.68,10.81,34.52,366,6263180,67.35,530,5761476,61.96,1712,3962021,42.61,0,0,0
2021-10-31,54.83,10.7,34.47,2264,6265444,67.38,2495,5763971,61.98,8255,3970276,42.69,0,0,0
2021-11-01,54.95,10.63,34.42,1737,6267181,67.39,2094,5766065,62.01,6481,3976757,42.76,0,0,0
2021-11-02,54.89,10.69,34.42,2026,6269207,67.42,2050,5768115,62.03,6296,3983053,42.83,0,0,0
2021-11-03,54.86,10.75,34.39,1764,6270971,67.43,1897,5770012,62.05,5556,3988609,42.89,0,0,0
2021-11-04,54.85,10.81,34.33,2111,6273082,67.46,2802,5772814,62.08,7133,3995742,42.97,0,0,0
2021-11-05,54.85,10.83,34.32,793,6273875,67.47,907,5773721,62.09,3488,3999230,43.01,0,0,0
2021-11-06,54.82,10.86,34.32,347,6274222,67.47,389,5774110,62.09,1375,4000605,43.02,0,0,0
2021-11-07,54.92,10.8,34.28,1578,6275800,67.49,1770,5775880,62.11,6133,4006738,43.09,0,0,0
2021-11-08,55.01,10.75,34.24,1521,6277321,67.5,1603,5777483,62.13,5406,4012144,43.14,0,0,0
2021-11-09,55.05,10.74,34.21,1429,6278750,67.52,1612,5779095,62.15,5332,4017476,43.2,0,0,0
2021-11-10,55.08,10.73,34.19,1424,6280174,67.53,1662,5780757,62.16,4779,4022255,43.25,0,0,0
2021-11-11,55.15,10.69,34.15,1628,6281802,67.55,1948,5782705,62.18,5719,4027974,43.31,0,0,0
2021-11-12,55.17,10.69,34.14,637,6282439,67.56,826,5783531,62.19,2926,4030900,43.35,0,0,0
2021-11-13,55.14,10.72,34.14,259,6282698,67.56,291,5783822,62.2,1130,4032030,43.36,0,0,0
2021-11-14,55.21,10.68,34.11,1536,6284234,67.58,1639,5785461,62.21,5111,4037141,43.41,0,0,0
2021-11-15,55.28,10.63,34.09,1275,6285509,67.59,1628,5787089,62.23,4770,4041911,43.46,0,0,0
2021-11-16,55.32,10.62,34.07,1275,6286784,67.61,1419,5788508,62.25,4349,4046260,43.51,0,0,0
2021-11-17,55.35,10.6,34.05,1208,6287992,67.62,1567,5790075,62.26,3915,4050175,43.55,0,0,0
2021-11-18,55.41,10.58,34.02,1364,6289356,67.63,1693,5791768,62.28,5012,4055187,43.61,0,0,0
2021-11-19,55.42,10.57,34.01,589,6289945,67.64,765,5792533,62.29,2460,4057647,43.63,0,0,0
2021-11-20,55.41,10.58,34,238,6290183,67.64,258,5792791,62.29,930,4058577,43.64,0,0,0
2021-11-21,55.47,10.54,33.98,1409,6291592,67.66,1542,5794333,62.31,4881,4063458,43.7,0,0,0
2021-11-22,55.54,10.5,33.96,1681,6293273,67.67,1523,5795856,62.33,4238,4067696,43.74,0,0,0
2021-11-23,55.57,10.48,33.95,8616,6301889,67.77,1688,5797544,62.34,4012,4071708,43.79,0,0,0
2021-11-24,55.6,10.44,33.95,9348,6311237,67.87,1319,5798863,62.36,3925,4075633,43.83,0,0,0
2021-11-25,55.64,10.43,33.93,9808,6321045,67.97,1600,5800463,62.38,4841,4080474,43.88,0,0,0
2021-11-26,55.63,10.45,33.92,5610,6326655,68.03,751,5801214,62.38,2807,4083281,43.91,0,0,0
2021-11-27,55.62,10.46,33.92,4776,6331431,68.09,324,5801538,62.39,1164,4084445,43.92,0,0,0
2021-11-28,55.67,10.43,33.9,10145,6341576,68.19,1481,5803019,62.4,4906,4089351,43.97,0,0,0
2021-11-29,55.73,10.39,33.88,9043,6350619,68.29,1134,5804153,62.41,4376,4093727,44.02,0,0,0
2021-11-30,55.77,10.37,33.86,10043,6360662,68.4,1039,5805192,62.43,4085,4097812,44.07,0,0,0
2021-12-01,55.79,10.36,33.84,8629,6369291,68.49,1098,5806290,62.44,4445,4102257,44.11,5,5,0
2021-12-02,55.84,10.34,33.82,9173,6378464,68.59,1457,5807747,62.45,5126,4107383,44.17,6,11,0
2021-12-03,55.86,10.33,33.81,6329,6384793,68.66,673,5808420,62.46,2868,4110251,44.2,1,12,0
2021-12-04,55.85,10.34,33.81,2509,6387302,68.69,239,5808659,62.46,926,4111177,44.21,3,15,0
2021-12-05,55.9,10.31,33.79,8334,6395636,68.78,1254,5809913,62.48,4683,4115860,44.26,1,16,0
2021-12-06,55.95,10.27,33.78,6720,6402356,68.85,1200,5811113,62.49,4351,4120211,44.31,4,20,0
2021-12-07,55.99,10.25,33.76,5553,6407909,68.91,1506,5812619,62.51,3966,4124177,44.35,9,29,0
2021-12-08,56.03,10.22,33.75,4934,6412843,68.96,1201,5813820,62.52,3885,4128062,44.39,10,39,0
2021-12-09,56.08,10.19,33.73,6239,6419082,69.03,1241,5815061,62.53,4508,4132570,44.44,8,47,0
2021-12-10,56.1,10.18,33.72,3006,6422088,69.06,704,5815765,62.54,2687,4135257,44.47,4,51,0
2021-12-11,56.1,10.18,33.71,1491,6423579,69.08,255,5816020,62.54,1022,4136279,44.48,0,51,0
2021-12-12,56.16,10.15,33.69,7273,6430852,69.15,1444,5817464,62.56,5249,4141528,44.54,3,54,0
2021-12-13,56.21,10.11,33.67,6180,6437032,69.22,1377,5818841,62.57,4351,4145879,44.58,5,59,0
2021-12-14,56.27,10.09,33.65,7316,6444348,69.3,6098,5824939,62.64,4941,4150820,44.64,12,71,0
2021-12-15,56.34,10.06,33.6,7204,6451552,69.38,7404,5832343,62.72,5446,4156266,44.69,7,78,0
2021-12-16,56.53,10.05,33.42,8079,6459631,69.46,8610,5840953,62.81,6565,4162831,44.77,8,86,0
2021-12-17,56.64,10.05,33.3,4406,6464037,69.51,5141,5846094,62.87,3955,4166786,44.81,3,89,0
2021-12-18,56.73,10.07,33.2,3942,6467979,69.55,2913,5849007,62.9,1361,4168147,44.82,2,91,0
2021-12-19,56.92,10.04,33.04,6978,6474957,69.63,9328,5858335,63,6276,4174423,44.89,6,97,0
2021-12-20,57.07,10.02,32.91,7971,6482928,69.71,7520,5865855,63.08,5447,4179870,44.95,9,106,0
2021-12-21,57.27,10.01,32.71,9548,6492476,69.82,8647,5874502,63.17,6492,4186362,45.02,8,114,0
2021-12-22,57.49,10,32.52,9663,6502139,69.92,8151,5882653,63.26,6257,4192619,45.09,12,126,0
2021-12-23,57.7,9.97,32.33,11539,6513678,70.04,10262,5892915,63.37,8160,4200779,45.17,16,142,0
2021-12-24,57.83,9.96,32.21,5875,6519553,70.11,6241,5899156,63.44,5281,4206060,45.23,12,154,0
2021-12-25,57.9,9.96,32.15,3338,6522891,70.14,2566,5901722,63.46,2021,4208081,45.25,6,160,0
2021-12-26,58.1,9.92,31.98,10652,6533543,70.26,8908,5910630,63.56,8202,4216283,45.34,8,168,0
2021-12-27,58.27,9.9,31.83,10370,6543913,70.37,7142,5917772,63.64,8188,4224471,45.43,24,192,0
2021-12-28,58.46,9.88,31.66,11375,6555288,70.49,7451,5925223,63.72,9643,4234114,45.53,28,220,0
2021-12-29,58.64,9.85,31.51,9933,6565221,70.6,5964,5931187,63.78,8376,4242490,45.62,21,241,0
2021-12-30,58.84,9.82,31.34,11012,6576233,70.72,7735,5938922,63.86,12240,4254730,45.75,10,251,0
2021-12-31,58.9,9.79,31.3,4829,6581062,70.77,3672,5942594,63.9,7296,4262026,45.83,135,386,0
2022-01-01,58.93,9.79,31.28,1993,6583055,70.79,1592,5944186,63.92,2741,4264767,45.86,66,452,0
2022-01-02,59.14,9.76,31.1,10216,6593271,70.9,6487,5950673,63.99,13002,4277769,46,590,1042,0.01
2022-01-03,59.29,9.71,31,9384,6602655,71,5259,5955932,64.05,11342,4289111,46.12,25055,26097,0.28
2022-01-04,59.46,9.68,30.86,8963,6611618,71.1,5948,5961880,64.11,10525,4299636,46.24,50662,76759,0.83
2022-01-05,59.56,9.65,30.79,8553,6620171,71.19,5739,5967619,64.17,10493,4310129,46.35,59594,136353,1.47
2022-01-06,59.81,9.63,30.56,10339,6630510,71.3,7958,5975577,64.26,13532,4323661,46.49,64006,200359,2.15
2022-01-07,59.89,9.61,30.49,4759,6635269,71.35,4557,5980134,64.31,8166,4331827,46.58,31135,231494,2.49
2022-01-08,59.9,9.64,30.46,2749,6638018,71.38,2451,5982585,64.33,5502,4337329,46.64,27633,259127,2.79
2022-01-09,60.06,9.59,30.35,9305,6647323,71.48,7724,5990309,64.42,11871,4349200,46.77,66768,325895,3.5
2022-01-10,60.21,9.54,30.25,8347,6655670,71.57,7646,5997955,64.5,11885,4361085,46.9,64782,390677,4.2
2022-01-11,60.38,9.49,30.13,8097,6663767,71.66,8622,6006577,64.59,11974,4373059,47.03,56661,447338,4.81
2022-01-12,60.51,9.45,30.04,7275,6671042,71.74,8305,6014882,64.68,11114,4384173,47.15,44633,491971,5.29
2022-01-13,60.7,9.35,29.94,7509,6678551,71.82,9616,6024498,64.78,11549,4395722,47.27,34769,526740,5.66
2022-01-14,60.79,9.31,29.9,2555,6681106,71.85,4935,6029433,64.84,6146,4401868,47.34,11144,537884,5.78
2022-01-15,60.83,9.29,29.87,1469,6682575,71.86,3170,6032603,64.87,3885,4405753,47.38,5716,543600,5.85
2022-01-16,60.97,9.2,29.82,3817,6686392,71.9,8524,6041127,64.96,7682,4413435,47.46,19993,563593,6.06
2022-01-17,61.09,9.13,29.78,2808,6689200,71.93,7047,6048174,65.04,6173,4419608,47.53,17835,581428,6.25
2022-01-18,61.23,9.07,29.7,2475,6691675,71.96,7386,6055560,65.12,5535,4425143,47.59,14819,596247,6.41
2022-01-19,61.37,8.98,29.65,1915,6693590,71.98,6368,6061928,65.19,4523,4429666,47.63,8462,604709,6.5
2022-01-20,61.44,8.85,29.71,1777,6695367,72,6971,6068899,65.26,4792,4434458,47.69,8042,612751,6.59
2022-01-21,61.51,8.81,29.68,905,6696272,72.01,3725,6072624,65.3,2646,4437104,47.71,3358,616109,6.63
2022-01-22,61.51,8.75,29.74,327,6696599,72.01,1462,6074086,65.32,1067,4438171,47.73,1114,617223,6.64
2022-01-23,61.61,8.7,29.69,1068,6697667,72.02,5632,6079718,65.38,2879,4441050,47.76,6083,623306,6.7
2022-01-24,61.73,8.62,29.65,759,6698426,72.03,4481,6084199,65.43,2270,4443320,47.78,5057,628363,6.76
2022-01-25,61.9,8.51,29.59,744,6699170,72.04,4401,6088600,65.47,2187,4445507,47.8,7102,635465,6.83
2022-01-26,62.02,8.42,29.57,615,6699785,72.05,3286,6091886,65.51,1612,4447119,47.82,4262,639727,6.88
2022-01-27,62.12,8.35,29.52,797,6700582,72.05,4405,6096291,65.56,2006,4449125,47.84,5441,645168,6.94
2022-01-28,62.16,8.33,29.5,397,6700979,72.06,2376,6098667,65.58,1182,4450307,47.86,3452,648620,6.97
2022-01-29,62.23,8.29,29.48,124,6701103,72.06,1046,6099713,65.59,425,4450732,47.86,1162,649782,6.99
2022-01-30,62.3,8.24,29.46,769,6701872,72.07,4719,6104432,65.64,2020,4452752,47.88,8099,657881,7.07
2022-01-31,62.39,8.17,29.43,528,6702400,72.07,3183,6107615,65.68,1610,4454362,47.9,6472,664353,7.14
2022-02-01,62.45,8.15,29.4,482,6702882,72.08,2809,6110424,65.71,1526,4455888,47.92,5722,670075,7.21
2022-02-02,62.28,8.13,29.59,375,6703257,72.08,2394,6112818,65.73,1386,4457274,47.93,5073,675148,7.26
2022-02-03,62.34,8.08,29.57,446,6703703,72.09,2776,6115594,65.76,1462,4458736,47.95,5607,680755,7.32
2022-02-04,62.37,8.06,29.57,174,6703877,72.09,991,6116585,65.77,758,4459494,47.96,2455,683210,7.35
2022-02-05,62.34,8.09,29.56,62,6703939,72.09,342,6116927,65.78,221,4459715,47.96,420,683630,7.35
2022-02-06,62.41,8.05,29.55,407,6704346,72.1,2321,6119248,65.8,1344,4461059,47.97,5687,689317,7.41
2022-02-07,62.47,8.01,29.52,283,6704629,72.1,1308,6120556,65.82,984,4462043,47.98,5960,695277,7.48
2022-02-08,62.54,7.97,29.49,317,6704946,72.1,1498,6122054,65.83,1068,4463111,47.99,6138,701415,7.54
2022-02-09,62.6,7.95,29.45,254,6705200,72.1,1102,6123156,65.85,946,4464057,48,4570,705985,7.59
2022-02-10,62.63,7.93,29.44,273,6705473,72.11,1292,6124448,65.86,936,4464993,48.01,4816,710801,7.64
2022-02-11,62.67,7.91,29.42,212,6705685,72.11,557,6125005,65.87,518,4465511,48.02,2540,713341,7.67
2022-02-12,62.67,7.91,29.41,32,6705717,72.11,91,6125096,65.87,136,4465647,48.02,269,713610,7.67
2022-02-13,62.73,7.87,29.39,286,6706003,72.11,946,6126042,65.88,966,4466613,48.03,4998,718608,7.73
2022-02-14,62.89,7.74,29.36,179,6706182,72.11,628,6126670,65.88,760,4467373,48.04,3143,721751,7.76
2022-02-15,62.92,7.73,29.35,266,6706448,72.12,763,6127433,65.89,938,4468311,48.05,3819,725570,7.8
2022-02-16,62.95,7.72,29.34,179,6706627,72.12,577,6128010,65.9,803,4469114,48.06,2488,728058,7.83
2022-02-17,62.96,7.7,29.34,247,6706874,72.12,740,6128750,65.91,775,4469889,48.07,3061,731119,7.86
2022-02-18,62.98,7.69,29.33,130,6707004,72.12,343,6129093,65.91,441,4470330,48.07,1119,732238,7.87
2022-02-19,62.99,7.69,29.32,33,6707037,72.12,84,6129177,65.91,82,4470412,48.07,80,732318,7.88
2022-02-20,63.01,7.67,29.32,204,6707241,72.13,604,6129781,65.92,723,4471135,48.08,2574,734892,7.9
2022-02-21,63.04,7.65,29.31,173,6707414,72.13,413,6130194,65.92,490,4471625,48.09,1542,736434,7.92
2022-02-22,63.05,7.65,29.3,158,6707572,72.13,455,6130649,65.93,570,4472195,48.09,1871,738305,7.94
2022-02-23,63.06,7.65,29.29,109,6707681,72.13,353,6131002,65.93,453,4472648,48.1,1153,739458,7.95
2022-02-24,63.05,7.66,29.29,138,6707819,72.13,463,6131465,65.93,568,4473216,48.1,1493,740951,7.97
2022-02-25,63.06,7.66,29.28,59,6707878,72.13,144,6131609,65.94,193,4473409,48.1,456,741407,7.97
2022-02-26,63.05,7.67,29.28,17,6707895,72.13,28,6131637,65.94,161,4473570,48.11,35,741442,7.97
2022-02-27,63.05,7.67,29.28,112,6708007,72.13,341,6131978,65.94,448,4474018,48.11,1119,742561,7.99
2022-02-28,63.07,7.65,29.28,108,6708115,72.14,271,6132249,65.94,426,4474444,48.12,908,743469,7.99
2022-03-01,63.1,7.63,29.27,97,6708212,72.14,280,6132529,65.95,373,4474817,48.12,797,744266,8
2022-03-02,63.11,7.62,29.27,77,6708289,72.14,199,6132728,65.95,324,4475141,48.12,698,744964,8.01
2022-03-03,63.05,7.67,29.27,157,6708446,72.14,371,6133099,65.95,498,4475639,48.13,987,745951,8.02
2022-03-04,63.05,7.68,29.27,54,6708500,72.14,170,6133269,65.95,170,4475809,48.13,228,746179,8.02
2022-03-05,63.04,7.69,29.27,5,6708505,72.14,25,6133294,65.95,44,4475853,48.13,32,746211,8.02
2022-03-06,63.04,7.69,29.27,98,6708603,72.14,259,6133553,65.96,417,4476270,48.14,760,746971,8.03
2022-03-07,63.05,7.69,29.26,86,6708689,72.14,260,6133813,65.96,354,4476624,48.14,605,747576,8.04
2022-03-08,63.04,7.7,29.26,100,6708789,72.14,263,6134076,65.96,333,4476957,48.14,550,748126,8.05
2022-03-09,63.02,7.72,29.25,89,6708878,72.14,213,6134289,65.97,337,4477294,48.15,492,748618,8.05
2022-03-10,63.01,7.74,29.25,115,6708993,72.15,375,6134664,65.97,428,4477722,48.15,620,749238,8.06
2022-03-11,63,7.75,29.25,24,6709017,72.15,85,6134749,65.97,123,4477845,48.15,144,749382,8.06
2022-03-12,62.98,7.77,29.24,11,6709028,72.15,12,6134761,65.97,34,4477879,48.15,28,749410,8.06
2022-03-13,62.98,7.78,29.24,100,6709128,72.15,271,6135032,65.97,359,4478238,48.16,595,750005,8.07
2022-03-14,62.98,7.78,29.24,66,6709194,72.15,253,6135285,65.98,316,4478554,48.16,559,750564,8.07
2022-03-15,62.95,7.81,29.24,80,6709274,72.15,185,6135470,65.98,293,4478847,48.16,591,751155,8.08
2022-03-16,62.94,7.82,29.24,77,6709351,72.15,205,6135675,65.98,305,4479152,48.17,668,751823,8.08
2022-03-17,62.94,7.82,29.24,65,6709416,72.15,122,6135797,65.98,286,4479438,48.17,613,752436,8.09
2022-03-18,62.94,7.82,29.24,20,6709436,72.15,54,6135851,65.98,100,4479538,48.17,234,752670,8.09
2022-03-19,62.89,7.88,29.23,6,6709442,72.15,11,6135862,65.98,29,4479567,48.17,39,752709,8.09
2022-03-20,62.87,7.89,29.23,119,6709561,72.15,260,6136122,65.98,486,4480053,48.18,1431,754140,8.11
2022-03-21,62.87,7.9,29.23,97,6709658,72.15,249,6136371,65.99,379,4480432,48.18,1132,755272,8.12
2022-03-22,62.84,7.94,29.23,141,6709799,72.15,342,6136713,65.99,508,4480940,48.19,1770,757042,8.14
2022-03-23,62.81,7.97,29.22,108,6709907,72.16,212,6136925,65.99,463,4481403,48.19,1677,758719,8.16
2022-03-24,62.78,8,29.22,175,6710082,72.16,345,6137270,66,769,4482172,48.2,2363,761082,8.18
2022-03-25,62.78,8,29.23,39,6710121,72.16,83,6137353,66,159,4482331,48.2,630,761712,8.19
2022-03-26,62.77,8,29.22,12,6710133,72.16,13,6137366,66,34,4482365,48.2,91,761803,8.19
2022-03-27,62.75,8.02,29.22,167,6710300,72.16,344,6137710,66,760,4483125,48.21,3193,764996,8.23
2022-03-28,62.75,8.03,29.22,113,6710413,72.16,271,6137981,66,623,4483748,48.22,2416,767412,8.25
2022-03-29,62.7,8.07,29.22,125,6710538,72.16,258,6138239,66.01,641,4484389,48.22,2772,770184,8.28
2022-03-30,62.81,8.11,29.07,132,6710670,72.16,208,6138447,66.01,542,4484931,48.23,2370,772554,8.31
2022-03-31,62.79,8.11,29.1,166,6710836,72.17,302,6138749,66.01,731,4485662,48.24,2853,775407,8.34
2022-04-01,62.72,8.13,29.15,122,6710958,72.17,161,6138910,66.01,277,4485939,48.24,589,775996,8.34
2022-04-02,62.69,8.15,29.16,7,6710965,72.17,7,6138917,66.01,37,4485976,48.24,52,776048,8.35
2022-04-03,62.65,8.16,29.19,159,6711124,72.17,270,6139187,66.02,569,4486545,48.25,2478,778526,8.37
2022-04-04,62.62,8.16,29.22,103,6711227,72.17,208,6139395,66.02,485,4487030,48.25,2225,780751,8.4
2022-04-05,62.57,8.19,29.25,123,6711350,72.17,221,6139616,66.02,513,4487543,48.26,2243,782994,8.42
2022-04-06,62.55,8.2,29.25,91,6711441,72.17,157,6139773,66.02,382,4487925,48.26,2023,785017,8.44
2022-04-07,62.56,8.2,29.24,191,6711632,72.17,215,6139988,66.03,641,4488566,48.27,2556,787573,8.47
2022-04-08,62.54,8.22,29.23,30,6711662,72.17,61,6140049,66.03,154,4488720,48.27,482,788055,8.47
2022-04-09,62.52,8.25,29.23,6,6711668,72.17,17,6140066,66.03,28,4488748,48.27,47,788102,8.47
2022-04-10,62.51,8.26,29.23,103,6711771,72.18,265,6140331,66.03,429,4489177,48.27,1845,789947,8.49
2022-04-11,62.54,8.26,29.2,78,6711849,72.18,201,6140532,66.03,371,4489548,48.28,1425,791372,8.51
2022-04-12,62.58,8.29,29.12,204,6712053,72.18,168,6140700,66.03,376,4489924,48.28,1361,792733,8.52
2022-04-13,62.58,8.31,29.1,117,6712170,72.18,150,6140850,66.04,298,4490222,48.29,1218,793951,8.54
2022-04-14,62.57,8.33,29.1,85,6712255,72.18,222,6141072,66.04,321,4490543,48.29,1069,795020,8.55
2022-04-15,62.55,8.35,29.1,10,6712265,72.18,51,6141123,66.04,48,4490591,48.29,82,795102,8.55
2022-04-16,62.53,8.37,29.1,3,6712268,72.18,8,6141131,66.04,21,4490612,48.29,29,795131,8.55
2022-04-17,62.52,8.38,29.1,62,6712330,72.18,131,6141262,66.04,229,4490841,48.29,807,795938,8.56
2022-04-18,62.51,8.38,29.1,68,6712398,72.18,109,6141371,66.04,253,4491094,48.3,750,796688,8.57
2022-04-19,62.5,8.4,29.1,62,6712460,72.18,145,6141516,66.04,273,4491367,48.3,842,797530,8.58
2022-04-20,62.48,8.42,29.1,60,6712520,72.18,117,6141633,66.04,235,4491602,48.3,656,798186,8.58
2022-04-21,62.47,8.43,29.1,53,6712573,72.18,109,6141742,66.05,197,4491799,48.3,479,798665,8.59
2022-04-22,62.45,8.44,29.11,3,6712576,72.18,17,6141759,66.05,19,4491818,48.3,20,798685,8.59
2022-04-23,62.43,8.46,29.11,6,6712582,72.18,9,6141768,66.05,17,4491835,48.3,13,798698,8.59
2022-04-24,62.43,8.47,29.1,92,6712674,72.18,250,6142018,66.05,329,4492164,48.31,872,799570,8.6
2022-04-25,62.43,8.47,29.1,104,6712778,72.19,191,6142209,66.05,316,4492480,48.31,739,800309,8.61
2022-04-26,62.42,8.48,29.1,76,6712854,72.19,175,6142384,66.05,304,4492784,48.31,789,801098,8.61
2022-04-27,62.41,8.49,29.1,54,6712908,72.19,160,6142544,66.05,227,4493011,48.32,640,801738,8.62
2022-04-28,62.41,8.5,29.1,97,6713005,72.19,232,6142776,66.06,329,4493340,48.32,872,802610,8.63
2022-04-29,62.39,8.51,29.1,112,6713117,72.19,159,6142935,66.06,184,4493524,48.32,196,802806,8.63
2022-04-30,62.38,8.52,29.1,1,6713118,72.19,3,6142938,66.06,24,4493548,48.32,22,802828,8.63
2022-05-01,62.38,8.53,29.09,135,6713253,72.19,185,6143123,66.06,317,4493865,48.32,630,803458,8.64
2022-05-02,62.37,8.54,29.09,62,6713315,72.19,155,6143278,66.06,235,4494100,48.33,491,803949,8.65
2022-05-03,62.36,8.55,29.09,73,6713388,72.19,151,6143429,66.06,288,4494388,48.33,508,804457,8.65
2022-05-04,62.35,8.57,29.08,23,6713411,72.19,56,6143485,66.06,63,4494451,48.33,129,804586,8.65
2022-05-05,62.34,8.58,29.08,5,6713416,72.19,1,6143486,66.06,8,4494459,48.33,14,804600,8.65
2022-05-06,62.33,8.59,29.08,20,6713436,72.19,59,6143545,66.06,63,4494522,48.33,154,804754,8.65
2022-05-07,62.32,8.6,29.08,1,6713437,72.19,7,6143552,66.06,27,4494549,48.33,24,804778,8.65
2022-05-08,62.31,8.61,29.08,118,6713555,72.19,207,6143759,66.07,270,4494819,48.34,457,805235,8.66
2022-05-09,62.31,8.61,29.08,59,6713614,72.19,162,6143921,66.07,251,4495070,48.34,505,805740,8.66
2022-05-10,62.3,8.62,29.08,131,6713745,72.2,169,6144090,66.07,261,4495331,48.34,508,806248,8.67
2022-05-11,62.3,8.63,29.08,58,6713803,72.2,118,6144208,66.07,183,4495514,48.34,464,806712,8.68
2022-05-12,62.29,8.64,29.07,119,6713922,72.2,200,6144408,66.07,282,4495796,48.35,667,807379,8.68
2022-05-13,62.28,8.65,29.07,11,6713933,72.2,44,6144452,66.07,71,4495867,48.35,110,807489,8.68
2022-05-14,62.26,8.66,29.07,6,6713939,72.2,13,6144465,66.07,14,4495881,48.35,24,807513,8.68
2022-05-15,62.26,8.67,29.07,90,6714029,72.2,175,6144640,66.08,246,4496127,48.35,665,808178,8.69
2022-05-16,62.19,8.65,29.16,68,6714097,72.2,141,6144781,66.08,230,4496357,48.35,510,808688,8.7
2022-05-17,62.18,8.66,29.16,73,6714170,72.2,153,6144934,66.08,267,4496624,48.35,618,809306,8.7
2022-05-18,62.17,8.67,29.16,43,6714213,72.2,99,6145033,66.08,169,4496793,48.36,447,809753,8.71
2022-05-19,62.16,8.68,29.16,62,6714275,72.2,173,6145206,66.08,213,4497006,48.36,499,810252,8.71
2022-05-20,62.15,8.69,29.16,76,6714351,72.2,114,6145320,66.08,130,4497136,48.36,138,810390,8.71
2022-05-21,62.14,8.7,29.16,4,6714355,72.2,7,6145327,66.08,15,4497151,48.36,18,810408,8.71
2022-05-22,62.14,8.71,29.16,85,6714440,72.2,190,6145517,66.09,216,4497367,48.36,427,810835,8.72
2022-05-23,62.14,8.71,29.16,66,6714506,72.2,120,6145637,66.09,157,4497524,48.36,348,811183,8.72
2022-05-24,62.13,8.71,29.15,43,6714549,72.2,119,6145756,66.09,157,4497681,48.37,394,811577,8.73
2022-05-25,62.12,8.72,29.15,61,6714610,72.21,103,6145859,66.09,168,4497849,48.37,337,811914,8.73
2022-05-26,62.11,8.73,29.16,72,6714682,72.21,136,6145995,66.09,186,4498035,48.37,347,812261,8.73
2022-05-27,62.1,8.74,29.16,12,6714694,72.21,29,6146024,66.09,43,4498078,48.37,59,812320,8.74
2022-05-28,62.09,8.75,29.16,2,6714696,72.21,5,6146029,66.09,8,4498086,48.37,12,812332,8.74
2022-05-29,62.09,8.75,29.16,89,6714785,72.21,153,6146182,66.09,163,4498249,48.37,316,812648,8.74
2022-05-30,62.09,8.76,29.16,56,6714841,72.21,134,6146316,66.09,126,4498375,48.37,291,812939,8.74
2022-05-31,62.07,8.78,29.15,45,6714886,72.21,104,6146420,66.1,153,4498528,48.38,351,813290,8.75
2022-06-01,61.95,8.9,29.16,65,6714951,72.21,90,6146510,66.1,119,4498647,48.38,277,813567,8.75
2022-06-02,45.96,24.88,29.15,77,6715028,72.21,156,6146666,66.1,178,4498825,48.38,255,813822,8.75
2022-06-03,45.9,24.95,29.16,10,6715038,72.21,23,6146689,66.1,21,4498846,48.38,33,813855,8.75
2022-06-04,45.84,25,29.16,0,6715038,72.21,7,6146696,66.1,8,4498854,48.38,5,813860,8.75
2022-06-05,45.8,25.05,29.16,11,6715049,72.21,14,6146710,66.1,7,4498861,48.38,2,813862,8.75
2022-06-06,39.96,30.89,29.16,58,6715107,72.21,145,6146855,66.1,161,4499022,48.38,262,814124,8.75
2022-06-07,39.92,30.93,29.15,54,6715161,72.21,134,6146989,66.1,142,4499164,48.38,379,814503,8.76
2022-06-08,39.89,30.96,29.15,59,6715220,72.21,104,6147093,66.1,131,4499295,48.38,497,815000,8.76
2022-06-09,39.86,30.99,29.15,84,6715304,72.21,208,6147301,66.11,234,4499529,48.39,642,815642,8.77
2022-06-10,39.83,31.02,29.15,14,6715318,72.21,51,6147352,66.11,59,4499588,48.39,142,815784,8.77
2022-06-11,39.8,31.05,29.15,0,6715318,72.21,3,6147355,66.11,7,4499595,48.39,19,815803,8.77
2022-06-12,39.8,31.05,29.15,109,6715427,72.21,200,6147555,66.11,192,4499787,48.39,768,816571,8.78
2022-06-13,39.81,31.04,29.15,84,6715511,72.22,142,6147697,66.11,168,4499955,48.39,626,817197,8.79
2022-06-14,39.79,31.06,29.15,116,6715627,72.22,174,6147871,66.11,208,4500163,48.39,759,817956,8.8
2022-06-15,39.78,31.08,29.15,71,6715698,72.22,141,6148012,66.11,207,4500370,48.39,700,818656,8.8
2022-06-16,39.74,31.11,29.14,94,6715792,72.22,136,6148148,66.11,218,4500588,48.4,742,819398,8.81
2022-06-17,39.72,31.14,29.15,16,6715808,72.22,63,6148211,66.11,53,4500641,48.4,125,819523,8.81
2022-06-18,39.68,31.17,29.14,3,6715811,72.22,4,6148215,66.11,11,4500652,48.4,15,819538,8.81
2022-06-19,39.53,31.33,29.15,115,6715926,72.22,208,6148423,66.12,318,4500970,48.4,877,820415,8.82
2022-06-20,33.92,36.85,29.23,99,6716025,72.22,152,6148575,66.12,307,4501277,48.4,922,821337,8.83
2022-06-21,33.58,37.19,29.23,94,6716119,72.22,154,6148729,66.12,375,4501652,48.41,1229,822566,8.85
2022-06-22,33.28,37.49,29.23,110,6716229,72.22,136,6148865,66.12,339,4501991,48.41,894,823460,8.86
2022-06-23,32.84,37.92,29.23,132,6716361,72.22,217,6149082,66.12,525,4502516,48.42,1146,824606,8.87
2022-06-24,32.43,38.34,29.24,19,6716380,72.22,35,6149117,66.12,110,4502626,48.42,208,824814,8.87
2022-06-25,32.04,38.72,29.24,1,6716381,72.22,3,6149120,66.12,13,4502639,48.42,16,824830,8.87
2022-06-26,31.63,39.13,29.24,107,6716488,72.23,158,6149278,66.13,379,4503018,48.42,933,825763,8.88
2022-06-27,31.29,39.47,29.24,86,6716574,72.23,172,6149450,66.13,392,4503410,48.43,1028,826791,8.89
2022-06-28,30.86,39.91,29.24,85,6716659,72.23,151,6149601,66.13,363,4503773,48.43,932,827723,8.9
2022-06-29,30.48,40.28,29.24,76,6716735,72.23,108,6149709,66.13,265,4504038,48.43,816,828539,8.91
2022-06-30,30.05,40.71,29.24,86,6716821,72.23,165,6149874,66.13,355,4504393,48.44,1062,829601,8.92
2022-07-01,29.62,41.14,29.24,22,6716843,72.23,28,6149902,66.13,55,4504448,48.44,80,829681,8.92
2022-07-02,29.2,41.56,29.24,1,6716844,72.23,2,6149904,66.13,8,4504456,48.44,18,829699,8.92
2022-07-03,28.81,41.95,29.24,100,6716944,72.23,178,6150082,66.13,322,4504778,48.44,636,830335,8.93
2022-07-04,28.5,42.26,29.24,76,6717020,72.23,140,6150222,66.14,278,4505056,48.45,749,831084,8.94
2022-07-05,28.06,42.7,29.24,59,6717079,72.23,142,6150364,66.14,302,4505358,48.45,688,831772,8.94
2022-07-06,27.39,43.37,29.24,78,6717157,72.23,124,6150488,66.14,211,4505569,48.45,646,832418,8.95
2022-07-07,26.48,44.28,29.24,82,6717239,72.23,165,6150653,66.14,267,4505836,48.45,721,833139,8.96
2022-07-08,25.47,45.29,29.24,17,6717256,72.23,33,6150686,66.14,69,4505905,48.45,131,833270,8.96
2022-07-09,24.42,46.34,29.24,0,6717256,72.23,1,6150687,66.14,3,4505908,48.45,3,833273,8.96
2022-07-10,23.77,46.99,29.24,90,6717346,72.23,164,6150851,66.14,229,4506137,48.46,470,833743,8.97
2022-07-11,23.22,47.54,29.24,64,6717410,72.24,142,6150993,66.14,248,4506385,48.46,575,834318,8.97
2022-07-12,22.13,48.63,29.24,69,6717479,72.24,129,6151122,66.15,207,4506592,48.46,558,834876,8.98
2022-07-13,21.1,49.66,29.24,43,6717522,72.24,101,6151223,66.15,165,4506757,48.46,488,835364,8.98
2022-07-14,20.12,50.63,29.24,70,6717592,72.24,147,6151370,66.15,208,4506965,48.47,513,835877,8.99
2022-07-15,19.27,51.48,29.25,64,6717656,72.24,88,6151458,66.15,127,4507092,48.47,168,836045,8.99
2022-07-16,18.29,52.46,29.25,0,6717656,72.24,6,6151464,66.15,7,4507099,48.47,8,836053,8.99
2022-07-17,17.83,52.92,29.25,77,6717733,72.24,183,6151647,66.15,241,4507340,48.47,468,836521,9
2022-07-18,17.48,53.26,29.26,62,6717795,72.24,158,6151805,66.15,207,4507547,48.47,511,837032,9
2022-07-19,16.77,53.97,29.26,63,6717858,72.24,147,6151952,66.16,173,4507720,48.47,368,837400,9.01
2022-07-20,16.09,54.64,29.26,51,6717909,72.24,134,6152086,66.16,137,4507857,48.48,423,837823,9.01
2022-07-21,15.43,55.3,29.27,62,6717971,72.24,160,6152246,66.16,176,4508033,48.48,341,838164,9.01
2022-07-22,14.64,56.08,29.28,10,6717981,72.24,36,6152282,66.16,43,4508076,48.48,56,838220,9.01
2022-07-23,14.17,56.55,29.28,0,6717981,72.24,4,6152286,66.16,4,4508080,48.48,9,838229,9.01
2022-07-24,13.55,57.16,29.29,58,6718039,72.24,128,6152414,66.16,197,4508277,48.48,364,838593,9.02
2022-07-25,13.09,57.61,29.3,48,6718087,72.24,107,6152521,66.16,172,4508449,48.48,336,838929,9.02
2022-07-26,12.46,58.23,29.3,47,6718134,72.24,99,6152620,66.16,111,4508560,48.48,270,839199,9.02
2022-07-27,11.89,58.8,29.31,44,6718178,72.24,125,6152745,66.16,132,4508692,48.48,243,839442,9.03
2022-07-28,11.35,59.34,29.31,62,6718240,72.24,143,6152888,66.17,148,4508840,48.49,221,839663,9.03
2022-07-29,10.85,59.83,29.32,10,6718250,72.24,25,6152913,66.17,27,4508867,48.49,31,839694,9.03
2022-07-30,10.34,60.33,29.33,0,6718250,72.24,0,6152913,66.17,1,4508868,48.49,1,839695,9.03
2022-07-31,9.97,60.7,29.33,56,6718306,72.25,134,6153047,66.17,131,4508999,48.49,252,839947,9.03
2022-08-01,9.47,61.19,29.34,54,6718360,72.25,76,6153123,66.17,91,4509090,48.49,152,840099,9.03
2022-08-02,8.92,61.73,29.35,111,6718471,72.25,119,6153242,66.17,157,4509247,48.49,264,840363,9.04
2022-08-03,8.46,62.19,29.35,76,6718547,72.25,71,6153313,66.17,92,4509339,48.49,181,840544,9.04
2022-08-04,8.04,62.61,29.36,133,6718680,72.25,133,6153446,66.17,111,4509450,48.49,246,840790,9.04
2022-08-05,7.71,62.93,29.36,31,6718711,72.25,23,6153469,66.17,13,4509463,48.49,24,840814,9.04
2022-08-06,7.32,63.32,29.36,1,6718712,72.25,2,6153471,66.17,3,4509466,48.49,5,840819,9.04
2022-08-07,6.92,63.71,29.37,89,6718801,72.25,97,6153568,66.17,69,4509535,48.49,169,840988,9.04
2022-08-08,6.74,63.89,29.37,109,6718910,72.25,92,6153660,66.17,92,4509627,48.49,172,841160,9.05
2022-08-09,6.25,64.37,29.38,96,6719006,72.25,90,6153750,66.17,99,4509726,48.5,213,841373,9.05
2022-08-10,5.91,64.71,29.38,77,6719083,72.25,60,6153810,66.17,76,4509802,48.5,115,841488,9.05
2022-08-11,5.59,65.03,29.38,54,6719137,72.25,101,6153911,66.18,91,4509893,48.5,156,841644,9.05
2022-08-12,5.35,65.27,29.38,8,6719145,72.25,12,6153923,66.18,18,4509911,48.5,29,841673,9.05
2022-08-13,5.1,65.52,29.38,0,6719145,72.25,2,6153925,66.18,2,4509913,48.5,3,841676,9.05
2022-08-14,4.87,65.75,29.39,74,6719219,72.26,75,6154000,66.18,82,4509995,48.5,150,841826,9.05
2022-08-15,4.74,65.87,29.39,69,6719288,72.26,80,6154080,66.18,92,4510087,48.5,144,841970,9.05
2022-08-16,4.46,66.15,29.39,82,6719370,72.26,84,6154164,66.18,84,4510171,48.5,187,842157,9.06
2022-08-17,4.16,66.44,29.39,46,6719416,72.26,56,6154220,66.18,36,4510207,48.5,116,842273,9.06
2022-08-18,3.98,66.63,29.39,70,6719486,72.26,93,6154313,66.18,120,4510327,48.5,173,842446,9.06
2022-08-19,3.83,66.78,29.39,79,6719565,72.26,67,6154380,66.18,56,4510383,48.5,38,842484,9.06
2022-08-20,3.67,66.94,29.39,1,6719566,72.26,1,6154381,66.18,3,4510386,48.5,3,842487,9.06
2022-08-21,3.52,67.08,29.4,52,6719618,72.26,85,6154466,66.18,84,4510470,48.5,197,842684,9.06
2022-08-22,3.44,67.16,29.4,89,6719707,72.26,74,6154540,66.18,103,4510573,48.5,144,842828,9.06
2022-08-23,3.27,67.33,29.4,72,6719779,72.26,106,6154646,66.18,84,4510657,48.51,180,843008,9.07
2022-08-24,3.15,67.46,29.4,38,6719817,72.26,80,6154726,66.18,49,4510706,48.51,133,843141,9.07
2022-08-25,3.03,67.57,29.4,53,6719870,72.26,75,6154801,66.19,98,4510804,48.51,193,843334,9.07
2022-08-26,2.94,67.66,29.4,4,6719874,72.26,15,6154816,66.19,9,4510813,48.51,14,843348,9.07
2022-08-27,2.84,67.76,29.4,0,6719874,72.26,0,6154816,66.19,0,4510813,48.51,0,843348,9.07
2022-08-28,2.75,67.85,29.4,55,6719929,72.26,80,6154896,66.19,85,4510898,48.51,102,843450,9.07
2022-08-29,2.69,67.91,29.4,48,6719977,72.26,68,6154964,66.19,89,4510987,48.51,107,843557,9.07
2022-08-30,2.6,68,29.4,85,6720062,72.26,113,6155077,66.19,85,4511072,48.51,131,843688,9.07
2022-08-31,2.53,68.07,29.4,42,6720104,72.26,89,6155166,66.19,70,4511142,48.51,96,843784,9.07
2022-09-01,2.46,68.14,29.4,29,6720133,72.27,84,6155250,66.19,58,4511200,48.51,113,843897,9.07
2022-09-02,2.4,68.2,29.4,6,6720139,72.27,20,6155270,66.19,13,4511213,48.51,10,843907,9.08
2022-09-03,2.33,68.27,29.4,2,6720141,72.27,0,6155270,66.19,3,4511216,48.51,1,843908,9.08
2022-09-04,2.27,68.32,29.4,64,6720205,72.27,133,6155403,66.19,80,4511296,48.51,121,844029,9.08
2022-09-05,2.23,68.37,29.4,44,6720249,72.27,77,6155480,66.19,58,4511354,48.51,90,844119,9.08
2022-09-06,2.17,68.42,29.4,60,6720309,72.27,104,6155584,66.19,78,4511432,48.51,130,844249,9.08
2022-09-07,2.12,68.47,29.4,28,6720337,72.27,63,6155647,66.19,53,4511485,48.51,95,844344,9.08
2022-09-08,2.07,68.53,29.4,50,6720387,72.27,103,6155750,66.2,70,4511555,48.52,77,844421,9.08
2022-09-09,2.03,68.57,29.4,10,6720397,72.27,21,6155771,66.2,16,4511571,48.52,17,844438,9.08
2022-09-10,1.97,68.62,29.4,1,6720398,72.27,0,6155771,66.2,5,4511576,48.52,2,844440,9.08
2022-09-11,1.92,68.67,29.41,39,6720437,72.27,117,6155888,66.2,78,4511654,48.52,116,844556,9.08
2022-09-12,1.88,68.71,29.41,24,6720461,72.27,72,6155960,66.2,52,4511706,48.52,68,844624,9.08
2022-09-13,1.82,68.77,29.41,44,6720505,72.27,113,6156073,66.2,54,4511760,48.52,103,844727,9.08
2022-09-14,1.78,68.82,29.41,21,6720526,72.27,64,6156137,66.2,54,4511814,48.52,62,844789,9.08
2022-09-15,1.73,68.86,29.41,32,6720558,72.27,77,6156214,66.2,63,4511877,48.52,107,844896,9.09
2022-09-16,1.7,68.89,29.41,51,6720609,72.27,52,6156266,66.2,27,4511904,48.52,28,844924,9.09
2022-09-17,1.66,68.93,29.41,3,6720612,72.27,0,6156266,66.2,1,4511905,48.52,0,844924,9.09
2022-09-18,1.63,68.96,29.41,28,6720640,72.27,66,6156332,66.2,52,4511957,48.52,115,845039,9.09
2022-09-19,1.61,68.98,29.41,28,6720668,72.27,74,6156406,66.2,44,4512001,48.52,57,845096,9.09
2022-09-20,1.56,69.03,29.41,41,6720709,72.27,94,6156500,66.2,75,4512076,48.52,102,845198,9.09
2022-09-21,1.55,69.05,29.41,22,6720731,72.27,54,6156554,66.2,29,4512105,48.52,56,845254,9.09
2022-09-22,1.52,69.07,29.4,42,6720773,72.27,56,6156610,66.21,27,4512132,48.52,41,845295,9.09
2022-09-23,1.5,69.1,29.41,7,6720780,72.27,11,6156621,66.21,4,4512136,48.52,1,845296,9.09
2022-09-24,1.47,69.13,29.41,0,6720780,72.27,0,6156621,66.21,1,4512137,48.52,0,845296,9.09
2022-09-25,1.46,69.13,29.41,5,6720785,72.27,20,6156641,66.21,10,4512147,48.52,27,845323,9.09
2022-09-26,1.46,69.13,29.41,0,6720785,72.27,5,6156646,66.21,2,4512149,48.52,2,845325,9.09
2022-09-27,1.42,69.17,29.41,2,6720787,72.27,0,6156646,66.21,3,4512152,48.52,3,845328,9.09
2022-09-28,1.39,69.21,29.41,24,6720811,72.27,36,6156682,66.21,25,4512177,48.52,17,845345,9.09
2022-09-29,1.37,69.22,29.41,32,6720843,72.27,61,6156743,66.21,13,4512190,48.52,48,845393,9.09
2022-09-30,1.35,69.24,29.41,4,6720847,72.27,12,6156755,66.21,2,4512192,48.52,0,845393,9.09
2022-10-01,1.31,69.29,29.41,0,6720847,72.27,1,6156756,66.21,1,4512193,48.52,1,845394,9.09
2022-10-02,1.31,69.29,29.41,28,6720875,72.27,51,6156807,66.21,20,4512213,48.52,73,845467,9.09
2022-10-03,1.31,69.28,29.4,23,6720898,72.27,29,6156836,66.21,13,4512226,48.52,12,845479,9.09
2022-10-04,1.27,69.32,29.4,7,6720905,72.27,11,6156847,66.21,0,4512226,48.52,2,845481,9.09
2022-10-05,1.28,69.31,29.4,1,6720906,72.27,0,6156847,66.21,0,4512226,48.52,1,845482,9.09
2022-10-06,1.31,69.28,29.4,17,6720923,72.27,43,6156890,66.21,10,4512236,48.52,20,845502,9.09
2022-10-07,1.3,69.29,29.41,3,6720926,72.27,3,6156893,66.21,4,4512240,48.52,0,845502,9.09
2022-10-08,1.26,69.33,29.41,1,6720927,72.27,1,6156894,66.21,0,4512240,48.52,1,845503,9.09
2022-10-09,1.31,69.28,29.41,7,6720934,72.27,22,6156916,66.21,6,4512246,48.52,5,845508,9.09
2022-10-10,1.38,69.22,29.4,5,6720939,72.27,2,6156918,66.21,0,4512246,48.52,0,845508,9.09
2022-10-11,1.36,69.24,29.4,12,6720951,72.27,32,6156950,66.21,1,4512247,48.52,32,845540,9.09
2022-10-12,1.34,69.26,29.4,13,6720964,72.27,24,6156974,66.21,5,4512252,48.52,4,845544,9.09
2022-10-13,1.4,69.2,29.4,17,6720981,72.27,16,6156990,66.21,5,4512257,48.52,9,845553,9.09
2022-10-14,1.4,69.2,29.4,6,6720987,72.27,7,6156997,66.21,4,4512261,48.52,3,845556,9.09
2022-10-15,1.38,69.22,29.4,0,6720987,72.27,1,6156998,66.21,0,4512261,48.52,1,845557,9.09
2022-10-16,1.39,69.2,29.4,5,6720992,72.27,13,6157011,66.21,5,4512266,48.52,8,845565,9.09
2022-10-17,1.39,69.2,29.4,1,6720993,72.27,1,6157012,66.21,4,4512270,48.52,1,845566,9.09
2022-10-18,1.43,69.17,29.4,24,6721017,72.27,31,6157043,66.21,14,4512284,48.52,16,845582,9.09
2022-10-19,1.47,69.12,29.4,18,6721035,72.27,25,6157068,66.21,7,4512291,48.52,3,845585,9.09
2022-10-20,1.5,69.1,29.4,26,6721061,72.28,44,6157112,66.21,12,4512303,48.52,4,845589,9.09
2022-10-21,1.5,69.09,29.4,4,6721065,72.28,7,6157119,66.21,2,4512305,48.52,4,845593,9.09
2022-10-22,1.49,69.1,29.4,0,6721065,72.28,0,6157119,66.21,0,4512305,48.52,0,845593,9.09
2022-10-23,1.51,69.08,29.4,15,6721080,72.28,33,6157152,66.21,18,4512323,48.52,10,845603,9.09
2022-10-24,1.51,69.08,29.41,20,6721100,72.28,16,6157168,66.21,19,4512342,48.52,9,845612,9.09
2022-10-25,1.55,69.04,29.4,18,6721118,72.28,34,6157202,66.21,23,4512365,48.52,21,845633,9.09
2022-10-26,1.61,68.99,29.4,18,6721136,72.28,25,6157227,66.21,8,4512373,48.52,10,845643,9.09
2022-10-27,1.67,68.93,29.4,17,6721153,72.28,27,6157254,66.21,14,4512387,48.52,17,845660,9.09
2022-10-28,1.67,68.93,29.4,60,6721213,72.28,51,6157305,66.21,31,4512418,48.52,18,845678,9.09
2022-10-29,1.66,68.94,29.4,0,6721213,72.28,0,6157305,66.21,0,4512418,48.52,0,845678,9.09
2022-10-30,1.71,68.89,29.4,15,6721228,72.28,23,6157328,66.21,15,4512433,48.52,9,845687,9.09
2022-10-31,1.76,68.84,29.4,17,6721245,72.28,16,6157344,66.21,8,4512441,48.52,9,845696,9.09
2022-11-01,1.82,68.78,29.4,2,6721247,72.28,1,6157345,66.21,1,4512442,48.52,0,845696,9.09
2022-11-02,1.88,68.72,29.4,14,6721261,72.28,14,6157359,66.21,7,4512449,48.52,8,845704,9.09
2022-11-03,1.96,68.64,29.4,17,6721278,72.28,18,6157377,66.21,11,4512460,48.52,8,845712,9.09
2022-11-04,1.98,68.63,29.4,4,6721282,72.28,6,6157383,66.21,1,4512461,48.52,2,845714,9.09
2022-11-05,1.97,68.63,29.4,0,6721282,72.28,0,6157383,66.21,0,4512461,48.52,0,845714,9.09
2022-11-06,2.03,68.57,29.4,27,6721309,72.28,33,6157416,66.21,11,4512472,48.52,23,845737,9.09
2022-11-07,2.1,68.51,29.4,15,6721324,72.28,11,6157427,66.21,10,4512482,48.52,54,845791,9.1
2022-11-08,2.1,68.5,29.4,28,6721352,72.28,26,6157453,66.21,14,4512496,48.53,9,845800,9.1
2022-11-09,2.16,68.45,29.4,16,6721368,72.28,20,6157473,66.21,17,4512513,48.53,9,845809,9.1
2022-11-10,2.22,68.39,29.4,28,6721396,72.28,17,6157490,66.21,12,4512525,48.53,6,845815,9.1
2022-11-11,2.23,68.37,29.4,1,6721397,72.28,17,6157507,66.21,2,4512527,48.53,1,845816,9.1
2022-11-12,2.22,68.38,29.4,1,6721398,72.28,0,6157507,66.21,2,4512529,48.53,0,845816,9.1
2022-11-13,2.29,68.31,29.4,29,6721427,72.28,31,6157538,66.22,17,4512546,48.53,8,845824,9.1
2022-11-14,2.37,68.23,29.4,20,6721447,72.28,17,6157555,66.22,21,4512567,48.53,16,845840,9.1
2022-11-15,2.43,68.17,29.4,40,6721487,72.28,25,6157580,66.22,16,4512583,48.53,18,845858,9.1
2022-11-16,2.5,68.1,29.4,14,6721501,72.28,27,6157607,66.22,16,4512599,48.53,11,845869,9.1
2022-11-17,2.59,68.02,29.4,19,6721520,72.28,33,6157640,66.22,18,4512617,48.53,5,845874,9.1
2022-11-18,2.61,67.99,29.4,6,6721526,72.28,4,6157644,66.22,4,4512621,48.53,0,845874,9.1
2022-11-19,2.6,68,29.4,0,6721526,72.28,0,6157644,66.22,0,4512621,48.53,0,845874,9.1
2022-11-20,2.67,67.93,29.4,19,6721545,72.28,20,6157664,66.22,6,4512627,48.53,13,845887,9.1
2022-11-21,2.76,67.85,29.4,14,6721559,72.28,13,6157677,66.22,6,4512633,48.53,7,845894,9.1
2022-11-22,2.83,67.77,29.4,27,6721586,72.28,13,6157690,66.22,17,4512650,48.53,6,845900,9.1
2022-11-23,2.9,67.7,29.4,17,6721603,72.28,20,6157710,66.22,4,4512654,48.53,8,845908,9.1
2022-11-24,2.98,67.62,29.4,9,6721612,72.28,16,6157726,66.22,13,4512667,48.53,27,845935,9.1
2022-11-25,3,67.6,29.4,12,6721624,72.28,51,6157777,66.22,14,4512681,48.53,12,845947,9.1
2022-11-26,3,67.61,29.4,0,6721624,72.28,2,6157779,66.22,0,4512681,48.53,0,845947,9.1
2022-11-27,3.06,67.54,29.4,14,6721638,72.28,15,6157794,66.22,19,4512700,48.53,2,845949,9.1
2022-11-28,3.14,67.47,29.4,8,6721646,72.28,23,6157817,66.22,8,4512708,48.53,6,845955,9.1
2022-11-29,3.2,67.4,29.4,38,6721684,72.28,31,6157848,66.22,19,4512727,48.53,14,845969,9.1
2022-11-30,3.27,67.34,29.39,12,6721696,72.28,25,6157873,66.22,20,4512747,48.53,8,845977,9.1
2022-12-01,3.34,67.26,29.39,13,6721709,72.28,18,6157891,66.22,15,4512762,48.53,4,845981,9.1
2022-12-02,3.36,67.24,29.39,2,6721711,72.28,7,6157898,66.22,4,4512766,48.53,10,845991,9.1
2022-12-03,3.36,67.24,29.39,0,6721711,72.28,0,6157898,66.22,0,4512766,48.53,1,845992,9.1
2022-12-04,3.42,67.18,29.39,38,6721749,72.28,27,6157925,66.22,30,4512796,48.53,26,846018,9.1
2022-12-05,3.48,67.12,29.4,9,6721758,72.28,17,6157942,66.22,11,4512807,48.53,21,846039,9.1
2022-12-06,3.55,67.06,29.39,32,6721790,72.28,26,6157968,66.22,27,4512834,48.53,8,846047,9.1
2022-12-07,3.62,66.99,29.39,10,6721800,72.28,17,6157985,66.22,8,4512842,48.53,8,846055,9.1
2022-12-08,3.69,66.91,29.39,19,6721819,72.28,31,6158016,66.22,15,4512857,48.53,3,846058,9.1
2022-12-09,3.71,66.9,29.39,4,6721823,72.28,1,6158017,66.22,1,4512858,48.53,7,846065,9.1
2022-12-10,3.7,66.91,29.39,1,6721824,72.28,0,6158017,66.22,2,4512860,48.53,0,846065,9.1
2022-12-11,3.76,66.84,29.39,16,6721840,72.28,22,6158039,66.22,15,4512875,48.53,16,846081,9.1
2022-12-12,3.82,66.78,29.39,15,6721855,72.28,14,6158053,66.22,5,4512880,48.53,0,846081,9.1
2022-12-13,3.87,66.73,29.39,17,6721872,72.28,44,6158097,66.22,18,4512898,48.53,13,846094,9.1
2022-12-14,3.92,66.69,29.39,17,6721889,72.28,16,6158113,66.22,7,4512905,48.53,3,846097,9.1
2022-12-15,3.97,66.64,29.39,22,6721911,72.28,19,6158132,66.22,7,4512912,48.53,12,846109,9.1
2022-12-16,3.98,66.62,29.39,12,6721923,72.28,4,6158136,66.22,1,4512913,48.53,0,846109,9.1
2022-12-17,3.97,66.63,29.39,0,6721923,72.28,0,6158136,66.22,0,4512913,48.53,0,846109,9.1
2022-12-18,4.01,66.59,29.39,9,6721932,72.28,18,6158154,66.22,8,4512921,48.53,3,846112,9.1
2022-12-19,4.06,66.54,29.4,7,6721939,72.28,14,6158168,66.22,12,4512933,48.53,1,846113,9.1
2022-12-20,4.1,66.51,29.39,12,6721951,72.28,17,6158185,66.22,2,4512935,48.53,2,846115,9.1
2022-12-21,4.14,66.47,29.39,9,6721960,72.28,14,6158199,66.22,13,4512948,48.53,3,846118,9.1
2022-12-22,4.18,66.42,29.39,4,6721964,72.28,10,6158209,66.22,14,4512962,48.53,1,846119,9.1
2022-12-23,4.19,66.42,29.39,10,6721974,72.28,0,6158209,66.22,2,4512964,48.53,0,846119,9.1
2022-12-24,4.18,66.43,29.39,0,6721974,72.28,0,6158209,66.22,0,4512964,48.53,0,846119,9.1
2022-12-25,4.21,66.4,29.39,6,6721980,72.28,17,6158226,66.22,1,4512965,48.53,2,846121,9.1
2022-12-26,4.24,66.36,29.39,17,6721997,72.28,6,6158232,66.22,13,4512978,48.53,0,846121,9.1
2022-12-27,4.25,66.36,29.39,24,6722021,72.29,24,6158256,66.22,17,4512995,48.53,7,846128,9.1
2022-12-28,4.26,66.34,29.39,17,6722038,72.29,18,6158274,66.22,25,4513020,48.53,64,846192,9.1
2022-12-29,4.28,66.33,29.39,15,6722053,72.29,23,6158297,66.22,14,4513034,48.53,4,846196,9.1
2022-12-30,4.27,66.33,29.4,4,6722057,72.29,5,6158302,66.22,3,4513037,48.53,1,846197,9.1
2022-12-31,4.26,66.35,29.4,0,6722057,72.29,1,6158303,66.22,0,4513037,48.53,0,846197,9.1
2023-01-01,4.27,66.33,29.4,8,6722065,72.29,23,6158326,66.22,2,4513039,48.53,1,846198,9.1
2023-01-02,4.29,66.31,29.4,10,6722075,72.29,8,6158334,66.22,3,4513042,48.53,1,846199,9.1
2023-01-03,4.3,66.3,29.4,20,6722095,72.29,17,6158351,66.22,7,4513049,48.53,4,846203,9.1
2023-01-04,4.3,66.3,29.4,7,6722102,72.29,11,6158362,66.22,4,4513053,48.53,2,846205,9.1
2023-01-05,4.31,66.29,29.39,13,6722115,72.29,19,6158381,66.22,11,4513064,48.53,4,846209,9.1
2023-01-06,4.31,66.29,29.4,2,6722117,72.29,1,6158382,66.22,1,4513065,48.53,0,846209,9.1
2023-01-07,4.3,66.31,29.4,1,6722118,72.29,0,6158382,66.22,0,4513065,48.53,0,846209,9.1
2023-01-08,4.33,66.28,29.4,15,6722133,72.29,33,6158415,66.22,10,4513075,48.53,2,846211,9.1
2023-01-09,4.34,66.26,29.4,12,6722145,72.29,20,6158435,66.22,1,4513076,48.53,1,846212,9.1
2023-01-10,4.35,66.25,29.4,39,6722184,72.29,27,6158462,66.23,10,4513086,48.53,4,846216,9.1
2023-01-11,4.36,66.25,29.4,15,6722199,72.29,17,6158479,66.23,11,4513097,48.53,2,846218,9.1
2023-01-12,4.37,66.24,29.39,23,6722222,72.29,20,6158499,66.23,12,4513109,48.53,2,846220,9.1
2023-01-13,4.36,66.24,29.4,3,6722225,72.29,2,6158501,66.23,0,4513109,48.53,0,846220,9.1
2023-01-14,4.35,66.25,29.4,1,6722226,72.29,0,6158501,66.23,0,4513109,48.53,0,846220,9.1
2023-01-15,4.36,66.24,29.4,17,6722243,72.29,17,6158518,66.23,4,4513113,48.53,3,846223,9.1
2023-01-16,4.38,66.22,29.4,9,6722252,72.29,15,6158533,66.23,6,4513119,48.53,0,846223,9.1
2023-01-17,4.38,66.22,29.4,15,6722267,72.29,14,6158547,66.23,6,4513125,48.53,0,846223,9.1
2023-01-18,4.39,66.21,29.4,7,6722274,72.29,8,6158555,66.23,4,4513129,48.53,1,846224,9.1
2023-01-19,4.4,66.2,29.4,13,6722287,72.29,15,6158570,66.23,2,4513131,48.53,4,846228,9.1
2023-01-20,4.39,66.2,29.4,5,6722292,72.29,2,6158572,66.23,0,4513131,48.53,1,846229,9.1
2023-01-21,4.39,66.21,29.4,0,6722292,72.29,1,6158573,66.23,0,4513131,48.53,0,846229,9.1
2023-01-22,4.4,66.2,29.4,9,6722301,72.29,3,6158576,66.23,8,4513139,48.53,4,846233,9.1
2023-01-23,4.41,66.19,29.4,11,6722312,72.29,5,6158581,66.23,6,4513145,48.53,0,846233,9.1
2023-01-24,4.41,66.19,29.4,21,6722333,72.29,21,6158602,66.23,11,4513156,48.53,2,846235,9.1
2023-01-25,4.41,66.18,29.4,5,6722338,72.29,5,6158607,66.23,0,4513156,48.53,2,846237,9.1
2023-01-26,4.42,66.18,29.4,10,6722348,72.29,15,6158622,66.23,9,4513165,48.53,2,846239,9.1
2023-01-27,4.41,66.18,29.4,0,6722348,72.29,9,6158631,66.23,0,4513165,48.53,0,846239,9.1
2023-01-28,4.41,66.19,29.4,0,6722348,72.29,0,6158631,66.23,0,4513165,48.53,0,846239,9.1
2023-01-29,4.41,66.19,29.41,11,6722359,72.29,9,6158640,66.23,5,4513170,48.53,2,846241,9.1
2023-01-30,4.42,66.17,29.41,9,6722368,72.29,17,6158657,66.23,2,4513172,48.53,1,846242,9.1
2023-01-31,4.42,66.17,29.41,21,6722389,72.29,23,6158680,66.23,2,4513174,48.53,1,846243,9.1
2023-02-01,4.32,64.71,30.96,10,6722399,72.29,11,6158691,66.23,4,4513178,48.53,0,846243,9.1
2023-02-02,4.33,64.71,30.96,14,6722413,72.29,31,6158722,66.23,3,4513181,48.53,0,846243,9.1
2023-02-03,4.32,64.71,30.97,3,6722416,72.29,1,6158723,66.23,0,4513181,48.53,1,846244,9.1
2023-02-04,4.32,64.72,30.97,0,6722416,72.29,0,6158723,66.23,0,4513181,48.53,0,846244,9.1
2023-02-05,4.32,64.71,30.97,15,6722431,72.29,10,6158733,66.23,6,4513187,48.53,4,846248,9.1
2023-02-06,4.33,64.7,30.97,17,6722448,72.29,13,6158746,66.23,4,4513191,48.53,0,846248,9.1
2023-02-07,4.33,64.7,30.97,22,6722470,72.29,22,6158768,66.23,8,4513199,48.53,2,846250,9.1
2023-02-08,4.33,64.7,30.97,15,6722485,72.29,14,6158782,66.23,1,4513200,48.53,0,846250,9.1
2023-02-09,4.33,64.7,30.97,35,6722520,72.29,34,6158816,66.23,5,4513205,48.53,2,846252,9.1
2023-02-10,4.33,64.7,30.97,2,6722522,72.29,3,6158819,66.23,2,4513207,48.53,0,846252,9.1
2023-02-11,4.33,64.7,30.97,2,6722524,72.29,1,6158820,66.23,0,4513207,48.53,0,846252,9.1
2023-02-12,4.33,64.7,30.97,15,6722539,72.29,21,6158841,66.23,3,4513210,48.53,2,846254,9.1
2023-02-13,4.33,64.7,30.97,14,6722553,72.29,20,6158861,66.23,9,4513219,48.53,2,846256,9.1
2023-02-14,4.33,64.7,30.97,20,6722573,72.29,8,6158869,66.23,7,4513226,48.53,5,846261,9.1
2023-02-15,4.33,64.7,30.97,10,6722583,72.29,17,6158886,66.23,3,4513229,48.53,0,846261,9.1
2023-02-16,4.33,64.7,30.97,22,6722605,72.29,24,6158910,66.23,2,4513231,48.53,0,846261,9.1
2023-02-17,4.33,64.7,30.97,5,6722610,72.29,2,6158912,66.23,1,4513232,48.53,0,846261,9.1
2023-02-18,4.33,64.7,30.97,0,6722610,72.29,1,6158913,66.23,0,4513232,48.53,0,846261,9.1
2023-02-19,4.33,64.7,30.98,16,6722626,72.29,15,6158928,66.23,3,4513235,48.53,0,846261,9.1
2023-02-20,4.33,64.69,30.98,9,6722635,72.29,10,6158938,66.23,1,4513236,48.53,0,846261,9.1
2023-02-21,4.33,64.69,30.98,39,6722674,72.29,19,6158957,66.23,6,4513242,48.53,1,846262,9.1
2023-02-22,4.33,64.7,30.98,3,6722677,72.29,9,6158966,66.23,8,4513250,48.53,0,846262,9.1
2023-02-23,4.33,64.7,30.97,11,6722688,72.29,23,6158989,66.23,5,4513255,48.53,2,846264,9.1
2023-02-24,4.33,64.7,30.98,0,6722688,72.29,6,6158995,66.23,1,4513256,48.53,0,846264,9.1
2023-02-25,4.32,64.7,30.98,3,6722691,72.29,0,6158995,66.23,1,4513257,48.53,0,846264,9.1
2023-02-26,4.32,64.7,30.98,11,6722702,72.29,21,6159016,66.23,1,4513258,48.53,1,846265,9.1
2023-02-27,4.32,64.7,30.98,11,6722713,72.29,26,6159042,66.23,2,4513260,48.53,2,846267,9.1
2023-02-28,4.32,64.7,30.98,7,6722720,72.29,21,6159063,66.23,4,4513264,48.53,2,846269,9.1
2023-03-01,4.32,64.7,30.98,3,6722723,72.29,15,6159078,66.23,1,4513265,48.53,0,846269,9.1
2023-03-02,4.32,64.7,30.98,8,6722731,72.29,36,6159114,66.23,4,4513269,48.53,0,846269,9.1
2023-03-03,4.32,64.7,30.98,2,6722733,72.29,3,6159117,66.23,0,4513269,48.53,0,846269,9.1
2023-03-04,4.32,64.71,30.98,2,6722735,72.29,2,6159119,66.23,0,4513269,48.53,0,846269,9.1
2023-03-05,4.32,64.7,30.98,14,6722749,72.29,29,6159148,66.23,2,4513271,48.53,2,846271,9.1
2023-03-06,4.32,64.7,30.98,16,6722765,72.29,25,6159173,66.23,3,4513274,48.53,0,846271,9.1
2023-03-07,4.32,64.7,30.98,8,6722773,72.29,7,6159180,66.23,2,4513276,48.53,0,846271,9.1
2023-03-08,4.32,64.7,30.98,1,6722774,72.29,22,6159202,66.23,3,4513279,48.53,0,846271,9.1
2023-03-09,4.32,64.71,30.98,15,6722789,72.29,46,6159248,66.23,8,4513287,48.53,0,846271,9.1
2023-03-10,4.31,64.71,30.98,0,6722789,72.29,1,6159249,66.23,2,4513289,48.53,0,846271,9.1
2023-03-11,4.31,64.71,30.98,0,6722789,72.29,0,6159249,66.23,0,4513289,48.53,0,846271,9.1
2023-03-12,4.31,64.71,30.98,9,6722798,72.29,20,6159269,66.23,4,4513293,48.53,1,846272,9.1
2023-03-13,4.31,64.71,30.98,6,6722804,72.29,8,6159277,66.23,1,4513294,48.53,0,846272,9.1
2023-03-14,4.31,64.71,30.98,14,6722818,72.29,15,6159292,66.23,1,4513295,48.53,1,846273,9.1
2023-03-15,4.31,64.71,30.98,4,6722822,72.29,9,6159301,66.23,2,4513297,48.53,0,846273,9.1
2023-03-16,4.31,64.71,30.98,8,6722830,72.29,32,6159333,66.23,2,4513299,48.53,0,846273,9.1
2023-03-17,4.31,64.71,30.98,0,6722830,72.29,4,6159337,66.23,0,4513299,48.53,0,846273,9.1
2023-03-18,4.3,64.71,30.98,0,6722830,72.29,0,6159337,66.23,0,4513299,48.53,0,846273,9.1
2023-03-19,4.3,64.71,30.99,4,6722834,72.29,23,6159360,66.23,4,4513303,48.53,0,846273,9.1
2023-03-20,4.3,64.71,30.99,5,6722839,72.29,21,6159381,66.23,4,4513307,48.53,0,846273,9.1
2023-03-21,4.3,64.71,30.99,14,6722853,72.29,21,6159402,66.24,6,4513313,48.53,0,846273,9.1
2023-03-22,4.3,64.71,30.99,2,6722855,72.29,8,6159410,66.24,0,4513313,48.53,0,846273,9.1
2023-03-23,4.3,64.71,30.99,7,6722862,72.29,11,6159421,66.24,2,4513315,48.53,0,846273,9.1
2023-03-24,4.3,64.71,30.99,0,6722862,72.29,2,6159423,66.24,0,4513315,48.53,0,846273,9.1
2023-03-25,4.3,64.71,30.99,0,6722862,72.29,0,6159423,66.24,0,4513315,48.53,0,846273,9.1
2023-03-26,4.3,64.71,30.99,4,6722866,72.29,15,6159438,66.24,3,4513318,48.53,3,846276,9.1
2023-03-27,4.3,64.71,31,1,6722867,72.29,12,6159450,66.24,1,4513319,48.53,0,846276,9.1
2023-03-28,4.3,64.71,31,4,6722871,72.29,16,6159466,66.24,0,4513319,48.53,0,846276,9.1
2023-03-29,4.29,64.71,31,0,6722871,72.29,0,6159466,66.24,0,4513319,48.53,0,846276,9.1
