Date,Valid vaccinated pop. perc.,Expired vaccinated pop. perc.,Not vaccinated pop. perc.,Vaccinated (daily),Vaccinated (cumu),Vaccinated pop. perc.,Second dose (daily),Second dose (cumu),Second dose pop. perc.,Third dose (daily),Third dose (cumu),Third dose pop. perc.,Fourth dose (daily),Fourth dose (cumu),Fourth dose pop. perc.
2020-12-19,0,0,100,46,70,0,0,4,0,0,0,0,0,0,0
2020-12-20,0,0,100,7395,7465,0.08,0,4,0,0,0,0,0,0,0
2020-12-21,0,0,100,24923,32388,0.35,0,4,0,0,0,0,0,0,0
2020-12-22,0,0,100,44667,77055,0.83,0,4,0,0,0,0,0,0,0
2020-12-23,0,0,100,62918,139973,1.51,0,4,0,0,0,0,0,0,0
2020-12-24,0,0,100,73429,213402,2.29,0,4,0,0,0,0,0,0,0
2020-12-25,0,0,100,38515,251917,2.71,0,4,0,0,0,0,0,0,0
2020-12-26,0,0,100,32617,284534,3.06,0,4,0,0,0,0,0,0,0
2020-12-27,0,0,100,104571,389105,4.18,0,4,0,0,0,0,0,0,0
2020-12-28,0,0,100,135037,524142,5.64,0,4,0,0,0,0,0,0,0
2020-12-29,0,0,100,156334,680476,7.32,2,6,0,0,0,0,0,0,0
2020-12-30,0,0,100,153182,833658,8.96,0,6,0,0,0,0,0,0,0
2020-12-31,0,0,100,158590,992248,10.67,0,6,0,0,0,0,0,0,0
2021-01-01,0,0,100,71435,1063683,11.44,0,6,0,0,0,0,0,0,0
2021-01-02,0,0,100,71742,1135425,12.21,0,6,0,0,0,0,0,0,0
2021-01-03,0,0,100,149763,1285188,13.82,0,6,0,0,0,0,0,0,0
2021-01-04,0,0,100,152198,1437386,15.46,1,7,0,0,0,0,0,0,0
2021-01-05,0,0,100,125215,1562601,16.8,4,11,0,0,0,0,0,0,0
2021-01-06,0,0,100,103369,1665970,17.91,2,13,0,0,0,0,0,0,0
2021-01-07,0,0,100,116062,1782032,19.16,9,22,0,0,0,0,0,0,0
2021-01-08,0,0,100,66461,1848493,19.88,5,27,0,0,0,0,0,0,0
2021-01-09,0,0,100,44552,1893045,20.36,24,51,0,0,0,0,0,0,0
2021-01-10,0,0,100,37648,1930693,20.76,6000,6051,0.07,0,0,0,0,0,0
2021-01-11,0,0,100,21174,1951867,20.99,19264,25315,0.27,0,0,0,0,0,0
2021-01-12,0,0,100,24075,1975942,21.25,35674,60989,0.66,0,0,0,0,0,0
2021-01-13,0,0,100,52074,2028016,21.81,56874,117863,1.27,0,0,0,0,0,0
2021-01-14,0,0,100,56476,2084492,22.42,68838,186701,2.01,0,0,0,0,0,0
2021-01-15,0,0,100,30775,2115267,22.75,35940,222641,2.39,0,0,0,0,0,0
2021-01-16,0,0,100,29479,2144746,23.06,26006,248647,2.67,0,0,0,0,0,0
2021-01-17,0.31,0,99.69,68441,2213187,23.8,84596,333243,3.58,0,0,0,0,0,0
2021-01-18,0.58,0,99.42,69816,2283003,24.55,120434,453677,4.88,0,0,0,0,0,0
2021-01-19,1.09,0,98.91,72894,2355897,25.33,137847,591524,6.36,0,0,0,0,0,0
2021-01-20,1.9,0,98.1,76917,2432814,26.16,143762,735286,7.91,0,0,0,0,0,0
2021-01-21,2.88,0,97.12,70001,2502815,26.91,164471,899757,9.68,0,0,0,0,0,0
2021-01-22,3.39,0,96.61,37928,2540743,27.32,71131,970888,10.44,0,0,0,0,0,0
2021-01-23,3.77,0,96.23,39965,2580708,27.75,53594,1024482,11.02,0,0,0,0,0,0
2021-01-24,4.96,0,95.04,69146,2649854,28.5,140707,1165189,12.53,0,0,0,0,0,0
2021-01-25,6.61,0,93.39,80943,2730797,29.37,139519,1304708,14.03,0,0,0,0,0,0
2021-01-26,8.45,0,91.55,78730,2809527,30.21,126442,1431150,15.39,0,0,0,0,0,0
2021-01-27,10.34,0,89.66,77978,2887505,31.05,125067,1556217,16.73,0,0,0,0,0,0
2021-01-28,12.43,0,87.57,79569,2967074,31.91,130629,1686846,18.14,0,0,0,0,0,0
2021-01-29,13.34,0,86.66,36703,3003777,32.3,64792,1751638,18.84,0,0,0,0,0,0
2021-01-30,14.02,0,85.98,34394,3038171,32.67,42766,1794404,19.3,0,0,0,0,0,0
2021-01-31,15.76,0,84.24,73330,3111501,33.46,59502,1853906,19.94,0,0,0,0,0,0
2021-02-01,17.48,0,82.52,82508,3194009,34.35,35356,1889262,20.32,0,0,0,0,0,0
2021-02-02,19.01,0,80.99,70102,3264111,35.1,31071,1920333,20.65,0,0,0,0,0,0
2021-02-03,20.47,0,79.53,60307,3324418,35.75,51443,1971776,21.2,0,0,0,0,0,0
2021-02-04,22,0,78,72632,3397050,36.53,58096,2029872,21.83,0,0,0,0,0,0
2021-02-05,22.75,0,77.25,33943,3430993,36.9,28805,2058677,22.14,0,0,0,0,0,0
2021-02-06,23.23,0,76.77,21621,3452614,37.13,22231,2080908,22.38,0,0,0,0,0,0
2021-02-07,23.99,0,76.01,54080,3506694,37.71,68739,2149647,23.12,0,0,0,0,0,0
2021-02-08,24.52,0,75.48,58639,3565333,38.34,65467,2215114,23.82,0,0,0,0,0,0
2021-02-09,25.04,0,74.96,66352,3631685,39.05,67577,2282691,24.55,0,0,0,0,0,0
2021-02-10,25.77,0,74.23,70569,3702254,39.81,72310,2355001,25.32,0,0,0,0,0,0
2021-02-11,26.61,0,73.39,81173,3783427,40.69,72106,2427107,26.1,0,0,0,0,0,0
2021-02-12,27.02,0,72.98,39106,3822533,41.11,37596,2464703,26.5,0,0,0,0,0,0
2021-02-13,27.33,0,72.67,27463,3849996,41.4,30440,2495143,26.83,0,0,0,0,0,0
2021-02-14,28.25,0,71.75,74915,3924911,42.21,69083,2564226,27.57,0,0,0,0,0,0
2021-02-15,29.17,0,70.83,81544,4006455,43.08,75719,2639945,28.39,0,0,0,0,0,0
2021-02-16,30.11,0,69.89,83416,4089871,43.98,78297,2718242,29.23,0,0,0,0,0,0
2021-02-17,31.01,0,68.99,61983,4151854,44.65,75641,2793883,30.04,0,0,0,0,0,0
2021-02-18,31.94,0,68.06,69157,4221011,45.39,79738,2873621,30.9,0,0,0,0,0,0
2021-02-19,32.45,0,67.55,39674,4260685,45.82,38161,2911782,31.31,0,0,0,0,0,0
2021-02-20,32.85,0,67.15,31650,4292335,46.16,28723,2940505,31.62,0,0,0,0,0,0
2021-02-21,33.8,0,66.2,79434,4371769,47.01,78444,3018949,32.46,0,0,0,0,0,0
2021-02-22,34.83,0,65.17,85058,4456827,47.93,80592,3099541,33.33,0,0,0,0,0,0
2021-02-23,35.84,0,64.16,77328,4534155,48.76,70485,3170026,34.09,0,0,0,0,0,0
2021-02-24,36.76,0,63.24,61066,4595221,49.41,63144,3233170,34.77,0,0,0,0,0,0
2021-02-25,37.66,0,62.34,51727,4646948,49.97,64805,3297975,35.46,0,0,0,0,0,0
2021-02-26,38.1,0,61.9,25911,4672859,50.25,32041,3330016,35.81,0,0,0,0,0,0
2021-02-27,38.42,0,61.58,18351,4691210,50.45,21196,3351212,36.04,0,0,0,0,0,0
2021-02-28,39.24,0,60.76,40364,4731574,50.88,55873,3407085,36.64,0,0,0,0,0,0
2021-03-01,40.1,0,59.9,45748,4777322,51.37,61441,3468526,37.3,0,0,0,0,0,0
2021-03-02,40.85,0,59.15,41200,4818522,51.82,64798,3533324,38,0,0,0,0,0,0
2021-03-03,41.55,0,58.45,42033,4860555,52.27,66789,3600113,38.71,0,0,0,0,0,0
2021-03-04,42.24,0,57.76,39718,4900273,52.7,79124,3679237,39.56,0,0,0,0,0,0
2021-03-05,42.57,0,57.43,17365,4917638,52.88,40468,3719705,40,0,0,0,0,0,0
2021-03-06,42.78,0,57.22,10722,4928360,53,25347,3745052,40.27,0,0,0,0,0,0
2021-03-07,43.36,0,56.64,31155,4959515,53.33,72845,3817897,41.06,0,0,0,0,0,0
2021-03-08,43.97,0,56.03,27387,4986902,53.63,73295,3891192,41.84,0,0,0,0,0,0
2021-03-09,44.62,0,55.38,26757,5013659,53.91,76599,3967791,42.67,0,0,0,0,0,0
2021-03-10,45.27,0,54.73,23371,5037030,54.17,58684,4026475,43.3,0,0,0,0,0,0
2021-03-11,45.99,0,54.01,23304,5060334,54.42,69094,4095569,44.04,0,0,0,0,0,0
2021-03-12,46.34,0,53.66,11296,5071630,54.54,41414,4136983,44.49,0,0,0,0,0,0
2021-03-13,46.57,0,53.43,7952,5079582,54.62,25239,4162222,44.76,0,0,0,0,0,0
2021-03-14,47.2,0,52.8,20989,5100571,54.85,73935,4236157,45.55,0,0,0,0,0,0
2021-03-15,47.81,0,52.19,20150,5120721,55.07,78281,4314438,46.4,0,0,0,0,0,0
2021-03-16,48.43,0,51.57,18755,5139476,55.27,71479,4385917,47.16,0,0,0,0,0,0
2021-03-17,48.92,0,51.08,17704,5157180,55.46,59010,4444927,47.8,0,0,0,0,0,0
2021-03-18,49.45,0,50.55,16048,5173228,55.63,58125,4503052,48.42,0,0,0,0,0,0
2021-03-19,49.75,0,50.25,6956,5180184,55.71,27979,4531031,48.72,0,0,0,0,0,0
2021-03-20,49.93,0,50.07,5226,5185410,55.76,15301,4546332,48.89,0,0,0,0,0,0
2021-03-21,50.46,0,49.54,13170,5198580,55.9,40510,4586842,49.32,0,0,0,0,0,0
2021-03-22,51,0,49,13579,5212159,56.05,40541,4627383,49.76,0,0,0,0,0,0
2021-03-23,51.43,0,48.57,2844,5215003,56.08,7302,4634685,49.84,0,0,0,0,0,0
2021-03-24,51.84,0,48.16,11001,5226004,56.2,46556,4681241,50.34,0,0,0,0,0,0
2021-03-25,52.22,0,47.78,10270,5236274,56.31,35438,4716679,50.72,0,0,0,0,0,0
2021-03-26,52.4,0,47.6,4186,5240460,56.35,13333,4730012,50.86,0,0,0,0,0,0
2021-03-27,52.5,0,47.5,1786,5242246,56.37,4269,4734281,50.91,0,0,0,0,0,0
2021-03-28,52.74,0,47.26,2113,5244359,56.4,4611,4738892,50.96,0,0,0,0,0,0
2021-03-29,53,0,47,6915,5251274,56.47,30016,4768908,51.28,0,0,0,0,0,0
2021-03-30,53.08,0,46.92,7891,5259165,56.55,22454,4791362,51.52,0,0,0,0,0,0
2021-03-31,53.38,0,46.62,8153,5267318,56.64,19501,4810863,51.73,0,0,0,0,0,0
2021-04-01,53.62,0,46.38,8210,5275528,56.73,18701,4829564,51.93,0,0,0,0,0,0
2021-04-02,53.71,0,46.29,2941,5278469,56.76,8130,4837694,52.02,0,0,0,0,0,0
2021-04-03,53.74,0,46.26,1433,5279902,56.78,2982,4840676,52.05,0,0,0,0,0,0
2021-04-04,53.82,0,46.18,9618,5289520,56.88,22832,4863508,52.3,0,0,0,0,0,0
2021-04-05,54.04,0,45.96,10362,5299882,56.99,21275,4884783,52.53,0,0,0,0,0,0
2021-04-06,54.21,0,45.79,9029,5308911,57.09,16793,4901576,52.71,0,0,0,0,0,0
2021-04-07,54.36,0,45.64,8928,5317839,57.19,15311,4916887,52.87,0,0,0,0,0,0
2021-04-08,54.52,0,45.48,9428,5327267,57.29,17014,4933901,53.06,0,0,0,0,0,0
2021-04-09,54.58,0,45.42,3607,5330874,57.33,6257,4940158,53.12,0,0,0,0,0,0
2021-04-10,54.61,0,45.39,1634,5332508,57.34,3520,4943678,53.16,0,0,0,0,0,0
2021-04-11,54.78,0,45.22,9044,5341552,57.44,14248,4957926,53.32,0,0,0,0,0,0
2021-04-12,54.95,0,45.05,8935,5350487,57.54,13233,4971159,53.46,0,0,0,0,0,0
2021-04-13,55.08,0,44.92,5841,5356328,57.6,4959,4976118,53.51,0,0,0,0,0,0
2021-04-14,55.18,0,44.82,3649,5359977,57.64,5309,4981427,53.57,0,0,0,0,0,0
2021-04-15,55.27,0,44.73,697,5360674,57.65,581,4982008,53.57,0,0,0,0,0,0
2021-04-16,55.33,0,44.67,3414,5364088,57.68,6649,4988657,53.65,0,0,0,0,0,0
2021-04-17,55.35,0,44.65,822,5364910,57.69,1972,4990629,53.67,0,0,0,0,0,0
2021-04-18,55.47,0,44.53,7099,5372009,57.77,7433,4998062,53.75,0,0,0,0,0,0
2021-04-19,55.58,0,44.42,6404,5378413,57.84,7133,5005195,53.82,0,0,0,0,0,0
2021-04-20,55.65,0,44.35,6279,5384692,57.9,6886,5012081,53.9,0,0,0,0,0,0
2021-04-21,55.71,0,44.29,6380,5391072,57.97,7108,5019189,53.97,0,0,0,0,0,0
2021-04-22,55.75,0,44.25,5948,5397020,58.04,7687,5026876,54.06,0,0,0,0,0,0
2021-04-23,55.8,0,44.2,2765,5399785,58.07,3389,5030265,54.09,0,0,0,0,0,0
2021-04-24,55.82,0,44.18,767,5400552,58.07,1290,5031555,54.11,0,0,0,0,0,0
2021-04-25,55.89,0,44.11,4828,5405380,58.13,6924,5038479,54.18,0,0,0,0,0,0
2021-04-26,55.96,0,44.04,5479,5410859,58.19,7889,5046368,54.27,0,0,0,0,0,0
2021-04-27,56.03,0,43.97,4506,5415365,58.23,6625,5052993,54.34,0,0,0,0,0,0
2021-04-28,56.09,0,43.91,4499,5419864,58.28,7332,5060325,54.42,0,0,0,0,0,0
2021-04-29,56.16,0,43.84,4376,5424240,58.33,7292,5067617,54.49,0,0,0,0,0,0
2021-04-30,56.19,0,43.81,1923,5426163,58.35,3200,5070817,54.53,0,0,0,0,0,0
2021-05-01,56.2,0,43.8,458,5426621,58.36,895,5071712,54.54,0,0,0,0,0,0
2021-05-02,56.26,0,43.74,3225,5429846,58.39,6090,5077802,54.6,0,0,0,0,0,0
2021-05-03,56.32,0,43.68,3535,5433381,58.43,5831,5083633,54.67,0,0,0,0,0,0
2021-05-04,56.38,0,43.62,3591,5436972,58.47,4736,5088369,54.72,0,0,0,0,0,0
2021-05-05,56.44,0,43.56,3291,5440263,58.5,4092,5092461,54.76,0,0,0,0,0,0
2021-05-06,56.5,0,43.5,3642,5443905,58.54,3143,5095604,54.8,0,0,0,0,0,0
2021-05-07,56.52,0,43.48,1843,5445748,58.56,2508,5098112,54.82,0,0,0,0,0,0
2021-05-08,56.53,0,43.47,241,5445989,58.56,507,5098619,54.83,0,0,0,0,0,0
2021-05-09,56.58,0,43.42,2851,5448840,58.59,4750,5103369,54.88,0,0,0,0,0,0
2021-05-10,56.63,0,43.37,2897,5451737,58.63,4710,5108079,54.93,0,0,0,0,0,0
2021-05-11,56.67,0,43.33,2622,5454359,58.65,3879,5111958,54.97,0,0,0,0,0,0
2021-05-12,56.7,0,43.3,2030,5456389,58.68,3339,5115297,55.01,0,0,0,0,0,0
2021-05-13,56.73,0,43.27,2041,5458430,58.7,3684,5118981,55.05,0,0,0,0,0,0
2021-05-14,56.75,0,43.25,978,5459408,58.71,1493,5120474,55.06,0,0,0,0,0,0
2021-05-15,56.75,0,43.25,255,5459663,58.71,259,5120733,55.07,0,0,0,0,0,0
2021-05-16,56.78,0,43.22,529,5460192,58.72,1206,5121939,55.08,0,0,0,0,0,0
2021-05-17,56.81,0,43.19,300,5460492,58.72,848,5122787,55.09,0,0,0,0,0,0
2021-05-18,56.84,0,43.16,1961,5462453,58.74,4937,5127724,55.14,0,0,0,0,0,0
2021-05-19,56.87,0,43.13,2232,5464685,58.76,5041,5132765,55.2,0,0,0,0,0,0
2021-05-20,56.9,0,43.1,2312,5466997,58.79,3879,5136644,55.24,0,0,0,0,0,0
2021-05-21,56.92,0,43.08,1192,5468189,58.8,1414,5138058,55.25,0,0,0,0,0,0
2021-05-22,56.92,0,43.08,206,5468395,58.8,395,5138453,55.26,0,0,0,0,0,0
2021-05-23,56.94,0,43.06,2271,5470666,58.83,3216,5141669,55.29,0,0,0,0,0,0
2021-05-24,56.96,0,43.04,2137,5472803,58.85,3596,5145265,55.33,0,0,0,0,0,0
2021-05-25,56.99,0,43.01,1821,5474624,58.87,2586,5147851,55.36,0,0,0,0,0,0
2021-05-26,57.03,0,42.97,1410,5476034,58.89,2503,5150354,55.38,0,0,0,0,0,0
2021-05-27,57.06,0,42.94,1860,5477894,58.91,3187,5153541,55.42,0,0,0,0,0,0
2021-05-28,57.07,0,42.93,790,5478684,58.92,1405,5154946,55.43,0,0,0,0,0,0
2021-05-29,57.07,0,42.93,190,5478874,58.92,224,5155170,55.44,0,0,0,0,0,0
2021-05-30,57.1,0,42.9,1644,5480518,58.93,1937,5157107,55.46,0,0,0,0,0,0
2021-05-31,57.13,0,42.87,1738,5482256,58.95,2093,5159200,55.48,0,0,0,0,0,0
2021-06-01,57.47,0,42.53,1383,5483639,58.97,1823,5161023,55.5,0,0,0,0,0,0
2021-06-02,57.25,0,42.75,1513,5485152,58.98,1608,5162631,55.52,0,0,0,0,0,0
2021-06-03,57.27,0,42.73,1684,5486836,59,1491,5164122,55.53,0,0,0,0,0,0
2021-06-04,57.28,0,42.72,1101,5487937,59.01,783,5164905,55.54,0,0,0,0,0,0
2021-06-05,57.29,0,42.71,184,5488121,59.02,159,5165064,55.54,0,0,0,0,0,0
2021-06-06,57.31,0,42.69,4291,5492412,59.06,1002,5166066,55.55,0,0,0,0,0,0
2021-06-07,57.34,0,42.66,4438,5496850,59.11,812,5166878,55.56,0,0,0,0,0,0
2021-06-08,57.36,0,42.64,3739,5500589,59.15,1174,5168052,55.57,0,0,0,0,0,0
2021-06-09,57.4,0,42.6,3614,5504203,59.19,1327,5169379,55.59,0,0,0,0,0,0
2021-06-10,57.42,0,42.58,3359,5507562,59.23,1300,5170679,55.6,0,0,0,0,0,0
2021-06-11,57.43,0,42.57,1397,5508959,59.24,588,5171267,55.61,0,0,0,0,0,0
2021-06-12,57.43,0,42.57,218,5509177,59.24,173,5171440,55.61,0,0,0,0,0,0
2021-06-13,57.45,0,42.55,3101,5512278,59.28,1260,5172700,55.62,0,0,0,0,0,0
2021-06-14,57.46,0,42.54,3056,5515334,59.31,1531,5174231,55.64,0,0,0,0,0,0
2021-06-15,57.48,0,42.52,3137,5518471,59.34,1375,5175606,55.66,0,0,0,0,0,0
2021-06-16,57.49,0,42.51,2730,5521201,59.37,1000,5176606,55.67,0,0,0,0,0,0
2021-06-17,57.51,0,42.49,2731,5523932,59.4,1206,5177812,55.68,0,0,0,0,0,0
2021-06-18,57.52,0,42.48,1265,5525197,59.42,506,5178318,55.69,0,0,0,0,0,0
2021-06-19,57.52,0,42.48,242,5525439,59.42,139,5178457,55.69,0,0,0,0,0,0
2021-06-20,57.54,0,42.46,3316,5528755,59.45,1330,5179787,55.7,0,0,0,0,0,0
2021-06-21,57.56,0,42.44,5245,5534000,59.51,1217,5181004,55.71,0,0,0,0,0,0
2021-06-22,57.58,0,42.42,6933,5540933,59.58,1099,5182103,55.73,0,0,0,0,0,0
2021-06-23,57.6,0,42.4,10755,5551688,59.7,1304,5183407,55.74,0,0,0,0,0,0
2021-06-24,57.62,0,42.38,12045,5563733,59.83,1466,5184873,55.76,0,0,0,0,0,0
2021-06-25,57.62,0,42.38,7114,5570847,59.91,944,5185817,55.77,0,0,0,0,0,0
2021-06-26,57.63,0,42.37,2274,5573121,59.93,200,5186017,55.77,0,0,0,0,0,0
2021-06-27,57.65,0,42.35,13631,5586752,60.08,3436,5189453,55.8,0,0,0,0,0,0
2021-06-28,57.68,0,42.32,14518,5601270,60.23,3675,5193128,55.84,0,0,0,0,0,0
2021-06-29,57.69,0,42.31,16710,5617980,60.41,3743,5196871,55.88,0,0,0,0,0,0
2021-06-30,57.72,0,42.28,16485,5634465,60.59,3396,5200267,55.92,0,0,0,0,0,0
2021-07-01,57.78,0,42.22,16835,5651300,60.77,3376,5203643,55.96,121,121,0,0,0,0
2021-07-02,57.79,0,42.21,9836,5661136,60.88,1604,5205247,55.97,7,128,0,0,0,0
2021-07-03,57.79,0,42.21,2677,5663813,60.91,296,5205543,55.98,1,129,0,0,0,0
2021-07-04,57.85,0,42.15,17735,5681548,61.1,3161,5208704,56.01,2,131,0,0,0,0
2021-07-05,57.91,0,42.09,17849,5699397,61.29,3043,5211747,56.04,7,138,0,0,0,0
2021-07-06,57.99,0,42.01,17847,5717244,61.48,3409,5215156,56.08,11,149,0,0,0,0
2021-07-07,58.05,0,41.95,15526,5732770,61.65,2701,5217857,56.11,12,161,0,0,0,0
2021-07-08,58.12,0,41.88,16586,5749356,61.83,2879,5220736,56.14,17,178,0,0,0,0
2021-07-09,58.15,0,41.85,11124,5760480,61.95,1534,5222270,56.16,4,182,0,0,0,0
2021-07-10,58.15,0,41.85,4988,5765468,62,389,5222659,56.16,6,188,0,0,0,0
2021-07-11,58.22,0,41.78,1456,5766924,62.01,2848,5225507,56.19,8,196,0,0,0,0
2021-07-12,58.29,0,41.71,2425,5769349,62.04,3691,5229198,56.23,56,252,0,0,0,0
2021-07-13,58.36,0,41.64,2964,5772313,62.07,5458,5234656,56.29,124,376,0,0,0,0
2021-07-14,58.42,0,41.58,2747,5775060,62.1,7532,5242188,56.37,441,817,0.01,0,0,0
2021-07-15,58.5,0,41.5,3004,5778064,62.13,9297,5251485,56.47,374,1191,0.01,0,0,0
2021-07-16,58.54,0,41.46,1293,5779357,62.15,5897,5257382,56.54,66,1257,0.01,0,0,0
2021-07-17,58.55,0,41.44,370,5779727,62.15,1391,5258773,56.55,8,1265,0.01,0,0,0
2021-07-18,58.6,0,41.4,2073,5781800,62.17,9768,5268541,56.66,235,1500,0.02,0,0,0
2021-07-19,58.65,0,41.35,3210,5785010,62.21,11345,5279886,56.78,461,1961,0.02,0,0,0
2021-07-20,58.72,0,41.28,2686,5787696,62.24,11912,5291798,56.91,373,2334,0.03,0,0,0
2021-07-21,58.81,0,41.19,2405,5790101,62.26,11880,5303678,57.03,325,2659,0.03,0,0,0
2021-07-22,58.93,0,41.07,2874,5792975,62.29,13275,5316953,57.18,391,3050,0.03,0,0,0
2021-07-23,58.99,0,41.01,2035,5795010,62.32,8249,5325202,57.26,106,3156,0.03,0,0,0
2021-07-24,58.99,0,41,642,5795652,62.32,1485,5326687,57.28,7,3163,0.03,0,0,0
2021-07-25,59.1,0,40.89,4416,5800068,62.37,15497,5342184,57.45,223,3386,0.04,0,0,0
2021-07-26,59.24,0,40.75,5169,5805237,62.43,13533,5355717,57.59,325,3711,0.04,0,0,0
2021-07-27,59.37,0.01,40.62,5491,5810728,62.49,13577,5369294,57.74,414,4125,0.04,0,0,0
2021-07-28,59.5,0.01,40.49,3987,5814715,62.53,12342,5381636,57.87,472,4597,0.05,0,0,0
2021-07-29,59.65,0.01,40.33,4664,5819379,62.58,14199,5395835,58.02,532,5129,0.06,0,0,0
2021-07-30,59.74,0.02,40.25,2653,5822032,62.61,10854,5406689,58.14,4122,9251,0.1,0,0,0
2021-07-31,59.75,0.02,40.23,1405,5823437,62.62,3551,5410240,58.18,6159,15410,0.17,0,0,0
2021-08-01,59.91,0.02,40.06,3075,5826512,62.66,3364,5413604,58.22,31047,46457,0.5,0,0,0
2021-08-02,60.06,0.03,39.91,3132,5829644,62.69,3173,5416777,58.25,58514,104971,1.13,0,0,0
2021-08-03,60.21,0.03,39.76,3386,5833030,62.73,3328,5420105,58.29,78953,183924,1.98,0,0,0
2021-08-04,60.34,0.03,39.63,3527,5836557,62.76,3255,5423360,58.32,80764,264688,2.85,0,0,0
2021-08-05,60.49,0.04,39.47,4513,5841070,62.81,3569,5426929,58.36,88442,353130,3.8,0,0,0
2021-08-06,60.6,0.04,39.36,2435,5843505,62.84,1860,5428789,58.38,44743,397873,4.28,0,0,0
2021-08-07,60.63,0.04,39.32,1033,5844538,62.85,698,5429487,58.39,27353,425226,4.57,0,0,0
2021-08-08,60.68,0.04,39.28,4989,5849527,62.9,3082,5432569,58.42,80087,505313,5.43,0,0,0
2021-08-09,60.72,0.04,39.24,5339,5854866,62.96,3059,5435628,58.45,76489,581802,6.26,0,0,0
2021-08-10,60.75,0.04,39.2,5552,5860418,63.02,3202,5438830,58.49,75427,657229,7.07,0,0,0
2021-08-11,60.79,0.04,39.17,5694,5866112,63.08,2946,5441776,58.52,62639,719868,7.74,0,0,0
2021-08-12,60.83,0.04,39.12,7039,5873151,63.16,3287,5445063,58.55,59462,779330,8.38,0,0,0
2021-08-13,60.84,0.05,39.11,3817,5876968,63.2,2070,5447133,58.58,43869,823199,8.85,0,0,0
2021-08-14,60.85,0.05,39.1,2252,5879220,63.22,850,5447983,58.58,44486,867685,9.33,0,0,0
2021-08-15,60.89,0.05,39.06,7143,5886363,63.3,4530,5452513,58.63,97983,965668,10.38,0,0,0
2021-08-16,60.92,0.04,39.03,6988,5893351,63.37,4747,5457260,58.68,89519,1055187,11.35,0,0,0
2021-08-17,60.96,0.04,39,7572,5900923,63.46,5134,5462394,58.74,83320,1138507,12.24,0,0,0
2021-08-18,60.99,0.04,38.96,8643,5909566,63.55,4603,5466997,58.79,69267,1207774,12.99,0,0,0
2021-08-19,61.03,0.04,38.92,10080,5919646,63.66,5216,5472213,58.85,65974,1273748,13.7,0,0,0
2021-08-20,61.05,0.05,38.9,4768,5924414,63.71,2826,5475039,58.88,60452,1334200,14.35,0,0,0
2021-08-21,61.06,0.05,38.89,3498,5927912,63.75,1580,5476619,58.89,50725,1384925,14.89,0,0,0
2021-08-22,61.12,0.04,38.84,9821,5937733,63.85,4806,5481425,58.94,105106,1490031,16.02,0,0,0
2021-08-23,61.17,0.04,38.79,10924,5948657,63.97,4447,5485872,58.99,94031,1584062,17.03,0,0,0
2021-08-24,61.23,0.04,38.73,11721,5960378,64.09,4703,5490575,59.04,98551,1682613,18.09,0,0,0
2021-08-25,61.29,0.04,38.67,9612,5969990,64.2,4482,5495057,59.09,99548,1782161,19.16,0,0,0
2021-08-26,61.36,0.03,38.61,10106,5980096,64.31,5057,5500114,59.15,101228,1883389,20.25,0,0,0
2021-08-27,61.35,0.04,38.61,4326,5984422,64.35,2784,5502898,59.18,56694,1940083,20.86,0,0,0
2021-08-28,61.4,0.04,38.57,3698,5988120,64.39,1497,5504395,59.19,33539,1973622,21.22,0,0,0
2021-08-29,61.46,0.03,38.5,10321,5998441,64.5,5931,5510326,59.26,79548,2053170,22.08,0,0,0
2021-08-30,61.53,0.03,38.44,12334,6010775,64.64,7015,5517341,59.33,116004,2169174,23.33,0,0,0
2021-08-31,61.6,0.03,38.37,12075,6022850,64.77,6527,5523868,59.4,114874,2284048,24.56,0,0,0
2021-09-01,61.43,0.03,38.54,9032,6031882,64.86,6039,5529907,59.47,112489,2396537,25.77,0,0,0
2021-09-02,61.49,0.03,38.48,8784,6040666,64.96,7180,5537087,59.54,111542,2508079,26.97,0,0,0
2021-09-03,61.56,0.03,38.42,3749,6044415,65,4115,5541202,59.59,58884,2566963,27.6,0,0,0
2021-09-04,61.59,0.03,38.38,2692,6047107,65.03,2021,5543223,59.61,29950,2596913,27.93,0,0,0
2021-09-05,61.68,0.03,38.29,6991,6054098,65.1,6460,5549683,59.68,73326,2670239,28.71,0,0,0
2021-09-06,61.77,0.03,38.2,2834,6056932,65.13,2711,5552394,59.71,22797,2693036,28.96,0,0,0
2021-09-07,61.85,0.03,38.12,1199,6058131,65.15,879,5553273,59.72,5398,2698434,29.02,0,0,0
2021-09-08,61.93,0.03,38.05,1380,6059511,65.16,1195,5554468,59.73,6621,2705055,29.09,0,0,0
2021-09-09,62.02,0.03,37.95,7089,6066600,65.24,12573,5567041,59.87,73845,2778900,29.88,0,0,0
2021-09-10,62.06,0.03,37.91,3258,6069858,65.27,5015,5572056,59.92,37936,2816836,30.29,0,0,0
2021-09-11,62.08,0.03,37.89,2109,6071967,65.29,2505,5574561,59.95,14816,2831652,30.45,0,0,0
2021-09-12,62.16,0.03,37.81,6107,6078074,65.36,8587,5583148,60.04,54135,2885787,31.03,0,0,0
2021-09-13,62.15,0.03,37.82,5610,6083684,65.42,8260,5591408,60.13,47981,2933768,31.55,0,0,0
2021-09-14,62.2,0.03,37.77,4961,6088645,65.47,7420,5598828,60.21,48854,2982622,32.07,0,0,0
2021-09-15,62.25,0.03,37.72,1750,6090395,65.49,2717,5601545,60.24,16686,2999308,32.25,0,0,0
2021-09-16,62.37,0.03,37.6,343,6090738,65.5,549,5602094,60.24,1740,3001048,32.27,0,0,0
2021-09-17,62.42,0.03,37.54,3682,6094420,65.54,7019,5609113,60.32,42904,3043952,32.73,0,0,0
2021-09-18,62.45,0.03,37.52,2258,6096678,65.56,2944,5612057,60.35,12783,3056735,32.87,0,0,0
2021-09-19,62.55,0.03,37.42,5941,6102619,65.62,10710,5622767,60.46,44332,3101067,33.35,0,0,0
2021-09-20,62.63,0.03,37.34,3245,6105864,65.66,4645,5627412,60.51,16707,3117774,33.53,0,0,0
2021-09-21,62.69,0.03,37.28,1339,6107203,65.67,2059,5629471,60.54,3476,3121250,33.56,0,0,0
2021-09-22,62.72,0.03,37.25,4257,6111460,65.72,7250,5636721,60.61,25072,3146322,33.83,0,0,0
2021-09-23,62.75,0.03,37.22,4389,6115849,65.77,5912,5642633,60.68,27833,3174155,34.13,0,0,0
2021-09-24,62.82,0.03,37.15,3202,6119051,65.8,4185,5646818,60.72,27721,3201876,34.43,0,0,0
2021-09-25,62.85,0.03,37.12,2079,6121130,65.82,2260,5649078,60.75,10443,3212319,34.54,0,0,0
2021-09-26,62.96,0.03,37,5604,6126734,65.88,5972,5655050,60.81,36269,3248588,34.93,0,0,0
2021-09-27,63.02,0.03,36.94,4693,6131427,65.93,4468,5659518,60.86,30455,3279043,35.26,0,0,0
2021-09-28,63.06,0.04,36.91,1471,6132898,65.95,1180,5660698,60.87,6249,3285292,35.33,0,0,0
2021-09-29,63.13,0.03,36.84,9620,6142518,66.05,8346,5669044,60.96,60324,3345616,35.98,0,0,0
2021-09-30,63.18,0.03,36.79,10974,6153492,66.17,8574,5677618,61.05,79697,3425313,36.83,0,0,0
2021-10-01,63.23,0.03,36.73,5124,6158616,66.23,3875,5681493,61.1,46545,3471858,37.33,0,0,0
2021-10-02,63.26,0.03,36.71,2862,6161478,66.26,2127,5683620,61.12,22432,3494290,37.58,0,0,0
2021-10-03,63.35,0.03,36.62,11667,6173145,66.38,7273,5690893,61.2,70725,3565015,38.34,0,0,0
2021-10-04,63.4,0.03,36.57,10320,6183465,66.49,6757,5697650,61.27,51907,3616922,38.89,0,0,0
2021-10-05,63.41,0.03,36.55,8459,6191924,66.58,5314,5702964,61.33,40479,3657401,39.33,0,0,0
2021-10-06,63.52,0.03,36.45,7542,6199466,66.67,4183,5707147,61.37,34147,3691548,39.7,0,0,0
2021-10-07,63.63,0.03,36.34,6892,6206358,66.74,4008,5711155,61.41,34066,3725614,40.06,0,0,0
2021-10-08,63.68,0.03,36.29,3085,6209443,66.77,2643,5713798,61.44,19250,3744864,40.27,0,0,0
2021-10-09,63.71,0.03,36.26,1337,6210780,66.79,1443,5715241,61.46,7441,3752305,40.35,0,0,0
2021-10-10,63.82,0.04,36.14,4675,6215455,66.84,3747,5718988,61.5,21518,3773823,40.58,0,0,0
2021-10-11,63.91,0.04,36.05,4299,6219754,66.88,2943,5721931,61.53,17267,3791090,40.77,0,0,0
2021-10-12,63.99,0.05,35.96,3973,6223727,66.93,3003,5724934,61.56,15356,3806446,40.93,0,0,0
2021-10-13,64.09,0.05,35.86,3487,6227214,66.96,2451,5727385,61.59,13586,3820032,41.08,0,0,0
2021-10-14,64.19,0.06,35.75,3868,6231082,67.01,2685,5730070,61.62,16566,3836598,41.26,0,0,0
2021-10-15,64.23,0.07,35.7,1703,6232785,67.02,1682,5731752,61.64,9008,3845606,41.35,0,0,0
2021-10-16,64.25,0.08,35.67,727,6233512,67.03,956,5732708,61.65,4034,3849640,41.4,0,0,0
2021-10-17,64.36,0.09,35.56,3089,6236601,67.07,2525,5735233,61.67,12798,3862438,41.53,0,0,0
2021-10-18,64.43,0.1,35.47,2460,6239061,67.09,1689,5736922,61.69,10069,3872507,41.64,0,0,0
2021-10-19,64.49,0.1,35.4,2397,6241458,67.12,1282,5738204,61.71,9295,3881802,41.74,0,0,0
2021-10-20,64.14,0.52,35.34,2434,6243892,67.14,2304,5740508,61.73,10100,3891902,41.85,0,0,0
2021-10-21,54.23,10.41,35.36,3032,6246924,67.18,3096,5743604,61.76,12163,3904065,41.98,0,0,0
2021-10-22,54.36,10.26,35.38,1279,6248203,67.19,1435,5745039,61.78,5835,3909900,42.05,0,0,0
2021-10-23,54.42,10.19,35.39,572,6248775,67.2,1266,5746305,61.79,2564,3912464,42.07,0,0,0
2021-10-24,54.22,10.43,35.35,2515,6251290,67.22,2653,5748958,61.82,9855,3922319,42.18,0,0,0
2021-10-25,54.59,10.22,35.19,2635,6253925,67.25,2750,5751708,61.85,8509,3930828,42.27,0,0,0
2021-10-26,54.64,10.26,35.1,2381,6256306,67.28,2056,5753764,61.87,8522,3939350,42.36,0,0,0
2021-10-27,54.58,10.37,35.06,2289,6258595,67.3,2566,5756330,61.9,7954,3947304,42.45,0,0,0
2021-10-28,54.69,10.76,34.55,2504,6261099,67.33,2778,5759108,61.93,8671,3955975,42.54,0,0,0
2021-10-29,54.73,10.75,34.52,900,6261999,67.34,1151,5760259,61.94,4137,3960112,42.59,0,0,0
2021-10-30,54.68,10.81,34.52,366,6262365,67.34,530,5760789,61.95,1711,3961823,42.6,0,0,0
2021-10-31,54.83,10.7,34.47,2260,6264625,67.37,2495,5763284,61.98,8255,3970078,42.69,0,0,0
2021-11-01,54.95,10.63,34.42,1736,6266361,67.39,2091,5765375,62,6479,3976557,42.76,0,0,0
2021-11-02,54.89,10.69,34.42,2026,6268387,67.41,2044,5767419,62.02,6294,3982851,42.83,0,0,0
2021-11-03,54.86,10.75,34.39,1763,6270150,67.43,1897,5769316,62.04,5556,3988407,42.89,0,0,0
2021-11-04,54.85,10.81,34.33,2111,6272261,67.45,2802,5772118,62.07,7126,3995533,42.97,0,0,0
2021-11-05,54.85,10.83,34.32,789,6273050,67.46,904,5773022,62.08,3485,3999018,43,0,0,0
2021-11-06,54.82,10.86,34.32,346,6273396,67.46,385,5773407,62.08,1373,4000391,43.02,0,0,0
2021-11-07,54.92,10.8,34.28,1578,6274974,67.48,1769,5775176,62.1,6134,4006525,43.08,0,0,0
2021-11-08,55.01,10.75,34.24,1519,6276493,67.49,1602,5776778,62.12,5405,4011930,43.14,0,0,0
2021-11-09,55.05,10.74,34.21,1428,6277921,67.51,1609,5778387,62.14,5331,4017261,43.2,0,0,0
2021-11-10,55.08,10.73,34.19,1423,6279344,67.53,1659,5780046,62.16,4777,4022038,43.25,0,0,0
2021-11-11,55.15,10.69,34.15,1627,6280971,67.54,1944,5781990,62.18,5716,4027754,43.31,0,0,0
2021-11-12,55.17,10.69,34.14,634,6281605,67.55,826,5782816,62.19,2922,4030676,43.34,0,0,0
2021-11-13,55.14,10.72,34.14,256,6281861,67.55,286,5783102,62.19,1130,4031806,43.36,0,0,0
2021-11-14,55.21,10.68,34.11,1536,6283397,67.57,1637,5784739,62.21,5109,4036915,43.41,0,0,0
2021-11-15,55.28,10.63,34.09,1274,6284671,67.58,1622,5786361,62.22,4769,4041684,43.46,0,0,0
2021-11-16,55.32,10.62,34.07,1273,6285944,67.6,1416,5787777,62.24,4347,4046031,43.51,0,0,0
2021-11-17,55.35,10.6,34.05,1205,6287149,67.61,1565,5789342,62.26,3915,4049946,43.55,0,0,0
2021-11-18,55.41,10.58,34.02,1361,6288510,67.62,1692,5791034,62.27,5010,4054956,43.6,0,0,0
2021-11-19,55.42,10.57,34.01,588,6289098,67.63,763,5791797,62.28,2457,4057413,43.63,0,0,0
2021-11-20,55.41,10.58,34,238,6289336,67.63,257,5792054,62.28,929,4058342,43.64,0,0,0
2021-11-21,55.47,10.54,33.98,1409,6290745,67.65,1541,5793595,62.3,4879,4063221,43.69,0,0,0
2021-11-22,55.54,10.5,33.96,1680,6292425,67.67,1522,5795117,62.32,4238,4067459,43.74,0,0,0
2021-11-23,55.57,10.48,33.95,8622,6301047,67.76,1687,5796804,62.34,4008,4071467,43.78,0,0,0
2021-11-24,55.6,10.44,33.95,9349,6310396,67.86,1317,5798121,62.35,3923,4075390,43.82,0,0,0
2021-11-25,55.64,10.43,33.93,9812,6320208,67.96,1601,5799722,62.37,4839,4080229,43.88,0,0,0
2021-11-26,55.63,10.45,33.92,5610,6325818,68.02,748,5800470,62.38,2800,4083029,43.91,0,0,0
2021-11-27,55.62,10.46,33.92,4779,6330597,68.08,323,5800793,62.38,1163,4084192,43.92,0,0,0
2021-11-28,55.67,10.43,33.9,10152,6340749,68.19,1477,5802270,62.39,4901,4089093,43.97,0,0,0
2021-11-29,55.73,10.39,33.88,9042,6349791,68.28,1131,5803401,62.41,4376,4093469,44.02,0,0,0
2021-11-30,55.77,10.37,33.86,10044,6359835,68.39,1035,5804436,62.42,4084,4097553,44.06,0,0,0
2021-12-01,55.79,10.36,33.84,8632,6368467,68.48,1095,5805531,62.43,4441,4101994,44.11,6,6,0
2021-12-02,55.84,10.34,33.82,9176,6377643,68.58,1454,5806985,62.45,5124,4107118,44.17,6,12,0
2021-12-03,55.86,10.33,33.81,6331,6383974,68.65,673,5807658,62.45,2867,4109985,44.2,1,13,0
2021-12-04,55.85,10.34,33.81,2509,6386483,68.68,235,5807893,62.46,922,4110907,44.21,3,16,0
2021-12-05,55.9,10.31,33.79,8335,6394818,68.77,1253,5809146,62.47,4683,4115590,44.26,1,17,0
2021-12-06,55.95,10.27,33.78,6723,6401541,68.84,1200,5810346,62.48,4350,4119940,44.3,4,21,0
2021-12-07,55.99,10.25,33.76,5553,6407094,68.9,1503,5811849,62.5,3965,4123905,44.35,9,30,0
2021-12-08,56.03,10.22,33.75,4935,6412029,68.95,1199,5813048,62.51,3883,4127788,44.39,10,40,0
2021-12-09,56.08,10.19,33.73,6237,6418266,69.02,1239,5814287,62.52,4506,4132294,44.44,8,48,0
2021-12-10,56.1,10.18,33.72,3005,6421271,69.05,703,5814990,62.53,2686,4134980,44.47,4,52,0
2021-12-11,56.1,10.18,33.71,1491,6422762,69.07,252,5815242,62.53,1016,4135996,44.48,0,52,0
2021-12-12,56.16,10.15,33.69,7274,6430036,69.15,1444,5816686,62.55,5247,4141243,44.53,3,55,0
2021-12-13,56.21,10.11,33.67,6181,6436217,69.21,1374,5818060,62.56,4350,4145593,44.58,5,60,0
2021-12-14,56.27,10.09,33.65,7317,6443534,69.29,6101,5824161,62.63,4937,4150530,44.63,12,72,0
2021-12-15,56.34,10.06,33.6,7203,6450737,69.37,7403,5831564,62.71,5444,4155974,44.69,7,79,0
2021-12-16,56.53,10.05,33.42,8079,6458816,69.45,8613,5840177,62.8,6563,4162537,44.76,8,87,0
2021-12-17,56.64,10.05,33.3,4406,6463222,69.5,5140,5845317,62.86,3953,4166490,44.8,3,90,0
2021-12-18,56.73,10.07,33.2,3940,6467162,69.54,2914,5848231,62.89,1360,4167850,44.82,2,92,0
2021-12-19,56.92,10.04,33.04,6980,6474142,69.62,9331,5857562,62.99,6273,4174123,44.89,6,98,0
2021-12-20,57.07,10.02,32.91,7969,6482111,69.71,7517,5865079,63.07,5443,4179566,44.95,9,107,0
2021-12-21,57.27,10.01,32.71,9549,6491660,69.81,8649,5873728,63.16,6490,4186056,45.01,8,115,0
2021-12-22,57.49,10,32.52,9664,6501324,69.91,8155,5881883,63.25,6249,4192305,45.08,12,127,0
2021-12-23,57.7,9.97,32.33,11538,6512862,70.04,10264,5892147,63.36,8159,4200464,45.17,16,143,0
2021-12-24,57.83,9.96,32.21,5873,6518735,70.1,6240,5898387,63.43,5280,4205744,45.23,12,155,0
2021-12-25,57.9,9.96,32.15,3338,6522073,70.14,2566,5900953,63.46,2021,4207765,45.25,6,161,0
2021-12-26,58.1,9.92,31.98,10653,6532726,70.25,8910,5909863,63.55,8201,4215966,45.34,8,169,0
2021-12-27,58.27,9.9,31.83,10371,6543097,70.36,7145,5917008,63.63,8185,4224151,45.42,21,190,0
2021-12-28,58.46,9.88,31.66,11374,6554471,70.48,7452,5924460,63.71,9639,4233790,45.53,24,214,0
2021-12-29,58.64,9.85,31.51,9932,6564403,70.59,5963,5930423,63.77,8375,4242165,45.62,20,234,0
2021-12-30,58.84,9.82,31.34,11011,6575414,70.71,7735,5938158,63.86,12241,4254406,45.75,10,244,0
2021-12-31,58.9,9.79,31.3,4829,6580243,70.76,3672,5941830,63.9,7294,4261700,45.83,135,379,0
2022-01-01,58.93,9.79,31.28,1992,6582235,70.78,1591,5943421,63.91,2741,4264441,45.86,66,445,0
2022-01-02,59.14,9.76,31.1,10217,6592452,70.89,6487,5949908,63.98,13002,4277443,46,590,1035,0.01
2022-01-03,59.29,9.71,31,9384,6601836,70.99,5258,5955166,64.04,11337,4288780,46.12,25055,26090,0.28
2022-01-04,59.46,9.68,30.86,8967,6610803,71.09,5949,5961115,64.1,10523,4299303,46.23,50658,76748,0.83
2022-01-05,59.56,9.65,30.79,8553,6619356,71.18,5739,5966854,64.16,10491,4309794,46.35,59589,136337,1.47
2022-01-06,59.81,9.63,30.56,10340,6629696,71.29,7959,5974813,64.25,13530,4323324,46.49,63999,200336,2.15
2022-01-07,59.89,9.61,30.49,4760,6634456,71.34,4556,5979369,64.3,8161,4331485,46.58,31135,231471,2.49
2022-01-08,59.9,9.64,30.46,2750,6637206,71.37,2451,5981820,64.33,5501,4336986,46.64,27631,259102,2.79
2022-01-09,60.06,9.59,30.35,9306,6646512,71.47,7722,5989542,64.41,11868,4348854,46.77,66765,325867,3.5
2022-01-10,60.21,9.54,30.25,8350,6654862,71.56,7645,5997187,64.49,11877,4360731,46.89,64774,390641,4.2
2022-01-11,60.38,9.49,30.13,8100,6662962,71.65,8621,6005808,64.58,11971,4372702,47.02,56657,447298,4.81
2022-01-12,60.51,9.45,30.04,7277,6670239,71.73,8303,6014111,64.67,11114,4383816,47.14,44631,491929,5.29
2022-01-13,60.7,9.35,29.94,7508,6677747,71.81,9616,6023727,64.78,11542,4395358,47.27,34765,526694,5.66
2022-01-14,60.79,9.31,29.9,2555,6680302,71.84,4935,6028662,64.83,6142,4401500,47.33,11141,537835,5.78
2022-01-15,60.83,9.29,29.87,1469,6681771,71.85,3170,6031832,64.86,3884,4405384,47.37,5716,543551,5.85
2022-01-16,60.97,9.2,29.82,3818,6685589,71.89,8525,6040357,64.95,7681,4413065,47.46,19992,563543,6.06
2022-01-17,61.09,9.13,29.78,2809,6688398,71.92,7046,6047403,65.03,6170,4419235,47.52,17832,581375,6.25
2022-01-18,61.23,9.07,29.7,2475,6690873,71.95,7385,6054788,65.11,5534,4424769,47.58,14817,596192,6.41
2022-01-19,61.37,8.98,29.65,1915,6692788,71.97,6369,6061157,65.18,4520,4429289,47.63,8460,604652,6.5
2022-01-20,61.44,8.85,29.71,1778,6694566,71.99,6969,6068126,65.25,4792,4434081,47.68,8041,612693,6.59
2022-01-21,61.51,8.81,29.68,905,6695471,72,3725,6071851,65.29,2645,4436726,47.71,3358,616051,6.62
2022-01-22,61.51,8.75,29.74,328,6695799,72,1461,6073312,65.31,1066,4437792,47.72,1113,617164,6.64
2022-01-23,61.61,8.7,29.69,1068,6696867,72.01,5632,6078944,65.37,2878,4440670,47.75,6083,623247,6.7
2022-01-24,61.73,8.62,29.65,759,6697626,72.02,4480,6083424,65.42,2267,4442937,47.78,5055,628302,6.76
2022-01-25,61.9,8.51,29.59,744,6698370,72.03,4400,6087824,65.47,2182,4445119,47.8,7102,635404,6.83
2022-01-26,62.02,8.42,29.57,615,6698985,72.04,3285,6091109,65.5,1611,4446730,47.82,4262,639666,6.88
2022-01-27,62.12,8.35,29.52,798,6699783,72.05,4406,6095515,65.55,2004,4448734,47.84,5441,645107,6.94
2022-01-28,62.16,8.33,29.5,395,6700178,72.05,2376,6097891,65.57,1179,4449913,47.85,3452,648559,6.97
2022-01-29,62.23,8.29,29.48,124,6700302,72.05,1046,6098937,65.59,424,4450337,47.86,1162,649721,6.99
2022-01-30,62.3,8.24,29.46,769,6701071,72.06,4719,6103656,65.64,2020,4452357,47.88,8099,657820,7.07
2022-01-31,62.39,8.17,29.43,528,6701599,72.07,3184,6106840,65.67,1609,4453966,47.9,6472,664292,7.14
2022-02-01,62.45,8.15,29.4,480,6702079,72.07,2807,6109647,65.7,1525,4455491,47.91,5721,670013,7.21
2022-02-02,62.28,8.13,29.59,375,6702454,72.07,2394,6112041,65.73,1381,4456872,47.93,5074,675087,7.26
2022-02-03,62.34,8.08,29.57,446,6702900,72.08,2776,6114817,65.76,1461,4458333,47.94,5607,680694,7.32
2022-02-04,62.37,8.06,29.57,174,6703074,72.08,991,6115808,65.77,755,4459088,47.95,2455,683149,7.35
2022-02-05,62.34,8.09,29.56,62,6703136,72.08,342,6116150,65.77,221,4459309,47.95,420,683569,7.35
2022-02-06,62.41,8.05,29.55,406,6703542,72.09,2320,6118470,65.8,1343,4460652,47.97,5686,689255,7.41
2022-02-07,62.47,8.01,29.52,282,6703824,72.09,1307,6119777,65.81,983,4461635,47.98,5960,695215,7.48
2022-02-08,62.54,7.97,29.49,317,6704141,72.09,1498,6121275,65.83,1068,4462703,47.99,6137,701352,7.54
2022-02-09,62.6,7.95,29.45,254,6704395,72.1,1102,6122377,65.84,945,4463648,48,4570,705922,7.59
2022-02-10,62.63,7.93,29.44,273,6704668,72.1,1293,6123670,65.85,936,4464584,48.01,4815,710737,7.64
2022-02-11,62.67,7.91,29.42,211,6704879,72.1,557,6124227,65.86,518,4465102,48.02,2539,713276,7.67
2022-02-12,62.67,7.91,29.41,32,6704911,72.1,90,6124317,65.86,133,4465235,48.02,269,713545,7.67
2022-02-13,62.73,7.87,29.39,286,6705197,72.1,946,6125263,65.87,966,4466201,48.03,4998,718543,7.73
2022-02-14,62.89,7.74,29.36,180,6705377,72.11,627,6125890,65.87,760,4466961,48.04,3142,721685,7.76
2022-02-15,62.92,7.73,29.35,266,6705643,72.11,763,6126653,65.88,936,4467897,48.05,3818,725503,7.8
2022-02-16,62.95,7.72,29.34,179,6705822,72.11,577,6127230,65.89,803,4468700,48.05,2487,727990,7.83
2022-02-17,62.96,7.7,29.34,246,6706068,72.11,740,6127970,65.9,774,4469474,48.06,3061,731051,7.86
2022-02-18,62.98,7.69,29.33,131,6706199,72.12,342,6128312,65.9,436,4469910,48.07,1118,732169,7.87
2022-02-19,62.99,7.69,29.32,33,6706232,72.12,84,6128396,65.9,82,4469992,48.07,79,732248,7.87
2022-02-20,63.01,7.67,29.32,203,6706435,72.12,604,6129000,65.91,721,4470713,48.08,2574,734822,7.9
2022-02-21,63.04,7.65,29.31,173,6706608,72.12,413,6129413,65.91,489,4471202,48.08,1542,736364,7.92
2022-02-22,63.05,7.65,29.3,158,6706766,72.12,454,6129867,65.92,567,4471769,48.09,1871,738235,7.94
2022-02-23,63.06,7.65,29.29,109,6706875,72.12,353,6130220,65.92,452,4472221,48.09,1153,739388,7.95
2022-02-24,63.05,7.66,29.29,138,6707013,72.12,462,6130682,65.93,568,4472789,48.1,1492,740880,7.97
2022-02-25,63.06,7.66,29.28,59,6707072,72.12,144,6130826,65.93,190,4472979,48.1,456,741336,7.97
2022-02-26,63.05,7.67,29.28,17,6707089,72.12,28,6130854,65.93,161,4473140,48.1,35,741371,7.97
2022-02-27,63.05,7.67,29.28,112,6707201,72.13,341,6131195,65.93,448,4473588,48.11,1119,742490,7.98
2022-02-28,63.07,7.65,29.28,108,6707309,72.13,271,6131466,65.93,422,4474010,48.11,907,743397,7.99
2022-03-01,63.1,7.63,29.27,95,6707404,72.13,280,6131746,65.94,373,4474383,48.12,797,744194,8
2022-03-02,63.11,7.62,29.27,77,6707481,72.13,199,6131945,65.94,324,4474707,48.12,697,744891,8.01
2022-03-03,63.05,7.67,29.27,156,6707637,72.13,371,6132316,65.94,496,4475203,48.12,987,745878,8.02
2022-03-04,63.05,7.68,29.27,53,6707690,72.13,170,6132486,65.95,170,4475373,48.13,227,746105,8.02
2022-03-05,63.04,7.69,29.27,4,6707694,72.13,25,6132511,65.95,43,4475416,48.13,32,746137,8.02
2022-03-06,63.04,7.69,29.27,97,6707791,72.13,258,6132769,65.95,418,4475834,48.13,760,746897,8.03
2022-03-07,63.05,7.69,29.26,87,6707878,72.13,260,6133029,65.95,353,4476187,48.13,604,747501,8.04
2022-03-08,63.04,7.7,29.26,98,6707976,72.13,263,6133292,65.95,333,4476520,48.14,550,748051,8.04
2022-03-09,63.02,7.72,29.25,89,6708065,72.14,213,6133505,65.96,337,4476857,48.14,492,748543,8.05
2022-03-10,63.01,7.74,29.25,115,6708180,72.14,373,6133878,65.96,427,4477284,48.15,620,749163,8.06
2022-03-11,63,7.75,29.25,24,6708204,72.14,86,6133964,65.96,122,4477406,48.15,144,749307,8.06
2022-03-12,62.98,7.77,29.24,11,6708215,72.14,12,6133976,65.96,33,4477439,48.15,28,749335,8.06
2022-03-13,62.98,7.78,29.24,100,6708315,72.14,271,6134247,65.96,358,4477797,48.15,595,749930,8.06
2022-03-14,62.98,7.78,29.24,65,6708380,72.14,252,6134499,65.97,316,4478113,48.16,559,750489,8.07
2022-03-15,62.95,7.81,29.24,79,6708459,72.14,185,6134684,65.97,293,4478406,48.16,591,751080,8.08
2022-03-16,62.94,7.82,29.24,76,6708535,72.14,205,6134889,65.97,304,4478710,48.16,668,751748,8.08
2022-03-17,62.94,7.82,29.24,65,6708600,72.14,121,6135010,65.97,286,4478996,48.16,613,752361,8.09
2022-03-18,62.94,7.82,29.24,19,6708619,72.14,54,6135064,65.97,100,4479096,48.17,234,752595,8.09
2022-03-19,62.89,7.88,29.23,5,6708624,72.14,11,6135075,65.97,28,4479124,48.17,39,752634,8.09
2022-03-20,62.87,7.89,29.23,119,6708743,72.14,260,6135335,65.98,486,4479610,48.17,1431,754065,8.11
2022-03-21,62.87,7.9,29.23,97,6708840,72.14,247,6135582,65.98,379,4479989,48.18,1132,755197,8.12
2022-03-22,62.84,7.94,29.23,141,6708981,72.15,342,6135924,65.98,507,4480496,48.18,1770,756967,8.14
2022-03-23,62.81,7.97,29.22,108,6709089,72.15,212,6136136,65.98,463,4480959,48.19,1676,758643,8.16
2022-03-24,62.78,8,29.22,174,6709263,72.15,345,6136481,65.99,768,4481727,48.19,2361,761004,8.18
2022-03-25,62.78,8,29.23,39,6709302,72.15,82,6136563,65.99,156,4481883,48.2,629,761633,8.19
2022-03-26,62.77,8,29.22,12,6709314,72.15,13,6136576,65.99,34,4481917,48.2,91,761724,8.19
2022-03-27,62.75,8.02,29.22,167,6709481,72.15,344,6136920,65.99,758,4482675,48.2,3193,764917,8.23
2022-03-28,62.75,8.03,29.22,113,6709594,72.15,270,6137190,66,623,4483298,48.21,2416,767333,8.25
2022-03-29,62.7,8.07,29.22,125,6709719,72.15,258,6137448,66,641,4483939,48.22,2771,770104,8.28
2022-03-30,62.81,8.11,29.07,132,6709851,72.15,207,6137655,66,539,4484478,48.22,2370,772474,8.31
2022-03-31,62.79,8.11,29.1,166,6710017,72.16,302,6137957,66,730,4485208,48.23,2852,775326,8.34
2022-04-01,62.72,8.13,29.15,122,6710139,72.16,160,6138117,66.01,277,4485485,48.23,585,775911,8.34
2022-04-02,62.69,8.15,29.16,6,6710145,72.16,7,6138124,66.01,37,4485522,48.24,52,775963,8.34
2022-04-03,62.65,8.16,29.19,159,6710304,72.16,270,6138394,66.01,569,4486091,48.24,2478,778441,8.37
2022-04-04,62.62,8.16,29.22,103,6710407,72.16,207,6138601,66.01,484,4486575,48.25,2224,780665,8.39
2022-04-05,62.57,8.19,29.25,122,6710529,72.16,219,6138820,66.01,513,4487088,48.25,2242,782907,8.42
2022-04-06,62.55,8.2,29.25,92,6710621,72.16,155,6138975,66.02,381,4487469,48.26,2021,784928,8.44
2022-04-07,62.56,8.2,29.24,191,6710812,72.16,215,6139190,66.02,641,4488110,48.26,2556,787484,8.47
2022-04-08,62.54,8.22,29.23,30,6710842,72.17,60,6139250,66.02,153,4488263,48.26,482,787966,8.47
2022-04-09,62.52,8.25,29.23,6,6710848,72.17,17,6139267,66.02,27,4488290,48.26,47,788013,8.47
2022-04-10,62.51,8.26,29.23,103,6710951,72.17,264,6139531,66.02,429,4488719,48.27,1845,789858,8.49
2022-04-11,62.54,8.26,29.2,78,6711029,72.17,201,6139732,66.02,371,4489090,48.27,1425,791283,8.51
2022-04-12,62.58,8.29,29.12,204,6711233,72.17,168,6139900,66.03,374,4489464,48.28,1360,792643,8.52
2022-04-13,62.58,8.31,29.1,119,6711352,72.17,150,6140050,66.03,296,4489760,48.28,1217,793860,8.54
2022-04-14,62.57,8.33,29.1,85,6711437,72.17,221,6140271,66.03,320,4490080,48.28,1069,794929,8.55
2022-04-15,62.55,8.35,29.1,9,6711446,72.17,51,6140322,66.03,47,4490127,48.28,82,795011,8.55
2022-04-16,62.53,8.37,29.1,3,6711449,72.17,8,6140330,66.03,21,4490148,48.28,29,795040,8.55
2022-04-17,62.52,8.38,29.1,62,6711511,72.17,131,6140461,66.03,229,4490377,48.29,807,795847,8.56
2022-04-18,62.51,8.38,29.1,69,6711580,72.17,109,6140570,66.03,252,4490629,48.29,749,796596,8.57
2022-04-19,62.5,8.4,29.1,62,6711642,72.17,144,6140714,66.03,273,4490902,48.29,842,797438,8.58
2022-04-20,62.48,8.42,29.1,60,6711702,72.17,117,6140831,66.04,235,4491137,48.3,654,798092,8.58
2022-04-21,62.47,8.43,29.1,53,6711755,72.17,109,6140940,66.04,196,4491333,48.3,479,798571,8.59
2022-04-22,62.45,8.44,29.11,3,6711758,72.17,17,6140957,66.04,19,4491352,48.3,19,798590,8.59
2022-04-23,62.43,8.46,29.11,6,6711764,72.17,9,6140966,66.04,15,4491367,48.3,13,798603,8.59
2022-04-24,62.43,8.47,29.1,92,6711856,72.18,250,6141216,66.04,329,4491696,48.3,872,799475,8.6
2022-04-25,62.43,8.47,29.1,105,6711961,72.18,191,6141407,66.04,316,4492012,48.3,738,800213,8.61
2022-04-26,62.42,8.48,29.1,75,6712036,72.18,175,6141582,66.04,303,4492315,48.31,787,801000,8.61
2022-04-27,62.41,8.49,29.1,54,6712090,72.18,160,6141742,66.05,227,4492542,48.31,640,801640,8.62
2022-04-28,62.41,8.5,29.1,96,6712186,72.18,232,6141974,66.05,329,4492871,48.31,871,802511,8.63
2022-04-29,62.39,8.51,29.1,112,6712298,72.18,159,6142133,66.05,183,4493054,48.32,195,802706,8.63
2022-04-30,62.38,8.52,29.1,1,6712299,72.18,3,6142136,66.05,24,4493078,48.32,22,802728,8.63
2022-05-01,62.38,8.53,29.09,135,6712434,72.18,185,6142321,66.05,316,4493394,48.32,630,803358,8.64
2022-05-02,62.37,8.54,29.09,62,6712496,72.18,155,6142476,66.05,235,4493629,48.32,491,803849,8.64
2022-05-03,62.36,8.55,29.09,72,6712568,72.18,151,6142627,66.05,288,4493917,48.33,507,804356,8.65
2022-05-04,62.35,8.57,29.08,23,6712591,72.18,56,6142683,66.06,63,4493980,48.33,126,804482,8.65
2022-05-05,62.34,8.58,29.08,4,6712595,72.18,1,6142684,66.06,8,4493988,48.33,13,804495,8.65
2022-05-06,62.33,8.59,29.08,20,6712615,72.18,59,6142743,66.06,64,4494052,48.33,151,804646,8.65
2022-05-07,62.32,8.6,29.08,1,6712616,72.18,7,6142750,66.06,27,4494079,48.33,24,804670,8.65
2022-05-08,62.31,8.61,29.08,118,6712734,72.19,207,6142957,66.06,270,4494349,48.33,457,805127,8.66
2022-05-09,62.31,8.61,29.08,59,6712793,72.19,162,6143119,66.06,251,4494600,48.33,505,805632,8.66
2022-05-10,62.3,8.62,29.08,131,6712924,72.19,169,6143288,66.06,261,4494861,48.34,508,806140,8.67
2022-05-11,62.3,8.63,29.08,58,6712982,72.19,118,6143406,66.06,182,4495043,48.34,464,806604,8.67
2022-05-12,62.29,8.64,29.07,119,6713101,72.19,200,6143606,66.07,278,4495321,48.34,665,807269,8.68
2022-05-13,62.28,8.65,29.07,11,6713112,72.19,43,6143649,66.07,71,4495392,48.34,110,807379,8.68
2022-05-14,62.26,8.66,29.07,6,6713118,72.19,13,6143662,66.07,11,4495403,48.34,23,807402,8.68
2022-05-15,62.26,8.67,29.07,90,6713208,72.19,175,6143837,66.07,246,4495649,48.34,665,808067,8.69
2022-05-16,62.19,8.65,29.16,68,6713276,72.19,141,6143978,66.07,230,4495879,48.35,508,808575,8.7
2022-05-17,62.18,8.66,29.16,73,6713349,72.19,153,6144131,66.07,269,4496148,48.35,617,809192,8.7
2022-05-18,62.17,8.67,29.16,43,6713392,72.19,99,6144230,66.07,169,4496317,48.35,445,809637,8.71
2022-05-19,62.16,8.68,29.16,64,6713456,72.19,170,6144400,66.07,212,4496529,48.35,499,810136,8.71
2022-05-20,62.15,8.69,29.16,75,6713531,72.19,114,6144514,66.08,130,4496659,48.35,138,810274,8.71
2022-05-21,62.14,8.7,29.16,4,6713535,72.19,7,6144521,66.08,14,4496673,48.35,18,810292,8.71
2022-05-22,62.14,8.71,29.16,87,6713622,72.19,188,6144709,66.08,216,4496889,48.36,426,810718,8.72
2022-05-23,62.14,8.71,29.16,64,6713686,72.2,120,6144829,66.08,156,4497045,48.36,346,811064,8.72
2022-05-24,62.13,8.71,29.15,43,6713729,72.2,119,6144948,66.08,157,4497202,48.36,394,811458,8.73
2022-05-25,62.12,8.72,29.15,61,6713790,72.2,103,6145051,66.08,166,4497368,48.36,337,811795,8.73
2022-05-26,62.11,8.73,29.16,72,6713862,72.2,136,6145187,66.08,186,4497554,48.36,348,812143,8.73
2022-05-27,62.1,8.74,29.16,12,6713874,72.2,29,6145216,66.08,43,4497597,48.36,59,812202,8.73
2022-05-28,62.09,8.75,29.16,2,6713876,72.2,5,6145221,66.08,8,4497605,48.37,12,812214,8.73
2022-05-29,62.09,8.75,29.16,89,6713965,72.2,153,6145374,66.08,163,4497768,48.37,315,812529,8.74
2022-05-30,62.09,8.76,29.16,56,6714021,72.2,133,6145507,66.09,125,4497893,48.37,291,812820,8.74
2022-05-31,62.07,8.78,29.15,45,6714066,72.2,104,6145611,66.09,153,4498046,48.37,351,813171,8.74
2022-06-01,61.95,8.9,29.16,63,6714129,72.2,90,6145701,66.09,117,4498163,48.37,276,813447,8.75
2022-06-02,45.96,24.88,29.15,77,6714206,72.2,156,6145857,66.09,177,4498340,48.37,255,813702,8.75
2022-06-03,45.9,24.95,29.16,10,6714216,72.2,23,6145880,66.09,21,4498361,48.37,33,813735,8.75
2022-06-04,45.84,25,29.16,0,6714216,72.2,7,6145887,66.09,8,4498369,48.37,5,813740,8.75
2022-06-05,45.8,25.05,29.16,11,6714227,72.2,14,6145901,66.09,7,4498376,48.37,2,813742,8.75
2022-06-06,39.96,30.89,29.16,58,6714285,72.2,144,6146045,66.09,161,4498537,48.38,262,814004,8.75
2022-06-07,39.92,30.93,29.15,54,6714339,72.2,134,6146179,66.09,142,4498679,48.38,379,814383,8.76
2022-06-08,39.89,30.96,29.15,58,6714397,72.2,104,6146283,66.09,131,4498810,48.38,497,814880,8.76
2022-06-09,39.86,30.99,29.15,84,6714481,72.2,207,6146490,66.1,234,4499044,48.38,641,815521,8.77
2022-06-10,39.83,31.02,29.15,14,6714495,72.2,51,6146541,66.1,59,4499103,48.38,141,815662,8.77
2022-06-11,39.8,31.05,29.15,0,6714495,72.2,3,6146544,66.1,7,4499110,48.38,19,815681,8.77
2022-06-12,39.8,31.05,29.15,109,6714604,72.21,199,6146743,66.1,191,4499301,48.38,767,816448,8.78
2022-06-13,39.81,31.04,29.15,84,6714688,72.21,142,6146885,66.1,168,4499469,48.39,625,817073,8.79
2022-06-14,39.79,31.06,29.15,116,6714804,72.21,173,6147058,66.1,208,4499677,48.39,759,817832,8.79
2022-06-15,39.78,31.08,29.15,71,6714875,72.21,141,6147199,66.1,207,4499884,48.39,699,818531,8.8
2022-06-16,39.74,31.11,29.14,94,6714969,72.21,136,6147335,66.11,218,4500102,48.39,742,819273,8.81
2022-06-17,39.72,31.14,29.15,16,6714985,72.21,63,6147398,66.11,53,4500155,48.39,124,819397,8.81
2022-06-18,39.68,31.17,29.14,3,6714988,72.21,4,6147402,66.11,11,4500166,48.39,15,819412,8.81
2022-06-19,39.53,31.33,29.15,115,6715103,72.21,207,6147609,66.11,318,4500484,48.4,877,820289,8.82
2022-06-20,33.92,36.85,29.23,99,6715202,72.21,152,6147761,66.11,307,4500791,48.4,922,821211,8.83
2022-06-21,33.58,37.19,29.23,94,6715296,72.21,154,6147915,66.11,375,4501166,48.4,1229,822440,8.84
2022-06-22,33.28,37.49,29.23,110,6715406,72.21,135,6148050,66.11,339,4501505,48.41,894,823334,8.85
2022-06-23,32.84,37.92,29.23,132,6715538,72.22,217,6148267,66.12,525,4502030,48.41,1146,824480,8.87
2022-06-24,32.43,38.34,29.24,19,6715557,72.22,35,6148302,66.12,110,4502140,48.41,207,824687,8.87
2022-06-25,32.04,38.72,29.24,1,6715558,72.22,3,6148305,66.12,12,4502152,48.41,16,824703,8.87
2022-06-26,31.63,39.13,29.24,107,6715665,72.22,158,6148463,66.12,379,4502531,48.42,933,825636,8.88
2022-06-27,31.29,39.47,29.24,86,6715751,72.22,172,6148635,66.12,392,4502923,48.42,1028,826664,8.89
2022-06-28,30.86,39.91,29.24,84,6715835,72.22,151,6148786,66.12,364,4503287,48.43,932,827596,8.9
2022-06-29,30.48,40.28,29.24,76,6715911,72.22,106,6148892,66.12,265,4503552,48.43,816,828412,8.91
2022-06-30,30.05,40.71,29.24,86,6715997,72.22,165,6149057,66.12,356,4503908,48.43,1061,829473,8.92
2022-07-01,29.62,41.14,29.24,22,6716019,72.22,28,6149085,66.12,55,4503963,48.43,80,829553,8.92
2022-07-02,29.2,41.56,29.24,1,6716020,72.22,2,6149087,66.12,8,4503971,48.43,18,829571,8.92
2022-07-03,28.81,41.95,29.24,100,6716120,72.22,177,6149264,66.13,322,4504293,48.44,637,830208,8.93
2022-07-04,28.5,42.26,29.24,76,6716196,72.22,140,6149404,66.13,278,4504571,48.44,749,830957,8.94
2022-07-05,28.06,42.7,29.24,59,6716255,72.22,142,6149546,66.13,302,4504873,48.44,688,831645,8.94
2022-07-06,27.39,43.37,29.24,78,6716333,72.22,124,6149670,66.13,211,4505084,48.45,646,832291,8.95
2022-07-07,26.48,44.28,29.24,82,6716415,72.22,164,6149834,66.13,267,4505351,48.45,721,833012,8.96
2022-07-08,25.47,45.29,29.24,17,6716432,72.23,33,6149867,66.13,69,4505420,48.45,131,833143,8.96
2022-07-09,24.42,46.34,29.24,0,6716432,72.23,1,6149868,66.13,3,4505423,48.45,2,833145,8.96
2022-07-10,23.77,46.99,29.24,90,6716522,72.23,164,6150032,66.13,229,4505652,48.45,470,833615,8.96
2022-07-11,23.22,47.54,29.24,64,6716586,72.23,142,6150174,66.14,248,4505900,48.45,575,834190,8.97
2022-07-12,22.13,48.63,29.24,69,6716655,72.23,129,6150303,66.14,207,4506107,48.46,557,834747,8.98
2022-07-13,21.1,49.66,29.24,43,6716698,72.23,101,6150404,66.14,164,4506271,48.46,488,835235,8.98
2022-07-14,20.12,50.63,29.24,69,6716767,72.23,147,6150551,66.14,209,4506480,48.46,512,835747,8.99
2022-07-15,19.27,51.48,29.25,64,6716831,72.23,88,6150639,66.14,127,4506607,48.46,166,835913,8.99
2022-07-16,18.29,52.46,29.25,0,6716831,72.23,6,6150645,66.14,7,4506614,48.46,8,835921,8.99
2022-07-17,17.83,52.92,29.25,77,6716908,72.23,183,6150828,66.14,241,4506855,48.46,468,836389,8.99
2022-07-18,17.48,53.26,29.26,62,6716970,72.23,158,6150986,66.14,207,4507062,48.47,511,836900,9
2022-07-19,16.77,53.97,29.26,62,6717032,72.23,147,6151133,66.15,174,4507236,48.47,368,837268,9
2022-07-20,16.09,54.64,29.26,52,6717084,72.23,133,6151266,66.15,137,4507373,48.47,423,837691,9.01
2022-07-21,15.43,55.3,29.27,61,6717145,72.23,158,6151424,66.15,176,4507549,48.47,341,838032,9.01
2022-07-22,14.64,56.08,29.28,10,6717155,72.23,36,6151460,66.15,43,4507592,48.47,56,838088,9.01
2022-07-23,14.17,56.55,29.28,0,6717155,72.23,4,6151464,66.15,4,4507596,48.47,9,838097,9.01
2022-07-24,13.55,57.16,29.29,58,6717213,72.23,128,6151592,66.15,197,4507793,48.47,364,838461,9.02
2022-07-25,13.09,57.61,29.3,48,6717261,72.23,107,6151699,66.15,172,4507965,48.48,336,838797,9.02
2022-07-26,12.46,58.23,29.3,47,6717308,72.23,99,6151798,66.15,111,4508076,48.48,270,839067,9.02
2022-07-27,11.89,58.8,29.31,43,6717351,72.24,125,6151923,66.15,132,4508208,48.48,243,839310,9.03
2022-07-28,11.35,59.34,29.31,62,6717413,72.24,142,6152065,66.16,147,4508355,48.48,220,839530,9.03
2022-07-29,10.85,59.83,29.32,10,6717423,72.24,25,6152090,66.16,27,4508382,48.48,31,839561,9.03
2022-07-30,10.34,60.33,29.33,0,6717423,72.24,0,6152090,66.16,1,4508383,48.48,1,839562,9.03
2022-07-31,9.97,60.7,29.33,56,6717479,72.24,134,6152224,66.16,131,4508514,48.48,252,839814,9.03
2022-08-01,9.47,61.19,29.34,54,6717533,72.24,76,6152300,66.16,89,4508603,48.48,152,839966,9.03
2022-08-02,8.92,61.73,29.35,111,6717644,72.24,119,6152419,66.16,157,4508760,48.48,264,840230,9.04
2022-08-03,8.46,62.19,29.35,76,6717720,72.24,71,6152490,66.16,92,4508852,48.49,178,840408,9.04
2022-08-04,8.04,62.61,29.36,133,6717853,72.24,133,6152623,66.16,111,4508963,48.49,246,840654,9.04
2022-08-05,7.71,62.93,29.36,30,6717883,72.24,23,6152646,66.16,13,4508976,48.49,24,840678,9.04
2022-08-06,7.32,63.32,29.36,1,6717884,72.24,2,6152648,66.16,1,4508977,48.49,5,840683,9.04
2022-08-07,6.92,63.71,29.37,89,6717973,72.24,97,6152745,66.16,69,4509046,48.49,169,840852,9.04
2022-08-08,6.74,63.89,29.37,76,6718049,72.24,95,6152840,66.16,122,4509168,48.49,172,841024,9.04
2022-08-09,6.25,64.37,29.38,96,6718145,72.24,90,6152930,66.17,99,4509267,48.49,213,841237,9.05
2022-08-10,5.91,64.71,29.38,77,6718222,72.24,59,6152989,66.17,76,4509343,48.49,115,841352,9.05
2022-08-11,5.59,65.03,29.38,54,6718276,72.25,101,6153090,66.17,91,4509434,48.49,155,841507,9.05
2022-08-12,5.35,65.27,29.38,8,6718284,72.25,12,6153102,66.17,18,4509452,48.49,29,841536,9.05
2022-08-13,5.1,65.52,29.38,0,6718284,72.25,2,6153104,66.17,2,4509454,48.49,3,841539,9.05
2022-08-14,4.87,65.75,29.39,74,6718358,72.25,75,6153179,66.17,82,4509536,48.49,150,841689,9.05
2022-08-15,4.74,65.87,29.39,68,6718426,72.25,81,6153260,66.17,93,4509629,48.49,143,841832,9.05
2022-08-16,4.46,66.15,29.39,82,6718508,72.25,84,6153344,66.17,84,4509713,48.5,187,842019,9.05
2022-08-17,4.16,66.44,29.39,47,6718555,72.25,55,6153399,66.17,36,4509749,48.5,115,842134,9.06
2022-08-18,3.98,66.63,29.39,68,6718623,72.25,93,6153492,66.17,120,4509869,48.5,173,842307,9.06
2022-08-19,3.83,66.78,29.39,77,6718700,72.25,67,6153559,66.17,56,4509925,48.5,38,842345,9.06
2022-08-20,3.67,66.94,29.39,1,6718701,72.25,1,6153560,66.17,3,4509928,48.5,3,842348,9.06
2022-08-21,3.52,67.08,29.4,51,6718752,72.25,85,6153645,66.17,84,4510012,48.5,197,842545,9.06
2022-08-22,3.44,67.16,29.4,89,6718841,72.25,74,6153719,66.17,103,4510115,48.5,143,842688,9.06
2022-08-23,3.27,67.33,29.4,72,6718913,72.25,106,6153825,66.18,84,4510199,48.5,180,842868,9.06
2022-08-24,3.15,67.46,29.4,38,6718951,72.25,80,6153905,66.18,49,4510248,48.5,133,843001,9.07
2022-08-25,3.03,67.57,29.4,53,6719004,72.25,75,6153980,66.18,97,4510345,48.5,193,843194,9.07
2022-08-26,2.94,67.66,29.4,4,6719008,72.25,15,6153995,66.18,9,4510354,48.5,14,843208,9.07
2022-08-27,2.84,67.76,29.4,0,6719008,72.25,0,6153995,66.18,0,4510354,48.5,0,843208,9.07
2022-08-28,2.75,67.85,29.4,55,6719063,72.25,80,6154075,66.18,85,4510439,48.5,102,843310,9.07
2022-08-29,2.69,67.91,29.4,48,6719111,72.25,68,6154143,66.18,89,4510528,48.5,107,843417,9.07
2022-08-30,2.6,68,29.4,85,6719196,72.25,112,6154255,66.18,85,4510613,48.5,130,843547,9.07
2022-08-31,2.53,68.07,29.4,42,6719238,72.26,88,6154343,66.18,70,4510683,48.51,95,843642,9.07
2022-09-01,2.46,68.14,29.4,29,6719267,72.26,84,6154427,66.18,58,4510741,48.51,113,843755,9.07
2022-09-02,2.4,68.2,29.4,6,6719273,72.26,20,6154447,66.18,13,4510754,48.51,10,843765,9.07
2022-09-03,2.33,68.27,29.4,2,6719275,72.26,0,6154447,66.18,3,4510757,48.51,1,843766,9.07
2022-09-04,2.27,68.32,29.4,64,6719339,72.26,133,6154580,66.18,80,4510837,48.51,121,843887,9.07
2022-09-05,2.23,68.37,29.4,44,6719383,72.26,77,6154657,66.18,58,4510895,48.51,90,843977,9.08
2022-09-06,2.17,68.42,29.4,60,6719443,72.26,104,6154761,66.19,78,4510973,48.51,130,844107,9.08
2022-09-07,2.12,68.47,29.4,27,6719470,72.26,63,6154824,66.19,53,4511026,48.51,95,844202,9.08
2022-09-08,2.07,68.53,29.4,50,6719520,72.26,101,6154925,66.19,70,4511096,48.51,77,844279,9.08
2022-09-09,2.03,68.57,29.4,10,6719530,72.26,21,6154946,66.19,16,4511112,48.51,17,844296,9.08
2022-09-10,1.97,68.62,29.4,0,6719530,72.26,0,6154946,66.19,5,4511117,48.51,2,844298,9.08
2022-09-11,1.92,68.67,29.41,39,6719569,72.26,117,6155063,66.19,78,4511195,48.51,116,844414,9.08
2022-09-12,1.88,68.71,29.41,24,6719593,72.26,72,6155135,66.19,52,4511247,48.51,68,844482,9.08
2022-09-13,1.82,68.77,29.41,44,6719637,72.26,113,6155248,66.19,54,4511301,48.51,103,844585,9.08
2022-09-14,1.78,68.82,29.41,21,6719658,72.26,64,6155312,66.19,54,4511355,48.51,62,844647,9.08
2022-09-15,1.73,68.86,29.41,32,6719690,72.26,77,6155389,66.19,63,4511418,48.51,107,844754,9.08
2022-09-16,1.7,68.89,29.41,48,6719738,72.26,52,6155441,66.19,27,4511445,48.51,28,844782,9.08
2022-09-17,1.66,68.93,29.41,3,6719741,72.26,0,6155441,66.19,1,4511446,48.51,0,844782,9.08
2022-09-18,1.63,68.96,29.41,28,6719769,72.26,66,6155507,66.19,52,4511498,48.51,114,844896,9.09
2022-09-19,1.61,68.98,29.41,27,6719796,72.26,74,6155581,66.19,44,4511542,48.51,57,844953,9.09
2022-09-20,1.56,69.03,29.41,41,6719837,72.26,93,6155674,66.2,75,4511617,48.52,102,845055,9.09
2022-09-21,1.55,69.05,29.41,22,6719859,72.26,54,6155728,66.2,29,4511646,48.52,56,845111,9.09
2022-09-22,1.52,69.07,29.4,40,6719899,72.26,56,6155784,66.2,27,4511673,48.52,41,845152,9.09
2022-09-23,1.5,69.1,29.41,6,6719905,72.26,11,6155795,66.2,4,4511677,48.52,1,845153,9.09
2022-09-24,1.47,69.13,29.41,0,6719905,72.26,0,6155795,66.2,0,4511677,48.52,0,845153,9.09
2022-09-25,1.46,69.13,29.41,5,6719910,72.26,20,6155815,66.2,10,4511687,48.52,27,845180,9.09
2022-09-26,1.46,69.13,29.41,0,6719910,72.26,5,6155820,66.2,2,4511689,48.52,2,845182,9.09
2022-09-27,1.42,69.17,29.41,2,6719912,72.26,0,6155820,66.2,3,4511692,48.52,3,845185,9.09
2022-09-28,1.39,69.21,29.41,24,6719936,72.26,36,6155856,66.2,25,4511717,48.52,16,845201,9.09
2022-09-29,1.37,69.22,29.41,32,6719968,72.26,61,6155917,66.2,13,4511730,48.52,48,845249,9.09
2022-09-30,1.35,69.24,29.41,3,6719971,72.26,12,6155929,66.2,2,4511732,48.52,0,845249,9.09
2022-10-01,1.31,69.29,29.41,0,6719971,72.26,1,6155930,66.2,1,4511733,48.52,1,845250,9.09
2022-10-02,1.31,69.29,29.41,24,6719995,72.26,51,6155981,66.2,20,4511753,48.52,73,845323,9.09
2022-10-03,1.31,69.28,29.4,23,6720018,72.26,29,6156010,66.2,13,4511766,48.52,12,845335,9.09
2022-10-04,1.27,69.32,29.4,7,6720025,72.26,10,6156020,66.2,0,4511766,48.52,1,845336,9.09
2022-10-05,1.28,69.31,29.4,0,6720025,72.26,0,6156020,66.2,0,4511766,48.52,0,845336,9.09
2022-10-06,1.31,69.28,29.4,17,6720042,72.26,43,6156063,66.2,10,4511776,48.52,20,845356,9.09
2022-10-07,1.3,69.29,29.41,3,6720045,72.26,3,6156066,66.2,3,4511779,48.52,0,845356,9.09
2022-10-08,1.26,69.33,29.41,1,6720046,72.26,1,6156067,66.2,0,4511779,48.52,1,845357,9.09
2022-10-09,1.31,69.28,29.41,7,6720053,72.26,22,6156089,66.2,6,4511785,48.52,5,845362,9.09
2022-10-10,1.38,69.22,29.4,5,6720058,72.26,2,6156091,66.2,0,4511785,48.52,0,845362,9.09
2022-10-11,1.36,69.24,29.4,12,6720070,72.26,32,6156123,66.2,1,4511786,48.52,32,845394,9.09
2022-10-12,1.34,69.26,29.4,13,6720083,72.26,24,6156147,66.2,5,4511791,48.52,4,845398,9.09
2022-10-13,1.4,69.2,29.4,17,6720100,72.26,16,6156163,66.2,5,4511796,48.52,9,845407,9.09
2022-10-14,1.4,69.2,29.4,6,6720106,72.26,7,6156170,66.2,4,4511800,48.52,3,845410,9.09
2022-10-15,1.38,69.22,29.4,0,6720106,72.26,0,6156170,66.2,0,4511800,48.52,1,845411,9.09
2022-10-16,1.39,69.2,29.4,4,6720110,72.26,13,6156183,66.2,5,4511805,48.52,8,845419,9.09
2022-10-17,1.39,69.2,29.4,1,6720111,72.26,1,6156184,66.2,1,4511806,48.52,0,845419,9.09
2022-10-18,1.43,69.17,29.4,24,6720135,72.27,31,6156215,66.2,14,4511820,48.52,16,845435,9.09
2022-10-19,1.47,69.12,29.4,18,6720153,72.27,25,6156240,66.2,7,4511827,48.52,3,845438,9.09
2022-10-20,1.5,69.1,29.4,25,6720178,72.27,44,6156284,66.2,12,4511839,48.52,4,845442,9.09
2022-10-21,1.5,69.09,29.4,4,6720182,72.27,7,6156291,66.2,2,4511841,48.52,2,845444,9.09
2022-10-22,1.49,69.1,29.4,0,6720182,72.27,0,6156291,66.2,0,4511841,48.52,0,845444,9.09
2022-10-23,1.51,69.08,29.4,15,6720197,72.27,33,6156324,66.2,18,4511859,48.52,10,845454,9.09
2022-10-24,1.51,69.08,29.41,20,6720217,72.27,16,6156340,66.2,19,4511878,48.52,9,845463,9.09
2022-10-25,1.55,69.04,29.4,18,6720235,72.27,34,6156374,66.2,22,4511900,48.52,21,845484,9.09
2022-10-26,1.61,68.99,29.4,18,6720253,72.27,25,6156399,66.2,8,4511908,48.52,9,845493,9.09
2022-10-27,1.67,68.93,29.4,18,6720271,72.27,26,6156425,66.2,14,4511922,48.52,16,845509,9.09
2022-10-28,1.67,68.93,29.4,43,6720314,72.27,47,6156472,66.2,31,4511953,48.52,18,845527,9.09
2022-10-29,1.66,68.94,29.4,0,6720314,72.27,0,6156472,66.2,0,4511953,48.52,0,845527,9.09
2022-10-30,1.71,68.89,29.4,14,6720328,72.27,23,6156495,66.2,15,4511968,48.52,9,845536,9.09
2022-10-31,1.76,68.84,29.4,17,6720345,72.27,16,6156511,66.2,8,4511976,48.52,9,845545,9.09
2022-11-01,1.82,68.78,29.4,2,6720347,72.27,1,6156512,66.2,1,4511977,48.52,0,845545,9.09
2022-11-02,1.88,68.72,29.4,13,6720360,72.27,13,6156525,66.2,7,4511984,48.52,8,845553,9.09
2022-11-03,1.96,68.64,29.4,16,6720376,72.27,18,6156543,66.2,11,4511995,48.52,8,845561,9.09
2022-11-04,1.98,68.63,29.4,4,6720380,72.27,6,6156549,66.2,1,4511996,48.52,2,845563,9.09
2022-11-05,1.97,68.63,29.4,0,6720380,72.27,0,6156549,66.2,0,4511996,48.52,0,845563,9.09
2022-11-06,2.03,68.57,29.4,24,6720404,72.27,32,6156581,66.2,11,4512007,48.52,23,845586,9.09
2022-11-07,2.1,68.51,29.4,15,6720419,72.27,11,6156592,66.2,10,4512017,48.52,54,845640,9.09
2022-11-08,2.1,68.5,29.4,28,6720447,72.27,26,6156618,66.21,14,4512031,48.52,9,845649,9.09
2022-11-09,2.16,68.45,29.4,16,6720463,72.27,20,6156638,66.21,17,4512048,48.52,9,845658,9.09
2022-11-10,2.22,68.39,29.4,26,6720489,72.27,14,6156652,66.21,11,4512059,48.52,4,845662,9.09
2022-11-11,2.23,68.37,29.4,1,6720490,72.27,17,6156669,66.21,2,4512061,48.52,1,845663,9.09
2022-11-12,2.22,68.38,29.4,1,6720491,72.27,0,6156669,66.21,1,4512062,48.52,0,845663,9.09
2022-11-13,2.29,68.31,29.4,24,6720515,72.27,30,6156699,66.21,17,4512079,48.52,8,845671,9.09
2022-11-14,2.37,68.23,29.4,20,6720535,72.27,17,6156716,66.21,21,4512100,48.52,16,845687,9.09
2022-11-15,2.43,68.17,29.4,39,6720574,72.27,25,6156741,66.21,16,4512116,48.52,17,845704,9.09
2022-11-16,2.5,68.1,29.4,14,6720588,72.27,27,6156768,66.21,16,4512132,48.52,11,845715,9.09
2022-11-17,2.59,68.02,29.4,19,6720607,72.27,33,6156801,66.21,18,4512150,48.52,4,845719,9.09
2022-11-18,2.61,67.99,29.4,6,6720613,72.27,4,6156805,66.21,4,4512154,48.52,0,845719,9.09
2022-11-19,2.6,68,29.4,0,6720613,72.27,0,6156805,66.21,0,4512154,48.52,0,845719,9.09
2022-11-20,2.67,67.93,29.4,19,6720632,72.27,19,6156824,66.21,6,4512160,48.52,13,845732,9.09
2022-11-21,2.76,67.85,29.4,14,6720646,72.27,13,6156837,66.21,6,4512166,48.52,6,845738,9.09
2022-11-22,2.83,67.77,29.4,26,6720672,72.27,13,6156850,66.21,17,4512183,48.52,6,845744,9.09
2022-11-23,2.9,67.7,29.4,17,6720689,72.27,20,6156870,66.21,4,4512187,48.52,8,845752,9.09
2022-11-24,2.98,67.62,29.4,9,6720698,72.27,16,6156886,66.21,13,4512200,48.52,27,845779,9.1
2022-11-25,3,67.6,29.4,17,6720715,72.27,31,6156917,66.21,14,4512214,48.52,12,845791,9.1
2022-11-26,3,67.61,29.4,0,6720715,72.27,2,6156919,66.21,0,4512214,48.52,0,845791,9.1
2022-11-27,3.06,67.54,29.4,14,6720729,72.27,14,6156933,66.21,19,4512233,48.52,2,845793,9.1
2022-11-28,3.14,67.47,29.4,8,6720737,72.27,23,6156956,66.21,8,4512241,48.52,6,845799,9.1
2022-11-29,3.2,67.4,29.4,37,6720774,72.27,31,6156987,66.21,19,4512260,48.52,14,845813,9.1
2022-11-30,3.27,67.34,29.39,12,6720786,72.27,25,6157012,66.21,20,4512280,48.52,8,845821,9.1
2022-12-01,3.34,67.26,29.39,13,6720799,72.27,16,6157028,66.21,15,4512295,48.52,4,845825,9.1
2022-12-02,3.36,67.24,29.39,2,6720801,72.27,7,6157035,66.21,4,4512299,48.52,10,845835,9.1
2022-12-03,3.36,67.24,29.39,0,6720801,72.27,0,6157035,66.21,0,4512299,48.52,1,845836,9.1
2022-12-04,3.42,67.18,29.39,25,6720826,72.27,23,6157058,66.21,29,4512328,48.52,23,845859,9.1
2022-12-05,3.48,67.12,29.4,9,6720835,72.27,17,6157075,66.21,11,4512339,48.52,18,845877,9.1
2022-12-06,3.55,67.06,29.39,32,6720867,72.27,25,6157100,66.21,27,4512366,48.52,9,845886,9.1
2022-12-07,3.62,66.99,29.39,10,6720877,72.27,17,6157117,66.21,8,4512374,48.52,7,845893,9.1
2022-12-08,3.69,66.91,29.39,18,6720895,72.27,26,6157143,66.21,15,4512389,48.52,3,845896,9.1
2022-12-09,3.71,66.9,29.39,4,6720899,72.27,1,6157144,66.21,1,4512390,48.52,7,845903,9.1
2022-12-10,3.7,66.91,29.39,1,6720900,72.27,0,6157144,66.21,2,4512392,48.52,0,845903,9.1
2022-12-11,3.76,66.84,29.39,14,6720914,72.27,19,6157163,66.21,15,4512407,48.52,16,845919,9.1
2022-12-12,3.82,66.78,29.39,14,6720928,72.27,11,6157174,66.21,5,4512412,48.52,0,845919,9.1
2022-12-13,3.87,66.73,29.39,17,6720945,72.27,44,6157218,66.21,18,4512430,48.52,13,845932,9.1
2022-12-14,3.92,66.69,29.39,17,6720962,72.27,16,6157234,66.21,7,4512437,48.52,3,845935,9.1
2022-12-15,3.97,66.64,29.39,21,6720983,72.27,16,6157250,66.21,7,4512444,48.52,3,845938,9.1
2022-12-16,3.98,66.62,29.39,10,6720993,72.27,2,6157252,66.21,1,4512445,48.52,0,845938,9.1
2022-12-17,3.97,66.63,29.39,0,6720993,72.27,0,6157252,66.21,0,4512445,48.52,0,845938,9.1
2022-12-18,4.01,66.59,29.39,9,6721002,72.27,17,6157269,66.21,8,4512453,48.52,3,845941,9.1
2022-12-19,4.06,66.54,29.4,7,6721009,72.27,14,6157283,66.21,12,4512465,48.52,6,845947,9.1
2022-12-20,4.1,66.5,29.39,12,6721021,72.27,17,6157300,66.21,2,4512467,48.52,2,845949,9.1
2022-12-21,4.14,66.47,29.39,9,6721030,72.27,14,6157314,66.21,13,4512480,48.52,2,845951,9.1
2022-12-22,4.18,66.42,29.39,0,6721030,72.27,1,6157315,66.21,1,4512481,48.52,1,845952,9.1
