Date,Valid vaccinated pop. perc.,Expired vaccinated pop. perc.,Not vaccinated pop. perc.,Vaccinated (daily),Vaccinated (cumu),Vaccinated pop. perc.,Second dose (daily),Second dose (cumu),Second dose pop. perc.,Third dose (daily),Third dose (cumu),Third dose pop. perc.,Fourth dose (daily),Fourth dose (cumu),Fourth dose pop. perc.
2020-12-19,0,0,100,46,71,0,0,4,0,0,0,0,0,0,0
2020-12-20,0,0,100,7396,7467,0.08,0,4,0,0,0,0,0,0,0
2020-12-21,0,0,100,24923,32390,0.35,0,4,0,0,0,0,0,0,0
2020-12-22,0,0,100,44668,77058,0.83,0,4,0,0,0,0,0,0,0
2020-12-23,0,0,100,62919,139977,1.51,0,4,0,0,0,0,0,0,0
2020-12-24,0,0,100,73430,213407,2.29,0,4,0,0,0,0,0,0,0
2020-12-25,0,0,100,38517,251924,2.71,0,4,0,0,0,0,0,0,0
2020-12-26,0,0,100,32618,284542,3.06,0,4,0,0,0,0,0,0,0
2020-12-27,0,0,100,104575,389117,4.18,0,4,0,0,0,0,0,0,0
2020-12-28,0,0,100,135041,524158,5.64,0,4,0,0,0,0,0,0,0
2020-12-29,0,0,100,156340,680498,7.32,2,6,0,0,0,0,0,0,0
2020-12-30,0,0,100,153192,833690,8.97,0,6,0,0,0,0,0,0,0
2020-12-31,0,0,100,158601,992291,10.67,0,6,0,0,0,0,0,0,0
2021-01-01,0,0,100,71435,1063726,11.44,0,6,0,0,0,0,0,0,0
2021-01-02,0,0,100,71744,1135470,12.21,0,6,0,0,0,0,0,0,0
2021-01-03,0,0,100,149767,1285237,13.82,0,6,0,0,0,0,0,0,0
2021-01-04,0,0,100,152207,1437444,15.46,1,7,0,0,0,0,0,0,0
2021-01-05,0,0,100,125222,1562666,16.8,4,11,0,0,0,0,0,0,0
2021-01-06,0,0,100,103374,1666040,17.92,2,13,0,0,0,0,0,0,0
2021-01-07,0,0,100,116065,1782105,19.16,9,22,0,0,0,0,0,0,0
2021-01-08,0,0,100,66465,1848570,19.88,5,27,0,0,0,0,0,0,0
2021-01-09,0,0,100,44554,1893124,20.36,24,51,0,0,0,0,0,0,0
2021-01-10,0,0,100,37649,1930773,20.76,6001,6052,0.07,0,0,0,0,0,0
2021-01-11,0,0,100,21176,1951949,20.99,19264,25316,0.27,0,0,0,0,0,0
2021-01-12,0,0,100,24075,1976024,21.25,35674,60990,0.66,0,0,0,0,0,0
2021-01-13,0,0,100,52079,2028103,21.81,56874,117864,1.27,0,0,0,0,0,0
2021-01-14,0,0,100,56480,2084583,22.42,68838,186702,2.01,0,0,0,0,0,0
2021-01-15,0,0,100,30776,2115359,22.75,35942,222644,2.39,0,0,0,0,0,0
2021-01-16,0,0,100,29481,2144840,23.06,26007,248651,2.67,0,0,0,0,0,0
2021-01-17,0.31,0,99.69,68445,2213285,23.8,84598,333249,3.58,0,0,0,0,0,0
2021-01-18,0.58,0,99.42,69821,2283106,24.55,120437,453686,4.88,0,0,0,0,0,0
2021-01-19,1.09,0,98.91,72897,2356003,25.34,137851,591537,6.36,0,0,0,0,0,0
2021-01-20,1.9,0,98.1,76919,2432922,26.16,143769,735306,7.91,0,0,0,0,0,0
2021-01-21,2.88,0,97.12,70010,2502932,26.92,164477,899783,9.68,0,0,0,0,0,0
2021-01-22,3.39,0,96.61,37933,2540865,27.32,71134,970917,10.44,0,0,0,0,0,0
2021-01-23,3.77,0,96.23,39965,2580830,27.75,53596,1024513,11.02,0,0,0,0,0,0
2021-01-24,4.96,0,95.04,69147,2649977,28.5,140711,1165224,12.53,0,0,0,0,0,0
2021-01-25,6.61,0,93.39,80943,2730920,29.37,139522,1304746,14.03,0,0,0,0,0,0
2021-01-26,8.45,0,91.55,78737,2809657,30.21,126446,1431192,15.39,0,0,0,0,0,0
2021-01-27,10.34,0,89.66,77982,2887639,31.05,125073,1556265,16.74,0,0,0,0,0,0
2021-01-28,12.43,0,87.57,79570,2967209,31.91,130633,1686898,18.14,0,0,0,0,0,0
2021-01-29,13.34,0,86.66,36704,3003913,32.3,64794,1751692,18.84,0,0,0,0,0,0
2021-01-30,14.02,0,85.98,34396,3038309,32.67,42767,1794459,19.3,0,0,0,0,0,0
2021-01-31,15.76,0,84.24,73331,3111640,33.46,59504,1853963,19.94,0,0,0,0,0,0
2021-02-01,17.48,0,82.52,82512,3194152,34.35,35357,1889320,20.32,0,0,0,0,0,0
2021-02-02,19.01,0,80.99,70107,3264259,35.1,31074,1920394,20.65,0,0,0,0,0,0
2021-02-03,20.47,0,79.53,60308,3324567,35.75,51445,1971839,21.2,0,0,0,0,0,0
2021-02-04,22,0,78,72640,3397207,36.53,58096,2029935,21.83,0,0,0,0,0,0
2021-02-05,22.75,0,77.25,33947,3431154,36.9,28807,2058742,22.14,0,0,0,0,0,0
2021-02-06,23.23,0,76.77,21622,3452776,37.13,22233,2080975,22.38,0,0,0,0,0,0
2021-02-07,23.99,0,76.01,54081,3506857,37.71,68744,2149719,23.12,0,0,0,0,0,0
2021-02-08,24.52,0,75.48,58644,3565501,38.34,65469,2215188,23.82,0,0,0,0,0,0
2021-02-09,25.04,0,74.96,66360,3631861,39.06,67579,2282767,24.55,0,0,0,0,0,0
2021-02-10,25.77,0,74.23,70571,3702432,39.81,72316,2355083,25.33,0,0,0,0,0,0
2021-02-11,26.61,0,73.39,81175,3783607,40.69,72114,2427197,26.1,0,0,0,0,0,0
2021-02-12,27.02,0,72.98,39111,3822718,41.11,37600,2464797,26.51,0,0,0,0,0,0
2021-02-13,27.33,0,72.67,27465,3850183,41.4,30441,2495238,26.83,0,0,0,0,0,0
2021-02-14,28.25,0,71.75,74917,3925100,42.21,69085,2564323,27.58,0,0,0,0,0,0
2021-02-15,29.17,0,70.83,81549,4006649,43.09,75722,2640045,28.39,0,0,0,0,0,0
2021-02-16,30.11,0,69.89,83423,4090072,43.98,78301,2718346,29.23,0,0,0,0,0,0
2021-02-17,31.01,0,68.99,61984,4152056,44.65,75645,2793991,30.05,0,0,0,0,0,0
2021-02-18,31.94,0,68.06,69159,4221215,45.39,79739,2873730,30.9,0,0,0,0,0,0
2021-02-19,32.45,0,67.55,39676,4260891,45.82,38162,2911892,31.31,0,0,0,0,0,0
2021-02-20,32.85,0,67.15,31651,4292542,46.16,28724,2940616,31.62,0,0,0,0,0,0
2021-02-21,33.8,0,66.2,79436,4371978,47.01,78446,3019062,32.47,0,0,0,0,0,0
2021-02-22,34.83,0,65.17,85056,4457034,47.93,80598,3099660,33.33,0,0,0,0,0,0
2021-02-23,35.84,0,64.16,77332,4534366,48.76,70486,3170146,34.09,0,0,0,0,0,0
2021-02-24,36.76,0,63.24,61067,4595433,49.42,63144,3233290,34.77,0,0,0,0,0,0
2021-02-25,37.66,0,62.34,51730,4647163,49.97,64810,3298100,35.47,0,0,0,0,0,0
2021-02-26,38.1,0,61.9,25913,4673076,50.25,32046,3330146,35.81,0,0,0,0,0,0
2021-02-27,38.42,0,61.58,18353,4691429,50.45,21197,3351343,36.04,0,0,0,0,0,0
2021-02-28,39.24,0,60.76,40365,4731794,50.88,55874,3407217,36.64,0,0,0,0,0,0
2021-03-01,40.1,0,59.9,45752,4777546,51.38,61445,3468662,37.3,0,0,0,0,0,0
2021-03-02,40.85,0,59.15,41202,4818748,51.82,64802,3533464,38,0,0,0,0,0,0
2021-03-03,41.55,0,58.45,42035,4860783,52.27,66794,3600258,38.72,0,0,0,0,0,0
2021-03-04,42.24,0,57.76,39722,4900505,52.7,79126,3679384,39.57,0,0,0,0,0,0
2021-03-05,42.57,0,57.43,17369,4917874,52.88,40471,3719855,40,0,0,0,0,0,0
2021-03-06,42.78,0,57.22,10722,4928596,53,25349,3745204,40.27,0,0,0,0,0,0
2021-03-07,43.36,0,56.64,31156,4959752,53.33,72847,3818051,41.06,0,0,0,0,0,0
2021-03-08,43.97,0,56.03,27387,4987139,53.63,73296,3891347,41.85,0,0,0,0,0,0
2021-03-09,44.62,0,55.38,26756,5013895,53.92,76605,3967952,42.67,0,0,0,0,0,0
2021-03-10,45.27,0,54.73,23373,5037268,54.17,58685,4026637,43.3,0,0,0,0,0,0
2021-03-11,45.99,0,54.01,23308,5060576,54.42,69098,4095735,44.04,0,0,0,0,0,0
2021-03-12,46.34,0,53.66,11296,5071872,54.54,41418,4137153,44.49,0,0,0,0,0,0
2021-03-13,46.57,0,53.43,7954,5079826,54.63,25239,4162392,44.76,0,0,0,0,0,0
2021-03-14,47.2,0,52.8,20991,5100817,54.85,73936,4236328,45.56,0,0,0,0,0,0
2021-03-15,47.81,0,52.19,20152,5120969,55.07,78281,4314609,46.4,0,0,0,0,0,0
2021-03-16,48.43,0,51.57,18759,5139728,55.27,71481,4386090,47.17,0,0,0,0,0,0
2021-03-17,48.92,0,51.08,17705,5157433,55.46,59010,4445100,47.8,0,0,0,0,0,0
2021-03-18,49.45,0,50.55,16050,5173483,55.63,58126,4503226,48.43,0,0,0,0,0,0
2021-03-19,49.75,0,50.25,6957,5180440,55.71,27981,4531207,48.73,0,0,0,0,0,0
2021-03-20,49.93,0,50.07,5227,5185667,55.76,15302,4546509,48.89,0,0,0,0,0,0
2021-03-21,50.46,0,49.54,13172,5198839,55.91,40511,4587020,49.33,0,0,0,0,0,0
2021-03-22,51,0,49,13583,5212422,56.05,40542,4627562,49.76,0,0,0,0,0,0
2021-03-23,51.43,0,48.57,2846,5215268,56.08,7303,4634865,49.84,0,0,0,0,0,0
2021-03-24,51.84,0,48.16,11006,5226274,56.2,46560,4681425,50.34,0,0,0,0,0,0
2021-03-25,52.22,0,47.78,10273,5236547,56.31,35440,4716865,50.72,0,0,0,0,0,0
2021-03-26,52.4,0,47.6,4186,5240733,56.36,13334,4730199,50.87,0,0,0,0,0,0
2021-03-27,52.5,0,47.5,1787,5242520,56.38,4269,4734468,50.91,0,0,0,0,0,0
2021-03-28,52.74,0,47.26,2114,5244634,56.4,4611,4739079,50.96,0,0,0,0,0,0
2021-03-29,53,0,47,6918,5251552,56.47,30017,4769096,51.28,0,0,0,0,0,0
2021-03-30,53.08,0,46.92,7897,5259449,56.56,22455,4791551,51.53,0,0,0,0,0,0
2021-03-31,53.38,0,46.62,8154,5267603,56.65,19502,4811053,51.74,0,0,0,0,0,0
2021-04-01,53.62,0,46.38,8222,5275825,56.73,18704,4829757,51.94,0,0,0,0,0,0
2021-04-02,53.71,0,46.29,2946,5278771,56.77,8131,4837888,52.02,0,0,0,0,0,0
2021-04-03,53.74,0,46.26,1432,5280203,56.78,2983,4840871,52.06,0,0,0,0,0,0
2021-04-04,53.82,0,46.18,9618,5289821,56.88,22832,4863703,52.3,0,0,0,0,0,0
2021-04-05,54.04,0,45.96,10365,5300186,57,21278,4884981,52.53,0,0,0,0,0,0
2021-04-06,54.21,0,45.79,9035,5309221,57.09,16794,4901775,52.71,0,0,0,0,0,0
2021-04-07,54.36,0,45.64,8934,5318155,57.19,15314,4917089,52.88,0,0,0,0,0,0
2021-04-08,54.52,0,45.48,9431,5327586,57.29,17017,4934106,53.06,0,0,0,0,0,0
2021-04-09,54.58,0,45.42,3609,5331195,57.33,6259,4940365,53.13,0,0,0,0,0,0
2021-04-10,54.61,0,45.39,1636,5332831,57.35,3522,4943887,53.16,0,0,0,0,0,0
2021-04-11,54.78,0,45.22,9045,5341876,57.44,14249,4958136,53.32,0,0,0,0,0,0
2021-04-12,54.95,0,45.05,8937,5350813,57.54,13236,4971372,53.46,0,0,0,0,0,0
2021-04-13,55.08,0,44.92,5841,5356654,57.6,4960,4976332,53.51,0,0,0,0,0,0
2021-04-14,55.18,0,44.82,3650,5360304,57.64,5311,4981643,53.57,0,0,0,0,0,0
2021-04-15,55.27,0,44.73,698,5361002,57.65,582,4982225,53.58,0,0,0,0,0,0
2021-04-16,55.33,0,44.67,3419,5364421,57.69,6652,4988877,53.65,0,0,0,0,0,0
2021-04-17,55.35,0,44.65,822,5365243,57.7,1973,4990850,53.67,0,0,0,0,0,0
2021-04-18,55.47,0,44.53,7099,5372342,57.77,7433,4998283,53.75,0,0,0,0,0,0
2021-04-19,55.58,0,44.42,6407,5378749,57.84,7134,5005417,53.83,0,0,0,0,0,0
2021-04-20,55.65,0,44.35,6287,5385036,57.91,6889,5012306,53.9,0,0,0,0,0,0
2021-04-21,55.71,0,44.29,6381,5391417,57.98,7112,5019418,53.98,0,0,0,0,0,0
2021-04-22,55.75,0,44.25,5952,5397369,58.04,7691,5027109,54.06,0,0,0,0,0,0
2021-04-23,55.8,0,44.2,2768,5400137,58.07,3391,5030500,54.1,0,0,0,0,0,0
2021-04-24,55.82,0,44.18,768,5400905,58.08,1290,5031790,54.11,0,0,0,0,0,0
2021-04-25,55.89,0,44.11,4829,5405734,58.13,6925,5038715,54.18,0,0,0,0,0,0
2021-04-26,55.96,0,44.04,5479,5411213,58.19,7889,5046604,54.27,0,0,0,0,0,0
2021-04-27,56.03,0,43.97,4507,5415720,58.24,6627,5053231,54.34,0,0,0,0,0,0
2021-04-28,56.09,0,43.91,4501,5420221,58.29,7336,5060567,54.42,0,0,0,0,0,0
2021-04-29,56.16,0,43.84,4378,5424599,58.33,7296,5067863,54.5,0,0,0,0,0,0
2021-04-30,56.19,0,43.81,1925,5426524,58.35,3202,5071065,54.53,0,0,0,0,0,0
2021-05-01,56.2,0,43.8,458,5426982,58.36,895,5071960,54.54,0,0,0,0,0,0
2021-05-02,56.26,0,43.74,3225,5430207,58.39,6092,5078052,54.61,0,0,0,0,0,0
2021-05-03,56.32,0,43.68,3535,5433742,58.43,5835,5083887,54.67,0,0,0,0,0,0
2021-05-04,56.38,0,43.62,3593,5437335,58.47,4738,5088625,54.72,0,0,0,0,0,0
2021-05-05,56.44,0,43.56,3292,5440627,58.51,4093,5092718,54.76,0,0,0,0,0,0
2021-05-06,56.5,0,43.5,3646,5444273,58.55,3144,5095862,54.8,0,0,0,0,0,0
2021-05-07,56.52,0,43.48,1847,5446120,58.56,2509,5098371,54.83,0,0,0,0,0,0
2021-05-08,56.53,0,43.47,244,5446364,58.57,507,5098878,54.83,0,0,0,0,0,0
2021-05-09,56.58,0,43.42,2851,5449215,58.6,4751,5103629,54.88,0,0,0,0,0,0
2021-05-10,56.63,0,43.37,2897,5452112,58.63,4715,5108344,54.93,0,0,0,0,0,0
2021-05-11,56.67,0,43.33,2622,5454734,58.66,3881,5112225,54.97,0,0,0,0,0,0
2021-05-12,56.7,0,43.3,2034,5456768,58.68,3342,5115567,55.01,0,0,0,0,0,0
2021-05-13,56.73,0,43.27,2043,5458811,58.7,3688,5119255,55.05,0,0,0,0,0,0
2021-05-14,56.75,0,43.25,978,5459789,58.71,1494,5120749,55.07,0,0,0,0,0,0
2021-05-15,56.75,0,43.25,259,5460048,58.71,259,5121008,55.07,0,0,0,0,0,0
2021-05-16,56.78,0,43.22,529,5460577,58.72,1206,5122214,55.08,0,0,0,0,0,0
2021-05-17,56.81,0,43.19,303,5460880,58.72,848,5123062,55.09,0,0,0,0,0,0
2021-05-18,56.84,0,43.16,1963,5462843,58.74,4939,5128001,55.14,0,0,0,0,0,0
2021-05-19,56.87,0,43.13,2233,5465076,58.77,5042,5133043,55.2,0,0,0,0,0,0
2021-05-20,56.9,0,43.1,2312,5467388,58.79,3880,5136923,55.24,0,0,0,0,0,0
2021-05-21,56.92,0,43.08,1194,5468582,58.81,1414,5138337,55.26,0,0,0,0,0,0
2021-05-22,56.92,0,43.08,206,5468788,58.81,396,5138733,55.26,0,0,0,0,0,0
2021-05-23,56.94,0,43.06,2272,5471060,58.83,3216,5141949,55.29,0,0,0,0,0,0
2021-05-24,56.96,0,43.04,2140,5473200,58.86,3597,5145546,55.33,0,0,0,0,0,0
2021-05-25,56.99,0,43.01,1822,5475022,58.88,2588,5148134,55.36,0,0,0,0,0,0
2021-05-26,57.03,0,42.97,1415,5476437,58.89,2504,5150638,55.39,0,0,0,0,0,0
2021-05-27,57.06,0,42.94,1865,5478302,58.91,3189,5153827,55.42,0,0,0,0,0,0
2021-05-28,57.07,0,42.93,794,5479096,58.92,1406,5155233,55.44,0,0,0,0,0,0
2021-05-29,57.07,0,42.93,192,5479288,58.92,226,5155459,55.44,0,0,0,0,0,0
2021-05-30,57.1,0,42.9,1645,5480933,58.94,1937,5157396,55.46,0,0,0,0,0,0
2021-05-31,57.13,0,42.87,1740,5482673,58.96,2093,5159489,55.48,0,0,0,0,0,0
2021-06-01,57.47,0,42.53,1385,5484058,58.97,1823,5161312,55.5,0,0,0,0,0,0
2021-06-02,57.25,0,42.75,1514,5485572,58.99,1610,5162922,55.52,0,0,0,0,0,0
2021-06-03,57.27,0,42.73,1685,5487257,59.01,1495,5164417,55.54,0,0,0,0,0,0
2021-06-04,57.28,0,42.72,1102,5488359,59.02,784,5165201,55.54,0,0,0,0,0,0
2021-06-05,57.29,0,42.71,184,5488543,59.02,159,5165360,55.55,0,0,0,0,0,0
2021-06-06,57.31,0,42.69,4293,5492836,59.07,1002,5166362,55.56,0,0,0,0,0,0
2021-06-07,57.34,0,42.66,4440,5497276,59.11,814,5167176,55.57,0,0,0,0,0,0
2021-06-08,57.36,0,42.64,3739,5501015,59.16,1175,5168351,55.58,0,0,0,0,0,0
2021-06-09,57.4,0,42.6,3615,5504630,59.19,1331,5169682,55.59,0,0,0,0,0,0
2021-06-10,57.42,0,42.58,3364,5507994,59.23,1300,5170982,55.61,0,0,0,0,0,0
2021-06-11,57.43,0,42.57,1401,5509395,59.25,590,5171572,55.61,0,0,0,0,0,0
2021-06-12,57.43,0,42.57,222,5509617,59.25,173,5171745,55.61,0,0,0,0,0,0
2021-06-13,57.45,0,42.55,3101,5512718,59.28,1260,5173005,55.63,0,0,0,0,0,0
2021-06-14,57.46,0,42.54,3057,5515775,59.31,1534,5174539,55.64,0,0,0,0,0,0
2021-06-15,57.48,0,42.52,3138,5518913,59.35,1378,5175917,55.66,0,0,0,0,0,0
2021-06-16,57.49,0,42.51,2734,5521647,59.38,1004,5176921,55.67,0,0,0,0,0,0
2021-06-17,57.51,0,42.49,2733,5524380,59.41,1209,5178130,55.68,0,0,0,0,0,0
2021-06-18,57.52,0,42.48,1270,5525650,59.42,506,5178636,55.69,0,0,0,0,0,0
2021-06-19,57.52,0,42.48,242,5525892,59.42,139,5178775,55.69,0,0,0,0,0,0
2021-06-20,57.54,0,42.46,3316,5529208,59.46,1332,5180107,55.7,0,0,0,0,0,0
2021-06-21,57.56,0,42.44,5250,5534458,59.51,1218,5181325,55.72,0,0,0,0,0,0
2021-06-22,57.58,0,42.42,6935,5541393,59.59,1101,5182426,55.73,0,0,0,0,0,0
2021-06-23,57.6,0,42.4,10762,5552155,59.71,1303,5183729,55.74,0,0,0,0,0,0
2021-06-24,57.62,0,42.38,12051,5564206,59.83,1466,5185195,55.76,0,0,0,0,0,0
2021-06-25,57.62,0,42.38,7117,5571323,59.91,945,5186140,55.77,0,0,0,0,0,0
2021-06-26,57.63,0,42.37,2278,5573601,59.94,200,5186340,55.77,0,0,0,0,0,0
2021-06-27,57.65,0,42.35,13633,5587234,60.08,3438,5189778,55.81,0,0,0,0,0,0
2021-06-28,57.68,0,42.32,14518,5601752,60.24,3675,5193453,55.85,0,0,0,0,0,0
2021-06-29,57.69,0,42.31,16711,5618463,60.42,3745,5197198,55.89,0,0,0,0,0,0
2021-06-30,57.72,0,42.28,16487,5634950,60.6,3397,5200595,55.92,0,0,0,0,0,0
2021-07-01,57.78,0,42.22,16837,5651787,60.78,3381,5203976,55.96,121,121,0,0,0,0
2021-07-02,57.79,0,42.21,9836,5661623,60.88,1609,5205585,55.98,7,128,0,0,0,0
2021-07-03,57.79,0,42.21,2678,5664301,60.91,300,5205885,55.98,1,129,0,0,0,0
2021-07-04,57.85,0,42.15,17735,5682036,61.1,3161,5209046,56.02,2,131,0,0,0,0
2021-07-05,57.91,0,42.09,17850,5699886,61.29,3046,5212092,56.05,7,138,0,0,0,0
2021-07-06,57.99,0,42.01,17848,5717734,61.49,3412,5215504,56.08,11,149,0,0,0,0
2021-07-07,58.05,0,41.95,15533,5733267,61.65,2703,5218207,56.11,12,161,0,0,0,0
2021-07-08,58.12,0,41.88,16590,5749857,61.83,2881,5221088,56.15,17,178,0,0,0,0
2021-07-09,58.15,0,41.85,11125,5760982,61.95,1536,5222624,56.16,4,182,0,0,0,0
2021-07-10,58.15,0,41.85,4989,5765971,62,391,5223015,56.17,6,188,0,0,0,0
2021-07-11,58.22,0,41.78,1456,5767427,62.02,2847,5225862,56.2,9,197,0,0,0,0
2021-07-12,58.29,0,41.71,2427,5769854,62.05,3696,5229558,56.24,57,254,0,0,0,0
2021-07-13,58.36,0,41.64,2965,5772819,62.08,5460,5235018,56.29,124,378,0,0,0,0
2021-07-14,58.42,0,41.58,2747,5775566,62.11,7536,5242554,56.38,441,819,0.01,0,0,0
2021-07-15,58.5,0,41.5,3010,5778576,62.14,9302,5251856,56.48,374,1193,0.01,0,0,0
2021-07-16,58.54,0,41.46,1296,5779872,62.15,5898,5257754,56.54,66,1259,0.01,0,0,0
2021-07-17,58.55,0,41.44,372,5780244,62.16,1393,5259147,56.55,8,1267,0.01,0,0,0
2021-07-18,58.6,0,41.4,2074,5782318,62.18,9770,5268917,56.66,235,1502,0.02,0,0,0
2021-07-19,58.65,0,41.35,3212,5785530,62.21,11346,5280263,56.78,461,1963,0.02,0,0,0
2021-07-20,58.72,0,41.28,2690,5788220,62.24,11914,5292177,56.91,374,2337,0.03,0,0,0
2021-07-21,58.81,0,41.19,2408,5790628,62.27,11880,5304057,57.04,325,2662,0.03,0,0,0
2021-07-22,58.93,0,41.07,2878,5793506,62.3,13280,5317337,57.18,391,3053,0.03,0,0,0
2021-07-23,58.99,0,41.01,2038,5795544,62.32,8250,5325587,57.27,106,3159,0.03,0,0,0
2021-07-24,58.99,0,41,645,5796189,62.33,1486,5327073,57.28,7,3166,0.03,0,0,0
2021-07-25,59.1,0,40.89,4416,5800605,62.38,15499,5342572,57.45,223,3389,0.04,0,0,0
2021-07-26,59.24,0,40.75,5173,5805778,62.43,13533,5356105,57.6,325,3714,0.04,0,0,0
2021-07-27,59.37,0.01,40.62,5493,5811271,62.49,13579,5369684,57.74,414,4128,0.04,0,0,0
2021-07-28,59.5,0.01,40.49,3990,5815261,62.53,12345,5382029,57.88,472,4600,0.05,0,0,0
2021-07-29,59.65,0.01,40.33,4665,5819926,62.58,14203,5396232,58.03,532,5132,0.06,0,0,0
2021-07-30,59.74,0.02,40.25,2658,5822584,62.61,10856,5407088,58.15,4122,9254,0.1,0,0,0
2021-07-31,59.75,0.02,40.23,1407,5823991,62.63,3554,5410642,58.18,6159,15413,0.17,0,0,0
2021-08-01,59.91,0.02,40.06,3078,5827069,62.66,3366,5414008,58.22,31048,46461,0.5,0,0,0
2021-08-02,60.06,0.03,39.91,3134,5830203,62.7,3176,5417184,58.25,58514,104975,1.13,0,0,0
2021-08-03,60.21,0.03,39.76,3386,5833589,62.73,3330,5420514,58.29,78954,183929,1.98,0,0,0
2021-08-04,60.34,0.03,39.63,3534,5837123,62.77,3255,5423769,58.32,80765,264694,2.85,0,0,0
2021-08-05,60.49,0.04,39.47,4515,5841638,62.82,3570,5427339,58.36,88442,353136,3.8,0,0,0
2021-08-06,60.6,0.04,39.36,2437,5844075,62.84,1863,5429202,58.38,44744,397880,4.28,0,0,0
2021-08-07,60.63,0.04,39.32,1034,5845109,62.86,701,5429903,58.39,27353,425233,4.57,0,0,0
2021-08-08,60.68,0.04,39.28,4991,5850100,62.91,3082,5432985,58.42,80087,505320,5.43,0,0,0
2021-08-09,60.72,0.04,39.24,5341,5855441,62.97,3064,5436049,58.46,76489,581809,6.26,0,0,0
2021-08-10,60.75,0.04,39.2,5554,5860995,63.03,3208,5439257,58.49,75427,657236,7.07,0,0,0
2021-08-11,60.79,0.04,39.17,5696,5866691,63.09,2949,5442206,58.52,62642,719878,7.74,0,0,0
2021-08-12,60.83,0.04,39.12,7039,5873730,63.16,3291,5445497,58.56,59462,779340,8.38,0,0,0
2021-08-13,60.84,0.05,39.11,3821,5877551,63.2,2074,5447571,58.58,43870,823210,8.85,0,0,0
2021-08-14,60.85,0.05,39.1,2255,5879806,63.23,853,5448424,58.59,44486,867696,9.33,0,0,0
2021-08-15,60.89,0.05,39.06,7145,5886951,63.31,4530,5452954,58.64,97985,965681,10.38,0,0,0
2021-08-16,60.92,0.04,39.03,6991,5893942,63.38,4749,5457703,58.69,89522,1055203,11.35,0,0,0
2021-08-17,60.96,0.04,39,7573,5901515,63.46,5138,5462841,58.74,83320,1138523,12.24,0,0,0
2021-08-18,60.99,0.04,38.96,8642,5910157,63.55,4603,5467444,58.79,69269,1207792,12.99,0,0,0
2021-08-19,61.03,0.04,38.92,10082,5920239,63.66,5218,5472662,58.85,65976,1273768,13.7,0,0,0
2021-08-20,61.05,0.05,38.9,4768,5925007,63.71,2827,5475489,58.88,60454,1334222,14.35,0,0,0
2021-08-21,61.06,0.05,38.89,3499,5928506,63.75,1580,5477069,58.9,50725,1384947,14.89,0,0,0
2021-08-22,61.12,0.04,38.84,9824,5938330,63.86,4808,5481877,58.95,105112,1490059,16.02,0,0,0
2021-08-23,61.17,0.04,38.79,10923,5949253,63.98,4448,5486325,59,94034,1584093,17.03,0,0,0
2021-08-24,61.23,0.04,38.73,11724,5960977,64.1,4702,5491027,59.05,98557,1682650,18.09,0,0,0
2021-08-25,61.29,0.04,38.67,9612,5970589,64.2,4484,5495511,59.1,99558,1782208,19.16,0,0,0
2021-08-26,61.36,0.03,38.61,10110,5980699,64.31,5059,5500570,59.15,101231,1883439,20.25,0,0,0
2021-08-27,61.35,0.04,38.61,4325,5985024,64.36,2788,5503358,59.18,56696,1940135,20.86,0,0,0
2021-08-28,61.4,0.04,38.57,3702,5988726,64.4,1500,5504858,59.2,33540,1973675,21.22,0,0,0
2021-08-29,61.46,0.03,38.5,10323,5999049,64.51,5932,5510790,59.26,79550,2053225,22.08,0,0,0
2021-08-30,61.53,0.03,38.44,12334,6011383,64.64,7017,5517807,59.34,116009,2169234,23.33,0,0,0
2021-08-31,61.6,0.03,38.37,12076,6023459,64.77,6529,5524336,59.41,114881,2284115,24.56,0,0,0
2021-09-01,61.43,0.03,38.54,9034,6032493,64.87,6043,5530379,59.47,112492,2396607,25.77,0,0,0
2021-09-02,61.49,0.03,38.48,8784,6041277,64.96,7183,5537562,59.55,111545,2508152,26.97,0,0,0
2021-09-03,61.56,0.03,38.42,3751,6045028,65.01,4116,5541678,59.59,58886,2567038,27.6,0,0,0
2021-09-04,61.59,0.03,38.38,2691,6047719,65.03,2023,5543701,59.61,29953,2596991,27.93,0,0,0
2021-09-05,61.68,0.03,38.29,6991,6054710,65.11,6460,5550161,59.68,73326,2670317,28.72,0,0,0
2021-09-06,61.77,0.03,38.2,2836,6057546,65.14,2718,5552879,59.71,22800,2693117,28.96,0,0,0
2021-09-07,61.85,0.03,38.12,1202,6058748,65.15,879,5553758,59.72,5398,2698515,29.02,0,0,0
2021-09-08,61.93,0.03,38.05,1380,6060128,65.17,1196,5554954,59.74,6621,2705136,29.09,0,0,0
2021-09-09,62.02,0.03,37.95,7093,6067221,65.24,12573,5567527,59.87,73845,2778981,29.88,0,0,0
2021-09-10,62.06,0.03,37.91,3258,6070479,65.28,5016,5572543,59.92,37938,2816919,30.29,0,0,0
2021-09-11,62.08,0.03,37.89,2108,6072587,65.3,2509,5575052,59.95,14817,2831736,30.45,0,0,0
2021-09-12,62.16,0.03,37.81,6106,6078693,65.37,8589,5583641,60.04,54136,2885872,31.03,0,0,0
2021-09-13,62.15,0.03,37.82,5611,6084304,65.43,8265,5591906,60.13,47983,2933855,31.55,0,0,0
2021-09-14,62.2,0.03,37.77,4963,6089267,65.48,7424,5599330,60.21,48856,2982711,32.07,0,0,0
2021-09-15,62.25,0.03,37.72,1750,6091017,65.5,2718,5602048,60.24,16687,2999398,32.25,0,0,0
2021-09-16,62.37,0.03,37.6,343,6091360,65.5,550,5602598,60.25,1740,3001138,32.27,0,0,0
2021-09-17,62.42,0.03,37.54,3683,6095043,65.54,7022,5609620,60.32,42905,3044043,32.73,0,0,0
2021-09-18,62.45,0.03,37.52,2258,6097301,65.57,2946,5612566,60.35,12783,3056826,32.87,0,0,0
2021-09-19,62.55,0.03,37.42,5942,6103243,65.63,10712,5623278,60.47,44332,3101158,33.35,0,0,0
2021-09-20,62.63,0.03,37.34,3246,6106489,65.67,4646,5627924,60.52,16708,3117866,33.53,0,0,0
2021-09-21,62.69,0.03,37.28,1340,6107829,65.68,2066,5629990,60.54,3477,3121343,33.57,0,0,0
2021-09-22,62.72,0.03,37.25,4260,6112089,65.73,7250,5637240,60.62,25072,3146415,33.84,0,0,0
2021-09-23,62.75,0.03,37.22,4391,6116480,65.77,5916,5643156,60.68,27834,3174249,34.13,0,0,0
2021-09-24,62.82,0.03,37.15,3202,6119682,65.81,4185,5647341,60.73,27723,3201972,34.43,0,0,0
2021-09-25,62.85,0.03,37.12,2081,6121763,65.83,2263,5649604,60.75,10443,3212415,34.54,0,0,0
2021-09-26,62.96,0.03,37,5605,6127368,65.89,5973,5655577,60.82,36270,3248685,34.93,0,0,0
2021-09-27,63.02,0.03,36.94,4696,6132064,65.94,4469,5660046,60.87,30457,3279142,35.26,0,0,0
2021-09-28,63.06,0.04,36.91,1472,6133536,65.96,1185,5661231,60.88,6249,3285391,35.33,0,0,0
2021-09-29,63.13,0.03,36.84,9622,6143158,66.06,8349,5669580,60.97,60325,3345716,35.98,0,0,0
2021-09-30,63.18,0.03,36.79,10976,6154134,66.18,8579,5678159,61.06,79703,3425419,36.84,0,0,0
2021-10-01,63.23,0.03,36.73,5128,6159262,66.23,3875,5682034,61.1,46546,3471965,37.34,0,0,0
2021-10-02,63.26,0.03,36.71,2865,6162127,66.26,2127,5684161,61.12,22433,3494398,37.58,0,0,0
2021-10-03,63.35,0.03,36.62,11667,6173794,66.39,7276,5691437,61.2,70726,3565124,38.34,0,0,0
2021-10-04,63.4,0.03,36.57,10320,6184114,66.5,6759,5698196,61.28,51913,3617037,38.9,0,0,0
2021-10-05,63.41,0.03,36.55,8461,6192575,66.59,5314,5703510,61.33,40479,3657516,39.33,0,0,0
2021-10-06,63.52,0.03,36.45,7543,6200118,66.67,4185,5707695,61.38,34150,3691666,39.7,0,0,0
2021-10-07,63.63,0.03,36.34,6896,6207014,66.75,4010,5711705,61.42,34069,3725735,40.06,0,0,0
2021-10-08,63.68,0.03,36.29,3086,6210100,66.78,2644,5714349,61.45,19250,3744985,40.27,0,0,0
2021-10-09,63.71,0.03,36.26,1341,6211441,66.79,1444,5715793,61.46,7441,3752426,40.35,0,0,0
2021-10-10,63.82,0.04,36.14,4677,6216118,66.85,3748,5719541,61.51,21519,3773945,40.58,0,0,0
2021-10-11,63.91,0.04,36.05,4299,6220417,66.89,2946,5722487,61.54,17269,3791214,40.77,0,0,0
2021-10-12,63.99,0.05,35.96,3977,6224394,66.93,3007,5725494,61.57,15357,3806571,40.93,0,0,0
2021-10-13,64.09,0.05,35.86,3487,6227881,66.97,2451,5727945,61.6,13587,3820158,41.08,0,0,0
2021-10-14,64.19,0.06,35.75,3870,6231751,67.01,2685,5730630,61.62,16568,3836726,41.26,0,0,0
2021-10-15,64.23,0.07,35.7,1703,6233454,67.03,1685,5732315,61.64,9011,3845737,41.36,0,0,0
2021-10-16,64.25,0.08,35.67,729,6234183,67.04,957,5733272,61.65,4035,3849772,41.4,0,0,0
2021-10-17,64.36,0.09,35.56,3090,6237273,67.07,2526,5735798,61.68,12798,3862570,41.54,0,0,0
2021-10-18,64.43,0.1,35.47,2460,6239733,67.1,1693,5737491,61.7,10069,3872639,41.64,0,0,0
2021-10-19,64.49,0.1,35.4,2399,6242132,67.12,1284,5738775,61.71,9294,3881933,41.74,0,0,0
2021-10-20,64.14,0.52,35.34,2436,6244568,67.15,2304,5741079,61.74,10103,3892036,41.85,0,0,0
2021-10-21,54.23,10.41,35.36,3034,6247602,67.18,3097,5744176,61.77,12163,3904199,41.98,0,0,0
2021-10-22,54.36,10.26,35.38,1279,6248881,67.2,1437,5745613,61.79,5840,3910039,42.05,0,0,0
2021-10-23,54.42,10.19,35.39,575,6249456,67.2,1266,5746879,61.8,2564,3912603,42.07,0,0,0
2021-10-24,54.22,10.43,35.35,2518,6251974,67.23,2653,5749532,61.83,9855,3922458,42.18,0,0,0
2021-10-25,54.59,10.22,35.19,2639,6254613,67.26,2752,5752284,61.86,8511,3930969,42.27,0,0,0
2021-10-26,54.64,10.26,35.1,2381,6256994,67.28,2059,5754343,61.88,8529,3939498,42.36,0,0,0
2021-10-27,54.58,10.37,35.06,2292,6259286,67.31,2566,5756909,61.91,7959,3947457,42.45,0,0,0
2021-10-28,54.69,10.76,34.55,2505,6261791,67.34,2782,5759691,61.94,8675,3956132,42.54,0,0,0
2021-10-29,54.73,10.75,34.52,901,6262692,67.35,1154,5760845,61.95,4138,3960270,42.59,0,0,0
2021-10-30,54.68,10.81,34.52,366,6263058,67.35,530,5761375,61.96,1712,3961982,42.61,0,0,0
2021-10-31,54.83,10.7,34.47,2262,6265320,67.37,2495,5763870,61.98,8255,3970237,42.69,0,0,0
2021-11-01,54.95,10.63,34.42,1737,6267057,67.39,2094,5765964,62,6480,3976717,42.76,0,0,0
2021-11-02,54.89,10.69,34.42,2026,6269083,67.41,2050,5768014,62.03,6296,3983013,42.83,0,0,0
2021-11-03,54.86,10.75,34.39,1764,6270847,67.43,1897,5769911,62.05,5556,3988569,42.89,0,0,0
2021-11-04,54.85,10.81,34.33,2111,6272958,67.46,2802,5772713,62.08,7133,3995702,42.97,0,0,0
2021-11-05,54.85,10.83,34.32,790,6273748,67.46,905,5773618,62.09,3488,3999190,43.01,0,0,0
2021-11-06,54.82,10.86,34.32,347,6274095,67.47,389,5774007,62.09,1375,4000565,43.02,0,0,0
2021-11-07,54.92,10.8,34.28,1578,6275673,67.49,1770,5775777,62.11,6134,4006699,43.09,0,0,0
2021-11-08,55.01,10.75,34.24,1520,6277193,67.5,1603,5777380,62.13,5406,4012105,43.14,0,0,0
2021-11-09,55.05,10.74,34.21,1429,6278622,67.52,1611,5778991,62.14,5332,4017437,43.2,0,0,0
2021-11-10,55.08,10.73,34.19,1424,6280046,67.53,1662,5780653,62.16,4779,4022216,43.25,0,0,0
2021-11-11,55.15,10.69,34.15,1628,6281674,67.55,1947,5782600,62.18,5719,4027935,43.31,0,0,0
2021-11-12,55.17,10.69,34.14,637,6282311,67.56,826,5783426,62.19,2925,4030860,43.35,0,0,0
2021-11-13,55.14,10.72,34.14,258,6282569,67.56,290,5783716,62.2,1130,4031990,43.36,0,0,0
2021-11-14,55.21,10.68,34.11,1536,6284105,67.58,1639,5785355,62.21,5111,4037101,43.41,0,0,0
2021-11-15,55.28,10.63,34.09,1275,6285380,67.59,1627,5786982,62.23,4770,4041871,43.46,0,0,0
2021-11-16,55.32,10.62,34.07,1275,6286655,67.6,1419,5788401,62.25,4349,4046220,43.51,0,0,0
2021-11-17,55.35,10.6,34.05,1208,6287863,67.62,1567,5789968,62.26,3915,4050135,43.55,0,0,0
2021-11-18,55.41,10.58,34.02,1364,6289227,67.63,1693,5791661,62.28,5012,4055147,43.61,0,0,0
2021-11-19,55.42,10.57,34.01,588,6289815,67.64,763,5792424,62.29,2460,4057607,43.63,0,0,0
2021-11-20,55.41,10.58,34,238,6290053,67.64,258,5792682,62.29,929,4058536,43.64,0,0,0
2021-11-21,55.47,10.54,33.98,1409,6291462,67.66,1542,5794224,62.31,4881,4063417,43.7,0,0,0
2021-11-22,55.54,10.5,33.96,1681,6293143,67.67,1523,5795747,62.32,4238,4067655,43.74,0,0,0
2021-11-23,55.57,10.48,33.95,8616,6301759,67.77,1688,5797435,62.34,4012,4071667,43.78,0,0,0
2021-11-24,55.6,10.44,33.95,9348,6311107,67.87,1319,5798754,62.36,3924,4075591,43.83,0,0,0
2021-11-25,55.64,10.43,33.93,9808,6320915,67.97,1600,5800354,62.37,4841,4080432,43.88,0,0,0
2021-11-26,55.63,10.45,33.92,5610,6326525,68.03,748,5801102,62.38,2805,4083237,43.91,0,0,0
2021-11-27,55.62,10.46,33.92,4776,6331301,68.08,324,5801426,62.39,1164,4084401,43.92,0,0,0
2021-11-28,55.67,10.43,33.9,10145,6341446,68.19,1481,5802907,62.4,4905,4089306,43.97,0,0,0
2021-11-29,55.73,10.39,33.88,9043,6350489,68.29,1134,5804041,62.41,4376,4093682,44.02,0,0,0
2021-11-30,55.77,10.37,33.86,10043,6360532,68.4,1038,5805079,62.42,4084,4097766,44.07,0,0,0
2021-12-01,55.79,10.36,33.84,8630,6369162,68.49,1097,5806176,62.44,4444,4102210,44.11,5,5,0
2021-12-02,55.84,10.34,33.82,9173,6378335,68.59,1456,5807632,62.45,5125,4107335,44.17,6,11,0
2021-12-03,55.86,10.33,33.81,6329,6384664,68.66,673,5808305,62.46,2868,4110203,44.2,1,12,0
2021-12-04,55.85,10.34,33.81,2509,6387173,68.68,239,5808544,62.46,926,4111129,44.21,3,15,0
2021-12-05,55.9,10.31,33.79,8334,6395507,68.77,1254,5809798,62.48,4683,4115812,44.26,1,16,0
2021-12-06,55.95,10.27,33.78,6720,6402227,68.85,1200,5810998,62.49,4351,4120163,44.31,4,20,0
2021-12-07,55.99,10.25,33.76,5553,6407780,68.91,1506,5812504,62.5,3966,4124129,44.35,9,29,0
2021-12-08,56.03,10.22,33.75,4935,6412715,68.96,1200,5813704,62.52,3885,4128014,44.39,10,39,0
2021-12-09,56.08,10.19,33.73,6239,6418954,69.03,1241,5814945,62.53,4508,4132522,44.44,8,47,0
2021-12-10,56.1,10.18,33.72,3006,6421960,69.06,704,5815649,62.54,2687,4135209,44.47,4,51,0
2021-12-11,56.1,10.18,33.71,1491,6423451,69.07,255,5815904,62.54,1021,4136230,44.48,0,51,0
2021-12-12,56.16,10.15,33.69,7274,6430725,69.15,1444,5817348,62.56,5248,4141478,44.54,3,54,0
2021-12-13,56.21,10.11,33.67,6180,6436905,69.22,1377,5818725,62.57,4351,4145829,44.58,5,59,0
2021-12-14,56.27,10.09,33.65,7316,6444221,69.3,6098,5824823,62.64,4941,4150770,44.64,12,71,0
2021-12-15,56.34,10.06,33.6,7204,6451425,69.38,7404,5832227,62.72,5446,4156216,44.69,7,78,0
2021-12-16,56.53,10.05,33.42,8079,6459504,69.46,8609,5840836,62.81,6564,4162780,44.76,8,86,0
2021-12-17,56.64,10.05,33.3,4406,6463910,69.51,5141,5845977,62.86,3954,4166734,44.81,3,89,0
2021-12-18,56.73,10.07,33.2,3941,6467851,69.55,2913,5848890,62.9,1361,4168095,44.82,2,91,0
2021-12-19,56.92,10.04,33.04,6978,6474829,69.63,9328,5858218,63,6276,4174371,44.89,6,97,0
2021-12-20,57.07,10.02,32.91,7972,6482801,69.71,7519,5865737,63.08,5447,4179818,44.95,9,106,0
2021-12-21,57.27,10.01,32.71,9548,6492349,69.82,8647,5874384,63.17,6492,4186310,45.02,8,114,0
2021-12-22,57.49,10,32.52,9663,6502012,69.92,8151,5882535,63.26,6255,4192565,45.08,12,126,0
2021-12-23,57.7,9.97,32.33,11539,6513551,70.04,10261,5892796,63.37,8160,4200725,45.17,16,142,0
2021-12-24,57.83,9.96,32.21,5875,6519426,70.11,6241,5899037,63.44,5281,4206006,45.23,12,154,0
2021-12-25,57.9,9.96,32.15,3338,6522764,70.14,2566,5901603,63.46,2021,4208027,45.25,6,160,0
2021-12-26,58.1,9.92,31.98,10652,6533416,70.26,8908,5910511,63.56,8201,4216228,45.34,8,168,0
2021-12-27,58.27,9.9,31.83,10370,6543786,70.37,7142,5917653,63.64,8188,4224416,45.43,23,191,0
2021-12-28,58.46,9.88,31.66,11375,6555161,70.49,7451,5925104,63.72,9643,4234059,45.53,26,217,0
2021-12-29,58.64,9.85,31.51,9933,6565094,70.6,5964,5931068,63.78,8376,4242435,45.62,21,238,0
2021-12-30,58.84,9.82,31.34,11012,6576106,70.72,7735,5938803,63.86,12240,4254675,45.75,10,248,0
2021-12-31,58.9,9.79,31.3,4829,6580935,70.77,3672,5942475,63.9,7296,4261971,45.83,135,383,0
2022-01-01,58.93,9.79,31.28,1993,6582928,70.79,1592,5944067,63.92,2741,4264712,45.86,66,449,0
2022-01-02,59.14,9.76,31.1,10216,6593144,70.9,6487,5950554,63.99,13002,4277714,46,590,1039,0.01
2022-01-03,59.29,9.71,31,9384,6602528,71,5259,5955813,64.05,11342,4289056,46.12,25055,26094,0.28
2022-01-04,59.46,9.68,30.86,8964,6611492,71.1,5948,5961761,64.11,10525,4299581,46.24,50660,76754,0.83
2022-01-05,59.56,9.65,30.79,8552,6620044,71.19,5739,5967500,64.17,10494,4310075,46.35,59592,136346,1.47
2022-01-06,59.81,9.63,30.56,10339,6630383,71.3,7959,5975459,64.26,13531,4323606,46.49,64002,200348,2.15
2022-01-07,59.89,9.61,30.49,4759,6635142,71.35,4557,5980016,64.31,8166,4331772,46.58,31135,231483,2.49
2022-01-08,59.9,9.64,30.46,2749,6637891,71.38,2451,5982467,64.33,5501,4337273,46.64,27632,259115,2.79
2022-01-09,60.06,9.59,30.35,9305,6647196,71.48,7724,5990191,64.42,11871,4349144,46.77,66766,325881,3.5
2022-01-10,60.21,9.54,30.25,8347,6655543,71.57,7646,5997837,64.5,11884,4361028,46.9,64780,390661,4.2
2022-01-11,60.38,9.49,30.13,8099,6663642,71.66,8621,6006458,64.59,11974,4373002,47.03,56660,447321,4.81
2022-01-12,60.51,9.45,30.04,7275,6670917,71.74,8305,6014763,64.68,11114,4384116,47.14,44632,491953,5.29
2022-01-13,60.7,9.35,29.94,7509,6678426,71.82,9618,6024381,64.78,11547,4395663,47.27,34768,526721,5.66
2022-01-14,60.79,9.31,29.9,2554,6680980,71.84,4935,6029316,64.84,6146,4401809,47.33,11142,537863,5.78
2022-01-15,60.83,9.29,29.87,1469,6682449,71.86,3170,6032486,64.87,3884,4405693,47.38,5716,543579,5.85
2022-01-16,60.97,9.2,29.82,3817,6686266,71.9,8524,6041010,64.96,7682,4413375,47.46,19993,563572,6.06
2022-01-17,61.09,9.13,29.78,2808,6689074,71.93,7047,6048057,65.04,6173,4419548,47.53,17833,581405,6.25
2022-01-18,61.23,9.07,29.7,2475,6691549,71.96,7386,6055443,65.12,5535,4425083,47.59,14817,596222,6.41
2022-01-19,61.37,8.98,29.65,1915,6693464,71.98,6369,6061812,65.19,4522,4429605,47.63,8461,604683,6.5
2022-01-20,61.44,8.85,29.71,1777,6695241,72,6971,6068783,65.26,4793,4434398,47.69,8041,612724,6.59
2022-01-21,61.51,8.81,29.68,905,6696146,72.01,3725,6072508,65.3,2646,4437044,47.71,3358,616082,6.63
2022-01-22,61.51,8.75,29.74,328,6696474,72.01,1462,6073970,65.32,1067,4438111,47.73,1113,617195,6.64
2022-01-23,61.61,8.7,29.69,1068,6697542,72.02,5632,6079602,65.38,2879,4440990,47.76,6083,623278,6.7
2022-01-24,61.73,8.62,29.65,759,6698301,72.03,4481,6084083,65.43,2270,4443260,47.78,5057,628335,6.76
2022-01-25,61.9,8.51,29.59,744,6699045,72.04,4401,6088484,65.47,2187,4445447,47.8,7102,635437,6.83
2022-01-26,62.02,8.42,29.57,615,6699660,72.04,3285,6091769,65.51,1612,4447059,47.82,4262,639699,6.88
2022-01-27,62.12,8.35,29.52,797,6700457,72.05,4405,6096174,65.56,2006,4449065,47.84,5441,645140,6.94
2022-01-28,62.16,8.33,29.5,397,6700854,72.06,2376,6098550,65.58,1182,4450247,47.86,3452,648592,6.97
2022-01-29,62.23,8.29,29.48,124,6700978,72.06,1046,6099596,65.59,425,4450672,47.86,1162,649754,6.99
2022-01-30,62.3,8.24,29.46,769,6701747,72.07,4719,6104315,65.64,2020,4452692,47.88,8099,657853,7.07
2022-01-31,62.39,8.17,29.43,528,6702275,72.07,3183,6107498,65.68,1610,4454302,47.9,6472,664325,7.14
2022-02-01,62.45,8.15,29.4,482,6702757,72.08,2809,6110307,65.71,1526,4455828,47.92,5722,670047,7.21
2022-02-02,62.28,8.13,29.59,375,6703132,72.08,2394,6112701,65.73,1386,4457214,47.93,5073,675120,7.26
2022-02-03,62.34,8.08,29.57,446,6703578,72.09,2776,6115477,65.76,1462,4458676,47.95,5607,680727,7.32
2022-02-04,62.37,8.06,29.57,174,6703752,72.09,991,6116468,65.77,757,4459433,47.95,2455,683182,7.35
2022-02-05,62.34,8.09,29.56,62,6703814,72.09,342,6116810,65.78,221,4459654,47.96,420,683602,7.35
2022-02-06,62.41,8.05,29.55,407,6704221,72.09,2320,6119130,65.8,1344,4460998,47.97,5687,689289,7.41
2022-02-07,62.47,8.01,29.52,283,6704504,72.1,1308,6120438,65.82,983,4461981,47.98,5960,695249,7.48
2022-02-08,62.54,7.97,29.49,317,6704821,72.1,1498,6121936,65.83,1068,4463049,47.99,6138,701387,7.54
2022-02-09,62.6,7.95,29.45,254,6705075,72.1,1102,6123038,65.84,946,4463995,48,4570,705957,7.59
2022-02-10,62.63,7.93,29.44,273,6705348,72.11,1292,6124330,65.86,936,4464931,48.01,4815,710772,7.64
2022-02-11,62.67,7.91,29.42,211,6705559,72.11,557,6124887,65.86,518,4465449,48.02,2540,713312,7.67
2022-02-12,62.67,7.91,29.41,32,6705591,72.11,91,6124978,65.86,136,4465585,48.02,269,713581,7.67
2022-02-13,62.73,7.87,29.39,286,6705877,72.11,946,6125924,65.88,966,4466551,48.03,4998,718579,7.73
2022-02-14,62.89,7.74,29.36,179,6706056,72.11,628,6126552,65.88,760,4467311,48.04,3143,721722,7.76
2022-02-15,62.92,7.73,29.35,266,6706322,72.12,763,6127315,65.89,938,4468249,48.05,3819,725541,7.8
2022-02-16,62.95,7.72,29.34,179,6706501,72.12,577,6127892,65.9,803,4469052,48.06,2488,728029,7.83
2022-02-17,62.96,7.7,29.34,247,6706748,72.12,740,6128632,65.9,775,4469827,48.07,3061,731090,7.86
2022-02-18,62.98,7.69,29.33,130,6706878,72.12,343,6128975,65.91,439,4470266,48.07,1119,732209,7.87
2022-02-19,62.99,7.69,29.32,33,6706911,72.12,84,6129059,65.91,82,4470348,48.07,80,732289,7.87
2022-02-20,63.01,7.67,29.32,204,6707115,72.13,604,6129663,65.92,723,4471071,48.08,2574,734863,7.9
2022-02-21,63.04,7.65,29.31,173,6707288,72.13,413,6130076,65.92,490,4471561,48.09,1542,736405,7.92
2022-02-22,63.05,7.65,29.3,158,6707446,72.13,455,6130531,65.92,570,4472131,48.09,1871,738276,7.94
2022-02-23,63.06,7.65,29.29,109,6707555,72.13,353,6130884,65.93,453,4472584,48.1,1153,739429,7.95
2022-02-24,63.05,7.66,29.29,138,6707693,72.13,463,6131347,65.93,568,4473152,48.1,1493,740922,7.97
2022-02-25,63.06,7.66,29.28,59,6707752,72.13,144,6131491,65.94,193,4473345,48.1,456,741378,7.97
2022-02-26,63.05,7.67,29.28,17,6707769,72.13,28,6131519,65.94,161,4473506,48.11,35,741413,7.97
2022-02-27,63.05,7.67,29.28,112,6707881,72.13,341,6131860,65.94,448,4473954,48.11,1119,742532,7.98
2022-02-28,63.07,7.65,29.28,108,6707989,72.13,271,6132131,65.94,424,4474378,48.12,908,743440,7.99
2022-03-01,63.1,7.63,29.27,97,6708086,72.14,280,6132411,65.94,373,4474751,48.12,797,744237,8
2022-03-02,63.11,7.62,29.27,77,6708163,72.14,199,6132610,65.95,324,4475075,48.12,698,744935,8.01
2022-03-03,63.05,7.67,29.27,157,6708320,72.14,371,6132981,65.95,498,4475573,48.13,987,745922,8.02
2022-03-04,63.05,7.68,29.27,53,6708373,72.14,170,6133151,65.95,170,4475743,48.13,228,746150,8.02
2022-03-05,63.04,7.69,29.27,5,6708378,72.14,25,6133176,65.95,44,4475787,48.13,32,746182,8.02
2022-03-06,63.04,7.69,29.27,98,6708476,72.14,259,6133435,65.96,417,4476204,48.13,760,746942,8.03
2022-03-07,63.05,7.69,29.26,86,6708562,72.14,260,6133695,65.96,354,4476558,48.14,605,747547,8.04
2022-03-08,63.04,7.7,29.26,100,6708662,72.14,263,6133958,65.96,333,4476891,48.14,550,748097,8.04
2022-03-09,63.02,7.72,29.25,89,6708751,72.14,213,6134171,65.96,337,4477228,48.15,492,748589,8.05
2022-03-10,63.01,7.74,29.25,115,6708866,72.14,375,6134546,65.97,428,4477656,48.15,620,749209,8.06
2022-03-11,63,7.75,29.25,24,6708890,72.14,85,6134631,65.97,123,4477779,48.15,144,749353,8.06
2022-03-12,62.98,7.77,29.24,11,6708901,72.14,12,6134643,65.97,34,4477813,48.15,28,749381,8.06
2022-03-13,62.98,7.78,29.24,100,6709001,72.15,271,6134914,65.97,358,4478171,48.16,595,749976,8.06
2022-03-14,62.98,7.78,29.24,66,6709067,72.15,253,6135167,65.97,316,4478487,48.16,559,750535,8.07
2022-03-15,62.95,7.81,29.24,80,6709147,72.15,185,6135352,65.98,293,4478780,48.16,591,751126,8.08
2022-03-16,62.94,7.82,29.24,77,6709224,72.15,205,6135557,65.98,305,4479085,48.17,668,751794,8.08
2022-03-17,62.94,7.82,29.24,65,6709289,72.15,122,6135679,65.98,286,4479371,48.17,613,752407,8.09
2022-03-18,62.94,7.82,29.24,20,6709309,72.15,54,6135733,65.98,100,4479471,48.17,234,752641,8.09
2022-03-19,62.89,7.88,29.23,6,6709315,72.15,11,6135744,65.98,29,4479500,48.17,39,752680,8.09
2022-03-20,62.87,7.89,29.23,119,6709434,72.15,260,6136004,65.98,486,4479986,48.18,1431,754111,8.11
2022-03-21,62.87,7.9,29.23,97,6709531,72.15,247,6136251,65.99,379,4480365,48.18,1132,755243,8.12
2022-03-22,62.84,7.94,29.23,141,6709672,72.15,342,6136593,65.99,508,4480873,48.19,1770,757013,8.14
2022-03-23,62.81,7.97,29.22,108,6709780,72.15,212,6136805,65.99,463,4481336,48.19,1677,758690,8.16
2022-03-24,62.78,8,29.22,174,6709954,72.16,345,6137150,66,769,4482105,48.2,2363,761053,8.18
2022-03-25,62.78,8,29.23,39,6709993,72.16,82,6137232,66,159,4482264,48.2,630,761683,8.19
2022-03-26,62.77,8,29.22,12,6710005,72.16,13,6137245,66,34,4482298,48.2,91,761774,8.19
2022-03-27,62.75,8.02,29.22,167,6710172,72.16,344,6137589,66,760,4483058,48.21,3193,764967,8.23
2022-03-28,62.75,8.03,29.22,113,6710285,72.16,271,6137860,66,623,4483681,48.22,2416,767383,8.25
2022-03-29,62.7,8.07,29.22,125,6710410,72.16,258,6138118,66.01,641,4484322,48.22,2772,770155,8.28
2022-03-30,62.81,8.11,29.07,132,6710542,72.16,208,6138326,66.01,542,4484864,48.23,2370,772525,8.31
2022-03-31,62.79,8.11,29.1,166,6710708,72.16,302,6138628,66.01,730,4485594,48.24,2853,775378,8.34
2022-04-01,62.72,8.13,29.15,122,6710830,72.17,161,6138789,66.01,277,4485871,48.24,588,775966,8.34
2022-04-02,62.69,8.15,29.16,7,6710837,72.17,7,6138796,66.01,37,4485908,48.24,52,776018,8.34
2022-04-03,62.65,8.16,29.19,159,6710996,72.17,270,6139066,66.02,569,4486477,48.25,2478,778496,8.37
2022-04-04,62.62,8.16,29.22,103,6711099,72.17,208,6139274,66.02,484,4486961,48.25,2225,780721,8.4
2022-04-05,62.57,8.19,29.25,122,6711221,72.17,221,6139495,66.02,513,4487474,48.26,2243,782964,8.42
2022-04-06,62.55,8.2,29.25,91,6711312,72.17,157,6139652,66.02,382,4487856,48.26,2023,784987,8.44
2022-04-07,62.56,8.2,29.24,191,6711503,72.17,215,6139867,66.03,641,4488497,48.27,2556,787543,8.47
2022-04-08,62.54,8.22,29.23,30,6711533,72.17,61,6139928,66.03,154,4488651,48.27,482,788025,8.47
2022-04-09,62.52,8.25,29.23,6,6711539,72.17,17,6139945,66.03,28,4488679,48.27,47,788072,8.47
2022-04-10,62.51,8.26,29.23,103,6711642,72.17,264,6140209,66.03,429,4489108,48.27,1845,789917,8.49
2022-04-11,62.54,8.26,29.2,78,6711720,72.17,201,6140410,66.03,371,4489479,48.28,1425,791342,8.51
2022-04-12,62.58,8.29,29.12,204,6711924,72.18,168,6140578,66.03,376,4489855,48.28,1360,792702,8.52
2022-04-13,62.58,8.31,29.1,117,6712041,72.18,150,6140728,66.03,298,4490153,48.28,1218,793920,8.54
2022-04-14,62.57,8.33,29.1,85,6712126,72.18,221,6140949,66.04,321,4490474,48.29,1069,794989,8.55
2022-04-15,62.55,8.35,29.1,9,6712135,72.18,51,6141000,66.04,48,4490522,48.29,82,795071,8.55
2022-04-16,62.53,8.37,29.1,3,6712138,72.18,8,6141008,66.04,21,4490543,48.29,29,795100,8.55
2022-04-17,62.52,8.38,29.1,62,6712200,72.18,131,6141139,66.04,229,4490772,48.29,807,795907,8.56
2022-04-18,62.51,8.38,29.1,68,6712268,72.18,109,6141248,66.04,253,4491025,48.29,750,796657,8.57
2022-04-19,62.5,8.4,29.1,61,6712329,72.18,145,6141393,66.04,273,4491298,48.3,842,797499,8.58
2022-04-20,62.48,8.42,29.1,60,6712389,72.18,117,6141510,66.04,235,4491533,48.3,656,798155,8.58
2022-04-21,62.47,8.43,29.1,53,6712442,72.18,109,6141619,66.04,197,4491730,48.3,479,798634,8.59
2022-04-22,62.45,8.44,29.11,3,6712445,72.18,17,6141636,66.04,19,4491749,48.3,20,798654,8.59
2022-04-23,62.43,8.46,29.11,6,6712451,72.18,9,6141645,66.04,16,4491765,48.3,13,798667,8.59
2022-04-24,62.43,8.47,29.1,92,6712543,72.18,250,6141895,66.05,329,4492094,48.31,872,799539,8.6
2022-04-25,62.43,8.47,29.1,104,6712647,72.18,191,6142086,66.05,316,4492410,48.31,739,800278,8.61
2022-04-26,62.42,8.48,29.1,76,6712723,72.19,175,6142261,66.05,304,4492714,48.31,789,801067,8.61
2022-04-27,62.41,8.49,29.1,54,6712777,72.19,160,6142421,66.05,227,4492941,48.31,640,801707,8.62
2022-04-28,62.41,8.5,29.1,97,6712874,72.19,232,6142653,66.06,329,4493270,48.32,872,802579,8.63
2022-04-29,62.39,8.51,29.1,112,6712986,72.19,159,6142812,66.06,184,4493454,48.32,196,802775,8.63
2022-04-30,62.38,8.52,29.1,1,6712987,72.19,3,6142815,66.06,24,4493478,48.32,22,802797,8.63
2022-05-01,62.38,8.53,29.09,135,6713122,72.19,185,6143000,66.06,317,4493795,48.32,630,803427,8.64
2022-05-02,62.37,8.54,29.09,62,6713184,72.19,155,6143155,66.06,235,4494030,48.33,491,803918,8.64
2022-05-03,62.36,8.55,29.09,73,6713257,72.19,151,6143306,66.06,288,4494318,48.33,508,804426,8.65
2022-05-04,62.35,8.57,29.08,23,6713280,72.19,56,6143362,66.06,63,4494381,48.33,129,804555,8.65
2022-05-05,62.34,8.58,29.08,5,6713285,72.19,1,6143363,66.06,8,4494389,48.33,14,804569,8.65
2022-05-06,62.33,8.59,29.08,20,6713305,72.19,59,6143422,66.06,63,4494452,48.33,154,804723,8.65
2022-05-07,62.32,8.6,29.08,1,6713306,72.19,7,6143429,66.06,27,4494479,48.33,24,804747,8.65
2022-05-08,62.31,8.61,29.08,118,6713424,72.19,207,6143636,66.07,270,4494749,48.33,457,805204,8.66
2022-05-09,62.31,8.61,29.08,59,6713483,72.19,162,6143798,66.07,251,4495000,48.34,505,805709,8.66
2022-05-10,62.3,8.62,29.08,131,6713614,72.19,169,6143967,66.07,261,4495261,48.34,508,806217,8.67
2022-05-11,62.3,8.63,29.08,58,6713672,72.2,118,6144085,66.07,183,4495444,48.34,464,806681,8.67
2022-05-12,62.29,8.64,29.07,119,6713791,72.2,200,6144285,66.07,280,4495724,48.34,666,807347,8.68
2022-05-13,62.28,8.65,29.07,11,6713802,72.2,44,6144329,66.07,71,4495795,48.35,110,807457,8.68
2022-05-14,62.26,8.66,29.07,6,6713808,72.2,13,6144342,66.07,14,4495809,48.35,24,807481,8.68
2022-05-15,62.26,8.67,29.07,90,6713898,72.2,175,6144517,66.08,246,4496055,48.35,665,808146,8.69
2022-05-16,62.19,8.65,29.16,68,6713966,72.2,141,6144658,66.08,230,4496285,48.35,510,808656,8.7
2022-05-17,62.18,8.66,29.16,73,6714039,72.2,153,6144811,66.08,267,4496552,48.35,618,809274,8.7
2022-05-18,62.17,8.67,29.16,43,6714082,72.2,99,6144910,66.08,169,4496721,48.36,447,809721,8.71
2022-05-19,62.16,8.68,29.16,62,6714144,72.2,173,6145083,66.08,213,4496934,48.36,499,810220,8.71
2022-05-20,62.15,8.69,29.16,76,6714220,72.2,114,6145197,66.08,130,4497064,48.36,138,810358,8.71
2022-05-21,62.14,8.7,29.16,4,6714224,72.2,7,6145204,66.08,15,4497079,48.36,18,810376,8.71
2022-05-22,62.14,8.71,29.16,85,6714309,72.2,190,6145394,66.08,216,4497295,48.36,427,810803,8.72
2022-05-23,62.14,8.71,29.16,65,6714374,72.2,121,6145515,66.09,156,4497451,48.36,348,811151,8.72
2022-05-24,62.13,8.71,29.15,43,6714417,72.2,119,6145634,66.09,157,4497608,48.37,394,811545,8.73
2022-05-25,62.12,8.72,29.15,61,6714478,72.2,103,6145737,66.09,168,4497776,48.37,337,811882,8.73
2022-05-26,62.11,8.73,29.16,72,6714550,72.2,136,6145873,66.09,186,4497962,48.37,347,812229,8.73
2022-05-27,62.1,8.74,29.16,12,6714562,72.21,29,6145902,66.09,43,4498005,48.37,59,812288,8.73
2022-05-28,62.09,8.75,29.16,2,6714564,72.21,5,6145907,66.09,8,4498013,48.37,12,812300,8.74
2022-05-29,62.09,8.75,29.16,89,6714653,72.21,153,6146060,66.09,163,4498176,48.37,316,812616,8.74
2022-05-30,62.09,8.76,29.16,56,6714709,72.21,134,6146194,66.09,125,4498301,48.37,291,812907,8.74
2022-05-31,62.07,8.78,29.15,45,6714754,72.21,104,6146298,66.09,153,4498454,48.37,351,813258,8.75
2022-06-01,61.95,8.9,29.16,65,6714819,72.21,90,6146388,66.1,119,4498573,48.38,277,813535,8.75
2022-06-02,45.96,24.88,29.15,77,6714896,72.21,156,6146544,66.1,178,4498751,48.38,255,813790,8.75
2022-06-03,45.9,24.95,29.16,10,6714906,72.21,23,6146567,66.1,21,4498772,48.38,33,813823,8.75
2022-06-04,45.84,25,29.16,0,6714906,72.21,7,6146574,66.1,8,4498780,48.38,5,813828,8.75
2022-06-05,45.8,25.05,29.16,11,6714917,72.21,14,6146588,66.1,7,4498787,48.38,2,813830,8.75
2022-06-06,39.96,30.89,29.16,58,6714975,72.21,145,6146733,66.1,161,4498948,48.38,262,814092,8.75
2022-06-07,39.92,30.93,29.15,54,6715029,72.21,134,6146867,66.1,142,4499090,48.38,379,814471,8.76
2022-06-08,39.89,30.96,29.15,59,6715088,72.21,104,6146971,66.1,131,4499221,48.38,497,814968,8.76
2022-06-09,39.86,30.99,29.15,84,6715172,72.21,208,6147179,66.1,234,4499455,48.38,642,815610,8.77
2022-06-10,39.83,31.02,29.15,14,6715186,72.21,51,6147230,66.1,59,4499514,48.39,142,815752,8.77
2022-06-11,39.8,31.05,29.15,0,6715186,72.21,3,6147233,66.1,7,4499521,48.39,19,815771,8.77
2022-06-12,39.8,31.05,29.15,109,6715295,72.21,199,6147432,66.11,191,4499712,48.39,767,816538,8.78
2022-06-13,39.81,31.04,29.15,84,6715379,72.21,142,6147574,66.11,168,4499880,48.39,626,817164,8.79
2022-06-14,39.79,31.06,29.15,116,6715495,72.22,173,6147747,66.11,208,4500088,48.39,759,817923,8.8
2022-06-15,39.78,31.08,29.15,71,6715566,72.22,141,6147888,66.11,207,4500295,48.39,700,818623,8.8
2022-06-16,39.74,31.11,29.14,94,6715660,72.22,136,6148024,66.11,218,4500513,48.4,742,819365,8.81
2022-06-17,39.72,31.14,29.15,16,6715676,72.22,63,6148087,66.11,53,4500566,48.4,125,819490,8.81
2022-06-18,39.68,31.17,29.14,3,6715679,72.22,4,6148091,66.11,11,4500577,48.4,15,819505,8.81
2022-06-19,39.53,31.33,29.15,115,6715794,72.22,208,6148299,66.12,318,4500895,48.4,877,820382,8.82
2022-06-20,33.92,36.85,29.23,99,6715893,72.22,152,6148451,66.12,307,4501202,48.4,922,821304,8.83
2022-06-21,33.58,37.19,29.23,94,6715987,72.22,154,6148605,66.12,375,4501577,48.41,1229,822533,8.85
2022-06-22,33.28,37.49,29.23,110,6716097,72.22,136,6148741,66.12,339,4501916,48.41,894,823427,8.85
2022-06-23,32.84,37.92,29.23,132,6716229,72.22,217,6148958,66.12,525,4502441,48.42,1146,824573,8.87
2022-06-24,32.43,38.34,29.24,19,6716248,72.22,35,6148993,66.12,110,4502551,48.42,208,824781,8.87
2022-06-25,32.04,38.72,29.24,1,6716249,72.22,3,6148996,66.12,13,4502564,48.42,16,824797,8.87
2022-06-26,31.63,39.13,29.24,107,6716356,72.22,158,6149154,66.13,379,4502943,48.42,933,825730,8.88
2022-06-27,31.29,39.47,29.24,86,6716442,72.23,172,6149326,66.13,392,4503335,48.43,1028,826758,8.89
2022-06-28,30.86,39.91,29.24,85,6716527,72.23,151,6149477,66.13,363,4503698,48.43,932,827690,8.9
2022-06-29,30.48,40.28,29.24,76,6716603,72.23,108,6149585,66.13,265,4503963,48.43,816,828506,8.91
2022-06-30,30.05,40.71,29.24,86,6716689,72.23,165,6149750,66.13,355,4504318,48.44,1062,829568,8.92
2022-07-01,29.62,41.14,29.24,22,6716711,72.23,28,6149778,66.13,55,4504373,48.44,80,829648,8.92
2022-07-02,29.2,41.56,29.24,1,6716712,72.23,2,6149780,66.13,8,4504381,48.44,18,829666,8.92
2022-07-03,28.81,41.95,29.24,100,6716812,72.23,177,6149957,66.13,322,4504703,48.44,637,830303,8.93
2022-07-04,28.5,42.26,29.24,76,6716888,72.23,140,6150097,66.14,278,4504981,48.44,749,831052,8.94
2022-07-05,28.06,42.7,29.24,59,6716947,72.23,142,6150239,66.14,302,4505283,48.45,688,831740,8.94
2022-07-06,27.39,43.37,29.24,78,6717025,72.23,124,6150363,66.14,211,4505494,48.45,646,832386,8.95
2022-07-07,26.48,44.28,29.24,82,6717107,72.23,164,6150527,66.14,267,4505761,48.45,721,833107,8.96
2022-07-08,25.47,45.29,29.24,17,6717124,72.23,33,6150560,66.14,69,4505830,48.45,131,833238,8.96
2022-07-09,24.42,46.34,29.24,0,6717124,72.23,1,6150561,66.14,3,4505833,48.45,3,833241,8.96
2022-07-10,23.77,46.99,29.24,90,6717214,72.23,164,6150725,66.14,229,4506062,48.46,470,833711,8.97
2022-07-11,23.22,47.54,29.24,64,6717278,72.23,142,6150867,66.14,248,4506310,48.46,575,834286,8.97
2022-07-12,22.13,48.63,29.24,69,6717347,72.23,129,6150996,66.14,207,4506517,48.46,558,834844,8.98
2022-07-13,21.1,49.66,29.24,43,6717390,72.24,101,6151097,66.15,165,4506682,48.46,488,835332,8.98
2022-07-14,20.12,50.63,29.24,70,6717460,72.24,147,6151244,66.15,208,4506890,48.46,513,835845,8.99
2022-07-15,19.27,51.48,29.25,64,6717524,72.24,88,6151332,66.15,127,4507017,48.47,168,836013,8.99
2022-07-16,18.29,52.46,29.25,0,6717524,72.24,6,6151338,66.15,7,4507024,48.47,8,836021,8.99
2022-07-17,17.83,52.92,29.25,77,6717601,72.24,183,6151521,66.15,241,4507265,48.47,468,836489,9
2022-07-18,17.48,53.26,29.26,62,6717663,72.24,158,6151679,66.15,207,4507472,48.47,511,837000,9
2022-07-19,16.77,53.97,29.26,63,6717726,72.24,147,6151826,66.15,173,4507645,48.47,368,837368,9
2022-07-20,16.09,54.64,29.26,51,6717777,72.24,134,6151960,66.16,137,4507782,48.47,423,837791,9.01
2022-07-21,15.43,55.3,29.27,61,6717838,72.24,160,6152120,66.16,177,4507959,48.48,341,838132,9.01
2022-07-22,14.64,56.08,29.28,10,6717848,72.24,36,6152156,66.16,43,4508002,48.48,56,838188,9.01
2022-07-23,14.17,56.55,29.28,0,6717848,72.24,4,6152160,66.16,4,4508006,48.48,9,838197,9.01
2022-07-24,13.55,57.16,29.29,58,6717906,72.24,128,6152288,66.16,197,4508203,48.48,364,838561,9.02
2022-07-25,13.09,57.61,29.3,48,6717954,72.24,107,6152395,66.16,172,4508375,48.48,336,838897,9.02
2022-07-26,12.46,58.23,29.3,47,6718001,72.24,99,6152494,66.16,111,4508486,48.48,270,839167,9.02
2022-07-27,11.89,58.8,29.31,43,6718044,72.24,125,6152619,66.16,132,4508618,48.48,243,839410,9.03
2022-07-28,11.35,59.34,29.31,62,6718106,72.24,143,6152762,66.16,148,4508766,48.48,220,839630,9.03
2022-07-29,10.85,59.83,29.32,10,6718116,72.24,25,6152787,66.16,27,4508793,48.49,31,839661,9.03
2022-07-30,10.34,60.33,29.33,0,6718116,72.24,0,6152787,66.16,1,4508794,48.49,1,839662,9.03
2022-07-31,9.97,60.7,29.33,56,6718172,72.24,134,6152921,66.17,131,4508925,48.49,252,839914,9.03
2022-08-01,9.47,61.19,29.34,54,6718226,72.24,76,6152997,66.17,91,4509016,48.49,152,840066,9.03
2022-08-02,8.92,61.73,29.35,111,6718337,72.25,119,6153116,66.17,157,4509173,48.49,264,840330,9.04
2022-08-03,8.46,62.19,29.35,76,6718413,72.25,71,6153187,66.17,92,4509265,48.49,180,840510,9.04
2022-08-04,8.04,62.61,29.36,133,6718546,72.25,133,6153320,66.17,111,4509376,48.49,246,840756,9.04
2022-08-05,7.71,62.93,29.36,31,6718577,72.25,23,6153343,66.17,13,4509389,48.49,24,840780,9.04
2022-08-06,7.32,63.32,29.36,1,6718578,72.25,2,6153345,66.17,3,4509392,48.49,5,840785,9.04
2022-08-07,6.92,63.71,29.37,89,6718667,72.25,97,6153442,66.17,69,4509461,48.49,169,840954,9.04
2022-08-08,6.74,63.89,29.37,109,6718776,72.25,92,6153534,66.17,92,4509553,48.49,172,841126,9.05
2022-08-09,6.25,64.37,29.38,96,6718872,72.25,90,6153624,66.17,99,4509652,48.49,213,841339,9.05
2022-08-10,5.91,64.71,29.38,77,6718949,72.25,60,6153684,66.17,76,4509728,48.5,115,841454,9.05
2022-08-11,5.59,65.03,29.38,54,6719003,72.25,101,6153785,66.17,91,4509819,48.5,155,841609,9.05
2022-08-12,5.35,65.27,29.38,8,6719011,72.25,12,6153797,66.17,18,4509837,48.5,29,841638,9.05
2022-08-13,5.1,65.52,29.38,0,6719011,72.25,2,6153799,66.17,2,4509839,48.5,3,841641,9.05
2022-08-14,4.87,65.75,29.39,74,6719085,72.25,75,6153874,66.18,82,4509921,48.5,150,841791,9.05
2022-08-15,4.74,65.87,29.39,69,6719154,72.25,80,6153954,66.18,92,4510013,48.5,144,841935,9.05
2022-08-16,4.46,66.15,29.39,82,6719236,72.26,84,6154038,66.18,83,4510096,48.5,187,842122,9.06
2022-08-17,4.16,66.44,29.39,46,6719282,72.26,56,6154094,66.18,36,4510132,48.5,116,842238,9.06
2022-08-18,3.98,66.63,29.39,70,6719352,72.26,93,6154187,66.18,120,4510252,48.5,173,842411,9.06
2022-08-19,3.83,66.78,29.39,79,6719431,72.26,67,6154254,66.18,56,4510308,48.5,38,842449,9.06
2022-08-20,3.67,66.94,29.39,1,6719432,72.26,1,6154255,66.18,3,4510311,48.5,3,842452,9.06
2022-08-21,3.52,67.08,29.4,52,6719484,72.26,85,6154340,66.18,84,4510395,48.5,197,842649,9.06
2022-08-22,3.44,67.16,29.4,89,6719573,72.26,74,6154414,66.18,103,4510498,48.5,144,842793,9.06
2022-08-23,3.27,67.33,29.4,72,6719645,72.26,106,6154520,66.18,84,4510582,48.5,180,842973,9.06
2022-08-24,3.15,67.46,29.4,38,6719683,72.26,80,6154600,66.18,49,4510631,48.51,133,843106,9.07
2022-08-25,3.03,67.57,29.4,53,6719736,72.26,75,6154675,66.18,97,4510728,48.51,193,843299,9.07
2022-08-26,2.94,67.66,29.4,4,6719740,72.26,15,6154690,66.18,9,4510737,48.51,14,843313,9.07
2022-08-27,2.84,67.76,29.4,0,6719740,72.26,0,6154690,66.18,0,4510737,48.51,0,843313,9.07
2022-08-28,2.75,67.85,29.4,55,6719795,72.26,80,6154770,66.19,85,4510822,48.51,102,843415,9.07
2022-08-29,2.69,67.91,29.4,48,6719843,72.26,68,6154838,66.19,89,4510911,48.51,107,843522,9.07
2022-08-30,2.6,68,29.4,85,6719928,72.26,113,6154951,66.19,85,4510996,48.51,131,843653,9.07
2022-08-31,2.53,68.07,29.4,42,6719970,72.26,89,6155040,66.19,70,4511066,48.51,96,843749,9.07
2022-09-01,2.46,68.14,29.4,29,6719999,72.26,84,6155124,66.19,58,4511124,48.51,113,843862,9.07
2022-09-02,2.4,68.2,29.4,6,6720005,72.26,20,6155144,66.19,13,4511137,48.51,10,843872,9.07
2022-09-03,2.33,68.27,29.4,2,6720007,72.26,0,6155144,66.19,3,4511140,48.51,1,843873,9.07
2022-09-04,2.27,68.32,29.4,64,6720071,72.26,133,6155277,66.19,80,4511220,48.51,121,843994,9.08
2022-09-05,2.23,68.37,29.4,44,6720115,72.26,77,6155354,66.19,58,4511278,48.51,90,844084,9.08
2022-09-06,2.17,68.42,29.4,60,6720175,72.27,104,6155458,66.19,78,4511356,48.51,130,844214,9.08
2022-09-07,2.12,68.47,29.4,28,6720203,72.27,63,6155521,66.19,53,4511409,48.51,95,844309,9.08
2022-09-08,2.07,68.53,29.4,50,6720253,72.27,101,6155622,66.19,70,4511479,48.51,77,844386,9.08
2022-09-09,2.03,68.57,29.4,10,6720263,72.27,21,6155643,66.19,16,4511495,48.51,17,844403,9.08
2022-09-10,1.97,68.62,29.4,1,6720264,72.27,0,6155643,66.19,5,4511500,48.51,2,844405,9.08
2022-09-11,1.92,68.67,29.41,39,6720303,72.27,117,6155760,66.2,78,4511578,48.52,116,844521,9.08
2022-09-12,1.88,68.71,29.41,24,6720327,72.27,72,6155832,66.2,52,4511630,48.52,68,844589,9.08
2022-09-13,1.82,68.77,29.41,44,6720371,72.27,113,6155945,66.2,54,4511684,48.52,103,844692,9.08
2022-09-14,1.78,68.82,29.41,21,6720392,72.27,64,6156009,66.2,54,4511738,48.52,62,844754,9.08
2022-09-15,1.73,68.86,29.41,32,6720424,72.27,77,6156086,66.2,63,4511801,48.52,107,844861,9.09
2022-09-16,1.7,68.89,29.41,51,6720475,72.27,52,6156138,66.2,27,4511828,48.52,28,844889,9.09
2022-09-17,1.66,68.93,29.41,3,6720478,72.27,0,6156138,66.2,1,4511829,48.52,0,844889,9.09
2022-09-18,1.63,68.96,29.41,28,6720506,72.27,66,6156204,66.2,52,4511881,48.52,115,845004,9.09
2022-09-19,1.61,68.98,29.41,28,6720534,72.27,74,6156278,66.2,44,4511925,48.52,57,845061,9.09
2022-09-20,1.56,69.03,29.41,41,6720575,72.27,94,6156372,66.2,75,4512000,48.52,102,845163,9.09
2022-09-21,1.55,69.05,29.41,22,6720597,72.27,54,6156426,66.2,29,4512029,48.52,56,845219,9.09
2022-09-22,1.52,69.07,29.4,42,6720639,72.27,56,6156482,66.2,27,4512056,48.52,41,845260,9.09
2022-09-23,1.5,69.1,29.41,7,6720646,72.27,11,6156493,66.2,4,4512060,48.52,1,845261,9.09
2022-09-24,1.47,69.13,29.41,0,6720646,72.27,0,6156493,66.2,1,4512061,48.52,0,845261,9.09
2022-09-25,1.46,69.13,29.41,5,6720651,72.27,20,6156513,66.2,10,4512071,48.52,27,845288,9.09
2022-09-26,1.46,69.13,29.41,0,6720651,72.27,5,6156518,66.2,2,4512073,48.52,2,845290,9.09
2022-09-27,1.42,69.17,29.41,2,6720653,72.27,0,6156518,66.2,3,4512076,48.52,3,845293,9.09
2022-09-28,1.39,69.21,29.41,24,6720677,72.27,36,6156554,66.2,25,4512101,48.52,17,845310,9.09
2022-09-29,1.37,69.22,29.41,32,6720709,72.27,61,6156615,66.21,13,4512114,48.52,48,845358,9.09
2022-09-30,1.35,69.24,29.41,4,6720713,72.27,12,6156627,66.21,2,4512116,48.52,0,845358,9.09
2022-10-01,1.31,69.29,29.41,0,6720713,72.27,1,6156628,66.21,1,4512117,48.52,1,845359,9.09
2022-10-02,1.31,69.29,29.41,28,6720741,72.27,51,6156679,66.21,20,4512137,48.52,73,845432,9.09
2022-10-03,1.31,69.28,29.4,23,6720764,72.27,29,6156708,66.21,13,4512150,48.52,12,845444,9.09
2022-10-04,1.27,69.32,29.4,7,6720771,72.27,11,6156719,66.21,0,4512150,48.52,1,845445,9.09
2022-10-05,1.28,69.31,29.4,1,6720772,72.27,0,6156719,66.21,0,4512150,48.52,1,845446,9.09
2022-10-06,1.31,69.28,29.4,17,6720789,72.27,43,6156762,66.21,10,4512160,48.52,20,845466,9.09
2022-10-07,1.3,69.29,29.41,3,6720792,72.27,3,6156765,66.21,4,4512164,48.52,0,845466,9.09
2022-10-08,1.26,69.33,29.41,1,6720793,72.27,1,6156766,66.21,0,4512164,48.52,1,845467,9.09
2022-10-09,1.31,69.28,29.41,7,6720800,72.27,22,6156788,66.21,6,4512170,48.52,5,845472,9.09
2022-10-10,1.38,69.22,29.4,5,6720805,72.27,2,6156790,66.21,0,4512170,48.52,0,845472,9.09
2022-10-11,1.36,69.24,29.4,12,6720817,72.27,32,6156822,66.21,1,4512171,48.52,32,845504,9.09
2022-10-12,1.34,69.26,29.4,13,6720830,72.27,24,6156846,66.21,5,4512176,48.52,4,845508,9.09
2022-10-13,1.4,69.2,29.4,17,6720847,72.27,16,6156862,66.21,5,4512181,48.52,9,845517,9.09
2022-10-14,1.4,69.2,29.4,6,6720853,72.27,7,6156869,66.21,4,4512185,48.52,3,845520,9.09
2022-10-15,1.38,69.22,29.4,0,6720853,72.27,1,6156870,66.21,0,4512185,48.52,1,845521,9.09
2022-10-16,1.39,69.2,29.4,4,6720857,72.27,13,6156883,66.21,5,4512190,48.52,8,845529,9.09
2022-10-17,1.39,69.2,29.4,1,6720858,72.27,1,6156884,66.21,4,4512194,48.52,1,845530,9.09
2022-10-18,1.43,69.17,29.4,24,6720882,72.27,31,6156915,66.21,14,4512208,48.52,16,845546,9.09
2022-10-19,1.47,69.12,29.4,18,6720900,72.27,25,6156940,66.21,7,4512215,48.52,3,845549,9.09
2022-10-20,1.5,69.1,29.4,26,6720926,72.27,44,6156984,66.21,12,4512227,48.52,4,845553,9.09
2022-10-21,1.5,69.09,29.4,4,6720930,72.27,7,6156991,66.21,2,4512229,48.52,4,845557,9.09
2022-10-22,1.49,69.1,29.4,0,6720930,72.27,0,6156991,66.21,0,4512229,48.52,0,845557,9.09
2022-10-23,1.51,69.08,29.4,15,6720945,72.27,33,6157024,66.21,18,4512247,48.52,10,845567,9.09
2022-10-24,1.51,69.08,29.41,20,6720965,72.27,16,6157040,66.21,19,4512266,48.52,9,845576,9.09
2022-10-25,1.55,69.04,29.4,18,6720983,72.27,34,6157074,66.21,22,4512288,48.52,21,845597,9.09
2022-10-26,1.61,68.99,29.4,18,6721001,72.27,25,6157099,66.21,8,4512296,48.52,10,845607,9.09
2022-10-27,1.67,68.93,29.4,17,6721018,72.27,27,6157126,66.21,14,4512310,48.52,17,845624,9.09
2022-10-28,1.67,68.93,29.4,55,6721073,72.28,49,6157175,66.21,31,4512341,48.52,18,845642,9.09
2022-10-29,1.66,68.94,29.4,0,6721073,72.28,0,6157175,66.21,0,4512341,48.52,0,845642,9.09
2022-10-30,1.71,68.89,29.4,15,6721088,72.28,23,6157198,66.21,15,4512356,48.52,9,845651,9.09
2022-10-31,1.76,68.84,29.4,17,6721105,72.28,16,6157214,66.21,8,4512364,48.52,9,845660,9.09
2022-11-01,1.82,68.78,29.4,2,6721107,72.28,1,6157215,66.21,1,4512365,48.52,0,845660,9.09
2022-11-02,1.88,68.72,29.4,13,6721120,72.28,13,6157228,66.21,7,4512372,48.52,8,845668,9.09
2022-11-03,1.96,68.64,29.4,17,6721137,72.28,18,6157246,66.21,11,4512383,48.52,8,845676,9.09
2022-11-04,1.98,68.63,29.4,4,6721141,72.28,6,6157252,66.21,1,4512384,48.52,2,845678,9.09
2022-11-05,1.97,68.63,29.4,0,6721141,72.28,0,6157252,66.21,0,4512384,48.52,0,845678,9.09
2022-11-06,2.03,68.57,29.4,27,6721168,72.28,33,6157285,66.21,11,4512395,48.52,23,845701,9.09
2022-11-07,2.1,68.51,29.4,15,6721183,72.28,11,6157296,66.21,10,4512405,48.52,54,845755,9.09
2022-11-08,2.1,68.5,29.4,28,6721211,72.28,26,6157322,66.21,14,4512419,48.52,9,845764,9.09
2022-11-09,2.16,68.45,29.4,16,6721227,72.28,20,6157342,66.21,17,4512436,48.52,9,845773,9.1
2022-11-10,2.22,68.39,29.4,28,6721255,72.28,17,6157359,66.21,11,4512447,48.52,6,845779,9.1
2022-11-11,2.23,68.37,29.4,1,6721256,72.28,17,6157376,66.21,2,4512449,48.52,1,845780,9.1
2022-11-12,2.22,68.38,29.4,1,6721257,72.28,0,6157376,66.21,2,4512451,48.52,0,845780,9.1
2022-11-13,2.29,68.31,29.4,29,6721286,72.28,31,6157407,66.21,17,4512468,48.52,8,845788,9.1
2022-11-14,2.37,68.23,29.4,20,6721306,72.28,17,6157424,66.21,21,4512489,48.53,16,845804,9.1
2022-11-15,2.43,68.17,29.4,40,6721346,72.28,25,6157449,66.21,16,4512505,48.53,18,845822,9.1
2022-11-16,2.5,68.1,29.4,14,6721360,72.28,27,6157476,66.21,16,4512521,48.53,11,845833,9.1
2022-11-17,2.59,68.02,29.4,19,6721379,72.28,33,6157509,66.21,18,4512539,48.53,5,845838,9.1
2022-11-18,2.61,67.99,29.4,6,6721385,72.28,4,6157513,66.21,4,4512543,48.53,0,845838,9.1
2022-11-19,2.6,68,29.4,0,6721385,72.28,0,6157513,66.21,0,4512543,48.53,0,845838,9.1
2022-11-20,2.67,67.93,29.4,19,6721404,72.28,19,6157532,66.22,6,4512549,48.53,13,845851,9.1
2022-11-21,2.76,67.85,29.4,14,6721418,72.28,13,6157545,66.22,6,4512555,48.53,6,845857,9.1
2022-11-22,2.83,67.77,29.4,27,6721445,72.28,13,6157558,66.22,17,4512572,48.53,6,845863,9.1
2022-11-23,2.9,67.7,29.4,17,6721462,72.28,20,6157578,66.22,4,4512576,48.53,8,845871,9.1
2022-11-24,2.98,67.62,29.4,9,6721471,72.28,16,6157594,66.22,13,4512589,48.53,27,845898,9.1
2022-11-25,3,67.6,29.4,12,6721483,72.28,46,6157640,66.22,14,4512603,48.53,12,845910,9.1
2022-11-26,3,67.61,29.4,0,6721483,72.28,2,6157642,66.22,0,4512603,48.53,0,845910,9.1
2022-11-27,3.06,67.54,29.4,14,6721497,72.28,15,6157657,66.22,19,4512622,48.53,2,845912,9.1
2022-11-28,3.14,67.47,29.4,8,6721505,72.28,23,6157680,66.22,8,4512630,48.53,6,845918,9.1
2022-11-29,3.2,67.4,29.4,38,6721543,72.28,31,6157711,66.22,19,4512649,48.53,14,845932,9.1
2022-11-30,3.27,67.34,29.39,12,6721555,72.28,25,6157736,66.22,20,4512669,48.53,8,845940,9.1
2022-12-01,3.34,67.26,29.39,13,6721568,72.28,18,6157754,66.22,15,4512684,48.53,4,845944,9.1
2022-12-02,3.36,67.24,29.39,2,6721570,72.28,7,6157761,66.22,4,4512688,48.53,10,845954,9.1
2022-12-03,3.36,67.24,29.39,0,6721570,72.28,0,6157761,66.22,0,4512688,48.53,1,845955,9.1
2022-12-04,3.42,67.18,29.39,38,6721608,72.28,27,6157788,66.22,30,4512718,48.53,26,845981,9.1
2022-12-05,3.48,67.12,29.4,9,6721617,72.28,17,6157805,66.22,11,4512729,48.53,20,846001,9.1
2022-12-06,3.55,67.06,29.39,32,6721649,72.28,26,6157831,66.22,27,4512756,48.53,8,846009,9.1
2022-12-07,3.62,66.99,29.39,10,6721659,72.28,17,6157848,66.22,8,4512764,48.53,8,846017,9.1
2022-12-08,3.69,66.91,29.39,19,6721678,72.28,31,6157879,66.22,15,4512779,48.53,3,846020,9.1
2022-12-09,3.71,66.9,29.39,4,6721682,72.28,1,6157880,66.22,1,4512780,48.53,7,846027,9.1
2022-12-10,3.7,66.91,29.39,1,6721683,72.28,0,6157880,66.22,2,4512782,48.53,0,846027,9.1
2022-12-11,3.76,66.84,29.39,16,6721699,72.28,22,6157902,66.22,15,4512797,48.53,16,846043,9.1
2022-12-12,3.82,66.78,29.39,15,6721714,72.28,14,6157916,66.22,5,4512802,48.53,0,846043,9.1
2022-12-13,3.87,66.73,29.39,17,6721731,72.28,44,6157960,66.22,18,4512820,48.53,13,846056,9.1
2022-12-14,3.92,66.69,29.39,17,6721748,72.28,16,6157976,66.22,7,4512827,48.53,3,846059,9.1
2022-12-15,3.97,66.64,29.39,22,6721770,72.28,19,6157995,66.22,7,4512834,48.53,12,846071,9.1
2022-12-16,3.98,66.62,29.39,12,6721782,72.28,4,6157999,66.22,1,4512835,48.53,0,846071,9.1
2022-12-17,3.97,66.63,29.39,0,6721782,72.28,0,6157999,66.22,0,4512835,48.53,0,846071,9.1
2022-12-18,4.01,66.59,29.39,9,6721791,72.28,18,6158017,66.22,8,4512843,48.53,3,846074,9.1
2022-12-19,4.06,66.54,29.4,7,6721798,72.28,14,6158031,66.22,12,4512855,48.53,1,846075,9.1
2022-12-20,4.1,66.51,29.39,12,6721810,72.28,17,6158048,66.22,2,4512857,48.53,2,846077,9.1
2022-12-21,4.14,66.47,29.39,9,6721819,72.28,14,6158062,66.22,13,4512870,48.53,3,846080,9.1
2022-12-22,4.18,66.42,29.39,4,6721823,72.28,10,6158072,66.22,14,4512884,48.53,1,846081,9.1
2022-12-23,4.19,66.42,29.39,10,6721833,72.28,0,6158072,66.22,2,4512886,48.53,0,846081,9.1
2022-12-24,4.18,66.43,29.39,0,6721833,72.28,0,6158072,66.22,0,4512886,48.53,0,846081,9.1
2022-12-25,4.21,66.4,29.39,6,6721839,72.28,17,6158089,66.22,1,4512887,48.53,2,846083,9.1
2022-12-26,4.24,66.36,29.39,17,6721856,72.28,6,6158095,66.22,13,4512900,48.53,0,846083,9.1
2022-12-27,4.25,66.36,29.39,24,6721880,72.28,24,6158119,66.22,17,4512917,48.53,7,846090,9.1
2022-12-28,4.26,66.34,29.39,17,6721897,72.28,18,6158137,66.22,25,4512942,48.53,64,846154,9.1
2022-12-29,4.28,66.33,29.39,15,6721912,72.28,23,6158160,66.22,14,4512956,48.53,4,846158,9.1
2022-12-30,4.27,66.33,29.4,4,6721916,72.28,5,6158165,66.22,3,4512959,48.53,1,846159,9.1
2022-12-31,4.26,66.35,29.4,0,6721916,72.28,1,6158166,66.22,0,4512959,48.53,0,846159,9.1
2023-01-01,4.27,66.33,29.4,7,6721923,72.28,23,6158189,66.22,2,4512961,48.53,1,846160,9.1
2023-01-02,4.29,66.31,29.4,10,6721933,72.28,8,6158197,66.22,3,4512964,48.53,1,846161,9.1
2023-01-03,4.3,66.3,29.4,20,6721953,72.28,17,6158214,66.22,7,4512971,48.53,3,846164,9.1
2023-01-04,4.3,66.3,29.4,7,6721960,72.28,11,6158225,66.22,4,4512975,48.53,2,846166,9.1
2023-01-05,4.31,66.29,29.39,12,6721972,72.28,19,6158244,66.22,11,4512986,48.53,4,846170,9.1
2023-01-06,4.31,66.29,29.4,2,6721974,72.28,1,6158245,66.22,1,4512987,48.53,0,846170,9.1
2023-01-07,4.3,66.31,29.4,1,6721975,72.28,0,6158245,66.22,0,4512987,48.53,0,846170,9.1
2023-01-08,4.33,66.28,29.4,14,6721989,72.28,33,6158278,66.22,10,4512997,48.53,2,846172,9.1
2023-01-09,4.34,66.26,29.4,12,6722001,72.29,20,6158298,66.22,1,4512998,48.53,1,846173,9.1
2023-01-10,4.35,66.25,29.4,39,6722040,72.29,27,6158325,66.22,10,4513008,48.53,4,846177,9.1
2023-01-11,4.36,66.25,29.4,14,6722054,72.29,18,6158343,66.22,11,4513019,48.53,2,846179,9.1
2023-01-12,4.37,66.24,29.39,22,6722076,72.29,20,6158363,66.22,11,4513030,48.53,2,846181,9.1
2023-01-13,4.36,66.24,29.4,3,6722079,72.29,2,6158365,66.22,0,4513030,48.53,0,846181,9.1
2023-01-14,4.35,66.25,29.4,1,6722080,72.29,0,6158365,66.22,0,4513030,48.53,0,846181,9.1
2023-01-15,4.36,66.24,29.4,17,6722097,72.29,17,6158382,66.22,4,4513034,48.53,3,846184,9.1
2023-01-16,4.38,66.22,29.4,9,6722106,72.29,15,6158397,66.22,6,4513040,48.53,0,846184,9.1
2023-01-17,4.38,66.22,29.4,15,6722121,72.29,14,6158411,66.22,6,4513046,48.53,0,846184,9.1
2023-01-18,4.39,66.21,29.4,7,6722128,72.29,8,6158419,66.22,3,4513049,48.53,1,846185,9.1
2023-01-19,4.4,66.2,29.4,13,6722141,72.29,15,6158434,66.22,2,4513051,48.53,4,846189,9.1
2023-01-20,4.39,66.2,29.4,4,6722145,72.29,2,6158436,66.22,0,4513051,48.53,1,846190,9.1
2023-01-21,4.39,66.21,29.4,0,6722145,72.29,0,6158436,66.22,0,4513051,48.53,0,846190,9.1
2023-01-22,4.4,66.2,29.4,8,6722153,72.29,3,6158439,66.22,8,4513059,48.53,4,846194,9.1
2023-01-23,4.41,66.19,29.4,11,6722164,72.29,5,6158444,66.22,6,4513065,48.53,0,846194,9.1
2023-01-24,4.41,66.19,29.4,21,6722185,72.29,21,6158465,66.23,11,4513076,48.53,2,846196,9.1
2023-01-25,4.41,66.18,29.4,5,6722190,72.29,5,6158470,66.23,0,4513076,48.53,2,846198,9.1
2023-01-26,4.42,66.18,29.4,10,6722200,72.29,15,6158485,66.23,9,4513085,48.53,2,846200,9.1
2023-01-27,4.41,66.18,29.4,0,6722200,72.29,9,6158494,66.23,0,4513085,48.53,0,846200,9.1
2023-01-28,4.41,66.19,29.4,0,6722200,72.29,0,6158494,66.23,0,4513085,48.53,0,846200,9.1
2023-01-29,4.41,66.19,29.41,12,6722212,72.29,8,6158502,66.23,5,4513090,48.53,2,846202,9.1
2023-01-30,4.42,66.17,29.41,9,6722221,72.29,16,6158518,66.23,2,4513092,48.53,1,846203,9.1
2023-01-31,4.42,66.17,29.41,20,6722241,72.29,23,6158541,66.23,3,4513095,48.53,1,846204,9.1
2023-02-01,4.32,64.71,30.96,10,6722251,72.29,11,6158552,66.23,4,4513099,48.53,0,846204,9.1
2023-02-02,4.33,64.71,30.96,14,6722265,72.29,31,6158583,66.23,3,4513102,48.53,0,846204,9.1
2023-02-03,4.32,64.71,30.97,3,6722268,72.29,1,6158584,66.23,0,4513102,48.53,1,846205,9.1
2023-02-04,4.32,64.72,30.97,0,6722268,72.29,0,6158584,66.23,0,4513102,48.53,0,846205,9.1
2023-02-05,4.32,64.71,30.97,15,6722283,72.29,8,6158592,66.23,6,4513108,48.53,4,846209,9.1
2023-02-06,4.33,64.7,30.97,17,6722300,72.29,13,6158605,66.23,4,4513112,48.53,0,846209,9.1
2023-02-07,4.33,64.7,30.97,22,6722322,72.29,22,6158627,66.23,8,4513120,48.53,2,846211,9.1
2023-02-08,4.33,64.7,30.97,15,6722337,72.29,14,6158641,66.23,1,4513121,48.53,0,846211,9.1
2023-02-09,4.33,64.7,30.97,35,6722372,72.29,33,6158674,66.23,5,4513126,48.53,2,846213,9.1
2023-02-10,4.33,64.7,30.97,2,6722374,72.29,3,6158677,66.23,2,4513128,48.53,0,846213,9.1
2023-02-11,4.33,64.7,30.97,2,6722376,72.29,1,6158678,66.23,0,4513128,48.53,0,846213,9.1
2023-02-12,4.33,64.7,30.97,15,6722391,72.29,18,6158696,66.23,3,4513131,48.53,2,846215,9.1
2023-02-13,4.33,64.7,30.97,14,6722405,72.29,20,6158716,66.23,8,4513139,48.53,2,846217,9.1
2023-02-14,4.33,64.7,30.97,20,6722425,72.29,8,6158724,66.23,7,4513146,48.53,5,846222,9.1
2023-02-15,4.33,64.7,30.97,10,6722435,72.29,16,6158740,66.23,3,4513149,48.53,0,846222,9.1
2023-02-16,4.33,64.7,30.97,22,6722457,72.29,24,6158764,66.23,2,4513151,48.53,0,846222,9.1
2023-02-17,4.33,64.7,30.97,5,6722462,72.29,2,6158766,66.23,1,4513152,48.53,0,846222,9.1
2023-02-18,4.33,64.7,30.97,0,6722462,72.29,0,6158766,66.23,0,4513152,48.53,0,846222,9.1
2023-02-19,4.33,64.7,30.98,16,6722478,72.29,13,6158779,66.23,1,4513153,48.53,0,846222,9.1
2023-02-20,4.33,64.69,30.98,9,6722487,72.29,10,6158789,66.23,1,4513154,48.53,0,846222,9.1
2023-02-21,4.33,64.69,30.98,40,6722527,72.29,18,6158807,66.23,5,4513159,48.53,1,846223,9.1
2023-02-22,4.33,64.7,30.98,3,6722530,72.29,9,6158816,66.23,8,4513167,48.53,0,846223,9.1
2023-02-23,4.33,64.7,30.97,10,6722540,72.29,23,6158839,66.23,5,4513172,48.53,2,846225,9.1
2023-02-24,4.33,64.7,30.98,0,6722540,72.29,6,6158845,66.23,0,4513172,48.53,0,846225,9.1
2023-02-25,4.32,64.7,30.98,3,6722543,72.29,0,6158845,66.23,1,4513173,48.53,0,846225,9.1
2023-02-26,4.32,64.7,30.98,12,6722555,72.29,20,6158865,66.23,1,4513174,48.53,0,846225,9.1
2023-02-27,4.32,64.7,30.98,11,6722566,72.29,25,6158890,66.23,2,4513176,48.53,2,846227,9.1
2023-02-28,4.32,64.7,30.98,0,6722566,72.29,0,6158890,66.23,0,4513176,48.53,0,846227,9.1
