Date,Valid vaccinated pop. perc.,Expired vaccinated pop. perc.,Not vaccinated pop. perc.,Vaccinated (daily),Vaccinated (cumu),Vaccinated pop. perc.,Second dose (daily),Second dose (cumu),Second dose pop. perc.,Third dose (daily),Third dose (cumu),Third dose pop. perc.,Fourth dose (daily),Fourth dose (cumu),Fourth dose pop. perc.
2020-12-19,0,0,100,46,71,0,0,4,0,0,0,0,0,0,0
2020-12-20,0,0,100,7396,7467,0.08,0,4,0,0,0,0,0,0,0
2020-12-21,0,0,100,24923,32390,0.35,0,4,0,0,0,0,0,0,0
2020-12-22,0,0,100,44669,77059,0.83,0,4,0,0,0,0,0,0,0
2020-12-23,0,0,100,62918,139977,1.51,0,4,0,0,0,0,0,0,0
2020-12-24,0,0,100,73433,213410,2.29,0,4,0,0,0,0,0,0,0
2020-12-25,0,0,100,38518,251928,2.71,0,4,0,0,0,0,0,0,0
2020-12-26,0,0,100,32618,284546,3.06,0,4,0,0,0,0,0,0,0
2020-12-27,0,0,100,104577,389123,4.18,0,4,0,0,0,0,0,0,0
2020-12-28,0,0,100,135043,524166,5.64,0,4,0,0,0,0,0,0,0
2020-12-29,0,0,100,156343,680509,7.32,2,6,0,0,0,0,0,0,0
2020-12-30,0,0,100,153193,833702,8.97,0,6,0,0,0,0,0,0,0
2020-12-31,0,0,100,158601,992303,10.67,0,6,0,0,0,0,0,0,0
2021-01-01,0,0,100,71437,1063740,11.44,0,6,0,0,0,0,0,0,0
2021-01-02,0,0,100,71745,1135485,12.21,0,6,0,0,0,0,0,0,0
2021-01-03,0,0,100,149769,1285254,13.82,0,6,0,0,0,0,0,0,0
2021-01-04,0,0,100,152210,1437464,15.46,1,7,0,0,0,0,0,0,0
2021-01-05,0,0,100,125222,1562686,16.8,4,11,0,0,0,0,0,0,0
2021-01-06,0,0,100,103376,1666062,17.92,2,13,0,0,0,0,0,0,0
2021-01-07,0,0,100,116065,1782127,19.16,9,22,0,0,0,0,0,0,0
2021-01-08,0,0,100,66465,1848592,19.88,5,27,0,0,0,0,0,0,0
2021-01-09,0,0,100,44554,1893146,20.36,24,51,0,0,0,0,0,0,0
2021-01-10,0,0,100,37649,1930795,20.76,6001,6052,0.07,0,0,0,0,0,0
2021-01-11,0,0,100,21176,1951971,20.99,19264,25316,0.27,0,0,0,0,0,0
2021-01-12,0,0,100,24077,1976048,21.25,35674,60990,0.66,0,0,0,0,0,0
2021-01-13,0,0,100,52079,2028127,21.81,56873,117863,1.27,0,0,0,0,0,0
2021-01-14,0,0,100,56481,2084608,22.42,68840,186703,2.01,0,0,0,0,0,0
2021-01-15,0,0,100,30776,2115384,22.75,35943,222646,2.39,0,0,0,0,0,0
2021-01-16,0,0,100,29481,2144865,23.06,26007,248653,2.67,0,0,0,0,0,0
2021-01-17,0.31,0,99.69,68446,2213311,23.8,84598,333251,3.58,0,0,0,0,0,0
2021-01-18,0.58,0,99.42,69820,2283131,24.55,120439,453690,4.88,0,0,0,0,0,0
2021-01-19,1.09,0,98.91,72896,2356027,25.34,137853,591543,6.36,0,0,0,0,0,0
2021-01-20,1.9,0,98.1,76919,2432946,26.16,143769,735312,7.91,0,0,0,0,0,0
2021-01-21,2.88,0,97.12,70012,2502958,26.92,164478,899790,9.68,0,0,0,0,0,0
2021-01-22,3.39,0,96.61,37933,2540891,27.32,71135,970925,10.44,0,0,0,0,0,0
2021-01-23,3.77,0,96.23,39966,2580857,27.75,53598,1024523,11.02,0,0,0,0,0,0
2021-01-24,4.96,0,95.04,69148,2650005,28.5,140712,1165235,12.53,0,0,0,0,0,0
2021-01-25,6.61,0,93.39,80944,2730949,29.37,139525,1304760,14.03,0,0,0,0,0,0
2021-01-26,8.45,0,91.55,78739,2809688,30.21,126447,1431207,15.39,0,0,0,0,0,0
2021-01-27,10.34,0,89.66,77985,2887673,31.05,125074,1556281,16.74,0,0,0,0,0,0
2021-01-28,12.43,0,87.57,79572,2967245,31.91,130633,1686914,18.14,0,0,0,0,0,0
2021-01-29,13.34,0,86.66,36704,3003949,32.3,64794,1751708,18.84,0,0,0,0,0,0
2021-01-30,14.02,0,85.98,34395,3038344,32.67,42767,1794475,19.3,0,0,0,0,0,0
2021-01-31,15.76,0,84.24,73333,3111677,33.46,59504,1853979,19.94,0,0,0,0,0,0
2021-02-01,17.48,0,82.52,82519,3194196,34.35,35358,1889337,20.32,0,0,0,0,0,0
2021-02-02,19.01,0,80.99,70110,3264306,35.1,31074,1920411,20.65,0,0,0,0,0,0
2021-02-03,20.47,0,79.53,60310,3324616,35.75,51445,1971856,21.2,0,0,0,0,0,0
2021-02-04,22,0,78,72641,3397257,36.53,58096,2029952,21.83,0,0,0,0,0,0
2021-02-05,22.75,0,77.25,33947,3431204,36.9,28807,2058759,22.14,0,0,0,0,0,0
2021-02-06,23.23,0,76.77,21623,3452827,37.13,22233,2080992,22.38,0,0,0,0,0,0
2021-02-07,23.99,0,76.01,54081,3506908,37.71,68745,2149737,23.12,0,0,0,0,0,0
2021-02-08,24.52,0,75.48,58644,3565552,38.34,65468,2215205,23.82,0,0,0,0,0,0
2021-02-09,25.04,0,74.96,66361,3631913,39.06,67581,2282786,24.55,0,0,0,0,0,0
2021-02-10,25.77,0,74.23,70571,3702484,39.81,72316,2355102,25.33,0,0,0,0,0,0
2021-02-11,26.61,0,73.39,81176,3783660,40.69,72116,2427218,26.1,0,0,0,0,0,0
2021-02-12,27.02,0,72.98,39110,3822770,41.11,37600,2464818,26.51,0,0,0,0,0,0
2021-02-13,27.33,0,72.67,27466,3850236,41.4,30441,2495259,26.83,0,0,0,0,0,0
2021-02-14,28.25,0,71.75,74917,3925153,42.21,69085,2564344,27.58,0,0,0,0,0,0
2021-02-15,29.17,0,70.83,81551,4006704,43.09,75723,2640067,28.39,0,0,0,0,0,0
2021-02-16,30.11,0,69.89,83423,4090127,43.98,78303,2718370,29.23,0,0,0,0,0,0
2021-02-17,31.01,0,68.99,61984,4152111,44.65,75646,2794016,30.05,0,0,0,0,0,0
2021-02-18,31.94,0,68.06,69162,4221273,45.39,79740,2873756,30.9,0,0,0,0,0,0
2021-02-19,32.45,0,67.55,39676,4260949,45.82,38163,2911919,31.31,0,0,0,0,0,0
2021-02-20,32.85,0,67.15,31652,4292601,46.16,28723,2940642,31.62,0,0,0,0,0,0
2021-02-21,33.8,0,66.2,79437,4372038,47.01,78449,3019091,32.47,0,0,0,0,0,0
2021-02-22,34.83,0,65.17,85056,4457094,47.93,80603,3099694,33.33,0,0,0,0,0,0
2021-02-23,35.84,0,64.16,77333,4534427,48.76,70488,3170182,34.09,0,0,0,0,0,0
2021-02-24,36.76,0,63.24,61068,4595495,49.42,63148,3233330,34.77,0,0,0,0,0,0
2021-02-25,37.66,0,62.34,51730,4647225,49.97,64811,3298141,35.47,0,0,0,0,0,0
2021-02-26,38.1,0,61.9,25913,4673138,50.25,32047,3330188,35.81,0,0,0,0,0,0
2021-02-27,38.42,0,61.58,18353,4691491,50.45,21198,3351386,36.04,0,0,0,0,0,0
2021-02-28,39.24,0,60.76,40365,4731856,50.88,55874,3407260,36.64,0,0,0,0,0,0
2021-03-01,40.1,0,59.9,45752,4777608,51.38,61445,3468705,37.3,0,0,0,0,0,0
2021-03-02,40.85,0,59.15,41203,4818811,51.82,64803,3533508,38,0,0,0,0,0,0
2021-03-03,41.55,0,58.45,42036,4860847,52.27,66794,3600302,38.72,0,0,0,0,0,0
2021-03-04,42.24,0,57.76,39722,4900569,52.7,79127,3679429,39.57,0,0,0,0,0,0
2021-03-05,42.57,0,57.43,17369,4917938,52.89,40470,3719899,40,0,0,0,0,0,0
2021-03-06,42.78,0,57.22,10723,4928661,53,25349,3745248,40.27,0,0,0,0,0,0
2021-03-07,43.36,0,56.64,31157,4959818,53.34,72848,3818096,41.06,0,0,0,0,0,0
2021-03-08,43.97,0,56.03,27388,4987206,53.63,73296,3891392,41.85,0,0,0,0,0,0
2021-03-09,44.62,0,55.38,26756,5013962,53.92,76606,3967998,42.67,0,0,0,0,0,0
2021-03-10,45.27,0,54.73,23373,5037335,54.17,58684,4026682,43.3,0,0,0,0,0,0
2021-03-11,45.99,0,54.01,23308,5060643,54.42,69099,4095781,44.04,0,0,0,0,0,0
2021-03-12,46.34,0,53.66,11298,5071941,54.54,41419,4137200,44.49,0,0,0,0,0,0
2021-03-13,46.57,0,53.43,7955,5079896,54.63,25240,4162440,44.76,0,0,0,0,0,0
2021-03-14,47.2,0,52.8,20991,5100887,54.85,73937,4236377,45.56,0,0,0,0,0,0
2021-03-15,47.81,0,52.19,20152,5121039,55.07,78282,4314659,46.4,0,0,0,0,0,0
2021-03-16,48.43,0,51.57,18759,5139798,55.27,71482,4386141,47.17,0,0,0,0,0,0
2021-03-17,48.92,0,51.08,17705,5157503,55.46,59011,4445152,47.8,0,0,0,0,0,0
2021-03-18,49.45,0,50.55,16050,5173553,55.63,58126,4503278,48.43,0,0,0,0,0,0
2021-03-19,49.75,0,50.25,6959,5180512,55.71,27981,4531259,48.73,0,0,0,0,0,0
2021-03-20,49.93,0,50.07,5229,5185741,55.76,15302,4546561,48.89,0,0,0,0,0,0
2021-03-21,50.46,0,49.54,13172,5198913,55.91,40511,4587072,49.33,0,0,0,0,0,0
2021-03-22,51,0,49,13583,5212496,56.05,40542,4627614,49.76,0,0,0,0,0,0
2021-03-23,51.43,0,48.57,2846,5215342,56.08,7303,4634917,49.84,0,0,0,0,0,0
2021-03-24,51.84,0,48.16,11007,5226349,56.2,46562,4681479,50.34,0,0,0,0,0,0
2021-03-25,52.22,0,47.78,10275,5236624,56.31,35440,4716919,50.72,0,0,0,0,0,0
2021-03-26,52.4,0,47.6,4186,5240810,56.36,13335,4730254,50.87,0,0,0,0,0,0
2021-03-27,52.5,0,47.5,1788,5242598,56.38,4269,4734523,50.91,0,0,0,0,0,0
2021-03-28,52.74,0,47.26,2114,5244712,56.4,4611,4739134,50.96,0,0,0,0,0,0
2021-03-29,53,0,47,6920,5251632,56.47,30017,4769151,51.29,0,0,0,0,0,0
2021-03-30,53.08,0,46.92,7898,5259530,56.56,22455,4791606,51.53,0,0,0,0,0,0
2021-03-31,53.38,0,46.62,8154,5267684,56.65,19503,4811109,51.74,0,0,0,0,0,0
2021-04-01,53.62,0,46.38,8222,5275906,56.73,18704,4829813,51.94,0,0,0,0,0,0
2021-04-02,53.71,0,46.29,2948,5278854,56.77,8131,4837944,52.02,0,0,0,0,0,0
2021-04-03,53.74,0,46.26,1432,5280286,56.78,2984,4840928,52.06,0,0,0,0,0,0
2021-04-04,53.82,0,46.18,9618,5289904,56.88,22833,4863761,52.3,0,0,0,0,0,0
2021-04-05,54.04,0,45.96,10365,5300269,57,21280,4885041,52.53,0,0,0,0,0,0
2021-04-06,54.21,0,45.79,9035,5309304,57.09,16795,4901836,52.71,0,0,0,0,0,0
2021-04-07,54.36,0,45.64,8935,5318239,57.19,15314,4917150,52.88,0,0,0,0,0,0
2021-04-08,54.52,0,45.48,9430,5327669,57.29,17018,4934168,53.06,0,0,0,0,0,0
2021-04-09,54.58,0,45.42,3610,5331279,57.33,6260,4940428,53.13,0,0,0,0,0,0
2021-04-10,54.61,0,45.39,1637,5332916,57.35,3523,4943951,53.16,0,0,0,0,0,0
2021-04-11,54.78,0,45.22,9045,5341961,57.44,14249,4958200,53.32,0,0,0,0,0,0
2021-04-12,54.95,0,45.05,8938,5350899,57.54,13236,4971436,53.46,0,0,0,0,0,0
2021-04-13,55.08,0,44.92,5841,5356740,57.6,4960,4976396,53.51,0,0,0,0,0,0
2021-04-14,55.18,0,44.82,3650,5360390,57.64,5311,4981707,53.57,0,0,0,0,0,0
2021-04-15,55.27,0,44.73,699,5361089,57.65,583,4982290,53.58,0,0,0,0,0,0
2021-04-16,55.33,0,44.67,3420,5364509,57.69,6654,4988944,53.65,0,0,0,0,0,0
2021-04-17,55.35,0,44.65,822,5365331,57.7,1975,4990919,53.67,0,0,0,0,0,0
2021-04-18,55.47,0,44.53,7099,5372430,57.77,7433,4998352,53.75,0,0,0,0,0,0
2021-04-19,55.58,0,44.42,6407,5378837,57.84,7135,5005487,53.83,0,0,0,0,0,0
2021-04-20,55.65,0,44.35,6287,5385124,57.91,6890,5012377,53.9,0,0,0,0,0,0
2021-04-21,55.71,0,44.29,6382,5391506,57.98,7112,5019489,53.98,0,0,0,0,0,0
2021-04-22,55.75,0,44.25,5953,5397459,58.04,7691,5027180,54.06,0,0,0,0,0,0
2021-04-23,55.8,0,44.2,2768,5400227,58.07,3392,5030572,54.1,0,0,0,0,0,0
2021-04-24,55.82,0,44.18,769,5400996,58.08,1290,5031862,54.11,0,0,0,0,0,0
2021-04-25,55.89,0,44.11,4829,5405825,58.13,6925,5038787,54.18,0,0,0,0,0,0
2021-04-26,55.96,0,44.04,5479,5411304,58.19,7889,5046676,54.27,0,0,0,0,0,0
2021-04-27,56.03,0,43.97,4509,5415813,58.24,6628,5053304,54.34,0,0,0,0,0,0
2021-04-28,56.09,0,43.91,4502,5420315,58.29,7337,5060641,54.42,0,0,0,0,0,0
2021-04-29,56.16,0,43.84,4378,5424693,58.33,7297,5067938,54.5,0,0,0,0,0,0
2021-04-30,56.19,0,43.81,1926,5426619,58.36,3203,5071141,54.53,0,0,0,0,0,0
2021-05-01,56.2,0,43.8,458,5427077,58.36,895,5072036,54.54,0,0,0,0,0,0
2021-05-02,56.26,0,43.74,3225,5430302,58.39,6092,5078128,54.61,0,0,0,0,0,0
2021-05-03,56.32,0,43.68,3535,5433837,58.43,5835,5083963,54.67,0,0,0,0,0,0
2021-05-04,56.38,0,43.62,3594,5437431,58.47,4738,5088701,54.72,0,0,0,0,0,0
2021-05-05,56.44,0,43.56,3292,5440723,58.51,4093,5092794,54.77,0,0,0,0,0,0
2021-05-06,56.5,0,43.5,3646,5444369,58.55,3145,5095939,54.8,0,0,0,0,0,0
2021-05-07,56.52,0,43.48,1847,5446216,58.57,2509,5098448,54.83,0,0,0,0,0,0
2021-05-08,56.53,0,43.47,244,5446460,58.57,508,5098956,54.83,0,0,0,0,0,0
2021-05-09,56.58,0,43.42,2851,5449311,58.6,4751,5103707,54.88,0,0,0,0,0,0
2021-05-10,56.63,0,43.37,2899,5452210,58.63,4715,5108422,54.93,0,0,0,0,0,0
2021-05-11,56.67,0,43.33,2623,5454833,58.66,3882,5112304,54.98,0,0,0,0,0,0
2021-05-12,56.7,0,43.3,2034,5456867,58.68,3342,5115646,55.01,0,0,0,0,0,0
2021-05-13,56.73,0,43.27,2044,5458911,58.7,3688,5119334,55.05,0,0,0,0,0,0
2021-05-14,56.75,0,43.25,979,5459890,58.71,1495,5120829,55.07,0,0,0,0,0,0
2021-05-15,56.75,0,43.25,259,5460149,58.72,260,5121089,55.07,0,0,0,0,0,0
2021-05-16,56.78,0,43.22,529,5460678,58.72,1206,5122295,55.08,0,0,0,0,0,0
2021-05-17,56.81,0,43.19,303,5460981,58.72,848,5123143,55.09,0,0,0,0,0,0
2021-05-18,56.84,0,43.16,1963,5462944,58.75,4940,5128083,55.14,0,0,0,0,0,0
2021-05-19,56.87,0,43.13,2233,5465177,58.77,5043,5133126,55.2,0,0,0,0,0,0
2021-05-20,56.9,0,43.1,2311,5467488,58.79,3880,5137006,55.24,0,0,0,0,0,0
2021-05-21,56.92,0,43.08,1194,5468682,58.81,1414,5138420,55.26,0,0,0,0,0,0
2021-05-22,56.92,0,43.08,206,5468888,58.81,396,5138816,55.26,0,0,0,0,0,0
2021-05-23,56.94,0,43.06,2272,5471160,58.83,3216,5142032,55.29,0,0,0,0,0,0
2021-05-24,56.96,0,43.04,2142,5473302,58.86,3597,5145629,55.33,0,0,0,0,0,0
2021-05-25,56.99,0,43.01,1822,5475124,58.88,2588,5148217,55.36,0,0,0,0,0,0
2021-05-26,57.03,0,42.97,1415,5476539,58.89,2504,5150721,55.39,0,0,0,0,0,0
2021-05-27,57.06,0,42.94,1866,5478405,58.91,3189,5153910,55.42,0,0,0,0,0,0
2021-05-28,57.07,0,42.93,794,5479199,58.92,1406,5155316,55.44,0,0,0,0,0,0
2021-05-29,57.07,0,42.93,192,5479391,58.92,227,5155543,55.44,0,0,0,0,0,0
2021-05-30,57.1,0,42.9,1645,5481036,58.94,1937,5157480,55.46,0,0,0,0,0,0
2021-05-31,57.13,0,42.87,1740,5482776,58.96,2093,5159573,55.48,0,0,0,0,0,0
2021-06-01,57.47,0,42.53,1386,5484162,58.97,1824,5161397,55.5,0,0,0,0,0,0
2021-06-02,57.25,0,42.75,1514,5485676,58.99,1610,5163007,55.52,0,0,0,0,0,0
2021-06-03,57.27,0,42.73,1686,5487362,59.01,1496,5164503,55.54,0,0,0,0,0,0
2021-06-04,57.28,0,42.72,1102,5488464,59.02,784,5165287,55.54,0,0,0,0,0,0
2021-06-05,57.29,0,42.71,184,5488648,59.02,159,5165446,55.55,0,0,0,0,0,0
2021-06-06,57.31,0,42.69,4293,5492941,59.07,1002,5166448,55.56,0,0,0,0,0,0
2021-06-07,57.34,0,42.66,4440,5497381,59.12,814,5167262,55.57,0,0,0,0,0,0
2021-06-08,57.36,0,42.64,3740,5501121,59.16,1175,5168437,55.58,0,0,0,0,0,0
2021-06-09,57.4,0,42.6,3615,5504736,59.2,1331,5169768,55.59,0,0,0,0,0,0
2021-06-10,57.42,0,42.58,3366,5508102,59.23,1300,5171068,55.61,0,0,0,0,0,0
2021-06-11,57.43,0,42.57,1402,5509504,59.25,590,5171658,55.61,0,0,0,0,0,0
2021-06-12,57.43,0,42.57,223,5509727,59.25,173,5171831,55.62,0,0,0,0,0,0
2021-06-13,57.45,0,42.55,3101,5512828,59.28,1260,5173091,55.63,0,0,0,0,0,0
2021-06-14,57.46,0,42.54,3057,5515885,59.32,1534,5174625,55.65,0,0,0,0,0,0
2021-06-15,57.48,0,42.52,3138,5519023,59.35,1378,5176003,55.66,0,0,0,0,0,0
2021-06-16,57.49,0,42.51,2734,5521757,59.38,1004,5177007,55.67,0,0,0,0,0,0
2021-06-17,57.51,0,42.49,2733,5524490,59.41,1209,5178216,55.68,0,0,0,0,0,0
2021-06-18,57.52,0,42.48,1271,5525761,59.42,506,5178722,55.69,0,0,0,0,0,0
2021-06-19,57.52,0,42.48,242,5526003,59.42,139,5178861,55.69,0,0,0,0,0,0
2021-06-20,57.54,0,42.46,3316,5529319,59.46,1332,5180193,55.71,0,0,0,0,0,0
2021-06-21,57.56,0,42.44,5250,5534569,59.52,1218,5181411,55.72,0,0,0,0,0,0
2021-06-22,57.58,0,42.42,6935,5541504,59.59,1101,5182512,55.73,0,0,0,0,0,0
2021-06-23,57.6,0,42.4,10762,5552266,59.71,1304,5183816,55.74,0,0,0,0,0,0
2021-06-24,57.62,0,42.38,12051,5564317,59.84,1466,5185282,55.76,0,0,0,0,0,0
2021-06-25,57.62,0,42.38,7116,5571433,59.91,945,5186227,55.77,0,0,0,0,0,0
2021-06-26,57.63,0,42.37,2279,5573712,59.94,200,5186427,55.77,0,0,0,0,0,0
2021-06-27,57.65,0,42.35,13634,5587346,60.08,3439,5189866,55.81,0,0,0,0,0,0
2021-06-28,57.68,0,42.32,14518,5601864,60.24,3675,5193541,55.85,0,0,0,0,0,0
2021-06-29,57.69,0,42.31,16711,5618575,60.42,3746,5197287,55.89,0,0,0,0,0,0
2021-06-30,57.72,0,42.28,16487,5635062,60.6,3397,5200684,55.93,0,0,0,0,0,0
2021-07-01,57.78,0,42.22,16840,5651902,60.78,3381,5204065,55.96,121,121,0,0,0,0
2021-07-02,57.79,0,42.21,9836,5661738,60.88,1609,5205674,55.98,7,128,0,0,0,0
2021-07-03,57.79,0,42.21,2680,5664418,60.91,300,5205974,55.98,1,129,0,0,0,0
2021-07-04,57.85,0,42.15,17735,5682153,61.1,3161,5209135,56.02,2,131,0,0,0,0
2021-07-05,57.91,0,42.09,17852,5700005,61.3,3046,5212181,56.05,7,138,0,0,0,0
2021-07-06,57.99,0,42.01,17852,5717857,61.49,3412,5215593,56.09,11,149,0,0,0,0
2021-07-07,58.05,0,41.95,15534,5733391,61.65,2703,5218296,56.12,12,161,0,0,0,0
2021-07-08,58.12,0,41.88,16590,5749981,61.83,2881,5221177,56.15,17,178,0,0,0,0
2021-07-09,58.15,0,41.85,11127,5761108,61.95,1535,5222712,56.16,4,182,0,0,0,0
2021-07-10,58.15,0,41.85,4989,5766097,62.01,391,5223103,56.17,6,188,0,0,0,0
2021-07-11,58.22,0,41.78,1458,5767555,62.02,2848,5225951,56.2,9,197,0,0,0,0
2021-07-12,58.29,0,41.71,2428,5769983,62.05,3697,5229648,56.24,58,255,0,0,0,0
2021-07-13,58.36,0,41.64,2965,5772948,62.08,5460,5235108,56.3,124,379,0,0,0,0
2021-07-14,58.42,0,41.58,2748,5775696,62.11,7537,5242645,56.38,441,820,0.01,0,0,0
2021-07-15,58.5,0,41.5,3011,5778707,62.14,9302,5251947,56.48,374,1194,0.01,0,0,0
2021-07-16,58.54,0,41.46,1297,5780004,62.16,5898,5257845,56.54,66,1260,0.01,0,0,0
2021-07-17,58.55,0,41.44,372,5780376,62.16,1394,5259239,56.56,8,1268,0.01,0,0,0
2021-07-18,58.6,0,41.4,2074,5782450,62.18,9771,5269010,56.66,235,1503,0.02,0,0,0
2021-07-19,58.65,0,41.35,3212,5785662,62.22,11346,5280356,56.78,461,1964,0.02,0,0,0
2021-07-20,58.72,0,41.28,2691,5788353,62.25,11915,5292271,56.91,374,2338,0.03,0,0,0
2021-07-21,58.81,0,41.19,2408,5790761,62.27,11880,5304151,57.04,325,2663,0.03,0,0,0
2021-07-22,58.93,0,41.07,2879,5793640,62.3,13281,5317432,57.18,392,3055,0.03,0,0,0
2021-07-23,58.99,0,41.01,2039,5795679,62.32,8249,5325681,57.27,106,3161,0.03,0,0,0
2021-07-24,58.99,0,41,646,5796325,62.33,1486,5327167,57.29,7,3168,0.03,0,0,0
2021-07-25,59.1,0,40.89,4417,5800742,62.38,15499,5342666,57.45,223,3391,0.04,0,0,0
2021-07-26,59.24,0,40.75,5174,5805916,62.43,13537,5356203,57.6,325,3716,0.04,0,0,0
2021-07-27,59.37,0.01,40.62,5493,5811409,62.49,13579,5369782,57.74,414,4130,0.04,0,0,0
2021-07-28,59.5,0.01,40.49,3991,5815400,62.54,12345,5382127,57.88,472,4602,0.05,0,0,0
2021-07-29,59.65,0.01,40.33,4666,5820066,62.59,14206,5396333,58.03,532,5134,0.06,0,0,0
2021-07-30,59.74,0.02,40.25,2658,5822724,62.61,10859,5407192,58.15,4122,9256,0.1,0,0,0
2021-07-31,59.75,0.02,40.23,1407,5824131,62.63,3554,5410746,58.18,6159,15415,0.17,0,0,0
2021-08-01,59.91,0.02,40.06,3079,5827210,62.66,3367,5414113,58.22,31048,46463,0.5,0,0,0
2021-08-02,60.06,0.03,39.91,3134,5830344,62.7,3176,5417289,58.25,58514,104977,1.13,0,0,0
2021-08-03,60.21,0.03,39.76,3388,5833732,62.73,3332,5420621,58.29,78954,183931,1.98,0,0,0
2021-08-04,60.34,0.03,39.63,3535,5837267,62.77,3256,5423877,58.33,80766,264697,2.85,0,0,0
2021-08-05,60.49,0.04,39.47,4515,5841782,62.82,3572,5427449,58.36,88442,353139,3.8,0,0,0
2021-08-06,60.6,0.04,39.36,2437,5844219,62.85,1864,5429313,58.38,44744,397883,4.28,0,0,0
2021-08-07,60.63,0.04,39.32,1034,5845253,62.86,701,5430014,58.39,27353,425236,4.57,0,0,0
2021-08-08,60.68,0.04,39.28,4991,5850244,62.91,3082,5433096,58.42,80087,505323,5.43,0,0,0
2021-08-09,60.72,0.04,39.24,5341,5855585,62.97,3064,5436160,58.46,76489,581812,6.26,0,0,0
2021-08-10,60.75,0.04,39.2,5554,5861139,63.03,3211,5439371,58.49,75427,657239,7.07,0,0,0
2021-08-11,60.79,0.04,39.17,5696,5866835,63.09,2949,5442320,58.52,62642,719881,7.74,0,0,0
2021-08-12,60.83,0.04,39.12,7039,5873874,63.16,3291,5445611,58.56,59463,779344,8.38,0,0,0
2021-08-13,60.84,0.05,39.11,3821,5877695,63.21,2074,5447685,58.58,43870,823214,8.85,0,0,0
2021-08-14,60.85,0.05,39.1,2255,5879950,63.23,854,5448539,58.59,44486,867700,9.33,0,0,0
2021-08-15,60.89,0.05,39.06,7145,5887095,63.31,4531,5453070,58.64,97985,965685,10.38,0,0,0
2021-08-16,60.92,0.04,39.03,6991,5894086,63.38,4750,5457820,58.69,89522,1055207,11.35,0,0,0
2021-08-17,60.96,0.04,39,7573,5901659,63.46,5138,5462958,58.75,83320,1138527,12.24,0,0,0
2021-08-18,60.99,0.04,38.96,8643,5910302,63.56,4603,5467561,58.8,69269,1207796,12.99,0,0,0
2021-08-19,61.03,0.04,38.92,10082,5920384,63.66,5217,5472778,58.85,65976,1273772,13.7,0,0,0
2021-08-20,61.05,0.05,38.9,4769,5925153,63.72,2828,5475606,58.88,60454,1334226,14.35,0,0,0
2021-08-21,61.06,0.05,38.89,3499,5928652,63.75,1580,5477186,58.9,50726,1384952,14.89,0,0,0
2021-08-22,61.12,0.04,38.84,9823,5938475,63.86,4808,5481994,58.95,105111,1490063,16.02,0,0,0
2021-08-23,61.17,0.04,38.79,10923,5949398,63.98,4448,5486442,59,94035,1584098,17.03,0,0,0
2021-08-24,61.23,0.04,38.73,11721,5961119,64.1,4701,5491143,59.05,98561,1682659,18.09,0,0,0
2021-08-25,61.29,0.04,38.67,9613,5970732,64.21,4484,5495627,59.1,99559,1782218,19.17,0,0,0
2021-08-26,61.36,0.03,38.61,10114,5980846,64.32,5059,5500686,59.15,101234,1883452,20.25,0,0,0
2021-08-27,61.35,0.04,38.61,4325,5985171,64.36,2790,5503476,59.18,56696,1940148,20.86,0,0,0
2021-08-28,61.4,0.04,38.57,3704,5988875,64.4,1500,5504976,59.2,33542,1973690,21.22,0,0,0
2021-08-29,61.46,0.03,38.5,10323,5999198,64.51,5932,5510908,59.26,79550,2053240,22.08,0,0,0
2021-08-30,61.53,0.03,38.44,12333,6011531,64.64,7017,5517925,59.34,116010,2169250,23.33,0,0,0
2021-08-31,61.6,0.03,38.37,12076,6023607,64.77,6529,5524454,59.41,114883,2284133,24.56,0,0,0
2021-09-01,61.43,0.03,38.54,9037,6032644,64.87,6043,5530497,59.47,112495,2396628,25.77,0,0,0
2021-09-02,61.49,0.03,38.48,8784,6041428,64.97,7185,5537682,59.55,111548,2508176,26.97,0,0,0
2021-09-03,61.56,0.03,38.42,3751,6045179,65.01,4118,5541800,59.59,58886,2567062,27.6,0,0,0
2021-09-04,61.59,0.03,38.38,2692,6047871,65.04,2023,5543823,59.62,29954,2597016,27.93,0,0,0
2021-09-05,61.68,0.03,38.29,6991,6054862,65.11,6460,5550283,59.69,73328,2670344,28.72,0,0,0
2021-09-06,61.77,0.03,38.2,2836,6057698,65.14,2718,5553001,59.71,22800,2693144,28.96,0,0,0
2021-09-07,61.85,0.03,38.12,1202,6058900,65.15,880,5553881,59.72,5398,2698542,29.02,0,0,0
2021-09-08,61.93,0.03,38.05,1380,6060280,65.17,1196,5555077,59.74,6621,2705163,29.09,0,0,0
2021-09-09,62.02,0.03,37.95,7092,6067372,65.25,12573,5567650,59.87,73847,2779010,29.88,0,0,0
2021-09-10,62.06,0.03,37.91,3258,6070630,65.28,5016,5572666,59.93,37938,2816948,30.29,0,0,0
2021-09-11,62.08,0.03,37.89,2108,6072738,65.3,2509,5575175,59.95,14817,2831765,30.45,0,0,0
2021-09-12,62.16,0.03,37.81,6105,6078843,65.37,8589,5583764,60.05,54137,2885902,31.03,0,0,0
2021-09-13,62.15,0.03,37.82,5611,6084454,65.43,8264,5592028,60.13,47984,2933886,31.55,0,0,0
2021-09-14,62.2,0.03,37.77,4964,6089418,65.48,7424,5599452,60.21,48855,2982741,32.07,0,0,0
2021-09-15,62.25,0.03,37.72,1751,6091169,65.5,2719,5602171,60.24,16687,2999428,32.25,0,0,0
2021-09-16,62.37,0.03,37.6,343,6091512,65.51,550,5602721,60.25,1740,3001168,32.27,0,0,0
2021-09-17,62.42,0.03,37.54,3684,6095196,65.54,7022,5609743,60.32,42905,3044073,32.73,0,0,0
2021-09-18,62.45,0.03,37.52,2258,6097454,65.57,2946,5612689,60.36,12783,3056856,32.87,0,0,0
2021-09-19,62.55,0.03,37.42,5943,6103397,65.63,10712,5623401,60.47,44331,3101187,33.35,0,0,0
2021-09-20,62.63,0.03,37.34,3246,6106643,65.67,4646,5628047,60.52,16708,3117895,33.53,0,0,0
2021-09-21,62.69,0.03,37.28,1340,6107983,65.68,2068,5630115,60.54,3477,3121372,33.57,0,0,0
2021-09-22,62.72,0.03,37.25,4260,6112243,65.73,7250,5637365,60.62,25072,3146444,33.84,0,0,0
2021-09-23,62.75,0.03,37.22,4391,6116634,65.78,5918,5643283,60.69,27834,3174278,34.13,0,0,0
2021-09-24,62.82,0.03,37.15,3203,6119837,65.81,4185,5647468,60.73,27724,3202002,34.43,0,0,0
2021-09-25,62.85,0.03,37.12,2080,6121917,65.83,2264,5649732,60.75,10443,3212445,34.54,0,0,0
2021-09-26,62.96,0.03,37,5605,6127522,65.89,5973,5655705,60.82,36271,3248716,34.94,0,0,0
2021-09-27,63.02,0.03,36.94,4696,6132218,65.94,4469,5660174,60.87,30457,3279173,35.26,0,0,0
2021-09-28,63.06,0.04,36.91,1473,6133691,65.96,1187,5661361,60.88,6250,3285423,35.33,0,0,0
2021-09-29,63.13,0.03,36.84,9622,6143313,66.06,8349,5669710,60.97,60325,3345748,35.98,0,0,0
2021-09-30,63.18,0.03,36.79,10976,6154289,66.18,8580,5678290,61.06,79704,3425452,36.84,0,0,0
2021-10-01,63.23,0.03,36.73,5128,6159417,66.24,3876,5682166,61.1,46546,3471998,37.34,0,0,0
2021-10-02,63.26,0.03,36.71,2865,6162282,66.27,2128,5684294,61.13,22433,3494431,37.58,0,0,0
2021-10-03,63.35,0.03,36.62,11668,6173950,66.39,7275,5691569,61.2,70726,3565157,38.34,0,0,0
2021-10-04,63.4,0.03,36.57,10321,6184271,66.5,6759,5698328,61.28,51912,3617069,38.9,0,0,0
2021-10-05,63.41,0.03,36.55,8461,6192732,66.59,5314,5703642,61.33,40481,3657550,39.33,0,0,0
2021-10-06,63.52,0.03,36.45,7543,6200275,66.67,4185,5707827,61.38,34150,3691700,39.7,0,0,0
2021-10-07,63.63,0.03,36.34,6895,6207170,66.75,4011,5711838,61.42,34073,3725773,40.07,0,0,0
2021-10-08,63.68,0.03,36.29,3086,6210256,66.78,2644,5714482,61.45,19250,3745023,40.27,0,0,0
2021-10-09,63.71,0.03,36.26,1341,6211597,66.8,1444,5715926,61.47,7441,3752464,40.35,0,0,0
2021-10-10,63.82,0.04,36.14,4677,6216274,66.85,3747,5719673,61.51,21519,3773983,40.58,0,0,0
2021-10-11,63.91,0.04,36.05,4299,6220573,66.89,2946,5722619,61.54,17270,3791253,40.77,0,0,0
2021-10-12,63.99,0.05,35.96,3977,6224550,66.94,3007,5725626,61.57,15357,3806610,40.93,0,0,0
2021-10-13,64.09,0.05,35.86,3487,6228037,66.97,2451,5728077,61.6,13588,3820198,41.08,0,0,0
2021-10-14,64.19,0.06,35.75,3870,6231907,67.01,2686,5730763,61.63,16568,3836766,41.26,0,0,0
2021-10-15,64.23,0.07,35.7,1705,6233612,67.03,1686,5732449,61.64,9011,3845777,41.36,0,0,0
2021-10-16,64.25,0.08,35.67,729,6234341,67.04,958,5733407,61.65,4036,3849813,41.4,0,0,0
2021-10-17,64.36,0.09,35.56,3091,6237432,67.07,2526,5735933,61.68,12798,3862611,41.54,0,0,0
2021-10-18,64.43,0.1,35.47,2459,6239891,67.1,1694,5737627,61.7,10069,3872680,41.64,0,0,0
2021-10-19,64.49,0.1,35.4,2399,6242290,67.13,1284,5738911,61.71,9295,3881975,41.74,0,0,0
2021-10-20,64.14,0.52,35.34,2438,6244728,67.15,2304,5741215,61.74,10104,3892079,41.85,0,0,0
2021-10-21,54.23,10.41,35.36,3033,6247761,67.19,3098,5744313,61.77,12164,3904243,41.98,0,0,0
2021-10-22,54.36,10.26,35.38,1279,6249040,67.2,1439,5745752,61.79,5842,3910085,42.05,0,0,0
2021-10-23,54.42,10.19,35.39,575,6249615,67.21,1266,5747018,61.8,2565,3912650,42.07,0,0,0
2021-10-24,54.22,10.43,35.35,2518,6252133,67.23,2653,5749671,61.83,9855,3922505,42.18,0,0,0
2021-10-25,54.59,10.22,35.19,2640,6254773,67.26,2753,5752424,61.86,8511,3931016,42.27,0,0,0
2021-10-26,54.64,10.26,35.1,2381,6257154,67.29,2058,5754482,61.88,8531,3939547,42.36,0,0,0
2021-10-27,54.58,10.37,35.06,2292,6259446,67.31,2566,5757048,61.91,7959,3947506,42.45,0,0,0
2021-10-28,54.69,10.76,34.55,2508,6261954,67.34,2782,5759830,61.94,8676,3956182,42.54,0,0,0
2021-10-29,54.73,10.75,34.52,904,6262858,67.35,1154,5760984,61.95,4138,3960320,42.59,0,0,0
2021-10-30,54.68,10.81,34.52,366,6263224,67.35,530,5761514,61.96,1712,3962032,42.61,0,0,0
2021-10-31,54.83,10.7,34.47,2262,6265486,67.38,2495,5764009,61.98,8255,3970287,42.69,0,0,0
2021-11-01,54.95,10.63,34.42,1737,6267223,67.39,2094,5766103,62.01,6481,3976768,42.76,0,0,0
2021-11-02,54.89,10.69,34.42,2026,6269249,67.42,2050,5768153,62.03,6296,3983064,42.83,0,0,0
2021-11-03,54.86,10.75,34.39,1764,6271013,67.44,1897,5770050,62.05,5556,3988620,42.89,0,0,0
2021-11-04,54.85,10.81,34.33,2111,6273124,67.46,2802,5772852,62.08,7134,3995754,42.97,0,0,0
2021-11-05,54.85,10.83,34.32,793,6273917,67.47,907,5773759,62.09,3488,3999242,43.01,0,0,0
2021-11-06,54.82,10.86,34.32,347,6274264,67.47,389,5774148,62.09,1375,4000617,43.02,0,0,0
2021-11-07,54.92,10.8,34.28,1578,6275842,67.49,1770,5775918,62.11,6133,4006750,43.09,0,0,0
2021-11-08,55.01,10.75,34.24,1521,6277363,67.5,1603,5777521,62.13,5406,4012156,43.14,0,0,0
2021-11-09,55.05,10.74,34.21,1429,6278792,67.52,1612,5779133,62.15,5332,4017488,43.2,0,0,0
2021-11-10,55.08,10.73,34.19,1424,6280216,67.53,1662,5780795,62.16,4779,4022267,43.25,0,0,0
2021-11-11,55.15,10.69,34.15,1628,6281844,67.55,1948,5782743,62.18,5719,4027986,43.31,0,0,0
2021-11-12,55.17,10.69,34.14,637,6282481,67.56,826,5783569,62.19,2926,4030912,43.35,0,0,0
2021-11-13,55.14,10.72,34.14,259,6282740,67.56,291,5783860,62.2,1130,4032042,43.36,0,0,0
2021-11-14,55.21,10.68,34.11,1536,6284276,67.58,1639,5785499,62.21,5111,4037153,43.41,0,0,0
2021-11-15,55.28,10.63,34.09,1275,6285551,67.59,1628,5787127,62.23,4770,4041923,43.46,0,0,0
2021-11-16,55.32,10.62,34.07,1275,6286826,67.61,1419,5788546,62.25,4349,4046272,43.51,0,0,0
2021-11-17,55.35,10.6,34.05,1208,6288034,67.62,1567,5790113,62.26,3915,4050187,43.55,0,0,0
2021-11-18,55.41,10.58,34.02,1364,6289398,67.63,1693,5791806,62.28,5014,4055201,43.61,0,0,0
2021-11-19,55.42,10.57,34.01,589,6289987,67.64,765,5792571,62.29,2460,4057661,43.63,0,0,0
2021-11-20,55.41,10.58,34,238,6290225,67.64,258,5792829,62.29,930,4058591,43.64,0,0,0
2021-11-21,55.47,10.54,33.98,1409,6291634,67.66,1542,5794371,62.31,4881,4063472,43.7,0,0,0
2021-11-22,55.54,10.5,33.96,1681,6293315,67.68,1523,5795894,62.33,4238,4067710,43.74,0,0,0
2021-11-23,55.57,10.48,33.95,8616,6301931,67.77,1688,5797582,62.34,4012,4071722,43.79,0,0,0
2021-11-24,55.6,10.44,33.95,9348,6311279,67.87,1319,5798901,62.36,3925,4075647,43.83,0,0,0
2021-11-25,55.64,10.43,33.93,9808,6321087,67.97,1600,5800501,62.38,4841,4080488,43.88,0,0,0
2021-11-26,55.63,10.45,33.92,5610,6326697,68.03,753,5801254,62.38,2807,4083295,43.91,0,0,0
2021-11-27,55.62,10.46,33.92,4776,6331473,68.09,324,5801578,62.39,1164,4084459,43.92,0,0,0
2021-11-28,55.67,10.43,33.9,10147,6341620,68.19,1481,5803059,62.4,4907,4089366,43.97,0,0,0
2021-11-29,55.73,10.39,33.88,9043,6350663,68.29,1135,5804194,62.42,4377,4093743,44.02,0,0,0
2021-11-30,55.77,10.37,33.86,10043,6360706,68.4,1039,5805233,62.43,4085,4097828,44.07,0,0,0
2021-12-01,55.79,10.36,33.84,8629,6369335,68.49,1098,5806331,62.44,4445,4102273,44.11,5,5,0
2021-12-02,55.84,10.34,33.82,9173,6378508,68.59,1457,5807788,62.45,5126,4107399,44.17,6,11,0
2021-12-03,55.86,10.33,33.81,6329,6384837,68.66,673,5808461,62.46,2868,4110267,44.2,1,12,0
2021-12-04,55.85,10.34,33.81,2509,6387346,68.69,239,5808700,62.46,926,4111193,44.21,3,15,0
2021-12-05,55.9,10.31,33.79,8334,6395680,68.78,1254,5809954,62.48,4683,4115876,44.26,1,16,0
2021-12-06,55.95,10.27,33.78,6720,6402400,68.85,1200,5811154,62.49,4351,4120227,44.31,4,20,0
2021-12-07,55.99,10.25,33.76,5553,6407953,68.91,1506,5812660,62.51,3966,4124193,44.35,9,29,0
2021-12-08,56.03,10.22,33.75,4934,6412887,68.96,1201,5813861,62.52,3885,4128078,44.39,10,39,0
2021-12-09,56.08,10.19,33.73,6239,6419126,69.03,1241,5815102,62.53,4508,4132586,44.44,8,47,0
2021-12-10,56.1,10.18,33.72,3006,6422132,69.06,704,5815806,62.54,2687,4135273,44.47,4,51,0
2021-12-11,56.1,10.18,33.71,1491,6423623,69.08,255,5816061,62.54,1022,4136295,44.48,0,51,0
2021-12-12,56.16,10.15,33.69,7273,6430896,69.15,1444,5817505,62.56,5249,4141544,44.54,3,54,0
2021-12-13,56.21,10.11,33.67,6180,6437076,69.22,1377,5818882,62.57,4351,4145895,44.58,5,59,0
2021-12-14,56.27,10.09,33.65,7316,6444392,69.3,6098,5824980,62.64,4941,4150836,44.64,12,71,0
2021-12-15,56.34,10.06,33.6,7204,6451596,69.38,7404,5832384,62.72,5446,4156282,44.69,7,78,0
2021-12-16,56.53,10.05,33.42,8080,6459676,69.46,8610,5840994,62.81,6565,4162847,44.77,8,86,0
2021-12-17,56.64,10.05,33.3,4406,6464082,69.51,5141,5846135,62.87,3955,4166802,44.81,3,89,0
2021-12-18,56.73,10.07,33.2,3942,6468024,69.55,2913,5849048,62.9,1361,4168163,44.82,2,91,0
2021-12-19,56.92,10.04,33.04,6978,6475002,69.63,9328,5858376,63,6276,4174439,44.89,6,97,0
2021-12-20,57.07,10.02,32.91,7971,6482973,69.71,7520,5865896,63.08,5447,4179886,44.95,9,106,0
2021-12-21,57.27,10.01,32.71,9548,6492521,69.82,8647,5874543,63.17,6492,4186378,45.02,8,114,0
2021-12-22,57.49,10,32.52,9663,6502184,69.92,8152,5882695,63.26,6258,4192636,45.09,12,126,0
2021-12-23,57.7,9.97,32.33,11539,6513723,70.05,10262,5892957,63.37,8160,4200796,45.17,16,142,0
2021-12-24,57.83,9.96,32.21,5875,6519598,70.11,6241,5899198,63.44,5281,4206077,45.23,12,154,0
2021-12-25,57.9,9.96,32.15,3338,6522936,70.14,2566,5901764,63.46,2022,4208099,45.25,6,160,0
2021-12-26,58.1,9.92,31.98,10652,6533588,70.26,8909,5910673,63.56,8202,4216301,45.34,8,168,0
2021-12-27,58.27,9.9,31.83,10370,6543958,70.37,7142,5917815,63.64,8188,4224489,45.43,24,192,0
2021-12-28,58.46,9.88,31.66,11375,6555333,70.49,7451,5925266,63.72,9643,4234132,45.53,29,221,0
2021-12-29,58.64,9.85,31.51,9933,6565266,70.6,5964,5931230,63.78,8376,4242508,45.62,21,242,0
2021-12-30,58.84,9.82,31.34,11012,6576278,70.72,7735,5938965,63.86,12240,4254748,45.75,10,252,0
2021-12-31,58.9,9.79,31.3,4829,6581107,70.77,3672,5942637,63.9,7296,4262044,45.83,135,387,0
2022-01-01,58.93,9.79,31.28,1993,6583100,70.79,1592,5944229,63.92,2741,4264785,45.86,66,453,0
2022-01-02,59.14,9.76,31.1,10216,6593316,70.9,6487,5950716,63.99,13002,4277787,46,590,1043,0.01
2022-01-03,59.29,9.71,31,9384,6602700,71,5259,5955975,64.05,11342,4289129,46.12,25055,26098,0.28
2022-01-04,59.46,9.68,30.86,8963,6611663,71.1,5947,5961922,64.11,10525,4299654,46.24,50664,76762,0.83
2022-01-05,59.56,9.65,30.79,8553,6620216,71.19,5740,5967662,64.17,10492,4310146,46.35,59594,136356,1.47
2022-01-06,59.81,9.63,30.56,10339,6630555,71.3,7958,5975620,64.26,13532,4323678,46.49,64006,200362,2.15
2022-01-07,59.89,9.61,30.49,4759,6635314,71.35,4557,5980177,64.31,8167,4331845,46.58,31135,231497,2.49
2022-01-08,59.9,9.64,30.46,2749,6638063,71.38,2451,5982628,64.33,5502,4337347,46.64,27633,259130,2.79
2022-01-09,60.06,9.59,30.35,9305,6647368,71.48,7724,5990352,64.42,11871,4349218,46.77,66771,325901,3.5
2022-01-10,60.21,9.54,30.25,8347,6655715,71.57,7646,5997998,64.5,11885,4361103,46.9,64782,390683,4.2
2022-01-11,60.38,9.49,30.13,8097,6663812,71.66,8622,6006620,64.59,11974,4373077,47.03,56661,447344,4.81
2022-01-12,60.51,9.45,30.04,7275,6671087,71.74,8305,6014925,64.68,11114,4384191,47.15,44633,491977,5.29
2022-01-13,60.7,9.35,29.94,7509,6678596,71.82,9616,6024541,64.78,11549,4395740,47.27,34769,526746,5.66
2022-01-14,60.79,9.31,29.9,2555,6681151,71.85,4935,6029476,64.84,6146,4401886,47.34,11145,537891,5.78
2022-01-15,60.83,9.29,29.87,1469,6682620,71.86,3170,6032646,64.87,3885,4405771,47.38,5716,543607,5.85
2022-01-16,60.97,9.2,29.82,3817,6686437,71.9,8524,6041170,64.96,7682,4413453,47.46,19993,563600,6.06
2022-01-17,61.09,9.13,29.78,2808,6689245,71.93,7047,6048217,65.04,6173,4419626,47.53,17835,581435,6.25
2022-01-18,61.23,9.07,29.7,2475,6691720,71.96,7386,6055603,65.12,5535,4425161,47.59,14819,596254,6.41
2022-01-19,61.37,8.98,29.65,1915,6693635,71.98,6368,6061971,65.19,4523,4429684,47.63,8462,604716,6.5
2022-01-20,61.44,8.85,29.71,1777,6695412,72,6971,6068942,65.26,4792,4434476,47.69,8042,612758,6.59
2022-01-21,61.51,8.81,29.68,905,6696317,72.01,3725,6072667,65.3,2646,4437122,47.71,3358,616116,6.63
2022-01-22,61.51,8.75,29.74,327,6696644,72.01,1462,6074129,65.32,1068,4438190,47.73,1114,617230,6.64
2022-01-23,61.61,8.7,29.69,1068,6697712,72.02,5632,6079761,65.38,2879,4441069,47.76,6083,623313,6.7
2022-01-24,61.73,8.62,29.65,759,6698471,72.03,4481,6084242,65.43,2271,4443340,47.78,5057,628370,6.76
2022-01-25,61.9,8.51,29.59,744,6699215,72.04,4401,6088643,65.47,2187,4445527,47.8,7102,635472,6.83
2022-01-26,62.02,8.42,29.57,615,6699830,72.05,3286,6091929,65.51,1612,4447139,47.82,4263,639735,6.88
2022-01-27,62.12,8.35,29.52,797,6700627,72.06,4405,6096334,65.56,2006,4449145,47.84,5441,645176,6.94
2022-01-28,62.16,8.33,29.5,397,6701024,72.06,2376,6098710,65.58,1182,4450327,47.86,3452,648628,6.98
2022-01-29,62.23,8.29,29.48,124,6701148,72.06,1046,6099756,65.59,425,4450752,47.86,1162,649790,6.99
2022-01-30,62.3,8.24,29.46,769,6701917,72.07,4719,6104475,65.64,2020,4452772,47.88,8099,657889,7.07
2022-01-31,62.39,8.17,29.43,528,6702445,72.07,3183,6107658,65.68,1610,4454382,47.9,6472,664361,7.14
2022-02-01,62.45,8.15,29.4,482,6702927,72.08,2809,6110467,65.71,1526,4455908,47.92,5722,670083,7.21
2022-02-02,62.28,8.13,29.59,375,6703302,72.08,2394,6112861,65.73,1386,4457294,47.93,5073,675156,7.26
2022-02-03,62.34,8.08,29.57,446,6703748,72.09,2776,6115637,65.76,1462,4458756,47.95,5607,680763,7.32
2022-02-04,62.37,8.06,29.57,174,6703922,72.09,991,6116628,65.78,758,4459514,47.96,2455,683218,7.35
2022-02-05,62.34,8.09,29.56,62,6703984,72.09,342,6116970,65.78,221,4459735,47.96,420,683638,7.35
2022-02-06,62.41,8.05,29.55,407,6704391,72.1,2321,6119291,65.8,1344,4461079,47.97,5687,689325,7.41
2022-02-07,62.47,8.01,29.52,283,6704674,72.1,1308,6120599,65.82,984,4462063,47.98,5961,695286,7.48
2022-02-08,62.54,7.97,29.49,317,6704991,72.1,1498,6122097,65.83,1068,4463131,47.99,6138,701424,7.54
2022-02-09,62.6,7.95,29.45,254,6705245,72.1,1102,6123199,65.85,946,4464077,48,4570,705994,7.59
2022-02-10,62.63,7.93,29.44,273,6705518,72.11,1292,6124491,65.86,936,4465013,48.01,4816,710810,7.64
2022-02-11,62.67,7.91,29.42,212,6705730,72.11,557,6125048,65.87,519,4465532,48.02,2540,713350,7.67
2022-02-12,62.67,7.91,29.41,32,6705762,72.11,91,6125139,65.87,137,4465669,48.02,269,713619,7.67
2022-02-13,62.73,7.87,29.39,286,6706048,72.11,946,6126085,65.88,967,4466636,48.03,4998,718617,7.73
2022-02-14,62.89,7.74,29.36,179,6706227,72.12,628,6126713,65.88,761,4467397,48.04,3143,721760,7.76
2022-02-15,62.92,7.73,29.35,266,6706493,72.12,763,6127476,65.89,938,4468335,48.05,3819,725579,7.8
2022-02-16,62.95,7.72,29.34,179,6706672,72.12,577,6128053,65.9,803,4469138,48.06,2488,728067,7.83
2022-02-17,62.96,7.7,29.34,247,6706919,72.12,740,6128793,65.91,775,4469913,48.07,3061,731128,7.86
2022-02-18,62.98,7.69,29.33,130,6707049,72.12,343,6129136,65.91,441,4470354,48.07,1119,732247,7.87
2022-02-19,62.99,7.69,29.32,33,6707082,72.12,84,6129220,65.91,82,4470436,48.07,80,732327,7.88
2022-02-20,63.01,7.67,29.32,204,6707286,72.13,604,6129824,65.92,723,4471159,48.08,2574,734901,7.9
2022-02-21,63.04,7.65,29.31,173,6707459,72.13,413,6130237,65.92,490,4471649,48.09,1542,736443,7.92
2022-02-22,63.05,7.65,29.3,158,6707617,72.13,455,6130692,65.93,570,4472219,48.09,1871,738314,7.94
2022-02-23,63.06,7.65,29.29,109,6707726,72.13,353,6131045,65.93,453,4472672,48.1,1153,739467,7.95
2022-02-24,63.05,7.66,29.29,138,6707864,72.13,463,6131508,65.94,568,4473240,48.1,1493,740960,7.97
2022-02-25,63.06,7.66,29.28,59,6707923,72.13,144,6131652,65.94,193,4473433,48.11,456,741416,7.97
2022-02-26,63.05,7.67,29.28,17,6707940,72.13,28,6131680,65.94,161,4473594,48.11,35,741451,7.97
2022-02-27,63.05,7.67,29.28,112,6708052,72.14,341,6132021,65.94,448,4474042,48.11,1119,742570,7.99
2022-02-28,63.07,7.65,29.28,108,6708160,72.14,271,6132292,65.94,426,4474468,48.12,908,743478,8
2022-03-01,63.1,7.63,29.27,97,6708257,72.14,280,6132572,65.95,373,4474841,48.12,797,744275,8
2022-03-02,63.11,7.62,29.27,77,6708334,72.14,199,6132771,65.95,324,4475165,48.12,698,744973,8.01
2022-03-03,63.05,7.67,29.27,157,6708491,72.14,371,6133142,65.95,499,4475664,48.13,987,745960,8.02
2022-03-04,63.05,7.68,29.27,54,6708545,72.14,170,6133312,65.95,170,4475834,48.13,228,746188,8.02
2022-03-05,63.04,7.69,29.27,5,6708550,72.14,25,6133337,65.95,44,4475878,48.13,32,746220,8.02
2022-03-06,63.04,7.69,29.27,98,6708648,72.14,259,6133596,65.96,417,4476295,48.14,760,746980,8.03
2022-03-07,63.05,7.69,29.26,86,6708734,72.14,260,6133856,65.96,354,4476649,48.14,605,747585,8.04
2022-03-08,63.04,7.7,29.26,100,6708834,72.14,263,6134119,65.96,333,4476982,48.14,550,748135,8.05
2022-03-09,63.02,7.72,29.25,89,6708923,72.14,213,6134332,65.97,337,4477319,48.15,492,748627,8.05
2022-03-10,63.01,7.74,29.25,115,6709038,72.15,375,6134707,65.97,428,4477747,48.15,620,749247,8.06
2022-03-11,63,7.75,29.25,24,6709062,72.15,85,6134792,65.97,123,4477870,48.15,144,749391,8.06
2022-03-12,62.98,7.77,29.24,11,6709073,72.15,12,6134804,65.97,34,4477904,48.15,28,749419,8.06
2022-03-13,62.98,7.78,29.24,100,6709173,72.15,271,6135075,65.97,359,4478263,48.16,595,750014,8.07
2022-03-14,62.98,7.78,29.24,66,6709239,72.15,253,6135328,65.98,316,4478579,48.16,559,750573,8.07
2022-03-15,62.95,7.81,29.24,80,6709319,72.15,185,6135513,65.98,293,4478872,48.16,591,751164,8.08
2022-03-16,62.94,7.82,29.24,77,6709396,72.15,205,6135718,65.98,305,4479177,48.17,668,751832,8.08
2022-03-17,62.94,7.82,29.24,65,6709461,72.15,122,6135840,65.98,286,4479463,48.17,613,752445,8.09
2022-03-18,62.94,7.82,29.24,20,6709481,72.15,54,6135894,65.98,100,4479563,48.17,234,752679,8.09
2022-03-19,62.89,7.88,29.23,6,6709487,72.15,11,6135905,65.98,29,4479592,48.17,39,752718,8.09
2022-03-20,62.87,7.89,29.23,119,6709606,72.15,260,6136165,65.99,486,4480078,48.18,1431,754149,8.11
2022-03-21,62.87,7.9,29.23,97,6709703,72.15,249,6136414,65.99,379,4480457,48.18,1132,755281,8.12
2022-03-22,62.84,7.94,29.23,141,6709844,72.15,342,6136756,65.99,508,4480965,48.19,1770,757051,8.14
2022-03-23,62.81,7.97,29.22,108,6709952,72.16,212,6136968,65.99,463,4481428,48.19,1677,758728,8.16
2022-03-24,62.78,8,29.22,175,6710127,72.16,345,6137313,66,769,4482197,48.2,2363,761091,8.18
2022-03-25,62.78,8,29.23,39,6710166,72.16,83,6137396,66,159,4482356,48.2,630,761721,8.19
2022-03-26,62.77,8,29.22,12,6710178,72.16,13,6137409,66,34,4482390,48.2,91,761812,8.19
2022-03-27,62.75,8.02,29.22,167,6710345,72.16,344,6137753,66,760,4483150,48.21,3193,765005,8.23
2022-03-28,62.75,8.03,29.22,113,6710458,72.16,271,6138024,66.01,623,4483773,48.22,2416,767421,8.25
2022-03-29,62.7,8.07,29.22,125,6710583,72.16,258,6138282,66.01,641,4484414,48.22,2772,770193,8.28
2022-03-30,62.81,8.11,29.07,132,6710715,72.16,208,6138490,66.01,542,4484956,48.23,2370,772563,8.31
2022-03-31,62.79,8.11,29.1,166,6710881,72.17,302,6138792,66.01,732,4485688,48.24,2853,775416,8.34
2022-04-01,62.72,8.13,29.15,122,6711003,72.17,161,6138953,66.02,277,4485965,48.24,589,776005,8.34
2022-04-02,62.69,8.15,29.16,7,6711010,72.17,7,6138960,66.02,37,4486002,48.24,52,776057,8.35
2022-04-03,62.65,8.16,29.19,159,6711169,72.17,270,6139230,66.02,569,4486571,48.25,2478,778535,8.37
2022-04-04,62.62,8.16,29.22,103,6711272,72.17,208,6139438,66.02,485,4487056,48.25,2225,780760,8.4
2022-04-05,62.57,8.19,29.25,123,6711395,72.17,221,6139659,66.02,513,4487569,48.26,2243,783003,8.42
2022-04-06,62.55,8.2,29.25,91,6711486,72.17,157,6139816,66.02,382,4487951,48.26,2023,785026,8.44
2022-04-07,62.56,8.2,29.24,191,6711677,72.17,215,6140031,66.03,641,4488592,48.27,2556,787582,8.47
2022-04-08,62.54,8.22,29.23,30,6711707,72.17,61,6140092,66.03,154,4488746,48.27,482,788064,8.47
2022-04-09,62.52,8.25,29.23,6,6711713,72.17,17,6140109,66.03,28,4488774,48.27,47,788111,8.48
2022-04-10,62.51,8.26,29.23,103,6711816,72.18,265,6140374,66.03,429,4489203,48.27,1845,789956,8.49
2022-04-11,62.54,8.26,29.2,78,6711894,72.18,201,6140575,66.03,371,4489574,48.28,1425,791381,8.51
2022-04-12,62.58,8.29,29.12,204,6712098,72.18,168,6140743,66.03,376,4489950,48.28,1361,792742,8.52
2022-04-13,62.58,8.31,29.1,117,6712215,72.18,150,6140893,66.04,298,4490248,48.29,1218,793960,8.54
2022-04-14,62.57,8.33,29.1,85,6712300,72.18,222,6141115,66.04,321,4490569,48.29,1069,795029,8.55
2022-04-15,62.55,8.35,29.1,10,6712310,72.18,51,6141166,66.04,48,4490617,48.29,82,795111,8.55
2022-04-16,62.53,8.37,29.1,3,6712313,72.18,8,6141174,66.04,21,4490638,48.29,29,795140,8.55
2022-04-17,62.52,8.38,29.1,62,6712375,72.18,131,6141305,66.04,229,4490867,48.29,807,795947,8.56
2022-04-18,62.51,8.38,29.1,68,6712443,72.18,109,6141414,66.04,253,4491120,48.3,750,796697,8.57
2022-04-19,62.5,8.4,29.1,62,6712505,72.18,145,6141559,66.04,273,4491393,48.3,842,797539,8.58
2022-04-20,62.48,8.42,29.1,60,6712565,72.18,117,6141676,66.04,235,4491628,48.3,656,798195,8.58
2022-04-21,62.47,8.43,29.1,53,6712618,72.18,109,6141785,66.05,197,4491825,48.3,479,798674,8.59
2022-04-22,62.45,8.44,29.11,3,6712621,72.18,17,6141802,66.05,19,4491844,48.3,20,798694,8.59
2022-04-23,62.43,8.46,29.11,6,6712627,72.18,9,6141811,66.05,17,4491861,48.3,13,798707,8.59
2022-04-24,62.43,8.47,29.1,92,6712719,72.19,250,6142061,66.05,329,4492190,48.31,872,799579,8.6
2022-04-25,62.43,8.47,29.1,104,6712823,72.19,191,6142252,66.05,316,4492506,48.31,739,800318,8.61
2022-04-26,62.42,8.48,29.1,76,6712899,72.19,175,6142427,66.05,304,4492810,48.31,789,801107,8.61
2022-04-27,62.41,8.49,29.1,54,6712953,72.19,160,6142587,66.05,227,4493037,48.32,640,801747,8.62
2022-04-28,62.41,8.5,29.1,97,6713050,72.19,232,6142819,66.06,329,4493366,48.32,872,802619,8.63
2022-04-29,62.39,8.51,29.1,112,6713162,72.19,159,6142978,66.06,184,4493550,48.32,196,802815,8.63
2022-04-30,62.38,8.52,29.1,1,6713163,72.19,3,6142981,66.06,24,4493574,48.32,22,802837,8.63
2022-05-01,62.38,8.53,29.09,135,6713298,72.19,185,6143166,66.06,317,4493891,48.33,630,803467,8.64
2022-05-02,62.37,8.54,29.09,62,6713360,72.19,155,6143321,66.06,235,4494126,48.33,491,803958,8.65
2022-05-03,62.36,8.55,29.09,73,6713433,72.19,151,6143472,66.06,288,4494414,48.33,508,804466,8.65
2022-05-04,62.35,8.57,29.08,23,6713456,72.19,56,6143528,66.06,63,4494477,48.33,129,804595,8.65
2022-05-05,62.34,8.58,29.08,5,6713461,72.19,1,6143529,66.06,8,4494485,48.33,14,804609,8.65
2022-05-06,62.33,8.59,29.08,20,6713481,72.19,59,6143588,66.07,63,4494548,48.33,154,804763,8.65
2022-05-07,62.32,8.6,29.08,1,6713482,72.19,7,6143595,66.07,27,4494575,48.33,24,804787,8.65
2022-05-08,62.31,8.61,29.08,118,6713600,72.19,207,6143802,66.07,270,4494845,48.34,457,805244,8.66
2022-05-09,62.31,8.61,29.08,59,6713659,72.2,162,6143964,66.07,252,4495097,48.34,505,805749,8.66
2022-05-10,62.3,8.62,29.08,131,6713790,72.2,169,6144133,66.07,261,4495358,48.34,508,806257,8.67
2022-05-11,62.3,8.63,29.08,58,6713848,72.2,118,6144251,66.07,183,4495541,48.34,464,806721,8.68
2022-05-12,62.29,8.64,29.07,119,6713967,72.2,200,6144451,66.07,282,4495823,48.35,667,807388,8.68
2022-05-13,62.28,8.65,29.07,11,6713978,72.2,44,6144495,66.07,71,4495894,48.35,110,807498,8.68
2022-05-14,62.26,8.66,29.07,6,6713984,72.2,13,6144508,66.07,14,4495908,48.35,24,807522,8.68
2022-05-15,62.26,8.67,29.07,90,6714074,72.2,175,6144683,66.08,246,4496154,48.35,665,808187,8.69
2022-05-16,62.19,8.65,29.16,68,6714142,72.2,141,6144824,66.08,230,4496384,48.35,510,808697,8.7
2022-05-17,62.18,8.66,29.16,73,6714215,72.2,153,6144977,66.08,267,4496651,48.35,618,809315,8.7
2022-05-18,62.17,8.67,29.16,43,6714258,72.2,99,6145076,66.08,169,4496820,48.36,447,809762,8.71
2022-05-19,62.16,8.68,29.16,62,6714320,72.2,173,6145249,66.08,213,4497033,48.36,499,810261,8.71
2022-05-20,62.15,8.69,29.16,76,6714396,72.2,114,6145363,66.08,130,4497163,48.36,138,810399,8.71
2022-05-21,62.14,8.7,29.16,4,6714400,72.2,7,6145370,66.08,15,4497178,48.36,18,810417,8.71
2022-05-22,62.14,8.71,29.16,85,6714485,72.2,190,6145560,66.09,216,4497394,48.36,427,810844,8.72
2022-05-23,62.14,8.71,29.16,66,6714551,72.2,120,6145680,66.09,157,4497551,48.36,348,811192,8.72
2022-05-24,62.13,8.71,29.15,43,6714594,72.21,119,6145799,66.09,157,4497708,48.37,394,811586,8.73
2022-05-25,62.12,8.72,29.15,61,6714655,72.21,103,6145902,66.09,168,4497876,48.37,337,811923,8.73
2022-05-26,62.11,8.73,29.16,72,6714727,72.21,136,6146038,66.09,186,4498062,48.37,347,812270,8.73
2022-05-27,62.1,8.74,29.16,12,6714739,72.21,29,6146067,66.09,43,4498105,48.37,59,812329,8.74
2022-05-28,62.09,8.75,29.16,2,6714741,72.21,5,6146072,66.09,8,4498113,48.37,12,812341,8.74
2022-05-29,62.09,8.75,29.16,89,6714830,72.21,153,6146225,66.09,163,4498276,48.37,316,812657,8.74
2022-05-30,62.09,8.76,29.16,56,6714886,72.21,134,6146359,66.09,126,4498402,48.37,291,812948,8.74
2022-05-31,62.07,8.78,29.15,45,6714931,72.21,104,6146463,66.1,153,4498555,48.38,351,813299,8.75
2022-06-01,61.95,8.9,29.16,65,6714996,72.21,90,6146553,66.1,119,4498674,48.38,277,813576,8.75
2022-06-02,45.96,24.88,29.15,77,6715073,72.21,156,6146709,66.1,178,4498852,48.38,255,813831,8.75
2022-06-03,45.9,24.95,29.16,10,6715083,72.21,23,6146732,66.1,21,4498873,48.38,33,813864,8.75
2022-06-04,45.84,25,29.16,0,6715083,72.21,7,6146739,66.1,8,4498881,48.38,5,813869,8.75
2022-06-05,45.8,25.05,29.16,11,6715094,72.21,14,6146753,66.1,7,4498888,48.38,2,813871,8.75
2022-06-06,39.96,30.89,29.16,58,6715152,72.21,145,6146898,66.1,161,4499049,48.38,262,814133,8.75
2022-06-07,39.92,30.93,29.15,54,6715206,72.21,134,6147032,66.1,142,4499191,48.38,379,814512,8.76
2022-06-08,39.89,30.96,29.15,59,6715265,72.21,104,6147136,66.1,131,4499322,48.38,497,815009,8.76
2022-06-09,39.86,30.99,29.15,84,6715349,72.21,208,6147344,66.11,234,4499556,48.39,642,815651,8.77
2022-06-10,39.83,31.02,29.15,15,6715364,72.21,51,6147395,66.11,60,4499616,48.39,142,815793,8.77
2022-06-11,39.8,31.05,29.15,0,6715364,72.21,3,6147398,66.11,7,4499623,48.39,19,815812,8.77
2022-06-12,39.8,31.05,29.15,109,6715473,72.21,200,6147598,66.11,192,4499815,48.39,768,816580,8.78
2022-06-13,39.81,31.04,29.15,84,6715557,72.22,142,6147740,66.11,168,4499983,48.39,626,817206,8.79
2022-06-14,39.79,31.06,29.15,116,6715673,72.22,174,6147914,66.11,208,4500191,48.39,759,817965,8.8
2022-06-15,39.78,31.08,29.15,71,6715744,72.22,141,6148055,66.11,207,4500398,48.4,700,818665,8.8
2022-06-16,39.74,31.11,29.14,94,6715838,72.22,136,6148191,66.11,218,4500616,48.4,742,819407,8.81
2022-06-17,39.72,31.14,29.15,16,6715854,72.22,63,6148254,66.12,53,4500669,48.4,125,819532,8.81
2022-06-18,39.68,31.17,29.14,3,6715857,72.22,4,6148258,66.12,11,4500680,48.4,15,819547,8.81
2022-06-19,39.53,31.33,29.15,115,6715972,72.22,208,6148466,66.12,318,4500998,48.4,877,820424,8.82
2022-06-20,33.92,36.85,29.23,99,6716071,72.22,152,6148618,66.12,307,4501305,48.4,922,821346,8.83
2022-06-21,33.58,37.19,29.23,94,6716165,72.22,154,6148772,66.12,375,4501680,48.41,1229,822575,8.85
2022-06-22,33.28,37.49,29.23,110,6716275,72.22,136,6148908,66.12,339,4502019,48.41,894,823469,8.86
2022-06-23,32.84,37.92,29.23,132,6716407,72.22,217,6149125,66.12,525,4502544,48.42,1146,824615,8.87
2022-06-24,32.43,38.34,29.24,19,6716426,72.23,35,6149160,66.13,110,4502654,48.42,208,824823,8.87
2022-06-25,32.04,38.72,29.24,1,6716427,72.23,3,6149163,66.13,13,4502667,48.42,16,824839,8.87
2022-06-26,31.63,39.13,29.24,107,6716534,72.23,158,6149321,66.13,379,4503046,48.42,933,825772,8.88
2022-06-27,31.29,39.47,29.24,86,6716620,72.23,172,6149493,66.13,392,4503438,48.43,1028,826800,8.89
2022-06-28,30.86,39.91,29.24,85,6716705,72.23,151,6149644,66.13,363,4503801,48.43,932,827732,8.9
2022-06-29,30.48,40.28,29.24,76,6716781,72.23,108,6149752,66.13,265,4504066,48.43,816,828548,8.91
2022-06-30,30.05,40.71,29.24,86,6716867,72.23,165,6149917,66.13,355,4504421,48.44,1062,829610,8.92
2022-07-01,29.62,41.14,29.24,22,6716889,72.23,28,6149945,66.13,55,4504476,48.44,80,829690,8.92
2022-07-02,29.2,41.56,29.24,1,6716890,72.23,2,6149947,66.13,8,4504484,48.44,18,829708,8.92
2022-07-03,28.81,41.95,29.24,100,6716990,72.23,178,6150125,66.14,322,4504806,48.44,636,830344,8.93
2022-07-04,28.5,42.26,29.24,76,6717066,72.23,140,6150265,66.14,278,4505084,48.45,749,831093,8.94
2022-07-05,28.06,42.7,29.24,59,6717125,72.23,142,6150407,66.14,302,4505386,48.45,688,831781,8.94
2022-07-06,27.39,43.37,29.24,78,6717203,72.23,124,6150531,66.14,211,4505597,48.45,646,832427,8.95
2022-07-07,26.48,44.28,29.24,82,6717285,72.23,165,6150696,66.14,267,4505864,48.45,721,833148,8.96
2022-07-08,25.47,45.29,29.24,17,6717302,72.23,33,6150729,66.14,69,4505933,48.45,131,833279,8.96
2022-07-09,24.42,46.34,29.24,0,6717302,72.23,1,6150730,66.14,3,4505936,48.45,3,833282,8.96
2022-07-10,23.77,46.99,29.24,90,6717392,72.24,164,6150894,66.14,229,4506165,48.46,470,833752,8.97
2022-07-11,23.22,47.54,29.24,64,6717456,72.24,142,6151036,66.15,248,4506413,48.46,575,834327,8.97
2022-07-12,22.13,48.63,29.24,69,6717525,72.24,129,6151165,66.15,207,4506620,48.46,558,834885,8.98
2022-07-13,21.1,49.66,29.24,43,6717568,72.24,101,6151266,66.15,165,4506785,48.46,488,835373,8.98
2022-07-14,20.12,50.63,29.24,70,6717638,72.24,147,6151413,66.15,208,4506993,48.47,513,835886,8.99
2022-07-15,19.27,51.48,29.25,64,6717702,72.24,88,6151501,66.15,127,4507120,48.47,168,836054,8.99
2022-07-16,18.29,52.46,29.25,0,6717702,72.24,6,6151507,66.15,7,4507127,48.47,8,836062,8.99
2022-07-17,17.83,52.92,29.25,77,6717779,72.24,183,6151690,66.15,241,4507368,48.47,468,836530,9
2022-07-18,17.48,53.26,29.26,62,6717841,72.24,158,6151848,66.15,207,4507575,48.47,511,837041,9
2022-07-19,16.77,53.97,29.26,62,6717903,72.24,147,6151995,66.16,174,4507749,48.47,368,837409,9.01
2022-07-20,16.09,54.64,29.26,51,6717954,72.24,134,6152129,66.16,137,4507886,48.48,423,837832,9.01
2022-07-21,15.43,55.3,29.27,62,6718016,72.24,160,6152289,66.16,176,4508062,48.48,341,838173,9.01
2022-07-22,14.64,56.08,29.28,10,6718026,72.24,36,6152325,66.16,43,4508105,48.48,56,838229,9.01
2022-07-23,14.17,56.55,29.28,0,6718026,72.24,4,6152329,66.16,4,4508109,48.48,9,838238,9.01
2022-07-24,13.55,57.16,29.29,58,6718084,72.24,128,6152457,66.16,197,4508306,48.48,364,838602,9.02
2022-07-25,13.09,57.61,29.3,48,6718132,72.24,107,6152564,66.16,172,4508478,48.48,336,838938,9.02
2022-07-26,12.46,58.23,29.3,47,6718179,72.24,99,6152663,66.16,111,4508589,48.48,270,839208,9.02
2022-07-27,11.89,58.8,29.31,44,6718223,72.24,125,6152788,66.16,132,4508721,48.48,243,839451,9.03
2022-07-28,11.35,59.34,29.31,62,6718285,72.25,143,6152931,66.17,148,4508869,48.49,221,839672,9.03
2022-07-29,10.85,59.83,29.32,10,6718295,72.25,25,6152956,66.17,27,4508896,48.49,31,839703,9.03
2022-07-30,10.34,60.33,29.33,0,6718295,72.25,0,6152956,66.17,1,4508897,48.49,1,839704,9.03
2022-07-31,9.97,60.7,29.33,56,6718351,72.25,134,6153090,66.17,131,4509028,48.49,252,839956,9.03
2022-08-01,9.47,61.19,29.34,54,6718405,72.25,76,6153166,66.17,91,4509119,48.49,152,840108,9.03
2022-08-02,8.92,61.73,29.35,111,6718516,72.25,119,6153285,66.17,157,4509276,48.49,264,840372,9.04
2022-08-03,8.46,62.19,29.35,76,6718592,72.25,71,6153356,66.17,92,4509368,48.49,181,840553,9.04
2022-08-04,8.04,62.61,29.36,133,6718725,72.25,133,6153489,66.17,111,4509479,48.49,246,840799,9.04
2022-08-05,7.71,62.93,29.36,31,6718756,72.25,23,6153512,66.17,13,4509492,48.49,24,840823,9.04
2022-08-06,7.32,63.32,29.36,1,6718757,72.25,2,6153514,66.17,3,4509495,48.49,5,840828,9.04
2022-08-07,6.92,63.71,29.37,89,6718846,72.25,97,6153611,66.17,69,4509564,48.49,169,840997,9.04
2022-08-08,6.74,63.89,29.37,109,6718955,72.25,92,6153703,66.17,92,4509656,48.49,172,841169,9.05
2022-08-09,6.25,64.37,29.38,96,6719051,72.25,90,6153793,66.17,99,4509755,48.5,213,841382,9.05
2022-08-10,5.91,64.71,29.38,77,6719128,72.25,60,6153853,66.18,76,4509831,48.5,115,841497,9.05
2022-08-11,5.59,65.03,29.38,54,6719182,72.25,101,6153954,66.18,91,4509922,48.5,156,841653,9.05
2022-08-12,5.35,65.27,29.38,8,6719190,72.25,12,6153966,66.18,18,4509940,48.5,29,841682,9.05
2022-08-13,5.1,65.52,29.38,0,6719190,72.25,2,6153968,66.18,2,4509942,48.5,3,841685,9.05
2022-08-14,4.87,65.75,29.39,74,6719264,72.26,75,6154043,66.18,82,4510024,48.5,150,841835,9.05
2022-08-15,4.74,65.87,29.39,69,6719333,72.26,80,6154123,66.18,92,4510116,48.5,144,841979,9.05
2022-08-16,4.46,66.15,29.39,82,6719415,72.26,84,6154207,66.18,84,4510200,48.5,187,842166,9.06
2022-08-17,4.16,66.44,29.39,46,6719461,72.26,56,6154263,66.18,36,4510236,48.5,116,842282,9.06
2022-08-18,3.98,66.63,29.39,70,6719531,72.26,93,6154356,66.18,120,4510356,48.5,173,842455,9.06
2022-08-19,3.83,66.78,29.39,79,6719610,72.26,67,6154423,66.18,56,4510412,48.5,38,842493,9.06
2022-08-20,3.67,66.94,29.39,1,6719611,72.26,1,6154424,66.18,3,4510415,48.5,3,842496,9.06
2022-08-21,3.52,67.08,29.4,52,6719663,72.26,85,6154509,66.18,84,4510499,48.5,197,842693,9.06
2022-08-22,3.44,67.16,29.4,89,6719752,72.26,74,6154583,66.18,103,4510602,48.5,144,842837,9.06
2022-08-23,3.27,67.33,29.4,72,6719824,72.26,106,6154689,66.18,84,4510686,48.51,180,843017,9.07
2022-08-24,3.15,67.46,29.4,38,6719862,72.26,80,6154769,66.19,49,4510735,48.51,133,843150,9.07
2022-08-25,3.03,67.57,29.4,53,6719915,72.26,75,6154844,66.19,98,4510833,48.51,193,843343,9.07
2022-08-26,2.94,67.66,29.4,4,6719919,72.26,15,6154859,66.19,9,4510842,48.51,14,843357,9.07
2022-08-27,2.84,67.76,29.4,0,6719919,72.26,0,6154859,66.19,0,4510842,48.51,0,843357,9.07
2022-08-28,2.75,67.85,29.4,55,6719974,72.26,80,6154939,66.19,85,4510927,48.51,102,843459,9.07
2022-08-29,2.69,67.91,29.4,48,6720022,72.26,68,6155007,66.19,89,4511016,48.51,107,843566,9.07
2022-08-30,2.6,68,29.4,85,6720107,72.26,113,6155120,66.19,85,4511101,48.51,131,843697,9.07
2022-08-31,2.53,68.07,29.4,42,6720149,72.27,89,6155209,66.19,70,4511171,48.51,96,843793,9.07
2022-09-01,2.46,68.14,29.4,29,6720178,72.27,84,6155293,66.19,58,4511229,48.51,113,843906,9.07
2022-09-02,2.4,68.2,29.4,6,6720184,72.27,20,6155313,66.19,13,4511242,48.51,10,843916,9.08
2022-09-03,2.33,68.27,29.4,2,6720186,72.27,0,6155313,66.19,3,4511245,48.51,1,843917,9.08
2022-09-04,2.27,68.32,29.4,64,6720250,72.27,133,6155446,66.19,80,4511325,48.51,121,844038,9.08
2022-09-05,2.23,68.37,29.4,44,6720294,72.27,77,6155523,66.19,58,4511383,48.51,90,844128,9.08
2022-09-06,2.17,68.42,29.4,60,6720354,72.27,104,6155627,66.19,78,4511461,48.51,130,844258,9.08
2022-09-07,2.12,68.47,29.4,28,6720382,72.27,63,6155690,66.2,53,4511514,48.51,95,844353,9.08
2022-09-08,2.07,68.53,29.4,50,6720432,72.27,103,6155793,66.2,70,4511584,48.52,77,844430,9.08
2022-09-09,2.03,68.57,29.4,10,6720442,72.27,21,6155814,66.2,16,4511600,48.52,17,844447,9.08
2022-09-10,1.97,68.62,29.4,1,6720443,72.27,0,6155814,66.2,5,4511605,48.52,2,844449,9.08
2022-09-11,1.92,68.67,29.41,39,6720482,72.27,117,6155931,66.2,78,4511683,48.52,116,844565,9.08
2022-09-12,1.88,68.71,29.41,24,6720506,72.27,72,6156003,66.2,52,4511735,48.52,68,844633,9.08
2022-09-13,1.82,68.77,29.41,44,6720550,72.27,113,6156116,66.2,54,4511789,48.52,103,844736,9.08
2022-09-14,1.78,68.82,29.41,21,6720571,72.27,64,6156180,66.2,54,4511843,48.52,62,844798,9.08
2022-09-15,1.73,68.86,29.41,32,6720603,72.27,77,6156257,66.2,63,4511906,48.52,107,844905,9.09
2022-09-16,1.7,68.89,29.41,51,6720654,72.27,52,6156309,66.2,27,4511933,48.52,28,844933,9.09
2022-09-17,1.66,68.93,29.41,3,6720657,72.27,0,6156309,66.2,1,4511934,48.52,0,844933,9.09
2022-09-18,1.63,68.96,29.41,28,6720685,72.27,66,6156375,66.2,52,4511986,48.52,115,845048,9.09
2022-09-19,1.61,68.98,29.41,28,6720713,72.27,74,6156449,66.2,44,4512030,48.52,57,845105,9.09
2022-09-20,1.56,69.03,29.41,41,6720754,72.27,93,6156542,66.2,75,4512105,48.52,102,845207,9.09
2022-09-21,1.55,69.05,29.41,22,6720776,72.27,54,6156596,66.2,29,4512134,48.52,56,845263,9.09
2022-09-22,1.52,69.07,29.4,42,6720818,72.27,56,6156652,66.21,27,4512161,48.52,41,845304,9.09
2022-09-23,1.5,69.1,29.41,7,6720825,72.27,11,6156663,66.21,4,4512165,48.52,1,845305,9.09
2022-09-24,1.47,69.13,29.41,0,6720825,72.27,0,6156663,66.21,1,4512166,48.52,0,845305,9.09
2022-09-25,1.46,69.13,29.41,5,6720830,72.27,20,6156683,66.21,10,4512176,48.52,27,845332,9.09
2022-09-26,1.46,69.13,29.41,0,6720830,72.27,5,6156688,66.21,2,4512178,48.52,2,845334,9.09
2022-09-27,1.42,69.17,29.41,2,6720832,72.27,0,6156688,66.21,3,4512181,48.52,3,845337,9.09
2022-09-28,1.39,69.21,29.41,24,6720856,72.27,36,6156724,66.21,25,4512206,48.52,17,845354,9.09
2022-09-29,1.37,69.22,29.41,32,6720888,72.27,61,6156785,66.21,13,4512219,48.52,48,845402,9.09
2022-09-30,1.35,69.24,29.41,4,6720892,72.27,12,6156797,66.21,2,4512221,48.52,0,845402,9.09
2022-10-01,1.31,69.29,29.41,0,6720892,72.27,1,6156798,66.21,1,4512222,48.52,1,845403,9.09
2022-10-02,1.31,69.29,29.41,28,6720920,72.27,51,6156849,66.21,20,4512242,48.52,73,845476,9.09
2022-10-03,1.31,69.28,29.4,23,6720943,72.27,29,6156878,66.21,13,4512255,48.52,12,845488,9.09
2022-10-04,1.27,69.32,29.4,7,6720950,72.27,11,6156889,66.21,0,4512255,48.52,2,845490,9.09
2022-10-05,1.28,69.31,29.4,1,6720951,72.27,0,6156889,66.21,0,4512255,48.52,1,845491,9.09
2022-10-06,1.31,69.28,29.4,17,6720968,72.27,43,6156932,66.21,10,4512265,48.52,20,845511,9.09
2022-10-07,1.3,69.29,29.41,3,6720971,72.27,3,6156935,66.21,4,4512269,48.52,0,845511,9.09
2022-10-08,1.26,69.33,29.41,1,6720972,72.27,1,6156936,66.21,0,4512269,48.52,1,845512,9.09
2022-10-09,1.31,69.28,29.41,7,6720979,72.27,22,6156958,66.21,6,4512275,48.52,5,845517,9.09
2022-10-10,1.38,69.22,29.4,5,6720984,72.27,2,6156960,66.21,0,4512275,48.52,0,845517,9.09
2022-10-11,1.36,69.24,29.4,12,6720996,72.27,32,6156992,66.21,1,4512276,48.52,32,845549,9.09
2022-10-12,1.34,69.26,29.4,13,6721009,72.27,24,6157016,66.21,5,4512281,48.52,4,845553,9.09
2022-10-13,1.4,69.2,29.4,17,6721026,72.27,16,6157032,66.21,5,4512286,48.52,9,845562,9.09
2022-10-14,1.4,69.2,29.4,6,6721032,72.27,7,6157039,66.21,4,4512290,48.52,3,845565,9.09
2022-10-15,1.38,69.22,29.4,0,6721032,72.27,1,6157040,66.21,0,4512290,48.52,1,845566,9.09
2022-10-16,1.39,69.2,29.4,5,6721037,72.27,13,6157053,66.21,5,4512295,48.52,8,845574,9.09
2022-10-17,1.39,69.2,29.4,1,6721038,72.27,1,6157054,66.21,4,4512299,48.52,1,845575,9.09
2022-10-18,1.43,69.17,29.4,24,6721062,72.28,31,6157085,66.21,14,4512313,48.52,16,845591,9.09
2022-10-19,1.47,69.12,29.4,18,6721080,72.28,25,6157110,66.21,7,4512320,48.52,3,845594,9.09
2022-10-20,1.5,69.1,29.4,26,6721106,72.28,44,6157154,66.21,12,4512332,48.52,4,845598,9.09
2022-10-21,1.5,69.09,29.4,4,6721110,72.28,7,6157161,66.21,2,4512334,48.52,4,845602,9.09
2022-10-22,1.49,69.1,29.4,0,6721110,72.28,0,6157161,66.21,0,4512334,48.52,0,845602,9.09
2022-10-23,1.51,69.08,29.4,15,6721125,72.28,33,6157194,66.21,18,4512352,48.52,10,845612,9.09
2022-10-24,1.51,69.08,29.41,20,6721145,72.28,16,6157210,66.21,19,4512371,48.52,9,845621,9.09
2022-10-25,1.55,69.04,29.4,18,6721163,72.28,34,6157244,66.21,23,4512394,48.52,21,845642,9.09
2022-10-26,1.61,68.99,29.4,18,6721181,72.28,25,6157269,66.21,8,4512402,48.52,10,845652,9.09
2022-10-27,1.67,68.93,29.4,17,6721198,72.28,27,6157296,66.21,14,4512416,48.52,17,845669,9.09
2022-10-28,1.67,68.93,29.4,60,6721258,72.28,51,6157347,66.21,31,4512447,48.52,18,845687,9.09
2022-10-29,1.66,68.94,29.4,0,6721258,72.28,0,6157347,66.21,0,4512447,48.52,0,845687,9.09
2022-10-30,1.71,68.89,29.4,15,6721273,72.28,23,6157370,66.21,15,4512462,48.52,9,845696,9.09
2022-10-31,1.76,68.84,29.4,17,6721290,72.28,16,6157386,66.21,8,4512470,48.52,10,845706,9.09
2022-11-01,1.82,68.78,29.4,3,6721293,72.28,1,6157387,66.21,1,4512471,48.52,0,845706,9.09
2022-11-02,1.88,68.72,29.4,14,6721307,72.28,14,6157401,66.21,7,4512478,48.52,8,845714,9.09
2022-11-03,1.96,68.64,29.4,17,6721324,72.28,18,6157419,66.21,11,4512489,48.53,8,845722,9.09
2022-11-04,1.98,68.63,29.4,4,6721328,72.28,6,6157425,66.21,1,4512490,48.53,2,845724,9.09
2022-11-05,1.97,68.63,29.4,0,6721328,72.28,0,6157425,66.21,0,4512490,48.53,0,845724,9.09
2022-11-06,2.03,68.57,29.4,27,6721355,72.28,33,6157458,66.21,11,4512501,48.53,23,845747,9.09
2022-11-07,2.1,68.51,29.4,15,6721370,72.28,11,6157469,66.21,10,4512511,48.53,54,845801,9.1
2022-11-08,2.1,68.5,29.4,28,6721398,72.28,26,6157495,66.21,14,4512525,48.53,9,845810,9.1
2022-11-09,2.16,68.45,29.4,16,6721414,72.28,20,6157515,66.21,17,4512542,48.53,9,845819,9.1
2022-11-10,2.22,68.39,29.4,28,6721442,72.28,17,6157532,66.22,12,4512554,48.53,6,845825,9.1
2022-11-11,2.23,68.37,29.4,1,6721443,72.28,17,6157549,66.22,2,4512556,48.53,1,845826,9.1
2022-11-12,2.22,68.38,29.4,1,6721444,72.28,0,6157549,66.22,2,4512558,48.53,0,845826,9.1
2022-11-13,2.29,68.31,29.4,29,6721473,72.28,31,6157580,66.22,17,4512575,48.53,8,845834,9.1
2022-11-14,2.37,68.23,29.4,20,6721493,72.28,17,6157597,66.22,21,4512596,48.53,16,845850,9.1
2022-11-15,2.43,68.17,29.4,40,6721533,72.28,25,6157622,66.22,16,4512612,48.53,18,845868,9.1
2022-11-16,2.5,68.1,29.4,14,6721547,72.28,27,6157649,66.22,16,4512628,48.53,11,845879,9.1
2022-11-17,2.59,68.02,29.4,19,6721566,72.28,33,6157682,66.22,18,4512646,48.53,5,845884,9.1
2022-11-18,2.61,67.99,29.4,6,6721572,72.28,4,6157686,66.22,4,4512650,48.53,0,845884,9.1
2022-11-19,2.6,68,29.4,0,6721572,72.28,0,6157686,66.22,0,4512650,48.53,0,845884,9.1
2022-11-20,2.67,67.93,29.4,19,6721591,72.28,20,6157706,66.22,6,4512656,48.53,13,845897,9.1
2022-11-21,2.76,67.85,29.4,14,6721605,72.28,13,6157719,66.22,6,4512662,48.53,7,845904,9.1
2022-11-22,2.83,67.77,29.4,27,6721632,72.28,13,6157732,66.22,17,4512679,48.53,6,845910,9.1
2022-11-23,2.9,67.7,29.4,17,6721649,72.28,21,6157753,66.22,4,4512683,48.53,8,845918,9.1
2022-11-24,2.98,67.62,29.4,9,6721658,72.28,16,6157769,66.22,13,4512696,48.53,27,845945,9.1
2022-11-25,3,67.6,29.4,12,6721670,72.28,51,6157820,66.22,14,4512710,48.53,12,845957,9.1
2022-11-26,3,67.61,29.4,0,6721670,72.28,2,6157822,66.22,0,4512710,48.53,0,845957,9.1
2022-11-27,3.06,67.54,29.4,14,6721684,72.28,15,6157837,66.22,19,4512729,48.53,2,845959,9.1
2022-11-28,3.14,67.47,29.4,8,6721692,72.28,23,6157860,66.22,8,4512737,48.53,6,845965,9.1
2022-11-29,3.2,67.4,29.4,38,6721730,72.28,31,6157891,66.22,19,4512756,48.53,14,845979,9.1
2022-11-30,3.27,67.34,29.39,12,6721742,72.28,25,6157916,66.22,20,4512776,48.53,8,845987,9.1
2022-12-01,3.34,67.26,29.39,13,6721755,72.28,18,6157934,66.22,15,4512791,48.53,4,845991,9.1
2022-12-02,3.36,67.24,29.39,2,6721757,72.28,7,6157941,66.22,4,4512795,48.53,10,846001,9.1
2022-12-03,3.36,67.24,29.39,0,6721757,72.28,0,6157941,66.22,0,4512795,48.53,1,846002,9.1
2022-12-04,3.42,67.18,29.39,38,6721795,72.28,27,6157968,66.22,30,4512825,48.53,26,846028,9.1
2022-12-05,3.48,67.12,29.4,9,6721804,72.28,17,6157985,66.22,11,4512836,48.53,21,846049,9.1
2022-12-06,3.55,67.06,29.39,32,6721836,72.28,26,6158011,66.22,27,4512863,48.53,8,846057,9.1
2022-12-07,3.62,66.99,29.39,10,6721846,72.28,17,6158028,66.22,8,4512871,48.53,8,846065,9.1
2022-12-08,3.69,66.91,29.39,19,6721865,72.28,31,6158059,66.22,15,4512886,48.53,3,846068,9.1
2022-12-09,3.71,66.9,29.39,4,6721869,72.28,1,6158060,66.22,1,4512887,48.53,7,846075,9.1
2022-12-10,3.7,66.91,29.39,1,6721870,72.28,0,6158060,66.22,2,4512889,48.53,0,846075,9.1
2022-12-11,3.76,66.84,29.39,16,6721886,72.28,22,6158082,66.22,15,4512904,48.53,16,846091,9.1
2022-12-12,3.82,66.78,29.39,15,6721901,72.28,14,6158096,66.22,5,4512909,48.53,0,846091,9.1
2022-12-13,3.87,66.73,29.39,17,6721918,72.28,44,6158140,66.22,18,4512927,48.53,13,846104,9.1
2022-12-14,3.92,66.69,29.39,17,6721935,72.28,16,6158156,66.22,7,4512934,48.53,3,846107,9.1
2022-12-15,3.97,66.64,29.39,22,6721957,72.28,19,6158175,66.22,7,4512941,48.53,12,846119,9.1
2022-12-16,3.98,66.62,29.39,12,6721969,72.28,4,6158179,66.22,1,4512942,48.53,0,846119,9.1
2022-12-17,3.97,66.63,29.39,0,6721969,72.28,0,6158179,66.22,0,4512942,48.53,0,846119,9.1
2022-12-18,4.01,66.59,29.39,9,6721978,72.28,18,6158197,66.22,8,4512950,48.53,3,846122,9.1
2022-12-19,4.06,66.54,29.4,7,6721985,72.28,14,6158211,66.22,12,4512962,48.53,1,846123,9.1
2022-12-20,4.1,66.51,29.39,12,6721997,72.28,17,6158228,66.22,2,4512964,48.53,2,846125,9.1
2022-12-21,4.14,66.47,29.39,9,6722006,72.29,14,6158242,66.22,13,4512977,48.53,3,846128,9.1
2022-12-22,4.18,66.42,29.39,4,6722010,72.29,10,6158252,66.22,14,4512991,48.53,1,846129,9.1
2022-12-23,4.19,66.42,29.39,10,6722020,72.29,0,6158252,66.22,2,4512993,48.53,0,846129,9.1
2022-12-24,4.18,66.43,29.39,0,6722020,72.29,0,6158252,66.22,0,4512993,48.53,0,846129,9.1
2022-12-25,4.21,66.4,29.39,6,6722026,72.29,17,6158269,66.22,1,4512994,48.53,2,846131,9.1
2022-12-26,4.24,66.36,29.39,17,6722043,72.29,6,6158275,66.22,13,4513007,48.53,0,846131,9.1
2022-12-27,4.25,66.36,29.39,24,6722067,72.29,24,6158299,66.22,17,4513024,48.53,7,846138,9.1
2022-12-28,4.26,66.34,29.39,17,6722084,72.29,18,6158317,66.22,25,4513049,48.53,64,846202,9.1
2022-12-29,4.28,66.33,29.39,15,6722099,72.29,23,6158340,66.22,14,4513063,48.53,4,846206,9.1
2022-12-30,4.27,66.33,29.4,4,6722103,72.29,5,6158345,66.22,3,4513066,48.53,1,846207,9.1
2022-12-31,4.26,66.35,29.4,0,6722103,72.29,1,6158346,66.22,0,4513066,48.53,0,846207,9.1
2023-01-01,4.27,66.33,29.4,8,6722111,72.29,23,6158369,66.22,2,4513068,48.53,1,846208,9.1
2023-01-02,4.29,66.31,29.4,10,6722121,72.29,8,6158377,66.22,3,4513071,48.53,1,846209,9.1
2023-01-03,4.3,66.3,29.4,20,6722141,72.29,17,6158394,66.22,7,4513078,48.53,4,846213,9.1
2023-01-04,4.3,66.3,29.4,7,6722148,72.29,11,6158405,66.22,4,4513082,48.53,2,846215,9.1
2023-01-05,4.31,66.29,29.39,13,6722161,72.29,19,6158424,66.22,11,4513093,48.53,4,846219,9.1
2023-01-06,4.31,66.29,29.4,2,6722163,72.29,1,6158425,66.22,1,4513094,48.53,0,846219,9.1
2023-01-07,4.3,66.31,29.4,1,6722164,72.29,0,6158425,66.22,0,4513094,48.53,0,846219,9.1
2023-01-08,4.33,66.28,29.4,15,6722179,72.29,33,6158458,66.22,10,4513104,48.53,2,846221,9.1
2023-01-09,4.34,66.26,29.4,12,6722191,72.29,20,6158478,66.23,1,4513105,48.53,1,846222,9.1
2023-01-10,4.35,66.25,29.4,39,6722230,72.29,27,6158505,66.23,10,4513115,48.53,4,846226,9.1
2023-01-11,4.36,66.25,29.4,15,6722245,72.29,17,6158522,66.23,11,4513126,48.53,2,846228,9.1
2023-01-12,4.37,66.24,29.39,23,6722268,72.29,20,6158542,66.23,12,4513138,48.53,2,846230,9.1
2023-01-13,4.36,66.24,29.4,3,6722271,72.29,2,6158544,66.23,0,4513138,48.53,0,846230,9.1
2023-01-14,4.35,66.25,29.4,1,6722272,72.29,0,6158544,66.23,0,4513138,48.53,0,846230,9.1
2023-01-15,4.36,66.24,29.4,17,6722289,72.29,17,6158561,66.23,4,4513142,48.53,3,846233,9.1
2023-01-16,4.38,66.22,29.4,9,6722298,72.29,15,6158576,66.23,6,4513148,48.53,0,846233,9.1
2023-01-17,4.38,66.22,29.4,15,6722313,72.29,14,6158590,66.23,6,4513154,48.53,0,846233,9.1
2023-01-18,4.39,66.21,29.4,7,6722320,72.29,8,6158598,66.23,4,4513158,48.53,1,846234,9.1
2023-01-19,4.4,66.2,29.4,13,6722333,72.29,15,6158613,66.23,2,4513160,48.53,4,846238,9.1
2023-01-20,4.39,66.2,29.4,5,6722338,72.29,2,6158615,66.23,0,4513160,48.53,1,846239,9.1
2023-01-21,4.39,66.21,29.4,0,6722338,72.29,1,6158616,66.23,0,4513160,48.53,0,846239,9.1
2023-01-22,4.4,66.2,29.4,9,6722347,72.29,3,6158619,66.23,8,4513168,48.53,4,846243,9.1
2023-01-23,4.41,66.19,29.4,11,6722358,72.29,5,6158624,66.23,6,4513174,48.53,0,846243,9.1
2023-01-24,4.41,66.19,29.4,21,6722379,72.29,21,6158645,66.23,11,4513185,48.53,2,846245,9.1
2023-01-25,4.41,66.18,29.4,5,6722384,72.29,5,6158650,66.23,0,4513185,48.53,2,846247,9.1
2023-01-26,4.42,66.18,29.4,10,6722394,72.29,15,6158665,66.23,9,4513194,48.53,2,846249,9.1
2023-01-27,4.41,66.18,29.4,0,6722394,72.29,9,6158674,66.23,0,4513194,48.53,0,846249,9.1
2023-01-28,4.41,66.19,29.4,0,6722394,72.29,0,6158674,66.23,0,4513194,48.53,0,846249,9.1
2023-01-29,4.41,66.19,29.41,11,6722405,72.29,9,6158683,66.23,5,4513199,48.53,2,846251,9.1
2023-01-30,4.42,66.17,29.41,9,6722414,72.29,17,6158700,66.23,2,4513201,48.53,1,846252,9.1
2023-01-31,4.42,66.17,29.41,21,6722435,72.29,23,6158723,66.23,2,4513203,48.53,1,846253,9.1
2023-02-01,4.32,64.71,30.96,10,6722445,72.29,11,6158734,66.23,4,4513207,48.53,0,846253,9.1
2023-02-02,4.33,64.71,30.96,15,6722460,72.29,31,6158765,66.23,3,4513210,48.53,0,846253,9.1
2023-02-03,4.32,64.71,30.97,3,6722463,72.29,1,6158766,66.23,0,4513210,48.53,1,846254,9.1
2023-02-04,4.32,64.72,30.97,0,6722463,72.29,0,6158766,66.23,0,4513210,48.53,0,846254,9.1
2023-02-05,4.32,64.71,30.97,17,6722480,72.29,10,6158776,66.23,6,4513216,48.53,4,846258,9.1
2023-02-06,4.33,64.7,30.97,17,6722497,72.29,13,6158789,66.23,4,4513220,48.53,0,846258,9.1
2023-02-07,4.33,64.7,30.97,22,6722519,72.29,22,6158811,66.23,8,4513228,48.53,2,846260,9.1
2023-02-08,4.33,64.7,30.97,15,6722534,72.29,15,6158826,66.23,1,4513229,48.53,0,846260,9.1
2023-02-09,4.33,64.7,30.97,35,6722569,72.29,34,6158860,66.23,5,4513234,48.53,2,846262,9.1
2023-02-10,4.33,64.7,30.97,2,6722571,72.29,3,6158863,66.23,2,4513236,48.53,0,846262,9.1
2023-02-11,4.33,64.7,30.97,2,6722573,72.29,1,6158864,66.23,0,4513236,48.53,0,846262,9.1
2023-02-12,4.33,64.7,30.97,15,6722588,72.29,22,6158886,66.23,3,4513239,48.53,2,846264,9.1
2023-02-13,4.33,64.7,30.97,14,6722602,72.29,20,6158906,66.23,9,4513248,48.53,2,846266,9.1
2023-02-14,4.33,64.7,30.97,20,6722622,72.29,8,6158914,66.23,7,4513255,48.53,5,846271,9.1
2023-02-15,4.33,64.7,30.97,10,6722632,72.29,17,6158931,66.23,3,4513258,48.53,0,846271,9.1
2023-02-16,4.33,64.7,30.97,22,6722654,72.29,24,6158955,66.23,2,4513260,48.53,0,846271,9.1
2023-02-17,4.33,64.7,30.97,5,6722659,72.29,2,6158957,66.23,1,4513261,48.53,0,846271,9.1
2023-02-18,4.33,64.7,30.97,0,6722659,72.29,1,6158958,66.23,0,4513261,48.53,0,846271,9.1
2023-02-19,4.33,64.7,30.98,16,6722675,72.29,15,6158973,66.23,3,4513264,48.53,0,846271,9.1
2023-02-20,4.33,64.69,30.98,9,6722684,72.29,10,6158983,66.23,1,4513265,48.53,0,846271,9.1
2023-02-21,4.33,64.69,30.98,39,6722723,72.29,19,6159002,66.23,6,4513271,48.53,1,846272,9.1
2023-02-22,4.33,64.7,30.98,3,6722726,72.29,9,6159011,66.23,8,4513279,48.53,0,846272,9.1
2023-02-23,4.33,64.7,30.97,11,6722737,72.29,23,6159034,66.23,5,4513284,48.53,2,846274,9.1
2023-02-24,4.33,64.7,30.98,0,6722737,72.29,6,6159040,66.23,1,4513285,48.53,0,846274,9.1
2023-02-25,4.32,64.7,30.98,3,6722740,72.29,0,6159040,66.23,1,4513286,48.53,0,846274,9.1
2023-02-26,4.32,64.7,30.98,11,6722751,72.29,21,6159061,66.23,1,4513287,48.53,1,846275,9.1
2023-02-27,4.32,64.7,30.98,11,6722762,72.29,26,6159087,66.23,2,4513289,48.53,2,846277,9.1
2023-02-28,4.32,64.7,30.98,7,6722769,72.29,21,6159108,66.23,4,4513293,48.53,2,846279,9.1
2023-03-01,4.32,64.7,30.98,3,6722772,72.29,15,6159123,66.23,1,4513294,48.53,0,846279,9.1
2023-03-02,4.32,64.7,30.98,8,6722780,72.29,36,6159159,66.23,4,4513298,48.53,0,846279,9.1
2023-03-03,4.32,64.7,30.98,2,6722782,72.29,3,6159162,66.23,0,4513298,48.53,0,846279,9.1
2023-03-04,4.32,64.71,30.98,2,6722784,72.29,2,6159164,66.23,0,4513298,48.53,0,846279,9.1
2023-03-05,4.32,64.7,30.98,14,6722798,72.29,30,6159194,66.23,2,4513300,48.53,2,846281,9.1
2023-03-06,4.32,64.7,30.98,16,6722814,72.29,25,6159219,66.23,3,4513303,48.53,0,846281,9.1
2023-03-07,4.32,64.7,30.98,8,6722822,72.29,7,6159226,66.23,2,4513305,48.53,0,846281,9.1
2023-03-08,4.32,64.7,30.98,1,6722823,72.29,22,6159248,66.23,3,4513308,48.53,0,846281,9.1
2023-03-09,4.32,64.71,30.98,15,6722838,72.29,46,6159294,66.23,8,4513316,48.53,0,846281,9.1
2023-03-10,4.31,64.71,30.98,0,6722838,72.29,1,6159295,66.23,2,4513318,48.53,0,846281,9.1
2023-03-11,4.31,64.71,30.98,0,6722838,72.29,0,6159295,66.23,0,4513318,48.53,0,846281,9.1
2023-03-12,4.31,64.71,30.98,9,6722847,72.29,21,6159316,66.23,4,4513322,48.53,1,846282,9.1
2023-03-13,4.31,64.71,30.98,6,6722853,72.29,8,6159324,66.23,1,4513323,48.53,0,846282,9.1
2023-03-14,4.31,64.71,30.98,14,6722867,72.29,15,6159339,66.23,1,4513324,48.53,1,846283,9.1
2023-03-15,4.31,64.71,30.98,4,6722871,72.29,9,6159348,66.23,2,4513326,48.53,0,846283,9.1
2023-03-16,4.31,64.71,30.98,8,6722879,72.29,32,6159380,66.23,2,4513328,48.53,0,846283,9.1
2023-03-17,4.31,64.71,30.98,0,6722879,72.29,4,6159384,66.23,0,4513328,48.53,0,846283,9.1
2023-03-18,4.3,64.71,30.98,0,6722879,72.29,0,6159384,66.23,0,4513328,48.53,0,846283,9.1
2023-03-19,4.3,64.71,30.99,4,6722883,72.29,25,6159409,66.24,4,4513332,48.53,0,846283,9.1
2023-03-20,4.3,64.71,30.99,5,6722888,72.29,21,6159430,66.24,4,4513336,48.53,0,846283,9.1
2023-03-21,4.3,64.71,30.99,14,6722902,72.29,21,6159451,66.24,6,4513342,48.53,0,846283,9.1
2023-03-22,4.3,64.71,30.99,2,6722904,72.29,8,6159459,66.24,0,4513342,48.53,0,846283,9.1
2023-03-23,4.3,64.71,30.99,7,6722911,72.29,11,6159470,66.24,2,4513344,48.53,0,846283,9.1
2023-03-24,4.3,64.71,30.99,0,6722911,72.29,2,6159472,66.24,0,4513344,48.53,0,846283,9.1
2023-03-25,4.3,64.71,30.99,0,6722911,72.29,0,6159472,66.24,0,4513344,48.53,0,846283,9.1
2023-03-26,4.3,64.71,30.99,4,6722915,72.29,15,6159487,66.24,4,4513348,48.53,3,846286,9.1
2023-03-27,4.3,64.71,31,1,6722916,72.29,12,6159499,66.24,1,4513349,48.53,0,846286,9.1
2023-03-28,4.3,64.71,31,4,6722920,72.3,16,6159515,66.24,0,4513349,48.53,0,846286,9.1
2023-03-29,4.29,64.71,31,1,6722921,72.3,10,6159525,66.24,5,4513354,48.53,0,846286,9.1
2023-03-30,4.29,64.71,31,10,6722931,72.3,18,6159543,66.24,1,4513355,48.53,1,846287,9.1
2023-03-31,4.29,64.71,31,0,6722931,72.3,0,6159543,66.24,1,4513356,48.53,0,846287,9.1
2023-04-01,4.27,64.73,31,0,6722931,72.3,0,6159543,66.24,0,4513356,48.53,0,846287,9.1
2023-04-02,4.25,64.74,31,6,6722937,72.3,6,6159549,66.24,0,4513356,48.53,0,846287,9.1
2023-04-03,4.26,64.74,31,0,6722937,72.3,0,6159549,66.24,0,4513356,48.53,0,846287,9.1
