Date,Valid vaccinated pop. perc.,Expired vaccinated pop. perc.,Not vaccinated pop. perc.,Vaccinated (daily),Vaccinated (cumu),Vaccinated pop. perc.,Second dose (daily),Second dose (cumu),Second dose pop. perc.,Third dose (daily),Third dose (cumu),Third dose pop. perc.,Fourth dose (daily),Fourth dose (cumu),Fourth dose pop. perc.
2020-12-19,0,0,100,46,70,0,0,4,0,0,0,0,0,0,0
2020-12-20,0,0,100,7396,7466,0.08,0,4,0,0,0,0,0,0,0
2020-12-21,0,0,100,24923,32389,0.35,0,4,0,0,0,0,0,0,0
2020-12-22,0,0,100,44668,77057,0.83,0,4,0,0,0,0,0,0,0
2020-12-23,0,0,100,62919,139976,1.51,0,4,0,0,0,0,0,0,0
2020-12-24,0,0,100,73430,213406,2.29,0,4,0,0,0,0,0,0,0
2020-12-25,0,0,100,38517,251923,2.71,0,4,0,0,0,0,0,0,0
2020-12-26,0,0,100,32617,284540,3.06,0,4,0,0,0,0,0,0,0
2020-12-27,0,0,100,104575,389115,4.18,0,4,0,0,0,0,0,0,0
2020-12-28,0,0,100,135041,524156,5.64,0,4,0,0,0,0,0,0,0
2020-12-29,0,0,100,156338,680494,7.32,2,6,0,0,0,0,0,0,0
2020-12-30,0,0,100,153188,833682,8.96,0,6,0,0,0,0,0,0,0
2020-12-31,0,0,100,158601,992283,10.67,0,6,0,0,0,0,0,0,0
2021-01-01,0,0,100,71435,1063718,11.44,0,6,0,0,0,0,0,0,0
2021-01-02,0,0,100,71745,1135463,12.21,0,6,0,0,0,0,0,0,0
2021-01-03,0,0,100,149766,1285229,13.82,0,6,0,0,0,0,0,0,0
2021-01-04,0,0,100,152205,1437434,15.46,1,7,0,0,0,0,0,0,0
2021-01-05,0,0,100,125221,1562655,16.8,4,11,0,0,0,0,0,0,0
2021-01-06,0,0,100,103373,1666028,17.92,2,13,0,0,0,0,0,0,0
2021-01-07,0,0,100,116063,1782091,19.16,9,22,0,0,0,0,0,0,0
2021-01-08,0,0,100,66465,1848556,19.88,5,27,0,0,0,0,0,0,0
2021-01-09,0,0,100,44553,1893109,20.36,24,51,0,0,0,0,0,0,0
2021-01-10,0,0,100,37649,1930758,20.76,6001,6052,0.07,0,0,0,0,0,0
2021-01-11,0,0,100,21175,1951933,20.99,19264,25316,0.27,0,0,0,0,0,0
2021-01-12,0,0,100,24075,1976008,21.25,35674,60990,0.66,0,0,0,0,0,0
2021-01-13,0,0,100,52079,2028087,21.81,56874,117864,1.27,0,0,0,0,0,0
2021-01-14,0,0,100,56480,2084567,22.42,68838,186702,2.01,0,0,0,0,0,0
2021-01-15,0,0,100,30776,2115343,22.75,35942,222644,2.39,0,0,0,0,0,0
2021-01-16,0,0,100,29481,2144824,23.06,26006,248650,2.67,0,0,0,0,0,0
2021-01-17,0.31,0,99.69,68444,2213268,23.8,84598,333248,3.58,0,0,0,0,0,0
2021-01-18,0.58,0,99.42,69820,2283088,24.55,120437,453685,4.88,0,0,0,0,0,0
2021-01-19,1.09,0,98.91,72898,2355986,25.34,137849,591534,6.36,0,0,0,0,0,0
2021-01-20,1.9,0,98.1,76919,2432905,26.16,143766,735300,7.91,0,0,0,0,0,0
2021-01-21,2.88,0,97.12,70007,2502912,26.92,164476,899776,9.68,0,0,0,0,0,0
2021-01-22,3.39,0,96.61,37931,2540843,27.32,71134,970910,10.44,0,0,0,0,0,0
2021-01-23,3.77,0,96.23,39965,2580808,27.75,53597,1024507,11.02,0,0,0,0,0,0
2021-01-24,4.96,0,95.04,69148,2649956,28.5,140709,1165216,12.53,0,0,0,0,0,0
2021-01-25,6.61,0,93.39,80944,2730900,29.37,139522,1304738,14.03,0,0,0,0,0,0
2021-01-26,8.45,0,91.55,78737,2809637,30.21,126445,1431183,15.39,0,0,0,0,0,0
2021-01-27,10.34,0,89.66,77982,2887619,31.05,125071,1556254,16.74,0,0,0,0,0,0
2021-01-28,12.43,0,87.57,79570,2967189,31.91,130632,1686886,18.14,0,0,0,0,0,0
2021-01-29,13.34,0,86.66,36704,3003893,32.3,64794,1751680,18.84,0,0,0,0,0,0
2021-01-30,14.02,0,85.98,34396,3038289,32.67,42767,1794447,19.3,0,0,0,0,0,0
2021-01-31,15.76,0,84.24,73333,3111622,33.46,59503,1853950,19.94,0,0,0,0,0,0
2021-02-01,17.48,0,82.52,82510,3194132,34.35,35356,1889306,20.32,0,0,0,0,0,0
2021-02-02,19.01,0,80.99,70106,3264238,35.1,31073,1920379,20.65,0,0,0,0,0,0
2021-02-03,20.47,0,79.53,60308,3324546,35.75,51445,1971824,21.2,0,0,0,0,0,0
2021-02-04,22,0,78,72640,3397186,36.53,58096,2029920,21.83,0,0,0,0,0,0
2021-02-05,22.75,0,77.25,33947,3431133,36.9,28806,2058726,22.14,0,0,0,0,0,0
2021-02-06,23.23,0,76.77,21622,3452755,37.13,22233,2080959,22.38,0,0,0,0,0,0
2021-02-07,23.99,0,76.01,54081,3506836,37.71,68743,2149702,23.12,0,0,0,0,0,0
2021-02-08,24.52,0,75.48,58644,3565480,38.34,65468,2215170,23.82,0,0,0,0,0,0
2021-02-09,25.04,0,74.96,66358,3631838,39.05,67580,2282750,24.55,0,0,0,0,0,0
2021-02-10,25.77,0,74.23,70570,3702408,39.81,72314,2355064,25.33,0,0,0,0,0,0
2021-02-11,26.61,0,73.39,81175,3783583,40.69,72113,2427177,26.1,0,0,0,0,0,0
2021-02-12,27.02,0,72.98,39111,3822694,41.11,37598,2464775,26.51,0,0,0,0,0,0
2021-02-13,27.33,0,72.67,27465,3850159,41.4,30441,2495216,26.83,0,0,0,0,0,0
2021-02-14,28.25,0,71.75,74917,3925076,42.21,69085,2564301,27.58,0,0,0,0,0,0
2021-02-15,29.17,0,70.83,81548,4006624,43.09,75722,2640023,28.39,0,0,0,0,0,0
2021-02-16,30.11,0,69.89,83422,4090046,43.98,78301,2718324,29.23,0,0,0,0,0,0
2021-02-17,31.01,0,68.99,61984,4152030,44.65,75645,2793969,30.04,0,0,0,0,0,0
2021-02-18,31.94,0,68.06,69159,4221189,45.39,79739,2873708,30.9,0,0,0,0,0,0
2021-02-19,32.45,0,67.55,39676,4260865,45.82,38162,2911870,31.31,0,0,0,0,0,0
2021-02-20,32.85,0,67.15,31650,4292515,46.16,28724,2940594,31.62,0,0,0,0,0,0
2021-02-21,33.8,0,66.2,79436,4371951,47.01,78448,3019042,32.47,0,0,0,0,0,0
2021-02-22,34.83,0,65.17,85056,4457007,47.93,80596,3099638,33.33,0,0,0,0,0,0
2021-02-23,35.84,0,64.16,77332,4534339,48.76,70485,3170123,34.09,0,0,0,0,0,0
2021-02-24,36.76,0,63.24,61066,4595405,49.42,63144,3233267,34.77,0,0,0,0,0,0
2021-02-25,37.66,0,62.34,51730,4647135,49.97,64810,3298077,35.47,0,0,0,0,0,0
2021-02-26,38.1,0,61.9,25913,4673048,50.25,32046,3330123,35.81,0,0,0,0,0,0
2021-02-27,38.42,0,61.58,18353,4691401,50.45,21197,3351320,36.04,0,0,0,0,0,0
2021-02-28,39.24,0,60.76,40365,4731766,50.88,55874,3407194,36.64,0,0,0,0,0,0
2021-03-01,40.1,0,59.9,45751,4777517,51.38,61445,3468639,37.3,0,0,0,0,0,0
2021-03-02,40.85,0,59.15,41202,4818719,51.82,64800,3533439,38,0,0,0,0,0,0
2021-03-03,41.55,0,58.45,42035,4860754,52.27,66794,3600233,38.72,0,0,0,0,0,0
2021-03-04,42.24,0,57.76,39721,4900475,52.7,79126,3679359,39.57,0,0,0,0,0,0
2021-03-05,42.57,0,57.43,17369,4917844,52.88,40471,3719830,40,0,0,0,0,0,0
2021-03-06,42.78,0,57.22,10722,4928566,53,25349,3745179,40.27,0,0,0,0,0,0
2021-03-07,43.36,0,56.64,31156,4959722,53.33,72847,3818026,41.06,0,0,0,0,0,0
2021-03-08,43.97,0,56.03,27387,4987109,53.63,73295,3891321,41.85,0,0,0,0,0,0
2021-03-09,44.62,0,55.38,26756,5013865,53.92,76604,3967925,42.67,0,0,0,0,0,0
2021-03-10,45.27,0,54.73,23373,5037238,54.17,58685,4026610,43.3,0,0,0,0,0,0
2021-03-11,45.99,0,54.01,23307,5060545,54.42,69098,4095708,44.04,0,0,0,0,0,0
2021-03-12,46.34,0,53.66,11296,5071841,54.54,41418,4137126,44.49,0,0,0,0,0,0
2021-03-13,46.57,0,53.43,7953,5079794,54.63,25239,4162365,44.76,0,0,0,0,0,0
2021-03-14,47.2,0,52.8,20991,5100785,54.85,73936,4236301,45.56,0,0,0,0,0,0
2021-03-15,47.81,0,52.19,20151,5120936,55.07,78281,4314582,46.4,0,0,0,0,0,0
2021-03-16,48.43,0,51.57,18759,5139695,55.27,71480,4386062,47.17,0,0,0,0,0,0
2021-03-17,48.92,0,51.08,17704,5157399,55.46,59009,4445071,47.8,0,0,0,0,0,0
2021-03-18,49.45,0,50.55,16050,5173449,55.63,58126,4503197,48.43,0,0,0,0,0,0
2021-03-19,49.75,0,50.25,6956,5180405,55.71,27981,4531178,48.73,0,0,0,0,0,0
2021-03-20,49.93,0,50.07,5227,5185632,55.76,15302,4546480,48.89,0,0,0,0,0,0
2021-03-21,50.46,0,49.54,13172,5198804,55.91,40511,4586991,49.33,0,0,0,0,0,0
2021-03-22,51,0,49,13583,5212387,56.05,40542,4627533,49.76,0,0,0,0,0,0
2021-03-23,51.43,0,48.57,2846,5215233,56.08,7303,4634836,49.84,0,0,0,0,0,0
2021-03-24,51.84,0,48.16,11006,5226239,56.2,46560,4681396,50.34,0,0,0,0,0,0
2021-03-25,52.22,0,47.78,10273,5236512,56.31,35440,4716836,50.72,0,0,0,0,0,0
2021-03-26,52.4,0,47.6,4186,5240698,56.36,13334,4730170,50.87,0,0,0,0,0,0
2021-03-27,52.5,0,47.5,1787,5242485,56.38,4269,4734439,50.91,0,0,0,0,0,0
2021-03-28,52.74,0,47.26,2113,5244598,56.4,4611,4739050,50.96,0,0,0,0,0,0
2021-03-29,53,0,47,6918,5251516,56.47,30017,4769067,51.28,0,0,0,0,0,0
2021-03-30,53.08,0,46.92,7895,5259411,56.56,22454,4791521,51.53,0,0,0,0,0,0
2021-03-31,53.38,0,46.62,8154,5267565,56.64,19502,4811023,51.74,0,0,0,0,0,0
2021-04-01,53.62,0,46.38,8220,5275785,56.73,18703,4829726,51.94,0,0,0,0,0,0
2021-04-02,53.71,0,46.29,2946,5278731,56.76,8131,4837857,52.02,0,0,0,0,0,0
2021-04-03,53.74,0,46.26,1432,5280163,56.78,2983,4840840,52.06,0,0,0,0,0,0
2021-04-04,53.82,0,46.18,9618,5289781,56.88,22832,4863672,52.3,0,0,0,0,0,0
2021-04-05,54.04,0,45.96,10364,5300145,57,21277,4884949,52.53,0,0,0,0,0,0
2021-04-06,54.21,0,45.79,9034,5309179,57.09,16794,4901743,52.71,0,0,0,0,0,0
2021-04-07,54.36,0,45.64,8932,5318111,57.19,15313,4917056,52.88,0,0,0,0,0,0
2021-04-08,54.52,0,45.48,9431,5327542,57.29,17017,4934073,53.06,0,0,0,0,0,0
2021-04-09,54.58,0,45.42,3609,5331151,57.33,6259,4940332,53.13,0,0,0,0,0,0
2021-04-10,54.61,0,45.39,1636,5332787,57.35,3521,4943853,53.16,0,0,0,0,0,0
2021-04-11,54.78,0,45.22,9045,5341832,57.44,14249,4958102,53.32,0,0,0,0,0,0
2021-04-12,54.95,0,45.05,8936,5350768,57.54,13236,4971338,53.46,0,0,0,0,0,0
2021-04-13,55.08,0,44.92,5841,5356609,57.6,4960,4976298,53.51,0,0,0,0,0,0
2021-04-14,55.18,0,44.82,3651,5360260,57.64,5311,4981609,53.57,0,0,0,0,0,0
2021-04-15,55.27,0,44.73,698,5360958,57.65,582,4982191,53.58,0,0,0,0,0,0
2021-04-16,55.33,0,44.67,3419,5364377,57.69,6652,4988843,53.65,0,0,0,0,0,0
2021-04-17,55.35,0,44.65,822,5365199,57.69,1973,4990816,53.67,0,0,0,0,0,0
2021-04-18,55.47,0,44.53,7099,5372298,57.77,7433,4998249,53.75,0,0,0,0,0,0
2021-04-19,55.58,0,44.42,6407,5378705,57.84,7134,5005383,53.83,0,0,0,0,0,0
2021-04-20,55.65,0,44.35,6287,5384992,57.91,6889,5012272,53.9,0,0,0,0,0,0
2021-04-21,55.71,0,44.29,6381,5391373,57.98,7112,5019384,53.98,0,0,0,0,0,0
2021-04-22,55.75,0,44.25,5951,5397324,58.04,7690,5027074,54.06,0,0,0,0,0,0
2021-04-23,55.8,0,44.2,2768,5400092,58.07,3391,5030465,54.1,0,0,0,0,0,0
2021-04-24,55.82,0,44.18,768,5400860,58.08,1290,5031755,54.11,0,0,0,0,0,0
2021-04-25,55.89,0,44.11,4828,5405688,58.13,6925,5038680,54.18,0,0,0,0,0,0
2021-04-26,55.96,0,44.04,5479,5411167,58.19,7889,5046569,54.27,0,0,0,0,0,0
2021-04-27,56.03,0,43.97,4507,5415674,58.24,6627,5053196,54.34,0,0,0,0,0,0
2021-04-28,56.09,0,43.91,4501,5420175,58.29,7334,5060530,54.42,0,0,0,0,0,0
2021-04-29,56.16,0,43.84,4377,5424552,58.33,7296,5067826,54.5,0,0,0,0,0,0
2021-04-30,56.19,0,43.81,1924,5426476,58.35,3202,5071028,54.53,0,0,0,0,0,0
2021-05-01,56.2,0,43.8,458,5426934,58.36,895,5071923,54.54,0,0,0,0,0,0
2021-05-02,56.26,0,43.74,3225,5430159,58.39,6092,5078015,54.61,0,0,0,0,0,0
2021-05-03,56.32,0,43.68,3535,5433694,58.43,5835,5083850,54.67,0,0,0,0,0,0
2021-05-04,56.38,0,43.62,3593,5437287,58.47,4737,5088587,54.72,0,0,0,0,0,0
2021-05-05,56.44,0,43.56,3292,5440579,58.51,4093,5092680,54.76,0,0,0,0,0,0
2021-05-06,56.5,0,43.5,3645,5444224,58.54,3144,5095824,54.8,0,0,0,0,0,0
2021-05-07,56.52,0,43.48,1847,5446071,58.56,2509,5098333,54.83,0,0,0,0,0,0
2021-05-08,56.53,0,43.47,243,5446314,58.57,507,5098840,54.83,0,0,0,0,0,0
2021-05-09,56.58,0,43.42,2851,5449165,58.6,4751,5103591,54.88,0,0,0,0,0,0
2021-05-10,56.63,0,43.37,2897,5452062,58.63,4715,5108306,54.93,0,0,0,0,0,0
2021-05-11,56.67,0,43.33,2622,5454684,58.66,3881,5112187,54.97,0,0,0,0,0,0
2021-05-12,56.7,0,43.3,2034,5456718,58.68,3342,5115529,55.01,0,0,0,0,0,0
2021-05-13,56.73,0,43.27,2043,5458761,58.7,3687,5119216,55.05,0,0,0,0,0,0
2021-05-14,56.75,0,43.25,978,5459739,58.71,1494,5120710,55.07,0,0,0,0,0,0
2021-05-15,56.75,0,43.25,259,5459998,58.71,259,5120969,55.07,0,0,0,0,0,0
2021-05-16,56.78,0,43.22,529,5460527,58.72,1206,5122175,55.08,0,0,0,0,0,0
2021-05-17,56.81,0,43.19,302,5460829,58.72,848,5123023,55.09,0,0,0,0,0,0
2021-05-18,56.84,0,43.16,1963,5462792,58.74,4939,5127962,55.14,0,0,0,0,0,0
2021-05-19,56.87,0,43.13,2233,5465025,58.77,5042,5133004,55.2,0,0,0,0,0,0
2021-05-20,56.9,0,43.1,2312,5467337,58.79,3880,5136884,55.24,0,0,0,0,0,0
2021-05-21,56.92,0,43.08,1194,5468531,58.81,1414,5138298,55.25,0,0,0,0,0,0
2021-05-22,56.92,0,43.08,206,5468737,58.81,396,5138694,55.26,0,0,0,0,0,0
2021-05-23,56.94,0,43.06,2272,5471009,58.83,3216,5141910,55.29,0,0,0,0,0,0
2021-05-24,56.96,0,43.04,2139,5473148,58.86,3596,5145506,55.33,0,0,0,0,0,0
2021-05-25,56.99,0,43.01,1822,5474970,58.88,2588,5148094,55.36,0,0,0,0,0,0
2021-05-26,57.03,0,42.97,1414,5476384,58.89,2504,5150598,55.39,0,0,0,0,0,0
2021-05-27,57.06,0,42.94,1865,5478249,58.91,3188,5153786,55.42,0,0,0,0,0,0
2021-05-28,57.07,0,42.93,793,5479042,58.92,1406,5155192,55.44,0,0,0,0,0,0
2021-05-29,57.07,0,42.93,192,5479234,58.92,226,5155418,55.44,0,0,0,0,0,0
2021-05-30,57.1,0,42.9,1645,5480879,58.94,1937,5157355,55.46,0,0,0,0,0,0
2021-05-31,57.13,0,42.87,1740,5482619,58.96,2093,5159448,55.48,0,0,0,0,0,0
2021-06-01,57.47,0,42.53,1385,5484004,58.97,1823,5161271,55.5,0,0,0,0,0,0
2021-06-02,57.25,0,42.75,1514,5485518,58.99,1610,5162881,55.52,0,0,0,0,0,0
2021-06-03,57.27,0,42.73,1685,5487203,59.01,1493,5164374,55.54,0,0,0,0,0,0
2021-06-04,57.28,0,42.72,1102,5488305,59.02,784,5165158,55.54,0,0,0,0,0,0
2021-06-05,57.29,0,42.71,184,5488489,59.02,159,5165317,55.55,0,0,0,0,0,0
2021-06-06,57.31,0,42.69,4293,5492782,59.07,1002,5166319,55.56,0,0,0,0,0,0
2021-06-07,57.34,0,42.66,4439,5497221,59.11,814,5167133,55.56,0,0,0,0,0,0
2021-06-08,57.36,0,42.64,3739,5500960,59.15,1175,5168308,55.58,0,0,0,0,0,0
2021-06-09,57.4,0,42.6,3615,5504575,59.19,1331,5169639,55.59,0,0,0,0,0,0
2021-06-10,57.42,0,42.58,3364,5507939,59.23,1300,5170939,55.61,0,0,0,0,0,0
2021-06-11,57.43,0,42.57,1401,5509340,59.24,590,5171529,55.61,0,0,0,0,0,0
2021-06-12,57.43,0,42.57,222,5509562,59.25,173,5171702,55.61,0,0,0,0,0,0
2021-06-13,57.45,0,42.55,3101,5512663,59.28,1260,5172962,55.63,0,0,0,0,0,0
2021-06-14,57.46,0,42.54,3057,5515720,59.31,1532,5174494,55.64,0,0,0,0,0,0
2021-06-15,57.48,0,42.52,3136,5518856,59.35,1377,5175871,55.66,0,0,0,0,0,0
2021-06-16,57.49,0,42.51,2734,5521590,59.38,1004,5176875,55.67,0,0,0,0,0,0
2021-06-17,57.51,0,42.49,2733,5524323,59.41,1209,5178084,55.68,0,0,0,0,0,0
2021-06-18,57.52,0,42.48,1269,5525592,59.42,506,5178590,55.69,0,0,0,0,0,0
2021-06-19,57.52,0,42.48,242,5525834,59.42,139,5178729,55.69,0,0,0,0,0,0
2021-06-20,57.54,0,42.46,3317,5529151,59.46,1331,5180060,55.7,0,0,0,0,0,0
2021-06-21,57.56,0,42.44,5250,5534401,59.51,1218,5181278,55.72,0,0,0,0,0,0
2021-06-22,57.58,0,42.42,6935,5541336,59.59,1099,5182377,55.73,0,0,0,0,0,0
2021-06-23,57.6,0,42.4,10762,5552098,59.7,1304,5183681,55.74,0,0,0,0,0,0
2021-06-24,57.62,0,42.38,12051,5564149,59.83,1466,5185147,55.76,0,0,0,0,0,0
2021-06-25,57.62,0,42.38,7117,5571266,59.91,945,5186092,55.77,0,0,0,0,0,0
2021-06-26,57.63,0,42.37,2277,5573543,59.94,200,5186292,55.77,0,0,0,0,0,0
2021-06-27,57.65,0,42.35,13633,5587176,60.08,3438,5189730,55.81,0,0,0,0,0,0
2021-06-28,57.68,0,42.32,14518,5601694,60.24,3675,5193405,55.85,0,0,0,0,0,0
2021-06-29,57.69,0,42.31,16711,5618405,60.42,3745,5197150,55.89,0,0,0,0,0,0
2021-06-30,57.72,0,42.28,16486,5634891,60.59,3397,5200547,55.92,0,0,0,0,0,0
2021-07-01,57.78,0,42.22,16837,5651728,60.78,3381,5203928,55.96,121,121,0,0,0,0
2021-07-02,57.79,0,42.21,9836,5661564,60.88,1609,5205537,55.98,7,128,0,0,0,0
2021-07-03,57.79,0,42.21,2678,5664242,60.91,300,5205837,55.98,1,129,0,0,0,0
2021-07-04,57.85,0,42.15,17735,5681977,61.1,3161,5208998,56.02,2,131,0,0,0,0
2021-07-05,57.91,0,42.09,17850,5699827,61.29,3046,5212044,56.05,7,138,0,0,0,0
2021-07-06,57.99,0,42.01,17848,5717675,61.49,3410,5215454,56.08,11,149,0,0,0,0
2021-07-07,58.05,0,41.95,15531,5733206,61.65,2703,5218157,56.11,12,161,0,0,0,0
2021-07-08,58.12,0,41.88,16589,5749795,61.83,2882,5221039,56.14,17,178,0,0,0,0
2021-07-09,58.15,0,41.85,11125,5760920,61.95,1535,5222574,56.16,4,182,0,0,0,0
2021-07-10,58.15,0,41.85,4989,5765909,62,391,5222965,56.17,6,188,0,0,0,0
2021-07-11,58.22,0,41.78,1456,5767365,62.02,2847,5225812,56.2,8,196,0,0,0,0
2021-07-12,58.29,0,41.71,2427,5769792,62.05,3695,5229507,56.24,56,252,0,0,0,0
2021-07-13,58.36,0,41.64,2965,5772757,62.08,5460,5234967,56.29,124,376,0,0,0,0
2021-07-14,58.42,0,41.58,2747,5775504,62.11,7536,5242503,56.38,441,817,0.01,0,0,0
2021-07-15,58.5,0,41.5,3009,5778513,62.14,9302,5251805,56.48,374,1191,0.01,0,0,0
2021-07-16,58.54,0,41.46,1296,5779809,62.15,5898,5257703,56.54,66,1257,0.01,0,0,0
2021-07-17,58.55,0,41.44,372,5780181,62.16,1393,5259096,56.55,8,1265,0.01,0,0,0
2021-07-18,58.6,0,41.4,2074,5782255,62.18,9769,5268865,56.66,235,1500,0.02,0,0,0
2021-07-19,58.65,0,41.35,3211,5785466,62.21,11346,5280211,56.78,461,1961,0.02,0,0,0
2021-07-20,58.72,0,41.28,2690,5788156,62.24,11914,5292125,56.91,373,2334,0.03,0,0,0
2021-07-21,58.81,0,41.19,2408,5790564,62.27,11880,5304005,57.04,325,2659,0.03,0,0,0
2021-07-22,58.93,0,41.07,2877,5793441,62.3,13278,5317283,57.18,391,3050,0.03,0,0,0
2021-07-23,58.99,0,41.01,2038,5795479,62.32,8250,5325533,57.27,106,3156,0.03,0,0,0
2021-07-24,58.99,0,41,645,5796124,62.33,1486,5327019,57.28,7,3163,0.03,0,0,0
2021-07-25,59.1,0,40.89,4416,5800540,62.38,15499,5342518,57.45,223,3386,0.04,0,0,0
2021-07-26,59.24,0,40.75,5173,5805713,62.43,13533,5356051,57.6,325,3711,0.04,0,0,0
2021-07-27,59.37,0.01,40.62,5493,5811206,62.49,13579,5369630,57.74,414,4125,0.04,0,0,0
2021-07-28,59.5,0.01,40.49,3990,5815196,62.53,12345,5381975,57.88,472,4597,0.05,0,0,0
2021-07-29,59.65,0.01,40.33,4665,5819861,62.58,14201,5396176,58.03,532,5129,0.06,0,0,0
2021-07-30,59.74,0.02,40.25,2657,5822518,62.61,10856,5407032,58.14,4122,9251,0.1,0,0,0
2021-07-31,59.75,0.02,40.23,1407,5823925,62.63,3553,5410585,58.18,6159,15410,0.17,0,0,0
2021-08-01,59.91,0.02,40.06,3078,5827003,62.66,3366,5413951,58.22,31047,46457,0.5,0,0,0
2021-08-02,60.06,0.03,39.91,3134,5830137,62.69,3175,5417126,58.25,58514,104971,1.13,0,0,0
2021-08-03,60.21,0.03,39.76,3386,5833523,62.73,3330,5420456,58.29,78953,183924,1.98,0,0,0
2021-08-04,60.34,0.03,39.63,3534,5837057,62.77,3255,5423711,58.32,80765,264689,2.85,0,0,0
2021-08-05,60.49,0.04,39.47,4515,5841572,62.82,3570,5427281,58.36,88442,353131,3.8,0,0,0
2021-08-06,60.6,0.04,39.36,2437,5844009,62.84,1862,5429143,58.38,44744,397875,4.28,0,0,0
2021-08-07,60.63,0.04,39.32,1034,5845043,62.85,701,5429844,58.39,27353,425228,4.57,0,0,0
2021-08-08,60.68,0.04,39.28,4991,5850034,62.91,3082,5432926,58.42,80087,505315,5.43,0,0,0
2021-08-09,60.72,0.04,39.24,5341,5855375,62.97,3064,5435990,58.46,76489,581804,6.26,0,0,0
2021-08-10,60.75,0.04,39.2,5554,5860929,63.03,3208,5439198,58.49,75427,657231,7.07,0,0,0
2021-08-11,60.79,0.04,39.17,5695,5866624,63.09,2949,5442147,58.52,62642,719873,7.74,0,0,0
2021-08-12,60.83,0.04,39.12,7039,5873663,63.16,3290,5445437,58.56,59462,779335,8.38,0,0,0
2021-08-13,60.84,0.05,39.11,3821,5877484,63.2,2074,5447511,58.58,43872,823207,8.85,0,0,0
2021-08-14,60.85,0.05,39.1,2254,5879738,63.23,853,5448364,58.59,44486,867693,9.33,0,0,0
2021-08-15,60.89,0.05,39.06,7145,5886883,63.3,4530,5452894,58.64,97985,965678,10.38,0,0,0
2021-08-16,60.92,0.04,39.03,6991,5893874,63.38,4749,5457643,58.69,89521,1055199,11.35,0,0,0
2021-08-17,60.96,0.04,39,7573,5901447,63.46,5138,5462781,58.74,83320,1138519,12.24,0,0,0
2021-08-18,60.99,0.04,38.96,8643,5910090,63.55,4603,5467384,58.79,69267,1207786,12.99,0,0,0
2021-08-19,61.03,0.04,38.92,10082,5920172,63.66,5217,5472601,58.85,65976,1273762,13.7,0,0,0
2021-08-20,61.05,0.05,38.9,4768,5924940,63.71,2827,5475428,58.88,60453,1334215,14.35,0,0,0
2021-08-21,61.06,0.05,38.89,3499,5928439,63.75,1580,5477008,58.9,50725,1384940,14.89,0,0,0
2021-08-22,61.12,0.04,38.84,9824,5938263,63.86,4808,5481816,58.95,105110,1490050,16.02,0,0,0
2021-08-23,61.17,0.04,38.79,10923,5949186,63.97,4448,5486264,59,94033,1584083,17.03,0,0,0
2021-08-24,61.23,0.04,38.73,11723,5960909,64.1,4703,5490967,59.05,98555,1682638,18.09,0,0,0
2021-08-25,61.29,0.04,38.67,9612,5970521,64.2,4485,5495452,59.1,99557,1782195,19.16,0,0,0
2021-08-26,61.36,0.03,38.61,10109,5980630,64.31,5059,5500511,59.15,101231,1883426,20.25,0,0,0
2021-08-27,61.35,0.04,38.61,4325,5984955,64.36,2788,5503299,59.18,56696,1940122,20.86,0,0,0
2021-08-28,61.4,0.04,38.57,3702,5988657,64.4,1500,5504799,59.2,33540,1973662,21.22,0,0,0
2021-08-29,61.46,0.03,38.5,10323,5998980,64.51,5932,5510731,59.26,79550,2053212,22.08,0,0,0
2021-08-30,61.53,0.03,38.44,12334,6011314,64.64,7017,5517748,59.34,116009,2169221,23.33,0,0,0
2021-08-31,61.6,0.03,38.37,12077,6023391,64.77,6529,5524277,59.41,114878,2284099,24.56,0,0,0
2021-09-01,61.43,0.03,38.54,9033,6032424,64.87,6043,5530320,59.47,112492,2396591,25.77,0,0,0
2021-09-02,61.49,0.03,38.48,8784,6041208,64.96,7182,5537502,59.55,111546,2508137,26.97,0,0,0
2021-09-03,61.56,0.03,38.42,3751,6044959,65,4116,5541618,59.59,58886,2567023,27.6,0,0,0
2021-09-04,61.59,0.03,38.38,2691,6047650,65.03,2023,5543641,59.61,29953,2596976,27.93,0,0,0
2021-09-05,61.68,0.03,38.29,6991,6054641,65.11,6460,5550101,59.68,73326,2670302,28.72,0,0,0
2021-09-06,61.77,0.03,38.2,2836,6057477,65.14,2718,5552819,59.71,22798,2693100,28.96,0,0,0
2021-09-07,61.85,0.03,38.12,1201,6058678,65.15,879,5553698,59.72,5398,2698498,29.02,0,0,0
2021-09-08,61.93,0.03,38.05,1380,6060058,65.17,1196,5554894,59.73,6621,2705119,29.09,0,0,0
2021-09-09,62.02,0.03,37.95,7093,6067151,65.24,12573,5567467,59.87,73845,2778964,29.88,0,0,0
2021-09-10,62.06,0.03,37.91,3258,6070409,65.28,5016,5572483,59.92,37938,2816902,30.29,0,0,0
2021-09-11,62.08,0.03,37.89,2109,6072518,65.3,2509,5574992,59.95,14816,2831718,30.45,0,0,0
2021-09-12,62.16,0.03,37.81,6106,6078624,65.37,8589,5583581,60.04,54136,2885854,31.03,0,0,0
2021-09-13,62.15,0.03,37.82,5611,6084235,65.43,8265,5591846,60.13,47983,2933837,31.55,0,0,0
2021-09-14,62.2,0.03,37.77,4963,6089198,65.48,7424,5599270,60.21,48856,2982693,32.07,0,0,0
2021-09-15,62.25,0.03,37.72,1750,6090948,65.5,2718,5601988,60.24,16687,2999380,32.25,0,0,0
2021-09-16,62.37,0.03,37.6,343,6091291,65.5,549,5602537,60.25,1740,3001120,32.27,0,0,0
2021-09-17,62.42,0.03,37.54,3683,6094974,65.54,7022,5609559,60.32,42905,3044025,32.73,0,0,0
2021-09-18,62.45,0.03,37.52,2258,6097232,65.57,2946,5612505,60.35,12783,3056808,32.87,0,0,0
2021-09-19,62.55,0.03,37.42,5942,6103174,65.63,10712,5623217,60.47,44332,3101140,33.35,0,0,0
2021-09-20,62.63,0.03,37.34,3246,6106420,65.67,4646,5627863,60.52,16708,3117848,33.53,0,0,0
2021-09-21,62.69,0.03,37.28,1340,6107760,65.68,2066,5629929,60.54,3477,3121325,33.57,0,0,0
2021-09-22,62.72,0.03,37.25,4260,6112020,65.73,7250,5637179,60.62,25072,3146397,33.83,0,0,0
2021-09-23,62.75,0.03,37.22,4390,6116410,65.77,5916,5643095,60.68,27834,3174231,34.13,0,0,0
2021-09-24,62.82,0.03,37.15,3202,6119612,65.81,4185,5647280,60.73,27723,3201954,34.43,0,0,0
2021-09-25,62.85,0.03,37.12,2080,6121692,65.83,2263,5649543,60.75,10443,3212397,34.54,0,0,0
2021-09-26,62.96,0.03,37,5603,6127295,65.89,5973,5655516,60.82,36271,3248668,34.93,0,0,0
2021-09-27,63.02,0.03,36.94,4696,6131991,65.94,4469,5659985,60.86,30457,3279125,35.26,0,0,0
2021-09-28,63.06,0.04,36.91,1472,6133463,65.96,1184,5661169,60.88,6249,3285374,35.33,0,0,0
2021-09-29,63.13,0.03,36.84,9622,6143085,66.06,8349,5669518,60.97,60325,3345699,35.98,0,0,0
2021-09-30,63.18,0.03,36.79,10976,6154061,66.18,8579,5678097,61.06,79702,3425401,36.84,0,0,0
2021-10-01,63.23,0.03,36.73,5126,6159187,66.23,3875,5681972,61.1,46546,3471947,37.34,0,0,0
2021-10-02,63.26,0.03,36.71,2865,6162052,66.26,2127,5684099,61.12,22432,3494379,37.58,0,0,0
2021-10-03,63.35,0.03,36.62,11667,6173719,66.39,7276,5691375,61.2,70726,3565105,38.34,0,0,0
2021-10-04,63.4,0.03,36.57,10320,6184039,66.5,6759,5698134,61.27,51913,3617018,38.9,0,0,0
2021-10-05,63.41,0.03,36.55,8461,6192500,66.59,5314,5703448,61.33,40479,3657497,39.33,0,0,0
2021-10-06,63.52,0.03,36.45,7543,6200043,66.67,4185,5707633,61.38,34150,3691647,39.7,0,0,0
2021-10-07,63.63,0.03,36.34,6895,6206938,66.75,4009,5711642,61.42,34068,3725715,40.06,0,0,0
2021-10-08,63.68,0.03,36.29,3086,6210024,66.78,2643,5714285,61.45,19250,3744965,40.27,0,0,0
2021-10-09,63.71,0.03,36.26,1341,6211365,66.79,1444,5715729,61.46,7441,3752406,40.35,0,0,0
2021-10-10,63.82,0.04,36.14,4676,6216041,66.84,3747,5719476,61.5,21519,3773925,40.58,0,0,0
2021-10-11,63.91,0.04,36.05,4299,6220340,66.89,2944,5722420,61.54,17269,3791194,40.77,0,0,0
2021-10-12,63.99,0.05,35.96,3977,6224317,66.93,3007,5725427,61.57,15357,3806551,40.93,0,0,0
2021-10-13,64.09,0.05,35.86,3487,6227804,66.97,2451,5727878,61.59,13587,3820138,41.08,0,0,0
2021-10-14,64.19,0.06,35.75,3870,6231674,67.01,2685,5730563,61.62,16569,3836707,41.26,0,0,0
2021-10-15,64.23,0.07,35.7,1703,6233377,67.03,1685,5732248,61.64,9010,3845717,41.35,0,0,0
2021-10-16,64.25,0.08,35.67,729,6234106,67.04,956,5733204,61.65,4035,3849752,41.4,0,0,0
2021-10-17,64.36,0.09,35.56,3090,6237196,67.07,2526,5735730,61.68,12798,3862550,41.54,0,0,0
2021-10-18,64.43,0.1,35.47,2460,6239656,67.1,1691,5737421,61.7,10069,3872619,41.64,0,0,0
2021-10-19,64.49,0.1,35.4,2399,6242055,67.12,1284,5738705,61.71,9294,3881913,41.74,0,0,0
2021-10-20,64.14,0.52,35.34,2435,6244490,67.15,2304,5741009,61.74,10102,3892015,41.85,0,0,0
2021-10-21,54.23,10.41,35.36,3034,6247524,67.18,3097,5744106,61.77,12163,3904178,41.98,0,0,0
2021-10-22,54.36,10.26,35.38,1279,6248803,67.2,1437,5745543,61.78,5840,3910018,42.05,0,0,0
2021-10-23,54.42,10.19,35.39,574,6249377,67.2,1266,5746809,61.8,2564,3912582,42.07,0,0,0
2021-10-24,54.22,10.43,35.35,2517,6251894,67.23,2653,5749462,61.83,9855,3922437,42.18,0,0,0
2021-10-25,54.59,10.22,35.19,2638,6254532,67.26,2752,5752214,61.86,8511,3930948,42.27,0,0,0
2021-10-26,54.64,10.26,35.1,2381,6256913,67.28,2059,5754273,61.88,8529,3939477,42.36,0,0,0
2021-10-27,54.58,10.37,35.06,2292,6259205,67.31,2566,5756839,61.91,7959,3947436,42.45,0,0,0
2021-10-28,54.69,10.76,34.55,2504,6261709,67.34,2782,5759621,61.94,8674,3956110,42.54,0,0,0
2021-10-29,54.73,10.75,34.52,901,6262610,67.34,1154,5760775,61.95,4138,3960248,42.59,0,0,0
2021-10-30,54.68,10.81,34.52,366,6262976,67.35,530,5761305,61.95,1712,3961960,42.6,0,0,0
2021-10-31,54.83,10.7,34.47,2261,6265237,67.37,2495,5763800,61.98,8256,3970216,42.69,0,0,0
2021-11-01,54.95,10.63,34.42,1737,6266974,67.39,2093,5765893,62,6480,3976696,42.76,0,0,0
2021-11-02,54.89,10.69,34.42,2026,6269000,67.41,2048,5767941,62.03,6296,3982992,42.83,0,0,0
2021-11-03,54.86,10.75,34.39,1764,6270764,67.43,1897,5769838,62.05,5556,3988548,42.89,0,0,0
2021-11-04,54.85,10.81,34.33,2111,6272875,67.46,2802,5772640,62.08,7133,3995681,42.97,0,0,0
2021-11-05,54.85,10.83,34.32,790,6273665,67.46,905,5773545,62.09,3487,3999168,43.01,0,0,0
2021-11-06,54.82,10.86,34.32,347,6274012,67.47,389,5773934,62.09,1375,4000543,43.02,0,0,0
2021-11-07,54.92,10.8,34.28,1578,6275590,67.48,1769,5775703,62.11,6134,4006677,43.09,0,0,0
2021-11-08,55.01,10.75,34.24,1520,6277110,67.5,1603,5777306,62.13,5406,4012083,43.14,0,0,0
2021-11-09,55.05,10.74,34.21,1428,6278538,67.52,1611,5778917,62.14,5332,4017415,43.2,0,0,0
2021-11-10,55.08,10.73,34.19,1424,6279962,67.53,1661,5780578,62.16,4779,4022194,43.25,0,0,0
2021-11-11,55.15,10.69,34.15,1628,6281590,67.55,1947,5782525,62.18,5718,4027912,43.31,0,0,0
2021-11-12,55.17,10.69,34.14,637,6282227,67.56,826,5783351,62.19,2925,4030837,43.35,0,0,0
2021-11-13,55.14,10.72,34.14,257,6282484,67.56,290,5783641,62.19,1130,4031967,43.36,0,0,0
2021-11-14,55.21,10.68,34.11,1536,6284020,67.58,1639,5785280,62.21,5111,4037078,43.41,0,0,0
2021-11-15,55.28,10.63,34.09,1275,6285295,67.59,1626,5786906,62.23,4770,4041848,43.46,0,0,0
2021-11-16,55.32,10.62,34.07,1275,6286570,67.6,1419,5788325,62.24,4349,4046197,43.51,0,0,0
2021-11-17,55.35,10.6,34.05,1208,6287778,67.62,1567,5789892,62.26,3915,4050112,43.55,0,0,0
2021-11-18,55.41,10.58,34.02,1364,6289142,67.63,1693,5791585,62.28,5012,4055124,43.61,0,0,0
2021-11-19,55.42,10.57,34.01,588,6289730,67.64,763,5792348,62.29,2460,4057584,43.63,0,0,0
2021-11-20,55.41,10.58,34,238,6289968,67.64,258,5792606,62.29,929,4058513,43.64,0,0,0
2021-11-21,55.47,10.54,33.98,1409,6291377,67.65,1542,5794148,62.31,4881,4063394,43.7,0,0,0
2021-11-22,55.54,10.5,33.96,1681,6293058,67.67,1523,5795671,62.32,4238,4067632,43.74,0,0,0
2021-11-23,55.57,10.48,33.95,8620,6301678,67.77,1688,5797359,62.34,4012,4071644,43.78,0,0,0
2021-11-24,55.6,10.44,33.95,9350,6311028,67.87,1319,5798678,62.36,3924,4075568,43.83,0,0,0
2021-11-25,55.64,10.43,33.93,9812,6320840,67.97,1600,5800278,62.37,4841,4080409,43.88,0,0,0
2021-11-26,55.63,10.45,33.92,5609,6326449,68.03,748,5801026,62.38,2805,4083214,43.91,0,0,0
2021-11-27,55.62,10.46,33.92,4779,6331228,68.08,324,5801350,62.38,1164,4084378,43.92,0,0,0
2021-11-28,55.67,10.43,33.9,10151,6341379,68.19,1481,5802831,62.4,4904,4089282,43.97,0,0,0
2021-11-29,55.73,10.39,33.88,9043,6350422,68.29,1134,5803965,62.41,4376,4093658,44.02,0,0,0
2021-11-30,55.77,10.37,33.86,10044,6360466,68.4,1037,5805002,62.42,4084,4097742,44.07,0,0,0
2021-12-01,55.79,10.36,33.84,8631,6369097,68.49,1097,5806099,62.44,4444,4102186,44.11,5,5,0
2021-12-02,55.84,10.34,33.82,9178,6378275,68.59,1456,5807555,62.45,5125,4107311,44.17,6,11,0
2021-12-03,55.86,10.33,33.81,6334,6384609,68.66,673,5808228,62.46,2868,4110179,44.2,1,12,0
2021-12-04,55.85,10.34,33.81,2509,6387118,68.68,238,5808466,62.46,925,4111104,44.21,3,15,0
2021-12-05,55.9,10.31,33.79,8335,6395453,68.77,1254,5809720,62.47,4683,4115787,44.26,1,16,0
2021-12-06,55.95,10.27,33.78,6722,6402175,68.85,1200,5810920,62.49,4351,4120138,44.31,4,20,0
2021-12-07,55.99,10.25,33.76,5553,6407728,68.91,1506,5812426,62.5,3966,4124104,44.35,9,29,0
2021-12-08,56.03,10.22,33.75,4936,6412664,68.96,1200,5813626,62.52,3884,4127988,44.39,10,39,0
2021-12-09,56.08,10.19,33.73,6239,6418903,69.03,1241,5814867,62.53,4508,4132496,44.44,8,47,0
2021-12-10,56.1,10.18,33.72,3006,6421909,69.06,704,5815571,62.54,2687,4135183,44.47,4,51,0
2021-12-11,56.1,10.18,33.71,1491,6423400,69.07,255,5815826,62.54,1021,4136204,44.48,0,51,0
2021-12-12,56.16,10.15,33.69,7274,6430674,69.15,1444,5817270,62.56,5248,4141452,44.54,3,54,0
2021-12-13,56.21,10.11,33.67,6183,6436857,69.22,1377,5818647,62.57,4351,4145803,44.58,5,59,0
2021-12-14,56.27,10.09,33.65,7317,6444174,69.3,6099,5824746,62.64,4941,4150744,44.64,12,71,0
2021-12-15,56.34,10.06,33.6,7205,6451379,69.37,7408,5832154,62.72,5446,4156190,44.69,7,78,0
2021-12-16,56.53,10.05,33.42,8079,6459458,69.46,8614,5840768,62.81,6564,4162754,44.76,8,86,0
2021-12-17,56.64,10.05,33.3,4406,6463864,69.51,5139,5845907,62.86,3954,4166708,44.81,3,89,0
2021-12-18,56.73,10.07,33.2,3941,6467805,69.55,2914,5848821,62.9,1361,4168069,44.82,2,91,0
2021-12-19,56.92,10.04,33.04,6978,6474783,69.63,9332,5858153,63,6275,4174344,44.89,6,97,0
2021-12-20,57.07,10.02,32.91,7972,6482755,69.71,7518,5865671,63.08,5447,4179791,44.95,9,106,0
2021-12-21,57.27,10.01,32.71,9549,6492304,69.81,8649,5874320,63.17,6492,4186283,45.02,8,114,0
2021-12-22,57.49,10,32.52,9664,6501968,69.92,8154,5882474,63.26,6254,4192537,45.08,12,126,0
2021-12-23,57.7,9.97,32.33,11539,6513507,70.04,10265,5892739,63.37,8160,4200697,45.17,18,144,0
2021-12-24,57.83,9.96,32.21,5873,6519380,70.11,6243,5898982,63.43,5281,4205978,45.23,12,156,0
2021-12-25,57.9,9.96,32.15,3338,6522718,70.14,2566,5901548,63.46,2021,4207999,45.25,6,162,0
2021-12-26,58.1,9.92,31.98,10653,6533371,70.26,8909,5910457,63.56,8201,4216200,45.34,8,170,0
2021-12-27,58.27,9.9,31.83,10371,6543742,70.37,7144,5917601,63.63,8188,4224388,45.43,21,191,0
2021-12-28,58.46,9.88,31.66,11375,6555117,70.49,7453,5925054,63.72,9642,4234030,45.53,24,215,0
2021-12-29,58.64,9.85,31.51,9933,6565050,70.6,5964,5931018,63.78,8376,4242406,45.62,21,236,0
2021-12-30,58.84,9.82,31.34,11012,6576062,70.72,7735,5938753,63.86,12241,4254647,45.75,10,246,0
2021-12-31,58.9,9.79,31.3,4829,6580891,70.77,3672,5942425,63.9,7296,4261943,45.83,135,381,0
2022-01-01,58.93,9.79,31.28,1993,6582884,70.79,1592,5944017,63.92,2741,4264684,45.86,66,447,0
2022-01-02,59.14,9.76,31.1,10217,6593101,70.9,6487,5950504,63.99,13002,4277686,46,590,1037,0.01
2022-01-03,59.29,9.71,31,9384,6602485,71,5259,5955763,64.05,11342,4289028,46.12,25055,26092,0.28
2022-01-04,59.46,9.68,30.86,8966,6611451,71.1,5950,5961713,64.11,10526,4299554,46.24,50660,76752,0.83
2022-01-05,59.56,9.65,30.79,8553,6620004,71.19,5740,5967453,64.17,10494,4310048,46.35,59590,136342,1.47
2022-01-06,59.81,9.63,30.56,10339,6630343,71.3,7959,5975412,64.26,13530,4323578,46.49,64001,200343,2.15
2022-01-07,59.89,9.61,30.49,4760,6635103,71.35,4556,5979968,64.31,8166,4331744,46.58,31135,231478,2.49
2022-01-08,59.9,9.64,30.46,2750,6637853,71.38,2451,5982419,64.33,5501,4337245,46.64,27632,259110,2.79
2022-01-09,60.06,9.59,30.35,9306,6647159,71.48,7723,5990142,64.42,11871,4349116,46.77,66765,325875,3.5
2022-01-10,60.21,9.54,30.25,8349,6655508,71.57,7647,5997789,64.5,11882,4360998,46.9,64777,390652,4.2
2022-01-11,60.38,9.49,30.13,8099,6663607,71.66,8622,6006411,64.59,11974,4372972,47.02,56658,447310,4.81
2022-01-12,60.51,9.45,30.04,7277,6670884,71.74,8303,6014714,64.68,11114,4384086,47.14,44631,491941,5.29
2022-01-13,60.7,9.35,29.94,7509,6678393,71.82,9618,6024332,64.78,11545,4395631,47.27,34767,526708,5.66
2022-01-14,60.79,9.31,29.9,2555,6680948,71.84,4935,6029267,64.84,6145,4401776,47.33,11142,537850,5.78
2022-01-15,60.83,9.29,29.87,1469,6682417,71.86,3170,6032437,64.87,3884,4405660,47.38,5716,543566,5.85
2022-01-16,60.97,9.2,29.82,3818,6686235,71.9,8526,6040963,64.96,7682,4413342,47.46,19992,563558,6.06
2022-01-17,61.09,9.13,29.78,2808,6689043,71.93,7047,6048010,65.04,6173,4419515,47.53,17833,581391,6.25
2022-01-18,61.23,9.07,29.7,2475,6691518,71.96,7386,6055396,65.12,5535,4425050,47.58,14817,596208,6.41
2022-01-19,61.37,8.98,29.65,1915,6693433,71.98,6369,6061765,65.19,4522,4429572,47.63,8461,604669,6.5
2022-01-20,61.44,8.85,29.71,1777,6695210,72,6971,6068736,65.26,4793,4434365,47.69,8041,612710,6.59
2022-01-21,61.51,8.81,29.68,905,6696115,72.01,3725,6072461,65.3,2646,4437011,47.71,3358,616068,6.62
2022-01-22,61.51,8.75,29.74,328,6696443,72.01,1461,6073922,65.32,1067,4438078,47.72,1113,617181,6.64
2022-01-23,61.61,8.7,29.69,1068,6697511,72.02,5632,6079554,65.38,2879,4440957,47.76,6083,623264,6.7
2022-01-24,61.73,8.62,29.65,759,6698270,72.03,4481,6084035,65.42,2270,4443227,47.78,5055,628319,6.76
2022-01-25,61.9,8.51,29.59,744,6699014,72.04,4401,6088436,65.47,2186,4445413,47.8,7102,635421,6.83
2022-01-26,62.02,8.42,29.57,615,6699629,72.04,3285,6091721,65.51,1612,4447025,47.82,4262,639683,6.88
2022-01-27,62.12,8.35,29.52,798,6700427,72.05,4406,6096127,65.55,2005,4449030,47.84,5441,645124,6.94
2022-01-28,62.16,8.33,29.5,397,6700824,72.06,2376,6098503,65.58,1181,4450211,47.86,3452,648576,6.97
2022-01-29,62.23,8.29,29.48,124,6700948,72.06,1046,6099549,65.59,424,4450635,47.86,1162,649738,6.99
2022-01-30,62.3,8.24,29.46,769,6701717,72.07,4720,6104269,65.64,2020,4452655,47.88,8099,657837,7.07
2022-01-31,62.39,8.17,29.43,528,6702245,72.07,3184,6107453,65.68,1610,4454265,47.9,6472,664309,7.14
2022-02-01,62.45,8.15,29.4,482,6702727,72.08,2808,6110261,65.71,1526,4455791,47.92,5722,670031,7.21
2022-02-02,62.28,8.13,29.59,375,6703102,72.08,2395,6112656,65.73,1385,4457176,47.93,5073,675104,7.26
2022-02-03,62.34,8.08,29.57,446,6703548,72.09,2776,6115432,65.76,1462,4458638,47.95,5607,680711,7.32
2022-02-04,62.37,8.06,29.57,174,6703722,72.09,991,6116423,65.77,757,4459395,47.95,2455,683166,7.35
2022-02-05,62.34,8.09,29.56,62,6703784,72.09,342,6116765,65.78,221,4459616,47.96,420,683586,7.35
2022-02-06,62.41,8.05,29.55,407,6704191,72.09,2320,6119085,65.8,1344,4460960,47.97,5686,689272,7.41
2022-02-07,62.47,8.01,29.52,283,6704474,72.1,1308,6120393,65.82,983,4461943,47.98,5960,695232,7.48
2022-02-08,62.54,7.97,29.49,317,6704791,72.1,1498,6121891,65.83,1068,4463011,47.99,6137,701369,7.54
2022-02-09,62.6,7.95,29.45,254,6705045,72.1,1102,6122993,65.84,946,4463957,48,4570,705939,7.59
2022-02-10,62.63,7.93,29.44,273,6705318,72.11,1293,6124286,65.86,936,4464893,48.01,4815,710754,7.64
2022-02-11,62.67,7.91,29.42,211,6705529,72.11,557,6124843,65.86,518,4465411,48.02,2540,713294,7.67
2022-02-12,62.67,7.91,29.41,32,6705561,72.11,90,6124933,65.86,136,4465547,48.02,269,713563,7.67
2022-02-13,62.73,7.87,29.39,286,6705847,72.11,946,6125879,65.87,966,4466513,48.03,4998,718561,7.73
2022-02-14,62.89,7.74,29.36,179,6706026,72.11,629,6126508,65.88,760,4467273,48.04,3142,721703,7.76
2022-02-15,62.92,7.73,29.35,266,6706292,72.12,763,6127271,65.89,937,4468210,48.05,3819,725522,7.8
2022-02-16,62.95,7.72,29.34,179,6706471,72.12,577,6127848,65.9,803,4469013,48.06,2488,728010,7.83
2022-02-17,62.96,7.7,29.34,247,6706718,72.12,740,6128588,65.9,775,4469788,48.07,3061,731071,7.86
2022-02-18,62.98,7.69,29.33,130,6706848,72.12,343,6128931,65.91,439,4470227,48.07,1119,732190,7.87
2022-02-19,62.99,7.69,29.32,33,6706881,72.12,84,6129015,65.91,82,4470309,48.07,80,732270,7.87
2022-02-20,63.01,7.67,29.32,204,6707085,72.12,604,6129619,65.91,723,4471032,48.08,2574,734844,7.9
2022-02-21,63.04,7.65,29.31,173,6707258,72.13,413,6130032,65.92,489,4471521,48.08,1542,736386,7.92
2022-02-22,63.05,7.65,29.3,158,6707416,72.13,455,6130487,65.92,570,4472091,48.09,1871,738257,7.94
2022-02-23,63.06,7.65,29.29,109,6707525,72.13,353,6130840,65.93,453,4472544,48.1,1153,739410,7.95
2022-02-24,63.05,7.66,29.29,138,6707663,72.13,463,6131303,65.93,568,4473112,48.1,1493,740903,7.97
2022-02-25,63.06,7.66,29.28,59,6707722,72.13,144,6131447,65.93,193,4473305,48.1,456,741359,7.97
2022-02-26,63.05,7.67,29.28,17,6707739,72.13,28,6131475,65.93,161,4473466,48.11,35,741394,7.97
2022-02-27,63.05,7.67,29.28,112,6707851,72.13,341,6131816,65.94,448,4473914,48.11,1119,742513,7.98
2022-02-28,63.07,7.65,29.28,108,6707959,72.13,271,6132087,65.94,424,4474338,48.11,908,743421,7.99
2022-03-01,63.1,7.63,29.27,95,6708054,72.14,280,6132367,65.94,373,4474711,48.12,797,744218,8
2022-03-02,63.11,7.62,29.27,77,6708131,72.14,199,6132566,65.95,324,4475035,48.12,698,744916,8.01
2022-03-03,63.05,7.67,29.27,157,6708288,72.14,371,6132937,65.95,498,4475533,48.13,987,745903,8.02
2022-03-04,63.05,7.68,29.27,53,6708341,72.14,170,6133107,65.95,170,4475703,48.13,228,746131,8.02
2022-03-05,63.04,7.69,29.27,4,6708345,72.14,25,6133132,65.95,44,4475747,48.13,32,746163,8.02
2022-03-06,63.04,7.69,29.27,98,6708443,72.14,259,6133391,65.96,417,4476164,48.13,760,746923,8.03
2022-03-07,63.05,7.69,29.26,86,6708529,72.14,260,6133651,65.96,354,4476518,48.14,605,747528,8.04
2022-03-08,63.04,7.7,29.26,99,6708628,72.14,263,6133914,65.96,333,4476851,48.14,550,748078,8.04
2022-03-09,63.02,7.72,29.25,89,6708717,72.14,213,6134127,65.96,337,4477188,48.15,492,748570,8.05
2022-03-10,63.01,7.74,29.25,115,6708832,72.14,375,6134502,65.97,428,4477616,48.15,620,749190,8.06
2022-03-11,63,7.75,29.25,24,6708856,72.14,86,6134588,65.97,123,4477739,48.15,144,749334,8.06
2022-03-12,62.98,7.77,29.24,11,6708867,72.14,12,6134600,65.97,34,4477773,48.15,28,749362,8.06
2022-03-13,62.98,7.78,29.24,100,6708967,72.14,271,6134871,65.97,358,4478131,48.16,595,749957,8.06
2022-03-14,62.98,7.78,29.24,66,6709033,72.15,253,6135124,65.97,316,4478447,48.16,559,750516,8.07
2022-03-15,62.95,7.81,29.24,80,6709113,72.15,185,6135309,65.98,293,4478740,48.16,591,751107,8.08
2022-03-16,62.94,7.82,29.24,77,6709190,72.15,205,6135514,65.98,305,4479045,48.17,668,751775,8.08
2022-03-17,62.94,7.82,29.24,65,6709255,72.15,122,6135636,65.98,286,4479331,48.17,613,752388,8.09
2022-03-18,62.94,7.82,29.24,20,6709275,72.15,54,6135690,65.98,100,4479431,48.17,234,752622,8.09
2022-03-19,62.89,7.88,29.23,6,6709281,72.15,11,6135701,65.98,29,4479460,48.17,39,752661,8.09
2022-03-20,62.87,7.89,29.23,119,6709400,72.15,260,6135961,65.98,486,4479946,48.18,1431,754092,8.11
2022-03-21,62.87,7.9,29.23,97,6709497,72.15,247,6136208,65.99,379,4480325,48.18,1132,755224,8.12
2022-03-22,62.84,7.94,29.23,141,6709638,72.15,342,6136550,65.99,508,4480833,48.18,1770,756994,8.14
2022-03-23,62.81,7.97,29.22,108,6709746,72.15,212,6136762,65.99,463,4481296,48.19,1677,758671,8.16
2022-03-24,62.78,8,29.22,174,6709920,72.16,345,6137107,66,769,4482065,48.2,2363,761034,8.18
2022-03-25,62.78,8,29.23,39,6709959,72.16,82,6137189,66,159,4482224,48.2,630,761664,8.19
2022-03-26,62.77,8,29.22,12,6709971,72.16,13,6137202,66,34,4482258,48.2,91,761755,8.19
2022-03-27,62.75,8.02,29.22,167,6710138,72.16,344,6137546,66,758,4483016,48.21,3193,764948,8.23
2022-03-28,62.75,8.03,29.22,113,6710251,72.16,270,6137816,66,623,4483639,48.21,2416,767364,8.25
2022-03-29,62.7,8.07,29.22,125,6710376,72.16,258,6138074,66.01,641,4484280,48.22,2772,770136,8.28
2022-03-30,62.81,8.11,29.07,132,6710508,72.16,208,6138282,66.01,541,4484821,48.23,2370,772506,8.31
2022-03-31,62.79,8.11,29.1,166,6710674,72.16,302,6138584,66.01,730,4485551,48.24,2853,775359,8.34
2022-04-01,62.72,8.13,29.15,122,6710796,72.16,161,6138745,66.01,277,4485828,48.24,588,775947,8.34
2022-04-02,62.69,8.15,29.16,7,6710803,72.16,7,6138752,66.01,37,4485865,48.24,52,775999,8.34
2022-04-03,62.65,8.16,29.19,159,6710962,72.17,270,6139022,66.02,569,4486434,48.24,2478,778477,8.37
2022-04-04,62.62,8.16,29.22,103,6711065,72.17,208,6139230,66.02,484,4486918,48.25,2225,780702,8.4
2022-04-05,62.57,8.19,29.25,122,6711187,72.17,221,6139451,66.02,513,4487431,48.26,2243,782945,8.42
2022-04-06,62.55,8.2,29.25,91,6711278,72.17,157,6139608,66.02,382,4487813,48.26,2023,784968,8.44
2022-04-07,62.56,8.2,29.24,191,6711469,72.17,215,6139823,66.02,641,4488454,48.27,2556,787524,8.47
2022-04-08,62.54,8.22,29.23,30,6711499,72.17,61,6139884,66.03,154,4488608,48.27,482,788006,8.47
2022-04-09,62.52,8.25,29.23,6,6711505,72.17,17,6139901,66.03,28,4488636,48.27,47,788053,8.47
2022-04-10,62.51,8.26,29.23,103,6711608,72.17,264,6140165,66.03,429,4489065,48.27,1845,789898,8.49
2022-04-11,62.54,8.26,29.2,78,6711686,72.17,201,6140366,66.03,371,4489436,48.28,1425,791323,8.51
2022-04-12,62.58,8.29,29.12,204,6711890,72.18,168,6140534,66.03,376,4489812,48.28,1360,792683,8.52
2022-04-13,62.58,8.31,29.1,117,6712007,72.18,150,6140684,66.03,298,4490110,48.28,1218,793901,8.54
2022-04-14,62.57,8.33,29.1,85,6712092,72.18,221,6140905,66.04,321,4490431,48.29,1069,794970,8.55
2022-04-15,62.55,8.35,29.1,9,6712101,72.18,51,6140956,66.04,48,4490479,48.29,82,795052,8.55
2022-04-16,62.53,8.37,29.1,3,6712104,72.18,8,6140964,66.04,21,4490500,48.29,29,795081,8.55
2022-04-17,62.52,8.38,29.1,62,6712166,72.18,131,6141095,66.04,229,4490729,48.29,807,795888,8.56
2022-04-18,62.51,8.38,29.1,69,6712235,72.18,109,6141204,66.04,252,4490981,48.29,750,796638,8.57
2022-04-19,62.5,8.4,29.1,62,6712297,72.18,145,6141349,66.04,273,4491254,48.3,842,797480,8.58
2022-04-20,62.48,8.42,29.1,60,6712357,72.18,117,6141466,66.04,235,4491489,48.3,656,798136,8.58
2022-04-21,62.47,8.43,29.1,53,6712410,72.18,109,6141575,66.04,197,4491686,48.3,479,798615,8.59
2022-04-22,62.45,8.44,29.11,3,6712413,72.18,17,6141592,66.04,19,4491705,48.3,20,798635,8.59
2022-04-23,62.43,8.46,29.11,6,6712419,72.18,9,6141601,66.04,16,4491721,48.3,13,798648,8.59
2022-04-24,62.43,8.47,29.1,92,6712511,72.18,250,6141851,66.05,329,4492050,48.31,872,799520,8.6
2022-04-25,62.43,8.47,29.1,105,6712616,72.18,191,6142042,66.05,316,4492366,48.31,739,800259,8.61
2022-04-26,62.42,8.48,29.1,76,6712692,72.19,175,6142217,66.05,304,4492670,48.31,788,801047,8.61
2022-04-27,62.41,8.49,29.1,54,6712746,72.19,160,6142377,66.05,227,4492897,48.31,640,801687,8.62
2022-04-28,62.41,8.5,29.1,96,6712842,72.19,232,6142609,66.05,329,4493226,48.32,872,802559,8.63
2022-04-29,62.39,8.51,29.1,112,6712954,72.19,159,6142768,66.06,184,4493410,48.32,196,802755,8.63
2022-04-30,62.38,8.52,29.1,1,6712955,72.19,3,6142771,66.06,24,4493434,48.32,22,802777,8.63
2022-05-01,62.38,8.53,29.09,135,6713090,72.19,185,6142956,66.06,317,4493751,48.32,630,803407,8.64
2022-05-02,62.37,8.54,29.09,62,6713152,72.19,155,6143111,66.06,235,4493986,48.33,491,803898,8.64
2022-05-03,62.36,8.55,29.09,73,6713225,72.19,151,6143262,66.06,288,4494274,48.33,508,804406,8.65
2022-05-04,62.35,8.57,29.08,23,6713248,72.19,56,6143318,66.06,63,4494337,48.33,129,804535,8.65
2022-05-05,62.34,8.58,29.08,5,6713253,72.19,1,6143319,66.06,8,4494345,48.33,14,804549,8.65
2022-05-06,62.33,8.59,29.08,20,6713273,72.19,59,6143378,66.06,63,4494408,48.33,154,804703,8.65
2022-05-07,62.32,8.6,29.08,1,6713274,72.19,7,6143385,66.06,27,4494435,48.33,24,804727,8.65
2022-05-08,62.31,8.61,29.08,118,6713392,72.19,207,6143592,66.07,270,4494705,48.33,457,805184,8.66
2022-05-09,62.31,8.61,29.08,59,6713451,72.19,162,6143754,66.07,251,4494956,48.34,505,805689,8.66
2022-05-10,62.3,8.62,29.08,131,6713582,72.19,169,6143923,66.07,261,4495217,48.34,508,806197,8.67
2022-05-11,62.3,8.63,29.08,58,6713640,72.2,118,6144041,66.07,183,4495400,48.34,464,806661,8.67
2022-05-12,62.29,8.64,29.07,119,6713759,72.2,200,6144241,66.07,280,4495680,48.34,666,807327,8.68
2022-05-13,62.28,8.65,29.07,11,6713770,72.2,44,6144285,66.07,71,4495751,48.35,110,807437,8.68
2022-05-14,62.26,8.66,29.07,6,6713776,72.2,13,6144298,66.07,14,4495765,48.35,24,807461,8.68
2022-05-15,62.26,8.67,29.07,90,6713866,72.2,175,6144473,66.07,246,4496011,48.35,665,808126,8.69
2022-05-16,62.19,8.65,29.16,68,6713934,72.2,141,6144614,66.08,230,4496241,48.35,510,808636,8.7
2022-05-17,62.18,8.66,29.16,73,6714007,72.2,153,6144767,66.08,267,4496508,48.35,618,809254,8.7
2022-05-18,62.17,8.67,29.16,43,6714050,72.2,99,6144866,66.08,169,4496677,48.35,447,809701,8.71
2022-05-19,62.16,8.68,29.16,64,6714114,72.2,171,6145037,66.08,213,4496890,48.36,499,810200,8.71
2022-05-20,62.15,8.69,29.16,76,6714190,72.2,114,6145151,66.08,130,4497020,48.36,138,810338,8.71
2022-05-21,62.14,8.7,29.16,4,6714194,72.2,7,6145158,66.08,15,4497035,48.36,18,810356,8.71
2022-05-22,62.14,8.71,29.16,85,6714279,72.2,190,6145348,66.08,216,4497251,48.36,426,810782,8.72
2022-05-23,62.14,8.71,29.16,65,6714344,72.2,120,6145468,66.09,156,4497407,48.36,348,811130,8.72
2022-05-24,62.13,8.71,29.15,43,6714387,72.2,119,6145587,66.09,157,4497564,48.36,394,811524,8.73
2022-05-25,62.12,8.72,29.15,61,6714448,72.2,103,6145690,66.09,168,4497732,48.37,337,811861,8.73
2022-05-26,62.11,8.73,29.16,72,6714520,72.2,136,6145826,66.09,186,4497918,48.37,347,812208,8.73
2022-05-27,62.1,8.74,29.16,12,6714532,72.2,29,6145855,66.09,43,4497961,48.37,59,812267,8.73
2022-05-28,62.09,8.75,29.16,2,6714534,72.2,5,6145860,66.09,8,4497969,48.37,12,812279,8.73
2022-05-29,62.09,8.75,29.16,89,6714623,72.21,153,6146013,66.09,163,4498132,48.37,316,812595,8.74
2022-05-30,62.09,8.76,29.16,56,6714679,72.21,134,6146147,66.09,125,4498257,48.37,291,812886,8.74
2022-05-31,62.07,8.78,29.15,45,6714724,72.21,104,6146251,66.09,153,4498410,48.37,351,813237,8.75
2022-06-01,61.95,8.9,29.16,65,6714789,72.21,90,6146341,66.09,119,4498529,48.38,277,813514,8.75
2022-06-02,45.96,24.88,29.15,77,6714866,72.21,156,6146497,66.1,178,4498707,48.38,255,813769,8.75
2022-06-03,45.9,24.95,29.16,10,6714876,72.21,23,6146520,66.1,21,4498728,48.38,33,813802,8.75
2022-06-04,45.84,25,29.16,0,6714876,72.21,7,6146527,66.1,8,4498736,48.38,5,813807,8.75
2022-06-05,45.8,25.05,29.16,11,6714887,72.21,14,6146541,66.1,7,4498743,48.38,2,813809,8.75
2022-06-06,39.96,30.89,29.16,58,6714945,72.21,145,6146686,66.1,161,4498904,48.38,262,814071,8.75
2022-06-07,39.92,30.93,29.15,54,6714999,72.21,134,6146820,66.1,142,4499046,48.38,379,814450,8.76
2022-06-08,39.89,30.96,29.15,59,6715058,72.21,104,6146924,66.1,131,4499177,48.38,497,814947,8.76
2022-06-09,39.86,30.99,29.15,84,6715142,72.21,208,6147132,66.1,234,4499411,48.38,642,815589,8.77
2022-06-10,39.83,31.02,29.15,14,6715156,72.21,51,6147183,66.1,59,4499470,48.39,142,815731,8.77
2022-06-11,39.8,31.05,29.15,0,6715156,72.21,3,6147186,66.1,7,4499477,48.39,19,815750,8.77
2022-06-12,39.8,31.05,29.15,109,6715265,72.21,199,6147385,66.11,191,4499668,48.39,767,816517,8.78
2022-06-13,39.81,31.04,29.15,84,6715349,72.21,142,6147527,66.11,168,4499836,48.39,626,817143,8.79
2022-06-14,39.79,31.06,29.15,116,6715465,72.21,173,6147700,66.11,208,4500044,48.39,759,817902,8.8
2022-06-15,39.78,31.08,29.15,71,6715536,72.22,141,6147841,66.11,207,4500251,48.39,700,818602,8.8
2022-06-16,39.74,31.11,29.14,94,6715630,72.22,136,6147977,66.11,218,4500469,48.4,742,819344,8.81
2022-06-17,39.72,31.14,29.15,16,6715646,72.22,63,6148040,66.11,53,4500522,48.4,125,819469,8.81
2022-06-18,39.68,31.17,29.14,3,6715649,72.22,4,6148044,66.11,11,4500533,48.4,15,819484,8.81
2022-06-19,39.53,31.33,29.15,115,6715764,72.22,208,6148252,66.12,318,4500851,48.4,877,820361,8.82
2022-06-20,33.92,36.85,29.23,99,6715863,72.22,152,6148404,66.12,307,4501158,48.4,922,821283,8.83
2022-06-21,33.58,37.19,29.23,94,6715957,72.22,154,6148558,66.12,375,4501533,48.41,1229,822512,8.84
2022-06-22,33.28,37.49,29.23,110,6716067,72.22,136,6148694,66.12,339,4501872,48.41,894,823406,8.85
2022-06-23,32.84,37.92,29.23,132,6716199,72.22,217,6148911,66.12,525,4502397,48.42,1146,824552,8.87
2022-06-24,32.43,38.34,29.24,19,6716218,72.22,35,6148946,66.12,110,4502507,48.42,208,824760,8.87
2022-06-25,32.04,38.72,29.24,1,6716219,72.22,3,6148949,66.12,13,4502520,48.42,16,824776,8.87
2022-06-26,31.63,39.13,29.24,107,6716326,72.22,158,6149107,66.12,379,4502899,48.42,933,825709,8.88
2022-06-27,31.29,39.47,29.24,86,6716412,72.22,172,6149279,66.13,392,4503291,48.43,1028,826737,8.89
2022-06-28,30.86,39.91,29.24,84,6716496,72.23,151,6149430,66.13,364,4503655,48.43,932,827669,8.9
2022-06-29,30.48,40.28,29.24,76,6716572,72.23,108,6149538,66.13,265,4503920,48.43,816,828485,8.91
2022-06-30,30.05,40.71,29.24,86,6716658,72.23,165,6149703,66.13,355,4504275,48.44,1062,829547,8.92
2022-07-01,29.62,41.14,29.24,22,6716680,72.23,28,6149731,66.13,55,4504330,48.44,80,829627,8.92
2022-07-02,29.2,41.56,29.24,1,6716681,72.23,2,6149733,66.13,8,4504338,48.44,18,829645,8.92
2022-07-03,28.81,41.95,29.24,100,6716781,72.23,177,6149910,66.13,322,4504660,48.44,637,830282,8.93
2022-07-04,28.5,42.26,29.24,76,6716857,72.23,140,6150050,66.13,278,4504938,48.44,749,831031,8.94
2022-07-05,28.06,42.7,29.24,59,6716916,72.23,142,6150192,66.14,302,4505240,48.45,688,831719,8.94
2022-07-06,27.39,43.37,29.24,78,6716994,72.23,124,6150316,66.14,211,4505451,48.45,646,832365,8.95
2022-07-07,26.48,44.28,29.24,82,6717076,72.23,164,6150480,66.14,267,4505718,48.45,721,833086,8.96
2022-07-08,25.47,45.29,29.24,17,6717093,72.23,33,6150513,66.14,69,4505787,48.45,131,833217,8.96
2022-07-09,24.42,46.34,29.24,0,6717093,72.23,1,6150514,66.14,3,4505790,48.45,3,833220,8.96
2022-07-10,23.77,46.99,29.24,90,6717183,72.23,164,6150678,66.14,229,4506019,48.46,470,833690,8.97
2022-07-11,23.22,47.54,29.24,64,6717247,72.23,142,6150820,66.14,248,4506267,48.46,575,834265,8.97
2022-07-12,22.13,48.63,29.24,69,6717316,72.23,129,6150949,66.14,207,4506474,48.46,558,834823,8.98
2022-07-13,21.1,49.66,29.24,43,6717359,72.24,101,6151050,66.15,165,4506639,48.46,488,835311,8.98
2022-07-14,20.12,50.63,29.24,70,6717429,72.24,147,6151197,66.15,208,4506847,48.46,513,835824,8.99
2022-07-15,19.27,51.48,29.25,64,6717493,72.24,88,6151285,66.15,127,4506974,48.47,166,835990,8.99
2022-07-16,18.29,52.46,29.25,0,6717493,72.24,6,6151291,66.15,7,4506981,48.47,8,835998,8.99
2022-07-17,17.83,52.92,29.25,77,6717570,72.24,183,6151474,66.15,241,4507222,48.47,468,836466,8.99
2022-07-18,17.48,53.26,29.26,62,6717632,72.24,158,6151632,66.15,207,4507429,48.47,511,836977,9
2022-07-19,16.77,53.97,29.26,63,6717695,72.24,147,6151779,66.15,173,4507602,48.47,368,837345,9
2022-07-20,16.09,54.64,29.26,51,6717746,72.24,134,6151913,66.15,137,4507739,48.47,423,837768,9.01
2022-07-21,15.43,55.3,29.27,61,6717807,72.24,160,6152073,66.16,177,4507916,48.48,341,838109,9.01
2022-07-22,14.64,56.08,29.28,10,6717817,72.24,36,6152109,66.16,43,4507959,48.48,56,838165,9.01
2022-07-23,14.17,56.55,29.28,0,6717817,72.24,4,6152113,66.16,4,4507963,48.48,9,838174,9.01
2022-07-24,13.55,57.16,29.29,58,6717875,72.24,128,6152241,66.16,197,4508160,48.48,364,838538,9.02
2022-07-25,13.09,57.61,29.3,48,6717923,72.24,107,6152348,66.16,172,4508332,48.48,336,838874,9.02
2022-07-26,12.46,58.23,29.3,47,6717970,72.24,99,6152447,66.16,111,4508443,48.48,270,839144,9.02
2022-07-27,11.89,58.8,29.31,43,6718013,72.24,125,6152572,66.16,132,4508575,48.48,243,839387,9.03
2022-07-28,11.35,59.34,29.31,62,6718075,72.24,143,6152715,66.16,148,4508723,48.48,220,839607,9.03
2022-07-29,10.85,59.83,29.32,10,6718085,72.24,25,6152740,66.16,27,4508750,48.48,31,839638,9.03
2022-07-30,10.34,60.33,29.33,0,6718085,72.24,0,6152740,66.16,1,4508751,48.48,1,839639,9.03
2022-07-31,9.97,60.7,29.33,56,6718141,72.24,134,6152874,66.16,131,4508882,48.49,252,839891,9.03
2022-08-01,9.47,61.19,29.34,54,6718195,72.24,76,6152950,66.17,91,4508973,48.49,152,840043,9.03
2022-08-02,8.92,61.73,29.35,111,6718306,72.25,119,6153069,66.17,157,4509130,48.49,264,840307,9.04
2022-08-03,8.46,62.19,29.35,76,6718382,72.25,71,6153140,66.17,92,4509222,48.49,178,840485,9.04
2022-08-04,8.04,62.61,29.36,133,6718515,72.25,133,6153273,66.17,111,4509333,48.49,246,840731,9.04
2022-08-05,7.71,62.93,29.36,31,6718546,72.25,23,6153296,66.17,13,4509346,48.49,24,840755,9.04
2022-08-06,7.32,63.32,29.36,1,6718547,72.25,2,6153298,66.17,3,4509349,48.49,5,840760,9.04
2022-08-07,6.92,63.71,29.37,89,6718636,72.25,97,6153395,66.17,69,4509418,48.49,169,840929,9.04
2022-08-08,6.74,63.89,29.37,76,6718712,72.25,95,6153490,66.17,122,4509540,48.49,172,841101,9.04
2022-08-09,6.25,64.37,29.38,96,6718808,72.25,90,6153580,66.17,99,4509639,48.49,213,841314,9.05
2022-08-10,5.91,64.71,29.38,77,6718885,72.25,60,6153640,66.17,76,4509715,48.5,115,841429,9.05
2022-08-11,5.59,65.03,29.38,54,6718939,72.25,101,6153741,66.17,91,4509806,48.5,155,841584,9.05
2022-08-12,5.35,65.27,29.38,8,6718947,72.25,12,6153753,66.17,18,4509824,48.5,29,841613,9.05
2022-08-13,5.1,65.52,29.38,0,6718947,72.25,2,6153755,66.17,2,4509826,48.5,3,841616,9.05
2022-08-14,4.87,65.75,29.39,74,6719021,72.25,75,6153830,66.18,82,4509908,48.5,150,841766,9.05
2022-08-15,4.74,65.87,29.39,69,6719090,72.25,81,6153911,66.18,92,4510000,48.5,143,841909,9.05
2022-08-16,4.46,66.15,29.39,82,6719172,72.25,84,6153995,66.18,83,4510083,48.5,187,842096,9.06
2022-08-17,4.16,66.44,29.39,47,6719219,72.26,56,6154051,66.18,36,4510119,48.5,115,842211,9.06
2022-08-18,3.98,66.63,29.39,70,6719289,72.26,93,6154144,66.18,120,4510239,48.5,173,842384,9.06
2022-08-19,3.83,66.78,29.39,78,6719367,72.26,67,6154211,66.18,57,4510296,48.5,38,842422,9.06
2022-08-20,3.67,66.94,29.39,1,6719368,72.26,1,6154212,66.18,3,4510299,48.5,3,842425,9.06
2022-08-21,3.52,67.08,29.4,52,6719420,72.26,85,6154297,66.18,84,4510383,48.5,197,842622,9.06
2022-08-22,3.44,67.16,29.4,89,6719509,72.26,74,6154371,66.18,103,4510486,48.5,144,842766,9.06
2022-08-23,3.27,67.33,29.4,72,6719581,72.26,106,6154477,66.18,84,4510570,48.5,180,842946,9.06
2022-08-24,3.15,67.46,29.4,38,6719619,72.26,80,6154557,66.18,49,4510619,48.5,133,843079,9.07
2022-08-25,3.03,67.57,29.4,53,6719672,72.26,75,6154632,66.18,97,4510716,48.51,193,843272,9.07
2022-08-26,2.94,67.66,29.4,4,6719676,72.26,15,6154647,66.18,9,4510725,48.51,14,843286,9.07
2022-08-27,2.84,67.76,29.4,0,6719676,72.26,0,6154647,66.18,0,4510725,48.51,0,843286,9.07
2022-08-28,2.75,67.85,29.4,55,6719731,72.26,80,6154727,66.18,85,4510810,48.51,102,843388,9.07
2022-08-29,2.69,67.91,29.4,48,6719779,72.26,68,6154795,66.19,89,4510899,48.51,107,843495,9.07
2022-08-30,2.6,68,29.4,85,6719864,72.26,113,6154908,66.19,85,4510984,48.51,131,843626,9.07
2022-08-31,2.53,68.07,29.4,42,6719906,72.26,89,6154997,66.19,70,4511054,48.51,96,843722,9.07
2022-09-01,2.46,68.14,29.4,29,6719935,72.26,84,6155081,66.19,58,4511112,48.51,113,843835,9.07
2022-09-02,2.4,68.2,29.4,6,6719941,72.26,20,6155101,66.19,13,4511125,48.51,10,843845,9.07
2022-09-03,2.33,68.27,29.4,2,6719943,72.26,0,6155101,66.19,3,4511128,48.51,1,843846,9.07
2022-09-04,2.27,68.32,29.4,64,6720007,72.26,133,6155234,66.19,80,4511208,48.51,121,843967,9.08
2022-09-05,2.23,68.37,29.4,44,6720051,72.26,77,6155311,66.19,58,4511266,48.51,90,844057,9.08
2022-09-06,2.17,68.42,29.4,60,6720111,72.26,104,6155415,66.19,78,4511344,48.51,130,844187,9.08
2022-09-07,2.12,68.47,29.4,28,6720139,72.27,63,6155478,66.19,53,4511397,48.51,95,844282,9.08
2022-09-08,2.07,68.53,29.4,50,6720189,72.27,101,6155579,66.19,70,4511467,48.51,77,844359,9.08
2022-09-09,2.03,68.57,29.4,10,6720199,72.27,21,6155600,66.19,16,4511483,48.51,17,844376,9.08
2022-09-10,1.97,68.62,29.4,1,6720200,72.27,0,6155600,66.19,5,4511488,48.51,2,844378,9.08
2022-09-11,1.92,68.67,29.41,39,6720239,72.27,117,6155717,66.2,78,4511566,48.52,116,844494,9.08
2022-09-12,1.88,68.71,29.41,24,6720263,72.27,72,6155789,66.2,52,4511618,48.52,68,844562,9.08
2022-09-13,1.82,68.77,29.41,44,6720307,72.27,113,6155902,66.2,54,4511672,48.52,103,844665,9.08
2022-09-14,1.78,68.82,29.41,21,6720328,72.27,64,6155966,66.2,54,4511726,48.52,62,844727,9.08
2022-09-15,1.73,68.86,29.41,32,6720360,72.27,77,6156043,66.2,63,4511789,48.52,107,844834,9.08
2022-09-16,1.7,68.89,29.41,51,6720411,72.27,52,6156095,66.2,27,4511816,48.52,28,844862,9.09
2022-09-17,1.66,68.93,29.41,3,6720414,72.27,0,6156095,66.2,1,4511817,48.52,0,844862,9.09
2022-09-18,1.63,68.96,29.41,28,6720442,72.27,66,6156161,66.2,52,4511869,48.52,115,844977,9.09
2022-09-19,1.61,68.98,29.41,28,6720470,72.27,74,6156235,66.2,44,4511913,48.52,57,845034,9.09
2022-09-20,1.56,69.03,29.41,41,6720511,72.27,94,6156329,66.2,75,4511988,48.52,102,845136,9.09
2022-09-21,1.55,69.05,29.41,22,6720533,72.27,54,6156383,66.2,29,4512017,48.52,56,845192,9.09
2022-09-22,1.52,69.07,29.4,42,6720575,72.27,56,6156439,66.2,27,4512044,48.52,41,845233,9.09
2022-09-23,1.5,69.1,29.41,7,6720582,72.27,11,6156450,66.2,4,4512048,48.52,1,845234,9.09
2022-09-24,1.47,69.13,29.41,0,6720582,72.27,0,6156450,66.2,1,4512049,48.52,0,845234,9.09
2022-09-25,1.46,69.13,29.41,5,6720587,72.27,20,6156470,66.2,10,4512059,48.52,27,845261,9.09
2022-09-26,1.46,69.13,29.41,0,6720587,72.27,5,6156475,66.2,2,4512061,48.52,2,845263,9.09
2022-09-27,1.42,69.17,29.41,2,6720589,72.27,0,6156475,66.2,3,4512064,48.52,3,845266,9.09
2022-09-28,1.39,69.21,29.41,24,6720613,72.27,36,6156511,66.2,25,4512089,48.52,17,845283,9.09
2022-09-29,1.37,69.22,29.41,32,6720645,72.27,61,6156572,66.2,13,4512102,48.52,48,845331,9.09
2022-09-30,1.35,69.24,29.41,4,6720649,72.27,12,6156584,66.2,2,4512104,48.52,0,845331,9.09
2022-10-01,1.31,69.29,29.41,0,6720649,72.27,1,6156585,66.2,1,4512105,48.52,1,845332,9.09
2022-10-02,1.31,69.29,29.41,28,6720677,72.27,51,6156636,66.21,20,4512125,48.52,73,845405,9.09
2022-10-03,1.31,69.28,29.4,23,6720700,72.27,29,6156665,66.21,13,4512138,48.52,12,845417,9.09
2022-10-04,1.27,69.32,29.4,7,6720707,72.27,11,6156676,66.21,0,4512138,48.52,1,845418,9.09
2022-10-05,1.28,69.31,29.4,1,6720708,72.27,0,6156676,66.21,0,4512138,48.52,1,845419,9.09
2022-10-06,1.31,69.28,29.4,17,6720725,72.27,43,6156719,66.21,10,4512148,48.52,20,845439,9.09
2022-10-07,1.3,69.29,29.41,3,6720728,72.27,3,6156722,66.21,4,4512152,48.52,0,845439,9.09
2022-10-08,1.26,69.33,29.41,1,6720729,72.27,1,6156723,66.21,0,4512152,48.52,1,845440,9.09
2022-10-09,1.31,69.28,29.41,7,6720736,72.27,22,6156745,66.21,6,4512158,48.52,5,845445,9.09
2022-10-10,1.38,69.22,29.4,5,6720741,72.27,2,6156747,66.21,0,4512158,48.52,0,845445,9.09
2022-10-11,1.36,69.24,29.4,12,6720753,72.27,32,6156779,66.21,1,4512159,48.52,32,845477,9.09
2022-10-12,1.34,69.26,29.4,13,6720766,72.27,24,6156803,66.21,5,4512164,48.52,4,845481,9.09
2022-10-13,1.4,69.2,29.4,17,6720783,72.27,16,6156819,66.21,5,4512169,48.52,9,845490,9.09
2022-10-14,1.4,69.2,29.4,6,6720789,72.27,7,6156826,66.21,4,4512173,48.52,3,845493,9.09
2022-10-15,1.38,69.22,29.4,0,6720789,72.27,1,6156827,66.21,0,4512173,48.52,1,845494,9.09
2022-10-16,1.39,69.2,29.4,4,6720793,72.27,13,6156840,66.21,5,4512178,48.52,8,845502,9.09
2022-10-17,1.39,69.2,29.4,1,6720794,72.27,1,6156841,66.21,4,4512182,48.52,1,845503,9.09
2022-10-18,1.43,69.17,29.4,24,6720818,72.27,31,6156872,66.21,14,4512196,48.52,16,845519,9.09
2022-10-19,1.47,69.12,29.4,18,6720836,72.27,25,6156897,66.21,7,4512203,48.52,3,845522,9.09
2022-10-20,1.5,69.1,29.4,26,6720862,72.27,44,6156941,66.21,12,4512215,48.52,4,845526,9.09
2022-10-21,1.5,69.09,29.4,4,6720866,72.27,7,6156948,66.21,2,4512217,48.52,4,845530,9.09
2022-10-22,1.49,69.1,29.4,0,6720866,72.27,0,6156948,66.21,0,4512217,48.52,0,845530,9.09
2022-10-23,1.51,69.08,29.4,15,6720881,72.27,33,6156981,66.21,18,4512235,48.52,10,845540,9.09
2022-10-24,1.51,69.08,29.41,20,6720901,72.27,16,6156997,66.21,19,4512254,48.52,9,845549,9.09
2022-10-25,1.55,69.04,29.4,18,6720919,72.27,34,6157031,66.21,22,4512276,48.52,21,845570,9.09
2022-10-26,1.61,68.99,29.4,18,6720937,72.27,25,6157056,66.21,8,4512284,48.52,10,845580,9.09
2022-10-27,1.67,68.93,29.4,17,6720954,72.27,27,6157083,66.21,14,4512298,48.52,17,845597,9.09
2022-10-28,1.67,68.93,29.4,54,6721008,72.27,49,6157132,66.21,31,4512329,48.52,18,845615,9.09
2022-10-29,1.66,68.94,29.4,0,6721008,72.27,0,6157132,66.21,0,4512329,48.52,0,845615,9.09
2022-10-30,1.71,68.89,29.4,15,6721023,72.27,23,6157155,66.21,15,4512344,48.52,9,845624,9.09
2022-10-31,1.76,68.84,29.4,17,6721040,72.27,16,6157171,66.21,8,4512352,48.52,9,845633,9.09
2022-11-01,1.82,68.78,29.4,2,6721042,72.27,1,6157172,66.21,1,4512353,48.52,0,845633,9.09
2022-11-02,1.88,68.72,29.4,13,6721055,72.27,13,6157185,66.21,7,4512360,48.52,8,845641,9.09
2022-11-03,1.96,68.64,29.4,17,6721072,72.28,18,6157203,66.21,11,4512371,48.52,8,845649,9.09
2022-11-04,1.98,68.63,29.4,4,6721076,72.28,6,6157209,66.21,1,4512372,48.52,2,845651,9.09
2022-11-05,1.97,68.63,29.4,0,6721076,72.28,0,6157209,66.21,0,4512372,48.52,0,845651,9.09
2022-11-06,2.03,68.57,29.4,27,6721103,72.28,33,6157242,66.21,11,4512383,48.52,23,845674,9.09
2022-11-07,2.1,68.51,29.4,15,6721118,72.28,11,6157253,66.21,10,4512393,48.52,54,845728,9.09
2022-11-08,2.1,68.5,29.4,28,6721146,72.28,26,6157279,66.21,14,4512407,48.52,9,845737,9.09
2022-11-09,2.16,68.45,29.4,16,6721162,72.28,20,6157299,66.21,17,4512424,48.52,9,845746,9.09
2022-11-10,2.22,68.39,29.4,28,6721190,72.28,17,6157316,66.21,11,4512435,48.52,6,845752,9.09
2022-11-11,2.23,68.37,29.4,1,6721191,72.28,17,6157333,66.21,2,4512437,48.52,1,845753,9.09
2022-11-12,2.22,68.38,29.4,1,6721192,72.28,0,6157333,66.21,2,4512439,48.52,0,845753,9.09
2022-11-13,2.29,68.31,29.4,29,6721221,72.28,31,6157364,66.21,17,4512456,48.52,8,845761,9.09
2022-11-14,2.37,68.23,29.4,20,6721241,72.28,17,6157381,66.21,21,4512477,48.52,16,845777,9.1
2022-11-15,2.43,68.17,29.4,40,6721281,72.28,25,6157406,66.21,16,4512493,48.53,18,845795,9.1
2022-11-16,2.5,68.1,29.4,14,6721295,72.28,27,6157433,66.21,16,4512509,48.53,11,845806,9.1
2022-11-17,2.59,68.02,29.4,19,6721314,72.28,33,6157466,66.21,18,4512527,48.53,5,845811,9.1
2022-11-18,2.61,67.99,29.4,6,6721320,72.28,4,6157470,66.21,4,4512531,48.53,0,845811,9.1
2022-11-19,2.6,68,29.4,0,6721320,72.28,0,6157470,66.21,0,4512531,48.53,0,845811,9.1
2022-11-20,2.67,67.93,29.4,19,6721339,72.28,19,6157489,66.21,6,4512537,48.53,13,845824,9.1
2022-11-21,2.76,67.85,29.4,14,6721353,72.28,13,6157502,66.21,6,4512543,48.53,6,845830,9.1
2022-11-22,2.83,67.77,29.4,26,6721379,72.28,13,6157515,66.21,17,4512560,48.53,6,845836,9.1
2022-11-23,2.9,67.7,29.4,17,6721396,72.28,20,6157535,66.22,4,4512564,48.53,8,845844,9.1
2022-11-24,2.98,67.62,29.4,9,6721405,72.28,16,6157551,66.22,13,4512577,48.53,27,845871,9.1
2022-11-25,3,67.6,29.4,15,6721420,72.28,45,6157596,66.22,14,4512591,48.53,12,845883,9.1
2022-11-26,3,67.61,29.4,0,6721420,72.28,2,6157598,66.22,0,4512591,48.53,0,845883,9.1
2022-11-27,3.06,67.54,29.4,14,6721434,72.28,15,6157613,66.22,19,4512610,48.53,2,845885,9.1
2022-11-28,3.14,67.47,29.4,8,6721442,72.28,23,6157636,66.22,8,4512618,48.53,6,845891,9.1
2022-11-29,3.2,67.4,29.4,38,6721480,72.28,31,6157667,66.22,19,4512637,48.53,14,845905,9.1
2022-11-30,3.27,67.34,29.39,12,6721492,72.28,25,6157692,66.22,20,4512657,48.53,8,845913,9.1
2022-12-01,3.34,67.26,29.39,13,6721505,72.28,18,6157710,66.22,15,4512672,48.53,4,845917,9.1
2022-12-02,3.36,67.24,29.39,2,6721507,72.28,7,6157717,66.22,4,4512676,48.53,10,845927,9.1
2022-12-03,3.36,67.24,29.39,0,6721507,72.28,0,6157717,66.22,0,4512676,48.53,1,845928,9.1
2022-12-04,3.42,67.18,29.39,36,6721543,72.28,27,6157744,66.22,30,4512706,48.53,26,845954,9.1
2022-12-05,3.48,67.12,29.4,9,6721552,72.28,17,6157761,66.22,11,4512717,48.53,20,845974,9.1
2022-12-06,3.55,67.06,29.39,32,6721584,72.28,26,6157787,66.22,27,4512744,48.53,7,845981,9.1
2022-12-07,3.62,66.99,29.39,10,6721594,72.28,17,6157804,66.22,8,4512752,48.53,8,845989,9.1
2022-12-08,3.69,66.91,29.39,18,6721612,72.28,31,6157835,66.22,15,4512767,48.53,3,845992,9.1
2022-12-09,3.71,66.9,29.39,4,6721616,72.28,1,6157836,66.22,1,4512768,48.53,7,845999,9.1
2022-12-10,3.7,66.91,29.39,1,6721617,72.28,0,6157836,66.22,2,4512770,48.53,0,845999,9.1
2022-12-11,3.76,66.84,29.39,16,6721633,72.28,22,6157858,66.22,15,4512785,48.53,16,846015,9.1
2022-12-12,3.82,66.78,29.39,15,6721648,72.28,14,6157872,66.22,5,4512790,48.53,0,846015,9.1
2022-12-13,3.87,66.73,29.39,17,6721665,72.28,44,6157916,66.22,18,4512808,48.53,13,846028,9.1
2022-12-14,3.92,66.69,29.39,17,6721682,72.28,16,6157932,66.22,7,4512815,48.53,3,846031,9.1
2022-12-15,3.97,66.64,29.39,22,6721704,72.28,19,6157951,66.22,7,4512822,48.53,12,846043,9.1
2022-12-16,3.98,66.62,29.39,12,6721716,72.28,4,6157955,66.22,1,4512823,48.53,0,846043,9.1
2022-12-17,3.97,66.63,29.39,0,6721716,72.28,0,6157955,66.22,0,4512823,48.53,0,846043,9.1
2022-12-18,4.01,66.59,29.39,9,6721725,72.28,18,6157973,66.22,8,4512831,48.53,3,846046,9.1
2022-12-19,4.06,66.54,29.4,7,6721732,72.28,14,6157987,66.22,12,4512843,48.53,1,846047,9.1
2022-12-20,4.1,66.51,29.39,12,6721744,72.28,17,6158004,66.22,2,4512845,48.53,2,846049,9.1
2022-12-21,4.14,66.47,29.39,9,6721753,72.28,14,6158018,66.22,13,4512858,48.53,3,846052,9.1
2022-12-22,4.18,66.42,29.39,4,6721757,72.28,10,6158028,66.22,14,4512872,48.53,1,846053,9.1
2022-12-23,4.19,66.42,29.39,10,6721767,72.28,0,6158028,66.22,2,4512874,48.53,0,846053,9.1
2022-12-24,4.18,66.43,29.39,0,6721767,72.28,0,6158028,66.22,0,4512874,48.53,0,846053,9.1
2022-12-25,4.21,66.4,29.39,6,6721773,72.28,17,6158045,66.22,1,4512875,48.53,2,846055,9.1
2022-12-26,4.24,66.36,29.39,17,6721790,72.28,6,6158051,66.22,13,4512888,48.53,0,846055,9.1
2022-12-27,4.25,66.36,29.39,24,6721814,72.28,24,6158075,66.22,17,4512905,48.53,7,846062,9.1
2022-12-28,4.26,66.34,29.39,17,6721831,72.28,18,6158093,66.22,25,4512930,48.53,64,846126,9.1
2022-12-29,4.28,66.33,29.39,15,6721846,72.28,23,6158116,66.22,14,4512944,48.53,4,846130,9.1
2022-12-30,4.27,66.33,29.4,4,6721850,72.28,5,6158121,66.22,3,4512947,48.53,0,846130,9.1
2022-12-31,4.26,66.35,29.4,0,6721850,72.28,1,6158122,66.22,0,4512947,48.53,0,846130,9.1
2023-01-01,4.27,66.33,29.4,6,6721856,72.28,22,6158144,66.22,2,4512949,48.53,1,846131,9.1
2023-01-02,4.29,66.31,29.4,10,6721866,72.28,8,6158152,66.22,3,4512952,48.53,1,846132,9.1
2023-01-03,4.3,66.3,29.4,20,6721886,72.28,17,6158169,66.22,7,4512959,48.53,3,846135,9.1
2023-01-04,4.3,66.3,29.4,7,6721893,72.28,11,6158180,66.22,4,4512963,48.53,2,846137,9.1
2023-01-05,4.31,66.29,29.39,12,6721905,72.28,19,6158199,66.22,11,4512974,48.53,4,846141,9.1
2023-01-06,4.31,66.29,29.4,2,6721907,72.28,1,6158200,66.22,1,4512975,48.53,0,846141,9.1
2023-01-07,4.3,66.31,29.4,1,6721908,72.28,0,6158200,66.22,0,4512975,48.53,0,846141,9.1
2023-01-08,4.33,66.28,29.4,14,6721922,72.28,32,6158232,66.22,10,4512985,48.53,2,846143,9.1
2023-01-09,4.34,66.26,29.4,12,6721934,72.28,20,6158252,66.22,1,4512986,48.53,1,846144,9.1
2023-01-10,4.35,66.25,29.4,39,6721973,72.28,27,6158279,66.22,10,4512996,48.53,4,846148,9.1
2023-01-11,4.36,66.25,29.4,14,6721987,72.28,18,6158297,66.22,11,4513007,48.53,2,846150,9.1
2023-01-12,4.37,66.24,29.39,22,6722009,72.29,20,6158317,66.22,11,4513018,48.53,2,846152,9.1
2023-01-13,4.36,66.24,29.4,3,6722012,72.29,2,6158319,66.22,0,4513018,48.53,0,846152,9.1
2023-01-14,4.35,66.25,29.4,1,6722013,72.29,0,6158319,66.22,0,4513018,48.53,0,846152,9.1
2023-01-15,4.36,66.24,29.4,17,6722030,72.29,16,6158335,66.22,4,4513022,48.53,3,846155,9.1
2023-01-16,4.38,66.22,29.4,9,6722039,72.29,15,6158350,66.22,6,4513028,48.53,0,846155,9.1
2023-01-17,4.38,66.22,29.4,14,6722053,72.29,14,6158364,66.22,6,4513034,48.53,0,846155,9.1
2023-01-18,4.39,66.21,29.4,7,6722060,72.29,8,6158372,66.22,3,4513037,48.53,1,846156,9.1
2023-01-19,4.4,66.2,29.4,13,6722073,72.29,15,6158387,66.22,2,4513039,48.53,4,846160,9.1
2023-01-20,4.39,66.2,29.4,4,6722077,72.29,2,6158389,66.22,0,4513039,48.53,1,846161,9.1
2023-01-21,4.39,66.21,29.4,0,6722077,72.29,0,6158389,66.22,0,4513039,48.53,0,846161,9.1
2023-01-22,4.4,66.2,29.4,8,6722085,72.29,3,6158392,66.22,8,4513047,48.53,4,846165,9.1
2023-01-23,4.41,66.19,29.4,11,6722096,72.29,5,6158397,66.22,6,4513053,48.53,0,846165,9.1
2023-01-24,4.41,66.19,29.4,21,6722117,72.29,21,6158418,66.22,11,4513064,48.53,2,846167,9.1
2023-01-25,4.41,66.18,29.4,5,6722122,72.29,5,6158423,66.22,0,4513064,48.53,2,846169,9.1
2023-01-26,4.42,66.18,29.4,10,6722132,72.29,15,6158438,66.22,9,4513073,48.53,2,846171,9.1
2023-01-27,4.41,66.18,29.4,0,6722132,72.29,9,6158447,66.22,0,4513073,48.53,0,846171,9.1
2023-01-28,4.41,66.19,29.4,0,6722132,72.29,0,6158447,66.22,0,4513073,48.53,0,846171,9.1
2023-01-29,4.41,66.19,29.41,12,6722144,72.29,8,6158455,66.22,5,4513078,48.53,2,846173,9.1
2023-01-30,4.42,66.17,29.41,9,6722153,72.29,16,6158471,66.23,2,4513080,48.53,1,846174,9.1
2023-01-31,4.42,66.17,29.41,19,6722172,72.29,23,6158494,66.23,4,4513084,48.53,1,846175,9.1
2023-02-01,4.42,66.17,29.41,10,6722182,72.29,11,6158505,66.23,4,4513088,48.53,0,846175,9.1
2023-02-02,4.43,66.17,29.41,14,6722196,72.29,31,6158536,66.23,3,4513091,48.53,0,846175,9.1
2023-02-03,4.42,66.17,29.41,3,6722199,72.29,2,6158538,66.23,0,4513091,48.53,0,846175,9.1
2023-02-04,4.42,66.18,29.41,0,6722199,72.29,0,6158538,66.23,0,4513091,48.53,0,846175,9.1
2023-02-05,4.42,66.17,29.41,15,6722214,72.29,8,6158546,66.23,6,4513097,48.53,4,846179,9.1
2023-02-06,4.43,66.16,29.41,17,6722231,72.29,13,6158559,66.23,4,4513101,48.53,0,846179,9.1
2023-02-07,4.43,66.16,29.41,22,6722253,72.29,22,6158581,66.23,8,4513109,48.53,2,846181,9.1
2023-02-08,4.43,66.16,29.41,15,6722268,72.29,12,6158593,66.23,1,4513110,48.53,0,846181,9.1
2023-02-09,4.43,66.16,29.41,35,6722303,72.29,33,6158626,66.23,5,4513115,48.53,2,846183,9.1
2023-02-10,4.43,66.16,29.41,2,6722305,72.29,3,6158629,66.23,2,4513117,48.53,0,846183,9.1
2023-02-11,4.42,66.16,29.41,2,6722307,72.29,1,6158630,66.23,0,4513117,48.53,0,846183,9.1
2023-02-12,4.43,66.16,29.41,16,6722323,72.29,17,6158647,66.23,3,4513120,48.53,2,846185,9.1
2023-02-13,4.43,66.16,29.41,14,6722337,72.29,19,6158666,66.23,8,4513128,48.53,0,846185,9.1
2023-02-14,4.43,66.16,29.41,4,6722341,72.29,0,6158666,66.23,0,4513128,48.53,0,846185,9.1
