Date,Valid vaccinated pop. perc.,Expired vaccinated pop. perc.,Not vaccinated pop. perc.,Vaccinated (daily),Vaccinated (cumu),Vaccinated pop. perc.,Second dose (daily),Second dose (cumu),Second dose pop. perc.,Third dose (daily),Third dose (cumu),Third dose pop. perc.,Fourth dose (daily),Fourth dose (cumu),Fourth dose pop. perc.
2020-12-19,0,0,100,46,70,0,0,4,0,0,0,0,0,0,0
2020-12-20,0,0,100,7396,7466,0.08,0,4,0,0,0,0,0,0,0
2020-12-21,0,0,100,24923,32389,0.35,0,4,0,0,0,0,0,0,0
2020-12-22,0,0,100,44668,77057,0.83,0,4,0,0,0,0,0,0,0
2020-12-23,0,0,100,62919,139976,1.51,0,4,0,0,0,0,0,0,0
2020-12-24,0,0,100,73430,213406,2.29,0,4,0,0,0,0,0,0,0
2020-12-25,0,0,100,38517,251923,2.71,0,4,0,0,0,0,0,0,0
2020-12-26,0,0,100,32617,284540,3.06,0,4,0,0,0,0,0,0,0
2020-12-27,0,0,100,104575,389115,4.18,0,4,0,0,0,0,0,0,0
2020-12-28,0,0,100,135041,524156,5.64,0,4,0,0,0,0,0,0,0
2020-12-29,0,0,100,156338,680494,7.32,2,6,0,0,0,0,0,0,0
2020-12-30,0,0,100,153190,833684,8.96,0,6,0,0,0,0,0,0,0
2020-12-31,0,0,100,158601,992285,10.67,0,6,0,0,0,0,0,0,0
2021-01-01,0,0,100,71435,1063720,11.44,0,6,0,0,0,0,0,0,0
2021-01-02,0,0,100,71744,1135464,12.21,0,6,0,0,0,0,0,0,0
2021-01-03,0,0,100,149767,1285231,13.82,0,6,0,0,0,0,0,0,0
2021-01-04,0,0,100,152207,1437438,15.46,1,7,0,0,0,0,0,0,0
2021-01-05,0,0,100,125221,1562659,16.8,4,11,0,0,0,0,0,0,0
2021-01-06,0,0,100,103373,1666032,17.92,2,13,0,0,0,0,0,0,0
2021-01-07,0,0,100,116063,1782095,19.16,9,22,0,0,0,0,0,0,0
2021-01-08,0,0,100,66465,1848560,19.88,5,27,0,0,0,0,0,0,0
2021-01-09,0,0,100,44553,1893113,20.36,24,51,0,0,0,0,0,0,0
2021-01-10,0,0,100,37649,1930762,20.76,6001,6052,0.07,0,0,0,0,0,0
2021-01-11,0,0,100,21175,1951937,20.99,19264,25316,0.27,0,0,0,0,0,0
2021-01-12,0,0,100,24075,1976012,21.25,35674,60990,0.66,0,0,0,0,0,0
2021-01-13,0,0,100,52079,2028091,21.81,56874,117864,1.27,0,0,0,0,0,0
2021-01-14,0,0,100,56480,2084571,22.42,68838,186702,2.01,0,0,0,0,0,0
2021-01-15,0,0,100,30776,2115347,22.75,35942,222644,2.39,0,0,0,0,0,0
2021-01-16,0,0,100,29481,2144828,23.06,26006,248650,2.67,0,0,0,0,0,0
2021-01-17,0.31,0,99.69,68444,2213272,23.8,84598,333248,3.58,0,0,0,0,0,0
2021-01-18,0.58,0,99.42,69820,2283092,24.55,120437,453685,4.88,0,0,0,0,0,0
2021-01-19,1.09,0,98.91,72897,2355989,25.34,137849,591534,6.36,0,0,0,0,0,0
2021-01-20,1.9,0,98.1,76919,2432908,26.16,143767,735301,7.91,0,0,0,0,0,0
2021-01-21,2.88,0,97.12,70009,2502917,26.92,164476,899777,9.68,0,0,0,0,0,0
2021-01-22,3.39,0,96.61,37931,2540848,27.32,71134,970911,10.44,0,0,0,0,0,0
2021-01-23,3.77,0,96.23,39965,2580813,27.75,53596,1024507,11.02,0,0,0,0,0,0
2021-01-24,4.96,0,95.04,69147,2649960,28.5,140711,1165218,12.53,0,0,0,0,0,0
2021-01-25,6.61,0,93.39,80944,2730904,29.37,139522,1304740,14.03,0,0,0,0,0,0
2021-01-26,8.45,0,91.55,78737,2809641,30.21,126445,1431185,15.39,0,0,0,0,0,0
2021-01-27,10.34,0,89.66,77982,2887623,31.05,125072,1556257,16.74,0,0,0,0,0,0
2021-01-28,12.43,0,87.57,79570,2967193,31.91,130632,1686889,18.14,0,0,0,0,0,0
2021-01-29,13.34,0,86.66,36704,3003897,32.3,64794,1751683,18.84,0,0,0,0,0,0
2021-01-30,14.02,0,85.98,34396,3038293,32.67,42767,1794450,19.3,0,0,0,0,0,0
2021-01-31,15.76,0,84.24,73331,3111624,33.46,59503,1853953,19.94,0,0,0,0,0,0
2021-02-01,17.48,0,82.52,82510,3194134,34.35,35356,1889309,20.32,0,0,0,0,0,0
2021-02-02,19.01,0,80.99,70106,3264240,35.1,31073,1920382,20.65,0,0,0,0,0,0
2021-02-03,20.47,0,79.53,60308,3324548,35.75,51445,1971827,21.2,0,0,0,0,0,0
2021-02-04,22,0,78,72640,3397188,36.53,58096,2029923,21.83,0,0,0,0,0,0
2021-02-05,22.75,0,77.25,33947,3431135,36.9,28807,2058730,22.14,0,0,0,0,0,0
2021-02-06,23.23,0,76.77,21622,3452757,37.13,22233,2080963,22.38,0,0,0,0,0,0
2021-02-07,23.99,0,76.01,54081,3506838,37.71,68743,2149706,23.12,0,0,0,0,0,0
2021-02-08,24.52,0,75.48,58644,3565482,38.34,65468,2215174,23.82,0,0,0,0,0,0
2021-02-09,25.04,0,74.96,66359,3631841,39.05,67579,2282753,24.55,0,0,0,0,0,0
2021-02-10,25.77,0,74.23,70570,3702411,39.81,72316,2355069,25.33,0,0,0,0,0,0
2021-02-11,26.61,0,73.39,81175,3783586,40.69,72113,2427182,26.1,0,0,0,0,0,0
2021-02-12,27.02,0,72.98,39111,3822697,41.11,37598,2464780,26.51,0,0,0,0,0,0
2021-02-13,27.33,0,72.67,27465,3850162,41.4,30441,2495221,26.83,0,0,0,0,0,0
2021-02-14,28.25,0,71.75,74917,3925079,42.21,69085,2564306,27.58,0,0,0,0,0,0
2021-02-15,29.17,0,70.83,81548,4006627,43.09,75722,2640028,28.39,0,0,0,0,0,0
2021-02-16,30.11,0,69.89,83422,4090049,43.98,78301,2718329,29.23,0,0,0,0,0,0
2021-02-17,31.01,0,68.99,61984,4152033,44.65,75645,2793974,30.04,0,0,0,0,0,0
2021-02-18,31.94,0,68.06,69159,4221192,45.39,79739,2873713,30.9,0,0,0,0,0,0
2021-02-19,32.45,0,67.55,39676,4260868,45.82,38162,2911875,31.31,0,0,0,0,0,0
2021-02-20,32.85,0,67.15,31650,4292518,46.16,28724,2940599,31.62,0,0,0,0,0,0
2021-02-21,33.8,0,66.2,79436,4371954,47.01,78446,3019045,32.47,0,0,0,0,0,0
2021-02-22,34.83,0,65.17,85056,4457010,47.93,80596,3099641,33.33,0,0,0,0,0,0
2021-02-23,35.84,0,64.16,77332,4534342,48.76,70485,3170126,34.09,0,0,0,0,0,0
2021-02-24,36.76,0,63.24,61066,4595408,49.42,63144,3233270,34.77,0,0,0,0,0,0
2021-02-25,37.66,0,62.34,51730,4647138,49.97,64810,3298080,35.47,0,0,0,0,0,0
2021-02-26,38.1,0,61.9,25913,4673051,50.25,32046,3330126,35.81,0,0,0,0,0,0
2021-02-27,38.42,0,61.58,18353,4691404,50.45,21197,3351323,36.04,0,0,0,0,0,0
2021-02-28,39.24,0,60.76,40365,4731769,50.88,55874,3407197,36.64,0,0,0,0,0,0
2021-03-01,40.1,0,59.9,45751,4777520,51.38,61445,3468642,37.3,0,0,0,0,0,0
2021-03-02,40.85,0,59.15,41202,4818722,51.82,64801,3533443,38,0,0,0,0,0,0
2021-03-03,41.55,0,58.45,42035,4860757,52.27,66794,3600237,38.72,0,0,0,0,0,0
2021-03-04,42.24,0,57.76,39722,4900479,52.7,79126,3679363,39.57,0,0,0,0,0,0
2021-03-05,42.57,0,57.43,17369,4917848,52.88,40471,3719834,40,0,0,0,0,0,0
2021-03-06,42.78,0,57.22,10723,4928571,53,25349,3745183,40.27,0,0,0,0,0,0
2021-03-07,43.36,0,56.64,31156,4959727,53.33,72847,3818030,41.06,0,0,0,0,0,0
2021-03-08,43.97,0,56.03,27387,4987114,53.63,73295,3891325,41.85,0,0,0,0,0,0
2021-03-09,44.62,0,55.38,26756,5013870,53.92,76604,3967929,42.67,0,0,0,0,0,0
2021-03-10,45.27,0,54.73,23373,5037243,54.17,58685,4026614,43.3,0,0,0,0,0,0
2021-03-11,45.99,0,54.01,23307,5060550,54.42,69098,4095712,44.04,0,0,0,0,0,0
2021-03-12,46.34,0,53.66,11296,5071846,54.54,41418,4137130,44.49,0,0,0,0,0,0
2021-03-13,46.57,0,53.43,7953,5079799,54.63,25239,4162369,44.76,0,0,0,0,0,0
2021-03-14,47.2,0,52.8,20991,5100790,54.85,73936,4236305,45.56,0,0,0,0,0,0
2021-03-15,47.81,0,52.19,20151,5120941,55.07,78281,4314586,46.4,0,0,0,0,0,0
2021-03-16,48.43,0,51.57,18759,5139700,55.27,71480,4386066,47.17,0,0,0,0,0,0
2021-03-17,48.92,0,51.08,17704,5157404,55.46,59009,4445075,47.8,0,0,0,0,0,0
2021-03-18,49.45,0,50.55,16050,5173454,55.63,58126,4503201,48.43,0,0,0,0,0,0
2021-03-19,49.75,0,50.25,6956,5180410,55.71,27981,4531182,48.73,0,0,0,0,0,0
2021-03-20,49.93,0,50.07,5227,5185637,55.76,15302,4546484,48.89,0,0,0,0,0,0
2021-03-21,50.46,0,49.54,13172,5198809,55.91,40511,4586995,49.33,0,0,0,0,0,0
2021-03-22,51,0,49,13583,5212392,56.05,40542,4627537,49.76,0,0,0,0,0,0
2021-03-23,51.43,0,48.57,2846,5215238,56.08,7303,4634840,49.84,0,0,0,0,0,0
2021-03-24,51.84,0,48.16,11006,5226244,56.2,46560,4681400,50.34,0,0,0,0,0,0
2021-03-25,52.22,0,47.78,10273,5236517,56.31,35440,4716840,50.72,0,0,0,0,0,0
2021-03-26,52.4,0,47.6,4186,5240703,56.36,13334,4730174,50.87,0,0,0,0,0,0
2021-03-27,52.5,0,47.5,1787,5242490,56.38,4269,4734443,50.91,0,0,0,0,0,0
2021-03-28,52.74,0,47.26,2113,5244603,56.4,4612,4739055,50.96,0,0,0,0,0,0
2021-03-29,53,0,47,6918,5251521,56.47,30017,4769072,51.28,0,0,0,0,0,0
2021-03-30,53.08,0,46.92,7897,5259418,56.56,22454,4791526,51.53,0,0,0,0,0,0
2021-03-31,53.38,0,46.62,8154,5267572,56.64,19502,4811028,51.74,0,0,0,0,0,0
2021-04-01,53.62,0,46.38,8222,5275794,56.73,18703,4829731,51.94,0,0,0,0,0,0
2021-04-02,53.71,0,46.29,2946,5278740,56.77,8131,4837862,52.02,0,0,0,0,0,0
2021-04-03,53.74,0,46.26,1432,5280172,56.78,2983,4840845,52.06,0,0,0,0,0,0
2021-04-04,53.82,0,46.18,9618,5289790,56.88,22832,4863677,52.3,0,0,0,0,0,0
2021-04-05,54.04,0,45.96,10364,5300154,57,21277,4884954,52.53,0,0,0,0,0,0
2021-04-06,54.21,0,45.79,9035,5309189,57.09,16794,4901748,52.71,0,0,0,0,0,0
2021-04-07,54.36,0,45.64,8932,5318121,57.19,15313,4917061,52.88,0,0,0,0,0,0
2021-04-08,54.52,0,45.48,9431,5327552,57.29,17017,4934078,53.06,0,0,0,0,0,0
2021-04-09,54.58,0,45.42,3609,5331161,57.33,6259,4940337,53.13,0,0,0,0,0,0
2021-04-10,54.61,0,45.39,1636,5332797,57.35,3521,4943858,53.16,0,0,0,0,0,0
2021-04-11,54.78,0,45.22,9045,5341842,57.44,14249,4958107,53.32,0,0,0,0,0,0
2021-04-12,54.95,0,45.05,8936,5350778,57.54,13236,4971343,53.46,0,0,0,0,0,0
2021-04-13,55.08,0,44.92,5841,5356619,57.6,4960,4976303,53.51,0,0,0,0,0,0
2021-04-14,55.18,0,44.82,3651,5360270,57.64,5311,4981614,53.57,0,0,0,0,0,0
2021-04-15,55.27,0,44.73,698,5360968,57.65,582,4982196,53.58,0,0,0,0,0,0
2021-04-16,55.33,0,44.67,3419,5364387,57.69,6652,4988848,53.65,0,0,0,0,0,0
2021-04-17,55.35,0,44.65,822,5365209,57.69,1973,4990821,53.67,0,0,0,0,0,0
2021-04-18,55.47,0,44.53,7099,5372308,57.77,7433,4998254,53.75,0,0,0,0,0,0
2021-04-19,55.58,0,44.42,6407,5378715,57.84,7134,5005388,53.83,0,0,0,0,0,0
2021-04-20,55.65,0,44.35,6287,5385002,57.91,6889,5012277,53.9,0,0,0,0,0,0
2021-04-21,55.71,0,44.29,6381,5391383,57.98,7112,5019389,53.98,0,0,0,0,0,0
2021-04-22,55.75,0,44.25,5951,5397334,58.04,7690,5027079,54.06,0,0,0,0,0,0
2021-04-23,55.8,0,44.2,2768,5400102,58.07,3391,5030470,54.1,0,0,0,0,0,0
2021-04-24,55.82,0,44.18,768,5400870,58.08,1290,5031760,54.11,0,0,0,0,0,0
2021-04-25,55.89,0,44.11,4828,5405698,58.13,6925,5038685,54.18,0,0,0,0,0,0
2021-04-26,55.96,0,44.04,5479,5411177,58.19,7889,5046574,54.27,0,0,0,0,0,0
2021-04-27,56.03,0,43.97,4507,5415684,58.24,6627,5053201,54.34,0,0,0,0,0,0
2021-04-28,56.09,0,43.91,4501,5420185,58.29,7334,5060535,54.42,0,0,0,0,0,0
2021-04-29,56.16,0,43.84,4378,5424563,58.33,7296,5067831,54.5,0,0,0,0,0,0
2021-04-30,56.19,0,43.81,1924,5426487,58.35,3202,5071033,54.53,0,0,0,0,0,0
2021-05-01,56.2,0,43.8,458,5426945,58.36,895,5071928,54.54,0,0,0,0,0,0
2021-05-02,56.26,0,43.74,3225,5430170,58.39,6092,5078020,54.61,0,0,0,0,0,0
2021-05-03,56.32,0,43.68,3535,5433705,58.43,5835,5083855,54.67,0,0,0,0,0,0
2021-05-04,56.38,0,43.62,3593,5437298,58.47,4737,5088592,54.72,0,0,0,0,0,0
2021-05-05,56.44,0,43.56,3292,5440590,58.51,4093,5092685,54.76,0,0,0,0,0,0
2021-05-06,56.5,0,43.5,3645,5444235,58.54,3144,5095829,54.8,0,0,0,0,0,0
2021-05-07,56.52,0,43.48,1847,5446082,58.56,2509,5098338,54.83,0,0,0,0,0,0
2021-05-08,56.53,0,43.47,243,5446325,58.57,507,5098845,54.83,0,0,0,0,0,0
2021-05-09,56.58,0,43.42,2851,5449176,58.6,4751,5103596,54.88,0,0,0,0,0,0
2021-05-10,56.63,0,43.37,2897,5452073,58.63,4715,5108311,54.93,0,0,0,0,0,0
2021-05-11,56.67,0,43.33,2622,5454695,58.66,3881,5112192,54.97,0,0,0,0,0,0
2021-05-12,56.7,0,43.3,2034,5456729,58.68,3342,5115534,55.01,0,0,0,0,0,0
2021-05-13,56.73,0,43.27,2043,5458772,58.7,3687,5119221,55.05,0,0,0,0,0,0
2021-05-14,56.75,0,43.25,978,5459750,58.71,1494,5120715,55.07,0,0,0,0,0,0
2021-05-15,56.75,0,43.25,259,5460009,58.71,259,5120974,55.07,0,0,0,0,0,0
2021-05-16,56.78,0,43.22,529,5460538,58.72,1206,5122180,55.08,0,0,0,0,0,0
2021-05-17,56.81,0,43.19,302,5460840,58.72,848,5123028,55.09,0,0,0,0,0,0
2021-05-18,56.84,0,43.16,1963,5462803,58.74,4939,5127967,55.14,0,0,0,0,0,0
2021-05-19,56.87,0,43.13,2233,5465036,58.77,5042,5133009,55.2,0,0,0,0,0,0
2021-05-20,56.9,0,43.1,2312,5467348,58.79,3880,5136889,55.24,0,0,0,0,0,0
2021-05-21,56.92,0,43.08,1194,5468542,58.81,1414,5138303,55.25,0,0,0,0,0,0
2021-05-22,56.92,0,43.08,206,5468748,58.81,396,5138699,55.26,0,0,0,0,0,0
2021-05-23,56.94,0,43.06,2272,5471020,58.83,3216,5141915,55.29,0,0,0,0,0,0
2021-05-24,56.96,0,43.04,2139,5473159,58.86,3596,5145511,55.33,0,0,0,0,0,0
2021-05-25,56.99,0,43.01,1822,5474981,58.88,2588,5148099,55.36,0,0,0,0,0,0
2021-05-26,57.03,0,42.97,1414,5476395,58.89,2504,5150603,55.39,0,0,0,0,0,0
2021-05-27,57.06,0,42.94,1865,5478260,58.91,3188,5153791,55.42,0,0,0,0,0,0
2021-05-28,57.07,0,42.93,793,5479053,58.92,1406,5155197,55.44,0,0,0,0,0,0
2021-05-29,57.07,0,42.93,192,5479245,58.92,226,5155423,55.44,0,0,0,0,0,0
2021-05-30,57.1,0,42.9,1645,5480890,58.94,1937,5157360,55.46,0,0,0,0,0,0
2021-05-31,57.13,0,42.87,1740,5482630,58.96,2093,5159453,55.48,0,0,0,0,0,0
2021-06-01,57.47,0,42.53,1385,5484015,58.97,1823,5161276,55.5,0,0,0,0,0,0
2021-06-02,57.25,0,42.75,1514,5485529,58.99,1610,5162886,55.52,0,0,0,0,0,0
2021-06-03,57.27,0,42.73,1685,5487214,59.01,1493,5164379,55.54,0,0,0,0,0,0
2021-06-04,57.28,0,42.72,1102,5488316,59.02,784,5165163,55.54,0,0,0,0,0,0
2021-06-05,57.29,0,42.71,184,5488500,59.02,159,5165322,55.55,0,0,0,0,0,0
2021-06-06,57.31,0,42.69,4293,5492793,59.07,1002,5166324,55.56,0,0,0,0,0,0
2021-06-07,57.34,0,42.66,4439,5497232,59.11,814,5167138,55.56,0,0,0,0,0,0
2021-06-08,57.36,0,42.64,3739,5500971,59.15,1175,5168313,55.58,0,0,0,0,0,0
2021-06-09,57.4,0,42.6,3615,5504586,59.19,1331,5169644,55.59,0,0,0,0,0,0
2021-06-10,57.42,0,42.58,3364,5507950,59.23,1300,5170944,55.61,0,0,0,0,0,0
2021-06-11,57.43,0,42.57,1401,5509351,59.24,590,5171534,55.61,0,0,0,0,0,0
2021-06-12,57.43,0,42.57,222,5509573,59.25,173,5171707,55.61,0,0,0,0,0,0
2021-06-13,57.45,0,42.55,3101,5512674,59.28,1260,5172967,55.63,0,0,0,0,0,0
2021-06-14,57.46,0,42.54,3057,5515731,59.31,1534,5174501,55.64,0,0,0,0,0,0
2021-06-15,57.48,0,42.52,3137,5518868,59.35,1377,5175878,55.66,0,0,0,0,0,0
2021-06-16,57.49,0,42.51,2734,5521602,59.38,1004,5176882,55.67,0,0,0,0,0,0
2021-06-17,57.51,0,42.49,2733,5524335,59.41,1209,5178091,55.68,0,0,0,0,0,0
2021-06-18,57.52,0,42.48,1269,5525604,59.42,506,5178597,55.69,0,0,0,0,0,0
2021-06-19,57.52,0,42.48,242,5525846,59.42,139,5178736,55.69,0,0,0,0,0,0
2021-06-20,57.54,0,42.46,3316,5529162,59.46,1331,5180067,55.7,0,0,0,0,0,0
2021-06-21,57.56,0,42.44,5250,5534412,59.51,1218,5181285,55.72,0,0,0,0,0,0
2021-06-22,57.58,0,42.42,6935,5541347,59.59,1101,5182386,55.73,0,0,0,0,0,0
2021-06-23,57.6,0,42.4,10762,5552109,59.7,1304,5183690,55.74,0,0,0,0,0,0
2021-06-24,57.62,0,42.38,12051,5564160,59.83,1466,5185156,55.76,0,0,0,0,0,0
2021-06-25,57.62,0,42.38,7117,5571277,59.91,945,5186101,55.77,0,0,0,0,0,0
2021-06-26,57.63,0,42.37,2278,5573555,59.94,200,5186301,55.77,0,0,0,0,0,0
2021-06-27,57.65,0,42.35,13633,5587188,60.08,3438,5189739,55.81,0,0,0,0,0,0
2021-06-28,57.68,0,42.32,14518,5601706,60.24,3675,5193414,55.85,0,0,0,0,0,0
2021-06-29,57.69,0,42.31,16711,5618417,60.42,3745,5197159,55.89,0,0,0,0,0,0
2021-06-30,57.72,0,42.28,16487,5634904,60.59,3397,5200556,55.92,0,0,0,0,0,0
2021-07-01,57.78,0,42.22,16837,5651741,60.78,3381,5203937,55.96,122,122,0,0,0,0
2021-07-02,57.79,0,42.21,9836,5661577,60.88,1609,5205546,55.98,7,129,0,0,0,0
2021-07-03,57.79,0,42.21,2678,5664255,60.91,300,5205846,55.98,1,130,0,0,0,0
2021-07-04,57.85,0,42.15,17735,5681990,61.1,3161,5209007,56.02,2,132,0,0,0,0
2021-07-05,57.91,0,42.09,17850,5699840,61.29,3046,5212053,56.05,7,139,0,0,0,0
2021-07-06,57.99,0,42.01,17848,5717688,61.49,3411,5215464,56.08,11,150,0,0,0,0
2021-07-07,58.05,0,41.95,15531,5733219,61.65,2703,5218167,56.11,12,162,0,0,0,0
2021-07-08,58.12,0,41.88,16589,5749808,61.83,2881,5221048,56.14,17,179,0,0,0,0
2021-07-09,58.15,0,41.85,11125,5760933,61.95,1535,5222583,56.16,4,183,0,0,0,0
2021-07-10,58.15,0,41.85,4989,5765922,62,391,5222974,56.17,6,189,0,0,0,0
2021-07-11,58.22,0,41.78,1456,5767378,62.02,2847,5225821,56.2,8,197,0,0,0,0
2021-07-12,58.29,0,41.71,2427,5769805,62.05,3695,5229516,56.24,56,253,0,0,0,0
2021-07-13,58.36,0,41.64,2965,5772770,62.08,5460,5234976,56.29,124,377,0,0,0,0
2021-07-14,58.42,0,41.58,2747,5775517,62.11,7536,5242512,56.38,441,818,0.01,0,0,0
2021-07-15,58.5,0,41.5,3009,5778526,62.14,9302,5251814,56.48,374,1192,0.01,0,0,0
2021-07-16,58.54,0,41.46,1296,5779822,62.15,5898,5257712,56.54,66,1258,0.01,0,0,0
2021-07-17,58.55,0,41.44,372,5780194,62.16,1393,5259105,56.55,8,1266,0.01,0,0,0
2021-07-18,58.6,0,41.4,2074,5782268,62.18,9770,5268875,56.66,235,1501,0.02,0,0,0
2021-07-19,58.65,0,41.35,3211,5785479,62.21,11346,5280221,56.78,461,1962,0.02,0,0,0
2021-07-20,58.72,0,41.28,2690,5788169,62.24,11914,5292135,56.91,373,2335,0.03,0,0,0
2021-07-21,58.81,0,41.19,2408,5790577,62.27,11880,5304015,57.04,325,2660,0.03,0,0,0
2021-07-22,58.93,0,41.07,2877,5793454,62.3,13279,5317294,57.18,391,3051,0.03,0,0,0
2021-07-23,58.99,0,41.01,2038,5795492,62.32,8250,5325544,57.27,106,3157,0.03,0,0,0
2021-07-24,58.99,0,41,645,5796137,62.33,1486,5327030,57.28,7,3164,0.03,0,0,0
2021-07-25,59.1,0,40.89,4416,5800553,62.38,15499,5342529,57.45,223,3387,0.04,0,0,0
2021-07-26,59.24,0,40.75,5173,5805726,62.43,13533,5356062,57.6,325,3712,0.04,0,0,0
2021-07-27,59.37,0.01,40.62,5493,5811219,62.49,13579,5369641,57.74,414,4126,0.04,0,0,0
2021-07-28,59.5,0.01,40.49,3990,5815209,62.53,12345,5381986,57.88,472,4598,0.05,0,0,0
2021-07-29,59.65,0.01,40.33,4665,5819874,62.58,14201,5396187,58.03,532,5130,0.06,0,0,0
2021-07-30,59.74,0.02,40.25,2657,5822531,62.61,10856,5407043,58.14,4122,9252,0.1,0,0,0
2021-07-31,59.75,0.02,40.23,1407,5823938,62.63,3553,5410596,58.18,6159,15411,0.17,0,0,0
2021-08-01,59.91,0.02,40.06,3078,5827016,62.66,3366,5413962,58.22,31047,46458,0.5,0,0,0
2021-08-02,60.06,0.03,39.91,3134,5830150,62.69,3176,5417138,58.25,58514,104972,1.13,0,0,0
2021-08-03,60.21,0.03,39.76,3386,5833536,62.73,3330,5420468,58.29,78953,183925,1.98,0,0,0
2021-08-04,60.34,0.03,39.63,3534,5837070,62.77,3255,5423723,58.32,80765,264690,2.85,0,0,0
2021-08-05,60.49,0.04,39.47,4515,5841585,62.82,3570,5427293,58.36,88442,353132,3.8,0,0,0
2021-08-06,60.6,0.04,39.36,2437,5844022,62.84,1862,5429155,58.38,44744,397876,4.28,0,0,0
2021-08-07,60.63,0.04,39.32,1034,5845056,62.85,701,5429856,58.39,27353,425229,4.57,0,0,0
2021-08-08,60.68,0.04,39.28,4991,5850047,62.91,3082,5432938,58.42,80087,505316,5.43,0,0,0
2021-08-09,60.72,0.04,39.24,5341,5855388,62.97,3064,5436002,58.46,76489,581805,6.26,0,0,0
2021-08-10,60.75,0.04,39.2,5554,5860942,63.03,3208,5439210,58.49,75427,657232,7.07,0,0,0
2021-08-11,60.79,0.04,39.17,5695,5866637,63.09,2949,5442159,58.52,62642,719874,7.74,0,0,0
2021-08-12,60.83,0.04,39.12,7039,5873676,63.16,3290,5445449,58.56,59462,779336,8.38,0,0,0
2021-08-13,60.84,0.05,39.11,3821,5877497,63.2,2074,5447523,58.58,43870,823206,8.85,0,0,0
2021-08-14,60.85,0.05,39.1,2254,5879751,63.23,853,5448376,58.59,44486,867692,9.33,0,0,0
2021-08-15,60.89,0.05,39.06,7145,5886896,63.3,4530,5452906,58.64,97985,965677,10.38,0,0,0
2021-08-16,60.92,0.04,39.03,6991,5893887,63.38,4749,5457655,58.69,89521,1055198,11.35,0,0,0
2021-08-17,60.96,0.04,39,7573,5901460,63.46,5138,5462793,58.74,83320,1138518,12.24,0,0,0
2021-08-18,60.99,0.04,38.96,8643,5910103,63.55,4603,5467396,58.79,69267,1207785,12.99,0,0,0
2021-08-19,61.03,0.04,38.92,10082,5920185,63.66,5217,5472613,58.85,65976,1273761,13.7,0,0,0
2021-08-20,61.05,0.05,38.9,4768,5924953,63.71,2827,5475440,58.88,60454,1334215,14.35,0,0,0
2021-08-21,61.06,0.05,38.89,3499,5928452,63.75,1580,5477020,58.9,50725,1384940,14.89,0,0,0
2021-08-22,61.12,0.04,38.84,9824,5938276,63.86,4808,5481828,58.95,105111,1490051,16.02,0,0,0
2021-08-23,61.17,0.04,38.79,10923,5949199,63.97,4448,5486276,59,94033,1584084,17.03,0,0,0
2021-08-24,61.23,0.04,38.73,11723,5960922,64.1,4703,5490979,59.05,98555,1682639,18.09,0,0,0
2021-08-25,61.29,0.04,38.67,9612,5970534,64.2,4485,5495464,59.1,99557,1782196,19.16,0,0,0
2021-08-26,61.36,0.03,38.61,10109,5980643,64.31,5059,5500523,59.15,101231,1883427,20.25,0,0,0
2021-08-27,61.35,0.04,38.61,4325,5984968,64.36,2788,5503311,59.18,56696,1940123,20.86,0,0,0
2021-08-28,61.4,0.04,38.57,3702,5988670,64.4,1500,5504811,59.2,33540,1973663,21.22,0,0,0
2021-08-29,61.46,0.03,38.5,10323,5998993,64.51,5932,5510743,59.26,79550,2053213,22.08,0,0,0
2021-08-30,61.53,0.03,38.44,12334,6011327,64.64,7017,5517760,59.34,116009,2169222,23.33,0,0,0
2021-08-31,61.6,0.03,38.37,12077,6023404,64.77,6529,5524289,59.41,114878,2284100,24.56,0,0,0
2021-09-01,61.43,0.03,38.54,9033,6032437,64.87,6043,5530332,59.47,112492,2396592,25.77,0,0,0
2021-09-02,61.49,0.03,38.48,8784,6041221,64.96,7182,5537514,59.55,111545,2508137,26.97,0,0,0
2021-09-03,61.56,0.03,38.42,3751,6044972,65,4116,5541630,59.59,58886,2567023,27.6,0,0,0
2021-09-04,61.59,0.03,38.38,2691,6047663,65.03,2023,5543653,59.61,29953,2596976,27.93,0,0,0
2021-09-05,61.68,0.03,38.29,6991,6054654,65.11,6460,5550113,59.68,73326,2670302,28.72,0,0,0
2021-09-06,61.77,0.03,38.2,2836,6057490,65.14,2718,5552831,59.71,22800,2693102,28.96,0,0,0
2021-09-07,61.85,0.03,38.12,1201,6058691,65.15,879,5553710,59.72,5398,2698500,29.02,0,0,0
2021-09-08,61.93,0.03,38.05,1380,6060071,65.17,1196,5554906,59.73,6621,2705121,29.09,0,0,0
2021-09-09,62.02,0.03,37.95,7093,6067164,65.24,12573,5567479,59.87,73845,2778966,29.88,0,0,0
2021-09-10,62.06,0.03,37.91,3258,6070422,65.28,5016,5572495,59.92,37938,2816904,30.29,0,0,0
2021-09-11,62.08,0.03,37.89,2109,6072531,65.3,2509,5575004,59.95,14816,2831720,30.45,0,0,0
2021-09-12,62.16,0.03,37.81,6106,6078637,65.37,8589,5583593,60.04,54136,2885856,31.03,0,0,0
2021-09-13,62.15,0.03,37.82,5611,6084248,65.43,8265,5591858,60.13,47983,2933839,31.55,0,0,0
2021-09-14,62.2,0.03,37.77,4963,6089211,65.48,7424,5599282,60.21,48856,2982695,32.07,0,0,0
2021-09-15,62.25,0.03,37.72,1750,6090961,65.5,2718,5602000,60.24,16687,2999382,32.25,0,0,0
2021-09-16,62.37,0.03,37.6,343,6091304,65.5,549,5602549,60.25,1740,3001122,32.27,0,0,0
2021-09-17,62.42,0.03,37.54,3683,6094987,65.54,7022,5609571,60.32,42905,3044027,32.73,0,0,0
2021-09-18,62.45,0.03,37.52,2258,6097245,65.57,2946,5612517,60.35,12783,3056810,32.87,0,0,0
2021-09-19,62.55,0.03,37.42,5942,6103187,65.63,10712,5623229,60.47,44332,3101142,33.35,0,0,0
2021-09-20,62.63,0.03,37.34,3246,6106433,65.67,4646,5627875,60.52,16708,3117850,33.53,0,0,0
2021-09-21,62.69,0.03,37.28,1340,6107773,65.68,2066,5629941,60.54,3477,3121327,33.57,0,0,0
2021-09-22,62.72,0.03,37.25,4260,6112033,65.73,7250,5637191,60.62,25072,3146399,33.83,0,0,0
2021-09-23,62.75,0.03,37.22,4391,6116424,65.77,5916,5643107,60.68,27834,3174233,34.13,0,0,0
2021-09-24,62.82,0.03,37.15,3202,6119626,65.81,4185,5647292,60.73,27723,3201956,34.43,0,0,0
2021-09-25,62.85,0.03,37.12,2080,6121706,65.83,2263,5649555,60.75,10443,3212399,34.54,0,0,0
2021-09-26,62.96,0.03,37,5603,6127309,65.89,5973,5655528,60.82,36271,3248670,34.93,0,0,0
2021-09-27,63.02,0.03,36.94,4696,6132005,65.94,4469,5659997,60.86,30457,3279127,35.26,0,0,0
2021-09-28,63.06,0.04,36.91,1472,6133477,65.96,1184,5661181,60.88,6249,3285376,35.33,0,0,0
2021-09-29,63.13,0.03,36.84,9622,6143099,66.06,8349,5669530,60.97,60325,3345701,35.98,0,0,0
2021-09-30,63.18,0.03,36.79,10976,6154075,66.18,8579,5678109,61.06,79703,3425404,36.84,0,0,0
2021-10-01,63.23,0.03,36.73,5126,6159201,66.23,3875,5681984,61.1,46546,3471950,37.34,0,0,0
2021-10-02,63.26,0.03,36.71,2865,6162066,66.26,2127,5684111,61.12,22432,3494382,37.58,0,0,0
2021-10-03,63.35,0.03,36.62,11667,6173733,66.39,7276,5691387,61.2,70726,3565108,38.34,0,0,0
2021-10-04,63.4,0.03,36.57,10320,6184053,66.5,6759,5698146,61.28,51913,3617021,38.9,0,0,0
2021-10-05,63.41,0.03,36.55,8461,6192514,66.59,5314,5703460,61.33,40479,3657500,39.33,0,0,0
2021-10-06,63.52,0.03,36.45,7543,6200057,66.67,4185,5707645,61.38,34150,3691650,39.7,0,0,0
2021-10-07,63.63,0.03,36.34,6895,6206952,66.75,4009,5711654,61.42,34068,3725718,40.06,0,0,0
2021-10-08,63.68,0.03,36.29,3086,6210038,66.78,2644,5714298,61.45,19250,3744968,40.27,0,0,0
2021-10-09,63.71,0.03,36.26,1341,6211379,66.79,1444,5715742,61.46,7441,3752409,40.35,0,0,0
2021-10-10,63.82,0.04,36.14,4676,6216055,66.84,3747,5719489,61.5,21519,3773928,40.58,0,0,0
2021-10-11,63.91,0.04,36.05,4299,6220354,66.89,2944,5722433,61.54,17269,3791197,40.77,0,0,0
2021-10-12,63.99,0.05,35.96,3977,6224331,66.93,3007,5725440,61.57,15357,3806554,40.93,0,0,0
2021-10-13,64.09,0.05,35.86,3487,6227818,66.97,2451,5727891,61.59,13587,3820141,41.08,0,0,0
2021-10-14,64.19,0.06,35.75,3870,6231688,67.01,2685,5730576,61.62,16568,3836709,41.26,0,0,0
2021-10-15,64.23,0.07,35.7,1703,6233391,67.03,1685,5732261,61.64,9010,3845719,41.35,0,0,0
2021-10-16,64.25,0.08,35.67,729,6234120,67.04,956,5733217,61.65,4035,3849754,41.4,0,0,0
2021-10-17,64.36,0.09,35.56,3090,6237210,67.07,2526,5735743,61.68,12798,3862552,41.54,0,0,0
2021-10-18,64.43,0.1,35.47,2460,6239670,67.1,1691,5737434,61.7,10069,3872621,41.64,0,0,0
2021-10-19,64.49,0.1,35.4,2399,6242069,67.12,1284,5738718,61.71,9294,3881915,41.74,0,0,0
2021-10-20,64.14,0.52,35.34,2435,6244504,67.15,2304,5741022,61.74,10103,3892018,41.85,0,0,0
2021-10-21,54.23,10.41,35.36,3034,6247538,67.18,3097,5744119,61.77,12163,3904181,41.98,0,0,0
2021-10-22,54.36,10.26,35.38,1279,6248817,67.2,1437,5745556,61.78,5840,3910021,42.05,0,0,0
2021-10-23,54.42,10.19,35.39,575,6249392,67.2,1266,5746822,61.8,2564,3912585,42.07,0,0,0
2021-10-24,54.22,10.43,35.35,2517,6251909,67.23,2653,5749475,61.83,9855,3922440,42.18,0,0,0
2021-10-25,54.59,10.22,35.19,2638,6254547,67.26,2752,5752227,61.86,8511,3930951,42.27,0,0,0
2021-10-26,54.64,10.26,35.1,2381,6256928,67.28,2059,5754286,61.88,8529,3939480,42.36,0,0,0
2021-10-27,54.58,10.37,35.06,2292,6259220,67.31,2566,5756852,61.91,7959,3947439,42.45,0,0,0
2021-10-28,54.69,10.76,34.55,2504,6261724,67.34,2782,5759634,61.94,8674,3956113,42.54,0,0,0
2021-10-29,54.73,10.75,34.52,901,6262625,67.35,1154,5760788,61.95,4138,3960251,42.59,0,0,0
2021-10-30,54.68,10.81,34.52,366,6262991,67.35,530,5761318,61.95,1712,3961963,42.6,0,0,0
2021-10-31,54.83,10.7,34.47,2261,6265252,67.37,2495,5763813,61.98,8256,3970219,42.69,0,0,0
2021-11-01,54.95,10.63,34.42,1737,6266989,67.39,2093,5765906,62,6480,3976699,42.76,0,0,0
2021-11-02,54.89,10.69,34.42,2026,6269015,67.41,2048,5767954,62.03,6296,3982995,42.83,0,0,0
2021-11-03,54.86,10.75,34.39,1764,6270779,67.43,1897,5769851,62.05,5556,3988551,42.89,0,0,0
2021-11-04,54.85,10.81,34.33,2111,6272890,67.46,2802,5772653,62.08,7133,3995684,42.97,0,0,0
2021-11-05,54.85,10.83,34.32,790,6273680,67.46,905,5773558,62.09,3487,3999171,43.01,0,0,0
2021-11-06,54.82,10.86,34.32,347,6274027,67.47,389,5773947,62.09,1375,4000546,43.02,0,0,0
2021-11-07,54.92,10.8,34.28,1578,6275605,67.48,1769,5775716,62.11,6134,4006680,43.09,0,0,0
2021-11-08,55.01,10.75,34.24,1520,6277125,67.5,1603,5777319,62.13,5406,4012086,43.14,0,0,0
2021-11-09,55.05,10.74,34.21,1428,6278553,67.52,1611,5778930,62.14,5332,4017418,43.2,0,0,0
2021-11-10,55.08,10.73,34.19,1424,6279977,67.53,1661,5780591,62.16,4779,4022197,43.25,0,0,0
2021-11-11,55.15,10.69,34.15,1628,6281605,67.55,1947,5782538,62.18,5718,4027915,43.31,0,0,0
2021-11-12,55.17,10.69,34.14,637,6282242,67.56,826,5783364,62.19,2925,4030840,43.35,0,0,0
2021-11-13,55.14,10.72,34.14,257,6282499,67.56,290,5783654,62.19,1130,4031970,43.36,0,0,0
2021-11-14,55.21,10.68,34.11,1536,6284035,67.58,1639,5785293,62.21,5111,4037081,43.41,0,0,0
2021-11-15,55.28,10.63,34.09,1275,6285310,67.59,1626,5786919,62.23,4770,4041851,43.46,0,0,0
2021-11-16,55.32,10.62,34.07,1275,6286585,67.6,1419,5788338,62.24,4349,4046200,43.51,0,0,0
2021-11-17,55.35,10.6,34.05,1208,6287793,67.62,1567,5789905,62.26,3915,4050115,43.55,0,0,0
2021-11-18,55.41,10.58,34.02,1364,6289157,67.63,1693,5791598,62.28,5012,4055127,43.61,0,0,0
2021-11-19,55.42,10.57,34.01,588,6289745,67.64,763,5792361,62.29,2460,4057587,43.63,0,0,0
2021-11-20,55.41,10.58,34,238,6289983,67.64,258,5792619,62.29,929,4058516,43.64,0,0,0
2021-11-21,55.47,10.54,33.98,1409,6291392,67.65,1542,5794161,62.31,4881,4063397,43.7,0,0,0
2021-11-22,55.54,10.5,33.96,1681,6293073,67.67,1523,5795684,62.32,4238,4067635,43.74,0,0,0
2021-11-23,55.57,10.48,33.95,8616,6301689,67.77,1688,5797372,62.34,4012,4071647,43.78,0,0,0
2021-11-24,55.6,10.44,33.95,9348,6311037,67.87,1319,5798691,62.36,3924,4075571,43.83,0,0,0
2021-11-25,55.64,10.43,33.93,9808,6320845,67.97,1600,5800291,62.37,4841,4080412,43.88,0,0,0
2021-11-26,55.63,10.45,33.92,5610,6326455,68.03,748,5801039,62.38,2805,4083217,43.91,0,0,0
2021-11-27,55.62,10.46,33.92,4776,6331231,68.08,324,5801363,62.39,1164,4084381,43.92,0,0,0
2021-11-28,55.67,10.43,33.9,10145,6341376,68.19,1481,5802844,62.4,4905,4089286,43.97,0,0,0
2021-11-29,55.73,10.39,33.88,9043,6350419,68.29,1134,5803978,62.41,4376,4093662,44.02,0,0,0
2021-11-30,55.77,10.37,33.86,10042,6360461,68.4,1037,5805015,62.42,4084,4097746,44.07,0,0,0
2021-12-01,55.79,10.36,33.84,8630,6369091,68.49,1097,5806112,62.44,4444,4102190,44.11,5,5,0
2021-12-02,55.84,10.34,33.82,9173,6378264,68.59,1456,5807568,62.45,5125,4107315,44.17,6,11,0
2021-12-03,55.86,10.33,33.81,6329,6384593,68.66,673,5808241,62.46,2868,4110183,44.2,1,12,0
2021-12-04,55.85,10.34,33.81,2509,6387102,68.68,238,5808479,62.46,925,4111108,44.21,3,15,0
2021-12-05,55.9,10.31,33.79,8334,6395436,68.77,1254,5809733,62.48,4683,4115791,44.26,1,16,0
2021-12-06,55.95,10.27,33.78,6720,6402156,68.85,1200,5810933,62.49,4351,4120142,44.31,4,20,0
2021-12-07,55.99,10.25,33.76,5553,6407709,68.91,1506,5812439,62.5,3966,4124108,44.35,9,29,0
2021-12-08,56.03,10.22,33.75,4936,6412645,68.96,1200,5813639,62.52,3884,4127992,44.39,10,39,0
2021-12-09,56.08,10.19,33.73,6239,6418884,69.03,1241,5814880,62.53,4508,4132500,44.44,8,47,0
2021-12-10,56.1,10.18,33.72,3004,6421888,69.06,704,5815584,62.54,2687,4135187,44.47,4,51,0
2021-12-11,56.1,10.18,33.71,1491,6423379,69.07,255,5815839,62.54,1021,4136208,44.48,0,51,0
2021-12-12,56.16,10.15,33.69,7272,6430651,69.15,1444,5817283,62.56,5248,4141456,44.54,3,54,0
2021-12-13,56.21,10.11,33.67,6180,6436831,69.22,1377,5818660,62.57,4351,4145807,44.58,5,59,0
2021-12-14,56.27,10.09,33.65,7316,6444147,69.3,6098,5824758,62.64,4941,4150748,44.64,12,71,0
2021-12-15,56.34,10.06,33.6,7204,6451351,69.37,7404,5832162,62.72,5446,4156194,44.69,7,78,0
2021-12-16,56.53,10.05,33.42,8079,6459430,69.46,8609,5840771,62.81,6564,4162758,44.76,8,86,0
2021-12-17,56.64,10.05,33.3,4406,6463836,69.51,5141,5845912,62.86,3954,4166712,44.81,3,89,0
2021-12-18,56.73,10.07,33.2,3941,6467777,69.55,2913,5848825,62.9,1361,4168073,44.82,2,91,0
2021-12-19,56.92,10.04,33.04,6978,6474755,69.63,9328,5858153,63,6275,4174348,44.89,6,97,0
2021-12-20,57.07,10.02,32.91,7972,6482727,69.71,7518,5865671,63.08,5447,4179795,44.95,9,106,0
2021-12-21,57.27,10.01,32.71,9548,6492275,69.81,8647,5874318,63.17,6492,4186287,45.02,8,114,0
2021-12-22,57.49,10,32.52,9663,6501938,69.92,8150,5882468,63.26,6255,4192542,45.08,12,126,0
2021-12-23,57.7,9.97,32.33,11538,6513476,70.04,10261,5892729,63.37,8160,4200702,45.17,16,142,0
2021-12-24,57.83,9.96,32.21,5875,6519351,70.11,6241,5898970,63.43,5281,4205983,45.23,12,154,0
2021-12-25,57.9,9.96,32.15,3338,6522689,70.14,2566,5901536,63.46,2021,4208004,45.25,6,160,0
2021-12-26,58.1,9.92,31.98,10652,6533341,70.26,8908,5910444,63.56,8201,4216205,45.34,8,168,0
2021-12-27,58.27,9.9,31.83,10370,6543711,70.37,7142,5917586,63.63,8188,4224393,45.43,21,189,0
2021-12-28,58.46,9.88,31.66,11375,6555086,70.49,7451,5925037,63.71,9642,4234035,45.53,24,213,0
2021-12-29,58.64,9.85,31.51,9933,6565019,70.6,5964,5931001,63.78,8376,4242411,45.62,21,234,0
2021-12-30,58.84,9.82,31.34,11012,6576031,70.72,7735,5938736,63.86,12241,4254652,45.75,10,244,0
2021-12-31,58.9,9.79,31.3,4829,6580860,70.77,3671,5942407,63.9,7296,4261948,45.83,135,379,0
2022-01-01,58.93,9.79,31.28,1993,6582853,70.79,1592,5943999,63.92,2741,4264689,45.86,66,445,0
2022-01-02,59.14,9.76,31.1,10216,6593069,70.9,6487,5950486,63.99,13002,4277691,46,590,1035,0.01
2022-01-03,59.29,9.71,31,9384,6602453,71,5259,5955745,64.05,11342,4289033,46.12,25055,26090,0.28
2022-01-04,59.46,9.68,30.86,8964,6611417,71.1,5946,5961691,64.11,10525,4299558,46.24,50660,76750,0.83
2022-01-05,59.56,9.65,30.79,8553,6619970,71.19,5739,5967430,64.17,10494,4310052,46.35,59590,136340,1.47
2022-01-06,59.81,9.63,30.56,10338,6630308,71.3,7959,5975389,64.26,13531,4323583,46.49,64001,200341,2.15
2022-01-07,59.89,9.61,30.49,4760,6635068,71.35,4556,5979945,64.31,8166,4331749,46.58,31135,231476,2.49
2022-01-08,59.9,9.64,30.46,2749,6637817,71.38,2451,5982396,64.33,5501,4337250,46.64,27632,259108,2.79
2022-01-09,60.06,9.59,30.35,9305,6647122,71.48,7723,5990119,64.41,11871,4349121,46.77,66765,325873,3.5
2022-01-10,60.21,9.54,30.25,8347,6655469,71.57,7646,5997765,64.5,11882,4361003,46.9,64777,390650,4.2
2022-01-11,60.38,9.49,30.13,8099,6663568,71.66,8622,6006387,64.59,11974,4372977,47.02,56658,447308,4.81
2022-01-12,60.51,9.45,30.04,7275,6670843,71.73,8304,6014691,64.68,11114,4384091,47.14,44631,491939,5.29
2022-01-13,60.7,9.35,29.94,7509,6678352,71.82,9617,6024308,64.78,11546,4395637,47.27,34767,526706,5.66
2022-01-14,60.79,9.31,29.9,2554,6680906,71.84,4935,6029243,64.84,6145,4401782,47.33,11142,537848,5.78
2022-01-15,60.83,9.29,29.87,1469,6682375,71.86,3170,6032413,64.87,3884,4405666,47.38,5716,543564,5.85
2022-01-16,60.97,9.2,29.82,3817,6686192,71.9,8524,6040937,64.96,7682,4413348,47.46,19993,563557,6.06
2022-01-17,61.09,9.13,29.78,2807,6688999,71.93,7047,6047984,65.04,6173,4419521,47.53,17833,581390,6.25
2022-01-18,61.23,9.07,29.7,2475,6691474,71.96,7386,6055370,65.12,5535,4425056,47.58,14817,596207,6.41
2022-01-19,61.37,8.98,29.65,1915,6693389,71.98,6369,6061739,65.19,4522,4429578,47.63,8461,604668,6.5
2022-01-20,61.44,8.85,29.71,1777,6695166,72,6971,6068710,65.26,4793,4434371,47.69,8041,612709,6.59
2022-01-21,61.51,8.81,29.68,905,6696071,72.01,3725,6072435,65.3,2646,4437017,47.71,3358,616067,6.62
2022-01-22,61.51,8.75,29.74,328,6696399,72.01,1461,6073896,65.32,1067,4438084,47.73,1113,617180,6.64
2022-01-23,61.61,8.7,29.69,1068,6697467,72.02,5632,6079528,65.38,2879,4440963,47.76,6083,623263,6.7
2022-01-24,61.73,8.62,29.65,759,6698226,72.03,4481,6084009,65.42,2270,4443233,47.78,5055,628318,6.76
2022-01-25,61.9,8.51,29.59,744,6698970,72.04,4401,6088410,65.47,2186,4445419,47.8,7102,635420,6.83
2022-01-26,62.02,8.42,29.57,614,6699584,72.04,3285,6091695,65.51,1612,4447031,47.82,4262,639682,6.88
2022-01-27,62.12,8.35,29.52,798,6700382,72.05,4405,6096100,65.55,2005,4449036,47.84,5441,645123,6.94
2022-01-28,62.16,8.33,29.5,397,6700779,72.06,2376,6098476,65.58,1181,4450217,47.86,3452,648575,6.97
2022-01-29,62.23,8.29,29.48,124,6700903,72.06,1046,6099522,65.59,425,4450642,47.86,1162,649737,6.99
2022-01-30,62.3,8.24,29.46,769,6701672,72.07,4719,6104241,65.64,2020,4452662,47.88,8099,657836,7.07
2022-01-31,62.39,8.17,29.43,528,6702200,72.07,3183,6107424,65.68,1610,4454272,47.9,6472,664308,7.14
2022-02-01,62.45,8.15,29.4,482,6702682,72.08,2809,6110233,65.71,1526,4455798,47.92,5722,670030,7.21
2022-02-02,62.28,8.13,29.59,375,6703057,72.08,2394,6112627,65.73,1385,4457183,47.93,5073,675103,7.26
2022-02-03,62.34,8.08,29.57,446,6703503,72.09,2776,6115403,65.76,1462,4458645,47.95,5607,680710,7.32
2022-02-04,62.37,8.06,29.57,174,6703677,72.09,991,6116394,65.77,757,4459402,47.95,2455,683165,7.35
2022-02-05,62.34,8.09,29.56,62,6703739,72.09,342,6116736,65.78,221,4459623,47.96,420,683585,7.35
2022-02-06,62.41,8.05,29.55,407,6704146,72.09,2320,6119056,65.8,1344,4460967,47.97,5687,689272,7.41
2022-02-07,62.47,8.01,29.52,283,6704429,72.1,1308,6120364,65.82,983,4461950,47.98,5960,695232,7.48
2022-02-08,62.54,7.97,29.49,317,6704746,72.1,1498,6121862,65.83,1068,4463018,47.99,6137,701369,7.54
2022-02-09,62.6,7.95,29.45,254,6705000,72.1,1102,6122964,65.84,946,4463964,48,4570,705939,7.59
2022-02-10,62.63,7.93,29.44,273,6705273,72.11,1292,6124256,65.86,936,4464900,48.01,4815,710754,7.64
2022-02-11,62.67,7.91,29.42,211,6705484,72.11,557,6124813,65.86,518,4465418,48.02,2540,713294,7.67
2022-02-12,62.67,7.91,29.41,32,6705516,72.11,90,6124903,65.86,136,4465554,48.02,269,713563,7.67
2022-02-13,62.73,7.87,29.39,286,6705802,72.11,946,6125849,65.87,966,4466520,48.03,4998,718561,7.73
2022-02-14,62.89,7.74,29.36,179,6705981,72.11,628,6126477,65.88,760,4467280,48.04,3143,721704,7.76
2022-02-15,62.92,7.73,29.35,265,6706246,72.12,763,6127240,65.89,937,4468217,48.05,3819,725523,7.8
2022-02-16,62.95,7.72,29.34,179,6706425,72.12,577,6127817,65.9,803,4469020,48.06,2488,728011,7.83
2022-02-17,62.96,7.7,29.34,247,6706672,72.12,740,6128557,65.9,775,4469795,48.07,3061,731072,7.86
2022-02-18,62.98,7.69,29.33,130,6706802,72.12,343,6128900,65.91,439,4470234,48.07,1119,732191,7.87
2022-02-19,62.99,7.69,29.32,33,6706835,72.12,84,6128984,65.91,82,4470316,48.07,80,732271,7.87
2022-02-20,63.01,7.67,29.32,204,6707039,72.12,604,6129588,65.91,723,4471039,48.08,2574,734845,7.9
2022-02-21,63.04,7.65,29.31,173,6707212,72.13,413,6130001,65.92,489,4471528,48.08,1542,736387,7.92
2022-02-22,63.05,7.65,29.3,158,6707370,72.13,455,6130456,65.92,570,4472098,48.09,1871,738258,7.94
2022-02-23,63.06,7.65,29.29,109,6707479,72.13,353,6130809,65.93,453,4472551,48.1,1153,739411,7.95
2022-02-24,63.05,7.66,29.29,138,6707617,72.13,463,6131272,65.93,568,4473119,48.1,1493,740904,7.97
2022-02-25,63.06,7.66,29.28,59,6707676,72.13,144,6131416,65.93,193,4473312,48.1,456,741360,7.97
2022-02-26,63.05,7.67,29.28,17,6707693,72.13,28,6131444,65.93,161,4473473,48.11,35,741395,7.97
2022-02-27,63.05,7.67,29.28,112,6707805,72.13,341,6131785,65.94,448,4473921,48.11,1119,742514,7.98
2022-02-28,63.07,7.65,29.28,108,6707913,72.13,271,6132056,65.94,424,4474345,48.11,908,743422,7.99
2022-03-01,63.1,7.63,29.27,95,6708008,72.13,280,6132336,65.94,373,4474718,48.12,797,744219,8
2022-03-02,63.11,7.62,29.27,77,6708085,72.14,199,6132535,65.95,324,4475042,48.12,698,744917,8.01
2022-03-03,63.05,7.67,29.27,157,6708242,72.14,371,6132906,65.95,498,4475540,48.13,987,745904,8.02
2022-03-04,63.05,7.68,29.27,53,6708295,72.14,170,6133076,65.95,170,4475710,48.13,228,746132,8.02
2022-03-05,63.04,7.69,29.27,4,6708299,72.14,25,6133101,65.95,44,4475754,48.13,32,746164,8.02
2022-03-06,63.04,7.69,29.27,98,6708397,72.14,259,6133360,65.96,417,4476171,48.13,760,746924,8.03
2022-03-07,63.05,7.69,29.26,86,6708483,72.14,260,6133620,65.96,354,4476525,48.14,605,747529,8.04
2022-03-08,63.04,7.7,29.26,99,6708582,72.14,263,6133883,65.96,333,4476858,48.14,550,748079,8.04
2022-03-09,63.02,7.72,29.25,89,6708671,72.14,213,6134096,65.96,337,4477195,48.15,492,748571,8.05
2022-03-10,63.01,7.74,29.25,115,6708786,72.14,375,6134471,65.97,428,4477623,48.15,620,749191,8.06
2022-03-11,63,7.75,29.25,24,6708810,72.14,85,6134556,65.97,123,4477746,48.15,144,749335,8.06
2022-03-12,62.98,7.77,29.24,11,6708821,72.14,12,6134568,65.97,34,4477780,48.15,28,749363,8.06
2022-03-13,62.98,7.78,29.24,100,6708921,72.14,271,6134839,65.97,358,4478138,48.16,595,749958,8.06
2022-03-14,62.98,7.78,29.24,66,6708987,72.15,253,6135092,65.97,316,4478454,48.16,559,750517,8.07
2022-03-15,62.95,7.81,29.24,80,6709067,72.15,185,6135277,65.98,293,4478747,48.16,591,751108,8.08
2022-03-16,62.94,7.82,29.24,77,6709144,72.15,205,6135482,65.98,305,4479052,48.17,668,751776,8.08
2022-03-17,62.94,7.82,29.24,65,6709209,72.15,122,6135604,65.98,286,4479338,48.17,613,752389,8.09
2022-03-18,62.94,7.82,29.24,20,6709229,72.15,54,6135658,65.98,100,4479438,48.17,234,752623,8.09
2022-03-19,62.89,7.88,29.23,6,6709235,72.15,11,6135669,65.98,29,4479467,48.17,39,752662,8.09
2022-03-20,62.87,7.89,29.23,119,6709354,72.15,260,6135929,65.98,486,4479953,48.18,1431,754093,8.11
2022-03-21,62.87,7.9,29.23,97,6709451,72.15,247,6136176,65.99,379,4480332,48.18,1132,755225,8.12
2022-03-22,62.84,7.94,29.23,141,6709592,72.15,342,6136518,65.99,508,4480840,48.18,1770,756995,8.14
2022-03-23,62.81,7.97,29.22,108,6709700,72.15,212,6136730,65.99,463,4481303,48.19,1677,758672,8.16
2022-03-24,62.78,8,29.22,174,6709874,72.15,345,6137075,66,769,4482072,48.2,2363,761035,8.18
2022-03-25,62.78,8,29.23,39,6709913,72.16,82,6137157,66,159,4482231,48.2,630,761665,8.19
2022-03-26,62.77,8,29.22,12,6709925,72.16,13,6137170,66,34,4482265,48.2,91,761756,8.19
2022-03-27,62.75,8.02,29.22,167,6710092,72.16,344,6137514,66,758,4483023,48.21,3193,764949,8.23
2022-03-28,62.75,8.03,29.22,113,6710205,72.16,270,6137784,66,623,4483646,48.21,2416,767365,8.25
2022-03-29,62.7,8.07,29.22,125,6710330,72.16,258,6138042,66.01,641,4484287,48.22,2772,770137,8.28
2022-03-30,62.81,8.11,29.07,132,6710462,72.16,208,6138250,66.01,541,4484828,48.23,2370,772507,8.31
2022-03-31,62.79,8.11,29.1,166,6710628,72.16,302,6138552,66.01,730,4485558,48.24,2853,775360,8.34
2022-04-01,62.72,8.13,29.15,122,6710750,72.16,161,6138713,66.01,277,4485835,48.24,588,775948,8.34
2022-04-02,62.69,8.15,29.16,7,6710757,72.16,7,6138720,66.01,37,4485872,48.24,52,776000,8.34
2022-04-03,62.65,8.16,29.19,159,6710916,72.17,270,6138990,66.02,569,4486441,48.24,2478,778478,8.37
2022-04-04,62.62,8.16,29.22,103,6711019,72.17,208,6139198,66.02,484,4486925,48.25,2225,780703,8.4
2022-04-05,62.57,8.19,29.25,122,6711141,72.17,221,6139419,66.02,513,4487438,48.26,2243,782946,8.42
2022-04-06,62.55,8.2,29.25,91,6711232,72.17,157,6139576,66.02,382,4487820,48.26,2023,784969,8.44
2022-04-07,62.56,8.2,29.24,191,6711423,72.17,215,6139791,66.02,641,4488461,48.27,2556,787525,8.47
2022-04-08,62.54,8.22,29.23,30,6711453,72.17,61,6139852,66.02,154,4488615,48.27,482,788007,8.47
2022-04-09,62.52,8.25,29.23,6,6711459,72.17,17,6139869,66.03,28,4488643,48.27,47,788054,8.47
2022-04-10,62.51,8.26,29.23,103,6711562,72.17,264,6140133,66.03,429,4489072,48.27,1845,789899,8.49
2022-04-11,62.54,8.26,29.2,78,6711640,72.17,201,6140334,66.03,371,4489443,48.28,1425,791324,8.51
2022-04-12,62.58,8.29,29.12,204,6711844,72.18,168,6140502,66.03,376,4489819,48.28,1360,792684,8.52
2022-04-13,62.58,8.31,29.1,117,6711961,72.18,150,6140652,66.03,298,4490117,48.28,1218,793902,8.54
2022-04-14,62.57,8.33,29.1,85,6712046,72.18,221,6140873,66.04,321,4490438,48.29,1069,794971,8.55
2022-04-15,62.55,8.35,29.1,9,6712055,72.18,51,6140924,66.04,48,4490486,48.29,82,795053,8.55
2022-04-16,62.53,8.37,29.1,3,6712058,72.18,8,6140932,66.04,21,4490507,48.29,29,795082,8.55
2022-04-17,62.52,8.38,29.1,62,6712120,72.18,131,6141063,66.04,229,4490736,48.29,807,795889,8.56
2022-04-18,62.51,8.38,29.1,69,6712189,72.18,109,6141172,66.04,252,4490988,48.29,750,796639,8.57
2022-04-19,62.5,8.4,29.1,61,6712250,72.18,145,6141317,66.04,273,4491261,48.3,842,797481,8.58
2022-04-20,62.48,8.42,29.1,60,6712310,72.18,117,6141434,66.04,235,4491496,48.3,656,798137,8.58
2022-04-21,62.47,8.43,29.1,53,6712363,72.18,109,6141543,66.04,197,4491693,48.3,479,798616,8.59
2022-04-22,62.45,8.44,29.11,3,6712366,72.18,17,6141560,66.04,19,4491712,48.3,20,798636,8.59
2022-04-23,62.43,8.46,29.11,6,6712372,72.18,9,6141569,66.04,16,4491728,48.3,13,798649,8.59
2022-04-24,62.43,8.47,29.1,92,6712464,72.18,250,6141819,66.05,329,4492057,48.31,872,799521,8.6
2022-04-25,62.43,8.47,29.1,104,6712568,72.18,191,6142010,66.05,316,4492373,48.31,739,800260,8.61
2022-04-26,62.42,8.48,29.1,76,6712644,72.18,175,6142185,66.05,304,4492677,48.31,788,801048,8.61
2022-04-27,62.41,8.49,29.1,54,6712698,72.19,160,6142345,66.05,227,4492904,48.31,640,801688,8.62
2022-04-28,62.41,8.5,29.1,96,6712794,72.19,232,6142577,66.05,329,4493233,48.32,872,802560,8.63
2022-04-29,62.39,8.51,29.1,112,6712906,72.19,159,6142736,66.06,184,4493417,48.32,196,802756,8.63
2022-04-30,62.38,8.52,29.1,1,6712907,72.19,3,6142739,66.06,24,4493441,48.32,22,802778,8.63
2022-05-01,62.38,8.53,29.09,135,6713042,72.19,185,6142924,66.06,317,4493758,48.32,630,803408,8.64
2022-05-02,62.37,8.54,29.09,62,6713104,72.19,155,6143079,66.06,235,4493993,48.33,491,803899,8.64
2022-05-03,62.36,8.55,29.09,73,6713177,72.19,151,6143230,66.06,288,4494281,48.33,508,804407,8.65
2022-05-04,62.35,8.57,29.08,23,6713200,72.19,56,6143286,66.06,63,4494344,48.33,129,804536,8.65
2022-05-05,62.34,8.58,29.08,5,6713205,72.19,1,6143287,66.06,8,4494352,48.33,14,804550,8.65
2022-05-06,62.33,8.59,29.08,20,6713225,72.19,59,6143346,66.06,63,4494415,48.33,154,804704,8.65
2022-05-07,62.32,8.6,29.08,1,6713226,72.19,7,6143353,66.06,27,4494442,48.33,24,804728,8.65
2022-05-08,62.31,8.61,29.08,118,6713344,72.19,207,6143560,66.06,270,4494712,48.33,457,805185,8.66
2022-05-09,62.31,8.61,29.08,59,6713403,72.19,162,6143722,66.07,251,4494963,48.34,505,805690,8.66
2022-05-10,62.3,8.62,29.08,131,6713534,72.19,169,6143891,66.07,261,4495224,48.34,508,806198,8.67
2022-05-11,62.3,8.63,29.08,58,6713592,72.19,118,6144009,66.07,183,4495407,48.34,464,806662,8.67
2022-05-12,62.29,8.64,29.07,119,6713711,72.2,200,6144209,66.07,280,4495687,48.34,666,807328,8.68
2022-05-13,62.28,8.65,29.07,11,6713722,72.2,44,6144253,66.07,71,4495758,48.35,110,807438,8.68
2022-05-14,62.26,8.66,29.07,6,6713728,72.2,13,6144266,66.07,14,4495772,48.35,24,807462,8.68
2022-05-15,62.26,8.67,29.07,90,6713818,72.2,175,6144441,66.07,246,4496018,48.35,665,808127,8.69
2022-05-16,62.19,8.65,29.16,68,6713886,72.2,141,6144582,66.08,230,4496248,48.35,510,808637,8.7
2022-05-17,62.18,8.66,29.16,73,6713959,72.2,153,6144735,66.08,267,4496515,48.35,618,809255,8.7
2022-05-18,62.17,8.67,29.16,43,6714002,72.2,99,6144834,66.08,169,4496684,48.36,447,809702,8.71
2022-05-19,62.16,8.68,29.16,64,6714066,72.2,171,6145005,66.08,213,4496897,48.36,499,810201,8.71
2022-05-20,62.15,8.69,29.16,76,6714142,72.2,114,6145119,66.08,130,4497027,48.36,138,810339,8.71
2022-05-21,62.14,8.7,29.16,4,6714146,72.2,7,6145126,66.08,15,4497042,48.36,18,810357,8.71
2022-05-22,62.14,8.71,29.16,85,6714231,72.2,190,6145316,66.08,216,4497258,48.36,426,810783,8.72
2022-05-23,62.14,8.71,29.16,65,6714296,72.2,120,6145436,66.09,156,4497414,48.36,348,811131,8.72
2022-05-24,62.13,8.71,29.15,43,6714339,72.2,119,6145555,66.09,157,4497571,48.36,394,811525,8.73
2022-05-25,62.12,8.72,29.15,61,6714400,72.2,103,6145658,66.09,168,4497739,48.37,337,811862,8.73
2022-05-26,62.11,8.73,29.16,72,6714472,72.2,136,6145794,66.09,186,4497925,48.37,347,812209,8.73
2022-05-27,62.1,8.74,29.16,12,6714484,72.2,29,6145823,66.09,43,4497968,48.37,59,812268,8.73
2022-05-28,62.09,8.75,29.16,2,6714486,72.2,5,6145828,66.09,8,4497976,48.37,12,812280,8.73
2022-05-29,62.09,8.75,29.16,89,6714575,72.21,153,6145981,66.09,163,4498139,48.37,316,812596,8.74
2022-05-30,62.09,8.76,29.16,56,6714631,72.21,134,6146115,66.09,125,4498264,48.37,291,812887,8.74
2022-05-31,62.07,8.78,29.15,45,6714676,72.21,104,6146219,66.09,153,4498417,48.37,351,813238,8.75
2022-06-01,61.95,8.9,29.16,65,6714741,72.21,90,6146309,66.09,119,4498536,48.38,277,813515,8.75
2022-06-02,45.96,24.88,29.15,77,6714818,72.21,156,6146465,66.1,178,4498714,48.38,255,813770,8.75
2022-06-03,45.9,24.95,29.16,10,6714828,72.21,23,6146488,66.1,21,4498735,48.38,33,813803,8.75
2022-06-04,45.84,25,29.16,0,6714828,72.21,7,6146495,66.1,8,4498743,48.38,5,813808,8.75
2022-06-05,45.8,25.05,29.16,11,6714839,72.21,14,6146509,66.1,7,4498750,48.38,2,813810,8.75
2022-06-06,39.96,30.89,29.16,58,6714897,72.21,145,6146654,66.1,161,4498911,48.38,262,814072,8.75
2022-06-07,39.92,30.93,29.15,54,6714951,72.21,134,6146788,66.1,142,4499053,48.38,379,814451,8.76
2022-06-08,39.89,30.96,29.15,59,6715010,72.21,104,6146892,66.1,131,4499184,48.38,497,814948,8.76
2022-06-09,39.86,30.99,29.15,84,6715094,72.21,208,6147100,66.1,234,4499418,48.38,642,815590,8.77
2022-06-10,39.83,31.02,29.15,14,6715108,72.21,51,6147151,66.1,59,4499477,48.39,142,815732,8.77
2022-06-11,39.8,31.05,29.15,0,6715108,72.21,3,6147154,66.1,7,4499484,48.39,19,815751,8.77
2022-06-12,39.8,31.05,29.15,109,6715217,72.21,199,6147353,66.11,191,4499675,48.39,767,816518,8.78
2022-06-13,39.81,31.04,29.15,84,6715301,72.21,142,6147495,66.11,168,4499843,48.39,626,817144,8.79
2022-06-14,39.79,31.06,29.15,116,6715417,72.21,173,6147668,66.11,208,4500051,48.39,759,817903,8.8
2022-06-15,39.78,31.08,29.15,71,6715488,72.21,141,6147809,66.11,207,4500258,48.39,700,818603,8.8
2022-06-16,39.74,31.11,29.14,94,6715582,72.22,136,6147945,66.11,218,4500476,48.4,742,819345,8.81
2022-06-17,39.72,31.14,29.15,16,6715598,72.22,63,6148008,66.11,53,4500529,48.4,125,819470,8.81
2022-06-18,39.68,31.17,29.14,3,6715601,72.22,4,6148012,66.11,11,4500540,48.4,15,819485,8.81
2022-06-19,39.53,31.33,29.15,115,6715716,72.22,208,6148220,66.11,318,4500858,48.4,877,820362,8.82
2022-06-20,33.92,36.85,29.23,99,6715815,72.22,152,6148372,66.12,307,4501165,48.4,922,821284,8.83
2022-06-21,33.58,37.19,29.23,94,6715909,72.22,154,6148526,66.12,375,4501540,48.41,1229,822513,8.84
2022-06-22,33.28,37.49,29.23,110,6716019,72.22,136,6148662,66.12,339,4501879,48.41,894,823407,8.85
2022-06-23,32.84,37.92,29.23,132,6716151,72.22,217,6148879,66.12,525,4502404,48.42,1146,824553,8.87
2022-06-24,32.43,38.34,29.24,19,6716170,72.22,35,6148914,66.12,110,4502514,48.42,208,824761,8.87
2022-06-25,32.04,38.72,29.24,1,6716171,72.22,3,6148917,66.12,13,4502527,48.42,16,824777,8.87
2022-06-26,31.63,39.13,29.24,107,6716278,72.22,158,6149075,66.12,379,4502906,48.42,933,825710,8.88
2022-06-27,31.29,39.47,29.24,86,6716364,72.22,172,6149247,66.13,392,4503298,48.43,1028,826738,8.89
2022-06-28,30.86,39.91,29.24,85,6716449,72.23,151,6149398,66.13,363,4503661,48.43,932,827670,8.9
2022-06-29,30.48,40.28,29.24,76,6716525,72.23,108,6149506,66.13,265,4503926,48.43,816,828486,8.91
2022-06-30,30.05,40.71,29.24,86,6716611,72.23,165,6149671,66.13,355,4504281,48.44,1062,829548,8.92
2022-07-01,29.62,41.14,29.24,22,6716633,72.23,28,6149699,66.13,55,4504336,48.44,80,829628,8.92
2022-07-02,29.2,41.56,29.24,1,6716634,72.23,2,6149701,66.13,8,4504344,48.44,18,829646,8.92
2022-07-03,28.81,41.95,29.24,100,6716734,72.23,177,6149878,66.13,322,4504666,48.44,637,830283,8.93
2022-07-04,28.5,42.26,29.24,76,6716810,72.23,140,6150018,66.13,278,4504944,48.44,749,831032,8.94
2022-07-05,28.06,42.7,29.24,59,6716869,72.23,142,6150160,66.14,302,4505246,48.45,688,831720,8.94
2022-07-06,27.39,43.37,29.24,78,6716947,72.23,124,6150284,66.14,211,4505457,48.45,646,832366,8.95
2022-07-07,26.48,44.28,29.24,82,6717029,72.23,164,6150448,66.14,267,4505724,48.45,721,833087,8.96
2022-07-08,25.47,45.29,29.24,17,6717046,72.23,33,6150481,66.14,69,4505793,48.45,131,833218,8.96
2022-07-09,24.42,46.34,29.24,0,6717046,72.23,1,6150482,66.14,3,4505796,48.45,3,833221,8.96
2022-07-10,23.77,46.99,29.24,90,6717136,72.23,164,6150646,66.14,229,4506025,48.46,470,833691,8.97
2022-07-11,23.22,47.54,29.24,64,6717200,72.23,142,6150788,66.14,248,4506273,48.46,575,834266,8.97
2022-07-12,22.13,48.63,29.24,69,6717269,72.23,129,6150917,66.14,207,4506480,48.46,558,834824,8.98
2022-07-13,21.1,49.66,29.24,43,6717312,72.23,101,6151018,66.14,165,4506645,48.46,488,835312,8.98
2022-07-14,20.12,50.63,29.24,70,6717382,72.24,147,6151165,66.15,208,4506853,48.46,513,835825,8.99
2022-07-15,19.27,51.48,29.25,64,6717446,72.24,88,6151253,66.15,127,4506980,48.47,166,835991,8.99
2022-07-16,18.29,52.46,29.25,0,6717446,72.24,6,6151259,66.15,7,4506987,48.47,8,835999,8.99
2022-07-17,17.83,52.92,29.25,77,6717523,72.24,183,6151442,66.15,241,4507228,48.47,468,836467,9
2022-07-18,17.48,53.26,29.26,62,6717585,72.24,158,6151600,66.15,207,4507435,48.47,511,836978,9
2022-07-19,16.77,53.97,29.26,63,6717648,72.24,147,6151747,66.15,173,4507608,48.47,368,837346,9
2022-07-20,16.09,54.64,29.26,51,6717699,72.24,134,6151881,66.15,137,4507745,48.47,423,837769,9.01
2022-07-21,15.43,55.3,29.27,61,6717760,72.24,160,6152041,66.16,177,4507922,48.48,341,838110,9.01
2022-07-22,14.64,56.08,29.28,10,6717770,72.24,36,6152077,66.16,43,4507965,48.48,56,838166,9.01
2022-07-23,14.17,56.55,29.28,0,6717770,72.24,4,6152081,66.16,4,4507969,48.48,9,838175,9.01
2022-07-24,13.55,57.16,29.29,58,6717828,72.24,128,6152209,66.16,197,4508166,48.48,364,838539,9.02
2022-07-25,13.09,57.61,29.3,48,6717876,72.24,107,6152316,66.16,172,4508338,48.48,336,838875,9.02
2022-07-26,12.46,58.23,29.3,47,6717923,72.24,99,6152415,66.16,111,4508449,48.48,270,839145,9.02
2022-07-27,11.89,58.8,29.31,43,6717966,72.24,125,6152540,66.16,132,4508581,48.48,243,839388,9.03
2022-07-28,11.35,59.34,29.31,62,6718028,72.24,143,6152683,66.16,148,4508729,48.48,220,839608,9.03
2022-07-29,10.85,59.83,29.32,10,6718038,72.24,25,6152708,66.16,27,4508756,48.48,31,839639,9.03
2022-07-30,10.34,60.33,29.33,0,6718038,72.24,0,6152708,66.16,1,4508757,48.48,1,839640,9.03
2022-07-31,9.97,60.7,29.33,56,6718094,72.24,134,6152842,66.16,131,4508888,48.49,252,839892,9.03
2022-08-01,9.47,61.19,29.34,54,6718148,72.24,76,6152918,66.17,91,4508979,48.49,152,840044,9.03
2022-08-02,8.92,61.73,29.35,111,6718259,72.24,119,6153037,66.17,157,4509136,48.49,264,840308,9.04
2022-08-03,8.46,62.19,29.35,76,6718335,72.25,71,6153108,66.17,92,4509228,48.49,180,840488,9.04
2022-08-04,8.04,62.61,29.36,133,6718468,72.25,133,6153241,66.17,111,4509339,48.49,246,840734,9.04
2022-08-05,7.71,62.93,29.36,31,6718499,72.25,23,6153264,66.17,13,4509352,48.49,24,840758,9.04
2022-08-06,7.32,63.32,29.36,1,6718500,72.25,2,6153266,66.17,3,4509355,48.49,5,840763,9.04
2022-08-07,6.92,63.71,29.37,89,6718589,72.25,97,6153363,66.17,69,4509424,48.49,169,840932,9.04
2022-08-08,6.74,63.89,29.37,109,6718698,72.25,92,6153455,66.17,92,4509516,48.49,172,841104,9.04
2022-08-09,6.25,64.37,29.38,96,6718794,72.25,90,6153545,66.17,99,4509615,48.49,213,841317,9.05
2022-08-10,5.91,64.71,29.38,77,6718871,72.25,60,6153605,66.17,76,4509691,48.49,115,841432,9.05
2022-08-11,5.59,65.03,29.38,54,6718925,72.25,101,6153706,66.17,91,4509782,48.5,155,841587,9.05
2022-08-12,5.35,65.27,29.38,8,6718933,72.25,12,6153718,66.17,18,4509800,48.5,29,841616,9.05
2022-08-13,5.1,65.52,29.38,0,6718933,72.25,2,6153720,66.17,2,4509802,48.5,3,841619,9.05
2022-08-14,4.87,65.75,29.39,74,6719007,72.25,75,6153795,66.17,82,4509884,48.5,150,841769,9.05
2022-08-15,4.74,65.87,29.39,69,6719076,72.25,81,6153876,66.18,92,4509976,48.5,143,841912,9.05
2022-08-16,4.46,66.15,29.39,82,6719158,72.25,84,6153960,66.18,83,4510059,48.5,187,842099,9.06
2022-08-17,4.16,66.44,29.39,47,6719205,72.25,56,6154016,66.18,36,4510095,48.5,115,842214,9.06
2022-08-18,3.98,66.63,29.39,70,6719275,72.26,93,6154109,66.18,120,4510215,48.5,173,842387,9.06
2022-08-19,3.83,66.78,29.39,78,6719353,72.26,67,6154176,66.18,57,4510272,48.5,38,842425,9.06
2022-08-20,3.67,66.94,29.39,1,6719354,72.26,1,6154177,66.18,3,4510275,48.5,3,842428,9.06
2022-08-21,3.52,67.08,29.4,52,6719406,72.26,85,6154262,66.18,84,4510359,48.5,197,842625,9.06
2022-08-22,3.44,67.16,29.4,89,6719495,72.26,74,6154336,66.18,103,4510462,48.5,144,842769,9.06
2022-08-23,3.27,67.33,29.4,72,6719567,72.26,106,6154442,66.18,84,4510546,48.5,180,842949,9.06
2022-08-24,3.15,67.46,29.4,38,6719605,72.26,80,6154522,66.18,49,4510595,48.5,133,843082,9.07
2022-08-25,3.03,67.57,29.4,53,6719658,72.26,75,6154597,66.18,97,4510692,48.51,193,843275,9.07
2022-08-26,2.94,67.66,29.4,4,6719662,72.26,15,6154612,66.18,9,4510701,48.51,14,843289,9.07
2022-08-27,2.84,67.76,29.4,0,6719662,72.26,0,6154612,66.18,0,4510701,48.51,0,843289,9.07
2022-08-28,2.75,67.85,29.4,55,6719717,72.26,80,6154692,66.18,85,4510786,48.51,102,843391,9.07
2022-08-29,2.69,67.91,29.4,48,6719765,72.26,68,6154760,66.19,89,4510875,48.51,107,843498,9.07
2022-08-30,2.6,68,29.4,85,6719850,72.26,113,6154873,66.19,85,4510960,48.51,131,843629,9.07
2022-08-31,2.53,68.07,29.4,42,6719892,72.26,89,6154962,66.19,70,4511030,48.51,96,843725,9.07
2022-09-01,2.46,68.14,29.4,29,6719921,72.26,84,6155046,66.19,58,4511088,48.51,113,843838,9.07
2022-09-02,2.4,68.2,29.4,6,6719927,72.26,20,6155066,66.19,13,4511101,48.51,10,843848,9.07
2022-09-03,2.33,68.27,29.4,2,6719929,72.26,0,6155066,66.19,3,4511104,48.51,1,843849,9.07
2022-09-04,2.27,68.32,29.4,64,6719993,72.26,133,6155199,66.19,80,4511184,48.51,121,843970,9.08
2022-09-05,2.23,68.37,29.4,44,6720037,72.26,77,6155276,66.19,58,4511242,48.51,90,844060,9.08
2022-09-06,2.17,68.42,29.4,60,6720097,72.26,104,6155380,66.19,78,4511320,48.51,130,844190,9.08
2022-09-07,2.12,68.47,29.4,28,6720125,72.26,63,6155443,66.19,53,4511373,48.51,95,844285,9.08
2022-09-08,2.07,68.53,29.4,50,6720175,72.27,101,6155544,66.19,70,4511443,48.51,77,844362,9.08
2022-09-09,2.03,68.57,29.4,10,6720185,72.27,21,6155565,66.19,16,4511459,48.51,17,844379,9.08
2022-09-10,1.97,68.62,29.4,1,6720186,72.27,0,6155565,66.19,5,4511464,48.51,2,844381,9.08
2022-09-11,1.92,68.67,29.41,39,6720225,72.27,117,6155682,66.2,78,4511542,48.51,116,844497,9.08
2022-09-12,1.88,68.71,29.41,24,6720249,72.27,72,6155754,66.2,52,4511594,48.52,68,844565,9.08
2022-09-13,1.82,68.77,29.41,44,6720293,72.27,113,6155867,66.2,54,4511648,48.52,103,844668,9.08
2022-09-14,1.78,68.82,29.41,21,6720314,72.27,64,6155931,66.2,54,4511702,48.52,62,844730,9.08
2022-09-15,1.73,68.86,29.41,32,6720346,72.27,77,6156008,66.2,63,4511765,48.52,107,844837,9.09
2022-09-16,1.7,68.89,29.41,51,6720397,72.27,52,6156060,66.2,27,4511792,48.52,28,844865,9.09
2022-09-17,1.66,68.93,29.41,3,6720400,72.27,0,6156060,66.2,1,4511793,48.52,0,844865,9.09
2022-09-18,1.63,68.96,29.41,28,6720428,72.27,66,6156126,66.2,52,4511845,48.52,115,844980,9.09
2022-09-19,1.61,68.98,29.41,28,6720456,72.27,74,6156200,66.2,44,4511889,48.52,57,845037,9.09
2022-09-20,1.56,69.03,29.41,41,6720497,72.27,94,6156294,66.2,75,4511964,48.52,102,845139,9.09
2022-09-21,1.55,69.05,29.41,22,6720519,72.27,54,6156348,66.2,29,4511993,48.52,56,845195,9.09
2022-09-22,1.52,69.07,29.4,42,6720561,72.27,56,6156404,66.2,27,4512020,48.52,41,845236,9.09
2022-09-23,1.5,69.1,29.41,7,6720568,72.27,11,6156415,66.2,4,4512024,48.52,1,845237,9.09
2022-09-24,1.47,69.13,29.41,0,6720568,72.27,0,6156415,66.2,1,4512025,48.52,0,845237,9.09
2022-09-25,1.46,69.13,29.41,5,6720573,72.27,20,6156435,66.2,10,4512035,48.52,27,845264,9.09
2022-09-26,1.46,69.13,29.41,0,6720573,72.27,5,6156440,66.2,2,4512037,48.52,2,845266,9.09
2022-09-27,1.42,69.17,29.41,2,6720575,72.27,0,6156440,66.2,3,4512040,48.52,3,845269,9.09
2022-09-28,1.39,69.21,29.41,24,6720599,72.27,36,6156476,66.2,25,4512065,48.52,17,845286,9.09
2022-09-29,1.37,69.22,29.41,32,6720631,72.27,61,6156537,66.2,13,4512078,48.52,48,845334,9.09
2022-09-30,1.35,69.24,29.41,4,6720635,72.27,12,6156549,66.2,2,4512080,48.52,0,845334,9.09
2022-10-01,1.31,69.29,29.41,0,6720635,72.27,1,6156550,66.2,1,4512081,48.52,1,845335,9.09
2022-10-02,1.31,69.29,29.41,28,6720663,72.27,51,6156601,66.21,20,4512101,48.52,73,845408,9.09
2022-10-03,1.31,69.28,29.4,23,6720686,72.27,29,6156630,66.21,13,4512114,48.52,12,845420,9.09
2022-10-04,1.27,69.32,29.4,7,6720693,72.27,11,6156641,66.21,0,4512114,48.52,1,845421,9.09
2022-10-05,1.28,69.31,29.4,1,6720694,72.27,0,6156641,66.21,0,4512114,48.52,1,845422,9.09
2022-10-06,1.31,69.28,29.4,17,6720711,72.27,43,6156684,66.21,10,4512124,48.52,20,845442,9.09
2022-10-07,1.3,69.29,29.41,3,6720714,72.27,3,6156687,66.21,4,4512128,48.52,0,845442,9.09
2022-10-08,1.26,69.33,29.41,1,6720715,72.27,1,6156688,66.21,0,4512128,48.52,1,845443,9.09
2022-10-09,1.31,69.28,29.41,7,6720722,72.27,22,6156710,66.21,6,4512134,48.52,5,845448,9.09
2022-10-10,1.38,69.22,29.4,5,6720727,72.27,2,6156712,66.21,0,4512134,48.52,0,845448,9.09
2022-10-11,1.36,69.24,29.4,12,6720739,72.27,32,6156744,66.21,1,4512135,48.52,32,845480,9.09
2022-10-12,1.34,69.26,29.4,13,6720752,72.27,24,6156768,66.21,5,4512140,48.52,4,845484,9.09
2022-10-13,1.4,69.2,29.4,17,6720769,72.27,16,6156784,66.21,5,4512145,48.52,9,845493,9.09
2022-10-14,1.4,69.2,29.4,6,6720775,72.27,7,6156791,66.21,4,4512149,48.52,3,845496,9.09
2022-10-15,1.38,69.22,29.4,0,6720775,72.27,1,6156792,66.21,0,4512149,48.52,1,845497,9.09
2022-10-16,1.39,69.2,29.4,4,6720779,72.27,13,6156805,66.21,5,4512154,48.52,8,845505,9.09
2022-10-17,1.39,69.2,29.4,1,6720780,72.27,1,6156806,66.21,4,4512158,48.52,1,845506,9.09
2022-10-18,1.43,69.17,29.4,24,6720804,72.27,31,6156837,66.21,14,4512172,48.52,16,845522,9.09
2022-10-19,1.47,69.12,29.4,18,6720822,72.27,25,6156862,66.21,7,4512179,48.52,3,845525,9.09
2022-10-20,1.5,69.1,29.4,26,6720848,72.27,44,6156906,66.21,12,4512191,48.52,4,845529,9.09
2022-10-21,1.5,69.09,29.4,4,6720852,72.27,7,6156913,66.21,2,4512193,48.52,4,845533,9.09
2022-10-22,1.49,69.1,29.4,0,6720852,72.27,0,6156913,66.21,0,4512193,48.52,0,845533,9.09
2022-10-23,1.51,69.08,29.4,15,6720867,72.27,33,6156946,66.21,18,4512211,48.52,10,845543,9.09
2022-10-24,1.51,69.08,29.41,20,6720887,72.27,16,6156962,66.21,19,4512230,48.52,9,845552,9.09
2022-10-25,1.55,69.04,29.4,18,6720905,72.27,34,6156996,66.21,22,4512252,48.52,21,845573,9.09
2022-10-26,1.61,68.99,29.4,18,6720923,72.27,25,6157021,66.21,8,4512260,48.52,10,845583,9.09
2022-10-27,1.67,68.93,29.4,17,6720940,72.27,27,6157048,66.21,14,4512274,48.52,17,845600,9.09
2022-10-28,1.67,68.93,29.4,54,6720994,72.27,49,6157097,66.21,31,4512305,48.52,18,845618,9.09
2022-10-29,1.66,68.94,29.4,0,6720994,72.27,0,6157097,66.21,0,4512305,48.52,0,845618,9.09
2022-10-30,1.71,68.89,29.4,15,6721009,72.27,23,6157120,66.21,15,4512320,48.52,9,845627,9.09
2022-10-31,1.76,68.84,29.4,17,6721026,72.27,16,6157136,66.21,8,4512328,48.52,9,845636,9.09
2022-11-01,1.82,68.78,29.4,2,6721028,72.27,1,6157137,66.21,1,4512329,48.52,0,845636,9.09
2022-11-02,1.88,68.72,29.4,13,6721041,72.27,13,6157150,66.21,7,4512336,48.52,8,845644,9.09
2022-11-03,1.96,68.64,29.4,17,6721058,72.27,18,6157168,66.21,11,4512347,48.52,8,845652,9.09
2022-11-04,1.98,68.63,29.4,4,6721062,72.28,6,6157174,66.21,1,4512348,48.52,2,845654,9.09
2022-11-05,1.97,68.63,29.4,0,6721062,72.28,0,6157174,66.21,0,4512348,48.52,0,845654,9.09
2022-11-06,2.03,68.57,29.4,27,6721089,72.28,33,6157207,66.21,11,4512359,48.52,23,845677,9.09
2022-11-07,2.1,68.51,29.4,15,6721104,72.28,11,6157218,66.21,10,4512369,48.52,54,845731,9.09
2022-11-08,2.1,68.5,29.4,28,6721132,72.28,26,6157244,66.21,14,4512383,48.52,9,845740,9.09
2022-11-09,2.16,68.45,29.4,16,6721148,72.28,20,6157264,66.21,17,4512400,48.52,9,845749,9.09
2022-11-10,2.22,68.39,29.4,28,6721176,72.28,17,6157281,66.21,11,4512411,48.52,6,845755,9.09
2022-11-11,2.23,68.37,29.4,1,6721177,72.28,17,6157298,66.21,2,4512413,48.52,1,845756,9.09
2022-11-12,2.22,68.38,29.4,1,6721178,72.28,0,6157298,66.21,2,4512415,48.52,0,845756,9.09
2022-11-13,2.29,68.31,29.4,29,6721207,72.28,31,6157329,66.21,17,4512432,48.52,8,845764,9.09
2022-11-14,2.37,68.23,29.4,20,6721227,72.28,17,6157346,66.21,21,4512453,48.52,16,845780,9.1
2022-11-15,2.43,68.17,29.4,40,6721267,72.28,25,6157371,66.21,16,4512469,48.52,18,845798,9.1
2022-11-16,2.5,68.1,29.4,14,6721281,72.28,27,6157398,66.21,16,4512485,48.52,11,845809,9.1
2022-11-17,2.59,68.02,29.4,19,6721300,72.28,33,6157431,66.21,18,4512503,48.53,5,845814,9.1
2022-11-18,2.61,67.99,29.4,6,6721306,72.28,4,6157435,66.21,4,4512507,48.53,0,845814,9.1
2022-11-19,2.6,68,29.4,0,6721306,72.28,0,6157435,66.21,0,4512507,48.53,0,845814,9.1
2022-11-20,2.67,67.93,29.4,19,6721325,72.28,19,6157454,66.21,6,4512513,48.53,13,845827,9.1
2022-11-21,2.76,67.85,29.4,14,6721339,72.28,13,6157467,66.21,6,4512519,48.53,6,845833,9.1
2022-11-22,2.83,67.77,29.4,27,6721366,72.28,13,6157480,66.21,17,4512536,48.53,6,845839,9.1
2022-11-23,2.9,67.7,29.4,17,6721383,72.28,20,6157500,66.21,4,4512540,48.53,8,845847,9.1
2022-11-24,2.98,67.62,29.4,9,6721392,72.28,16,6157516,66.21,13,4512553,48.53,27,845874,9.1
2022-11-25,3,67.6,29.4,12,6721404,72.28,45,6157561,66.22,14,4512567,48.53,12,845886,9.1
2022-11-26,3,67.61,29.4,0,6721404,72.28,2,6157563,66.22,0,4512567,48.53,0,845886,9.1
2022-11-27,3.06,67.54,29.4,14,6721418,72.28,15,6157578,66.22,19,4512586,48.53,2,845888,9.1
2022-11-28,3.14,67.47,29.4,8,6721426,72.28,23,6157601,66.22,8,4512594,48.53,6,845894,9.1
2022-11-29,3.2,67.4,29.4,38,6721464,72.28,31,6157632,66.22,19,4512613,48.53,14,845908,9.1
2022-11-30,3.27,67.34,29.39,12,6721476,72.28,25,6157657,66.22,20,4512633,48.53,8,845916,9.1
2022-12-01,3.34,67.26,29.39,13,6721489,72.28,18,6157675,66.22,15,4512648,48.53,4,845920,9.1
2022-12-02,3.36,67.24,29.39,2,6721491,72.28,7,6157682,66.22,4,4512652,48.53,10,845930,9.1
2022-12-03,3.36,67.24,29.39,0,6721491,72.28,0,6157682,66.22,0,4512652,48.53,1,845931,9.1
2022-12-04,3.42,67.18,29.39,36,6721527,72.28,27,6157709,66.22,30,4512682,48.53,26,845957,9.1
2022-12-05,3.48,67.12,29.4,9,6721536,72.28,17,6157726,66.22,11,4512693,48.53,20,845977,9.1
2022-12-06,3.55,67.06,29.39,32,6721568,72.28,26,6157752,66.22,27,4512720,48.53,7,845984,9.1
2022-12-07,3.62,66.99,29.39,10,6721578,72.28,17,6157769,66.22,8,4512728,48.53,8,845992,9.1
2022-12-08,3.69,66.91,29.39,18,6721596,72.28,31,6157800,66.22,15,4512743,48.53,3,845995,9.1
2022-12-09,3.71,66.9,29.39,4,6721600,72.28,1,6157801,66.22,1,4512744,48.53,7,846002,9.1
2022-12-10,3.7,66.91,29.39,1,6721601,72.28,0,6157801,66.22,2,4512746,48.53,0,846002,9.1
2022-12-11,3.76,66.84,29.39,16,6721617,72.28,22,6157823,66.22,15,4512761,48.53,16,846018,9.1
2022-12-12,3.82,66.78,29.39,15,6721632,72.28,14,6157837,66.22,5,4512766,48.53,0,846018,9.1
2022-12-13,3.87,66.73,29.39,17,6721649,72.28,44,6157881,66.22,18,4512784,48.53,13,846031,9.1
2022-12-14,3.92,66.69,29.39,17,6721666,72.28,16,6157897,66.22,7,4512791,48.53,3,846034,9.1
2022-12-15,3.97,66.64,29.39,22,6721688,72.28,19,6157916,66.22,7,4512798,48.53,12,846046,9.1
2022-12-16,3.98,66.62,29.39,12,6721700,72.28,4,6157920,66.22,1,4512799,48.53,0,846046,9.1
2022-12-17,3.97,66.63,29.39,0,6721700,72.28,0,6157920,66.22,0,4512799,48.53,0,846046,9.1
2022-12-18,4.01,66.59,29.39,9,6721709,72.28,18,6157938,66.22,8,4512807,48.53,3,846049,9.1
2022-12-19,4.06,66.54,29.4,7,6721716,72.28,14,6157952,66.22,12,4512819,48.53,1,846050,9.1
2022-12-20,4.1,66.51,29.39,12,6721728,72.28,17,6157969,66.22,2,4512821,48.53,2,846052,9.1
2022-12-21,4.14,66.47,29.39,9,6721737,72.28,14,6157983,66.22,13,4512834,48.53,3,846055,9.1
2022-12-22,4.18,66.42,29.39,4,6721741,72.28,10,6157993,66.22,14,4512848,48.53,1,846056,9.1
2022-12-23,4.19,66.42,29.39,10,6721751,72.28,0,6157993,66.22,2,4512850,48.53,0,846056,9.1
2022-12-24,4.18,66.43,29.39,0,6721751,72.28,0,6157993,66.22,0,4512850,48.53,0,846056,9.1
2022-12-25,4.21,66.4,29.39,6,6721757,72.28,17,6158010,66.22,1,4512851,48.53,2,846058,9.1
2022-12-26,4.24,66.36,29.39,17,6721774,72.28,6,6158016,66.22,13,4512864,48.53,0,846058,9.1
2022-12-27,4.25,66.36,29.39,24,6721798,72.28,24,6158040,66.22,17,4512881,48.53,7,846065,9.1
2022-12-28,4.26,66.34,29.39,17,6721815,72.28,18,6158058,66.22,25,4512906,48.53,64,846129,9.1
2022-12-29,4.28,66.33,29.39,15,6721830,72.28,23,6158081,66.22,14,4512920,48.53,4,846133,9.1
2022-12-30,4.27,66.33,29.4,4,6721834,72.28,5,6158086,66.22,3,4512923,48.53,0,846133,9.1
2022-12-31,4.26,66.35,29.4,0,6721834,72.28,1,6158087,66.22,0,4512923,48.53,0,846133,9.1
2023-01-01,4.27,66.33,29.4,6,6721840,72.28,22,6158109,66.22,2,4512925,48.53,1,846134,9.1
2023-01-02,4.29,66.31,29.4,10,6721850,72.28,8,6158117,66.22,3,4512928,48.53,1,846135,9.1
2023-01-03,4.3,66.3,29.4,20,6721870,72.28,17,6158134,66.22,7,4512935,48.53,3,846138,9.1
2023-01-04,4.3,66.3,29.4,7,6721877,72.28,11,6158145,66.22,4,4512939,48.53,2,846140,9.1
2023-01-05,4.31,66.29,29.39,12,6721889,72.28,19,6158164,66.22,11,4512950,48.53,4,846144,9.1
2023-01-06,4.31,66.29,29.4,2,6721891,72.28,1,6158165,66.22,1,4512951,48.53,0,846144,9.1
2023-01-07,4.3,66.31,29.4,1,6721892,72.28,0,6158165,66.22,0,4512951,48.53,0,846144,9.1
2023-01-08,4.33,66.28,29.4,14,6721906,72.28,32,6158197,66.22,10,4512961,48.53,2,846146,9.1
2023-01-09,4.34,66.26,29.4,12,6721918,72.28,20,6158217,66.22,1,4512962,48.53,1,846147,9.1
2023-01-10,4.35,66.25,29.4,39,6721957,72.28,27,6158244,66.22,10,4512972,48.53,4,846151,9.1
2023-01-11,4.36,66.25,29.4,14,6721971,72.28,18,6158262,66.22,11,4512983,48.53,2,846153,9.1
2023-01-12,4.37,66.24,29.39,22,6721993,72.28,20,6158282,66.22,11,4512994,48.53,2,846155,9.1
2023-01-13,4.36,66.24,29.4,3,6721996,72.28,2,6158284,66.22,0,4512994,48.53,0,846155,9.1
2023-01-14,4.35,66.25,29.4,1,6721997,72.28,0,6158284,66.22,0,4512994,48.53,0,846155,9.1
2023-01-15,4.36,66.24,29.4,17,6722014,72.29,16,6158300,66.22,4,4512998,48.53,3,846158,9.1
2023-01-16,4.38,66.22,29.4,9,6722023,72.29,15,6158315,66.22,6,4513004,48.53,0,846158,9.1
2023-01-17,4.38,66.22,29.4,14,6722037,72.29,14,6158329,66.22,6,4513010,48.53,0,846158,9.1
2023-01-18,4.39,66.21,29.4,7,6722044,72.29,8,6158337,66.22,3,4513013,48.53,1,846159,9.1
2023-01-19,4.4,66.2,29.4,13,6722057,72.29,15,6158352,66.22,2,4513015,48.53,4,846163,9.1
2023-01-20,4.39,66.2,29.4,4,6722061,72.29,2,6158354,66.22,0,4513015,48.53,1,846164,9.1
2023-01-21,4.39,66.21,29.4,0,6722061,72.29,0,6158354,66.22,0,4513015,48.53,0,846164,9.1
2023-01-22,4.4,66.2,29.4,8,6722069,72.29,3,6158357,66.22,8,4513023,48.53,4,846168,9.1
2023-01-23,4.41,66.19,29.4,11,6722080,72.29,5,6158362,66.22,6,4513029,48.53,0,846168,9.1
2023-01-24,4.41,66.19,29.4,21,6722101,72.29,21,6158383,66.22,11,4513040,48.53,2,846170,9.1
2023-01-25,4.41,66.18,29.4,5,6722106,72.29,5,6158388,66.22,0,4513040,48.53,2,846172,9.1
2023-01-26,4.42,66.18,29.4,10,6722116,72.29,15,6158403,66.22,9,4513049,48.53,2,846174,9.1
2023-01-27,4.41,66.18,29.4,0,6722116,72.29,9,6158412,66.22,0,4513049,48.53,0,846174,9.1
2023-01-28,4.41,66.19,29.4,0,6722116,72.29,0,6158412,66.22,0,4513049,48.53,0,846174,9.1
2023-01-29,4.41,66.19,29.41,12,6722128,72.29,8,6158420,66.22,5,4513054,48.53,2,846176,9.1
2023-01-30,4.42,66.17,29.41,9,6722137,72.29,16,6158436,66.22,2,4513056,48.53,1,846177,9.1
2023-01-31,4.42,66.17,29.41,20,6722157,72.29,23,6158459,66.22,3,4513059,48.53,1,846178,9.1
2023-02-01,4.32,64.71,30.96,10,6722167,72.29,11,6158470,66.23,4,4513063,48.53,0,846178,9.1
2023-02-02,4.33,64.71,30.96,14,6722181,72.29,31,6158501,66.23,3,4513066,48.53,0,846178,9.1
2023-02-03,4.32,64.71,30.97,3,6722184,72.29,1,6158502,66.23,0,4513066,48.53,1,846179,9.1
2023-02-04,4.32,64.72,30.97,0,6722184,72.29,0,6158502,66.23,0,4513066,48.53,0,846179,9.1
2023-02-05,4.32,64.71,30.97,15,6722199,72.29,8,6158510,66.23,6,4513072,48.53,4,846183,9.1
2023-02-06,4.33,64.7,30.97,17,6722216,72.29,13,6158523,66.23,4,4513076,48.53,0,846183,9.1
2023-02-07,4.33,64.7,30.97,22,6722238,72.29,22,6158545,66.23,8,4513084,48.53,2,846185,9.1
2023-02-08,4.33,64.7,30.97,15,6722253,72.29,12,6158557,66.23,1,4513085,48.53,0,846185,9.1
2023-02-09,4.33,64.7,30.97,35,6722288,72.29,33,6158590,66.23,5,4513090,48.53,2,846187,9.1
2023-02-10,4.33,64.7,30.97,2,6722290,72.29,3,6158593,66.23,2,4513092,48.53,0,846187,9.1
2023-02-11,4.33,64.7,30.97,2,6722292,72.29,1,6158594,66.23,0,4513092,48.53,0,846187,9.1
2023-02-12,4.33,64.7,30.97,16,6722308,72.29,17,6158611,66.23,3,4513095,48.53,2,846189,9.1
2023-02-13,4.33,64.7,30.97,14,6722322,72.29,20,6158631,66.23,8,4513103,48.53,0,846189,9.1
2023-02-14,4.33,64.7,30.97,20,6722342,72.29,7,6158638,66.23,7,4513110,48.53,5,846194,9.1
2023-02-15,4.33,64.7,30.97,10,6722352,72.29,14,6158652,66.23,3,4513113,48.53,0,846194,9.1
2023-02-16,4.33,64.7,30.97,0,6722352,72.29,0,6158652,66.23,0,4513113,48.53,0,846194,9.1
