Date,Valid vaccinated pop. perc.,Expired vaccinated pop. perc.,Not vaccinated pop. perc.,Vaccinated (daily),Vaccinated (cumu),Vaccinated pop. perc.,Second dose (daily),Second dose (cumu),Second dose pop. perc.,Third dose (daily),Third dose (cumu),Third dose pop. perc.,Fourth dose (daily),Fourth dose (cumu),Fourth dose pop. perc.
2020-12-19,0,0,100,46,71,0,0,4,0,0,0,0,0,0,0
2020-12-20,0,0,100,7397,7468,0.08,0,4,0,0,0,0,0,0,0
2020-12-21,0,0,100,24923,32391,0.35,0,4,0,0,0,0,0,0,0
2020-12-22,0,0,100,44669,77060,0.83,0,4,0,0,0,0,0,0,0
2020-12-23,0,0,100,62917,139977,1.51,0,4,0,0,0,0,0,0,0
2020-12-24,0,0,100,73435,213412,2.29,0,4,0,0,0,0,0,0,0
2020-12-25,0,0,100,38518,251930,2.71,0,4,0,0,0,0,0,0,0
2020-12-26,0,0,100,32618,284548,3.06,0,4,0,0,0,0,0,0,0
2020-12-27,0,0,100,104577,389125,4.18,0,4,0,0,0,0,0,0,0
2020-12-28,0,0,100,135045,524170,5.64,0,4,0,0,0,0,0,0,0
2020-12-29,0,0,100,156345,680515,7.32,2,6,0,0,0,0,0,0,0
2020-12-30,0,0,100,153195,833710,8.97,0,6,0,0,0,0,0,0,0
2020-12-31,0,0,100,158603,992313,10.67,0,6,0,0,0,0,0,0,0
2021-01-01,0,0,100,71437,1063750,11.44,0,6,0,0,0,0,0,0,0
2021-01-02,0,0,100,71745,1135495,12.21,0,6,0,0,0,0,0,0,0
2021-01-03,0,0,100,149770,1285265,13.82,0,6,0,0,0,0,0,0,0
2021-01-04,0,0,100,152214,1437479,15.46,1,7,0,0,0,0,0,0,0
2021-01-05,0,0,100,125221,1562700,16.8,4,11,0,0,0,0,0,0,0
2021-01-06,0,0,100,103375,1666075,17.92,2,13,0,0,0,0,0,0,0
2021-01-07,0,0,100,116066,1782141,19.16,9,22,0,0,0,0,0,0,0
2021-01-08,0,0,100,66466,1848607,19.88,5,27,0,0,0,0,0,0,0
2021-01-09,0,0,100,44554,1893161,20.36,24,51,0,0,0,0,0,0,0
2021-01-10,0,0,100,37649,1930810,20.76,6002,6053,0.07,0,0,0,0,0,0
2021-01-11,0,0,100,21176,1951986,20.99,19264,25317,0.27,0,0,0,0,0,0
2021-01-12,0,0,100,24077,1976063,21.25,35674,60991,0.66,0,0,0,0,0,0
2021-01-13,0,0,100,52079,2028142,21.81,56873,117864,1.27,0,0,0,0,0,0
2021-01-14,0,0,100,56480,2084622,22.42,68840,186704,2.01,0,0,0,0,0,0
2021-01-15,0,0,100,30776,2115398,22.75,35944,222648,2.39,0,0,0,0,0,0
2021-01-16,0,0,100,29481,2144879,23.06,26007,248655,2.67,0,0,0,0,0,0
2021-01-17,0.31,0,99.69,68447,2213326,23.8,84598,333253,3.58,0,0,0,0,0,0
2021-01-18,0.58,0,99.42,69820,2283146,24.55,120439,453692,4.88,0,0,0,0,0,0
2021-01-19,1.09,0,98.91,72896,2356042,25.34,137855,591547,6.36,0,0,0,0,0,0
2021-01-20,1.9,0,98.1,76919,2432961,26.16,143769,735316,7.91,0,0,0,0,0,0
2021-01-21,2.88,0,97.12,70013,2502974,26.92,164480,899796,9.68,0,0,0,0,0,0
2021-01-22,3.39,0,96.61,37934,2540908,27.32,71136,970932,10.44,0,0,0,0,0,0
2021-01-23,3.77,0,96.23,39966,2580874,27.75,53598,1024530,11.02,0,0,0,0,0,0
2021-01-24,4.96,0,95.04,69149,2650023,28.5,140712,1165242,12.53,0,0,0,0,0,0
2021-01-25,6.61,0,93.39,80943,2730966,29.37,139529,1304771,14.03,0,0,0,0,0,0
2021-01-26,8.45,0,91.55,78739,2809705,30.21,126447,1431218,15.39,0,0,0,0,0,0
2021-01-27,10.34,0,89.66,77985,2887690,31.05,125074,1556292,16.74,0,0,0,0,0,0
2021-01-28,12.43,0,87.57,79574,2967264,31.91,130634,1686926,18.14,0,0,0,0,0,0
2021-01-29,13.34,0,86.66,36704,3003968,32.3,64795,1751721,18.84,0,0,0,0,0,0
2021-01-30,14.02,0,85.98,34395,3038363,32.67,42768,1794489,19.3,0,0,0,0,0,0
2021-01-31,15.76,0,84.24,73334,3111697,33.46,59504,1853993,19.94,0,0,0,0,0,0
2021-02-01,17.48,0,82.52,82519,3194216,34.35,35358,1889351,20.32,0,0,0,0,0,0
2021-02-02,19.01,0,80.99,70109,3264325,35.1,31074,1920425,20.65,0,0,0,0,0,0
2021-02-03,20.47,0,79.53,60311,3324636,35.75,51445,1971870,21.2,0,0,0,0,0,0
2021-02-04,22,0,78,72642,3397278,36.53,58096,2029966,21.83,0,0,0,0,0,0
2021-02-05,22.75,0,77.25,33947,3431225,36.9,28807,2058773,22.14,0,0,0,0,0,0
2021-02-06,23.23,0,76.77,21623,3452848,37.13,22233,2081006,22.38,0,0,0,0,0,0
2021-02-07,23.99,0,76.01,54080,3506928,37.71,68745,2149751,23.12,0,0,0,0,0,0
2021-02-08,24.52,0,75.48,58644,3565572,38.34,65468,2215219,23.82,0,0,0,0,0,0
2021-02-09,25.04,0,74.96,66362,3631934,39.06,67581,2282800,24.55,0,0,0,0,0,0
2021-02-10,25.77,0,74.23,70573,3702507,39.81,72316,2355116,25.33,0,0,0,0,0,0
2021-02-11,26.61,0,73.39,81176,3783683,40.69,72116,2427232,26.1,0,0,0,0,0,0
2021-02-12,27.02,0,72.98,39109,3822792,41.11,37600,2464832,26.51,0,0,0,0,0,0
2021-02-13,27.33,0,72.67,27467,3850259,41.4,30441,2495273,26.83,0,0,0,0,0,0
2021-02-14,28.25,0,71.75,74918,3925177,42.21,69086,2564359,27.58,0,0,0,0,0,0
2021-02-15,29.17,0,70.83,81552,4006729,43.09,75722,2640081,28.39,0,0,0,0,0,0
2021-02-16,30.11,0,69.89,83423,4090152,43.98,78304,2718385,29.23,0,0,0,0,0,0
2021-02-17,31.01,0,68.99,61984,4152136,44.65,75647,2794032,30.05,0,0,0,0,0,0
2021-02-18,31.94,0,68.06,69163,4221299,45.39,79741,2873773,30.9,0,0,0,0,0,0
2021-02-19,32.45,0,67.55,39676,4260975,45.82,38163,2911936,31.31,0,0,0,0,0,0
2021-02-20,32.85,0,67.15,31652,4292627,46.16,28723,2940659,31.62,0,0,0,0,0,0
2021-02-21,33.8,0,66.2,79437,4372064,47.02,78450,3019109,32.47,0,0,0,0,0,0
2021-02-22,34.83,0,65.17,85056,4457120,47.93,80603,3099712,33.33,0,0,0,0,0,0
2021-02-23,35.84,0,64.16,77333,4534453,48.76,70487,3170199,34.09,0,0,0,0,0,0
2021-02-24,36.76,0,63.24,61068,4595521,49.42,63149,3233348,34.77,0,0,0,0,0,0
2021-02-25,37.66,0,62.34,51730,4647251,49.97,64813,3298161,35.47,0,0,0,0,0,0
2021-02-26,38.1,0,61.9,25913,4673164,50.25,32048,3330209,35.81,0,0,0,0,0,0
2021-02-27,38.42,0,61.58,18353,4691517,50.45,21198,3351407,36.04,0,0,0,0,0,0
2021-02-28,39.24,0,60.76,40365,4731882,50.88,55874,3407281,36.64,0,0,0,0,0,0
2021-03-01,40.1,0,59.9,45752,4777634,51.38,61445,3468726,37.3,0,0,0,0,0,0
2021-03-02,40.85,0,59.15,41203,4818837,51.82,64803,3533529,38,0,0,0,0,0,0
2021-03-03,41.55,0,58.45,42036,4860873,52.27,66795,3600324,38.72,0,0,0,0,0,0
2021-03-04,42.24,0,57.76,39723,4900596,52.7,79127,3679451,39.57,0,0,0,0,0,0
2021-03-05,42.57,0,57.43,17369,4917965,52.89,40469,3719920,40,0,0,0,0,0,0
2021-03-06,42.78,0,57.22,10724,4928689,53,25350,3745270,40.27,0,0,0,0,0,0
2021-03-07,43.36,0,56.64,31157,4959846,53.34,72849,3818119,41.06,0,0,0,0,0,0
2021-03-08,43.97,0,56.03,27388,4987234,53.63,73297,3891416,41.85,0,0,0,0,0,0
2021-03-09,44.62,0,55.38,26756,5013990,53.92,76607,3968023,42.67,0,0,0,0,0,0
2021-03-10,45.27,0,54.73,23373,5037363,54.17,58684,4026707,43.3,0,0,0,0,0,0
2021-03-11,45.99,0,54.01,23308,5060671,54.42,69100,4095807,44.04,0,0,0,0,0,0
2021-03-12,46.34,0,53.66,11298,5071969,54.54,41419,4137226,44.49,0,0,0,0,0,0
2021-03-13,46.57,0,53.43,7955,5079924,54.63,25240,4162466,44.76,0,0,0,0,0,0
2021-03-14,47.2,0,52.8,20992,5100916,54.85,73937,4236403,45.56,0,0,0,0,0,0
2021-03-15,47.81,0,52.19,20152,5121068,55.07,78282,4314685,46.4,0,0,0,0,0,0
2021-03-16,48.43,0,51.57,18759,5139827,55.27,71482,4386167,47.17,0,0,0,0,0,0
2021-03-17,48.92,0,51.08,17706,5157533,55.46,59011,4445178,47.8,0,0,0,0,0,0
2021-03-18,49.45,0,50.55,16050,5173583,55.63,58126,4503304,48.43,0,0,0,0,0,0
2021-03-19,49.75,0,50.25,6959,5180542,55.71,27981,4531285,48.73,0,0,0,0,0,0
2021-03-20,49.93,0,50.07,5229,5185771,55.77,15302,4546587,48.89,0,0,0,0,0,0
2021-03-21,50.46,0,49.54,13172,5198943,55.91,40511,4587098,49.33,0,0,0,0,0,0
2021-03-22,51,0,49,13583,5212526,56.05,40542,4627640,49.76,0,0,0,0,0,0
2021-03-23,51.43,0,48.57,2846,5215372,56.08,7303,4634943,49.84,0,0,0,0,0,0
2021-03-24,51.84,0,48.16,11007,5226379,56.2,46562,4681505,50.34,0,0,0,0,0,0
2021-03-25,52.22,0,47.78,10275,5236654,56.31,35440,4716945,50.72,0,0,0,0,0,0
2021-03-26,52.4,0,47.6,4187,5240841,56.36,13335,4730280,50.87,0,0,0,0,0,0
2021-03-27,52.5,0,47.5,1788,5242629,56.38,4269,4734549,50.91,0,0,0,0,0,0
2021-03-28,52.74,0,47.26,2116,5244745,56.4,4611,4739160,50.96,0,0,0,0,0,0
2021-03-29,53,0,47,6920,5251665,56.47,30018,4769178,51.29,0,0,0,0,0,0
2021-03-30,53.08,0,46.92,7899,5259564,56.56,22455,4791633,51.53,0,0,0,0,0,0
2021-03-31,53.38,0,46.62,8154,5267718,56.65,19503,4811136,51.74,0,0,0,0,0,0
2021-04-01,53.62,0,46.38,8223,5275941,56.73,18704,4829840,51.94,0,0,0,0,0,0
2021-04-02,53.71,0,46.29,2949,5278890,56.77,8131,4837971,52.03,0,0,0,0,0,0
2021-04-03,53.74,0,46.26,1432,5280322,56.78,2984,4840955,52.06,0,0,0,0,0,0
2021-04-04,53.82,0,46.18,9618,5289940,56.89,22833,4863788,52.3,0,0,0,0,0,0
2021-04-05,54.04,0,45.96,10365,5300305,57,21280,4885068,52.53,0,0,0,0,0,0
2021-04-06,54.21,0,45.79,9036,5309341,57.09,16795,4901863,52.71,0,0,0,0,0,0
2021-04-07,54.36,0,45.64,8935,5318276,57.19,15315,4917178,52.88,0,0,0,0,0,0
2021-04-08,54.52,0,45.48,9430,5327706,57.29,17018,4934196,53.06,0,0,0,0,0,0
2021-04-09,54.58,0,45.42,3610,5331316,57.33,6260,4940456,53.13,0,0,0,0,0,0
2021-04-10,54.61,0,45.39,1637,5332953,57.35,3523,4943979,53.17,0,0,0,0,0,0
2021-04-11,54.78,0,45.22,9045,5341998,57.45,14250,4958229,53.32,0,0,0,0,0,0
2021-04-12,54.95,0,45.05,8938,5350936,57.54,13236,4971465,53.46,0,0,0,0,0,0
2021-04-13,55.08,0,44.92,5841,5356777,57.6,4960,4976425,53.51,0,0,0,0,0,0
2021-04-14,55.18,0,44.82,3650,5360427,57.64,5311,4981736,53.57,0,0,0,0,0,0
2021-04-15,55.27,0,44.73,699,5361126,57.65,583,4982319,53.58,0,0,0,0,0,0
2021-04-16,55.33,0,44.67,3421,5364547,57.69,6655,4988974,53.65,0,0,0,0,0,0
2021-04-17,55.35,0,44.65,822,5365369,57.7,1975,4990949,53.67,0,0,0,0,0,0
2021-04-18,55.47,0,44.53,7099,5372468,57.77,7433,4998382,53.75,0,0,0,0,0,0
2021-04-19,55.58,0,44.42,6407,5378875,57.84,7135,5005517,53.83,0,0,0,0,0,0
2021-04-20,55.65,0,44.35,6287,5385162,57.91,6891,5012408,53.9,0,0,0,0,0,0
2021-04-21,55.71,0,44.29,6382,5391544,57.98,7112,5019520,53.98,0,0,0,0,0,0
2021-04-22,55.75,0,44.25,5952,5397496,58.04,7692,5027212,54.06,0,0,0,0,0,0
2021-04-23,55.8,0,44.2,2768,5400264,58.07,3393,5030605,54.1,0,0,0,0,0,0
2021-04-24,55.82,0,44.18,769,5401033,58.08,1290,5031895,54.11,0,0,0,0,0,0
2021-04-25,55.89,0,44.11,4829,5405862,58.13,6927,5038822,54.19,0,0,0,0,0,0
2021-04-26,55.96,0,44.04,5479,5411341,58.19,7889,5046711,54.27,0,0,0,0,0,0
2021-04-27,56.03,0,43.97,4509,5415850,58.24,6628,5053339,54.34,0,0,0,0,0,0
2021-04-28,56.09,0,43.91,4502,5420352,58.29,7337,5060676,54.42,0,0,0,0,0,0
2021-04-29,56.16,0,43.84,4378,5424730,58.33,7297,5067973,54.5,0,0,0,0,0,0
2021-04-30,56.19,0,43.81,1925,5426655,58.36,3204,5071177,54.53,0,0,0,0,0,0
2021-05-01,56.2,0,43.8,458,5427113,58.36,895,5072072,54.54,0,0,0,0,0,0
2021-05-02,56.26,0,43.74,3225,5430338,58.4,6092,5078164,54.61,0,0,0,0,0,0
2021-05-03,56.32,0,43.68,3535,5433873,58.43,5835,5083999,54.67,0,0,0,0,0,0
2021-05-04,56.38,0,43.62,3594,5437467,58.47,4738,5088737,54.72,0,0,0,0,0,0
2021-05-05,56.44,0,43.56,3292,5440759,58.51,4093,5092830,54.77,0,0,0,0,0,0
2021-05-06,56.5,0,43.5,3646,5444405,58.55,3145,5095975,54.8,0,0,0,0,0,0
2021-05-07,56.52,0,43.48,1847,5446252,58.57,2509,5098484,54.83,0,0,0,0,0,0
2021-05-08,56.53,0,43.47,244,5446496,58.57,509,5098993,54.83,0,0,0,0,0,0
2021-05-09,56.58,0,43.42,2851,5449347,58.6,4751,5103744,54.88,0,0,0,0,0,0
2021-05-10,56.63,0,43.37,2900,5452247,58.63,4715,5108459,54.93,0,0,0,0,0,0
2021-05-11,56.67,0,43.33,2623,5454870,58.66,3882,5112341,54.98,0,0,0,0,0,0
2021-05-12,56.7,0,43.3,2034,5456904,58.68,3342,5115683,55.01,0,0,0,0,0,0
2021-05-13,56.73,0,43.27,2044,5458948,58.7,3688,5119371,55.05,0,0,0,0,0,0
2021-05-14,56.75,0,43.25,979,5459927,58.71,1495,5120866,55.07,0,0,0,0,0,0
2021-05-15,56.75,0,43.25,259,5460186,58.72,260,5121126,55.07,0,0,0,0,0,0
2021-05-16,56.78,0,43.22,530,5460716,58.72,1205,5122331,55.08,0,0,0,0,0,0
2021-05-17,56.81,0,43.19,303,5461019,58.73,848,5123179,55.09,0,0,0,0,0,0
2021-05-18,56.84,0,43.16,1963,5462982,58.75,4940,5128119,55.15,0,0,0,0,0,0
2021-05-19,56.87,0,43.13,2233,5465215,58.77,5043,5133162,55.2,0,0,0,0,0,0
2021-05-20,56.9,0,43.1,2311,5467526,58.8,3880,5137042,55.24,0,0,0,0,0,0
2021-05-21,56.92,0,43.08,1194,5468720,58.81,1414,5138456,55.26,0,0,0,0,0,0
2021-05-22,56.92,0,43.08,206,5468926,58.81,396,5138852,55.26,0,0,0,0,0,0
2021-05-23,56.94,0,43.06,2272,5471198,58.83,3216,5142068,55.3,0,0,0,0,0,0
2021-05-24,56.96,0,43.04,2143,5473341,58.86,3597,5145665,55.33,0,0,0,0,0,0
2021-05-25,56.99,0,43.01,1823,5475164,58.88,2588,5148253,55.36,0,0,0,0,0,0
2021-05-26,57.03,0,42.97,1415,5476579,58.89,2504,5150757,55.39,0,0,0,0,0,0
2021-05-27,57.06,0,42.94,1866,5478445,58.91,3189,5153946,55.42,0,0,0,0,0,0
2021-05-28,57.07,0,42.93,794,5479239,58.92,1406,5155352,55.44,0,0,0,0,0,0
2021-05-29,57.07,0,42.93,192,5479431,58.92,227,5155579,55.44,0,0,0,0,0,0
2021-05-30,57.1,0,42.9,1645,5481076,58.94,1937,5157516,55.46,0,0,0,0,0,0
2021-05-31,57.13,0,42.87,1740,5482816,58.96,2094,5159610,55.48,0,0,0,0,0,0
2021-06-01,57.47,0,42.53,1386,5484202,58.97,1824,5161434,55.5,0,0,0,0,0,0
2021-06-02,57.25,0,42.75,1514,5485716,58.99,1610,5163044,55.52,0,0,0,0,0,0
2021-06-03,57.27,0,42.73,1686,5487402,59.01,1496,5164540,55.54,0,0,0,0,0,0
2021-06-04,57.28,0,42.72,1102,5488504,59.02,784,5165324,55.55,0,0,0,0,0,0
2021-06-05,57.29,0,42.71,184,5488688,59.02,159,5165483,55.55,0,0,0,0,0,0
2021-06-06,57.31,0,42.69,4293,5492981,59.07,1003,5166486,55.56,0,0,0,0,0,0
2021-06-07,57.34,0,42.66,4441,5497422,59.12,814,5167300,55.57,0,0,0,0,0,0
2021-06-08,57.36,0,42.64,3740,5501162,59.16,1175,5168475,55.58,0,0,0,0,0,0
2021-06-09,57.4,0,42.6,3615,5504777,59.2,1331,5169806,55.59,0,0,0,0,0,0
2021-06-10,57.42,0,42.58,3366,5508143,59.23,1300,5171106,55.61,0,0,0,0,0,0
2021-06-11,57.43,0,42.57,1402,5509545,59.25,590,5171696,55.61,0,0,0,0,0,0
2021-06-12,57.43,0,42.57,223,5509768,59.25,173,5171869,55.62,0,0,0,0,0,0
2021-06-13,57.45,0,42.55,3101,5512869,59.28,1260,5173129,55.63,0,0,0,0,0,0
2021-06-14,57.46,0,42.54,3057,5515926,59.32,1534,5174663,55.65,0,0,0,0,0,0
2021-06-15,57.48,0,42.52,3139,5519065,59.35,1378,5176041,55.66,0,0,0,0,0,0
2021-06-16,57.49,0,42.51,2736,5521801,59.38,1005,5177046,55.67,0,0,0,0,0,0
2021-06-17,57.51,0,42.49,2735,5524536,59.41,1209,5178255,55.68,0,0,0,0,0,0
2021-06-18,57.52,0,42.48,1272,5525808,59.42,506,5178761,55.69,0,0,0,0,0,0
2021-06-19,57.52,0,42.48,242,5526050,59.42,139,5178900,55.69,0,0,0,0,0,0
2021-06-20,57.54,0,42.46,3316,5529366,59.46,1332,5180232,55.71,0,0,0,0,0,0
2021-06-21,57.56,0,42.44,5250,5534616,59.52,1218,5181450,55.72,0,0,0,0,0,0
2021-06-22,57.58,0,42.42,6935,5541551,59.59,1101,5182551,55.73,0,0,0,0,0,0
2021-06-23,57.6,0,42.4,10762,5552313,59.71,1304,5183855,55.74,0,0,0,0,0,0
2021-06-24,57.62,0,42.38,12051,5564364,59.84,1466,5185321,55.76,0,0,0,0,0,0
2021-06-25,57.62,0,42.38,7116,5571480,59.91,945,5186266,55.77,0,0,0,0,0,0
2021-06-26,57.63,0,42.37,2280,5573760,59.94,200,5186466,55.77,0,0,0,0,0,0
2021-06-27,57.65,0,42.35,13634,5587394,60.08,3439,5189905,55.81,0,0,0,0,0,0
2021-06-28,57.68,0,42.32,14518,5601912,60.24,3675,5193580,55.85,0,0,0,0,0,0
2021-06-29,57.69,0,42.31,16711,5618623,60.42,3746,5197326,55.89,0,0,0,0,0,0
2021-06-30,57.72,0,42.28,16489,5635112,60.6,3397,5200723,55.93,0,0,0,0,0,0
2021-07-01,57.78,0,42.22,16840,5651952,60.78,3381,5204104,55.96,122,122,0,0,0,0
2021-07-02,57.79,0,42.21,9836,5661788,60.88,1609,5205713,55.98,7,129,0,0,0,0
2021-07-03,57.79,0,42.21,2680,5664468,60.91,300,5206013,55.98,1,130,0,0,0,0
2021-07-04,57.85,0,42.15,17735,5682203,61.1,3161,5209174,56.02,2,132,0,0,0,0
2021-07-05,57.91,0,42.09,17852,5700055,61.3,3047,5212221,56.05,7,139,0,0,0,0
2021-07-06,57.99,0,42.01,17851,5717906,61.49,3412,5215633,56.09,11,150,0,0,0,0
2021-07-07,58.05,0,41.95,15535,5733441,61.65,2703,5218336,56.12,12,162,0,0,0,0
2021-07-08,58.12,0,41.88,16590,5750031,61.83,2883,5221219,56.15,17,179,0,0,0,0
2021-07-09,58.15,0,41.85,11127,5761158,61.95,1535,5222754,56.16,4,183,0,0,0,0
2021-07-10,58.15,0,41.85,4989,5766147,62.01,391,5223145,56.17,6,189,0,0,0,0
2021-07-11,58.22,0,41.78,1458,5767605,62.02,2848,5225993,56.2,9,198,0,0,0,0
2021-07-12,58.29,0,41.71,2428,5770033,62.05,3697,5229690,56.24,58,256,0,0,0,0
2021-07-13,58.36,0,41.64,2965,5772998,62.08,5460,5235150,56.3,124,380,0,0,0,0
2021-07-14,58.42,0,41.58,2748,5775746,62.11,7537,5242687,56.38,441,821,0.01,0,0,0
2021-07-15,58.5,0,41.5,3011,5778757,62.14,9302,5251989,56.48,374,1195,0.01,0,0,0
2021-07-16,58.54,0,41.46,1297,5780054,62.16,5898,5257887,56.54,66,1261,0.01,0,0,0
2021-07-17,58.55,0,41.44,372,5780426,62.16,1394,5259281,56.56,8,1269,0.01,0,0,0
2021-07-18,58.6,0,41.4,2074,5782500,62.18,9771,5269052,56.66,235,1504,0.02,0,0,0
2021-07-19,58.65,0,41.35,3211,5785711,62.22,11348,5280400,56.78,461,1965,0.02,0,0,0
2021-07-20,58.72,0,41.28,2691,5788402,62.25,11915,5292315,56.91,374,2339,0.03,0,0,0
2021-07-21,58.81,0,41.19,2408,5790810,62.27,11882,5304197,57.04,325,2664,0.03,0,0,0
2021-07-22,58.93,0,41.07,2879,5793689,62.3,13281,5317478,57.18,392,3056,0.03,0,0,0
2021-07-23,58.99,0,41.01,2039,5795728,62.32,8249,5325727,57.27,106,3162,0.03,0,0,0
2021-07-24,58.99,0,41,646,5796374,62.33,1486,5327213,57.29,7,3169,0.03,0,0,0
2021-07-25,59.1,0,40.89,4417,5800791,62.38,15499,5342712,57.45,223,3392,0.04,0,0,0
2021-07-26,59.24,0,40.75,5175,5805966,62.43,13537,5356249,57.6,325,3717,0.04,0,0,0
2021-07-27,59.37,0.01,40.62,5493,5811459,62.49,13579,5369828,57.74,414,4131,0.04,0,0,0
2021-07-28,59.5,0.01,40.49,3991,5815450,62.54,12345,5382173,57.88,472,4603,0.05,0,0,0
2021-07-29,59.65,0.01,40.33,4665,5820115,62.59,14206,5396379,58.03,533,5136,0.06,0,0,0
2021-07-30,59.74,0.02,40.25,2658,5822773,62.62,10859,5407238,58.15,4122,9258,0.1,0,0,0
2021-07-31,59.75,0.02,40.23,1407,5824180,62.63,3554,5410792,58.18,6159,15417,0.17,0,0,0
2021-08-01,59.91,0.02,40.06,3079,5827259,62.66,3368,5414160,58.22,31048,46465,0.5,0,0,0
2021-08-02,60.06,0.03,39.91,3134,5830393,62.7,3176,5417336,58.26,58514,104979,1.13,0,0,0
2021-08-03,60.21,0.03,39.76,3388,5833781,62.73,3332,5420668,58.29,78954,183933,1.98,0,0,0
2021-08-04,60.34,0.03,39.63,3537,5837318,62.77,3256,5423924,58.33,80766,264699,2.85,0,0,0
2021-08-05,60.49,0.04,39.47,4515,5841833,62.82,3572,5427496,58.36,88442,353141,3.8,0,0,0
2021-08-06,60.6,0.04,39.36,2437,5844270,62.85,1866,5429362,58.38,44744,397885,4.28,0,0,0
2021-08-07,60.63,0.04,39.32,1034,5845304,62.86,701,5430063,58.39,27353,425238,4.57,0,0,0
2021-08-08,60.68,0.04,39.28,4992,5850296,62.91,3082,5433145,58.43,80087,505325,5.43,0,0,0
2021-08-09,60.72,0.04,39.24,5341,5855637,62.97,3064,5436209,58.46,76489,581814,6.26,0,0,0
2021-08-10,60.75,0.04,39.2,5554,5861191,63.03,3211,5439420,58.49,75427,657241,7.07,0,0,0
2021-08-11,60.79,0.04,39.17,5696,5866887,63.09,2949,5442369,58.52,62642,719883,7.74,0,0,0
2021-08-12,60.83,0.04,39.12,7039,5873926,63.17,3291,5445660,58.56,59463,779346,8.38,0,0,0
2021-08-13,60.84,0.05,39.11,3821,5877747,63.21,2074,5447734,58.58,43870,823216,8.85,0,0,0
2021-08-14,60.85,0.05,39.1,2255,5880002,63.23,854,5448588,58.59,44486,867702,9.33,0,0,0
2021-08-15,60.89,0.05,39.06,7144,5887146,63.31,4531,5453119,58.64,97986,965688,10.38,0,0,0
2021-08-16,60.92,0.04,39.03,6991,5894137,63.38,4750,5457869,58.69,89522,1055210,11.35,0,0,0
2021-08-17,60.96,0.04,39,7573,5901710,63.46,5138,5463007,58.75,83320,1138530,12.24,0,0,0
2021-08-18,60.99,0.04,38.96,8643,5910353,63.56,4603,5467610,58.8,69269,1207799,12.99,0,0,0
2021-08-19,61.03,0.04,38.92,10082,5920435,63.67,5217,5472827,58.85,65976,1273775,13.7,0,0,0
2021-08-20,61.05,0.05,38.9,4769,5925204,63.72,2828,5475655,58.88,60454,1334229,14.35,0,0,0
2021-08-21,61.06,0.05,38.89,3499,5928703,63.75,1580,5477235,58.9,50727,1384956,14.89,0,0,0
2021-08-22,61.12,0.04,38.84,9822,5938525,63.86,4808,5482043,58.95,105113,1490069,16.02,0,0,0
2021-08-23,61.17,0.04,38.79,10922,5949447,63.98,4448,5486491,59,94036,1584105,17.03,0,0,0
2021-08-24,61.23,0.04,38.73,11721,5961168,64.1,4701,5491192,59.05,98563,1682668,18.09,0,0,0
2021-08-25,61.29,0.04,38.67,9613,5970781,64.21,4484,5495676,59.1,99559,1782227,19.17,0,0,0
2021-08-26,61.36,0.03,38.61,10114,5980895,64.32,5059,5500735,59.15,101234,1883461,20.25,0,0,0
2021-08-27,61.35,0.04,38.61,4325,5985220,64.36,2790,5503525,59.18,56695,1940156,20.86,0,0,0
2021-08-28,61.4,0.04,38.57,3704,5988924,64.4,1500,5505025,59.2,33542,1973698,21.22,0,0,0
2021-08-29,61.46,0.03,38.5,10323,5999247,64.51,5933,5510958,59.26,79552,2053250,22.08,0,0,0
2021-08-30,61.53,0.03,38.44,12332,6011579,64.65,7017,5517975,59.34,116011,2169261,23.33,0,0,0
2021-08-31,61.6,0.03,38.37,12076,6023655,64.78,6529,5524504,59.41,114885,2284146,24.56,0,0,0
2021-09-01,61.43,0.03,38.54,9036,6032691,64.87,6043,5530547,59.47,112496,2396642,25.77,0,0,0
2021-09-02,61.49,0.03,38.48,8784,6041475,64.97,7186,5537733,59.55,111549,2508191,26.97,0,0,0
2021-09-03,61.56,0.03,38.42,3751,6045226,65.01,4118,5541851,59.59,58886,2567077,27.61,0,0,0
2021-09-04,61.59,0.03,38.38,2692,6047918,65.04,2023,5543874,59.62,29954,2597031,27.93,0,0,0
2021-09-05,61.68,0.03,38.29,6991,6054909,65.11,6460,5550334,59.69,73328,2670359,28.72,0,0,0
2021-09-06,61.77,0.03,38.2,2836,6057745,65.14,2718,5553052,59.71,22800,2693159,28.96,0,0,0
2021-09-07,61.85,0.03,38.12,1202,6058947,65.15,880,5553932,59.72,5398,2698557,29.02,0,0,0
2021-09-08,61.93,0.03,38.05,1380,6060327,65.17,1196,5555128,59.74,6621,2705178,29.09,0,0,0
2021-09-09,62.02,0.03,37.95,7093,6067420,65.25,12574,5567702,59.87,73847,2779025,29.88,0,0,0
2021-09-10,62.06,0.03,37.91,3258,6070678,65.28,5016,5572718,59.93,37938,2816963,30.29,0,0,0
2021-09-11,62.08,0.03,37.89,2109,6072787,65.3,2509,5575227,59.95,14817,2831780,30.45,0,0,0
2021-09-12,62.16,0.03,37.81,6105,6078892,65.37,8589,5583816,60.05,54137,2885917,31.03,0,0,0
2021-09-13,62.15,0.03,37.82,5611,6084503,65.43,8264,5592080,60.13,47984,2933901,31.55,0,0,0
2021-09-14,62.2,0.03,37.77,4964,6089467,65.48,7424,5599504,60.21,48856,2982757,32.08,0,0,0
2021-09-15,62.25,0.03,37.72,1751,6091218,65.5,2719,5602223,60.24,16687,2999444,32.25,0,0,0
2021-09-16,62.37,0.03,37.6,343,6091561,65.51,550,5602773,60.25,1740,3001184,32.27,0,0,0
2021-09-17,62.42,0.03,37.54,3683,6095244,65.55,7022,5609795,60.32,42908,3044092,32.73,0,0,0
2021-09-18,62.45,0.03,37.52,2258,6097502,65.57,2946,5612741,60.36,12784,3056876,32.87,0,0,0
2021-09-19,62.55,0.03,37.42,5943,6103445,65.63,10712,5623453,60.47,44331,3101207,33.35,0,0,0
2021-09-20,62.63,0.03,37.34,3246,6106691,65.67,4646,5628099,60.52,16708,3117915,33.53,0,0,0
2021-09-21,62.69,0.03,37.28,1340,6108031,65.68,2068,5630167,60.54,3477,3121392,33.57,0,0,0
2021-09-22,62.72,0.03,37.25,4260,6112291,65.73,7250,5637417,60.62,25072,3146464,33.84,0,0,0
2021-09-23,62.75,0.03,37.22,4391,6116682,65.78,5918,5643335,60.69,27834,3174298,34.13,0,0,0
2021-09-24,62.82,0.03,37.15,3203,6119885,65.81,4185,5647520,60.73,27725,3202023,34.43,0,0,0
2021-09-25,62.85,0.03,37.12,2080,6121965,65.83,2264,5649784,60.76,10443,3212466,34.55,0,0,0
2021-09-26,62.96,0.03,37,5605,6127570,65.89,5973,5655757,60.82,36271,3248737,34.94,0,0,0
2021-09-27,63.02,0.03,36.94,4696,6132266,65.94,4469,5660226,60.87,30457,3279194,35.26,0,0,0
2021-09-28,63.06,0.04,36.91,1473,6133739,65.96,1187,5661413,60.88,6250,3285444,35.33,0,0,0
2021-09-29,63.13,0.03,36.84,9621,6143360,66.06,8350,5669763,60.97,60325,3345769,35.98,0,0,0
2021-09-30,63.18,0.03,36.79,10978,6154338,66.18,8581,5678344,61.06,79704,3425473,36.84,0,0,0
2021-10-01,63.23,0.03,36.73,5128,6159466,66.24,3876,5682220,61.1,46546,3472019,37.34,0,0,0
2021-10-02,63.26,0.03,36.71,2865,6162331,66.27,2128,5684348,61.13,22433,3494452,37.58,0,0,0
2021-10-03,63.35,0.03,36.62,11668,6173999,66.39,7275,5691623,61.2,70726,3565178,38.34,0,0,0
2021-10-04,63.4,0.03,36.57,10321,6184320,66.5,6759,5698382,61.28,51912,3617090,38.9,0,0,0
2021-10-05,63.41,0.03,36.55,8460,6192780,66.59,5314,5703696,61.33,40482,3657572,39.33,0,0,0
2021-10-06,63.52,0.03,36.45,7543,6200323,66.68,4185,5707881,61.38,34151,3691723,39.7,0,0,0
2021-10-07,63.63,0.03,36.34,6895,6207218,66.75,4011,5711892,61.42,34074,3725797,40.07,0,0,0
2021-10-08,63.68,0.03,36.29,3086,6210304,66.78,2644,5714536,61.45,19250,3745047,40.27,0,0,0
2021-10-09,63.71,0.03,36.26,1341,6211645,66.8,1444,5715980,61.47,7441,3752488,40.35,0,0,0
2021-10-10,63.82,0.04,36.14,4677,6216322,66.85,3747,5719727,61.51,21519,3774007,40.58,0,0,0
2021-10-11,63.91,0.04,36.05,4299,6220621,66.89,2946,5722673,61.54,17270,3791277,40.77,0,0,0
2021-10-12,63.99,0.05,35.96,3977,6224598,66.94,3007,5725680,61.57,15357,3806634,40.93,0,0,0
2021-10-13,64.09,0.05,35.86,3487,6228085,66.97,2451,5728131,61.6,13587,3820221,41.08,0,0,0
2021-10-14,64.19,0.06,35.75,3870,6231955,67.02,2686,5730817,61.63,16569,3836790,41.26,0,0,0
2021-10-15,64.23,0.07,35.7,1705,6233660,67.03,1686,5732503,61.64,9012,3845802,41.36,0,0,0
2021-10-16,64.25,0.08,35.67,729,6234389,67.04,958,5733461,61.65,4036,3849838,41.4,0,0,0
2021-10-17,64.36,0.09,35.56,3090,6237479,67.07,2526,5735987,61.68,12799,3862637,41.54,0,0,0
2021-10-18,64.43,0.1,35.47,2459,6239938,67.1,1694,5737681,61.7,10069,3872706,41.65,0,0,0
2021-10-19,64.49,0.1,35.4,2399,6242337,67.13,1284,5738965,61.71,9295,3882001,41.75,0,0,0
2021-10-20,64.14,0.52,35.34,2438,6244775,67.15,2304,5741269,61.74,10104,3892105,41.85,0,0,0
2021-10-21,54.23,10.41,35.36,3033,6247808,67.19,3098,5744367,61.77,12165,3904270,41.98,0,0,0
2021-10-22,54.36,10.26,35.38,1279,6249087,67.2,1439,5745806,61.79,5842,3910112,42.05,0,0,0
2021-10-23,54.42,10.19,35.39,575,6249662,67.21,1266,5747072,61.8,2565,3912677,42.08,0,0,0
2021-10-24,54.22,10.43,35.35,2518,6252180,67.23,2653,5749725,61.83,9857,3922534,42.18,0,0,0
2021-10-25,54.59,10.22,35.19,2640,6254820,67.26,2753,5752478,61.86,8511,3931045,42.27,0,0,0
2021-10-26,54.64,10.26,35.1,2381,6257201,67.29,2058,5754536,61.88,8531,3939576,42.36,0,0,0
2021-10-27,54.58,10.37,35.06,2292,6259493,67.31,2566,5757102,61.91,7959,3947535,42.45,0,0,0
2021-10-28,54.69,10.76,34.55,2508,6262001,67.34,2782,5759884,61.94,8677,3956212,42.54,0,0,0
2021-10-29,54.73,10.75,34.52,904,6262905,67.35,1154,5761038,61.95,4138,3960350,42.59,0,0,0
2021-10-30,54.68,10.81,34.52,366,6263271,67.35,530,5761568,61.96,1712,3962062,42.61,0,0,0
2021-10-31,54.83,10.7,34.47,2262,6265533,67.38,2495,5764063,61.98,8255,3970317,42.69,0,0,0
2021-11-01,54.95,10.63,34.42,1737,6267270,67.4,2094,5766157,62.01,6481,3976798,42.76,0,0,0
2021-11-02,54.89,10.69,34.42,2026,6269296,67.42,2050,5768207,62.03,6296,3983094,42.83,0,0,0
2021-11-03,54.86,10.75,34.39,1765,6271061,67.44,1897,5770104,62.05,5556,3988650,42.89,0,0,0
2021-11-04,54.85,10.81,34.33,2111,6273172,67.46,2802,5772906,62.08,7135,3995785,42.97,0,0,0
2021-11-05,54.85,10.83,34.32,793,6273965,67.47,907,5773813,62.09,3488,3999273,43.01,0,0,0
2021-11-06,54.82,10.86,34.32,347,6274312,67.47,389,5774202,62.09,1375,4000648,43.02,0,0,0
2021-11-07,54.92,10.8,34.28,1578,6275890,67.49,1770,5775972,62.11,6133,4006781,43.09,0,0,0
2021-11-08,55.01,10.75,34.24,1521,6277411,67.5,1603,5777575,62.13,5406,4012187,43.15,0,0,0
2021-11-09,55.05,10.74,34.21,1429,6278840,67.52,1612,5779187,62.15,5333,4017520,43.2,0,0,0
2021-11-10,55.08,10.73,34.19,1424,6280264,67.53,1662,5780849,62.16,4779,4022299,43.25,0,0,0
2021-11-11,55.15,10.69,34.15,1628,6281892,67.55,1948,5782797,62.19,5720,4028019,43.32,0,0,0
2021-11-12,55.17,10.69,34.14,637,6282529,67.56,826,5783623,62.19,2926,4030945,43.35,0,0,0
2021-11-13,55.14,10.72,34.14,259,6282788,67.56,291,5783914,62.2,1131,4032076,43.36,0,0,0
2021-11-14,55.21,10.68,34.11,1536,6284324,67.58,1639,5785553,62.21,5111,4037187,43.41,0,0,0
2021-11-15,55.28,10.63,34.09,1275,6285599,67.59,1628,5787181,62.23,4770,4041957,43.47,0,0,0
2021-11-16,55.32,10.62,34.07,1275,6286874,67.61,1419,5788600,62.25,4349,4046306,43.51,0,0,0
2021-11-17,55.35,10.6,34.05,1208,6288082,67.62,1567,5790167,62.26,3915,4050221,43.55,0,0,0
2021-11-18,55.41,10.58,34.02,1364,6289446,67.63,1693,5791860,62.28,5014,4055235,43.61,0,0,0
2021-11-19,55.42,10.57,34.01,589,6290035,67.64,765,5792625,62.29,2460,4057695,43.63,0,0,0
2021-11-20,55.41,10.58,34,238,6290273,67.64,258,5792883,62.29,930,4058625,43.64,0,0,0
2021-11-21,55.47,10.54,33.98,1409,6291682,67.66,1542,5794425,62.31,4881,4063506,43.7,0,0,0
2021-11-22,55.54,10.5,33.96,1681,6293363,67.68,1523,5795948,62.33,4238,4067744,43.74,0,0,0
2021-11-23,55.57,10.48,33.95,8616,6301979,67.77,1688,5797636,62.34,4012,4071756,43.79,0,0,0
2021-11-24,55.6,10.44,33.95,9348,6311327,67.87,1319,5798955,62.36,3925,4075681,43.83,0,0,0
2021-11-25,55.64,10.43,33.93,9809,6321136,67.97,1600,5800555,62.38,4841,4080522,43.88,0,0,0
2021-11-26,55.63,10.45,33.92,5610,6326746,68.03,753,5801308,62.38,2807,4083329,43.91,0,0,0
2021-11-27,55.62,10.46,33.92,4776,6331522,68.09,324,5801632,62.39,1164,4084493,43.92,0,0,0
2021-11-28,55.67,10.43,33.9,10148,6341670,68.2,1481,5803113,62.4,4907,4089400,43.98,0,0,0
2021-11-29,55.73,10.39,33.88,9043,6350713,68.29,1135,5804248,62.42,4378,4093778,44.02,0,0,0
2021-11-30,55.77,10.37,33.86,10043,6360756,68.4,1039,5805287,62.43,4085,4097863,44.07,0,0,0
2021-12-01,55.79,10.36,33.84,8629,6369385,68.49,1098,5806385,62.44,4445,4102308,44.11,5,5,0
2021-12-02,55.84,10.34,33.82,9174,6378559,68.59,1457,5807842,62.45,5126,4107434,44.17,6,11,0
2021-12-03,55.86,10.33,33.81,6329,6384888,68.66,673,5808515,62.46,2868,4110302,44.2,1,12,0
2021-12-04,55.85,10.34,33.81,2509,6387397,68.69,239,5808754,62.46,926,4111228,44.21,3,15,0
2021-12-05,55.9,10.31,33.79,8334,6395731,68.78,1254,5810008,62.48,4683,4115911,44.26,1,16,0
2021-12-06,55.95,10.27,33.78,6720,6402451,68.85,1200,5811208,62.49,4351,4120262,44.31,4,20,0
2021-12-07,55.99,10.25,33.76,5553,6408004,68.91,1506,5812714,62.51,3966,4124228,44.35,9,29,0
2021-12-08,56.03,10.22,33.75,4934,6412938,68.96,1201,5813915,62.52,3885,4128113,44.39,10,39,0
2021-12-09,56.08,10.19,33.73,6239,6419177,69.03,1241,5815156,62.53,4508,4132621,44.44,8,47,0
2021-12-10,56.1,10.18,33.72,3006,6422183,69.06,704,5815860,62.54,2687,4135308,44.47,4,51,0
2021-12-11,56.1,10.18,33.71,1491,6423674,69.08,255,5816115,62.54,1022,4136330,44.48,0,51,0
2021-12-12,56.16,10.15,33.69,7273,6430947,69.16,1444,5817559,62.56,5249,4141579,44.54,3,54,0
2021-12-13,56.21,10.11,33.67,6180,6437127,69.22,1377,5818936,62.57,4351,4145930,44.58,5,59,0
2021-12-14,56.27,10.09,33.65,7316,6444443,69.3,6098,5825034,62.64,4941,4150871,44.64,12,71,0
2021-12-15,56.34,10.06,33.6,7204,6451647,69.38,7404,5832438,62.72,5446,4156317,44.7,7,78,0
2021-12-16,56.53,10.05,33.42,8079,6459726,69.46,8611,5841049,62.81,6565,4162882,44.77,8,86,0
2021-12-17,56.64,10.05,33.3,4406,6464132,69.51,5141,5846190,62.87,3955,4166837,44.81,3,89,0
2021-12-18,56.73,10.07,33.2,3941,6468073,69.55,2913,5849103,62.9,1361,4168198,44.82,2,91,0
2021-12-19,56.92,10.04,33.04,6978,6475051,69.63,9328,5858431,63,6276,4174474,44.89,6,97,0
2021-12-20,57.07,10.02,32.91,7971,6483022,69.72,7520,5865951,63.08,5447,4179921,44.95,9,106,0
2021-12-21,57.27,10.01,32.71,9548,6492570,69.82,8647,5874598,63.17,6493,4186414,45.02,8,114,0
2021-12-22,57.49,10,32.52,9663,6502233,69.92,8152,5882750,63.26,6258,4192672,45.09,12,126,0
2021-12-23,57.7,9.97,32.33,11539,6513772,70.05,10262,5893012,63.37,8161,4200833,45.17,16,142,0
2021-12-24,57.83,9.96,32.21,5875,6519647,70.11,6241,5899253,63.44,5281,4206114,45.23,12,154,0
2021-12-25,57.9,9.96,32.15,3338,6522985,70.14,2566,5901819,63.47,2022,4208136,45.25,6,160,0
2021-12-26,58.1,9.92,31.98,10652,6533637,70.26,8909,5910728,63.56,8202,4216338,45.34,8,168,0
2021-12-27,58.27,9.9,31.83,10370,6544007,70.37,7142,5917870,63.64,8188,4224526,45.43,34,202,0
2021-12-28,58.46,9.88,31.66,11375,6555382,70.49,7451,5925321,63.72,9643,4234169,45.53,36,238,0
2021-12-29,58.64,9.85,31.51,9933,6565315,70.6,5964,5931285,63.78,8376,4242545,45.62,21,259,0
2021-12-30,58.84,9.82,31.34,11012,6576327,70.72,7735,5939020,63.87,12240,4254785,45.75,10,269,0
2021-12-31,58.9,9.79,31.3,4829,6581156,70.77,3671,5942691,63.9,7297,4262082,45.83,135,404,0
2022-01-01,58.93,9.79,31.28,1993,6583149,70.79,1592,5944283,63.92,2741,4264823,45.86,66,470,0.01
2022-01-02,59.14,9.76,31.1,10216,6593365,70.9,6487,5950770,63.99,13002,4277825,46,590,1060,0.01
2022-01-03,59.29,9.71,31,9384,6602749,71,5259,5956029,64.05,11343,4289168,46.12,25055,26115,0.28
2022-01-04,59.46,9.68,30.86,8963,6611712,71.1,5947,5961976,64.11,10525,4299693,46.24,50665,76780,0.83
2022-01-05,59.56,9.65,30.79,8554,6620266,71.19,5740,5967716,64.17,10492,4310185,46.35,59597,136377,1.47
2022-01-06,59.81,9.63,30.56,10339,6630605,71.3,7958,5975674,64.26,13532,4323717,46.5,64006,200383,2.15
2022-01-07,59.89,9.61,30.49,4759,6635364,71.35,4557,5980231,64.31,8167,4331884,46.58,31136,231519,2.49
2022-01-08,59.9,9.64,30.46,2749,6638113,71.38,2451,5982682,64.33,5502,4337386,46.64,27634,259153,2.79
2022-01-09,60.06,9.59,30.35,9306,6647419,71.48,7724,5990406,64.42,11871,4349257,46.77,66773,325926,3.5
2022-01-10,60.21,9.54,30.25,8347,6655766,71.57,7646,5998052,64.5,11885,4361142,46.9,64826,390752,4.2
2022-01-11,60.38,9.49,30.13,8097,6663863,71.66,8622,6006674,64.59,11974,4373116,47.03,56662,447414,4.81
2022-01-12,60.51,9.45,30.04,7275,6671138,71.74,8305,6014979,64.68,11114,4384230,47.15,44633,492047,5.29
2022-01-13,60.7,9.35,29.94,7509,6678647,71.82,9617,6024596,64.79,11549,4395779,47.27,34769,526816,5.67
2022-01-14,60.79,9.31,29.9,2555,6681202,71.85,4935,6029531,64.84,6147,4401926,47.34,11146,537962,5.79
2022-01-15,60.83,9.29,29.87,1469,6682671,71.86,3170,6032701,64.87,3885,4405811,47.38,5716,543678,5.85
2022-01-16,60.97,9.2,29.82,3817,6686488,71.9,8524,6041225,64.96,7682,4413493,47.46,19993,563671,6.06
2022-01-17,61.09,9.13,29.78,2808,6689296,71.93,7047,6048272,65.04,6173,4419666,47.53,17835,581506,6.25
2022-01-18,61.23,9.07,29.7,2475,6691771,71.96,7386,6055658,65.12,5535,4425201,47.59,14819,596325,6.41
2022-01-19,61.37,8.98,29.65,1915,6693686,71.98,6368,6062026,65.19,4523,4429724,47.64,8462,604787,6.5
2022-01-20,61.44,8.85,29.71,1777,6695463,72,6971,6068997,65.26,4792,4434516,47.69,8042,612829,6.59
2022-01-21,61.51,8.81,29.68,905,6696368,72.01,3725,6072722,65.3,2646,4437162,47.72,3358,616187,6.63
2022-01-22,61.51,8.75,29.74,327,6696695,72.01,1462,6074184,65.32,1069,4438231,47.73,1114,617301,6.64
2022-01-23,61.61,8.7,29.69,1068,6697763,72.02,5632,6079816,65.38,2879,4441110,47.76,6083,623384,6.7
2022-01-24,61.73,8.62,29.65,759,6698522,72.03,4481,6084297,65.43,2271,4443381,47.78,5057,628441,6.76
2022-01-25,61.9,8.51,29.59,743,6699265,72.04,4401,6088698,65.47,2187,4445568,47.81,7103,635544,6.83
2022-01-26,62.02,8.42,29.57,615,6699880,72.05,3286,6091984,65.51,1612,4447180,47.82,4263,639807,6.88
2022-01-27,62.12,8.35,29.52,797,6700677,72.06,4405,6096389,65.56,2007,4449187,47.84,5441,645248,6.94
2022-01-28,62.16,8.33,29.5,397,6701074,72.06,2377,6098766,65.58,1182,4450369,47.86,3452,648700,6.98
2022-01-29,62.23,8.29,29.48,124,6701198,72.06,1046,6099812,65.59,425,4450794,47.86,1162,649862,6.99
2022-01-30,62.3,8.24,29.46,769,6701967,72.07,4719,6104531,65.65,2020,4452814,47.88,8099,657961,7.08
2022-01-31,62.39,8.17,29.43,528,6702495,72.08,3183,6107714,65.68,1610,4454424,47.9,6472,664433,7.15
2022-02-01,62.45,8.15,29.4,482,6702977,72.08,2810,6110524,65.71,1526,4455950,47.92,5722,670155,7.21
2022-02-02,62.28,8.13,29.59,375,6703352,72.08,2394,6112918,65.74,1386,4457336,47.93,5074,675229,7.26
2022-02-03,62.34,8.08,29.57,446,6703798,72.09,2776,6115694,65.77,1462,4458798,47.95,5607,680836,7.32
2022-02-04,62.37,8.06,29.57,174,6703972,72.09,991,6116685,65.78,758,4459556,47.96,2455,683291,7.35
2022-02-05,62.34,8.09,29.56,62,6704034,72.09,342,6117027,65.78,221,4459777,47.96,420,683711,7.35
2022-02-06,62.41,8.05,29.55,407,6704441,72.1,2321,6119348,65.8,1344,4461121,47.97,5687,689398,7.41
2022-02-07,62.47,8.01,29.52,283,6704724,72.1,1308,6120656,65.82,984,4462105,47.98,5961,695359,7.48
2022-02-08,62.54,7.97,29.49,317,6705041,72.1,1498,6122154,65.83,1068,4463173,47.99,6138,701497,7.54
2022-02-09,62.6,7.95,29.45,254,6705295,72.11,1102,6123256,65.85,946,4464119,48,4571,706068,7.59
2022-02-10,62.63,7.93,29.44,273,6705568,72.11,1292,6124548,65.86,936,4465055,48.02,4816,710884,7.64
2022-02-11,62.67,7.91,29.42,212,6705780,72.11,557,6125105,65.87,519,4465574,48.02,2540,713424,7.67
2022-02-12,62.67,7.91,29.41,32,6705812,72.11,91,6125196,65.87,137,4465711,48.02,269,713693,7.67
2022-02-13,62.73,7.87,29.39,286,6706098,72.11,946,6126142,65.88,967,4466678,48.03,4998,718691,7.73
2022-02-14,62.89,7.74,29.36,179,6706277,72.12,628,6126770,65.88,761,4467439,48.04,3143,721834,7.76
2022-02-15,62.92,7.73,29.35,266,6706543,72.12,763,6127533,65.89,938,4468377,48.05,3819,725653,7.8
2022-02-16,62.95,7.72,29.34,179,6706722,72.12,577,6128110,65.9,803,4469180,48.06,2488,728141,7.83
2022-02-17,62.96,7.7,29.34,247,6706969,72.12,740,6128850,65.91,775,4469955,48.07,3061,731202,7.86
2022-02-18,62.98,7.69,29.33,130,6707099,72.12,343,6129193,65.91,441,4470396,48.07,1119,732321,7.88
2022-02-19,62.99,7.69,29.32,33,6707132,72.13,84,6129277,65.91,82,4470478,48.07,80,732401,7.88
2022-02-20,63.01,7.67,29.32,204,6707336,72.13,604,6129881,65.92,723,4471201,48.08,2574,734975,7.9
2022-02-21,63.04,7.65,29.31,173,6707509,72.13,415,6130296,65.92,490,4471691,48.09,1542,736517,7.92
2022-02-22,63.05,7.65,29.3,158,6707667,72.13,455,6130751,65.93,570,4472261,48.09,1871,738388,7.94
2022-02-23,63.06,7.65,29.29,109,6707776,72.13,353,6131104,65.93,453,4472714,48.1,1153,739541,7.95
2022-02-24,63.05,7.66,29.29,138,6707914,72.13,463,6131567,65.94,568,4473282,48.1,1493,741034,7.97
2022-02-25,63.06,7.66,29.28,59,6707973,72.13,144,6131711,65.94,193,4473475,48.11,456,741490,7.97
2022-02-26,63.05,7.67,29.28,17,6707990,72.13,28,6131739,65.94,161,4473636,48.11,35,741525,7.97
2022-02-27,63.05,7.67,29.28,112,6708102,72.14,341,6132080,65.94,448,4474084,48.11,1119,742644,7.99
2022-02-28,63.07,7.65,29.28,108,6708210,72.14,271,6132351,65.94,426,4474510,48.12,908,743552,8
2022-03-01,63.1,7.63,29.27,97,6708307,72.14,281,6132632,65.95,373,4474883,48.12,797,744349,8
2022-03-02,63.11,7.62,29.27,77,6708384,72.14,199,6132831,65.95,324,4475207,48.12,698,745047,8.01
2022-03-03,63.05,7.67,29.27,157,6708541,72.14,371,6133202,65.95,499,4475706,48.13,987,746034,8.02
2022-03-04,63.05,7.68,29.27,54,6708595,72.14,170,6133372,65.96,170,4475876,48.13,228,746262,8.02
2022-03-05,63.04,7.69,29.27,5,6708600,72.14,25,6133397,65.96,44,4475920,48.13,32,746294,8.03
2022-03-06,63.04,7.69,29.27,98,6708698,72.14,259,6133656,65.96,417,4476337,48.14,760,747054,8.03
2022-03-07,63.05,7.69,29.26,88,6708786,72.14,260,6133916,65.96,354,4476691,48.14,605,747659,8.04
2022-03-08,63.04,7.7,29.26,100,6708886,72.14,263,6134179,65.96,333,4477024,48.14,550,748209,8.05
2022-03-09,63.02,7.72,29.25,89,6708975,72.15,213,6134392,65.97,337,4477361,48.15,492,748701,8.05
2022-03-10,63.01,7.74,29.25,115,6709090,72.15,375,6134767,65.97,428,4477789,48.15,620,749321,8.06
2022-03-11,63,7.75,29.25,24,6709114,72.15,85,6134852,65.97,123,4477912,48.15,144,749465,8.06
2022-03-12,62.98,7.77,29.24,11,6709125,72.15,12,6134864,65.97,34,4477946,48.15,28,749493,8.06
2022-03-13,62.98,7.78,29.24,100,6709225,72.15,271,6135135,65.97,359,4478305,48.16,595,750088,8.07
2022-03-14,62.98,7.78,29.24,66,6709291,72.15,253,6135388,65.98,316,4478621,48.16,559,750647,8.07
2022-03-15,62.95,7.81,29.24,80,6709371,72.15,185,6135573,65.98,293,4478914,48.16,591,751238,8.08
2022-03-16,62.94,7.82,29.24,77,6709448,72.15,205,6135778,65.98,305,4479219,48.17,668,751906,8.09
2022-03-17,62.94,7.82,29.24,65,6709513,72.15,122,6135900,65.98,286,4479505,48.17,613,752519,8.09
2022-03-18,62.94,7.82,29.24,20,6709533,72.15,54,6135954,65.98,100,4479605,48.17,234,752753,8.09
2022-03-19,62.89,7.88,29.23,6,6709539,72.15,11,6135965,65.98,29,4479634,48.17,39,752792,8.1
2022-03-20,62.87,7.89,29.23,120,6709659,72.15,260,6136225,65.99,486,4480120,48.18,1431,754223,8.11
2022-03-21,62.87,7.9,29.23,97,6709756,72.15,249,6136474,65.99,379,4480499,48.18,1132,755355,8.12
2022-03-22,62.84,7.94,29.23,141,6709897,72.15,342,6136816,65.99,508,4481007,48.19,1770,757125,8.14
2022-03-23,62.81,7.97,29.22,108,6710005,72.16,212,6137028,65.99,463,4481470,48.19,1677,758802,8.16
2022-03-24,62.78,8,29.22,175,6710180,72.16,345,6137373,66,769,4482239,48.2,2363,761165,8.19
2022-03-25,62.78,8,29.23,39,6710219,72.16,83,6137456,66,159,4482398,48.2,630,761795,8.19
2022-03-26,62.77,8,29.22,12,6710231,72.16,13,6137469,66,34,4482432,48.2,91,761886,8.19
2022-03-27,62.75,8.02,29.22,168,6710399,72.16,344,6137813,66,760,4483192,48.21,3193,765079,8.23
2022-03-28,62.75,8.03,29.22,113,6710512,72.16,272,6138085,66.01,623,4483815,48.22,2416,767495,8.25
2022-03-29,62.7,8.07,29.22,126,6710638,72.16,260,6138345,66.01,641,4484456,48.22,2772,770267,8.28
2022-03-30,62.81,8.11,29.07,132,6710770,72.16,208,6138553,66.01,542,4484998,48.23,2371,772638,8.31
2022-03-31,62.79,8.11,29.1,166,6710936,72.17,302,6138855,66.01,732,4485730,48.24,2853,775491,8.34
2022-04-01,62.72,8.13,29.15,122,6711058,72.17,161,6139016,66.02,277,4486007,48.24,589,776080,8.35
2022-04-02,62.69,8.15,29.16,7,6711065,72.17,7,6139023,66.02,37,4486044,48.24,52,776132,8.35
2022-04-03,62.65,8.16,29.19,159,6711224,72.17,270,6139293,66.02,569,4486613,48.25,2478,778610,8.37
2022-04-04,62.62,8.16,29.22,103,6711327,72.17,208,6139501,66.02,485,4487098,48.25,2225,780835,8.4
2022-04-05,62.57,8.19,29.25,123,6711450,72.17,221,6139722,66.02,513,4487611,48.26,2243,783078,8.42
2022-04-06,62.55,8.2,29.25,91,6711541,72.17,157,6139879,66.03,382,4487993,48.26,2023,785101,8.44
2022-04-07,62.56,8.2,29.24,191,6711732,72.17,215,6140094,66.03,641,4488634,48.27,2556,787657,8.47
2022-04-08,62.54,8.22,29.23,30,6711762,72.17,61,6140155,66.03,154,4488788,48.27,482,788139,8.48
2022-04-09,62.52,8.25,29.23,6,6711768,72.17,17,6140172,66.03,28,4488816,48.27,47,788186,8.48
2022-04-10,62.51,8.26,29.23,103,6711871,72.18,265,6140437,66.03,429,4489245,48.28,1845,790031,8.5
2022-04-11,62.54,8.26,29.2,78,6711949,72.18,201,6140638,66.03,371,4489616,48.28,1425,791456,8.51
2022-04-12,62.58,8.29,29.12,204,6712153,72.18,168,6140806,66.04,376,4489992,48.28,1361,792817,8.53
2022-04-13,62.58,8.31,29.1,117,6712270,72.18,150,6140956,66.04,299,4490291,48.29,1218,794035,8.54
2022-04-14,62.57,8.33,29.1,85,6712355,72.18,222,6141178,66.04,321,4490612,48.29,1069,795104,8.55
2022-04-15,62.55,8.35,29.1,10,6712365,72.18,51,6141229,66.04,48,4490660,48.29,82,795186,8.55
2022-04-16,62.53,8.37,29.1,3,6712368,72.18,8,6141237,66.04,21,4490681,48.29,29,795215,8.55
2022-04-17,62.52,8.38,29.1,62,6712430,72.18,131,6141368,66.04,229,4490910,48.29,807,796022,8.56
2022-04-18,62.51,8.38,29.1,68,6712498,72.18,109,6141477,66.04,253,4491163,48.3,750,796772,8.57
2022-04-19,62.5,8.4,29.1,62,6712560,72.18,145,6141622,66.04,273,4491436,48.3,842,797614,8.58
2022-04-20,62.48,8.42,29.1,60,6712620,72.18,117,6141739,66.05,235,4491671,48.3,656,798270,8.58
2022-04-21,62.47,8.43,29.1,53,6712673,72.18,109,6141848,66.05,197,4491868,48.3,480,798750,8.59
2022-04-22,62.45,8.44,29.11,3,6712676,72.18,17,6141865,66.05,19,4491887,48.3,20,798770,8.59
2022-04-23,62.43,8.46,29.11,6,6712682,72.18,9,6141874,66.05,17,4491904,48.3,13,798783,8.59
2022-04-24,62.43,8.47,29.1,92,6712774,72.19,250,6142124,66.05,329,4492233,48.31,872,799655,8.6
2022-04-25,62.43,8.47,29.1,104,6712878,72.19,193,6142317,66.05,316,4492549,48.31,739,800394,8.61
2022-04-26,62.42,8.48,29.1,76,6712954,72.19,175,6142492,66.05,304,4492853,48.31,789,801183,8.62
2022-04-27,62.41,8.49,29.1,54,6713008,72.19,160,6142652,66.06,227,4493080,48.32,640,801823,8.62
2022-04-28,62.41,8.5,29.1,97,6713105,72.19,232,6142884,66.06,329,4493409,48.32,872,802695,8.63
2022-04-29,62.39,8.51,29.1,112,6713217,72.19,159,6143043,66.06,184,4493593,48.32,196,802891,8.63
2022-04-30,62.38,8.52,29.1,1,6713218,72.19,3,6143046,66.06,24,4493617,48.32,22,802913,8.63
2022-05-01,62.38,8.53,29.09,135,6713353,72.19,185,6143231,66.06,317,4493934,48.33,630,803543,8.64
2022-05-02,62.37,8.54,29.09,62,6713415,72.19,155,6143386,66.06,235,4494169,48.33,491,804034,8.65
2022-05-03,62.36,8.55,29.09,73,6713488,72.19,151,6143537,66.06,288,4494457,48.33,508,804542,8.65
2022-05-04,62.35,8.57,29.08,23,6713511,72.19,56,6143593,66.07,63,4494520,48.33,129,804671,8.65
2022-05-05,62.34,8.58,29.08,5,6713516,72.19,1,6143594,66.07,8,4494528,48.33,14,804685,8.65
2022-05-06,62.33,8.59,29.08,20,6713536,72.19,59,6143653,66.07,63,4494591,48.33,154,804839,8.65
2022-05-07,62.32,8.6,29.08,1,6713537,72.19,7,6143660,66.07,27,4494618,48.33,24,804863,8.66
2022-05-08,62.31,8.61,29.08,118,6713655,72.2,207,6143867,66.07,270,4494888,48.34,457,805320,8.66
2022-05-09,62.31,8.61,29.08,59,6713714,72.2,162,6144029,66.07,253,4495141,48.34,505,805825,8.67
2022-05-10,62.3,8.62,29.08,131,6713845,72.2,169,6144198,66.07,261,4495402,48.34,508,806333,8.67
2022-05-11,62.3,8.63,29.08,58,6713903,72.2,118,6144316,66.07,183,4495585,48.34,464,806797,8.68
2022-05-12,62.29,8.64,29.07,119,6714022,72.2,200,6144516,66.08,282,4495867,48.35,667,807464,8.68
2022-05-13,62.28,8.65,29.07,11,6714033,72.2,44,6144560,66.08,71,4495938,48.35,110,807574,8.68
2022-05-14,62.26,8.66,29.07,6,6714039,72.2,13,6144573,66.08,14,4495952,48.35,24,807598,8.68
2022-05-15,62.26,8.67,29.07,90,6714129,72.2,175,6144748,66.08,246,4496198,48.35,665,808263,8.69
2022-05-16,62.19,8.65,29.16,68,6714197,72.2,141,6144889,66.08,230,4496428,48.35,510,808773,8.7
2022-05-17,62.18,8.66,29.16,73,6714270,72.2,153,6145042,66.08,267,4496695,48.36,618,809391,8.7
2022-05-18,62.17,8.67,29.16,43,6714313,72.2,99,6145141,66.08,169,4496864,48.36,447,809838,8.71
2022-05-19,62.16,8.68,29.16,62,6714375,72.2,173,6145314,66.08,213,4497077,48.36,499,810337,8.71
2022-05-20,62.15,8.69,29.16,76,6714451,72.2,114,6145428,66.08,130,4497207,48.36,138,810475,8.72
2022-05-21,62.14,8.7,29.16,4,6714455,72.2,7,6145435,66.09,15,4497222,48.36,18,810493,8.72
2022-05-22,62.14,8.71,29.16,85,6714540,72.2,190,6145625,66.09,216,4497438,48.36,427,810920,8.72
2022-05-23,62.14,8.71,29.16,66,6714606,72.21,120,6145745,66.09,157,4497595,48.36,351,811271,8.72
2022-05-24,62.13,8.71,29.15,43,6714649,72.21,119,6145864,66.09,157,4497752,48.37,394,811665,8.73
2022-05-25,62.12,8.72,29.15,61,6714710,72.21,103,6145967,66.09,168,4497920,48.37,337,812002,8.73
2022-05-26,62.11,8.73,29.16,72,6714782,72.21,136,6146103,66.09,186,4498106,48.37,347,812349,8.74
2022-05-27,62.1,8.74,29.16,12,6714794,72.21,30,6146133,66.09,43,4498149,48.37,59,812408,8.74
2022-05-28,62.09,8.75,29.16,2,6714796,72.21,5,6146138,66.09,8,4498157,48.37,12,812420,8.74
2022-05-29,62.09,8.75,29.16,89,6714885,72.21,153,6146291,66.09,163,4498320,48.37,316,812736,8.74
2022-05-30,62.09,8.76,29.16,56,6714941,72.21,134,6146425,66.1,126,4498446,48.37,291,813027,8.74
2022-05-31,62.07,8.78,29.15,45,6714986,72.21,104,6146529,66.1,153,4498599,48.38,351,813378,8.75
2022-06-01,61.95,8.9,29.16,65,6715051,72.21,90,6146619,66.1,119,4498718,48.38,277,813655,8.75
2022-06-02,45.96,24.88,29.15,77,6715128,72.21,156,6146775,66.1,178,4498896,48.38,255,813910,8.75
2022-06-03,45.9,24.95,29.16,10,6715138,72.21,23,6146798,66.1,21,4498917,48.38,33,813943,8.75
2022-06-04,45.84,25,29.16,0,6715138,72.21,7,6146805,66.1,8,4498925,48.38,5,813948,8.75
2022-06-05,45.8,25.05,29.16,11,6715149,72.21,14,6146819,66.1,7,4498932,48.38,2,813950,8.75
2022-06-06,39.96,30.89,29.16,58,6715207,72.21,145,6146964,66.1,161,4499093,48.38,262,814212,8.76
2022-06-07,39.92,30.93,29.15,54,6715261,72.21,134,6147098,66.1,142,4499235,48.38,379,814591,8.76
2022-06-08,39.89,30.96,29.15,59,6715320,72.21,104,6147202,66.1,131,4499366,48.38,497,815088,8.77
2022-06-09,39.86,30.99,29.15,84,6715404,72.21,208,6147410,66.11,234,4499600,48.39,642,815730,8.77
2022-06-10,39.83,31.02,29.15,15,6715419,72.21,51,6147461,66.11,60,4499660,48.39,142,815872,8.77
2022-06-11,39.8,31.05,29.15,0,6715419,72.21,3,6147464,66.11,7,4499667,48.39,19,815891,8.77
2022-06-12,39.8,31.05,29.15,109,6715528,72.22,200,6147664,66.11,192,4499859,48.39,768,816659,8.78
2022-06-13,39.81,31.04,29.15,84,6715612,72.22,142,6147806,66.11,168,4500027,48.39,626,817285,8.79
2022-06-14,39.79,31.06,29.15,116,6715728,72.22,174,6147980,66.11,208,4500235,48.39,759,818044,8.8
2022-06-15,39.78,31.08,29.15,71,6715799,72.22,141,6148121,66.11,207,4500442,48.4,700,818744,8.8
2022-06-16,39.74,31.11,29.14,94,6715893,72.22,136,6148257,66.12,218,4500660,48.4,742,819486,8.81
2022-06-17,39.72,31.14,29.15,16,6715909,72.22,63,6148320,66.12,53,4500713,48.4,125,819611,8.81
2022-06-18,39.68,31.17,29.14,3,6715912,72.22,4,6148324,66.12,11,4500724,48.4,15,819626,8.81
2022-06-19,39.53,31.33,29.15,115,6716027,72.22,208,6148532,66.12,318,4501042,48.4,877,820503,8.82
2022-06-20,33.92,36.85,29.23,99,6716126,72.22,152,6148684,66.12,307,4501349,48.41,922,821425,8.83
2022-06-21,33.58,37.19,29.23,94,6716220,72.22,154,6148838,66.12,375,4501724,48.41,1229,822654,8.85
2022-06-22,33.28,37.49,29.23,110,6716330,72.22,136,6148974,66.12,339,4502063,48.41,894,823548,8.86
2022-06-23,32.84,37.92,29.23,132,6716462,72.23,217,6149191,66.13,525,4502588,48.42,1146,824694,8.87
2022-06-24,32.43,38.34,29.24,19,6716481,72.23,35,6149226,66.13,110,4502698,48.42,208,824902,8.87
2022-06-25,32.04,38.72,29.24,1,6716482,72.23,3,6149229,66.13,13,4502711,48.42,16,824918,8.87
2022-06-26,31.63,39.13,29.24,107,6716589,72.23,158,6149387,66.13,379,4503090,48.42,933,825851,8.88
2022-06-27,31.29,39.47,29.24,86,6716675,72.23,172,6149559,66.13,392,4503482,48.43,1028,826879,8.89
2022-06-28,30.86,39.91,29.24,85,6716760,72.23,151,6149710,66.13,363,4503845,48.43,932,827811,8.9
2022-06-29,30.48,40.28,29.24,76,6716836,72.23,108,6149818,66.13,265,4504110,48.44,816,828627,8.91
2022-06-30,30.05,40.71,29.24,86,6716922,72.23,165,6149983,66.13,355,4504465,48.44,1062,829689,8.92
2022-07-01,29.62,41.14,29.24,22,6716944,72.23,28,6150011,66.13,55,4504520,48.44,80,829769,8.92
2022-07-02,29.2,41.56,29.24,1,6716945,72.23,2,6150013,66.13,8,4504528,48.44,18,829787,8.92
2022-07-03,28.81,41.95,29.24,100,6717045,72.23,178,6150191,66.14,322,4504850,48.44,636,830423,8.93
2022-07-04,28.5,42.26,29.24,76,6717121,72.23,140,6150331,66.14,278,4505128,48.45,749,831172,8.94
2022-07-05,28.06,42.7,29.24,59,6717180,72.23,142,6150473,66.14,302,4505430,48.45,688,831860,8.95
2022-07-06,27.39,43.37,29.24,78,6717258,72.23,124,6150597,66.14,211,4505641,48.45,646,832506,8.95
2022-07-07,26.48,44.28,29.24,82,6717340,72.23,165,6150762,66.14,267,4505908,48.45,721,833227,8.96
2022-07-08,25.47,45.29,29.24,17,6717357,72.24,33,6150795,66.14,69,4505977,48.46,131,833358,8.96
2022-07-09,24.42,46.34,29.24,0,6717357,72.24,1,6150796,66.14,3,4505980,48.46,3,833361,8.96
2022-07-10,23.77,46.99,29.24,90,6717447,72.24,164,6150960,66.14,229,4506209,48.46,470,833831,8.97
2022-07-11,23.22,47.54,29.24,64,6717511,72.24,142,6151102,66.15,248,4506457,48.46,575,834406,8.97
2022-07-12,22.13,48.63,29.24,69,6717580,72.24,129,6151231,66.15,207,4506664,48.46,558,834964,8.98
2022-07-13,21.1,49.66,29.24,43,6717623,72.24,101,6151332,66.15,165,4506829,48.46,488,835452,8.98
2022-07-14,20.12,50.63,29.24,70,6717693,72.24,147,6151479,66.15,208,4507037,48.47,513,835965,8.99
2022-07-15,19.27,51.48,29.25,64,6717757,72.24,88,6151567,66.15,127,4507164,48.47,168,836133,8.99
2022-07-16,18.29,52.46,29.25,0,6717757,72.24,6,6151573,66.15,7,4507171,48.47,8,836141,8.99
2022-07-17,17.83,52.92,29.25,77,6717834,72.24,183,6151756,66.15,241,4507412,48.47,468,836609,9
2022-07-18,17.48,53.26,29.26,62,6717896,72.24,158,6151914,66.15,207,4507619,48.47,511,837120,9
2022-07-19,16.77,53.97,29.26,62,6717958,72.24,147,6152061,66.16,174,4507793,48.47,368,837488,9.01
2022-07-20,16.09,54.64,29.26,51,6718009,72.24,134,6152195,66.16,137,4507930,48.48,423,837911,9.01
2022-07-21,15.43,55.3,29.27,62,6718071,72.24,160,6152355,66.16,176,4508106,48.48,341,838252,9.01
2022-07-22,14.64,56.08,29.28,10,6718081,72.24,36,6152391,66.16,43,4508149,48.48,56,838308,9.01
2022-07-23,14.17,56.55,29.28,0,6718081,72.24,4,6152395,66.16,4,4508153,48.48,9,838317,9.01
2022-07-24,13.55,57.16,29.29,58,6718139,72.24,128,6152523,66.16,197,4508350,48.48,364,838681,9.02
2022-07-25,13.09,57.61,29.3,48,6718187,72.24,107,6152630,66.16,172,4508522,48.48,336,839017,9.02
2022-07-26,12.46,58.23,29.3,47,6718234,72.24,99,6152729,66.16,111,4508633,48.48,270,839287,9.03
2022-07-27,11.89,58.8,29.31,44,6718278,72.25,125,6152854,66.16,132,4508765,48.48,243,839530,9.03
2022-07-28,11.35,59.34,29.31,62,6718340,72.25,143,6152997,66.17,148,4508913,48.49,221,839751,9.03
2022-07-29,10.85,59.83,29.32,10,6718350,72.25,25,6153022,66.17,27,4508940,48.49,31,839782,9.03
2022-07-30,10.34,60.33,29.33,0,6718350,72.25,0,6153022,66.17,1,4508941,48.49,1,839783,9.03
2022-07-31,9.97,60.7,29.33,56,6718406,72.25,134,6153156,66.17,131,4509072,48.49,252,840035,9.03
2022-08-01,9.47,61.19,29.34,54,6718460,72.25,76,6153232,66.17,92,4509164,48.49,152,840187,9.04
2022-08-02,8.92,61.73,29.35,111,6718571,72.25,119,6153351,66.17,157,4509321,48.49,264,840451,9.04
2022-08-03,8.46,62.19,29.35,76,6718647,72.25,71,6153422,66.17,92,4509413,48.49,181,840632,9.04
2022-08-04,8.04,62.61,29.36,133,6718780,72.25,133,6153555,66.17,111,4509524,48.49,246,840878,9.04
2022-08-05,7.71,62.93,29.36,31,6718811,72.25,23,6153578,66.17,13,4509537,48.49,24,840902,9.04
2022-08-06,7.32,63.32,29.36,1,6718812,72.25,2,6153580,66.17,3,4509540,48.49,5,840907,9.04
2022-08-07,6.92,63.71,29.37,89,6718901,72.25,97,6153677,66.17,69,4509609,48.49,169,841076,9.04
2022-08-08,6.74,63.89,29.37,109,6719010,72.25,92,6153769,66.17,92,4509701,48.5,172,841248,9.05
2022-08-09,6.25,64.37,29.38,96,6719106,72.25,90,6153859,66.18,99,4509800,48.5,213,841461,9.05
2022-08-10,5.91,64.71,29.38,77,6719183,72.25,60,6153919,66.18,76,4509876,48.5,115,841576,9.05
2022-08-11,5.59,65.03,29.38,54,6719237,72.26,101,6154020,66.18,91,4509967,48.5,156,841732,9.05
2022-08-12,5.35,65.27,29.38,8,6719245,72.26,12,6154032,66.18,18,4509985,48.5,29,841761,9.05
2022-08-13,5.1,65.52,29.38,0,6719245,72.26,2,6154034,66.18,2,4509987,48.5,3,841764,9.05
2022-08-14,4.87,65.75,29.39,74,6719319,72.26,75,6154109,66.18,82,4510069,48.5,150,841914,9.05
2022-08-15,4.74,65.87,29.39,69,6719388,72.26,80,6154189,66.18,92,4510161,48.5,144,842058,9.06
2022-08-16,4.46,66.15,29.39,82,6719470,72.26,84,6154273,66.18,84,4510245,48.5,187,842245,9.06
2022-08-17,4.16,66.44,29.39,46,6719516,72.26,56,6154329,66.18,36,4510281,48.5,116,842361,9.06
2022-08-18,3.98,66.63,29.39,70,6719586,72.26,93,6154422,66.18,120,4510401,48.5,173,842534,9.06
2022-08-19,3.83,66.78,29.39,79,6719665,72.26,67,6154489,66.18,56,4510457,48.5,38,842572,9.06
2022-08-20,3.67,66.94,29.39,1,6719666,72.26,1,6154490,66.18,3,4510460,48.5,3,842575,9.06
2022-08-21,3.52,67.08,29.4,52,6719718,72.26,85,6154575,66.18,84,4510544,48.5,197,842772,9.06
2022-08-22,3.44,67.16,29.4,89,6719807,72.26,74,6154649,66.18,103,4510647,48.51,144,842916,9.06
2022-08-23,3.27,67.33,29.4,72,6719879,72.26,106,6154755,66.19,84,4510731,48.51,180,843096,9.07
2022-08-24,3.15,67.46,29.4,38,6719917,72.26,80,6154835,66.19,49,4510780,48.51,133,843229,9.07
2022-08-25,3.03,67.57,29.4,53,6719970,72.26,75,6154910,66.19,98,4510878,48.51,193,843422,9.07
2022-08-26,2.94,67.66,29.4,4,6719974,72.26,15,6154925,66.19,9,4510887,48.51,14,843436,9.07
2022-08-27,2.84,67.76,29.4,0,6719974,72.26,0,6154925,66.19,0,4510887,48.51,0,843436,9.07
2022-08-28,2.75,67.85,29.4,55,6720029,72.26,80,6155005,66.19,85,4510972,48.51,102,843538,9.07
2022-08-29,2.69,67.91,29.4,48,6720077,72.26,68,6155073,66.19,89,4511061,48.51,107,843645,9.07
2022-08-30,2.6,68,29.4,85,6720162,72.27,113,6155186,66.19,85,4511146,48.51,131,843776,9.07
2022-08-31,2.53,68.07,29.4,42,6720204,72.27,89,6155275,66.19,70,4511216,48.51,96,843872,9.07
2022-09-01,2.46,68.14,29.4,29,6720233,72.27,84,6155359,66.19,58,4511274,48.51,113,843985,9.08
2022-09-02,2.4,68.2,29.4,6,6720239,72.27,20,6155379,66.19,13,4511287,48.51,10,843995,9.08
2022-09-03,2.33,68.27,29.4,2,6720241,72.27,0,6155379,66.19,3,4511290,48.51,1,843996,9.08
2022-09-04,2.27,68.32,29.4,64,6720305,72.27,133,6155512,66.19,80,4511370,48.51,121,844117,9.08
2022-09-05,2.23,68.37,29.4,44,6720349,72.27,77,6155589,66.19,58,4511428,48.51,90,844207,9.08
2022-09-06,2.17,68.42,29.4,60,6720409,72.27,104,6155693,66.2,78,4511506,48.51,130,844337,9.08
2022-09-07,2.12,68.47,29.4,28,6720437,72.27,63,6155756,66.2,53,4511559,48.52,95,844432,9.08
2022-09-08,2.07,68.53,29.4,50,6720487,72.27,103,6155859,66.2,70,4511629,48.52,77,844509,9.08
2022-09-09,2.03,68.57,29.4,10,6720497,72.27,21,6155880,66.2,16,4511645,48.52,17,844526,9.08
2022-09-10,1.97,68.62,29.4,1,6720498,72.27,0,6155880,66.2,5,4511650,48.52,2,844528,9.08
2022-09-11,1.92,68.67,29.41,39,6720537,72.27,117,6155997,66.2,78,4511728,48.52,116,844644,9.08
2022-09-12,1.88,68.71,29.41,24,6720561,72.27,72,6156069,66.2,52,4511780,48.52,68,844712,9.08
2022-09-13,1.82,68.77,29.41,44,6720605,72.27,113,6156182,66.2,54,4511834,48.52,103,844815,9.08
2022-09-14,1.78,68.82,29.41,21,6720626,72.27,64,6156246,66.2,54,4511888,48.52,62,844877,9.09
2022-09-15,1.73,68.86,29.41,32,6720658,72.27,77,6156323,66.2,63,4511951,48.52,107,844984,9.09
2022-09-16,1.7,68.89,29.41,51,6720709,72.27,52,6156375,66.2,27,4511978,48.52,28,845012,9.09
2022-09-17,1.66,68.93,29.41,3,6720712,72.27,0,6156375,66.2,1,4511979,48.52,0,845012,9.09
2022-09-18,1.63,68.96,29.41,28,6720740,72.27,66,6156441,66.2,52,4512031,48.52,115,845127,9.09
2022-09-19,1.61,68.98,29.41,28,6720768,72.27,74,6156515,66.2,44,4512075,48.52,57,845184,9.09
2022-09-20,1.56,69.03,29.41,41,6720809,72.27,93,6156608,66.21,75,4512150,48.52,102,845286,9.09
2022-09-21,1.55,69.05,29.41,22,6720831,72.27,54,6156662,66.21,29,4512179,48.52,56,845342,9.09
2022-09-22,1.52,69.07,29.4,42,6720873,72.27,56,6156718,66.21,27,4512206,48.52,41,845383,9.09
2022-09-23,1.5,69.1,29.41,7,6720880,72.27,11,6156729,66.21,4,4512210,48.52,1,845384,9.09
2022-09-24,1.47,69.13,29.41,0,6720880,72.27,0,6156729,66.21,1,4512211,48.52,0,845384,9.09
2022-09-25,1.46,69.13,29.41,5,6720885,72.27,20,6156749,66.21,10,4512221,48.52,27,845411,9.09
2022-09-26,1.46,69.13,29.41,0,6720885,72.27,5,6156754,66.21,3,4512224,48.52,2,845413,9.09
2022-09-27,1.42,69.17,29.41,2,6720887,72.27,0,6156754,66.21,3,4512227,48.52,3,845416,9.09
2022-09-28,1.39,69.21,29.41,24,6720911,72.27,36,6156790,66.21,25,4512252,48.52,17,845433,9.09
2022-09-29,1.37,69.22,29.41,32,6720943,72.27,61,6156851,66.21,13,4512265,48.52,48,845481,9.09
2022-09-30,1.35,69.24,29.41,4,6720947,72.27,12,6156863,66.21,2,4512267,48.52,0,845481,9.09
2022-10-01,1.31,69.29,29.41,0,6720947,72.27,1,6156864,66.21,1,4512268,48.52,1,845482,9.09
2022-10-02,1.31,69.29,29.41,28,6720975,72.27,51,6156915,66.21,20,4512288,48.52,73,845555,9.09
2022-10-03,1.31,69.28,29.4,23,6720998,72.27,29,6156944,66.21,13,4512301,48.52,12,845567,9.09
2022-10-04,1.27,69.32,29.4,7,6721005,72.27,11,6156955,66.21,0,4512301,48.52,2,845569,9.09
2022-10-05,1.28,69.31,29.4,1,6721006,72.27,0,6156955,66.21,0,4512301,48.52,1,845570,9.09
2022-10-06,1.31,69.28,29.4,17,6721023,72.27,43,6156998,66.21,10,4512311,48.52,20,845590,9.09
2022-10-07,1.3,69.29,29.41,3,6721026,72.27,3,6157001,66.21,4,4512315,48.52,0,845590,9.09
2022-10-08,1.26,69.33,29.41,1,6721027,72.27,1,6157002,66.21,0,4512315,48.52,1,845591,9.09
2022-10-09,1.31,69.28,29.41,7,6721034,72.27,22,6157024,66.21,6,4512321,48.52,5,845596,9.09
2022-10-10,1.38,69.22,29.4,5,6721039,72.27,2,6157026,66.21,0,4512321,48.52,0,845596,9.09
2022-10-11,1.36,69.24,29.4,12,6721051,72.27,32,6157058,66.21,1,4512322,48.52,32,845628,9.09
2022-10-12,1.34,69.26,29.4,13,6721064,72.28,24,6157082,66.21,5,4512327,48.52,4,845632,9.09
2022-10-13,1.4,69.2,29.4,17,6721081,72.28,16,6157098,66.21,5,4512332,48.52,9,845641,9.09
2022-10-14,1.4,69.2,29.4,6,6721087,72.28,7,6157105,66.21,4,4512336,48.52,3,845644,9.09
2022-10-15,1.38,69.22,29.4,0,6721087,72.28,1,6157106,66.21,0,4512336,48.52,1,845645,9.09
2022-10-16,1.39,69.2,29.4,5,6721092,72.28,13,6157119,66.21,5,4512341,48.52,8,845653,9.09
2022-10-17,1.39,69.2,29.4,1,6721093,72.28,1,6157120,66.21,4,4512345,48.52,1,845654,9.09
2022-10-18,1.43,69.17,29.4,24,6721117,72.28,31,6157151,66.21,14,4512359,48.52,16,845670,9.09
2022-10-19,1.47,69.12,29.4,18,6721135,72.28,25,6157176,66.21,7,4512366,48.52,3,845673,9.09
2022-10-20,1.5,69.1,29.4,26,6721161,72.28,44,6157220,66.21,12,4512378,48.52,4,845677,9.09
2022-10-21,1.5,69.09,29.4,4,6721165,72.28,7,6157227,66.21,2,4512380,48.52,4,845681,9.09
2022-10-22,1.49,69.1,29.4,0,6721165,72.28,0,6157227,66.21,0,4512380,48.52,0,845681,9.09
2022-10-23,1.51,69.08,29.4,15,6721180,72.28,33,6157260,66.21,18,4512398,48.52,10,845691,9.09
2022-10-24,1.51,69.08,29.41,20,6721200,72.28,16,6157276,66.21,19,4512417,48.52,9,845700,9.09
2022-10-25,1.55,69.04,29.4,18,6721218,72.28,34,6157310,66.21,23,4512440,48.52,21,845721,9.09
2022-10-26,1.61,68.99,29.4,18,6721236,72.28,25,6157335,66.21,8,4512448,48.52,10,845731,9.09
2022-10-27,1.67,68.93,29.4,17,6721253,72.28,27,6157362,66.21,14,4512462,48.52,17,845748,9.09
2022-10-28,1.67,68.93,29.4,60,6721313,72.28,51,6157413,66.21,31,4512493,48.53,18,845766,9.1
2022-10-29,1.66,68.94,29.4,0,6721313,72.28,0,6157413,66.21,0,4512493,48.53,0,845766,9.1
2022-10-30,1.71,68.89,29.4,15,6721328,72.28,23,6157436,66.21,15,4512508,48.53,9,845775,9.1
2022-10-31,1.76,68.84,29.4,17,6721345,72.28,16,6157452,66.21,8,4512516,48.53,10,845785,9.1
2022-11-01,1.82,68.78,29.4,3,6721348,72.28,1,6157453,66.21,1,4512517,48.53,0,845785,9.1
2022-11-02,1.88,68.72,29.4,14,6721362,72.28,14,6157467,66.21,7,4512524,48.53,8,845793,9.1
2022-11-03,1.96,68.64,29.4,17,6721379,72.28,18,6157485,66.21,11,4512535,48.53,8,845801,9.1
2022-11-04,1.98,68.63,29.4,4,6721383,72.28,6,6157491,66.21,1,4512536,48.53,2,845803,9.1
2022-11-05,1.97,68.63,29.4,0,6721383,72.28,0,6157491,66.21,0,4512536,48.53,0,845803,9.1
2022-11-06,2.03,68.57,29.4,27,6721410,72.28,33,6157524,66.22,11,4512547,48.53,23,845826,9.1
2022-11-07,2.1,68.51,29.4,15,6721425,72.28,11,6157535,66.22,10,4512557,48.53,54,845880,9.1
2022-11-08,2.1,68.5,29.4,28,6721453,72.28,26,6157561,66.22,14,4512571,48.53,9,845889,9.1
2022-11-09,2.16,68.45,29.4,16,6721469,72.28,20,6157581,66.22,17,4512588,48.53,9,845898,9.1
2022-11-10,2.22,68.39,29.4,28,6721497,72.28,17,6157598,66.22,12,4512600,48.53,6,845904,9.1
2022-11-11,2.23,68.37,29.4,1,6721498,72.28,17,6157615,66.22,2,4512602,48.53,1,845905,9.1
2022-11-12,2.22,68.38,29.4,1,6721499,72.28,0,6157615,66.22,2,4512604,48.53,0,845905,9.1
2022-11-13,2.29,68.31,29.4,29,6721528,72.28,31,6157646,66.22,17,4512621,48.53,8,845913,9.1
2022-11-14,2.37,68.23,29.4,20,6721548,72.28,17,6157663,66.22,21,4512642,48.53,16,845929,9.1
2022-11-15,2.43,68.17,29.4,40,6721588,72.28,25,6157688,66.22,16,4512658,48.53,18,845947,9.1
2022-11-16,2.5,68.1,29.4,14,6721602,72.28,27,6157715,66.22,16,4512674,48.53,11,845958,9.1
2022-11-17,2.59,68.02,29.4,19,6721621,72.28,33,6157748,66.22,18,4512692,48.53,5,845963,9.1
2022-11-18,2.61,67.99,29.4,6,6721627,72.28,4,6157752,66.22,4,4512696,48.53,0,845963,9.1
2022-11-19,2.6,68,29.4,0,6721627,72.28,0,6157752,66.22,0,4512696,48.53,0,845963,9.1
2022-11-20,2.67,67.93,29.4,19,6721646,72.28,20,6157772,66.22,6,4512702,48.53,13,845976,9.1
2022-11-21,2.76,67.85,29.4,14,6721660,72.28,13,6157785,66.22,6,4512708,48.53,7,845983,9.1
2022-11-22,2.83,67.77,29.4,27,6721687,72.28,13,6157798,66.22,17,4512725,48.53,6,845989,9.1
2022-11-23,2.9,67.7,29.4,17,6721704,72.28,21,6157819,66.22,4,4512729,48.53,8,845997,9.1
2022-11-24,2.98,67.62,29.4,9,6721713,72.28,16,6157835,66.22,13,4512742,48.53,27,846024,9.1
2022-11-25,3,67.6,29.4,12,6721725,72.28,51,6157886,66.22,14,4512756,48.53,12,846036,9.1
2022-11-26,3,67.61,29.4,0,6721725,72.28,2,6157888,66.22,0,4512756,48.53,0,846036,9.1
2022-11-27,3.06,67.54,29.4,14,6721739,72.28,15,6157903,66.22,19,4512775,48.53,2,846038,9.1
2022-11-28,3.14,67.47,29.4,8,6721747,72.28,23,6157926,66.22,8,4512783,48.53,6,846044,9.1
2022-11-29,3.2,67.4,29.4,38,6721785,72.28,31,6157957,66.22,19,4512802,48.53,14,846058,9.1
2022-11-30,3.27,67.34,29.39,12,6721797,72.28,25,6157982,66.22,20,4512822,48.53,8,846066,9.1
2022-12-01,3.34,67.26,29.39,13,6721810,72.28,18,6158000,66.22,15,4512837,48.53,4,846070,9.1
2022-12-02,3.36,67.24,29.39,2,6721812,72.28,7,6158007,66.22,4,4512841,48.53,10,846080,9.1
2022-12-03,3.36,67.24,29.39,0,6721812,72.28,0,6158007,66.22,0,4512841,48.53,1,846081,9.1
2022-12-04,3.42,67.18,29.39,38,6721850,72.28,27,6158034,66.22,30,4512871,48.53,26,846107,9.1
2022-12-05,3.48,67.12,29.4,9,6721859,72.28,17,6158051,66.22,11,4512882,48.53,21,846128,9.1
2022-12-06,3.55,67.06,29.39,32,6721891,72.28,26,6158077,66.22,27,4512909,48.53,8,846136,9.1
2022-12-07,3.62,66.99,29.39,10,6721901,72.28,17,6158094,66.22,8,4512917,48.53,8,846144,9.1
2022-12-08,3.69,66.91,29.39,19,6721920,72.28,31,6158125,66.22,15,4512932,48.53,3,846147,9.1
2022-12-09,3.71,66.9,29.39,4,6721924,72.28,1,6158126,66.22,1,4512933,48.53,7,846154,9.1
2022-12-10,3.7,66.91,29.39,1,6721925,72.28,0,6158126,66.22,2,4512935,48.53,0,846154,9.1
2022-12-11,3.76,66.84,29.39,16,6721941,72.28,22,6158148,66.22,15,4512950,48.53,16,846170,9.1
2022-12-12,3.82,66.78,29.39,15,6721956,72.28,14,6158162,66.22,5,4512955,48.53,0,846170,9.1
2022-12-13,3.87,66.73,29.39,17,6721973,72.28,44,6158206,66.22,18,4512973,48.53,13,846183,9.1
2022-12-14,3.92,66.69,29.39,17,6721990,72.28,16,6158222,66.22,7,4512980,48.53,3,846186,9.1
2022-12-15,3.97,66.64,29.39,22,6722012,72.29,19,6158241,66.22,7,4512987,48.53,12,846198,9.1
2022-12-16,3.98,66.62,29.39,12,6722024,72.29,4,6158245,66.22,1,4512988,48.53,0,846198,9.1
2022-12-17,3.97,66.63,29.39,0,6722024,72.29,0,6158245,66.22,0,4512988,48.53,0,846198,9.1
2022-12-18,4.01,66.59,29.39,9,6722033,72.29,18,6158263,66.22,8,4512996,48.53,3,846201,9.1
2022-12-19,4.06,66.54,29.4,7,6722040,72.29,14,6158277,66.22,12,4513008,48.53,1,846202,9.1
2022-12-20,4.1,66.51,29.39,12,6722052,72.29,17,6158294,66.22,2,4513010,48.53,2,846204,9.1
2022-12-21,4.14,66.47,29.39,9,6722061,72.29,14,6158308,66.22,13,4513023,48.53,3,846207,9.1
2022-12-22,4.18,66.42,29.39,4,6722065,72.29,10,6158318,66.22,14,4513037,48.53,1,846208,9.1
2022-12-23,4.19,66.42,29.39,10,6722075,72.29,0,6158318,66.22,2,4513039,48.53,0,846208,9.1
2022-12-24,4.18,66.43,29.39,0,6722075,72.29,0,6158318,66.22,0,4513039,48.53,0,846208,9.1
2022-12-25,4.21,66.4,29.39,6,6722081,72.29,17,6158335,66.22,1,4513040,48.53,2,846210,9.1
2022-12-26,4.24,66.36,29.39,17,6722098,72.29,6,6158341,66.22,13,4513053,48.53,0,846210,9.1
2022-12-27,4.25,66.36,29.39,24,6722122,72.29,24,6158365,66.22,17,4513070,48.53,7,846217,9.1
2022-12-28,4.26,66.34,29.39,17,6722139,72.29,18,6158383,66.22,25,4513095,48.53,64,846281,9.1
2022-12-29,4.28,66.33,29.39,15,6722154,72.29,23,6158406,66.22,14,4513109,48.53,4,846285,9.1
2022-12-30,4.27,66.33,29.4,4,6722158,72.29,5,6158411,66.22,3,4513112,48.53,1,846286,9.1
2022-12-31,4.26,66.35,29.4,0,6722158,72.29,1,6158412,66.22,0,4513112,48.53,0,846286,9.1
2023-01-01,4.27,66.33,29.4,8,6722166,72.29,23,6158435,66.22,2,4513114,48.53,1,846287,9.1
2023-01-02,4.29,66.31,29.4,10,6722176,72.29,8,6158443,66.22,3,4513117,48.53,1,846288,9.1
2023-01-03,4.3,66.3,29.4,20,6722196,72.29,17,6158460,66.22,7,4513124,48.53,4,846292,9.1
2023-01-04,4.3,66.3,29.4,7,6722203,72.29,11,6158471,66.23,4,4513128,48.53,2,846294,9.1
2023-01-05,4.31,66.29,29.39,13,6722216,72.29,19,6158490,66.23,13,4513141,48.53,4,846298,9.1
2023-01-06,4.31,66.29,29.4,2,6722218,72.29,1,6158491,66.23,1,4513142,48.53,0,846298,9.1
2023-01-07,4.3,66.31,29.4,1,6722219,72.29,0,6158491,66.23,0,4513142,48.53,0,846298,9.1
2023-01-08,4.33,66.28,29.4,15,6722234,72.29,33,6158524,66.23,10,4513152,48.53,2,846300,9.1
2023-01-09,4.34,66.26,29.4,12,6722246,72.29,20,6158544,66.23,1,4513153,48.53,1,846301,9.1
2023-01-10,4.35,66.25,29.4,39,6722285,72.29,27,6158571,66.23,10,4513163,48.53,4,846305,9.1
2023-01-11,4.36,66.25,29.4,15,6722300,72.29,17,6158588,66.23,11,4513174,48.53,2,846307,9.1
2023-01-12,4.37,66.24,29.39,23,6722323,72.29,20,6158608,66.23,12,4513186,48.53,2,846309,9.1
2023-01-13,4.36,66.24,29.4,3,6722326,72.29,2,6158610,66.23,0,4513186,48.53,0,846309,9.1
2023-01-14,4.35,66.25,29.4,1,6722327,72.29,0,6158610,66.23,0,4513186,48.53,0,846309,9.1
2023-01-15,4.36,66.24,29.4,17,6722344,72.29,17,6158627,66.23,4,4513190,48.53,3,846312,9.1
2023-01-16,4.38,66.22,29.4,9,6722353,72.29,15,6158642,66.23,6,4513196,48.53,0,846312,9.1
2023-01-17,4.38,66.22,29.4,15,6722368,72.29,15,6158657,66.23,6,4513202,48.53,1,846313,9.1
2023-01-18,4.39,66.21,29.4,7,6722375,72.29,8,6158665,66.23,4,4513206,48.53,1,846314,9.1
2023-01-19,4.4,66.2,29.4,13,6722388,72.29,15,6158680,66.23,2,4513208,48.53,4,846318,9.1
2023-01-20,4.39,66.2,29.4,5,6722393,72.29,2,6158682,66.23,0,4513208,48.53,1,846319,9.1
2023-01-21,4.39,66.21,29.4,0,6722393,72.29,1,6158683,66.23,0,4513208,48.53,0,846319,9.1
2023-01-22,4.4,66.2,29.4,9,6722402,72.29,3,6158686,66.23,8,4513216,48.53,4,846323,9.1
2023-01-23,4.41,66.19,29.4,11,6722413,72.29,5,6158691,66.23,6,4513222,48.53,0,846323,9.1
2023-01-24,4.41,66.19,29.4,21,6722434,72.29,21,6158712,66.23,11,4513233,48.53,2,846325,9.1
2023-01-25,4.41,66.18,29.4,5,6722439,72.29,5,6158717,66.23,0,4513233,48.53,2,846327,9.1
2023-01-26,4.42,66.18,29.4,10,6722449,72.29,15,6158732,66.23,9,4513242,48.53,2,846329,9.1
2023-01-27,4.41,66.18,29.4,0,6722449,72.29,9,6158741,66.23,0,4513242,48.53,0,846329,9.1
2023-01-28,4.41,66.19,29.4,0,6722449,72.29,0,6158741,66.23,0,4513242,48.53,0,846329,9.1
2023-01-29,4.41,66.19,29.41,11,6722460,72.29,9,6158750,66.23,5,4513247,48.53,2,846331,9.1
2023-01-30,4.42,66.17,29.41,9,6722469,72.29,17,6158767,66.23,2,4513249,48.53,1,846332,9.1
2023-01-31,4.42,66.17,29.41,21,6722490,72.29,23,6158790,66.23,2,4513251,48.53,1,846333,9.1
2023-02-01,4.32,64.71,30.96,10,6722500,72.29,11,6158801,66.23,4,4513255,48.53,0,846333,9.1
2023-02-02,4.33,64.71,30.96,15,6722515,72.29,31,6158832,66.23,3,4513258,48.53,0,846333,9.1
2023-02-03,4.32,64.71,30.97,3,6722518,72.29,1,6158833,66.23,0,4513258,48.53,1,846334,9.1
2023-02-04,4.32,64.72,30.97,0,6722518,72.29,0,6158833,66.23,0,4513258,48.53,0,846334,9.1
2023-02-05,4.32,64.71,30.97,18,6722536,72.29,10,6158843,66.23,6,4513264,48.53,4,846338,9.1
2023-02-06,4.33,64.7,30.97,17,6722553,72.29,13,6158856,66.23,4,4513268,48.53,0,846338,9.1
2023-02-07,4.33,64.7,30.97,22,6722575,72.29,22,6158878,66.23,8,4513276,48.53,2,846340,9.1
2023-02-08,4.33,64.7,30.97,15,6722590,72.29,15,6158893,66.23,1,4513277,48.53,0,846340,9.1
2023-02-09,4.33,64.7,30.97,35,6722625,72.29,34,6158927,66.23,5,4513282,48.53,2,846342,9.1
2023-02-10,4.33,64.7,30.97,2,6722627,72.29,3,6158930,66.23,2,4513284,48.53,0,846342,9.1
2023-02-11,4.33,64.7,30.97,2,6722629,72.29,1,6158931,66.23,0,4513284,48.53,0,846342,9.1
2023-02-12,4.33,64.7,30.97,15,6722644,72.29,22,6158953,66.23,3,4513287,48.53,2,846344,9.1
2023-02-13,4.33,64.7,30.97,14,6722658,72.29,20,6158973,66.23,9,4513296,48.53,2,846346,9.1
2023-02-14,4.33,64.7,30.97,20,6722678,72.29,8,6158981,66.23,7,4513303,48.53,5,846351,9.1
2023-02-15,4.33,64.7,30.97,10,6722688,72.29,17,6158998,66.23,3,4513306,48.53,0,846351,9.1
2023-02-16,4.33,64.7,30.97,22,6722710,72.29,24,6159022,66.23,2,4513308,48.53,0,846351,9.1
2023-02-17,4.33,64.7,30.97,5,6722715,72.29,2,6159024,66.23,1,4513309,48.53,0,846351,9.1
2023-02-18,4.33,64.7,30.97,0,6722715,72.29,1,6159025,66.23,0,4513309,48.53,0,846351,9.1
2023-02-19,4.33,64.7,30.98,16,6722731,72.29,15,6159040,66.23,3,4513312,48.53,0,846351,9.1
2023-02-20,4.33,64.69,30.98,9,6722740,72.29,10,6159050,66.23,1,4513313,48.53,0,846351,9.1
2023-02-21,4.33,64.69,30.98,39,6722779,72.29,19,6159069,66.23,6,4513319,48.53,1,846352,9.1
2023-02-22,4.33,64.7,30.98,3,6722782,72.29,9,6159078,66.23,8,4513327,48.53,0,846352,9.1
2023-02-23,4.33,64.7,30.97,13,6722795,72.29,23,6159101,66.23,5,4513332,48.53,2,846354,9.1
2023-02-24,4.33,64.7,30.98,0,6722795,72.29,6,6159107,66.23,1,4513333,48.53,0,846354,9.1
2023-02-25,4.32,64.7,30.98,3,6722798,72.29,0,6159107,66.23,1,4513334,48.53,0,846354,9.1
2023-02-26,4.32,64.7,30.98,11,6722809,72.29,21,6159128,66.23,1,4513335,48.53,1,846355,9.1
2023-02-27,4.32,64.7,30.98,11,6722820,72.29,26,6159154,66.23,2,4513337,48.53,2,846357,9.1
2023-02-28,4.32,64.7,30.98,7,6722827,72.29,21,6159175,66.23,4,4513341,48.53,2,846359,9.1
2023-03-01,4.32,64.7,30.98,3,6722830,72.29,15,6159190,66.23,1,4513342,48.53,0,846359,9.1
2023-03-02,4.32,64.7,30.98,8,6722838,72.29,36,6159226,66.23,4,4513346,48.53,0,846359,9.1
2023-03-03,4.32,64.7,30.98,2,6722840,72.29,3,6159229,66.23,0,4513346,48.53,0,846359,9.1
2023-03-04,4.32,64.71,30.98,2,6722842,72.29,2,6159231,66.23,0,4513346,48.53,0,846359,9.1
2023-03-05,4.32,64.7,30.98,14,6722856,72.29,31,6159262,66.23,2,4513348,48.53,2,846361,9.1
2023-03-06,4.32,64.7,30.98,17,6722873,72.29,25,6159287,66.23,3,4513351,48.53,0,846361,9.1
2023-03-07,4.32,64.7,30.98,8,6722881,72.29,7,6159294,66.23,2,4513353,48.53,0,846361,9.1
2023-03-08,4.32,64.7,30.98,1,6722882,72.29,22,6159316,66.23,3,4513356,48.53,0,846361,9.1
2023-03-09,4.32,64.71,30.98,15,6722897,72.29,46,6159362,66.23,8,4513364,48.53,0,846361,9.1
2023-03-10,4.31,64.71,30.98,2,6722899,72.29,1,6159363,66.23,2,4513366,48.53,0,846361,9.1
2023-03-11,4.31,64.71,30.98,0,6722899,72.29,0,6159363,66.23,0,4513366,48.53,0,846361,9.1
2023-03-12,4.31,64.71,30.98,10,6722909,72.29,21,6159384,66.23,4,4513370,48.53,1,846362,9.1
2023-03-13,4.31,64.71,30.98,6,6722915,72.29,8,6159392,66.24,1,4513371,48.53,0,846362,9.1
2023-03-14,4.31,64.71,30.98,14,6722929,72.3,15,6159407,66.24,1,4513372,48.53,1,846363,9.1
2023-03-15,4.31,64.71,30.98,4,6722933,72.3,9,6159416,66.24,2,4513374,48.53,0,846363,9.1
2023-03-16,4.31,64.71,30.98,8,6722941,72.3,30,6159446,66.24,2,4513376,48.53,2,846365,9.1
2023-03-17,4.31,64.71,30.98,0,6722941,72.3,4,6159450,66.24,0,4513376,48.53,0,846365,9.1
2023-03-18,4.3,64.71,30.98,0,6722941,72.3,0,6159450,66.24,0,4513376,48.53,0,846365,9.1
2023-03-19,4.3,64.71,30.99,4,6722945,72.3,27,6159477,66.24,4,4513380,48.53,0,846365,9.1
2023-03-20,4.3,64.71,30.99,5,6722950,72.3,21,6159498,66.24,4,4513384,48.53,0,846365,9.1
2023-03-21,4.3,64.71,30.99,14,6722964,72.3,21,6159519,66.24,6,4513390,48.53,0,846365,9.1
2023-03-22,4.3,64.71,30.99,2,6722966,72.3,8,6159527,66.24,0,4513390,48.53,0,846365,9.1
2023-03-23,4.3,64.71,30.99,7,6722973,72.3,11,6159538,66.24,2,4513392,48.53,0,846365,9.1
2023-03-24,4.3,64.71,30.99,0,6722973,72.3,2,6159540,66.24,0,4513392,48.53,1,846366,9.1
2023-03-25,4.3,64.71,30.99,0,6722973,72.3,0,6159540,66.24,0,4513392,48.53,0,846366,9.1
2023-03-26,4.3,64.71,30.99,4,6722977,72.3,15,6159555,66.24,4,4513396,48.53,3,846369,9.1
2023-03-27,4.3,64.71,31,1,6722978,72.3,12,6159567,66.24,1,4513397,48.53,0,846369,9.1
2023-03-28,4.29,64.71,31,4,6722982,72.3,16,6159583,66.24,0,4513397,48.53,0,846369,9.1
2023-03-29,4.29,64.71,31,2,6722984,72.3,10,6159593,66.24,5,4513402,48.53,0,846369,9.1
2023-03-30,4.29,64.71,31,10,6722994,72.3,18,6159611,66.24,1,4513403,48.53,1,846370,9.1
2023-03-31,4.29,64.71,31,0,6722994,72.3,0,6159611,66.24,1,4513404,48.53,0,846370,9.1
2023-04-01,4.27,64.73,31,0,6722994,72.3,0,6159611,66.24,0,4513404,48.53,0,846370,9.1
2023-04-02,4.25,64.75,31,7,6723001,72.3,10,6159621,66.24,1,4513405,48.53,0,846370,9.1
2023-04-03,4.26,64.74,31,1,6723002,72.3,7,6159628,66.24,2,4513407,48.54,0,846370,9.1
2023-04-04,4.24,64.75,31,2,6723004,72.3,7,6159635,66.24,5,4513412,48.54,0,846370,9.1
2023-04-05,4.24,64.76,31,2,6723006,72.3,5,6159640,66.24,1,4513413,48.54,0,846370,9.1
2023-04-06,4.24,64.76,31,0,6723006,72.3,2,6159642,66.24,0,4513413,48.54,0,846370,9.1
2023-04-07,4.2,64.8,31,0,6723006,72.3,4,6159646,66.24,0,4513413,48.54,0,846370,9.1
2023-04-08,4.14,64.86,31,0,6723006,72.3,0,6159646,66.24,0,4513413,48.54,0,846370,9.1
2023-04-09,4.12,64.87,31,2,6723008,72.3,8,6159654,66.24,0,4513413,48.54,0,846370,9.1
2023-04-10,4.12,64.87,31,1,6723009,72.3,6,6159660,66.24,0,4513413,48.54,0,846370,9.1
2023-04-11,4.07,64.93,31,5,6723014,72.3,6,6159666,66.24,0,4513413,48.54,0,846370,9.1
2023-04-12,4.01,64.99,31,0,6723014,72.3,1,6159667,66.24,0,4513413,48.54,0,846370,9.1
2023-04-13,3.99,65,31,7,6723021,72.3,9,6159676,66.24,1,4513414,48.54,0,846370,9.1
2023-04-14,3.99,65,31,2,6723023,72.3,1,6159677,66.24,0,4513414,48.54,0,846370,9.1
2023-04-15,3.91,65.09,31,0,6723023,72.3,1,6159678,66.24,0,4513414,48.54,0,846370,9.1
2023-04-16,3.9,65.1,31,4,6723027,72.3,12,6159690,66.24,6,4513420,48.54,1,846371,9.1
2023-04-17,3.9,65.1,31,4,6723031,72.3,5,6159695,66.24,4,4513424,48.54,0,846371,9.1
2023-04-18,3.87,65.12,31,8,6723039,72.3,7,6159702,66.24,0,4513424,48.54,0,846371,9.1
2023-04-19,3.87,65.12,31,4,6723043,72.3,7,6159709,66.24,0,4513424,48.54,0,846371,9.1
2023-04-20,3.82,65.17,31,4,6723047,72.3,11,6159720,66.24,1,4513425,48.54,2,846373,9.1
2023-04-21,3.77,65.22,31.01,2,6723049,72.3,0,6159720,66.24,0,4513425,48.54,0,846373,9.1
2023-04-22,3.73,65.27,31.01,0,6723049,72.3,0,6159720,66.24,0,4513425,48.54,0,846373,9.1
2023-04-23,3.71,65.28,31.01,1,6723050,72.3,6,6159726,66.24,1,4513426,48.54,2,846375,9.1
2023-04-24,3.71,65.28,31.01,5,6723055,72.3,10,6159736,66.24,0,4513426,48.54,2,846377,9.1
2023-04-25,3.69,65.3,31.01,2,6723057,72.3,0,6159736,66.24,1,4513427,48.54,0,846377,9.1
2023-04-26,3.69,65.3,31.01,0,6723057,72.3,0,6159736,66.24,0,4513427,48.54,0,846377,9.1
2023-04-27,3.64,65.35,31.01,0,6723057,72.3,0,6159736,66.24,0,4513427,48.54,0,846377,9.1
