Date,Valid vaccinated pop. perc.,Expired vaccinated pop. perc.,Not vaccinated pop. perc.,Vaccinated (daily),Vaccinated (cumu),Vaccinated pop. perc.,Second dose (daily),Second dose (cumu),Second dose pop. perc.,Third dose (daily),Third dose (cumu),Third dose pop. perc.,Fourth dose (daily),Fourth dose (cumu),Fourth dose pop. perc.
2020-12-19,0,0,100,46,70,0,0,4,0,0,0,0,0,0,0
2020-12-20,0,0,100,7396,7466,0.08,0,4,0,0,0,0,0,0,0
2020-12-21,0,0,100,24923,32389,0.35,0,4,0,0,0,0,0,0,0
2020-12-22,0,0,100,44668,77057,0.83,0,4,0,0,0,0,0,0,0
2020-12-23,0,0,100,62919,139976,1.51,0,4,0,0,0,0,0,0,0
2020-12-24,0,0,100,73430,213406,2.29,0,4,0,0,0,0,0,0,0
2020-12-25,0,0,100,38517,251923,2.71,0,4,0,0,0,0,0,0,0
2020-12-26,0,0,100,32618,284541,3.06,0,4,0,0,0,0,0,0,0
2020-12-27,0,0,100,104575,389116,4.18,0,4,0,0,0,0,0,0,0
2020-12-28,0,0,100,135041,524157,5.64,0,4,0,0,0,0,0,0,0
2020-12-29,0,0,100,156340,680497,7.32,2,6,0,0,0,0,0,0,0
2020-12-30,0,0,100,153191,833688,8.97,0,6,0,0,0,0,0,0,0
2020-12-31,0,0,100,158601,992289,10.67,0,6,0,0,0,0,0,0,0
2021-01-01,0,0,100,71435,1063724,11.44,0,6,0,0,0,0,0,0,0
2021-01-02,0,0,100,71745,1135469,12.21,0,6,0,0,0,0,0,0,0
2021-01-03,0,0,100,149767,1285236,13.82,0,6,0,0,0,0,0,0,0
2021-01-04,0,0,100,152207,1437443,15.46,1,7,0,0,0,0,0,0,0
2021-01-05,0,0,100,125222,1562665,16.8,4,11,0,0,0,0,0,0,0
2021-01-06,0,0,100,103374,1666039,17.92,2,13,0,0,0,0,0,0,0
2021-01-07,0,0,100,116063,1782102,19.16,9,22,0,0,0,0,0,0,0
2021-01-08,0,0,100,66465,1848567,19.88,5,27,0,0,0,0,0,0,0
2021-01-09,0,0,100,44554,1893121,20.36,24,51,0,0,0,0,0,0,0
2021-01-10,0,0,100,37649,1930770,20.76,6001,6052,0.07,0,0,0,0,0,0
2021-01-11,0,0,100,21175,1951945,20.99,19264,25316,0.27,0,0,0,0,0,0
2021-01-12,0,0,100,24075,1976020,21.25,35674,60990,0.66,0,0,0,0,0,0
2021-01-13,0,0,100,52079,2028099,21.81,56874,117864,1.27,0,0,0,0,0,0
2021-01-14,0,0,100,56480,2084579,22.42,68838,186702,2.01,0,0,0,0,0,0
2021-01-15,0,0,100,30776,2115355,22.75,35942,222644,2.39,0,0,0,0,0,0
2021-01-16,0,0,100,29481,2144836,23.06,26007,248651,2.67,0,0,0,0,0,0
2021-01-17,0.31,0,99.69,68445,2213281,23.8,84598,333249,3.58,0,0,0,0,0,0
2021-01-18,0.58,0,99.42,69820,2283101,24.55,120437,453686,4.88,0,0,0,0,0,0
2021-01-19,1.09,0,98.91,72897,2355998,25.34,137851,591537,6.36,0,0,0,0,0,0
2021-01-20,1.9,0,98.1,76919,2432917,26.16,143768,735305,7.91,0,0,0,0,0,0
2021-01-21,2.88,0,97.12,70009,2502926,26.92,164477,899782,9.68,0,0,0,0,0,0
2021-01-22,3.39,0,96.61,37933,2540859,27.32,71134,970916,10.44,0,0,0,0,0,0
2021-01-23,3.77,0,96.23,39965,2580824,27.75,53596,1024512,11.02,0,0,0,0,0,0
2021-01-24,4.96,0,95.04,69147,2649971,28.5,140712,1165224,12.53,0,0,0,0,0,0
2021-01-25,6.61,0,93.39,80944,2730915,29.37,139522,1304746,14.03,0,0,0,0,0,0
2021-01-26,8.45,0,91.55,78737,2809652,30.21,126446,1431192,15.39,0,0,0,0,0,0
2021-01-27,10.34,0,89.66,77982,2887634,31.05,125073,1556265,16.74,0,0,0,0,0,0
2021-01-28,12.43,0,87.57,79570,2967204,31.91,130632,1686897,18.14,0,0,0,0,0,0
2021-01-29,13.34,0,86.66,36704,3003908,32.3,64794,1751691,18.84,0,0,0,0,0,0
2021-01-30,14.02,0,85.98,34397,3038305,32.67,42767,1794458,19.3,0,0,0,0,0,0
2021-01-31,15.76,0,84.24,73331,3111636,33.46,59503,1853961,19.94,0,0,0,0,0,0
2021-02-01,17.48,0,82.52,82511,3194147,34.35,35356,1889317,20.32,0,0,0,0,0,0
2021-02-02,19.01,0,80.99,70106,3264253,35.1,31074,1920391,20.65,0,0,0,0,0,0
2021-02-03,20.47,0,79.53,60308,3324561,35.75,51445,1971836,21.2,0,0,0,0,0,0
2021-02-04,22,0,78,72640,3397201,36.53,58096,2029932,21.83,0,0,0,0,0,0
2021-02-05,22.75,0,77.25,33947,3431148,36.9,28807,2058739,22.14,0,0,0,0,0,0
2021-02-06,23.23,0,76.77,21622,3452770,37.13,22233,2080972,22.38,0,0,0,0,0,0
2021-02-07,23.99,0,76.01,54081,3506851,37.71,68744,2149716,23.12,0,0,0,0,0,0
2021-02-08,24.52,0,75.48,58645,3565496,38.34,65468,2215184,23.82,0,0,0,0,0,0
2021-02-09,25.04,0,74.96,66360,3631856,39.06,67579,2282763,24.55,0,0,0,0,0,0
2021-02-10,25.77,0,74.23,70571,3702427,39.81,72316,2355079,25.33,0,0,0,0,0,0
2021-02-11,26.61,0,73.39,81175,3783602,40.69,72113,2427192,26.1,0,0,0,0,0,0
2021-02-12,27.02,0,72.98,39111,3822713,41.11,37600,2464792,26.51,0,0,0,0,0,0
2021-02-13,27.33,0,72.67,27465,3850178,41.4,30441,2495233,26.83,0,0,0,0,0,0
2021-02-14,28.25,0,71.75,74917,3925095,42.21,69085,2564318,27.58,0,0,0,0,0,0
2021-02-15,29.17,0,70.83,81548,4006643,43.09,75722,2640040,28.39,0,0,0,0,0,0
2021-02-16,30.11,0,69.89,83423,4090066,43.98,78301,2718341,29.23,0,0,0,0,0,0
2021-02-17,31.01,0,68.99,61984,4152050,44.65,75645,2793986,30.05,0,0,0,0,0,0
2021-02-18,31.94,0,68.06,69159,4221209,45.39,79739,2873725,30.9,0,0,0,0,0,0
2021-02-19,32.45,0,67.55,39676,4260885,45.82,38162,2911887,31.31,0,0,0,0,0,0
2021-02-20,32.85,0,67.15,31651,4292536,46.16,28724,2940611,31.62,0,0,0,0,0,0
2021-02-21,33.8,0,66.2,79436,4371972,47.01,78446,3019057,32.47,0,0,0,0,0,0
2021-02-22,34.83,0,65.17,85056,4457028,47.93,80597,3099654,33.33,0,0,0,0,0,0
2021-02-23,35.84,0,64.16,77332,4534360,48.76,70485,3170139,34.09,0,0,0,0,0,0
2021-02-24,36.76,0,63.24,61067,4595427,49.42,63144,3233283,34.77,0,0,0,0,0,0
2021-02-25,37.66,0,62.34,51730,4647157,49.97,64811,3298094,35.47,0,0,0,0,0,0
2021-02-26,38.1,0,61.9,25913,4673070,50.25,32046,3330140,35.81,0,0,0,0,0,0
2021-02-27,38.42,0,61.58,18353,4691423,50.45,21197,3351337,36.04,0,0,0,0,0,0
2021-02-28,39.24,0,60.76,40365,4731788,50.88,55874,3407211,36.64,0,0,0,0,0,0
2021-03-01,40.1,0,59.9,45751,4777539,51.38,61446,3468657,37.3,0,0,0,0,0,0
2021-03-02,40.85,0,59.15,41202,4818741,51.82,64802,3533459,38,0,0,0,0,0,0
2021-03-03,41.55,0,58.45,42035,4860776,52.27,66794,3600253,38.72,0,0,0,0,0,0
2021-03-04,42.24,0,57.76,39722,4900498,52.7,79126,3679379,39.57,0,0,0,0,0,0
2021-03-05,42.57,0,57.43,17369,4917867,52.88,40471,3719850,40,0,0,0,0,0,0
2021-03-06,42.78,0,57.22,10723,4928590,53,25349,3745199,40.27,0,0,0,0,0,0
2021-03-07,43.36,0,56.64,31156,4959746,53.33,72847,3818046,41.06,0,0,0,0,0,0
2021-03-08,43.97,0,56.03,27387,4987133,53.63,73295,3891341,41.85,0,0,0,0,0,0
2021-03-09,44.62,0,55.38,26756,5013889,53.92,76605,3967946,42.67,0,0,0,0,0,0
2021-03-10,45.27,0,54.73,23373,5037262,54.17,58685,4026631,43.3,0,0,0,0,0,0
2021-03-11,45.99,0,54.01,23307,5060569,54.42,69098,4095729,44.04,0,0,0,0,0,0
2021-03-12,46.34,0,53.66,11296,5071865,54.54,41418,4137147,44.49,0,0,0,0,0,0
2021-03-13,46.57,0,53.43,7954,5079819,54.63,25239,4162386,44.76,0,0,0,0,0,0
2021-03-14,47.2,0,52.8,20991,5100810,54.85,73936,4236322,45.56,0,0,0,0,0,0
2021-03-15,47.81,0,52.19,20152,5120962,55.07,78281,4314603,46.4,0,0,0,0,0,0
2021-03-16,48.43,0,51.57,18759,5139721,55.27,71481,4386084,47.17,0,0,0,0,0,0
2021-03-17,48.92,0,51.08,17705,5157426,55.46,59010,4445094,47.8,0,0,0,0,0,0
2021-03-18,49.45,0,50.55,16050,5173476,55.63,58126,4503220,48.43,0,0,0,0,0,0
2021-03-19,49.75,0,50.25,6957,5180433,55.71,27981,4531201,48.73,0,0,0,0,0,0
2021-03-20,49.93,0,50.07,5227,5185660,55.76,15302,4546503,48.89,0,0,0,0,0,0
2021-03-21,50.46,0,49.54,13172,5198832,55.91,40511,4587014,49.33,0,0,0,0,0,0
2021-03-22,51,0,49,13583,5212415,56.05,40542,4627556,49.76,0,0,0,0,0,0
2021-03-23,51.43,0,48.57,2846,5215261,56.08,7303,4634859,49.84,0,0,0,0,0,0
2021-03-24,51.84,0,48.16,11006,5226267,56.2,46560,4681419,50.34,0,0,0,0,0,0
2021-03-25,52.22,0,47.78,10273,5236540,56.31,35440,4716859,50.72,0,0,0,0,0,0
2021-03-26,52.4,0,47.6,4186,5240726,56.36,13334,4730193,50.87,0,0,0,0,0,0
2021-03-27,52.5,0,47.5,1787,5242513,56.38,4269,4734462,50.91,0,0,0,0,0,0
2021-03-28,52.74,0,47.26,2114,5244627,56.4,4612,4739074,50.96,0,0,0,0,0,0
2021-03-29,53,0,47,6918,5251545,56.47,30017,4769091,51.28,0,0,0,0,0,0
2021-03-30,53.08,0,46.92,7897,5259442,56.56,22454,4791545,51.53,0,0,0,0,0,0
2021-03-31,53.38,0,46.62,8154,5267596,56.65,19502,4811047,51.74,0,0,0,0,0,0
2021-04-01,53.62,0,46.38,8222,5275818,56.73,18703,4829750,51.94,0,0,0,0,0,0
2021-04-02,53.71,0,46.29,2946,5278764,56.77,8131,4837881,52.02,0,0,0,0,0,0
2021-04-03,53.74,0,46.26,1432,5280196,56.78,2983,4840864,52.06,0,0,0,0,0,0
2021-04-04,53.82,0,46.18,9618,5289814,56.88,22832,4863696,52.3,0,0,0,0,0,0
2021-04-05,54.04,0,45.96,10364,5300178,57,21278,4884974,52.53,0,0,0,0,0,0
2021-04-06,54.21,0,45.79,9035,5309213,57.09,16794,4901768,52.71,0,0,0,0,0,0
2021-04-07,54.36,0,45.64,8934,5318147,57.19,15314,4917082,52.88,0,0,0,0,0,0
2021-04-08,54.52,0,45.48,9431,5327578,57.29,17017,4934099,53.06,0,0,0,0,0,0
2021-04-09,54.58,0,45.42,3609,5331187,57.33,6259,4940358,53.13,0,0,0,0,0,0
2021-04-10,54.61,0,45.39,1636,5332823,57.35,3522,4943880,53.16,0,0,0,0,0,0
2021-04-11,54.78,0,45.22,9045,5341868,57.44,14249,4958129,53.32,0,0,0,0,0,0
2021-04-12,54.95,0,45.05,8936,5350804,57.54,13236,4971365,53.46,0,0,0,0,0,0
2021-04-13,55.08,0,44.92,5841,5356645,57.6,4960,4976325,53.51,0,0,0,0,0,0
2021-04-14,55.18,0,44.82,3651,5360296,57.64,5311,4981636,53.57,0,0,0,0,0,0
2021-04-15,55.27,0,44.73,698,5360994,57.65,582,4982218,53.58,0,0,0,0,0,0
2021-04-16,55.33,0,44.67,3419,5364413,57.69,6652,4988870,53.65,0,0,0,0,0,0
2021-04-17,55.35,0,44.65,822,5365235,57.7,1973,4990843,53.67,0,0,0,0,0,0
2021-04-18,55.47,0,44.53,7099,5372334,57.77,7433,4998276,53.75,0,0,0,0,0,0
2021-04-19,55.58,0,44.42,6407,5378741,57.84,7134,5005410,53.83,0,0,0,0,0,0
2021-04-20,55.65,0,44.35,6287,5385028,57.91,6889,5012299,53.9,0,0,0,0,0,0
2021-04-21,55.71,0,44.29,6381,5391409,57.98,7112,5019411,53.98,0,0,0,0,0,0
2021-04-22,55.75,0,44.25,5952,5397361,58.04,7691,5027102,54.06,0,0,0,0,0,0
2021-04-23,55.8,0,44.2,2768,5400129,58.07,3391,5030493,54.1,0,0,0,0,0,0
2021-04-24,55.82,0,44.18,768,5400897,58.08,1290,5031783,54.11,0,0,0,0,0,0
2021-04-25,55.89,0,44.11,4829,5405726,58.13,6925,5038708,54.18,0,0,0,0,0,0
2021-04-26,55.96,0,44.04,5479,5411205,58.19,7889,5046597,54.27,0,0,0,0,0,0
2021-04-27,56.03,0,43.97,4507,5415712,58.24,6627,5053224,54.34,0,0,0,0,0,0
2021-04-28,56.09,0,43.91,4501,5420213,58.29,7336,5060560,54.42,0,0,0,0,0,0
2021-04-29,56.16,0,43.84,4378,5424591,58.33,7296,5067856,54.5,0,0,0,0,0,0
2021-04-30,56.19,0,43.81,1925,5426516,58.35,3202,5071058,54.53,0,0,0,0,0,0
2021-05-01,56.2,0,43.8,458,5426974,58.36,895,5071953,54.54,0,0,0,0,0,0
2021-05-02,56.26,0,43.74,3225,5430199,58.39,6092,5078045,54.61,0,0,0,0,0,0
2021-05-03,56.32,0,43.68,3535,5433734,58.43,5835,5083880,54.67,0,0,0,0,0,0
2021-05-04,56.38,0,43.62,3593,5437327,58.47,4737,5088617,54.72,0,0,0,0,0,0
2021-05-05,56.44,0,43.56,3292,5440619,58.51,4093,5092710,54.76,0,0,0,0,0,0
2021-05-06,56.5,0,43.5,3645,5444264,58.54,3144,5095854,54.8,0,0,0,0,0,0
2021-05-07,56.52,0,43.48,1848,5446112,58.56,2509,5098363,54.83,0,0,0,0,0,0
2021-05-08,56.53,0,43.47,244,5446356,58.57,507,5098870,54.83,0,0,0,0,0,0
2021-05-09,56.58,0,43.42,2851,5449207,58.6,4751,5103621,54.88,0,0,0,0,0,0
2021-05-10,56.63,0,43.37,2897,5452104,58.63,4715,5108336,54.93,0,0,0,0,0,0
2021-05-11,56.67,0,43.33,2622,5454726,58.66,3881,5112217,54.97,0,0,0,0,0,0
2021-05-12,56.7,0,43.3,2034,5456760,58.68,3342,5115559,55.01,0,0,0,0,0,0
2021-05-13,56.73,0,43.27,2043,5458803,58.7,3688,5119247,55.05,0,0,0,0,0,0
2021-05-14,56.75,0,43.25,978,5459781,58.71,1494,5120741,55.07,0,0,0,0,0,0
2021-05-15,56.75,0,43.25,259,5460040,58.71,259,5121000,55.07,0,0,0,0,0,0
2021-05-16,56.78,0,43.22,529,5460569,58.72,1206,5122206,55.08,0,0,0,0,0,0
2021-05-17,56.81,0,43.19,303,5460872,58.72,848,5123054,55.09,0,0,0,0,0,0
2021-05-18,56.84,0,43.16,1963,5462835,58.74,4939,5127993,55.14,0,0,0,0,0,0
2021-05-19,56.87,0,43.13,2233,5465068,58.77,5042,5133035,55.2,0,0,0,0,0,0
2021-05-20,56.9,0,43.1,2312,5467380,58.79,3880,5136915,55.24,0,0,0,0,0,0
2021-05-21,56.92,0,43.08,1194,5468574,58.81,1414,5138329,55.26,0,0,0,0,0,0
2021-05-22,56.92,0,43.08,206,5468780,58.81,396,5138725,55.26,0,0,0,0,0,0
2021-05-23,56.94,0,43.06,2272,5471052,58.83,3216,5141941,55.29,0,0,0,0,0,0
2021-05-24,56.96,0,43.04,2140,5473192,58.86,3597,5145538,55.33,0,0,0,0,0,0
2021-05-25,56.99,0,43.01,1822,5475014,58.88,2588,5148126,55.36,0,0,0,0,0,0
2021-05-26,57.03,0,42.97,1415,5476429,58.89,2504,5150630,55.39,0,0,0,0,0,0
2021-05-27,57.06,0,42.94,1865,5478294,58.91,3189,5153819,55.42,0,0,0,0,0,0
2021-05-28,57.07,0,42.93,794,5479088,58.92,1407,5155226,55.44,0,0,0,0,0,0
2021-05-29,57.07,0,42.93,192,5479280,58.92,226,5155452,55.44,0,0,0,0,0,0
2021-05-30,57.1,0,42.9,1645,5480925,58.94,1937,5157389,55.46,0,0,0,0,0,0
2021-05-31,57.13,0,42.87,1740,5482665,58.96,2093,5159482,55.48,0,0,0,0,0,0
2021-06-01,57.47,0,42.53,1385,5484050,58.97,1823,5161305,55.5,0,0,0,0,0,0
2021-06-02,57.25,0,42.75,1514,5485564,58.99,1610,5162915,55.52,0,0,0,0,0,0
2021-06-03,57.27,0,42.73,1685,5487249,59.01,1495,5164410,55.54,0,0,0,0,0,0
2021-06-04,57.28,0,42.72,1102,5488351,59.02,784,5165194,55.54,0,0,0,0,0,0
2021-06-05,57.29,0,42.71,184,5488535,59.02,159,5165353,55.55,0,0,0,0,0,0
2021-06-06,57.31,0,42.69,4293,5492828,59.07,1002,5166355,55.56,0,0,0,0,0,0
2021-06-07,57.34,0,42.66,4439,5497267,59.11,814,5167169,55.57,0,0,0,0,0,0
2021-06-08,57.36,0,42.64,3739,5501006,59.16,1175,5168344,55.58,0,0,0,0,0,0
2021-06-09,57.4,0,42.6,3615,5504621,59.19,1331,5169675,55.59,0,0,0,0,0,0
2021-06-10,57.42,0,42.58,3364,5507985,59.23,1300,5170975,55.61,0,0,0,0,0,0
2021-06-11,57.43,0,42.57,1401,5509386,59.25,590,5171565,55.61,0,0,0,0,0,0
2021-06-12,57.43,0,42.57,222,5509608,59.25,173,5171738,55.61,0,0,0,0,0,0
2021-06-13,57.45,0,42.55,3101,5512709,59.28,1260,5172998,55.63,0,0,0,0,0,0
2021-06-14,57.46,0,42.54,3057,5515766,59.31,1534,5174532,55.64,0,0,0,0,0,0
2021-06-15,57.48,0,42.52,3137,5518903,59.35,1378,5175910,55.66,0,0,0,0,0,0
2021-06-16,57.49,0,42.51,2734,5521637,59.38,1004,5176914,55.67,0,0,0,0,0,0
2021-06-17,57.51,0,42.49,2733,5524370,59.41,1209,5178123,55.68,0,0,0,0,0,0
2021-06-18,57.52,0,42.48,1270,5525640,59.42,506,5178629,55.69,0,0,0,0,0,0
2021-06-19,57.52,0,42.48,242,5525882,59.42,139,5178768,55.69,0,0,0,0,0,0
2021-06-20,57.54,0,42.46,3316,5529198,59.46,1332,5180100,55.7,0,0,0,0,0,0
2021-06-21,57.56,0,42.44,5250,5534448,59.51,1218,5181318,55.72,0,0,0,0,0,0
2021-06-22,57.58,0,42.42,6935,5541383,59.59,1101,5182419,55.73,0,0,0,0,0,0
2021-06-23,57.6,0,42.4,10762,5552145,59.7,1304,5183723,55.74,0,0,0,0,0,0
2021-06-24,57.62,0,42.38,12051,5564196,59.83,1466,5185189,55.76,0,0,0,0,0,0
2021-06-25,57.62,0,42.38,7117,5571313,59.91,945,5186134,55.77,0,0,0,0,0,0
2021-06-26,57.63,0,42.37,2278,5573591,59.94,200,5186334,55.77,0,0,0,0,0,0
2021-06-27,57.65,0,42.35,13633,5587224,60.08,3438,5189772,55.81,0,0,0,0,0,0
2021-06-28,57.68,0,42.32,14518,5601742,60.24,3675,5193447,55.85,0,0,0,0,0,0
2021-06-29,57.69,0,42.31,16711,5618453,60.42,3745,5197192,55.89,0,0,0,0,0,0
2021-06-30,57.72,0,42.28,16487,5634940,60.6,3397,5200589,55.92,0,0,0,0,0,0
2021-07-01,57.78,0,42.22,16837,5651777,60.78,3381,5203970,55.96,122,122,0,0,0,0
2021-07-02,57.79,0,42.21,9836,5661613,60.88,1609,5205579,55.98,7,129,0,0,0,0
2021-07-03,57.79,0,42.21,2678,5664291,60.91,300,5205879,55.98,1,130,0,0,0,0
2021-07-04,57.85,0,42.15,17735,5682026,61.1,3161,5209040,56.02,2,132,0,0,0,0
2021-07-05,57.91,0,42.09,17850,5699876,61.29,3046,5212086,56.05,7,139,0,0,0,0
2021-07-06,57.99,0,42.01,17848,5717724,61.49,3411,5215497,56.08,11,150,0,0,0,0
2021-07-07,58.05,0,41.95,15533,5733257,61.65,2703,5218200,56.11,12,162,0,0,0,0
2021-07-08,58.12,0,41.88,16589,5749846,61.83,2881,5221081,56.14,17,179,0,0,0,0
2021-07-09,58.15,0,41.85,11125,5760971,61.95,1536,5222617,56.16,4,183,0,0,0,0
2021-07-10,58.15,0,41.85,4989,5765960,62,391,5223008,56.17,6,189,0,0,0,0
2021-07-11,58.22,0,41.78,1456,5767416,62.02,2847,5225855,56.2,9,198,0,0,0,0
2021-07-12,58.29,0,41.71,2427,5769843,62.05,3696,5229551,56.24,57,255,0,0,0,0
2021-07-13,58.36,0,41.64,2965,5772808,62.08,5460,5235011,56.29,124,379,0,0,0,0
2021-07-14,58.42,0,41.58,2747,5775555,62.11,7536,5242547,56.38,441,820,0.01,0,0,0
2021-07-15,58.5,0,41.5,3009,5778564,62.14,9302,5251849,56.48,374,1194,0.01,0,0,0
2021-07-16,58.54,0,41.46,1296,5779860,62.15,5898,5257747,56.54,66,1260,0.01,0,0,0
2021-07-17,58.55,0,41.44,372,5780232,62.16,1393,5259140,56.55,8,1268,0.01,0,0,0
2021-07-18,58.6,0,41.4,2074,5782306,62.18,9770,5268910,56.66,235,1503,0.02,0,0,0
2021-07-19,58.65,0,41.35,3212,5785518,62.21,11346,5280256,56.78,461,1964,0.02,0,0,0
2021-07-20,58.72,0,41.28,2690,5788208,62.24,11914,5292170,56.91,374,2338,0.03,0,0,0
2021-07-21,58.81,0,41.19,2408,5790616,62.27,11880,5304050,57.04,325,2663,0.03,0,0,0
2021-07-22,58.93,0,41.07,2878,5793494,62.3,13279,5317329,57.18,391,3054,0.03,0,0,0
2021-07-23,58.99,0,41.01,2038,5795532,62.32,8250,5325579,57.27,106,3160,0.03,0,0,0
2021-07-24,58.99,0,41,645,5796177,62.33,1486,5327065,57.28,7,3167,0.03,0,0,0
2021-07-25,59.1,0,40.89,4416,5800593,62.38,15499,5342564,57.45,223,3390,0.04,0,0,0
2021-07-26,59.24,0,40.75,5173,5805766,62.43,13533,5356097,57.6,325,3715,0.04,0,0,0
2021-07-27,59.37,0.01,40.62,5493,5811259,62.49,13579,5369676,57.74,414,4129,0.04,0,0,0
2021-07-28,59.5,0.01,40.49,3990,5815249,62.53,12345,5382021,57.88,472,4601,0.05,0,0,0
2021-07-29,59.65,0.01,40.33,4665,5819914,62.58,14202,5396223,58.03,532,5133,0.06,0,0,0
2021-07-30,59.74,0.02,40.25,2657,5822571,62.61,10856,5407079,58.15,4122,9255,0.1,0,0,0
2021-07-31,59.75,0.02,40.23,1407,5823978,62.63,3554,5410633,58.18,6159,15414,0.17,0,0,0
2021-08-01,59.91,0.02,40.06,3078,5827056,62.66,3366,5413999,58.22,31047,46461,0.5,0,0,0
2021-08-02,60.06,0.03,39.91,3134,5830190,62.7,3176,5417175,58.25,58514,104975,1.13,0,0,0
2021-08-03,60.21,0.03,39.76,3386,5833576,62.73,3330,5420505,58.29,78954,183929,1.98,0,0,0
2021-08-04,60.34,0.03,39.63,3534,5837110,62.77,3255,5423760,58.32,80765,264694,2.85,0,0,0
2021-08-05,60.49,0.04,39.47,4515,5841625,62.82,3570,5427330,58.36,88442,353136,3.8,0,0,0
2021-08-06,60.6,0.04,39.36,2437,5844062,62.84,1862,5429192,58.38,44744,397880,4.28,0,0,0
2021-08-07,60.63,0.04,39.32,1034,5845096,62.86,701,5429893,58.39,27353,425233,4.57,0,0,0
2021-08-08,60.68,0.04,39.28,4991,5850087,62.91,3082,5432975,58.42,80087,505320,5.43,0,0,0
2021-08-09,60.72,0.04,39.24,5341,5855428,62.97,3064,5436039,58.46,76489,581809,6.26,0,0,0
2021-08-10,60.75,0.04,39.2,5554,5860982,63.03,3208,5439247,58.49,75427,657236,7.07,0,0,0
2021-08-11,60.79,0.04,39.17,5695,5866677,63.09,2949,5442196,58.52,62642,719878,7.74,0,0,0
2021-08-12,60.83,0.04,39.12,7039,5873716,63.16,3291,5445487,58.56,59462,779340,8.38,0,0,0
2021-08-13,60.84,0.05,39.11,3821,5877537,63.2,2074,5447561,58.58,43870,823210,8.85,0,0,0
2021-08-14,60.85,0.05,39.1,2254,5879791,63.23,853,5448414,58.59,44486,867696,9.33,0,0,0
2021-08-15,60.89,0.05,39.06,7145,5886936,63.31,4530,5452944,58.64,97985,965681,10.38,0,0,0
2021-08-16,60.92,0.04,39.03,6991,5893927,63.38,4749,5457693,58.69,89522,1055203,11.35,0,0,0
2021-08-17,60.96,0.04,39,7573,5901500,63.46,5138,5462831,58.74,83320,1138523,12.24,0,0,0
2021-08-18,60.99,0.04,38.96,8642,5910142,63.55,4603,5467434,58.79,69268,1207791,12.99,0,0,0
2021-08-19,61.03,0.04,38.92,10082,5920224,63.66,5217,5472651,58.85,65976,1273767,13.7,0,0,0
2021-08-20,61.05,0.05,38.9,4768,5924992,63.71,2827,5475478,58.88,60454,1334221,14.35,0,0,0
2021-08-21,61.06,0.05,38.89,3499,5928491,63.75,1580,5477058,58.9,50725,1384946,14.89,0,0,0
2021-08-22,61.12,0.04,38.84,9824,5938315,63.86,4808,5481866,58.95,105111,1490057,16.02,0,0,0
2021-08-23,61.17,0.04,38.79,10923,5949238,63.98,4448,5486314,59,94034,1584091,17.03,0,0,0
2021-08-24,61.23,0.04,38.73,11722,5960960,64.1,4702,5491016,59.05,98558,1682649,18.09,0,0,0
2021-08-25,61.29,0.04,38.67,9612,5970572,64.2,4484,5495500,59.1,99558,1782207,19.16,0,0,0
2021-08-26,61.36,0.03,38.61,10110,5980682,64.31,5059,5500559,59.15,101231,1883438,20.25,0,0,0
2021-08-27,61.35,0.04,38.61,4325,5985007,64.36,2788,5503347,59.18,56696,1940134,20.86,0,0,0
2021-08-28,61.4,0.04,38.57,3702,5988709,64.4,1500,5504847,59.2,33540,1973674,21.22,0,0,0
2021-08-29,61.46,0.03,38.5,10323,5999032,64.51,5932,5510779,59.26,79550,2053224,22.08,0,0,0
2021-08-30,61.53,0.03,38.44,12334,6011366,64.64,7017,5517796,59.34,116009,2169233,23.33,0,0,0
2021-08-31,61.6,0.03,38.37,12076,6023442,64.77,6529,5524325,59.41,114881,2284114,24.56,0,0,0
2021-09-01,61.43,0.03,38.54,9034,6032476,64.87,6043,5530368,59.47,112492,2396606,25.77,0,0,0
2021-09-02,61.49,0.03,38.48,8784,6041260,64.96,7182,5537550,59.55,111545,2508151,26.97,0,0,0
2021-09-03,61.56,0.03,38.42,3751,6045011,65.01,4116,5541666,59.59,58886,2567037,27.6,0,0,0
2021-09-04,61.59,0.03,38.38,2691,6047702,65.03,2023,5543689,59.61,29953,2596990,27.93,0,0,0
2021-09-05,61.68,0.03,38.29,6991,6054693,65.11,6460,5550149,59.68,73326,2670316,28.72,0,0,0
2021-09-06,61.77,0.03,38.2,2836,6057529,65.14,2718,5552867,59.71,22800,2693116,28.96,0,0,0
2021-09-07,61.85,0.03,38.12,1202,6058731,65.15,879,5553746,59.72,5398,2698514,29.02,0,0,0
2021-09-08,61.93,0.03,38.05,1380,6060111,65.17,1196,5554942,59.74,6621,2705135,29.09,0,0,0
2021-09-09,62.02,0.03,37.95,7093,6067204,65.24,12573,5567515,59.87,73845,2778980,29.88,0,0,0
2021-09-10,62.06,0.03,37.91,3258,6070462,65.28,5016,5572531,59.92,37938,2816918,30.29,0,0,0
2021-09-11,62.08,0.03,37.89,2108,6072570,65.3,2509,5575040,59.95,14817,2831735,30.45,0,0,0
2021-09-12,62.16,0.03,37.81,6106,6078676,65.37,8589,5583629,60.04,54136,2885871,31.03,0,0,0
2021-09-13,62.15,0.03,37.82,5611,6084287,65.43,8265,5591894,60.13,47983,2933854,31.55,0,0,0
2021-09-14,62.2,0.03,37.77,4963,6089250,65.48,7424,5599318,60.21,48856,2982710,32.07,0,0,0
2021-09-15,62.25,0.03,37.72,1750,6091000,65.5,2718,5602036,60.24,16687,2999397,32.25,0,0,0
2021-09-16,62.37,0.03,37.6,343,6091343,65.5,550,5602586,60.25,1740,3001137,32.27,0,0,0
2021-09-17,62.42,0.03,37.54,3683,6095026,65.54,7022,5609608,60.32,42906,3044043,32.73,0,0,0
2021-09-18,62.45,0.03,37.52,2258,6097284,65.57,2946,5612554,60.35,12783,3056826,32.87,0,0,0
2021-09-19,62.55,0.03,37.42,5942,6103226,65.63,10712,5623266,60.47,44332,3101158,33.35,0,0,0
2021-09-20,62.63,0.03,37.34,3246,6106472,65.67,4646,5627912,60.52,16709,3117867,33.53,0,0,0
2021-09-21,62.69,0.03,37.28,1340,6107812,65.68,2066,5629978,60.54,3477,3121344,33.57,0,0,0
2021-09-22,62.72,0.03,37.25,4260,6112072,65.73,7250,5637228,60.62,25072,3146416,33.84,0,0,0
2021-09-23,62.75,0.03,37.22,4391,6116463,65.77,5916,5643144,60.68,27834,3174250,34.13,0,0,0
2021-09-24,62.82,0.03,37.15,3202,6119665,65.81,4185,5647329,60.73,27723,3201973,34.43,0,0,0
2021-09-25,62.85,0.03,37.12,2081,6121746,65.83,2263,5649592,60.75,10443,3212416,34.54,0,0,0
2021-09-26,62.96,0.03,37,5605,6127351,65.89,5973,5655565,60.82,36270,3248686,34.93,0,0,0
2021-09-27,63.02,0.03,36.94,4696,6132047,65.94,4469,5660034,60.87,30457,3279143,35.26,0,0,0
2021-09-28,63.06,0.04,36.91,1472,6133519,65.96,1185,5661219,60.88,6249,3285392,35.33,0,0,0
2021-09-29,63.13,0.03,36.84,9622,6143141,66.06,8349,5669568,60.97,60325,3345717,35.98,0,0,0
2021-09-30,63.18,0.03,36.79,10976,6154117,66.18,8579,5678147,61.06,79703,3425420,36.84,0,0,0
2021-10-01,63.23,0.03,36.73,5128,6159245,66.23,3875,5682022,61.1,46546,3471966,37.34,0,0,0
2021-10-02,63.26,0.03,36.71,2865,6162110,66.26,2127,5684149,61.12,22433,3494399,37.58,0,0,0
2021-10-03,63.35,0.03,36.62,11667,6173777,66.39,7276,5691425,61.2,70726,3565125,38.34,0,0,0
2021-10-04,63.4,0.03,36.57,10320,6184097,66.5,6759,5698184,61.28,51913,3617038,38.9,0,0,0
2021-10-05,63.41,0.03,36.55,8461,6192558,66.59,5314,5703498,61.33,40479,3657517,39.33,0,0,0
2021-10-06,63.52,0.03,36.45,7543,6200101,66.67,4185,5707683,61.38,34150,3691667,39.7,0,0,0
2021-10-07,63.63,0.03,36.34,6896,6206997,66.75,4010,5711693,61.42,34069,3725736,40.06,0,0,0
2021-10-08,63.68,0.03,36.29,3086,6210083,66.78,2644,5714337,61.45,19250,3744986,40.27,0,0,0
2021-10-09,63.71,0.03,36.26,1341,6211424,66.79,1444,5715781,61.46,7441,3752427,40.35,0,0,0
2021-10-10,63.82,0.04,36.14,4677,6216101,66.84,3748,5719529,61.5,21519,3773946,40.58,0,0,0
2021-10-11,63.91,0.04,36.05,4299,6220400,66.89,2945,5722474,61.54,17269,3791215,40.77,0,0,0
2021-10-12,63.99,0.05,35.96,3977,6224377,66.93,3007,5725481,61.57,15357,3806572,40.93,0,0,0
2021-10-13,64.09,0.05,35.86,3487,6227864,66.97,2451,5727932,61.6,13587,3820159,41.08,0,0,0
2021-10-14,64.19,0.06,35.75,3870,6231734,67.01,2685,5730617,61.62,16568,3836727,41.26,0,0,0
2021-10-15,64.23,0.07,35.7,1703,6233437,67.03,1685,5732302,61.64,9011,3845738,41.36,0,0,0
2021-10-16,64.25,0.08,35.67,729,6234166,67.04,957,5733259,61.65,4035,3849773,41.4,0,0,0
2021-10-17,64.36,0.09,35.56,3090,6237256,67.07,2526,5735785,61.68,12798,3862571,41.54,0,0,0
2021-10-18,64.43,0.1,35.47,2460,6239716,67.1,1692,5737477,61.7,10069,3872640,41.64,0,0,0
2021-10-19,64.49,0.1,35.4,2399,6242115,67.12,1284,5738761,61.71,9294,3881934,41.74,0,0,0
2021-10-20,64.14,0.52,35.34,2436,6244551,67.15,2304,5741065,61.74,10103,3892037,41.85,0,0,0
2021-10-21,54.23,10.41,35.36,3034,6247585,67.18,3097,5744162,61.77,12163,3904200,41.98,0,0,0
2021-10-22,54.36,10.26,35.38,1279,6248864,67.2,1437,5745599,61.79,5840,3910040,42.05,0,0,0
2021-10-23,54.42,10.19,35.39,575,6249439,67.2,1266,5746865,61.8,2564,3912604,42.07,0,0,0
2021-10-24,54.22,10.43,35.35,2518,6251957,67.23,2653,5749518,61.83,9855,3922459,42.18,0,0,0
2021-10-25,54.59,10.22,35.19,2638,6254595,67.26,2752,5752270,61.86,8511,3930970,42.27,0,0,0
2021-10-26,54.64,10.26,35.1,2381,6256976,67.28,2059,5754329,61.88,8529,3939499,42.36,0,0,0
2021-10-27,54.58,10.37,35.06,2292,6259268,67.31,2566,5756895,61.91,7959,3947458,42.45,0,0,0
2021-10-28,54.69,10.76,34.55,2505,6261773,67.34,2782,5759677,61.94,8675,3956133,42.54,0,0,0
2021-10-29,54.73,10.75,34.52,901,6262674,67.35,1154,5760831,61.95,4138,3960271,42.59,0,0,0
2021-10-30,54.68,10.81,34.52,366,6263040,67.35,530,5761361,61.95,1712,3961983,42.61,0,0,0
2021-10-31,54.83,10.7,34.47,2261,6265301,67.37,2495,5763856,61.98,8256,3970239,42.69,0,0,0
2021-11-01,54.95,10.63,34.42,1737,6267038,67.39,2093,5765949,62,6480,3976719,42.76,0,0,0
2021-11-02,54.89,10.69,34.42,2026,6269064,67.41,2050,5767999,62.03,6296,3983015,42.83,0,0,0
2021-11-03,54.86,10.75,34.39,1764,6270828,67.43,1897,5769896,62.05,5556,3988571,42.89,0,0,0
2021-11-04,54.85,10.81,34.33,2111,6272939,67.46,2802,5772698,62.08,7133,3995704,42.97,0,0,0
2021-11-05,54.85,10.83,34.32,790,6273729,67.46,905,5773603,62.09,3487,3999191,43.01,0,0,0
2021-11-06,54.82,10.86,34.32,347,6274076,67.47,389,5773992,62.09,1375,4000566,43.02,0,0,0
2021-11-07,54.92,10.8,34.28,1578,6275654,67.49,1770,5775762,62.11,6134,4006700,43.09,0,0,0
2021-11-08,55.01,10.75,34.24,1520,6277174,67.5,1603,5777365,62.13,5406,4012106,43.14,0,0,0
2021-11-09,55.05,10.74,34.21,1428,6278602,67.52,1611,5778976,62.14,5333,4017439,43.2,0,0,0
2021-11-10,55.08,10.73,34.19,1424,6280026,67.53,1662,5780638,62.16,4779,4022218,43.25,0,0,0
2021-11-11,55.15,10.69,34.15,1628,6281654,67.55,1947,5782585,62.18,5718,4027936,43.31,0,0,0
2021-11-12,55.17,10.69,34.14,637,6282291,67.56,826,5783411,62.19,2925,4030861,43.35,0,0,0
2021-11-13,55.14,10.72,34.14,257,6282548,67.56,290,5783701,62.2,1130,4031991,43.36,0,0,0
2021-11-14,55.21,10.68,34.11,1536,6284084,67.58,1639,5785340,62.21,5111,4037102,43.41,0,0,0
2021-11-15,55.28,10.63,34.09,1275,6285359,67.59,1626,5786966,62.23,4770,4041872,43.46,0,0,0
2021-11-16,55.32,10.62,34.07,1275,6286634,67.6,1419,5788385,62.25,4349,4046221,43.51,0,0,0
2021-11-17,55.35,10.6,34.05,1208,6287842,67.62,1567,5789952,62.26,3915,4050136,43.55,0,0,0
2021-11-18,55.41,10.58,34.02,1364,6289206,67.63,1693,5791645,62.28,5012,4055148,43.61,0,0,0
2021-11-19,55.42,10.57,34.01,588,6289794,67.64,763,5792408,62.29,2460,4057608,43.63,0,0,0
2021-11-20,55.41,10.58,34,238,6290032,67.64,258,5792666,62.29,929,4058537,43.64,0,0,0
2021-11-21,55.47,10.54,33.98,1409,6291441,67.66,1542,5794208,62.31,4881,4063418,43.7,0,0,0
2021-11-22,55.54,10.5,33.96,1681,6293122,67.67,1523,5795731,62.32,4238,4067656,43.74,0,0,0
2021-11-23,55.57,10.48,33.95,8616,6301738,67.77,1688,5797419,62.34,4012,4071668,43.78,0,0,0
2021-11-24,55.6,10.44,33.95,9348,6311086,67.87,1319,5798738,62.36,3924,4075592,43.83,0,0,0
2021-11-25,55.64,10.43,33.93,9808,6320894,67.97,1600,5800338,62.37,4841,4080433,43.88,0,0,0
2021-11-26,55.63,10.45,33.92,5610,6326504,68.03,748,5801086,62.38,2805,4083238,43.91,0,0,0
2021-11-27,55.62,10.46,33.92,4776,6331280,68.08,324,5801410,62.39,1164,4084402,43.92,0,0,0
2021-11-28,55.67,10.43,33.9,10145,6341425,68.19,1481,5802891,62.4,4905,4089307,43.97,0,0,0
2021-11-29,55.73,10.39,33.88,9043,6350468,68.29,1134,5804025,62.41,4376,4093683,44.02,0,0,0
2021-11-30,55.77,10.37,33.86,10043,6360511,68.4,1038,5805063,62.42,4084,4097767,44.07,0,0,0
2021-12-01,55.79,10.36,33.84,8630,6369141,68.49,1097,5806160,62.44,4444,4102211,44.11,5,5,0
2021-12-02,55.84,10.34,33.82,9173,6378314,68.59,1456,5807616,62.45,5125,4107336,44.17,6,11,0
2021-12-03,55.86,10.33,33.81,6329,6384643,68.66,673,5808289,62.46,2868,4110204,44.2,1,12,0
2021-12-04,55.85,10.34,33.81,2509,6387152,68.68,238,5808527,62.46,926,4111130,44.21,3,15,0
2021-12-05,55.9,10.31,33.79,8334,6395486,68.77,1254,5809781,62.48,4683,4115813,44.26,1,16,0
2021-12-06,55.95,10.27,33.78,6720,6402206,68.85,1200,5810981,62.49,4351,4120164,44.31,4,20,0
2021-12-07,55.99,10.25,33.76,5553,6407759,68.91,1506,5812487,62.5,3966,4124130,44.35,9,29,0
2021-12-08,56.03,10.22,33.75,4936,6412695,68.96,1200,5813687,62.52,3884,4128014,44.39,10,39,0
2021-12-09,56.08,10.19,33.73,6239,6418934,69.03,1241,5814928,62.53,4508,4132522,44.44,8,47,0
2021-12-10,56.1,10.18,33.72,3004,6421938,69.06,704,5815632,62.54,2687,4135209,44.47,4,51,0
2021-12-11,56.1,10.18,33.71,1491,6423429,69.07,255,5815887,62.54,1021,4136230,44.48,0,51,0
2021-12-12,56.16,10.15,33.69,7274,6430703,69.15,1444,5817331,62.56,5248,4141478,44.54,3,54,0
2021-12-13,56.21,10.11,33.67,6180,6436883,69.22,1377,5818708,62.57,4351,4145829,44.58,5,59,0
2021-12-14,56.27,10.09,33.65,7316,6444199,69.3,6098,5824806,62.64,4941,4150770,44.64,12,71,0
2021-12-15,56.34,10.06,33.6,7204,6451403,69.38,7404,5832210,62.72,5446,4156216,44.69,7,78,0
2021-12-16,56.53,10.05,33.42,8079,6459482,69.46,8609,5840819,62.81,6564,4162780,44.76,8,86,0
2021-12-17,56.64,10.05,33.3,4406,6463888,69.51,5141,5845960,62.86,3954,4166734,44.81,3,89,0
2021-12-18,56.73,10.07,33.2,3941,6467829,69.55,2913,5848873,62.9,1361,4168095,44.82,2,91,0
2021-12-19,56.92,10.04,33.04,6978,6474807,69.63,9328,5858201,63,6276,4174371,44.89,6,97,0
2021-12-20,57.07,10.02,32.91,7972,6482779,69.71,7518,5865719,63.08,5447,4179818,44.95,9,106,0
2021-12-21,57.27,10.01,32.71,9548,6492327,69.82,8647,5874366,63.17,6492,4186310,45.02,8,114,0
2021-12-22,57.49,10,32.52,9663,6501990,69.92,8151,5882517,63.26,6255,4192565,45.08,12,126,0
2021-12-23,57.7,9.97,32.33,11539,6513529,70.04,10261,5892778,63.37,8160,4200725,45.17,16,142,0
2021-12-24,57.83,9.96,32.21,5875,6519404,70.11,6241,5899019,63.44,5281,4206006,45.23,12,154,0
2021-12-25,57.9,9.96,32.15,3338,6522742,70.14,2566,5901585,63.46,2021,4208027,45.25,6,160,0
2021-12-26,58.1,9.92,31.98,10652,6533394,70.26,8908,5910493,63.56,8201,4216228,45.34,8,168,0
2021-12-27,58.27,9.9,31.83,10370,6543764,70.37,7142,5917635,63.64,8188,4224416,45.43,22,190,0
2021-12-28,58.46,9.88,31.66,11375,6555139,70.49,7451,5925086,63.72,9643,4234059,45.53,24,214,0
2021-12-29,58.64,9.85,31.51,9933,6565072,70.6,5964,5931050,63.78,8376,4242435,45.62,21,235,0
2021-12-30,58.84,9.82,31.34,11012,6576084,70.72,7735,5938785,63.86,12241,4254676,45.75,10,245,0
2021-12-31,58.9,9.79,31.3,4829,6580913,70.77,3671,5942456,63.9,7296,4261972,45.83,135,380,0
2022-01-01,58.93,9.79,31.28,1993,6582906,70.79,1592,5944048,63.92,2741,4264713,45.86,66,446,0
2022-01-02,59.14,9.76,31.1,10216,6593122,70.9,6487,5950535,63.99,13002,4277715,46,590,1036,0.01
2022-01-03,59.29,9.71,31,9384,6602506,71,5259,5955794,64.05,11342,4289057,46.12,25055,26091,0.28
2022-01-04,59.46,9.68,30.86,8964,6611470,71.1,5948,5961742,64.11,10525,4299582,46.24,50660,76751,0.83
2022-01-05,59.56,9.65,30.79,8553,6620023,71.19,5739,5967481,64.17,10494,4310076,46.35,59590,136341,1.47
2022-01-06,59.81,9.63,30.56,10339,6630362,71.3,7959,5975440,64.26,13531,4323607,46.49,64001,200342,2.15
2022-01-07,59.89,9.61,30.49,4759,6635121,71.35,4557,5979997,64.31,8166,4331773,46.58,31135,231477,2.49
2022-01-08,59.9,9.64,30.46,2749,6637870,71.38,2451,5982448,64.33,5501,4337274,46.64,27632,259109,2.79
2022-01-09,60.06,9.59,30.35,9305,6647175,71.48,7724,5990172,64.42,11871,4349145,46.77,66765,325874,3.5
2022-01-10,60.21,9.54,30.25,8347,6655522,71.57,7646,5997818,64.5,11884,4361029,46.9,64780,390654,4.2
2022-01-11,60.38,9.49,30.13,8099,6663621,71.66,8621,6006439,64.59,11974,4373003,47.03,56660,447314,4.81
2022-01-12,60.51,9.45,30.04,7275,6670896,71.74,8305,6014744,64.68,11114,4384117,47.14,44631,491945,5.29
2022-01-13,60.7,9.35,29.94,7509,6678405,71.82,9617,6024361,64.78,11546,4395663,47.27,34768,526713,5.66
2022-01-14,60.79,9.31,29.9,2554,6680959,71.84,4935,6029296,64.84,6145,4401808,47.33,11142,537855,5.78
2022-01-15,60.83,9.29,29.87,1469,6682428,71.86,3170,6032466,64.87,3884,4405692,47.38,5716,543571,5.85
2022-01-16,60.97,9.2,29.82,3817,6686245,71.9,8524,6040990,64.96,7682,4413374,47.46,19993,563564,6.06
2022-01-17,61.09,9.13,29.78,2808,6689053,71.93,7047,6048037,65.04,6173,4419547,47.53,17833,581397,6.25
2022-01-18,61.23,9.07,29.7,2475,6691528,71.96,7386,6055423,65.12,5535,4425082,47.59,14817,596214,6.41
2022-01-19,61.37,8.98,29.65,1915,6693443,71.98,6369,6061792,65.19,4522,4429604,47.63,8461,604675,6.5
2022-01-20,61.44,8.85,29.71,1777,6695220,72,6971,6068763,65.26,4793,4434397,47.69,8041,612716,6.59
2022-01-21,61.51,8.81,29.68,905,6696125,72.01,3725,6072488,65.3,2646,4437043,47.71,3358,616074,6.63
2022-01-22,61.51,8.75,29.74,328,6696453,72.01,1462,6073950,65.32,1067,4438110,47.73,1113,617187,6.64
2022-01-23,61.61,8.7,29.69,1068,6697521,72.02,5632,6079582,65.38,2879,4440989,47.76,6083,623270,6.7
2022-01-24,61.73,8.62,29.65,759,6698280,72.03,4481,6084063,65.42,2270,4443259,47.78,5056,628326,6.76
2022-01-25,61.9,8.51,29.59,744,6699024,72.04,4401,6088464,65.47,2187,4445446,47.8,7102,635428,6.83
2022-01-26,62.02,8.42,29.57,615,6699639,72.04,3285,6091749,65.51,1612,4447058,47.82,4262,639690,6.88
2022-01-27,62.12,8.35,29.52,798,6700437,72.05,4405,6096154,65.55,2005,4449063,47.84,5441,645131,6.94
2022-01-28,62.16,8.33,29.5,397,6700834,72.06,2376,6098530,65.58,1181,4450244,47.86,3452,648583,6.97
2022-01-29,62.23,8.29,29.48,124,6700958,72.06,1046,6099576,65.59,425,4450669,47.86,1162,649745,6.99
2022-01-30,62.3,8.24,29.46,769,6701727,72.07,4719,6104295,65.64,2020,4452689,47.88,8099,657844,7.07
2022-01-31,62.39,8.17,29.43,528,6702255,72.07,3183,6107478,65.68,1610,4454299,47.9,6472,664316,7.14
2022-02-01,62.45,8.15,29.4,482,6702737,72.08,2809,6110287,65.71,1526,4455825,47.92,5722,670038,7.21
2022-02-02,62.28,8.13,29.59,375,6703112,72.08,2394,6112681,65.73,1386,4457211,47.93,5073,675111,7.26
2022-02-03,62.34,8.08,29.57,446,6703558,72.09,2776,6115457,65.76,1462,4458673,47.95,5607,680718,7.32
2022-02-04,62.37,8.06,29.57,174,6703732,72.09,991,6116448,65.77,757,4459430,47.95,2455,683173,7.35
2022-02-05,62.34,8.09,29.56,62,6703794,72.09,342,6116790,65.78,221,4459651,47.96,420,683593,7.35
2022-02-06,62.41,8.05,29.55,407,6704201,72.09,2320,6119110,65.8,1344,4460995,47.97,5687,689280,7.41
2022-02-07,62.47,8.01,29.52,283,6704484,72.1,1308,6120418,65.82,983,4461978,47.98,5960,695240,7.48
2022-02-08,62.54,7.97,29.49,317,6704801,72.1,1498,6121916,65.83,1068,4463046,47.99,6138,701378,7.54
2022-02-09,62.6,7.95,29.45,254,6705055,72.1,1102,6123018,65.84,946,4463992,48,4570,705948,7.59
2022-02-10,62.63,7.93,29.44,273,6705328,72.11,1292,6124310,65.86,936,4464928,48.01,4815,710763,7.64
2022-02-11,62.67,7.91,29.42,211,6705539,72.11,557,6124867,65.86,518,4465446,48.02,2540,713303,7.67
2022-02-12,62.67,7.91,29.41,32,6705571,72.11,91,6124958,65.86,136,4465582,48.02,269,713572,7.67
2022-02-13,62.73,7.87,29.39,286,6705857,72.11,946,6125904,65.88,966,4466548,48.03,4998,718570,7.73
2022-02-14,62.89,7.74,29.36,179,6706036,72.11,628,6126532,65.88,760,4467308,48.04,3143,721713,7.76
2022-02-15,62.92,7.73,29.35,265,6706301,72.12,763,6127295,65.89,937,4468245,48.05,3819,725532,7.8
2022-02-16,62.95,7.72,29.34,179,6706480,72.12,577,6127872,65.9,803,4469048,48.06,2488,728020,7.83
2022-02-17,62.96,7.7,29.34,247,6706727,72.12,740,6128612,65.9,775,4469823,48.07,3061,731081,7.86
2022-02-18,62.98,7.69,29.33,130,6706857,72.12,343,6128955,65.91,439,4470262,48.07,1119,732200,7.87
2022-02-19,62.99,7.69,29.32,33,6706890,72.12,84,6129039,65.91,82,4470344,48.07,80,732280,7.87
2022-02-20,63.01,7.67,29.32,204,6707094,72.12,604,6129643,65.92,723,4471067,48.08,2574,734854,7.9
2022-02-21,63.04,7.65,29.31,173,6707267,72.13,413,6130056,65.92,490,4471557,48.08,1542,736396,7.92
2022-02-22,63.05,7.65,29.3,158,6707425,72.13,455,6130511,65.92,570,4472127,48.09,1871,738267,7.94
2022-02-23,63.06,7.65,29.29,109,6707534,72.13,353,6130864,65.93,453,4472580,48.1,1153,739420,7.95
2022-02-24,63.05,7.66,29.29,138,6707672,72.13,463,6131327,65.93,568,4473148,48.1,1493,740913,7.97
2022-02-25,63.06,7.66,29.28,59,6707731,72.13,144,6131471,65.93,193,4473341,48.1,456,741369,7.97
2022-02-26,63.05,7.67,29.28,17,6707748,72.13,28,6131499,65.94,161,4473502,48.11,35,741404,7.97
2022-02-27,63.05,7.67,29.28,112,6707860,72.13,341,6131840,65.94,448,4473950,48.11,1119,742523,7.98
2022-02-28,63.07,7.65,29.28,108,6707968,72.13,271,6132111,65.94,424,4474374,48.12,908,743431,7.99
2022-03-01,63.1,7.63,29.27,97,6708065,72.14,280,6132391,65.94,373,4474747,48.12,797,744228,8
2022-03-02,63.11,7.62,29.27,77,6708142,72.14,199,6132590,65.95,324,4475071,48.12,698,744926,8.01
2022-03-03,63.05,7.67,29.27,157,6708299,72.14,371,6132961,65.95,498,4475569,48.13,987,745913,8.02
2022-03-04,63.05,7.68,29.27,53,6708352,72.14,170,6133131,65.95,170,4475739,48.13,228,746141,8.02
2022-03-05,63.04,7.69,29.27,4,6708356,72.14,25,6133156,65.95,44,4475783,48.13,32,746173,8.02
2022-03-06,63.04,7.69,29.27,98,6708454,72.14,259,6133415,65.96,417,4476200,48.13,760,746933,8.03
2022-03-07,63.05,7.69,29.26,86,6708540,72.14,260,6133675,65.96,354,4476554,48.14,605,747538,8.04
2022-03-08,63.04,7.7,29.26,99,6708639,72.14,263,6133938,65.96,333,4476887,48.14,550,748088,8.04
2022-03-09,63.02,7.72,29.25,89,6708728,72.14,213,6134151,65.96,337,4477224,48.15,492,748580,8.05
2022-03-10,63.01,7.74,29.25,115,6708843,72.14,375,6134526,65.97,428,4477652,48.15,620,749200,8.06
2022-03-11,63,7.75,29.25,24,6708867,72.14,85,6134611,65.97,123,4477775,48.15,144,749344,8.06
2022-03-12,62.98,7.77,29.24,11,6708878,72.14,12,6134623,65.97,34,4477809,48.15,28,749372,8.06
2022-03-13,62.98,7.78,29.24,100,6708978,72.15,271,6134894,65.97,358,4478167,48.16,595,749967,8.06
2022-03-14,62.98,7.78,29.24,66,6709044,72.15,253,6135147,65.97,316,4478483,48.16,559,750526,8.07
2022-03-15,62.95,7.81,29.24,80,6709124,72.15,185,6135332,65.98,293,4478776,48.16,592,751118,8.08
2022-03-16,62.94,7.82,29.24,77,6709201,72.15,205,6135537,65.98,305,4479081,48.17,668,751786,8.08
2022-03-17,62.94,7.82,29.24,65,6709266,72.15,122,6135659,65.98,286,4479367,48.17,613,752399,8.09
2022-03-18,62.94,7.82,29.24,20,6709286,72.15,54,6135713,65.98,100,4479467,48.17,234,752633,8.09
2022-03-19,62.89,7.88,29.23,6,6709292,72.15,11,6135724,65.98,29,4479496,48.17,39,752672,8.09
2022-03-20,62.87,7.89,29.23,119,6709411,72.15,260,6135984,65.98,486,4479982,48.18,1431,754103,8.11
2022-03-21,62.87,7.9,29.23,97,6709508,72.15,247,6136231,65.99,379,4480361,48.18,1132,755235,8.12
2022-03-22,62.84,7.94,29.23,141,6709649,72.15,342,6136573,65.99,508,4480869,48.19,1770,757005,8.14
2022-03-23,62.81,7.97,29.22,108,6709757,72.15,212,6136785,65.99,463,4481332,48.19,1677,758682,8.16
2022-03-24,62.78,8,29.22,174,6709931,72.16,345,6137130,66,769,4482101,48.2,2363,761045,8.18
2022-03-25,62.78,8,29.23,39,6709970,72.16,82,6137212,66,159,4482260,48.2,630,761675,8.19
2022-03-26,62.77,8,29.22,12,6709982,72.16,13,6137225,66,34,4482294,48.2,91,761766,8.19
2022-03-27,62.75,8.02,29.22,167,6710149,72.16,344,6137569,66,760,4483054,48.21,3193,764959,8.23
2022-03-28,62.75,8.03,29.22,113,6710262,72.16,270,6137839,66,623,4483677,48.22,2416,767375,8.25
2022-03-29,62.7,8.07,29.22,125,6710387,72.16,258,6138097,66.01,641,4484318,48.22,2772,770147,8.28
2022-03-30,62.81,8.11,29.07,132,6710519,72.16,208,6138305,66.01,542,4484860,48.23,2370,772517,8.31
2022-03-31,62.79,8.11,29.1,166,6710685,72.16,302,6138607,66.01,730,4485590,48.24,2853,775370,8.34
2022-04-01,62.72,8.13,29.15,122,6710807,72.16,161,6138768,66.01,277,4485867,48.24,588,775958,8.34
2022-04-02,62.69,8.15,29.16,7,6710814,72.16,7,6138775,66.01,37,4485904,48.24,52,776010,8.34
2022-04-03,62.65,8.16,29.19,159,6710973,72.17,270,6139045,66.02,569,4486473,48.25,2478,778488,8.37
2022-04-04,62.62,8.16,29.22,103,6711076,72.17,208,6139253,66.02,484,4486957,48.25,2225,780713,8.4
2022-04-05,62.57,8.19,29.25,122,6711198,72.17,221,6139474,66.02,513,4487470,48.26,2243,782956,8.42
2022-04-06,62.55,8.2,29.25,91,6711289,72.17,157,6139631,66.02,382,4487852,48.26,2023,784979,8.44
2022-04-07,62.56,8.2,29.24,191,6711480,72.17,215,6139846,66.02,641,4488493,48.27,2556,787535,8.47
2022-04-08,62.54,8.22,29.23,30,6711510,72.17,61,6139907,66.03,154,4488647,48.27,482,788017,8.47
2022-04-09,62.52,8.25,29.23,6,6711516,72.17,17,6139924,66.03,28,4488675,48.27,47,788064,8.47
2022-04-10,62.51,8.26,29.23,103,6711619,72.17,264,6140188,66.03,429,4489104,48.27,1845,789909,8.49
2022-04-11,62.54,8.26,29.2,78,6711697,72.17,201,6140389,66.03,371,4489475,48.28,1425,791334,8.51
2022-04-12,62.58,8.29,29.12,204,6711901,72.18,168,6140557,66.03,376,4489851,48.28,1360,792694,8.52
2022-04-13,62.58,8.31,29.1,117,6712018,72.18,150,6140707,66.03,298,4490149,48.28,1218,793912,8.54
2022-04-14,62.57,8.33,29.1,85,6712103,72.18,221,6140928,66.04,321,4490470,48.29,1069,794981,8.55
2022-04-15,62.55,8.35,29.1,9,6712112,72.18,51,6140979,66.04,48,4490518,48.29,82,795063,8.55
2022-04-16,62.53,8.37,29.1,3,6712115,72.18,8,6140987,66.04,21,4490539,48.29,29,795092,8.55
2022-04-17,62.52,8.38,29.1,62,6712177,72.18,131,6141118,66.04,229,4490768,48.29,807,795899,8.56
2022-04-18,62.51,8.38,29.1,68,6712245,72.18,109,6141227,66.04,253,4491021,48.29,750,796649,8.57
2022-04-19,62.5,8.4,29.1,61,6712306,72.18,145,6141372,66.04,273,4491294,48.3,842,797491,8.58
2022-04-20,62.48,8.42,29.1,60,6712366,72.18,117,6141489,66.04,235,4491529,48.3,656,798147,8.58
2022-04-21,62.47,8.43,29.1,53,6712419,72.18,109,6141598,66.04,197,4491726,48.3,479,798626,8.59
2022-04-22,62.45,8.44,29.11,3,6712422,72.18,17,6141615,66.04,19,4491745,48.3,20,798646,8.59
2022-04-23,62.43,8.46,29.11,6,6712428,72.18,9,6141624,66.04,16,4491761,48.3,13,798659,8.59
2022-04-24,62.43,8.47,29.1,92,6712520,72.18,250,6141874,66.05,329,4492090,48.31,872,799531,8.6
2022-04-25,62.43,8.47,29.1,104,6712624,72.18,191,6142065,66.05,316,4492406,48.31,739,800270,8.61
2022-04-26,62.42,8.48,29.1,76,6712700,72.19,175,6142240,66.05,304,4492710,48.31,789,801059,8.61
2022-04-27,62.41,8.49,29.1,54,6712754,72.19,160,6142400,66.05,227,4492937,48.31,640,801699,8.62
2022-04-28,62.41,8.5,29.1,97,6712851,72.19,232,6142632,66.05,329,4493266,48.32,872,802571,8.63
2022-04-29,62.39,8.51,29.1,112,6712963,72.19,159,6142791,66.06,184,4493450,48.32,196,802767,8.63
2022-04-30,62.38,8.52,29.1,1,6712964,72.19,3,6142794,66.06,24,4493474,48.32,22,802789,8.63
2022-05-01,62.38,8.53,29.09,135,6713099,72.19,185,6142979,66.06,317,4493791,48.32,630,803419,8.64
2022-05-02,62.37,8.54,29.09,62,6713161,72.19,155,6143134,66.06,235,4494026,48.33,491,803910,8.64
2022-05-03,62.36,8.55,29.09,73,6713234,72.19,151,6143285,66.06,288,4494314,48.33,508,804418,8.65
2022-05-04,62.35,8.57,29.08,23,6713257,72.19,56,6143341,66.06,63,4494377,48.33,129,804547,8.65
2022-05-05,62.34,8.58,29.08,5,6713262,72.19,1,6143342,66.06,8,4494385,48.33,14,804561,8.65
2022-05-06,62.33,8.59,29.08,20,6713282,72.19,59,6143401,66.06,63,4494448,48.33,154,804715,8.65
2022-05-07,62.32,8.6,29.08,1,6713283,72.19,7,6143408,66.06,27,4494475,48.33,24,804739,8.65
2022-05-08,62.31,8.61,29.08,118,6713401,72.19,207,6143615,66.07,270,4494745,48.33,457,805196,8.66
2022-05-09,62.31,8.61,29.08,59,6713460,72.19,162,6143777,66.07,251,4494996,48.34,505,805701,8.66
2022-05-10,62.3,8.62,29.08,131,6713591,72.19,169,6143946,66.07,261,4495257,48.34,508,806209,8.67
2022-05-11,62.3,8.63,29.08,58,6713649,72.2,118,6144064,66.07,183,4495440,48.34,464,806673,8.67
2022-05-12,62.29,8.64,29.07,119,6713768,72.2,200,6144264,66.07,280,4495720,48.34,666,807339,8.68
2022-05-13,62.28,8.65,29.07,11,6713779,72.2,44,6144308,66.07,71,4495791,48.35,110,807449,8.68
2022-05-14,62.26,8.66,29.07,6,6713785,72.2,13,6144321,66.07,14,4495805,48.35,24,807473,8.68
2022-05-15,62.26,8.67,29.07,90,6713875,72.2,175,6144496,66.07,246,4496051,48.35,665,808138,8.69
2022-05-16,62.19,8.65,29.16,68,6713943,72.2,141,6144637,66.08,230,4496281,48.35,510,808648,8.7
2022-05-17,62.18,8.66,29.16,73,6714016,72.2,153,6144790,66.08,267,4496548,48.35,618,809266,8.7
2022-05-18,62.17,8.67,29.16,43,6714059,72.2,99,6144889,66.08,169,4496717,48.36,447,809713,8.71
2022-05-19,62.16,8.68,29.16,62,6714121,72.2,173,6145062,66.08,213,4496930,48.36,499,810212,8.71
2022-05-20,62.15,8.69,29.16,76,6714197,72.2,114,6145176,66.08,130,4497060,48.36,138,810350,8.71
2022-05-21,62.14,8.7,29.16,4,6714201,72.2,7,6145183,66.08,15,4497075,48.36,18,810368,8.71
2022-05-22,62.14,8.71,29.16,85,6714286,72.2,190,6145373,66.08,216,4497291,48.36,427,810795,8.72
2022-05-23,62.14,8.71,29.16,65,6714351,72.2,121,6145494,66.09,156,4497447,48.36,348,811143,8.72
2022-05-24,62.13,8.71,29.15,43,6714394,72.2,119,6145613,66.09,157,4497604,48.37,394,811537,8.73
2022-05-25,62.12,8.72,29.15,61,6714455,72.2,103,6145716,66.09,168,4497772,48.37,337,811874,8.73
2022-05-26,62.11,8.73,29.16,72,6714527,72.2,136,6145852,66.09,186,4497958,48.37,347,812221,8.73
2022-05-27,62.1,8.74,29.16,12,6714539,72.2,29,6145881,66.09,43,4498001,48.37,59,812280,8.73
2022-05-28,62.09,8.75,29.16,2,6714541,72.2,5,6145886,66.09,8,4498009,48.37,12,812292,8.74
2022-05-29,62.09,8.75,29.16,89,6714630,72.21,153,6146039,66.09,163,4498172,48.37,316,812608,8.74
2022-05-30,62.09,8.76,29.16,56,6714686,72.21,134,6146173,66.09,125,4498297,48.37,291,812899,8.74
2022-05-31,62.07,8.78,29.15,45,6714731,72.21,104,6146277,66.09,153,4498450,48.37,351,813250,8.75
2022-06-01,61.95,8.9,29.16,65,6714796,72.21,90,6146367,66.09,119,4498569,48.38,277,813527,8.75
2022-06-02,45.96,24.88,29.15,77,6714873,72.21,156,6146523,66.1,178,4498747,48.38,255,813782,8.75
2022-06-03,45.9,24.95,29.16,10,6714883,72.21,23,6146546,66.1,21,4498768,48.38,33,813815,8.75
2022-06-04,45.84,25,29.16,0,6714883,72.21,7,6146553,66.1,8,4498776,48.38,5,813820,8.75
2022-06-05,45.8,25.05,29.16,11,6714894,72.21,14,6146567,66.1,7,4498783,48.38,2,813822,8.75
2022-06-06,39.96,30.89,29.16,58,6714952,72.21,145,6146712,66.1,161,4498944,48.38,262,814084,8.75
2022-06-07,39.92,30.93,29.15,54,6715006,72.21,134,6146846,66.1,142,4499086,48.38,379,814463,8.76
2022-06-08,39.89,30.96,29.15,59,6715065,72.21,104,6146950,66.1,131,4499217,48.38,497,814960,8.76
2022-06-09,39.86,30.99,29.15,84,6715149,72.21,208,6147158,66.1,234,4499451,48.38,642,815602,8.77
2022-06-10,39.83,31.02,29.15,14,6715163,72.21,51,6147209,66.1,59,4499510,48.39,142,815744,8.77
2022-06-11,39.8,31.05,29.15,0,6715163,72.21,3,6147212,66.1,7,4499517,48.39,19,815763,8.77
2022-06-12,39.8,31.05,29.15,109,6715272,72.21,199,6147411,66.11,191,4499708,48.39,767,816530,8.78
2022-06-13,39.81,31.04,29.15,84,6715356,72.21,142,6147553,66.11,168,4499876,48.39,626,817156,8.79
2022-06-14,39.79,31.06,29.15,116,6715472,72.21,173,6147726,66.11,208,4500084,48.39,759,817915,8.8
2022-06-15,39.78,31.08,29.15,71,6715543,72.22,141,6147867,66.11,207,4500291,48.39,700,818615,8.8
2022-06-16,39.74,31.11,29.14,94,6715637,72.22,136,6148003,66.11,218,4500509,48.4,742,819357,8.81
2022-06-17,39.72,31.14,29.15,16,6715653,72.22,63,6148066,66.11,53,4500562,48.4,125,819482,8.81
2022-06-18,39.68,31.17,29.14,3,6715656,72.22,4,6148070,66.11,11,4500573,48.4,15,819497,8.81
2022-06-19,39.53,31.33,29.15,115,6715771,72.22,208,6148278,66.12,318,4500891,48.4,877,820374,8.82
2022-06-20,33.92,36.85,29.23,99,6715870,72.22,152,6148430,66.12,307,4501198,48.4,922,821296,8.83
2022-06-21,33.58,37.19,29.23,94,6715964,72.22,154,6148584,66.12,375,4501573,48.41,1229,822525,8.85
2022-06-22,33.28,37.49,29.23,110,6716074,72.22,136,6148720,66.12,339,4501912,48.41,894,823419,8.85
2022-06-23,32.84,37.92,29.23,132,6716206,72.22,217,6148937,66.12,525,4502437,48.42,1146,824565,8.87
2022-06-24,32.43,38.34,29.24,19,6716225,72.22,35,6148972,66.12,110,4502547,48.42,208,824773,8.87
2022-06-25,32.04,38.72,29.24,1,6716226,72.22,3,6148975,66.12,13,4502560,48.42,16,824789,8.87
2022-06-26,31.63,39.13,29.24,107,6716333,72.22,158,6149133,66.12,379,4502939,48.42,933,825722,8.88
2022-06-27,31.29,39.47,29.24,86,6716419,72.23,172,6149305,66.13,392,4503331,48.43,1028,826750,8.89
2022-06-28,30.86,39.91,29.24,85,6716504,72.23,151,6149456,66.13,363,4503694,48.43,932,827682,8.9
2022-06-29,30.48,40.28,29.24,76,6716580,72.23,108,6149564,66.13,265,4503959,48.43,816,828498,8.91
2022-06-30,30.05,40.71,29.24,86,6716666,72.23,165,6149729,66.13,355,4504314,48.44,1062,829560,8.92
2022-07-01,29.62,41.14,29.24,22,6716688,72.23,28,6149757,66.13,55,4504369,48.44,80,829640,8.92
2022-07-02,29.2,41.56,29.24,1,6716689,72.23,2,6149759,66.13,8,4504377,48.44,18,829658,8.92
2022-07-03,28.81,41.95,29.24,100,6716789,72.23,177,6149936,66.13,322,4504699,48.44,637,830295,8.93
2022-07-04,28.5,42.26,29.24,76,6716865,72.23,140,6150076,66.13,278,4504977,48.44,749,831044,8.94
2022-07-05,28.06,42.7,29.24,59,6716924,72.23,142,6150218,66.14,302,4505279,48.45,688,831732,8.94
2022-07-06,27.39,43.37,29.24,78,6717002,72.23,124,6150342,66.14,211,4505490,48.45,646,832378,8.95
2022-07-07,26.48,44.28,29.24,82,6717084,72.23,164,6150506,66.14,267,4505757,48.45,721,833099,8.96
2022-07-08,25.47,45.29,29.24,17,6717101,72.23,33,6150539,66.14,69,4505826,48.45,131,833230,8.96
2022-07-09,24.42,46.34,29.24,0,6717101,72.23,1,6150540,66.14,3,4505829,48.45,3,833233,8.96
2022-07-10,23.77,46.99,29.24,90,6717191,72.23,164,6150704,66.14,229,4506058,48.46,470,833703,8.97
2022-07-11,23.22,47.54,29.24,64,6717255,72.23,142,6150846,66.14,248,4506306,48.46,575,834278,8.97
2022-07-12,22.13,48.63,29.24,69,6717324,72.23,129,6150975,66.14,207,4506513,48.46,558,834836,8.98
2022-07-13,21.1,49.66,29.24,43,6717367,72.24,101,6151076,66.15,165,4506678,48.46,488,835324,8.98
2022-07-14,20.12,50.63,29.24,70,6717437,72.24,147,6151223,66.15,208,4506886,48.46,513,835837,8.99
2022-07-15,19.27,51.48,29.25,64,6717501,72.24,88,6151311,66.15,127,4507013,48.47,168,836005,8.99
2022-07-16,18.29,52.46,29.25,0,6717501,72.24,6,6151317,66.15,7,4507020,48.47,8,836013,8.99
2022-07-17,17.83,52.92,29.25,77,6717578,72.24,183,6151500,66.15,241,4507261,48.47,468,836481,9
2022-07-18,17.48,53.26,29.26,62,6717640,72.24,158,6151658,66.15,207,4507468,48.47,511,836992,9
2022-07-19,16.77,53.97,29.26,63,6717703,72.24,147,6151805,66.15,173,4507641,48.47,368,837360,9
2022-07-20,16.09,54.64,29.26,51,6717754,72.24,134,6151939,66.15,137,4507778,48.47,423,837783,9.01
2022-07-21,15.43,55.3,29.27,61,6717815,72.24,160,6152099,66.16,177,4507955,48.48,341,838124,9.01
2022-07-22,14.64,56.08,29.28,10,6717825,72.24,36,6152135,66.16,43,4507998,48.48,56,838180,9.01
2022-07-23,14.17,56.55,29.28,0,6717825,72.24,4,6152139,66.16,4,4508002,48.48,9,838189,9.01
2022-07-24,13.55,57.16,29.29,58,6717883,72.24,128,6152267,66.16,197,4508199,48.48,364,838553,9.02
2022-07-25,13.09,57.61,29.3,48,6717931,72.24,107,6152374,66.16,172,4508371,48.48,336,838889,9.02
2022-07-26,12.46,58.23,29.3,47,6717978,72.24,99,6152473,66.16,111,4508482,48.48,270,839159,9.02
2022-07-27,11.89,58.8,29.31,43,6718021,72.24,125,6152598,66.16,132,4508614,48.48,243,839402,9.03
2022-07-28,11.35,59.34,29.31,62,6718083,72.24,143,6152741,66.16,148,4508762,48.48,220,839622,9.03
2022-07-29,10.85,59.83,29.32,10,6718093,72.24,25,6152766,66.16,27,4508789,48.49,31,839653,9.03
2022-07-30,10.34,60.33,29.33,0,6718093,72.24,0,6152766,66.16,1,4508790,48.49,1,839654,9.03
2022-07-31,9.97,60.7,29.33,56,6718149,72.24,134,6152900,66.17,131,4508921,48.49,252,839906,9.03
2022-08-01,9.47,61.19,29.34,54,6718203,72.24,76,6152976,66.17,91,4509012,48.49,152,840058,9.03
2022-08-02,8.92,61.73,29.35,111,6718314,72.25,119,6153095,66.17,157,4509169,48.49,264,840322,9.04
2022-08-03,8.46,62.19,29.35,76,6718390,72.25,71,6153166,66.17,92,4509261,48.49,180,840502,9.04
2022-08-04,8.04,62.61,29.36,133,6718523,72.25,133,6153299,66.17,111,4509372,48.49,246,840748,9.04
2022-08-05,7.71,62.93,29.36,31,6718554,72.25,23,6153322,66.17,13,4509385,48.49,24,840772,9.04
2022-08-06,7.32,63.32,29.36,1,6718555,72.25,2,6153324,66.17,3,4509388,48.49,5,840777,9.04
2022-08-07,6.92,63.71,29.37,89,6718644,72.25,97,6153421,66.17,69,4509457,48.49,169,840946,9.04
2022-08-08,6.74,63.89,29.37,109,6718753,72.25,92,6153513,66.17,92,4509549,48.49,172,841118,9.05
2022-08-09,6.25,64.37,29.38,96,6718849,72.25,90,6153603,66.17,99,4509648,48.49,213,841331,9.05
2022-08-10,5.91,64.71,29.38,77,6718926,72.25,60,6153663,66.17,76,4509724,48.5,115,841446,9.05
2022-08-11,5.59,65.03,29.38,54,6718980,72.25,101,6153764,66.17,91,4509815,48.5,155,841601,9.05
2022-08-12,5.35,65.27,29.38,8,6718988,72.25,12,6153776,66.17,18,4509833,48.5,29,841630,9.05
2022-08-13,5.1,65.52,29.38,0,6718988,72.25,2,6153778,66.17,2,4509835,48.5,3,841633,9.05
2022-08-14,4.87,65.75,29.39,74,6719062,72.25,75,6153853,66.18,82,4509917,48.5,150,841783,9.05
2022-08-15,4.74,65.87,29.39,69,6719131,72.25,81,6153934,66.18,92,4510009,48.5,143,841926,9.05
2022-08-16,4.46,66.15,29.39,82,6719213,72.26,84,6154018,66.18,83,4510092,48.5,187,842113,9.06
2022-08-17,4.16,66.44,29.39,47,6719260,72.26,56,6154074,66.18,36,4510128,48.5,115,842228,9.06
2022-08-18,3.98,66.63,29.39,70,6719330,72.26,93,6154167,66.18,120,4510248,48.5,173,842401,9.06
2022-08-19,3.83,66.78,29.39,78,6719408,72.26,67,6154234,66.18,57,4510305,48.5,38,842439,9.06
2022-08-20,3.67,66.94,29.39,1,6719409,72.26,1,6154235,66.18,3,4510308,48.5,3,842442,9.06
2022-08-21,3.52,67.08,29.4,52,6719461,72.26,85,6154320,66.18,84,4510392,48.5,197,842639,9.06
2022-08-22,3.44,67.16,29.4,89,6719550,72.26,74,6154394,66.18,103,4510495,48.5,144,842783,9.06
2022-08-23,3.27,67.33,29.4,72,6719622,72.26,106,6154500,66.18,84,4510579,48.5,180,842963,9.06
2022-08-24,3.15,67.46,29.4,38,6719660,72.26,80,6154580,66.18,49,4510628,48.51,133,843096,9.07
2022-08-25,3.03,67.57,29.4,53,6719713,72.26,75,6154655,66.18,97,4510725,48.51,193,843289,9.07
2022-08-26,2.94,67.66,29.4,4,6719717,72.26,15,6154670,66.18,9,4510734,48.51,14,843303,9.07
2022-08-27,2.84,67.76,29.4,0,6719717,72.26,0,6154670,66.18,0,4510734,48.51,0,843303,9.07
2022-08-28,2.75,67.85,29.4,55,6719772,72.26,80,6154750,66.19,85,4510819,48.51,102,843405,9.07
2022-08-29,2.69,67.91,29.4,48,6719820,72.26,68,6154818,66.19,89,4510908,48.51,107,843512,9.07
2022-08-30,2.6,68,29.4,85,6719905,72.26,113,6154931,66.19,85,4510993,48.51,131,843643,9.07
2022-08-31,2.53,68.07,29.4,42,6719947,72.26,89,6155020,66.19,70,4511063,48.51,96,843739,9.07
2022-09-01,2.46,68.14,29.4,29,6719976,72.26,84,6155104,66.19,58,4511121,48.51,113,843852,9.07
2022-09-02,2.4,68.2,29.4,6,6719982,72.26,20,6155124,66.19,13,4511134,48.51,10,843862,9.07
2022-09-03,2.33,68.27,29.4,2,6719984,72.26,0,6155124,66.19,3,4511137,48.51,1,843863,9.07
2022-09-04,2.27,68.32,29.4,64,6720048,72.26,133,6155257,66.19,80,4511217,48.51,121,843984,9.08
2022-09-05,2.23,68.37,29.4,44,6720092,72.26,77,6155334,66.19,58,4511275,48.51,90,844074,9.08
2022-09-06,2.17,68.42,29.4,60,6720152,72.27,104,6155438,66.19,78,4511353,48.51,130,844204,9.08
2022-09-07,2.12,68.47,29.4,28,6720180,72.27,63,6155501,66.19,53,4511406,48.51,95,844299,9.08
2022-09-08,2.07,68.53,29.4,50,6720230,72.27,101,6155602,66.19,70,4511476,48.51,77,844376,9.08
2022-09-09,2.03,68.57,29.4,10,6720240,72.27,21,6155623,66.19,16,4511492,48.51,17,844393,9.08
2022-09-10,1.97,68.62,29.4,1,6720241,72.27,0,6155623,66.19,5,4511497,48.51,2,844395,9.08
2022-09-11,1.92,68.67,29.41,39,6720280,72.27,117,6155740,66.2,78,4511575,48.52,116,844511,9.08
2022-09-12,1.88,68.71,29.41,24,6720304,72.27,72,6155812,66.2,52,4511627,48.52,68,844579,9.08
2022-09-13,1.82,68.77,29.41,44,6720348,72.27,113,6155925,66.2,54,4511681,48.52,103,844682,9.08
2022-09-14,1.78,68.82,29.41,21,6720369,72.27,64,6155989,66.2,54,4511735,48.52,62,844744,9.08
2022-09-15,1.73,68.86,29.41,32,6720401,72.27,77,6156066,66.2,63,4511798,48.52,107,844851,9.09
2022-09-16,1.7,68.89,29.41,51,6720452,72.27,52,6156118,66.2,27,4511825,48.52,28,844879,9.09
2022-09-17,1.66,68.93,29.41,3,6720455,72.27,0,6156118,66.2,1,4511826,48.52,0,844879,9.09
2022-09-18,1.63,68.96,29.41,28,6720483,72.27,66,6156184,66.2,52,4511878,48.52,115,844994,9.09
2022-09-19,1.61,68.98,29.41,28,6720511,72.27,74,6156258,66.2,44,4511922,48.52,57,845051,9.09
2022-09-20,1.56,69.03,29.41,41,6720552,72.27,94,6156352,66.2,75,4511997,48.52,102,845153,9.09
2022-09-21,1.55,69.05,29.41,22,6720574,72.27,54,6156406,66.2,29,4512026,48.52,56,845209,9.09
2022-09-22,1.52,69.07,29.4,42,6720616,72.27,56,6156462,66.2,27,4512053,48.52,41,845250,9.09
2022-09-23,1.5,69.1,29.41,7,6720623,72.27,11,6156473,66.2,4,4512057,48.52,1,845251,9.09
2022-09-24,1.47,69.13,29.41,0,6720623,72.27,0,6156473,66.2,1,4512058,48.52,0,845251,9.09
2022-09-25,1.46,69.13,29.41,5,6720628,72.27,20,6156493,66.2,10,4512068,48.52,27,845278,9.09
2022-09-26,1.46,69.13,29.41,0,6720628,72.27,5,6156498,66.2,2,4512070,48.52,2,845280,9.09
2022-09-27,1.42,69.17,29.41,2,6720630,72.27,0,6156498,66.2,3,4512073,48.52,3,845283,9.09
2022-09-28,1.39,69.21,29.41,24,6720654,72.27,36,6156534,66.2,25,4512098,48.52,17,845300,9.09
2022-09-29,1.37,69.22,29.41,32,6720686,72.27,61,6156595,66.2,13,4512111,48.52,48,845348,9.09
2022-09-30,1.35,69.24,29.41,4,6720690,72.27,12,6156607,66.21,2,4512113,48.52,0,845348,9.09
2022-10-01,1.31,69.29,29.41,0,6720690,72.27,1,6156608,66.21,1,4512114,48.52,1,845349,9.09
2022-10-02,1.31,69.29,29.41,28,6720718,72.27,51,6156659,66.21,20,4512134,48.52,73,845422,9.09
2022-10-03,1.31,69.28,29.4,23,6720741,72.27,29,6156688,66.21,13,4512147,48.52,12,845434,9.09
2022-10-04,1.27,69.32,29.4,7,6720748,72.27,11,6156699,66.21,0,4512147,48.52,1,845435,9.09
2022-10-05,1.28,69.31,29.4,1,6720749,72.27,0,6156699,66.21,0,4512147,48.52,1,845436,9.09
2022-10-06,1.31,69.28,29.4,17,6720766,72.27,43,6156742,66.21,10,4512157,48.52,20,845456,9.09
2022-10-07,1.3,69.29,29.41,3,6720769,72.27,3,6156745,66.21,4,4512161,48.52,0,845456,9.09
2022-10-08,1.26,69.33,29.41,1,6720770,72.27,1,6156746,66.21,0,4512161,48.52,1,845457,9.09
2022-10-09,1.31,69.28,29.41,7,6720777,72.27,22,6156768,66.21,6,4512167,48.52,5,845462,9.09
2022-10-10,1.38,69.22,29.4,5,6720782,72.27,2,6156770,66.21,0,4512167,48.52,0,845462,9.09
2022-10-11,1.36,69.24,29.4,12,6720794,72.27,32,6156802,66.21,1,4512168,48.52,32,845494,9.09
2022-10-12,1.34,69.26,29.4,13,6720807,72.27,24,6156826,66.21,5,4512173,48.52,4,845498,9.09
2022-10-13,1.4,69.2,29.4,17,6720824,72.27,16,6156842,66.21,5,4512178,48.52,9,845507,9.09
2022-10-14,1.4,69.2,29.4,6,6720830,72.27,7,6156849,66.21,4,4512182,48.52,3,845510,9.09
2022-10-15,1.38,69.22,29.4,0,6720830,72.27,1,6156850,66.21,0,4512182,48.52,1,845511,9.09
2022-10-16,1.39,69.2,29.4,4,6720834,72.27,13,6156863,66.21,5,4512187,48.52,8,845519,9.09
2022-10-17,1.39,69.2,29.4,1,6720835,72.27,1,6156864,66.21,4,4512191,48.52,1,845520,9.09
2022-10-18,1.43,69.17,29.4,24,6720859,72.27,31,6156895,66.21,14,4512205,48.52,16,845536,9.09
2022-10-19,1.47,69.12,29.4,18,6720877,72.27,25,6156920,66.21,7,4512212,48.52,3,845539,9.09
2022-10-20,1.5,69.1,29.4,26,6720903,72.27,44,6156964,66.21,12,4512224,48.52,4,845543,9.09
2022-10-21,1.5,69.09,29.4,4,6720907,72.27,7,6156971,66.21,2,4512226,48.52,4,845547,9.09
2022-10-22,1.49,69.1,29.4,0,6720907,72.27,0,6156971,66.21,0,4512226,48.52,0,845547,9.09
2022-10-23,1.51,69.08,29.4,15,6720922,72.27,33,6157004,66.21,18,4512244,48.52,10,845557,9.09
2022-10-24,1.51,69.08,29.41,20,6720942,72.27,16,6157020,66.21,19,4512263,48.52,9,845566,9.09
2022-10-25,1.55,69.04,29.4,18,6720960,72.27,34,6157054,66.21,22,4512285,48.52,21,845587,9.09
2022-10-26,1.61,68.99,29.4,18,6720978,72.27,25,6157079,66.21,8,4512293,48.52,10,845597,9.09
2022-10-27,1.67,68.93,29.4,17,6720995,72.27,27,6157106,66.21,14,4512307,48.52,17,845614,9.09
2022-10-28,1.67,68.93,29.4,54,6721049,72.27,49,6157155,66.21,31,4512338,48.52,18,845632,9.09
2022-10-29,1.66,68.94,29.4,0,6721049,72.27,0,6157155,66.21,0,4512338,48.52,0,845632,9.09
2022-10-30,1.71,68.89,29.4,15,6721064,72.28,23,6157178,66.21,15,4512353,48.52,9,845641,9.09
2022-10-31,1.76,68.84,29.4,17,6721081,72.28,16,6157194,66.21,8,4512361,48.52,9,845650,9.09
2022-11-01,1.82,68.78,29.4,2,6721083,72.28,1,6157195,66.21,1,4512362,48.52,0,845650,9.09
2022-11-02,1.88,68.72,29.4,13,6721096,72.28,13,6157208,66.21,7,4512369,48.52,8,845658,9.09
2022-11-03,1.96,68.64,29.4,17,6721113,72.28,18,6157226,66.21,11,4512380,48.52,8,845666,9.09
2022-11-04,1.98,68.63,29.4,4,6721117,72.28,6,6157232,66.21,1,4512381,48.52,2,845668,9.09
2022-11-05,1.97,68.63,29.4,0,6721117,72.28,0,6157232,66.21,0,4512381,48.52,0,845668,9.09
2022-11-06,2.03,68.57,29.4,27,6721144,72.28,33,6157265,66.21,11,4512392,48.52,23,845691,9.09
2022-11-07,2.1,68.51,29.4,15,6721159,72.28,11,6157276,66.21,10,4512402,48.52,54,845745,9.09
2022-11-08,2.1,68.5,29.4,28,6721187,72.28,26,6157302,66.21,14,4512416,48.52,9,845754,9.09
2022-11-09,2.16,68.45,29.4,16,6721203,72.28,20,6157322,66.21,17,4512433,48.52,9,845763,9.09
2022-11-10,2.22,68.39,29.4,28,6721231,72.28,17,6157339,66.21,11,4512444,48.52,6,845769,9.1
2022-11-11,2.23,68.37,29.4,1,6721232,72.28,17,6157356,66.21,2,4512446,48.52,1,845770,9.1
2022-11-12,2.22,68.38,29.4,1,6721233,72.28,0,6157356,66.21,2,4512448,48.52,0,845770,9.1
2022-11-13,2.29,68.31,29.4,29,6721262,72.28,31,6157387,66.21,17,4512465,48.52,8,845778,9.1
2022-11-14,2.37,68.23,29.4,20,6721282,72.28,17,6157404,66.21,21,4512486,48.52,16,845794,9.1
2022-11-15,2.43,68.17,29.4,40,6721322,72.28,25,6157429,66.21,16,4512502,48.53,18,845812,9.1
2022-11-16,2.5,68.1,29.4,14,6721336,72.28,27,6157456,66.21,16,4512518,48.53,11,845823,9.1
2022-11-17,2.59,68.02,29.4,19,6721355,72.28,33,6157489,66.21,18,4512536,48.53,5,845828,9.1
2022-11-18,2.61,67.99,29.4,6,6721361,72.28,4,6157493,66.21,4,4512540,48.53,0,845828,9.1
2022-11-19,2.6,68,29.4,0,6721361,72.28,0,6157493,66.21,0,4512540,48.53,0,845828,9.1
2022-11-20,2.67,67.93,29.4,19,6721380,72.28,19,6157512,66.21,6,4512546,48.53,13,845841,9.1
2022-11-21,2.76,67.85,29.4,14,6721394,72.28,13,6157525,66.22,6,4512552,48.53,6,845847,9.1
2022-11-22,2.83,67.77,29.4,27,6721421,72.28,13,6157538,66.22,17,4512569,48.53,6,845853,9.1
2022-11-23,2.9,67.7,29.4,17,6721438,72.28,20,6157558,66.22,4,4512573,48.53,8,845861,9.1
2022-11-24,2.98,67.62,29.4,9,6721447,72.28,16,6157574,66.22,13,4512586,48.53,27,845888,9.1
2022-11-25,3,67.6,29.4,12,6721459,72.28,45,6157619,66.22,14,4512600,48.53,12,845900,9.1
2022-11-26,3,67.61,29.4,0,6721459,72.28,2,6157621,66.22,0,4512600,48.53,0,845900,9.1
2022-11-27,3.06,67.54,29.4,14,6721473,72.28,15,6157636,66.22,19,4512619,48.53,2,845902,9.1
2022-11-28,3.14,67.47,29.4,8,6721481,72.28,23,6157659,66.22,8,4512627,48.53,6,845908,9.1
2022-11-29,3.2,67.4,29.4,38,6721519,72.28,31,6157690,66.22,19,4512646,48.53,14,845922,9.1
2022-11-30,3.27,67.34,29.39,12,6721531,72.28,25,6157715,66.22,20,4512666,48.53,8,845930,9.1
2022-12-01,3.34,67.26,29.39,13,6721544,72.28,18,6157733,66.22,15,4512681,48.53,4,845934,9.1
2022-12-02,3.36,67.24,29.39,2,6721546,72.28,7,6157740,66.22,4,4512685,48.53,10,845944,9.1
2022-12-03,3.36,67.24,29.39,0,6721546,72.28,0,6157740,66.22,0,4512685,48.53,1,845945,9.1
2022-12-04,3.42,67.18,29.39,37,6721583,72.28,27,6157767,66.22,30,4512715,48.53,26,845971,9.1
2022-12-05,3.48,67.12,29.4,9,6721592,72.28,17,6157784,66.22,11,4512726,48.53,20,845991,9.1
2022-12-06,3.55,67.06,29.39,32,6721624,72.28,26,6157810,66.22,27,4512753,48.53,8,845999,9.1
2022-12-07,3.62,66.99,29.39,10,6721634,72.28,17,6157827,66.22,8,4512761,48.53,8,846007,9.1
2022-12-08,3.69,66.91,29.39,18,6721652,72.28,31,6157858,66.22,15,4512776,48.53,3,846010,9.1
2022-12-09,3.71,66.9,29.39,4,6721656,72.28,1,6157859,66.22,1,4512777,48.53,7,846017,9.1
2022-12-10,3.7,66.91,29.39,1,6721657,72.28,0,6157859,66.22,2,4512779,48.53,0,846017,9.1
2022-12-11,3.76,66.84,29.39,16,6721673,72.28,22,6157881,66.22,15,4512794,48.53,16,846033,9.1
2022-12-12,3.82,66.78,29.39,15,6721688,72.28,14,6157895,66.22,5,4512799,48.53,0,846033,9.1
2022-12-13,3.87,66.73,29.39,17,6721705,72.28,44,6157939,66.22,18,4512817,48.53,13,846046,9.1
2022-12-14,3.92,66.69,29.39,17,6721722,72.28,16,6157955,66.22,7,4512824,48.53,3,846049,9.1
2022-12-15,3.97,66.64,29.39,22,6721744,72.28,19,6157974,66.22,7,4512831,48.53,12,846061,9.1
2022-12-16,3.98,66.62,29.39,12,6721756,72.28,4,6157978,66.22,1,4512832,48.53,0,846061,9.1
2022-12-17,3.97,66.63,29.39,0,6721756,72.28,0,6157978,66.22,0,4512832,48.53,0,846061,9.1
2022-12-18,4.01,66.59,29.39,9,6721765,72.28,18,6157996,66.22,8,4512840,48.53,3,846064,9.1
2022-12-19,4.06,66.54,29.4,7,6721772,72.28,14,6158010,66.22,12,4512852,48.53,1,846065,9.1
2022-12-20,4.1,66.51,29.39,12,6721784,72.28,17,6158027,66.22,2,4512854,48.53,2,846067,9.1
2022-12-21,4.14,66.47,29.39,9,6721793,72.28,14,6158041,66.22,13,4512867,48.53,3,846070,9.1
2022-12-22,4.18,66.42,29.39,4,6721797,72.28,10,6158051,66.22,14,4512881,48.53,1,846071,9.1
2022-12-23,4.19,66.42,29.39,10,6721807,72.28,0,6158051,66.22,2,4512883,48.53,0,846071,9.1
2022-12-24,4.18,66.43,29.39,0,6721807,72.28,0,6158051,66.22,0,4512883,48.53,0,846071,9.1
2022-12-25,4.21,66.4,29.39,6,6721813,72.28,17,6158068,66.22,1,4512884,48.53,2,846073,9.1
2022-12-26,4.24,66.36,29.39,17,6721830,72.28,6,6158074,66.22,13,4512897,48.53,0,846073,9.1
2022-12-27,4.25,66.36,29.39,24,6721854,72.28,24,6158098,66.22,17,4512914,48.53,7,846080,9.1
2022-12-28,4.26,66.34,29.39,17,6721871,72.28,18,6158116,66.22,25,4512939,48.53,64,846144,9.1
2022-12-29,4.28,66.33,29.39,15,6721886,72.28,23,6158139,66.22,14,4512953,48.53,4,846148,9.1
2022-12-30,4.27,66.33,29.4,4,6721890,72.28,5,6158144,66.22,3,4512956,48.53,1,846149,9.1
2022-12-31,4.26,66.35,29.4,0,6721890,72.28,1,6158145,66.22,0,4512956,48.53,0,846149,9.1
2023-01-01,4.27,66.33,29.4,6,6721896,72.28,22,6158167,66.22,2,4512958,48.53,1,846150,9.1
2023-01-02,4.29,66.31,29.4,10,6721906,72.28,8,6158175,66.22,3,4512961,48.53,1,846151,9.1
2023-01-03,4.3,66.3,29.4,20,6721926,72.28,17,6158192,66.22,7,4512968,48.53,3,846154,9.1
2023-01-04,4.3,66.3,29.4,7,6721933,72.28,11,6158203,66.22,4,4512972,48.53,2,846156,9.1
2023-01-05,4.31,66.29,29.39,12,6721945,72.28,19,6158222,66.22,11,4512983,48.53,4,846160,9.1
2023-01-06,4.31,66.29,29.4,2,6721947,72.28,1,6158223,66.22,1,4512984,48.53,0,846160,9.1
2023-01-07,4.3,66.31,29.4,1,6721948,72.28,0,6158223,66.22,0,4512984,48.53,0,846160,9.1
2023-01-08,4.33,66.28,29.4,14,6721962,72.28,33,6158256,66.22,10,4512994,48.53,2,846162,9.1
2023-01-09,4.34,66.26,29.4,12,6721974,72.28,20,6158276,66.22,1,4512995,48.53,1,846163,9.1
2023-01-10,4.35,66.25,29.4,39,6722013,72.29,27,6158303,66.22,10,4513005,48.53,4,846167,9.1
2023-01-11,4.36,66.25,29.4,14,6722027,72.29,18,6158321,66.22,11,4513016,48.53,2,846169,9.1
2023-01-12,4.37,66.24,29.39,22,6722049,72.29,20,6158341,66.22,11,4513027,48.53,2,846171,9.1
2023-01-13,4.36,66.24,29.4,3,6722052,72.29,2,6158343,66.22,0,4513027,48.53,0,846171,9.1
2023-01-14,4.35,66.25,29.4,1,6722053,72.29,0,6158343,66.22,0,4513027,48.53,0,846171,9.1
2023-01-15,4.36,66.24,29.4,17,6722070,72.29,16,6158359,66.22,4,4513031,48.53,3,846174,9.1
2023-01-16,4.38,66.22,29.4,9,6722079,72.29,15,6158374,66.22,6,4513037,48.53,0,846174,9.1
2023-01-17,4.38,66.22,29.4,15,6722094,72.29,14,6158388,66.22,6,4513043,48.53,0,846174,9.1
2023-01-18,4.39,66.21,29.4,7,6722101,72.29,8,6158396,66.22,3,4513046,48.53,1,846175,9.1
2023-01-19,4.4,66.2,29.4,13,6722114,72.29,15,6158411,66.22,2,4513048,48.53,4,846179,9.1
2023-01-20,4.39,66.2,29.4,4,6722118,72.29,2,6158413,66.22,0,4513048,48.53,1,846180,9.1
2023-01-21,4.39,66.21,29.4,0,6722118,72.29,0,6158413,66.22,0,4513048,48.53,0,846180,9.1
2023-01-22,4.4,66.2,29.4,8,6722126,72.29,3,6158416,66.22,8,4513056,48.53,4,846184,9.1
2023-01-23,4.41,66.19,29.4,11,6722137,72.29,5,6158421,66.22,6,4513062,48.53,0,846184,9.1
2023-01-24,4.41,66.19,29.4,21,6722158,72.29,21,6158442,66.22,11,4513073,48.53,2,846186,9.1
2023-01-25,4.41,66.18,29.4,5,6722163,72.29,5,6158447,66.22,0,4513073,48.53,2,846188,9.1
2023-01-26,4.42,66.18,29.4,10,6722173,72.29,15,6158462,66.23,9,4513082,48.53,2,846190,9.1
2023-01-27,4.41,66.18,29.4,0,6722173,72.29,9,6158471,66.23,0,4513082,48.53,0,846190,9.1
2023-01-28,4.41,66.19,29.4,0,6722173,72.29,0,6158471,66.23,0,4513082,48.53,0,846190,9.1
2023-01-29,4.41,66.19,29.41,12,6722185,72.29,8,6158479,66.23,5,4513087,48.53,2,846192,9.1
2023-01-30,4.42,66.17,29.41,9,6722194,72.29,16,6158495,66.23,2,4513089,48.53,1,846193,9.1
2023-01-31,4.42,66.17,29.41,20,6722214,72.29,23,6158518,66.23,3,4513092,48.53,1,846194,9.1
2023-02-01,4.32,64.71,30.96,10,6722224,72.29,11,6158529,66.23,4,4513096,48.53,0,846194,9.1
2023-02-02,4.33,64.71,30.96,14,6722238,72.29,31,6158560,66.23,3,4513099,48.53,0,846194,9.1
2023-02-03,4.32,64.71,30.97,3,6722241,72.29,1,6158561,66.23,0,4513099,48.53,1,846195,9.1
2023-02-04,4.32,64.72,30.97,0,6722241,72.29,0,6158561,66.23,0,4513099,48.53,0,846195,9.1
2023-02-05,4.32,64.71,30.97,15,6722256,72.29,8,6158569,66.23,6,4513105,48.53,4,846199,9.1
2023-02-06,4.33,64.7,30.97,17,6722273,72.29,13,6158582,66.23,4,4513109,48.53,0,846199,9.1
2023-02-07,4.33,64.7,30.97,22,6722295,72.29,22,6158604,66.23,8,4513117,48.53,2,846201,9.1
2023-02-08,4.33,64.7,30.97,15,6722310,72.29,14,6158618,66.23,1,4513118,48.53,0,846201,9.1
2023-02-09,4.33,64.7,30.97,35,6722345,72.29,33,6158651,66.23,5,4513123,48.53,2,846203,9.1
2023-02-10,4.33,64.7,30.97,2,6722347,72.29,3,6158654,66.23,2,4513125,48.53,0,846203,9.1
2023-02-11,4.33,64.7,30.97,2,6722349,72.29,1,6158655,66.23,0,4513125,48.53,0,846203,9.1
2023-02-12,4.33,64.7,30.97,15,6722364,72.29,18,6158673,66.23,3,4513128,48.53,2,846205,9.1
2023-02-13,4.33,64.7,30.97,14,6722378,72.29,20,6158693,66.23,8,4513136,48.53,2,846207,9.1
2023-02-14,4.33,64.7,30.97,20,6722398,72.29,8,6158701,66.23,7,4513143,48.53,5,846212,9.1
2023-02-15,4.33,64.7,30.97,10,6722408,72.29,16,6158717,66.23,3,4513146,48.53,0,846212,9.1
2023-02-16,4.33,64.7,30.97,22,6722430,72.29,24,6158741,66.23,2,4513148,48.53,0,846212,9.1
2023-02-17,4.33,64.7,30.97,5,6722435,72.29,2,6158743,66.23,1,4513149,48.53,0,846212,9.1
2023-02-18,4.33,64.7,30.97,0,6722435,72.29,0,6158743,66.23,0,4513149,48.53,0,846212,9.1
2023-02-19,4.33,64.7,30.98,16,6722451,72.29,13,6158756,66.23,1,4513150,48.53,0,846212,9.1
2023-02-20,4.33,64.69,30.98,9,6722460,72.29,10,6158766,66.23,1,4513151,48.53,0,846212,9.1
2023-02-21,4.33,64.69,30.98,40,6722500,72.29,18,6158784,66.23,5,4513156,48.53,1,846213,9.1
2023-02-22,4.33,64.7,30.98,0,6722500,72.29,0,6158784,66.23,0,4513156,48.53,0,846213,9.1
