Date,Valid vaccinated pop. perc.,Expired vaccinated pop. perc.,Not vaccinated pop. perc.,Vaccinated (daily),Vaccinated (cumu),Vaccinated pop. perc.,Second dose (daily),Second dose (cumu),Second dose pop. perc.,Third dose (daily),Third dose (cumu),Third dose pop. perc.,Fourth dose (daily),Fourth dose (cumu),Fourth dose pop. perc.
2020-12-19,0,0,100,46,71,0,0,4,0,0,0,0,0,0,0
2020-12-20,0,0,100,7397,7468,0.08,0,4,0,0,0,0,0,0,0
2020-12-21,0,0,100,24923,32391,0.35,0,4,0,0,0,0,0,0,0
2020-12-22,0,0,100,44669,77060,0.83,0,4,0,0,0,0,0,0,0
2020-12-23,0,0,100,62917,139977,1.51,0,4,0,0,0,0,0,0,0
2020-12-24,0,0,100,73435,213412,2.29,0,4,0,0,0,0,0,0,0
2020-12-25,0,0,100,38518,251930,2.71,0,4,0,0,0,0,0,0,0
2020-12-26,0,0,100,32618,284548,3.06,0,4,0,0,0,0,0,0,0
2020-12-27,0,0,100,104577,389125,4.18,0,4,0,0,0,0,0,0,0
2020-12-28,0,0,100,135045,524170,5.64,0,4,0,0,0,0,0,0,0
2020-12-29,0,0,100,156345,680515,7.32,2,6,0,0,0,0,0,0,0
2020-12-30,0,0,100,153194,833709,8.97,0,6,0,0,0,0,0,0,0
2020-12-31,0,0,100,158602,992311,10.67,0,6,0,0,0,0,0,0,0
2021-01-01,0,0,100,71437,1063748,11.44,0,6,0,0,0,0,0,0,0
2021-01-02,0,0,100,71745,1135493,12.21,0,6,0,0,0,0,0,0,0
2021-01-03,0,0,100,149770,1285263,13.82,0,6,0,0,0,0,0,0,0
2021-01-04,0,0,100,152214,1437477,15.46,1,7,0,0,0,0,0,0,0
2021-01-05,0,0,100,125221,1562698,16.8,4,11,0,0,0,0,0,0,0
2021-01-06,0,0,100,103375,1666073,17.92,2,13,0,0,0,0,0,0,0
2021-01-07,0,0,100,116066,1782139,19.16,9,22,0,0,0,0,0,0,0
2021-01-08,0,0,100,66466,1848605,19.88,5,27,0,0,0,0,0,0,0
2021-01-09,0,0,100,44554,1893159,20.36,24,51,0,0,0,0,0,0,0
2021-01-10,0,0,100,37649,1930808,20.76,6002,6053,0.07,0,0,0,0,0,0
2021-01-11,0,0,100,21176,1951984,20.99,19264,25317,0.27,0,0,0,0,0,0
2021-01-12,0,0,100,24077,1976061,21.25,35674,60991,0.66,0,0,0,0,0,0
2021-01-13,0,0,100,52079,2028140,21.81,56873,117864,1.27,0,0,0,0,0,0
2021-01-14,0,0,100,56480,2084620,22.42,68840,186704,2.01,0,0,0,0,0,0
2021-01-15,0,0,100,30776,2115396,22.75,35944,222648,2.39,0,0,0,0,0,0
2021-01-16,0,0,100,29481,2144877,23.06,26007,248655,2.67,0,0,0,0,0,0
2021-01-17,0.31,0,99.69,68446,2213323,23.8,84598,333253,3.58,0,0,0,0,0,0
2021-01-18,0.58,0,99.42,69820,2283143,24.55,120439,453692,4.88,0,0,0,0,0,0
2021-01-19,1.09,0,98.91,72896,2356039,25.34,137855,591547,6.36,0,0,0,0,0,0
2021-01-20,1.9,0,98.1,76919,2432958,26.16,143769,735316,7.91,0,0,0,0,0,0
2021-01-21,2.88,0,97.12,70013,2502971,26.92,164479,899795,9.68,0,0,0,0,0,0
2021-01-22,3.39,0,96.61,37934,2540905,27.32,71135,970930,10.44,0,0,0,0,0,0
2021-01-23,3.77,0,96.23,39966,2580871,27.75,53598,1024528,11.02,0,0,0,0,0,0
2021-01-24,4.96,0,95.04,69149,2650020,28.5,140712,1165240,12.53,0,0,0,0,0,0
2021-01-25,6.61,0,93.39,80943,2730963,29.37,139529,1304769,14.03,0,0,0,0,0,0
2021-01-26,8.45,0,91.55,78739,2809702,30.21,126447,1431216,15.39,0,0,0,0,0,0
2021-01-27,10.34,0,89.66,77985,2887687,31.05,125074,1556290,16.74,0,0,0,0,0,0
2021-01-28,12.43,0,87.57,79573,2967260,31.91,130634,1686924,18.14,0,0,0,0,0,0
2021-01-29,13.34,0,86.66,36704,3003964,32.3,64795,1751719,18.84,0,0,0,0,0,0
2021-01-30,14.02,0,85.98,34395,3038359,32.67,42768,1794487,19.3,0,0,0,0,0,0
2021-01-31,15.76,0,84.24,73334,3111693,33.46,59504,1853991,19.94,0,0,0,0,0,0
2021-02-01,17.48,0,82.52,82519,3194212,34.35,35358,1889349,20.32,0,0,0,0,0,0
2021-02-02,19.01,0,80.99,70109,3264321,35.1,31074,1920423,20.65,0,0,0,0,0,0
2021-02-03,20.47,0,79.53,60311,3324632,35.75,51445,1971868,21.2,0,0,0,0,0,0
2021-02-04,22,0,78,72641,3397273,36.53,58096,2029964,21.83,0,0,0,0,0,0
2021-02-05,22.75,0,77.25,33947,3431220,36.9,28807,2058771,22.14,0,0,0,0,0,0
2021-02-06,23.23,0,76.77,21623,3452843,37.13,22233,2081004,22.38,0,0,0,0,0,0
2021-02-07,23.99,0,76.01,54080,3506923,37.71,68745,2149749,23.12,0,0,0,0,0,0
2021-02-08,24.52,0,75.48,58644,3565567,38.34,65468,2215217,23.82,0,0,0,0,0,0
2021-02-09,25.04,0,74.96,66361,3631928,39.06,67581,2282798,24.55,0,0,0,0,0,0
2021-02-10,25.77,0,74.23,70572,3702500,39.81,72316,2355114,25.33,0,0,0,0,0,0
2021-02-11,26.61,0,73.39,81176,3783676,40.69,72116,2427230,26.1,0,0,0,0,0,0
2021-02-12,27.02,0,72.98,39109,3822785,41.11,37600,2464830,26.51,0,0,0,0,0,0
2021-02-13,27.33,0,72.67,27466,3850251,41.4,30441,2495271,26.83,0,0,0,0,0,0
2021-02-14,28.25,0,71.75,74918,3925169,42.21,69086,2564357,27.58,0,0,0,0,0,0
2021-02-15,29.17,0,70.83,81552,4006721,43.09,75722,2640079,28.39,0,0,0,0,0,0
2021-02-16,30.11,0,69.89,83423,4090144,43.98,78304,2718383,29.23,0,0,0,0,0,0
2021-02-17,31.01,0,68.99,61984,4152128,44.65,75646,2794029,30.05,0,0,0,0,0,0
2021-02-18,31.94,0,68.06,69163,4221291,45.39,79741,2873770,30.9,0,0,0,0,0,0
2021-02-19,32.45,0,67.55,39676,4260967,45.82,38163,2911933,31.31,0,0,0,0,0,0
2021-02-20,32.85,0,67.15,31652,4292619,46.16,28723,2940656,31.62,0,0,0,0,0,0
2021-02-21,33.8,0,66.2,79437,4372056,47.01,78450,3019106,32.47,0,0,0,0,0,0
2021-02-22,34.83,0,65.17,85056,4457112,47.93,80603,3099709,33.33,0,0,0,0,0,0
2021-02-23,35.84,0,64.16,77333,4534445,48.76,70487,3170196,34.09,0,0,0,0,0,0
2021-02-24,36.76,0,63.24,61068,4595513,49.42,63149,3233345,34.77,0,0,0,0,0,0
2021-02-25,37.66,0,62.34,51730,4647243,49.97,64812,3298157,35.47,0,0,0,0,0,0
2021-02-26,38.1,0,61.9,25913,4673156,50.25,32048,3330205,35.81,0,0,0,0,0,0
2021-02-27,38.42,0,61.58,18353,4691509,50.45,21198,3351403,36.04,0,0,0,0,0,0
2021-02-28,39.24,0,60.76,40365,4731874,50.88,55874,3407277,36.64,0,0,0,0,0,0
2021-03-01,40.1,0,59.9,45752,4777626,51.38,61445,3468722,37.3,0,0,0,0,0,0
2021-03-02,40.85,0,59.15,41203,4818829,51.82,64803,3533525,38,0,0,0,0,0,0
2021-03-03,41.55,0,58.45,42036,4860865,52.27,66794,3600319,38.72,0,0,0,0,0,0
2021-03-04,42.24,0,57.76,39723,4900588,52.7,79127,3679446,39.57,0,0,0,0,0,0
2021-03-05,42.57,0,57.43,17369,4917957,52.89,40469,3719915,40,0,0,0,0,0,0
2021-03-06,42.78,0,57.22,10724,4928681,53,25349,3745264,40.27,0,0,0,0,0,0
2021-03-07,43.36,0,56.64,31157,4959838,53.34,72849,3818113,41.06,0,0,0,0,0,0
2021-03-08,43.97,0,56.03,27388,4987226,53.63,73297,3891410,41.85,0,0,0,0,0,0
2021-03-09,44.62,0,55.38,26756,5013982,53.92,76606,3968016,42.67,0,0,0,0,0,0
2021-03-10,45.27,0,54.73,23373,5037355,54.17,58684,4026700,43.3,0,0,0,0,0,0
2021-03-11,45.99,0,54.01,23308,5060663,54.42,69100,4095800,44.04,0,0,0,0,0,0
2021-03-12,46.34,0,53.66,11298,5071961,54.54,41419,4137219,44.49,0,0,0,0,0,0
2021-03-13,46.57,0,53.43,7955,5079916,54.63,25240,4162459,44.76,0,0,0,0,0,0
2021-03-14,47.2,0,52.8,20992,5100908,54.85,73937,4236396,45.56,0,0,0,0,0,0
2021-03-15,47.81,0,52.19,20152,5121060,55.07,78282,4314678,46.4,0,0,0,0,0,0
2021-03-16,48.43,0,51.57,18759,5139819,55.27,71482,4386160,47.17,0,0,0,0,0,0
2021-03-17,48.92,0,51.08,17705,5157524,55.46,59011,4445171,47.8,0,0,0,0,0,0
2021-03-18,49.45,0,50.55,16050,5173574,55.63,58126,4503297,48.43,0,0,0,0,0,0
2021-03-19,49.75,0,50.25,6959,5180533,55.71,27981,4531278,48.73,0,0,0,0,0,0
2021-03-20,49.93,0,50.07,5229,5185762,55.77,15302,4546580,48.89,0,0,0,0,0,0
2021-03-21,50.46,0,49.54,13172,5198934,55.91,40511,4587091,49.33,0,0,0,0,0,0
2021-03-22,51,0,49,13583,5212517,56.05,40542,4627633,49.76,0,0,0,0,0,0
2021-03-23,51.43,0,48.57,2846,5215363,56.08,7303,4634936,49.84,0,0,0,0,0,0
2021-03-24,51.84,0,48.16,11007,5226370,56.2,46562,4681498,50.34,0,0,0,0,0,0
2021-03-25,52.22,0,47.78,10275,5236645,56.31,35440,4716938,50.72,0,0,0,0,0,0
2021-03-26,52.4,0,47.6,4187,5240832,56.36,13335,4730273,50.87,0,0,0,0,0,0
2021-03-27,52.5,0,47.5,1788,5242620,56.38,4269,4734542,50.91,0,0,0,0,0,0
2021-03-28,52.74,0,47.26,2114,5244734,56.4,4611,4739153,50.96,0,0,0,0,0,0
2021-03-29,53,0,47,6920,5251654,56.47,30018,4769171,51.29,0,0,0,0,0,0
2021-03-30,53.08,0,46.92,7899,5259553,56.56,22455,4791626,51.53,0,0,0,0,0,0
2021-03-31,53.38,0,46.62,8154,5267707,56.65,19503,4811129,51.74,0,0,0,0,0,0
2021-04-01,53.62,0,46.38,8222,5275929,56.73,18704,4829833,51.94,0,0,0,0,0,0
2021-04-02,53.71,0,46.29,2949,5278878,56.77,8131,4837964,52.03,0,0,0,0,0,0
2021-04-03,53.74,0,46.26,1432,5280310,56.78,2984,4840948,52.06,0,0,0,0,0,0
2021-04-04,53.82,0,46.18,9618,5289928,56.89,22833,4863781,52.3,0,0,0,0,0,0
2021-04-05,54.04,0,45.96,10365,5300293,57,21280,4885061,52.53,0,0,0,0,0,0
2021-04-06,54.21,0,45.79,9036,5309329,57.09,16795,4901856,52.71,0,0,0,0,0,0
2021-04-07,54.36,0,45.64,8935,5318264,57.19,15314,4917170,52.88,0,0,0,0,0,0
2021-04-08,54.52,0,45.48,9430,5327694,57.29,17018,4934188,53.06,0,0,0,0,0,0
2021-04-09,54.58,0,45.42,3610,5331304,57.33,6260,4940448,53.13,0,0,0,0,0,0
2021-04-10,54.61,0,45.39,1637,5332941,57.35,3523,4943971,53.16,0,0,0,0,0,0
2021-04-11,54.78,0,45.22,9045,5341986,57.45,14250,4958221,53.32,0,0,0,0,0,0
2021-04-12,54.95,0,45.05,8938,5350924,57.54,13236,4971457,53.46,0,0,0,0,0,0
2021-04-13,55.08,0,44.92,5841,5356765,57.6,4960,4976417,53.51,0,0,0,0,0,0
2021-04-14,55.18,0,44.82,3650,5360415,57.64,5311,4981728,53.57,0,0,0,0,0,0
2021-04-15,55.27,0,44.73,699,5361114,57.65,583,4982311,53.58,0,0,0,0,0,0
2021-04-16,55.33,0,44.67,3421,5364535,57.69,6655,4988966,53.65,0,0,0,0,0,0
2021-04-17,55.35,0,44.65,822,5365357,57.7,1975,4990941,53.67,0,0,0,0,0,0
2021-04-18,55.47,0,44.53,7099,5372456,57.77,7433,4998374,53.75,0,0,0,0,0,0
2021-04-19,55.58,0,44.42,6407,5378863,57.84,7135,5005509,53.83,0,0,0,0,0,0
2021-04-20,55.65,0,44.35,6287,5385150,57.91,6891,5012400,53.9,0,0,0,0,0,0
2021-04-21,55.71,0,44.29,6382,5391532,57.98,7112,5019512,53.98,0,0,0,0,0,0
2021-04-22,55.75,0,44.25,5953,5397485,58.04,7691,5027203,54.06,0,0,0,0,0,0
2021-04-23,55.8,0,44.2,2768,5400253,58.07,3393,5030596,54.1,0,0,0,0,0,0
2021-04-24,55.82,0,44.18,769,5401022,58.08,1290,5031886,54.11,0,0,0,0,0,0
2021-04-25,55.89,0,44.11,4829,5405851,58.13,6925,5038811,54.18,0,0,0,0,0,0
2021-04-26,55.96,0,44.04,5479,5411330,58.19,7889,5046700,54.27,0,0,0,0,0,0
2021-04-27,56.03,0,43.97,4509,5415839,58.24,6628,5053328,54.34,0,0,0,0,0,0
2021-04-28,56.09,0,43.91,4502,5420341,58.29,7337,5060665,54.42,0,0,0,0,0,0
2021-04-29,56.16,0,43.84,4378,5424719,58.33,7297,5067962,54.5,0,0,0,0,0,0
2021-04-30,56.19,0,43.81,1925,5426644,58.36,3204,5071166,54.53,0,0,0,0,0,0
2021-05-01,56.2,0,43.8,458,5427102,58.36,895,5072061,54.54,0,0,0,0,0,0
2021-05-02,56.26,0,43.74,3225,5430327,58.4,6092,5078153,54.61,0,0,0,0,0,0
2021-05-03,56.32,0,43.68,3535,5433862,58.43,5835,5083988,54.67,0,0,0,0,0,0
2021-05-04,56.38,0,43.62,3594,5437456,58.47,4738,5088726,54.72,0,0,0,0,0,0
2021-05-05,56.44,0,43.56,3292,5440748,58.51,4093,5092819,54.77,0,0,0,0,0,0
2021-05-06,56.5,0,43.5,3646,5444394,58.55,3145,5095964,54.8,0,0,0,0,0,0
2021-05-07,56.52,0,43.48,1847,5446241,58.57,2509,5098473,54.83,0,0,0,0,0,0
2021-05-08,56.53,0,43.47,244,5446485,58.57,509,5098982,54.83,0,0,0,0,0,0
2021-05-09,56.58,0,43.42,2851,5449336,58.6,4751,5103733,54.88,0,0,0,0,0,0
2021-05-10,56.63,0,43.37,2900,5452236,58.63,4715,5108448,54.93,0,0,0,0,0,0
2021-05-11,56.67,0,43.33,2623,5454859,58.66,3882,5112330,54.98,0,0,0,0,0,0
2021-05-12,56.7,0,43.3,2034,5456893,58.68,3342,5115672,55.01,0,0,0,0,0,0
2021-05-13,56.73,0,43.27,2044,5458937,58.7,3688,5119360,55.05,0,0,0,0,0,0
2021-05-14,56.75,0,43.25,979,5459916,58.71,1495,5120855,55.07,0,0,0,0,0,0
2021-05-15,56.75,0,43.25,259,5460175,58.72,260,5121115,55.07,0,0,0,0,0,0
2021-05-16,56.78,0,43.22,530,5460705,58.72,1205,5122320,55.08,0,0,0,0,0,0
2021-05-17,56.81,0,43.19,303,5461008,58.73,848,5123168,55.09,0,0,0,0,0,0
2021-05-18,56.84,0,43.16,1963,5462971,58.75,4940,5128108,55.15,0,0,0,0,0,0
2021-05-19,56.87,0,43.13,2233,5465204,58.77,5043,5133151,55.2,0,0,0,0,0,0
2021-05-20,56.9,0,43.1,2311,5467515,58.79,3880,5137031,55.24,0,0,0,0,0,0
2021-05-21,56.92,0,43.08,1194,5468709,58.81,1414,5138445,55.26,0,0,0,0,0,0
2021-05-22,56.92,0,43.08,206,5468915,58.81,396,5138841,55.26,0,0,0,0,0,0
2021-05-23,56.94,0,43.06,2272,5471187,58.83,3216,5142057,55.3,0,0,0,0,0,0
2021-05-24,56.96,0,43.04,2143,5473330,58.86,3597,5145654,55.33,0,0,0,0,0,0
2021-05-25,56.99,0,43.01,1822,5475152,58.88,2588,5148242,55.36,0,0,0,0,0,0
2021-05-26,57.03,0,42.97,1415,5476567,58.89,2504,5150746,55.39,0,0,0,0,0,0
2021-05-27,57.06,0,42.94,1866,5478433,58.91,3189,5153935,55.42,0,0,0,0,0,0
2021-05-28,57.07,0,42.93,794,5479227,58.92,1406,5155341,55.44,0,0,0,0,0,0
2021-05-29,57.07,0,42.93,192,5479419,58.92,227,5155568,55.44,0,0,0,0,0,0
2021-05-30,57.1,0,42.9,1645,5481064,58.94,1937,5157505,55.46,0,0,0,0,0,0
2021-05-31,57.13,0,42.87,1740,5482804,58.96,2094,5159599,55.48,0,0,0,0,0,0
2021-06-01,57.47,0,42.53,1386,5484190,58.97,1824,5161423,55.5,0,0,0,0,0,0
2021-06-02,57.25,0,42.75,1514,5485704,58.99,1610,5163033,55.52,0,0,0,0,0,0
2021-06-03,57.27,0,42.73,1686,5487390,59.01,1496,5164529,55.54,0,0,0,0,0,0
2021-06-04,57.28,0,42.72,1102,5488492,59.02,784,5165313,55.55,0,0,0,0,0,0
2021-06-05,57.29,0,42.71,184,5488676,59.02,159,5165472,55.55,0,0,0,0,0,0
2021-06-06,57.31,0,42.69,4293,5492969,59.07,1003,5166475,55.56,0,0,0,0,0,0
2021-06-07,57.34,0,42.66,4441,5497410,59.12,814,5167289,55.57,0,0,0,0,0,0
2021-06-08,57.36,0,42.64,3740,5501150,59.16,1175,5168464,55.58,0,0,0,0,0,0
2021-06-09,57.4,0,42.6,3615,5504765,59.2,1331,5169795,55.59,0,0,0,0,0,0
2021-06-10,57.42,0,42.58,3366,5508131,59.23,1300,5171095,55.61,0,0,0,0,0,0
2021-06-11,57.43,0,42.57,1402,5509533,59.25,590,5171685,55.61,0,0,0,0,0,0
2021-06-12,57.43,0,42.57,223,5509756,59.25,173,5171858,55.62,0,0,0,0,0,0
2021-06-13,57.45,0,42.55,3101,5512857,59.28,1260,5173118,55.63,0,0,0,0,0,0
2021-06-14,57.46,0,42.54,3057,5515914,59.32,1534,5174652,55.65,0,0,0,0,0,0
2021-06-15,57.48,0,42.52,3139,5519053,59.35,1378,5176030,55.66,0,0,0,0,0,0
2021-06-16,57.49,0,42.51,2736,5521789,59.38,1005,5177035,55.67,0,0,0,0,0,0
2021-06-17,57.51,0,42.49,2735,5524524,59.41,1209,5178244,55.68,0,0,0,0,0,0
2021-06-18,57.52,0,42.48,1272,5525796,59.42,506,5178750,55.69,0,0,0,0,0,0
2021-06-19,57.52,0,42.48,242,5526038,59.42,139,5178889,55.69,0,0,0,0,0,0
2021-06-20,57.54,0,42.46,3316,5529354,59.46,1332,5180221,55.71,0,0,0,0,0,0
2021-06-21,57.56,0,42.44,5250,5534604,59.52,1218,5181439,55.72,0,0,0,0,0,0
2021-06-22,57.58,0,42.42,6935,5541539,59.59,1101,5182540,55.73,0,0,0,0,0,0
2021-06-23,57.6,0,42.4,10762,5552301,59.71,1304,5183844,55.74,0,0,0,0,0,0
2021-06-24,57.62,0,42.38,12051,5564352,59.84,1466,5185310,55.76,0,0,0,0,0,0
2021-06-25,57.62,0,42.38,7116,5571468,59.91,945,5186255,55.77,0,0,0,0,0,0
2021-06-26,57.63,0,42.37,2280,5573748,59.94,200,5186455,55.77,0,0,0,0,0,0
2021-06-27,57.65,0,42.35,13634,5587382,60.08,3439,5189894,55.81,0,0,0,0,0,0
2021-06-28,57.68,0,42.32,14518,5601900,60.24,3675,5193569,55.85,0,0,0,0,0,0
2021-06-29,57.69,0,42.31,16711,5618611,60.42,3746,5197315,55.89,0,0,0,0,0,0
2021-06-30,57.72,0,42.28,16489,5635100,60.6,3397,5200712,55.93,0,0,0,0,0,0
2021-07-01,57.78,0,42.22,16840,5651940,60.78,3381,5204093,55.96,121,121,0,0,0,0
2021-07-02,57.79,0,42.21,9836,5661776,60.88,1609,5205702,55.98,7,128,0,0,0,0
2021-07-03,57.79,0,42.21,2680,5664456,60.91,300,5206002,55.98,1,129,0,0,0,0
2021-07-04,57.85,0,42.15,17735,5682191,61.1,3161,5209163,56.02,2,131,0,0,0,0
2021-07-05,57.91,0,42.09,17852,5700043,61.3,3047,5212210,56.05,7,138,0,0,0,0
2021-07-06,57.99,0,42.01,17851,5717894,61.49,3412,5215622,56.09,11,149,0,0,0,0
2021-07-07,58.05,0,41.95,15534,5733428,61.65,2703,5218325,56.12,12,161,0,0,0,0
2021-07-08,58.12,0,41.88,16590,5750018,61.83,2883,5221208,56.15,17,178,0,0,0,0
2021-07-09,58.15,0,41.85,11127,5761145,61.95,1535,5222743,56.16,4,182,0,0,0,0
2021-07-10,58.15,0,41.85,4989,5766134,62.01,391,5223134,56.17,6,188,0,0,0,0
2021-07-11,58.22,0,41.78,1458,5767592,62.02,2848,5225982,56.2,9,197,0,0,0,0
2021-07-12,58.29,0,41.71,2428,5770020,62.05,3697,5229679,56.24,58,255,0,0,0,0
2021-07-13,58.36,0,41.64,2965,5772985,62.08,5460,5235139,56.3,124,379,0,0,0,0
2021-07-14,58.42,0,41.58,2748,5775733,62.11,7537,5242676,56.38,441,820,0.01,0,0,0
2021-07-15,58.5,0,41.5,3011,5778744,62.14,9302,5251978,56.48,374,1194,0.01,0,0,0
2021-07-16,58.54,0,41.46,1297,5780041,62.16,5898,5257876,56.54,66,1260,0.01,0,0,0
2021-07-17,58.55,0,41.44,372,5780413,62.16,1394,5259270,56.56,8,1268,0.01,0,0,0
2021-07-18,58.6,0,41.4,2074,5782487,62.18,9771,5269041,56.66,235,1503,0.02,0,0,0
2021-07-19,58.65,0,41.35,3211,5785698,62.22,11348,5280389,56.78,461,1964,0.02,0,0,0
2021-07-20,58.72,0,41.28,2691,5788389,62.25,11915,5292304,56.91,374,2338,0.03,0,0,0
2021-07-21,58.81,0,41.19,2408,5790797,62.27,11882,5304186,57.04,325,2663,0.03,0,0,0
2021-07-22,58.93,0,41.07,2879,5793676,62.3,13281,5317467,57.18,392,3055,0.03,0,0,0
2021-07-23,58.99,0,41.01,2039,5795715,62.32,8249,5325716,57.27,106,3161,0.03,0,0,0
2021-07-24,58.99,0,41,646,5796361,62.33,1486,5327202,57.29,7,3168,0.03,0,0,0
2021-07-25,59.1,0,40.89,4417,5800778,62.38,15499,5342701,57.45,223,3391,0.04,0,0,0
2021-07-26,59.24,0,40.75,5175,5805953,62.43,13537,5356238,57.6,325,3716,0.04,0,0,0
2021-07-27,59.37,0.01,40.62,5493,5811446,62.49,13579,5369817,57.74,414,4130,0.04,0,0,0
2021-07-28,59.5,0.01,40.49,3991,5815437,62.54,12345,5382162,57.88,472,4602,0.05,0,0,0
2021-07-29,59.65,0.01,40.33,4665,5820102,62.59,14206,5396368,58.03,533,5135,0.06,0,0,0
2021-07-30,59.74,0.02,40.25,2658,5822760,62.62,10859,5407227,58.15,4122,9257,0.1,0,0,0
2021-07-31,59.75,0.02,40.23,1407,5824167,62.63,3554,5410781,58.18,6159,15416,0.17,0,0,0
2021-08-01,59.91,0.02,40.06,3079,5827246,62.66,3367,5414148,58.22,31048,46464,0.5,0,0,0
2021-08-02,60.06,0.03,39.91,3134,5830380,62.7,3176,5417324,58.26,58514,104978,1.13,0,0,0
2021-08-03,60.21,0.03,39.76,3388,5833768,62.73,3332,5420656,58.29,78954,183932,1.98,0,0,0
2021-08-04,60.34,0.03,39.63,3537,5837305,62.77,3256,5423912,58.33,80766,264698,2.85,0,0,0
2021-08-05,60.49,0.04,39.47,4515,5841820,62.82,3572,5427484,58.36,88442,353140,3.8,0,0,0
2021-08-06,60.6,0.04,39.36,2437,5844257,62.85,1866,5429350,58.38,44744,397884,4.28,0,0,0
2021-08-07,60.63,0.04,39.32,1034,5845291,62.86,701,5430051,58.39,27353,425237,4.57,0,0,0
2021-08-08,60.68,0.04,39.28,4991,5850282,62.91,3082,5433133,58.43,80087,505324,5.43,0,0,0
2021-08-09,60.72,0.04,39.24,5341,5855623,62.97,3064,5436197,58.46,76489,581813,6.26,0,0,0
2021-08-10,60.75,0.04,39.2,5554,5861177,63.03,3211,5439408,58.49,75427,657240,7.07,0,0,0
2021-08-11,60.79,0.04,39.17,5696,5866873,63.09,2949,5442357,58.52,62642,719882,7.74,0,0,0
2021-08-12,60.83,0.04,39.12,7039,5873912,63.17,3291,5445648,58.56,59463,779345,8.38,0,0,0
2021-08-13,60.84,0.05,39.11,3821,5877733,63.21,2074,5447722,58.58,43870,823215,8.85,0,0,0
2021-08-14,60.85,0.05,39.1,2255,5879988,63.23,854,5448576,58.59,44486,867701,9.33,0,0,0
2021-08-15,60.89,0.05,39.06,7144,5887132,63.31,4531,5453107,58.64,97986,965687,10.38,0,0,0
2021-08-16,60.92,0.04,39.03,6991,5894123,63.38,4750,5457857,58.69,89522,1055209,11.35,0,0,0
2021-08-17,60.96,0.04,39,7573,5901696,63.46,5138,5462995,58.75,83320,1138529,12.24,0,0,0
2021-08-18,60.99,0.04,38.96,8643,5910339,63.56,4603,5467598,58.8,69269,1207798,12.99,0,0,0
2021-08-19,61.03,0.04,38.92,10082,5920421,63.67,5217,5472815,58.85,65976,1273774,13.7,0,0,0
2021-08-20,61.05,0.05,38.9,4769,5925190,63.72,2828,5475643,58.88,60454,1334228,14.35,0,0,0
2021-08-21,61.06,0.05,38.89,3499,5928689,63.75,1580,5477223,58.9,50727,1384955,14.89,0,0,0
2021-08-22,61.12,0.04,38.84,9822,5938511,63.86,4808,5482031,58.95,105113,1490068,16.02,0,0,0
2021-08-23,61.17,0.04,38.79,10922,5949433,63.98,4448,5486479,59,94036,1584104,17.03,0,0,0
2021-08-24,61.23,0.04,38.73,11721,5961154,64.1,4701,5491180,59.05,98562,1682666,18.09,0,0,0
2021-08-25,61.29,0.04,38.67,9613,5970767,64.21,4484,5495664,59.1,99559,1782225,19.17,0,0,0
2021-08-26,61.36,0.03,38.61,10114,5980881,64.32,5059,5500723,59.15,101234,1883459,20.25,0,0,0
2021-08-27,61.35,0.04,38.61,4325,5985206,64.36,2790,5503513,59.18,56695,1940154,20.86,0,0,0
2021-08-28,61.4,0.04,38.57,3704,5988910,64.4,1500,5505013,59.2,33542,1973696,21.22,0,0,0
2021-08-29,61.46,0.03,38.5,10323,5999233,64.51,5932,5510945,59.26,79552,2053248,22.08,0,0,0
2021-08-30,61.53,0.03,38.44,12332,6011565,64.65,7017,5517962,59.34,116011,2169259,23.33,0,0,0
2021-08-31,61.6,0.03,38.37,12076,6023641,64.78,6529,5524491,59.41,114885,2284144,24.56,0,0,0
2021-09-01,61.43,0.03,38.54,9036,6032677,64.87,6043,5530534,59.47,112496,2396640,25.77,0,0,0
2021-09-02,61.49,0.03,38.48,8784,6041461,64.97,7186,5537720,59.55,111548,2508188,26.97,0,0,0
2021-09-03,61.56,0.03,38.42,3751,6045212,65.01,4118,5541838,59.59,58886,2567074,27.61,0,0,0
2021-09-04,61.59,0.03,38.38,2692,6047904,65.04,2023,5543861,59.62,29954,2597028,27.93,0,0,0
2021-09-05,61.68,0.03,38.29,6991,6054895,65.11,6460,5550321,59.69,73328,2670356,28.72,0,0,0
2021-09-06,61.77,0.03,38.2,2836,6057731,65.14,2718,5553039,59.71,22800,2693156,28.96,0,0,0
2021-09-07,61.85,0.03,38.12,1202,6058933,65.15,880,5553919,59.72,5398,2698554,29.02,0,0,0
2021-09-08,61.93,0.03,38.05,1380,6060313,65.17,1196,5555115,59.74,6621,2705175,29.09,0,0,0
2021-09-09,62.02,0.03,37.95,7092,6067405,65.25,12574,5567689,59.87,73847,2779022,29.88,0,0,0
2021-09-10,62.06,0.03,37.91,3258,6070663,65.28,5016,5572705,59.93,37938,2816960,30.29,0,0,0
2021-09-11,62.08,0.03,37.89,2109,6072772,65.3,2509,5575214,59.95,14817,2831777,30.45,0,0,0
2021-09-12,62.16,0.03,37.81,6105,6078877,65.37,8589,5583803,60.05,54137,2885914,31.03,0,0,0
2021-09-13,62.15,0.03,37.82,5611,6084488,65.43,8264,5592067,60.13,47984,2933898,31.55,0,0,0
2021-09-14,62.2,0.03,37.77,4964,6089452,65.48,7424,5599491,60.21,48855,2982753,32.08,0,0,0
2021-09-15,62.25,0.03,37.72,1751,6091203,65.5,2719,5602210,60.24,16687,2999440,32.25,0,0,0
2021-09-16,62.37,0.03,37.6,343,6091546,65.51,550,5602760,60.25,1740,3001180,32.27,0,0,0
2021-09-17,62.42,0.03,37.54,3683,6095229,65.55,7022,5609782,60.32,42908,3044088,32.73,0,0,0
2021-09-18,62.45,0.03,37.52,2258,6097487,65.57,2946,5612728,60.36,12784,3056872,32.87,0,0,0
2021-09-19,62.55,0.03,37.42,5943,6103430,65.63,10712,5623440,60.47,44331,3101203,33.35,0,0,0
2021-09-20,62.63,0.03,37.34,3246,6106676,65.67,4646,5628086,60.52,16708,3117911,33.53,0,0,0
2021-09-21,62.69,0.03,37.28,1340,6108016,65.68,2068,5630154,60.54,3477,3121388,33.57,0,0,0
2021-09-22,62.72,0.03,37.25,4260,6112276,65.73,7250,5637404,60.62,25072,3146460,33.84,0,0,0
2021-09-23,62.75,0.03,37.22,4391,6116667,65.78,5918,5643322,60.69,27834,3174294,34.13,0,0,0
2021-09-24,62.82,0.03,37.15,3203,6119870,65.81,4185,5647507,60.73,27725,3202019,34.43,0,0,0
2021-09-25,62.85,0.03,37.12,2080,6121950,65.83,2264,5649771,60.75,10443,3212462,34.55,0,0,0
2021-09-26,62.96,0.03,37,5605,6127555,65.89,5973,5655744,60.82,36271,3248733,34.94,0,0,0
2021-09-27,63.02,0.03,36.94,4696,6132251,65.94,4469,5660213,60.87,30457,3279190,35.26,0,0,0
2021-09-28,63.06,0.04,36.91,1473,6133724,65.96,1187,5661400,60.88,6250,3285440,35.33,0,0,0
2021-09-29,63.13,0.03,36.84,9622,6143346,66.06,8349,5669749,60.97,60325,3345765,35.98,0,0,0
2021-09-30,63.18,0.03,36.79,10978,6154324,66.18,8580,5678329,61.06,79704,3425469,36.84,0,0,0
2021-10-01,63.23,0.03,36.73,5128,6159452,66.24,3876,5682205,61.1,46546,3472015,37.34,0,0,0
2021-10-02,63.26,0.03,36.71,2865,6162317,66.27,2128,5684333,61.13,22433,3494448,37.58,0,0,0
2021-10-03,63.35,0.03,36.62,11668,6173985,66.39,7275,5691608,61.2,70726,3565174,38.34,0,0,0
2021-10-04,63.4,0.03,36.57,10321,6184306,66.5,6759,5698367,61.28,51912,3617086,38.9,0,0,0
2021-10-05,63.41,0.03,36.55,8461,6192767,66.59,5314,5703681,61.33,40481,3657567,39.33,0,0,0
2021-10-06,63.52,0.03,36.45,7543,6200310,66.68,4185,5707866,61.38,34151,3691718,39.7,0,0,0
2021-10-07,63.63,0.03,36.34,6895,6207205,66.75,4011,5711877,61.42,34074,3725792,40.07,0,0,0
2021-10-08,63.68,0.03,36.29,3086,6210291,66.78,2644,5714521,61.45,19250,3745042,40.27,0,0,0
2021-10-09,63.71,0.03,36.26,1341,6211632,66.8,1444,5715965,61.47,7441,3752483,40.35,0,0,0
2021-10-10,63.82,0.04,36.14,4677,6216309,66.85,3747,5719712,61.51,21519,3774002,40.58,0,0,0
2021-10-11,63.91,0.04,36.05,4299,6220608,66.89,2946,5722658,61.54,17270,3791272,40.77,0,0,0
2021-10-12,63.99,0.05,35.96,3977,6224585,66.94,3007,5725665,61.57,15357,3806629,40.93,0,0,0
2021-10-13,64.09,0.05,35.86,3487,6228072,66.97,2451,5728116,61.6,13587,3820216,41.08,0,0,0
2021-10-14,64.19,0.06,35.75,3870,6231942,67.02,2686,5730802,61.63,16569,3836785,41.26,0,0,0
2021-10-15,64.23,0.07,35.7,1705,6233647,67.03,1686,5732488,61.64,9012,3845797,41.36,0,0,0
2021-10-16,64.25,0.08,35.67,729,6234376,67.04,958,5733446,61.65,4036,3849833,41.4,0,0,0
2021-10-17,64.36,0.09,35.56,3090,6237466,67.07,2526,5735972,61.68,12799,3862632,41.54,0,0,0
2021-10-18,64.43,0.1,35.47,2459,6239925,67.1,1694,5737666,61.7,10069,3872701,41.65,0,0,0
2021-10-19,64.49,0.1,35.4,2399,6242324,67.13,1284,5738950,61.71,9295,3881996,41.75,0,0,0
2021-10-20,64.14,0.52,35.34,2438,6244762,67.15,2304,5741254,61.74,10104,3892100,41.85,0,0,0
2021-10-21,54.23,10.41,35.36,3033,6247795,67.19,3098,5744352,61.77,12164,3904264,41.98,0,0,0
2021-10-22,54.36,10.26,35.38,1279,6249074,67.2,1439,5745791,61.79,5842,3910106,42.05,0,0,0
2021-10-23,54.42,10.19,35.39,575,6249649,67.21,1266,5747057,61.8,2565,3912671,42.07,0,0,0
2021-10-24,54.22,10.43,35.35,2518,6252167,67.23,2653,5749710,61.83,9855,3922526,42.18,0,0,0
2021-10-25,54.59,10.22,35.19,2640,6254807,67.26,2753,5752463,61.86,8511,3931037,42.27,0,0,0
2021-10-26,54.64,10.26,35.1,2381,6257188,67.29,2058,5754521,61.88,8531,3939568,42.36,0,0,0
2021-10-27,54.58,10.37,35.06,2292,6259480,67.31,2566,5757087,61.91,7959,3947527,42.45,0,0,0
2021-10-28,54.69,10.76,34.55,2508,6261988,67.34,2782,5759869,61.94,8677,3956204,42.54,0,0,0
2021-10-29,54.73,10.75,34.52,904,6262892,67.35,1154,5761023,61.95,4138,3960342,42.59,0,0,0
2021-10-30,54.68,10.81,34.52,366,6263258,67.35,530,5761553,61.96,1712,3962054,42.61,0,0,0
2021-10-31,54.83,10.7,34.47,2262,6265520,67.38,2495,5764048,61.98,8255,3970309,42.69,0,0,0
2021-11-01,54.95,10.63,34.42,1737,6267257,67.4,2094,5766142,62.01,6481,3976790,42.76,0,0,0
2021-11-02,54.89,10.69,34.42,2026,6269283,67.42,2050,5768192,62.03,6296,3983086,42.83,0,0,0
2021-11-03,54.86,10.75,34.39,1764,6271047,67.44,1897,5770089,62.05,5556,3988642,42.89,0,0,0
2021-11-04,54.85,10.81,34.33,2111,6273158,67.46,2802,5772891,62.08,7135,3995777,42.97,0,0,0
2021-11-05,54.85,10.83,34.32,793,6273951,67.47,907,5773798,62.09,3488,3999265,43.01,0,0,0
2021-11-06,54.82,10.86,34.32,347,6274298,67.47,389,5774187,62.09,1375,4000640,43.02,0,0,0
2021-11-07,54.92,10.8,34.28,1578,6275876,67.49,1770,5775957,62.11,6133,4006773,43.09,0,0,0
2021-11-08,55.01,10.75,34.24,1521,6277397,67.5,1603,5777560,62.13,5406,4012179,43.15,0,0,0
2021-11-09,55.05,10.74,34.21,1429,6278826,67.52,1612,5779172,62.15,5333,4017512,43.2,0,0,0
2021-11-10,55.08,10.73,34.19,1424,6280250,67.53,1662,5780834,62.16,4779,4022291,43.25,0,0,0
2021-11-11,55.15,10.69,34.15,1628,6281878,67.55,1948,5782782,62.19,5720,4028011,43.32,0,0,0
2021-11-12,55.17,10.69,34.14,637,6282515,67.56,826,5783608,62.19,2926,4030937,43.35,0,0,0
2021-11-13,55.14,10.72,34.14,259,6282774,67.56,291,5783899,62.2,1131,4032068,43.36,0,0,0
2021-11-14,55.21,10.68,34.11,1536,6284310,67.58,1639,5785538,62.21,5111,4037179,43.41,0,0,0
2021-11-15,55.28,10.63,34.09,1275,6285585,67.59,1628,5787166,62.23,4770,4041949,43.47,0,0,0
2021-11-16,55.32,10.62,34.07,1275,6286860,67.61,1419,5788585,62.25,4349,4046298,43.51,0,0,0
2021-11-17,55.35,10.6,34.05,1208,6288068,67.62,1567,5790152,62.26,3915,4050213,43.55,0,0,0
2021-11-18,55.41,10.58,34.02,1364,6289432,67.63,1693,5791845,62.28,5014,4055227,43.61,0,0,0
2021-11-19,55.42,10.57,34.01,589,6290021,67.64,765,5792610,62.29,2460,4057687,43.63,0,0,0
2021-11-20,55.41,10.58,34,238,6290259,67.64,258,5792868,62.29,930,4058617,43.64,0,0,0
2021-11-21,55.47,10.54,33.98,1409,6291668,67.66,1542,5794410,62.31,4881,4063498,43.7,0,0,0
2021-11-22,55.54,10.5,33.96,1681,6293349,67.68,1523,5795933,62.33,4238,4067736,43.74,0,0,0
2021-11-23,55.57,10.48,33.95,8616,6301965,67.77,1688,5797621,62.34,4012,4071748,43.79,0,0,0
2021-11-24,55.6,10.44,33.95,9348,6311313,67.87,1319,5798940,62.36,3925,4075673,43.83,0,0,0
2021-11-25,55.64,10.43,33.93,9809,6321122,67.97,1600,5800540,62.38,4841,4080514,43.88,0,0,0
2021-11-26,55.63,10.45,33.92,5610,6326732,68.03,753,5801293,62.38,2807,4083321,43.91,0,0,0
2021-11-27,55.62,10.46,33.92,4776,6331508,68.09,324,5801617,62.39,1164,4084485,43.92,0,0,0
2021-11-28,55.67,10.43,33.9,10148,6341656,68.19,1481,5803098,62.4,4907,4089392,43.98,0,0,0
2021-11-29,55.73,10.39,33.88,9043,6350699,68.29,1135,5804233,62.42,4378,4093770,44.02,0,0,0
2021-11-30,55.77,10.37,33.86,10043,6360742,68.4,1039,5805272,62.43,4085,4097855,44.07,0,0,0
2021-12-01,55.79,10.36,33.84,8629,6369371,68.49,1098,5806370,62.44,4445,4102300,44.11,5,5,0
2021-12-02,55.84,10.34,33.82,9174,6378545,68.59,1457,5807827,62.45,5126,4107426,44.17,6,11,0
2021-12-03,55.86,10.33,33.81,6329,6384874,68.66,673,5808500,62.46,2868,4110294,44.2,1,12,0
2021-12-04,55.85,10.34,33.81,2509,6387383,68.69,239,5808739,62.46,926,4111220,44.21,3,15,0
2021-12-05,55.9,10.31,33.79,8334,6395717,68.78,1254,5809993,62.48,4683,4115903,44.26,1,16,0
2021-12-06,55.95,10.27,33.78,6720,6402437,68.85,1200,5811193,62.49,4351,4120254,44.31,4,20,0
2021-12-07,55.99,10.25,33.76,5553,6407990,68.91,1506,5812699,62.51,3966,4124220,44.35,9,29,0
2021-12-08,56.03,10.22,33.75,4934,6412924,68.96,1201,5813900,62.52,3885,4128105,44.39,10,39,0
2021-12-09,56.08,10.19,33.73,6239,6419163,69.03,1241,5815141,62.53,4508,4132613,44.44,8,47,0
2021-12-10,56.1,10.18,33.72,3006,6422169,69.06,704,5815845,62.54,2687,4135300,44.47,4,51,0
2021-12-11,56.1,10.18,33.71,1491,6423660,69.08,255,5816100,62.54,1022,4136322,44.48,0,51,0
2021-12-12,56.16,10.15,33.69,7273,6430933,69.16,1444,5817544,62.56,5249,4141571,44.54,3,54,0
2021-12-13,56.21,10.11,33.67,6180,6437113,69.22,1377,5818921,62.57,4351,4145922,44.58,5,59,0
2021-12-14,56.27,10.09,33.65,7316,6444429,69.3,6098,5825019,62.64,4941,4150863,44.64,12,71,0
2021-12-15,56.34,10.06,33.6,7204,6451633,69.38,7404,5832423,62.72,5446,4156309,44.69,7,78,0
2021-12-16,56.53,10.05,33.42,8079,6459712,69.46,8611,5841034,62.81,6565,4162874,44.77,8,86,0
2021-12-17,56.64,10.05,33.3,4406,6464118,69.51,5141,5846175,62.87,3955,4166829,44.81,3,89,0
2021-12-18,56.73,10.07,33.2,3941,6468059,69.55,2913,5849088,62.9,1361,4168190,44.82,2,91,0
2021-12-19,56.92,10.04,33.04,6978,6475037,69.63,9328,5858416,63,6276,4174466,44.89,6,97,0
2021-12-20,57.07,10.02,32.91,7971,6483008,69.72,7520,5865936,63.08,5447,4179913,44.95,9,106,0
2021-12-21,57.27,10.01,32.71,9548,6492556,69.82,8647,5874583,63.17,6493,4186406,45.02,8,114,0
2021-12-22,57.49,10,32.52,9663,6502219,69.92,8152,5882735,63.26,6258,4192664,45.09,12,126,0
2021-12-23,57.7,9.97,32.33,11539,6513758,70.05,10262,5892997,63.37,8161,4200825,45.17,16,142,0
2021-12-24,57.83,9.96,32.21,5875,6519633,70.11,6241,5899238,63.44,5281,4206106,45.23,12,154,0
2021-12-25,57.9,9.96,32.15,3338,6522971,70.14,2566,5901804,63.47,2022,4208128,45.25,6,160,0
2021-12-26,58.1,9.92,31.98,10652,6533623,70.26,8909,5910713,63.56,8202,4216330,45.34,8,168,0
2021-12-27,58.27,9.9,31.83,10370,6543993,70.37,7142,5917855,63.64,8188,4224518,45.43,26,194,0
2021-12-28,58.46,9.88,31.66,11375,6555368,70.49,7451,5925306,63.72,9643,4234161,45.53,32,226,0
2021-12-29,58.64,9.85,31.51,9933,6565301,70.6,5964,5931270,63.78,8376,4242537,45.62,21,247,0
2021-12-30,58.84,9.82,31.34,11012,6576313,70.72,7735,5939005,63.87,12240,4254777,45.75,10,257,0
2021-12-31,58.9,9.79,31.3,4829,6581142,70.77,3671,5942676,63.9,7297,4262074,45.83,135,392,0
2022-01-01,58.93,9.79,31.28,1993,6583135,70.79,1592,5944268,63.92,2741,4264815,45.86,66,458,0
2022-01-02,59.14,9.76,31.1,10216,6593351,70.9,6487,5950755,63.99,13002,4277817,46,590,1048,0.01
2022-01-03,59.29,9.71,31,9384,6602735,71,5259,5956014,64.05,11343,4289160,46.12,25055,26103,0.28
2022-01-04,59.46,9.68,30.86,8963,6611698,71.1,5947,5961961,64.11,10525,4299685,46.24,50665,76768,0.83
2022-01-05,59.56,9.65,30.79,8554,6620252,71.19,5740,5967701,64.17,10492,4310177,46.35,59596,136364,1.47
2022-01-06,59.81,9.63,30.56,10339,6630591,71.3,7958,5975659,64.26,13532,4323709,46.49,64006,200370,2.15
2022-01-07,59.89,9.61,30.49,4759,6635350,71.35,4557,5980216,64.31,8167,4331876,46.58,31136,231506,2.49
2022-01-08,59.9,9.64,30.46,2750,6638100,71.38,2451,5982667,64.33,5502,4337378,46.64,27633,259139,2.79
2022-01-09,60.06,9.59,30.35,9305,6647405,71.48,7724,5990391,64.42,11871,4349249,46.77,66773,325912,3.5
2022-01-10,60.21,9.54,30.25,8347,6655752,71.57,7646,5998037,64.5,11885,4361134,46.9,64783,390695,4.2
2022-01-11,60.38,9.49,30.13,8097,6663849,71.66,8622,6006659,64.59,11974,4373108,47.03,56662,447357,4.81
2022-01-12,60.51,9.45,30.04,7275,6671124,71.74,8305,6014964,64.68,11114,4384222,47.15,44633,491990,5.29
2022-01-13,60.7,9.35,29.94,7509,6678633,71.82,9617,6024581,64.79,11549,4395771,47.27,34769,526759,5.66
2022-01-14,60.79,9.31,29.9,2555,6681188,71.85,4935,6029516,64.84,6147,4401918,47.34,11146,537905,5.78
2022-01-15,60.83,9.29,29.87,1469,6682657,71.86,3170,6032686,64.87,3885,4405803,47.38,5716,543621,5.85
2022-01-16,60.97,9.2,29.82,3817,6686474,71.9,8524,6041210,64.96,7682,4413485,47.46,19993,563614,6.06
2022-01-17,61.09,9.13,29.78,2808,6689282,71.93,7047,6048257,65.04,6173,4419658,47.53,17835,581449,6.25
2022-01-18,61.23,9.07,29.7,2475,6691757,71.96,7386,6055643,65.12,5535,4425193,47.59,14819,596268,6.41
2022-01-19,61.37,8.98,29.65,1915,6693672,71.98,6368,6062011,65.19,4523,4429716,47.63,8462,604730,6.5
2022-01-20,61.44,8.85,29.71,1777,6695449,72,6971,6068982,65.26,4792,4434508,47.69,8042,612772,6.59
2022-01-21,61.51,8.81,29.68,905,6696354,72.01,3725,6072707,65.3,2646,4437154,47.72,3358,616130,6.63
2022-01-22,61.51,8.75,29.74,327,6696681,72.01,1462,6074169,65.32,1068,4438222,47.73,1114,617244,6.64
2022-01-23,61.61,8.7,29.69,1068,6697749,72.02,5632,6079801,65.38,2879,4441101,47.76,6083,623327,6.7
2022-01-24,61.73,8.62,29.65,759,6698508,72.03,4481,6084282,65.43,2271,4443372,47.78,5057,628384,6.76
2022-01-25,61.9,8.51,29.59,743,6699251,72.04,4401,6088683,65.47,2187,4445559,47.81,7103,635487,6.83
2022-01-26,62.02,8.42,29.57,615,6699866,72.05,3286,6091969,65.51,1612,4447171,47.82,4263,639750,6.88
2022-01-27,62.12,8.35,29.52,797,6700663,72.06,4405,6096374,65.56,2007,4449178,47.84,5441,645191,6.94
2022-01-28,62.16,8.33,29.5,397,6701060,72.06,2377,6098751,65.58,1182,4450360,47.86,3452,648643,6.98
2022-01-29,62.23,8.29,29.48,124,6701184,72.06,1046,6099797,65.59,425,4450785,47.86,1162,649805,6.99
2022-01-30,62.3,8.24,29.46,769,6701953,72.07,4719,6104516,65.64,2020,4452805,47.88,8099,657904,7.07
2022-01-31,62.39,8.17,29.43,528,6702481,72.08,3183,6107699,65.68,1610,4454415,47.9,6472,664376,7.14
2022-02-01,62.45,8.15,29.4,482,6702963,72.08,2809,6110508,65.71,1526,4455941,47.92,5722,670098,7.21
2022-02-02,62.28,8.13,29.59,375,6703338,72.08,2394,6112902,65.74,1386,4457327,47.93,5073,675171,7.26
2022-02-03,62.34,8.08,29.57,446,6703784,72.09,2776,6115678,65.77,1462,4458789,47.95,5607,680778,7.32
2022-02-04,62.37,8.06,29.57,174,6703958,72.09,991,6116669,65.78,758,4459547,47.96,2455,683233,7.35
2022-02-05,62.34,8.09,29.56,62,6704020,72.09,342,6117011,65.78,221,4459768,47.96,420,683653,7.35
2022-02-06,62.41,8.05,29.55,407,6704427,72.1,2321,6119332,65.8,1344,4461112,47.97,5687,689340,7.41
2022-02-07,62.47,8.01,29.52,283,6704710,72.1,1308,6120640,65.82,984,4462096,47.98,5961,695301,7.48
2022-02-08,62.54,7.97,29.49,317,6705027,72.1,1498,6122138,65.83,1068,4463164,47.99,6138,701439,7.54
2022-02-09,62.6,7.95,29.45,254,6705281,72.11,1102,6123240,65.85,946,4464110,48,4571,706010,7.59
2022-02-10,62.63,7.93,29.44,273,6705554,72.11,1292,6124532,65.86,936,4465046,48.01,4816,710826,7.64
2022-02-11,62.67,7.91,29.42,212,6705766,72.11,557,6125089,65.87,519,4465565,48.02,2540,713366,7.67
2022-02-12,62.67,7.91,29.41,32,6705798,72.11,91,6125180,65.87,137,4465702,48.02,269,713635,7.67
2022-02-13,62.73,7.87,29.39,286,6706084,72.11,946,6126126,65.88,967,4466669,48.03,4998,718633,7.73
2022-02-14,62.89,7.74,29.36,179,6706263,72.12,628,6126754,65.88,761,4467430,48.04,3143,721776,7.76
2022-02-15,62.92,7.73,29.35,266,6706529,72.12,763,6127517,65.89,938,4468368,48.05,3819,725595,7.8
2022-02-16,62.95,7.72,29.34,179,6706708,72.12,577,6128094,65.9,803,4469171,48.06,2488,728083,7.83
2022-02-17,62.96,7.7,29.34,247,6706955,72.12,740,6128834,65.91,775,4469946,48.07,3061,731144,7.86
2022-02-18,62.98,7.69,29.33,130,6707085,72.12,343,6129177,65.91,441,4470387,48.07,1119,732263,7.87
2022-02-19,62.99,7.69,29.32,33,6707118,72.13,84,6129261,65.91,82,4470469,48.07,80,732343,7.88
2022-02-20,63.01,7.67,29.32,204,6707322,72.13,604,6129865,65.92,723,4471192,48.08,2574,734917,7.9
2022-02-21,63.04,7.65,29.31,173,6707495,72.13,415,6130280,65.92,490,4471682,48.09,1542,736459,7.92
2022-02-22,63.05,7.65,29.3,158,6707653,72.13,455,6130735,65.93,570,4472252,48.09,1871,738330,7.94
2022-02-23,63.06,7.65,29.29,109,6707762,72.13,353,6131088,65.93,453,4472705,48.1,1153,739483,7.95
2022-02-24,63.05,7.66,29.29,138,6707900,72.13,463,6131551,65.94,568,4473273,48.1,1493,740976,7.97
2022-02-25,63.06,7.66,29.28,59,6707959,72.13,144,6131695,65.94,193,4473466,48.11,456,741432,7.97
2022-02-26,63.05,7.67,29.28,17,6707976,72.13,28,6131723,65.94,161,4473627,48.11,35,741467,7.97
2022-02-27,63.05,7.67,29.28,112,6708088,72.14,341,6132064,65.94,448,4474075,48.11,1119,742586,7.99
2022-02-28,63.07,7.65,29.28,108,6708196,72.14,271,6132335,65.94,426,4474501,48.12,908,743494,8
2022-03-01,63.1,7.63,29.27,97,6708293,72.14,281,6132616,65.95,373,4474874,48.12,797,744291,8
2022-03-02,63.11,7.62,29.27,77,6708370,72.14,199,6132815,65.95,324,4475198,48.12,698,744989,8.01
2022-03-03,63.05,7.67,29.27,157,6708527,72.14,371,6133186,65.95,499,4475697,48.13,987,745976,8.02
2022-03-04,63.05,7.68,29.27,54,6708581,72.14,170,6133356,65.96,170,4475867,48.13,228,746204,8.02
2022-03-05,63.04,7.69,29.27,5,6708586,72.14,25,6133381,65.96,44,4475911,48.13,32,746236,8.02
2022-03-06,63.04,7.69,29.27,98,6708684,72.14,259,6133640,65.96,417,4476328,48.14,760,746996,8.03
2022-03-07,63.05,7.69,29.26,88,6708772,72.14,260,6133900,65.96,354,4476682,48.14,605,747601,8.04
2022-03-08,63.04,7.7,29.26,100,6708872,72.14,263,6134163,65.96,333,4477015,48.14,550,748151,8.05
2022-03-09,63.02,7.72,29.25,89,6708961,72.14,213,6134376,65.97,337,4477352,48.15,492,748643,8.05
2022-03-10,63.01,7.74,29.25,115,6709076,72.15,375,6134751,65.97,428,4477780,48.15,620,749263,8.06
2022-03-11,63,7.75,29.25,24,6709100,72.15,85,6134836,65.97,123,4477903,48.15,144,749407,8.06
2022-03-12,62.98,7.77,29.24,11,6709111,72.15,12,6134848,65.97,34,4477937,48.15,28,749435,8.06
2022-03-13,62.98,7.78,29.24,100,6709211,72.15,271,6135119,65.97,359,4478296,48.16,595,750030,8.07
2022-03-14,62.98,7.78,29.24,66,6709277,72.15,253,6135372,65.98,316,4478612,48.16,559,750589,8.07
2022-03-15,62.95,7.81,29.24,80,6709357,72.15,185,6135557,65.98,293,4478905,48.16,591,751180,8.08
2022-03-16,62.94,7.82,29.24,77,6709434,72.15,205,6135762,65.98,305,4479210,48.17,668,751848,8.09
2022-03-17,62.94,7.82,29.24,65,6709499,72.15,122,6135884,65.98,286,4479496,48.17,613,752461,8.09
2022-03-18,62.94,7.82,29.24,20,6709519,72.15,54,6135938,65.98,100,4479596,48.17,234,752695,8.09
2022-03-19,62.89,7.88,29.23,6,6709525,72.15,11,6135949,65.98,29,4479625,48.17,39,752734,8.09
2022-03-20,62.87,7.89,29.23,120,6709645,72.15,260,6136209,65.99,486,4480111,48.18,1431,754165,8.11
2022-03-21,62.87,7.9,29.23,97,6709742,72.15,249,6136458,65.99,379,4480490,48.18,1132,755297,8.12
2022-03-22,62.84,7.94,29.23,141,6709883,72.15,342,6136800,65.99,508,4480998,48.19,1770,757067,8.14
2022-03-23,62.81,7.97,29.22,108,6709991,72.16,212,6137012,65.99,463,4481461,48.19,1677,758744,8.16
2022-03-24,62.78,8,29.22,175,6710166,72.16,345,6137357,66,769,4482230,48.2,2363,761107,8.18
2022-03-25,62.78,8,29.23,39,6710205,72.16,83,6137440,66,159,4482389,48.2,630,761737,8.19
2022-03-26,62.77,8,29.22,12,6710217,72.16,13,6137453,66,34,4482423,48.2,91,761828,8.19
2022-03-27,62.75,8.02,29.22,168,6710385,72.16,344,6137797,66,760,4483183,48.21,3193,765021,8.23
2022-03-28,62.75,8.03,29.22,113,6710498,72.16,272,6138069,66.01,623,4483806,48.22,2416,767437,8.25
2022-03-29,62.7,8.07,29.22,125,6710623,72.16,260,6138329,66.01,641,4484447,48.22,2772,770209,8.28
2022-03-30,62.81,8.11,29.07,132,6710755,72.16,208,6138537,66.01,542,4484989,48.23,2371,772580,8.31
2022-03-31,62.79,8.11,29.1,166,6710921,72.17,302,6138839,66.01,732,4485721,48.24,2853,775433,8.34
2022-04-01,62.72,8.13,29.15,122,6711043,72.17,161,6139000,66.02,277,4485998,48.24,589,776022,8.35
2022-04-02,62.69,8.15,29.16,7,6711050,72.17,7,6139007,66.02,37,4486035,48.24,52,776074,8.35
2022-04-03,62.65,8.16,29.19,159,6711209,72.17,270,6139277,66.02,569,4486604,48.25,2478,778552,8.37
2022-04-04,62.62,8.16,29.22,103,6711312,72.17,208,6139485,66.02,485,4487089,48.25,2225,780777,8.4
2022-04-05,62.57,8.19,29.25,123,6711435,72.17,221,6139706,66.02,513,4487602,48.26,2243,783020,8.42
2022-04-06,62.55,8.2,29.25,91,6711526,72.17,157,6139863,66.03,382,4487984,48.26,2023,785043,8.44
2022-04-07,62.56,8.2,29.24,191,6711717,72.17,215,6140078,66.03,641,4488625,48.27,2556,787599,8.47
2022-04-08,62.54,8.22,29.23,30,6711747,72.17,61,6140139,66.03,154,4488779,48.27,482,788081,8.47
2022-04-09,62.52,8.25,29.23,6,6711753,72.17,17,6140156,66.03,28,4488807,48.27,47,788128,8.48
2022-04-10,62.51,8.26,29.23,103,6711856,72.18,265,6140421,66.03,429,4489236,48.27,1845,789973,8.5
2022-04-11,62.54,8.26,29.2,78,6711934,72.18,201,6140622,66.03,371,4489607,48.28,1425,791398,8.51
2022-04-12,62.58,8.29,29.12,204,6712138,72.18,168,6140790,66.03,376,4489983,48.28,1361,792759,8.52
2022-04-13,62.58,8.31,29.1,117,6712255,72.18,150,6140940,66.04,299,4490282,48.29,1218,793977,8.54
2022-04-14,62.57,8.33,29.1,85,6712340,72.18,222,6141162,66.04,321,4490603,48.29,1069,795046,8.55
2022-04-15,62.55,8.35,29.1,10,6712350,72.18,51,6141213,66.04,48,4490651,48.29,82,795128,8.55
2022-04-16,62.53,8.37,29.1,3,6712353,72.18,8,6141221,66.04,21,4490672,48.29,29,795157,8.55
2022-04-17,62.52,8.38,29.1,62,6712415,72.18,131,6141352,66.04,229,4490901,48.29,807,795964,8.56
2022-04-18,62.51,8.38,29.1,68,6712483,72.18,109,6141461,66.04,253,4491154,48.3,750,796714,8.57
2022-04-19,62.5,8.4,29.1,62,6712545,72.18,145,6141606,66.04,273,4491427,48.3,842,797556,8.58
2022-04-20,62.48,8.42,29.1,60,6712605,72.18,117,6141723,66.05,235,4491662,48.3,656,798212,8.58
2022-04-21,62.47,8.43,29.1,53,6712658,72.18,109,6141832,66.05,197,4491859,48.3,480,798692,8.59
2022-04-22,62.45,8.44,29.11,3,6712661,72.18,17,6141849,66.05,19,4491878,48.3,20,798712,8.59
2022-04-23,62.43,8.46,29.11,6,6712667,72.18,9,6141858,66.05,17,4491895,48.3,13,798725,8.59
2022-04-24,62.43,8.47,29.1,92,6712759,72.19,250,6142108,66.05,329,4492224,48.31,872,799597,8.6
2022-04-25,62.43,8.47,29.1,104,6712863,72.19,193,6142301,66.05,316,4492540,48.31,739,800336,8.61
2022-04-26,62.42,8.48,29.1,76,6712939,72.19,175,6142476,66.05,304,4492844,48.31,789,801125,8.61
2022-04-27,62.41,8.49,29.1,54,6712993,72.19,160,6142636,66.05,227,4493071,48.32,640,801765,8.62
2022-04-28,62.41,8.5,29.1,97,6713090,72.19,232,6142868,66.06,329,4493400,48.32,872,802637,8.63
2022-04-29,62.39,8.51,29.1,112,6713202,72.19,159,6143027,66.06,184,4493584,48.32,196,802833,8.63
2022-04-30,62.38,8.52,29.1,1,6713203,72.19,3,6143030,66.06,24,4493608,48.32,22,802855,8.63
2022-05-01,62.38,8.53,29.09,135,6713338,72.19,185,6143215,66.06,317,4493925,48.33,630,803485,8.64
2022-05-02,62.37,8.54,29.09,62,6713400,72.19,155,6143370,66.06,235,4494160,48.33,491,803976,8.65
2022-05-03,62.36,8.55,29.09,73,6713473,72.19,151,6143521,66.06,288,4494448,48.33,508,804484,8.65
2022-05-04,62.35,8.57,29.08,23,6713496,72.19,56,6143577,66.06,63,4494511,48.33,129,804613,8.65
2022-05-05,62.34,8.58,29.08,5,6713501,72.19,1,6143578,66.06,8,4494519,48.33,14,804627,8.65
2022-05-06,62.33,8.59,29.08,20,6713521,72.19,59,6143637,66.07,63,4494582,48.33,154,804781,8.65
2022-05-07,62.32,8.6,29.08,1,6713522,72.19,7,6143644,66.07,27,4494609,48.33,24,804805,8.65
2022-05-08,62.31,8.61,29.08,118,6713640,72.2,207,6143851,66.07,270,4494879,48.34,457,805262,8.66
2022-05-09,62.31,8.61,29.08,59,6713699,72.2,162,6144013,66.07,253,4495132,48.34,505,805767,8.66
2022-05-10,62.3,8.62,29.08,131,6713830,72.2,169,6144182,66.07,261,4495393,48.34,508,806275,8.67
2022-05-11,62.3,8.63,29.08,58,6713888,72.2,118,6144300,66.07,183,4495576,48.34,464,806739,8.68
2022-05-12,62.29,8.64,29.07,119,6714007,72.2,200,6144500,66.07,282,4495858,48.35,667,807406,8.68
2022-05-13,62.28,8.65,29.07,11,6714018,72.2,44,6144544,66.08,71,4495929,48.35,110,807516,8.68
2022-05-14,62.26,8.66,29.07,6,6714024,72.2,13,6144557,66.08,14,4495943,48.35,24,807540,8.68
2022-05-15,62.26,8.67,29.07,90,6714114,72.2,175,6144732,66.08,246,4496189,48.35,665,808205,8.69
2022-05-16,62.19,8.65,29.16,68,6714182,72.2,141,6144873,66.08,230,4496419,48.35,510,808715,8.7
2022-05-17,62.18,8.66,29.16,73,6714255,72.2,153,6145026,66.08,267,4496686,48.36,618,809333,8.7
2022-05-18,62.17,8.67,29.16,43,6714298,72.2,99,6145125,66.08,169,4496855,48.36,447,809780,8.71
2022-05-19,62.16,8.68,29.16,62,6714360,72.2,173,6145298,66.08,213,4497068,48.36,499,810279,8.71
2022-05-20,62.15,8.69,29.16,76,6714436,72.2,114,6145412,66.08,130,4497198,48.36,138,810417,8.71
2022-05-21,62.14,8.7,29.16,4,6714440,72.2,7,6145419,66.08,15,4497213,48.36,18,810435,8.72
2022-05-22,62.14,8.71,29.16,85,6714525,72.2,190,6145609,66.09,216,4497429,48.36,427,810862,8.72
2022-05-23,62.14,8.71,29.16,66,6714591,72.21,120,6145729,66.09,157,4497586,48.36,349,811211,8.72
2022-05-24,62.13,8.71,29.15,43,6714634,72.21,119,6145848,66.09,157,4497743,48.37,394,811605,8.73
2022-05-25,62.12,8.72,29.15,61,6714695,72.21,103,6145951,66.09,168,4497911,48.37,337,811942,8.73
2022-05-26,62.11,8.73,29.16,72,6714767,72.21,136,6146087,66.09,186,4498097,48.37,347,812289,8.74
2022-05-27,62.1,8.74,29.16,12,6714779,72.21,30,6146117,66.09,43,4498140,48.37,59,812348,8.74
2022-05-28,62.09,8.75,29.16,2,6714781,72.21,5,6146122,66.09,8,4498148,48.37,12,812360,8.74
2022-05-29,62.09,8.75,29.16,89,6714870,72.21,153,6146275,66.09,163,4498311,48.37,316,812676,8.74
2022-05-30,62.09,8.76,29.16,56,6714926,72.21,134,6146409,66.1,126,4498437,48.37,291,812967,8.74
2022-05-31,62.07,8.78,29.15,45,6714971,72.21,104,6146513,66.1,153,4498590,48.38,351,813318,8.75
2022-06-01,61.95,8.9,29.16,65,6715036,72.21,90,6146603,66.1,119,4498709,48.38,277,813595,8.75
2022-06-02,45.96,24.88,29.15,77,6715113,72.21,156,6146759,66.1,178,4498887,48.38,255,813850,8.75
2022-06-03,45.9,24.95,29.16,10,6715123,72.21,23,6146782,66.1,21,4498908,48.38,33,813883,8.75
2022-06-04,45.84,25,29.16,0,6715123,72.21,7,6146789,66.1,8,4498916,48.38,5,813888,8.75
2022-06-05,45.8,25.05,29.16,11,6715134,72.21,14,6146803,66.1,7,4498923,48.38,2,813890,8.75
2022-06-06,39.96,30.89,29.16,58,6715192,72.21,145,6146948,66.1,161,4499084,48.38,262,814152,8.76
2022-06-07,39.92,30.93,29.15,54,6715246,72.21,134,6147082,66.1,142,4499226,48.38,379,814531,8.76
2022-06-08,39.89,30.96,29.15,59,6715305,72.21,104,6147186,66.1,131,4499357,48.38,497,815028,8.76
2022-06-09,39.86,30.99,29.15,84,6715389,72.21,208,6147394,66.11,234,4499591,48.39,642,815670,8.77
2022-06-10,39.83,31.02,29.15,15,6715404,72.21,51,6147445,66.11,60,4499651,48.39,142,815812,8.77
2022-06-11,39.8,31.05,29.15,0,6715404,72.21,3,6147448,66.11,7,4499658,48.39,19,815831,8.77
2022-06-12,39.8,31.05,29.15,109,6715513,72.22,200,6147648,66.11,192,4499850,48.39,768,816599,8.78
2022-06-13,39.81,31.04,29.15,84,6715597,72.22,142,6147790,66.11,168,4500018,48.39,626,817225,8.79
2022-06-14,39.79,31.06,29.15,116,6715713,72.22,174,6147964,66.11,208,4500226,48.39,759,817984,8.8
2022-06-15,39.78,31.08,29.15,71,6715784,72.22,141,6148105,66.11,207,4500433,48.4,700,818684,8.8
2022-06-16,39.74,31.11,29.14,94,6715878,72.22,136,6148241,66.12,218,4500651,48.4,742,819426,8.81
2022-06-17,39.72,31.14,29.15,16,6715894,72.22,63,6148304,66.12,53,4500704,48.4,125,819551,8.81
2022-06-18,39.68,31.17,29.14,3,6715897,72.22,4,6148308,66.12,11,4500715,48.4,15,819566,8.81
2022-06-19,39.53,31.33,29.15,115,6716012,72.22,208,6148516,66.12,318,4501033,48.4,877,820443,8.82
2022-06-20,33.92,36.85,29.23,99,6716111,72.22,152,6148668,66.12,307,4501340,48.41,922,821365,8.83
2022-06-21,33.58,37.19,29.23,94,6716205,72.22,154,6148822,66.12,375,4501715,48.41,1229,822594,8.85
2022-06-22,33.28,37.49,29.23,110,6716315,72.22,136,6148958,66.12,339,4502054,48.41,894,823488,8.86
2022-06-23,32.84,37.92,29.23,132,6716447,72.23,217,6149175,66.13,525,4502579,48.42,1146,824634,8.87
2022-06-24,32.43,38.34,29.24,19,6716466,72.23,35,6149210,66.13,110,4502689,48.42,208,824842,8.87
2022-06-25,32.04,38.72,29.24,1,6716467,72.23,3,6149213,66.13,13,4502702,48.42,16,824858,8.87
2022-06-26,31.63,39.13,29.24,107,6716574,72.23,158,6149371,66.13,379,4503081,48.42,933,825791,8.88
2022-06-27,31.29,39.47,29.24,86,6716660,72.23,172,6149543,66.13,392,4503473,48.43,1028,826819,8.89
2022-06-28,30.86,39.91,29.24,85,6716745,72.23,151,6149694,66.13,363,4503836,48.43,932,827751,8.9
2022-06-29,30.48,40.28,29.24,76,6716821,72.23,108,6149802,66.13,265,4504101,48.43,816,828567,8.91
2022-06-30,30.05,40.71,29.24,86,6716907,72.23,165,6149967,66.13,355,4504456,48.44,1062,829629,8.92
2022-07-01,29.62,41.14,29.24,22,6716929,72.23,28,6149995,66.13,55,4504511,48.44,80,829709,8.92
2022-07-02,29.2,41.56,29.24,1,6716930,72.23,2,6149997,66.13,8,4504519,48.44,18,829727,8.92
2022-07-03,28.81,41.95,29.24,100,6717030,72.23,178,6150175,66.14,322,4504841,48.44,636,830363,8.93
2022-07-04,28.5,42.26,29.24,76,6717106,72.23,140,6150315,66.14,278,4505119,48.45,749,831112,8.94
2022-07-05,28.06,42.7,29.24,59,6717165,72.23,142,6150457,66.14,302,4505421,48.45,688,831800,8.94
2022-07-06,27.39,43.37,29.24,78,6717243,72.23,124,6150581,66.14,211,4505632,48.45,646,832446,8.95
2022-07-07,26.48,44.28,29.24,82,6717325,72.23,165,6150746,66.14,267,4505899,48.45,721,833167,8.96
2022-07-08,25.47,45.29,29.24,17,6717342,72.23,33,6150779,66.14,69,4505968,48.45,131,833298,8.96
2022-07-09,24.42,46.34,29.24,0,6717342,72.23,1,6150780,66.14,3,4505971,48.45,3,833301,8.96
2022-07-10,23.77,46.99,29.24,90,6717432,72.24,164,6150944,66.14,229,4506200,48.46,470,833771,8.97
2022-07-11,23.22,47.54,29.24,64,6717496,72.24,142,6151086,66.15,248,4506448,48.46,575,834346,8.97
2022-07-12,22.13,48.63,29.24,69,6717565,72.24,129,6151215,66.15,207,4506655,48.46,558,834904,8.98
2022-07-13,21.1,49.66,29.24,43,6717608,72.24,101,6151316,66.15,165,4506820,48.46,488,835392,8.98
2022-07-14,20.12,50.63,29.24,70,6717678,72.24,147,6151463,66.15,208,4507028,48.47,513,835905,8.99
2022-07-15,19.27,51.48,29.25,64,6717742,72.24,88,6151551,66.15,127,4507155,48.47,168,836073,8.99
2022-07-16,18.29,52.46,29.25,0,6717742,72.24,6,6151557,66.15,7,4507162,48.47,8,836081,8.99
2022-07-17,17.83,52.92,29.25,77,6717819,72.24,183,6151740,66.15,241,4507403,48.47,468,836549,9
2022-07-18,17.48,53.26,29.26,62,6717881,72.24,158,6151898,66.15,207,4507610,48.47,511,837060,9
2022-07-19,16.77,53.97,29.26,62,6717943,72.24,147,6152045,66.16,174,4507784,48.47,368,837428,9.01
2022-07-20,16.09,54.64,29.26,51,6717994,72.24,134,6152179,66.16,137,4507921,48.48,423,837851,9.01
2022-07-21,15.43,55.3,29.27,62,6718056,72.24,160,6152339,66.16,176,4508097,48.48,341,838192,9.01
2022-07-22,14.64,56.08,29.28,10,6718066,72.24,36,6152375,66.16,43,4508140,48.48,56,838248,9.01
2022-07-23,14.17,56.55,29.28,0,6718066,72.24,4,6152379,66.16,4,4508144,48.48,9,838257,9.01
2022-07-24,13.55,57.16,29.29,58,6718124,72.24,128,6152507,66.16,197,4508341,48.48,364,838621,9.02
2022-07-25,13.09,57.61,29.3,48,6718172,72.24,107,6152614,66.16,172,4508513,48.48,336,838957,9.02
2022-07-26,12.46,58.23,29.3,47,6718219,72.24,99,6152713,66.16,111,4508624,48.48,270,839227,9.02
2022-07-27,11.89,58.8,29.31,44,6718263,72.24,125,6152838,66.16,132,4508756,48.48,243,839470,9.03
2022-07-28,11.35,59.34,29.31,62,6718325,72.25,143,6152981,66.17,148,4508904,48.49,221,839691,9.03
2022-07-29,10.85,59.83,29.32,10,6718335,72.25,25,6153006,66.17,27,4508931,48.49,31,839722,9.03
2022-07-30,10.34,60.33,29.33,0,6718335,72.25,0,6153006,66.17,1,4508932,48.49,1,839723,9.03
2022-07-31,9.97,60.7,29.33,56,6718391,72.25,134,6153140,66.17,131,4509063,48.49,252,839975,9.03
2022-08-01,9.47,61.19,29.34,54,6718445,72.25,76,6153216,66.17,91,4509154,48.49,152,840127,9.03
2022-08-02,8.92,61.73,29.35,111,6718556,72.25,119,6153335,66.17,157,4509311,48.49,264,840391,9.04
2022-08-03,8.46,62.19,29.35,76,6718632,72.25,71,6153406,66.17,92,4509403,48.49,181,840572,9.04
2022-08-04,8.04,62.61,29.36,133,6718765,72.25,133,6153539,66.17,111,4509514,48.49,246,840818,9.04
2022-08-05,7.71,62.93,29.36,31,6718796,72.25,23,6153562,66.17,13,4509527,48.49,24,840842,9.04
2022-08-06,7.32,63.32,29.36,1,6718797,72.25,2,6153564,66.17,3,4509530,48.49,5,840847,9.04
2022-08-07,6.92,63.71,29.37,89,6718886,72.25,97,6153661,66.17,69,4509599,48.49,169,841016,9.04
2022-08-08,6.74,63.89,29.37,109,6718995,72.25,92,6153753,66.17,92,4509691,48.49,172,841188,9.05
2022-08-09,6.25,64.37,29.38,96,6719091,72.25,90,6153843,66.18,99,4509790,48.5,213,841401,9.05
2022-08-10,5.91,64.71,29.38,77,6719168,72.25,60,6153903,66.18,76,4509866,48.5,115,841516,9.05
2022-08-11,5.59,65.03,29.38,54,6719222,72.26,101,6154004,66.18,91,4509957,48.5,156,841672,9.05
2022-08-12,5.35,65.27,29.38,8,6719230,72.26,12,6154016,66.18,18,4509975,48.5,29,841701,9.05
2022-08-13,5.1,65.52,29.38,0,6719230,72.26,2,6154018,66.18,2,4509977,48.5,3,841704,9.05
2022-08-14,4.87,65.75,29.39,74,6719304,72.26,75,6154093,66.18,82,4510059,48.5,150,841854,9.05
2022-08-15,4.74,65.87,29.39,69,6719373,72.26,80,6154173,66.18,92,4510151,48.5,144,841998,9.05
2022-08-16,4.46,66.15,29.39,82,6719455,72.26,84,6154257,66.18,84,4510235,48.5,187,842185,9.06
2022-08-17,4.16,66.44,29.39,46,6719501,72.26,56,6154313,66.18,36,4510271,48.5,116,842301,9.06
2022-08-18,3.98,66.63,29.39,70,6719571,72.26,93,6154406,66.18,120,4510391,48.5,173,842474,9.06
2022-08-19,3.83,66.78,29.39,79,6719650,72.26,67,6154473,66.18,56,4510447,48.5,38,842512,9.06
2022-08-20,3.67,66.94,29.39,1,6719651,72.26,1,6154474,66.18,3,4510450,48.5,3,842515,9.06
2022-08-21,3.52,67.08,29.4,52,6719703,72.26,85,6154559,66.18,84,4510534,48.5,197,842712,9.06
2022-08-22,3.44,67.16,29.4,89,6719792,72.26,74,6154633,66.18,103,4510637,48.51,144,842856,9.06
2022-08-23,3.27,67.33,29.4,72,6719864,72.26,106,6154739,66.19,84,4510721,48.51,180,843036,9.07
2022-08-24,3.15,67.46,29.4,38,6719902,72.26,80,6154819,66.19,49,4510770,48.51,133,843169,9.07
2022-08-25,3.03,67.57,29.4,53,6719955,72.26,75,6154894,66.19,98,4510868,48.51,193,843362,9.07
2022-08-26,2.94,67.66,29.4,4,6719959,72.26,15,6154909,66.19,9,4510877,48.51,14,843376,9.07
2022-08-27,2.84,67.76,29.4,0,6719959,72.26,0,6154909,66.19,0,4510877,48.51,0,843376,9.07
2022-08-28,2.75,67.85,29.4,55,6720014,72.26,80,6154989,66.19,85,4510962,48.51,102,843478,9.07
2022-08-29,2.69,67.91,29.4,48,6720062,72.26,68,6155057,66.19,89,4511051,48.51,107,843585,9.07
2022-08-30,2.6,68,29.4,85,6720147,72.27,113,6155170,66.19,85,4511136,48.51,131,843716,9.07
2022-08-31,2.53,68.07,29.4,42,6720189,72.27,89,6155259,66.19,70,4511206,48.51,96,843812,9.07
2022-09-01,2.46,68.14,29.4,29,6720218,72.27,84,6155343,66.19,58,4511264,48.51,113,843925,9.08
2022-09-02,2.4,68.2,29.4,6,6720224,72.27,20,6155363,66.19,13,4511277,48.51,10,843935,9.08
2022-09-03,2.33,68.27,29.4,2,6720226,72.27,0,6155363,66.19,3,4511280,48.51,1,843936,9.08
2022-09-04,2.27,68.32,29.4,64,6720290,72.27,133,6155496,66.19,80,4511360,48.51,121,844057,9.08
2022-09-05,2.23,68.37,29.4,44,6720334,72.27,77,6155573,66.19,58,4511418,48.51,90,844147,9.08
2022-09-06,2.17,68.42,29.4,60,6720394,72.27,104,6155677,66.2,78,4511496,48.51,130,844277,9.08
2022-09-07,2.12,68.47,29.4,28,6720422,72.27,63,6155740,66.2,53,4511549,48.52,95,844372,9.08
2022-09-08,2.07,68.53,29.4,50,6720472,72.27,103,6155843,66.2,70,4511619,48.52,77,844449,9.08
2022-09-09,2.03,68.57,29.4,10,6720482,72.27,21,6155864,66.2,16,4511635,48.52,17,844466,9.08
2022-09-10,1.97,68.62,29.4,1,6720483,72.27,0,6155864,66.2,5,4511640,48.52,2,844468,9.08
2022-09-11,1.92,68.67,29.41,39,6720522,72.27,117,6155981,66.2,78,4511718,48.52,116,844584,9.08
2022-09-12,1.88,68.71,29.41,24,6720546,72.27,72,6156053,66.2,52,4511770,48.52,68,844652,9.08
2022-09-13,1.82,68.77,29.41,44,6720590,72.27,113,6156166,66.2,54,4511824,48.52,103,844755,9.08
2022-09-14,1.78,68.82,29.41,21,6720611,72.27,64,6156230,66.2,54,4511878,48.52,62,844817,9.08
2022-09-15,1.73,68.86,29.41,32,6720643,72.27,77,6156307,66.2,63,4511941,48.52,107,844924,9.09
2022-09-16,1.7,68.89,29.41,51,6720694,72.27,52,6156359,66.2,27,4511968,48.52,28,844952,9.09
2022-09-17,1.66,68.93,29.41,3,6720697,72.27,0,6156359,66.2,1,4511969,48.52,0,844952,9.09
2022-09-18,1.63,68.96,29.41,28,6720725,72.27,66,6156425,66.2,52,4512021,48.52,115,845067,9.09
2022-09-19,1.61,68.98,29.41,28,6720753,72.27,74,6156499,66.2,44,4512065,48.52,57,845124,9.09
2022-09-20,1.56,69.03,29.41,41,6720794,72.27,93,6156592,66.2,75,4512140,48.52,102,845226,9.09
2022-09-21,1.55,69.05,29.41,22,6720816,72.27,54,6156646,66.21,29,4512169,48.52,56,845282,9.09
2022-09-22,1.52,69.07,29.4,42,6720858,72.27,56,6156702,66.21,27,4512196,48.52,41,845323,9.09
2022-09-23,1.5,69.1,29.41,7,6720865,72.27,11,6156713,66.21,4,4512200,48.52,1,845324,9.09
2022-09-24,1.47,69.13,29.41,0,6720865,72.27,0,6156713,66.21,1,4512201,48.52,0,845324,9.09
2022-09-25,1.46,69.13,29.41,5,6720870,72.27,20,6156733,66.21,10,4512211,48.52,27,845351,9.09
2022-09-26,1.46,69.13,29.41,0,6720870,72.27,5,6156738,66.21,3,4512214,48.52,2,845353,9.09
2022-09-27,1.42,69.17,29.41,2,6720872,72.27,0,6156738,66.21,3,4512217,48.52,3,845356,9.09
2022-09-28,1.39,69.21,29.41,24,6720896,72.27,36,6156774,66.21,25,4512242,48.52,17,845373,9.09
2022-09-29,1.37,69.22,29.41,32,6720928,72.27,61,6156835,66.21,13,4512255,48.52,48,845421,9.09
2022-09-30,1.35,69.24,29.41,4,6720932,72.27,12,6156847,66.21,2,4512257,48.52,0,845421,9.09
2022-10-01,1.31,69.29,29.41,0,6720932,72.27,1,6156848,66.21,1,4512258,48.52,1,845422,9.09
2022-10-02,1.31,69.29,29.41,28,6720960,72.27,51,6156899,66.21,20,4512278,48.52,73,845495,9.09
2022-10-03,1.31,69.28,29.4,23,6720983,72.27,29,6156928,66.21,13,4512291,48.52,12,845507,9.09
2022-10-04,1.27,69.32,29.4,7,6720990,72.27,11,6156939,66.21,0,4512291,48.52,2,845509,9.09
2022-10-05,1.28,69.31,29.4,1,6720991,72.27,0,6156939,66.21,0,4512291,48.52,1,845510,9.09
2022-10-06,1.31,69.28,29.4,17,6721008,72.27,43,6156982,66.21,10,4512301,48.52,20,845530,9.09
2022-10-07,1.3,69.29,29.41,3,6721011,72.27,3,6156985,66.21,4,4512305,48.52,0,845530,9.09
2022-10-08,1.26,69.33,29.41,1,6721012,72.27,1,6156986,66.21,0,4512305,48.52,1,845531,9.09
2022-10-09,1.31,69.28,29.41,7,6721019,72.27,22,6157008,66.21,6,4512311,48.52,5,845536,9.09
2022-10-10,1.38,69.22,29.4,5,6721024,72.27,2,6157010,66.21,0,4512311,48.52,0,845536,9.09
2022-10-11,1.36,69.24,29.4,12,6721036,72.27,32,6157042,66.21,1,4512312,48.52,32,845568,9.09
2022-10-12,1.34,69.26,29.4,13,6721049,72.27,24,6157066,66.21,5,4512317,48.52,4,845572,9.09
2022-10-13,1.4,69.2,29.4,17,6721066,72.28,16,6157082,66.21,5,4512322,48.52,9,845581,9.09
2022-10-14,1.4,69.2,29.4,6,6721072,72.28,7,6157089,66.21,4,4512326,48.52,3,845584,9.09
2022-10-15,1.38,69.22,29.4,0,6721072,72.28,1,6157090,66.21,0,4512326,48.52,1,845585,9.09
2022-10-16,1.39,69.2,29.4,5,6721077,72.28,13,6157103,66.21,5,4512331,48.52,8,845593,9.09
2022-10-17,1.39,69.2,29.4,1,6721078,72.28,1,6157104,66.21,4,4512335,48.52,1,845594,9.09
2022-10-18,1.43,69.17,29.4,24,6721102,72.28,31,6157135,66.21,14,4512349,48.52,16,845610,9.09
2022-10-19,1.47,69.12,29.4,18,6721120,72.28,25,6157160,66.21,7,4512356,48.52,3,845613,9.09
2022-10-20,1.5,69.1,29.4,26,6721146,72.28,44,6157204,66.21,12,4512368,48.52,4,845617,9.09
2022-10-21,1.5,69.09,29.4,4,6721150,72.28,7,6157211,66.21,2,4512370,48.52,4,845621,9.09
2022-10-22,1.49,69.1,29.4,0,6721150,72.28,0,6157211,66.21,0,4512370,48.52,0,845621,9.09
2022-10-23,1.51,69.08,29.4,15,6721165,72.28,33,6157244,66.21,18,4512388,48.52,10,845631,9.09
2022-10-24,1.51,69.08,29.41,20,6721185,72.28,16,6157260,66.21,19,4512407,48.52,9,845640,9.09
2022-10-25,1.55,69.04,29.4,18,6721203,72.28,34,6157294,66.21,23,4512430,48.52,21,845661,9.09
2022-10-26,1.61,68.99,29.4,18,6721221,72.28,25,6157319,66.21,8,4512438,48.52,10,845671,9.09
2022-10-27,1.67,68.93,29.4,17,6721238,72.28,27,6157346,66.21,14,4512452,48.52,17,845688,9.09
2022-10-28,1.67,68.93,29.4,60,6721298,72.28,51,6157397,66.21,31,4512483,48.52,18,845706,9.09
2022-10-29,1.66,68.94,29.4,0,6721298,72.28,0,6157397,66.21,0,4512483,48.52,0,845706,9.09
2022-10-30,1.71,68.89,29.4,15,6721313,72.28,23,6157420,66.21,15,4512498,48.53,9,845715,9.09
2022-10-31,1.76,68.84,29.4,17,6721330,72.28,16,6157436,66.21,8,4512506,48.53,10,845725,9.09
2022-11-01,1.82,68.78,29.4,3,6721333,72.28,1,6157437,66.21,1,4512507,48.53,0,845725,9.09
2022-11-02,1.88,68.72,29.4,14,6721347,72.28,14,6157451,66.21,7,4512514,48.53,8,845733,9.09
2022-11-03,1.96,68.64,29.4,17,6721364,72.28,18,6157469,66.21,11,4512525,48.53,8,845741,9.09
2022-11-04,1.98,68.63,29.4,4,6721368,72.28,6,6157475,66.21,1,4512526,48.53,2,845743,9.09
2022-11-05,1.97,68.63,29.4,0,6721368,72.28,0,6157475,66.21,0,4512526,48.53,0,845743,9.09
2022-11-06,2.03,68.57,29.4,27,6721395,72.28,33,6157508,66.21,11,4512537,48.53,23,845766,9.1
2022-11-07,2.1,68.51,29.4,15,6721410,72.28,11,6157519,66.21,10,4512547,48.53,54,845820,9.1
2022-11-08,2.1,68.5,29.4,28,6721438,72.28,26,6157545,66.22,14,4512561,48.53,9,845829,9.1
2022-11-09,2.16,68.45,29.4,16,6721454,72.28,20,6157565,66.22,17,4512578,48.53,9,845838,9.1
2022-11-10,2.22,68.39,29.4,28,6721482,72.28,17,6157582,66.22,12,4512590,48.53,6,845844,9.1
2022-11-11,2.23,68.37,29.4,1,6721483,72.28,17,6157599,66.22,2,4512592,48.53,1,845845,9.1
2022-11-12,2.22,68.38,29.4,1,6721484,72.28,0,6157599,66.22,2,4512594,48.53,0,845845,9.1
2022-11-13,2.29,68.31,29.4,29,6721513,72.28,31,6157630,66.22,17,4512611,48.53,8,845853,9.1
2022-11-14,2.37,68.23,29.4,20,6721533,72.28,17,6157647,66.22,21,4512632,48.53,16,845869,9.1
2022-11-15,2.43,68.17,29.4,40,6721573,72.28,25,6157672,66.22,16,4512648,48.53,18,845887,9.1
2022-11-16,2.5,68.1,29.4,14,6721587,72.28,27,6157699,66.22,16,4512664,48.53,11,845898,9.1
2022-11-17,2.59,68.02,29.4,19,6721606,72.28,33,6157732,66.22,18,4512682,48.53,5,845903,9.1
2022-11-18,2.61,67.99,29.4,6,6721612,72.28,4,6157736,66.22,4,4512686,48.53,0,845903,9.1
2022-11-19,2.6,68,29.4,0,6721612,72.28,0,6157736,66.22,0,4512686,48.53,0,845903,9.1
2022-11-20,2.67,67.93,29.4,19,6721631,72.28,20,6157756,66.22,6,4512692,48.53,13,845916,9.1
2022-11-21,2.76,67.85,29.4,14,6721645,72.28,13,6157769,66.22,6,4512698,48.53,7,845923,9.1
2022-11-22,2.83,67.77,29.4,27,6721672,72.28,13,6157782,66.22,17,4512715,48.53,6,845929,9.1
2022-11-23,2.9,67.7,29.4,17,6721689,72.28,21,6157803,66.22,4,4512719,48.53,8,845937,9.1
2022-11-24,2.98,67.62,29.4,9,6721698,72.28,16,6157819,66.22,13,4512732,48.53,27,845964,9.1
2022-11-25,3,67.6,29.4,12,6721710,72.28,51,6157870,66.22,14,4512746,48.53,12,845976,9.1
2022-11-26,3,67.61,29.4,0,6721710,72.28,2,6157872,66.22,0,4512746,48.53,0,845976,9.1
2022-11-27,3.06,67.54,29.4,14,6721724,72.28,15,6157887,66.22,19,4512765,48.53,2,845978,9.1
2022-11-28,3.14,67.47,29.4,8,6721732,72.28,23,6157910,66.22,8,4512773,48.53,6,845984,9.1
2022-11-29,3.2,67.4,29.4,38,6721770,72.28,31,6157941,66.22,19,4512792,48.53,14,845998,9.1
2022-11-30,3.27,67.34,29.39,12,6721782,72.28,25,6157966,66.22,20,4512812,48.53,8,846006,9.1
2022-12-01,3.34,67.26,29.39,13,6721795,72.28,18,6157984,66.22,15,4512827,48.53,4,846010,9.1
2022-12-02,3.36,67.24,29.39,2,6721797,72.28,7,6157991,66.22,4,4512831,48.53,10,846020,9.1
2022-12-03,3.36,67.24,29.39,0,6721797,72.28,0,6157991,66.22,0,4512831,48.53,1,846021,9.1
2022-12-04,3.42,67.18,29.39,38,6721835,72.28,27,6158018,66.22,30,4512861,48.53,26,846047,9.1
2022-12-05,3.48,67.12,29.4,9,6721844,72.28,17,6158035,66.22,11,4512872,48.53,21,846068,9.1
2022-12-06,3.55,67.06,29.39,32,6721876,72.28,26,6158061,66.22,27,4512899,48.53,8,846076,9.1
2022-12-07,3.62,66.99,29.39,10,6721886,72.28,17,6158078,66.22,8,4512907,48.53,8,846084,9.1
2022-12-08,3.69,66.91,29.39,19,6721905,72.28,31,6158109,66.22,15,4512922,48.53,3,846087,9.1
2022-12-09,3.71,66.9,29.39,4,6721909,72.28,1,6158110,66.22,1,4512923,48.53,7,846094,9.1
2022-12-10,3.7,66.91,29.39,1,6721910,72.28,0,6158110,66.22,2,4512925,48.53,0,846094,9.1
2022-12-11,3.76,66.84,29.39,16,6721926,72.28,22,6158132,66.22,15,4512940,48.53,16,846110,9.1
2022-12-12,3.82,66.78,29.39,15,6721941,72.28,14,6158146,66.22,5,4512945,48.53,0,846110,9.1
2022-12-13,3.87,66.73,29.39,17,6721958,72.28,44,6158190,66.22,18,4512963,48.53,13,846123,9.1
2022-12-14,3.92,66.69,29.39,17,6721975,72.28,16,6158206,66.22,7,4512970,48.53,3,846126,9.1
2022-12-15,3.97,66.64,29.39,22,6721997,72.28,19,6158225,66.22,7,4512977,48.53,12,846138,9.1
2022-12-16,3.98,66.62,29.39,12,6722009,72.29,4,6158229,66.22,1,4512978,48.53,0,846138,9.1
2022-12-17,3.97,66.63,29.39,0,6722009,72.29,0,6158229,66.22,0,4512978,48.53,0,846138,9.1
2022-12-18,4.01,66.59,29.39,9,6722018,72.29,18,6158247,66.22,8,4512986,48.53,3,846141,9.1
2022-12-19,4.06,66.54,29.4,7,6722025,72.29,14,6158261,66.22,12,4512998,48.53,1,846142,9.1
2022-12-20,4.1,66.51,29.39,12,6722037,72.29,17,6158278,66.22,2,4513000,48.53,2,846144,9.1
2022-12-21,4.14,66.47,29.39,9,6722046,72.29,14,6158292,66.22,13,4513013,48.53,3,846147,9.1
2022-12-22,4.18,66.42,29.39,4,6722050,72.29,10,6158302,66.22,14,4513027,48.53,1,846148,9.1
2022-12-23,4.19,66.42,29.39,10,6722060,72.29,0,6158302,66.22,2,4513029,48.53,0,846148,9.1
2022-12-24,4.18,66.43,29.39,0,6722060,72.29,0,6158302,66.22,0,4513029,48.53,0,846148,9.1
2022-12-25,4.21,66.4,29.39,6,6722066,72.29,17,6158319,66.22,1,4513030,48.53,2,846150,9.1
2022-12-26,4.24,66.36,29.39,17,6722083,72.29,6,6158325,66.22,13,4513043,48.53,0,846150,9.1
2022-12-27,4.25,66.36,29.39,24,6722107,72.29,24,6158349,66.22,17,4513060,48.53,7,846157,9.1
2022-12-28,4.26,66.34,29.39,17,6722124,72.29,18,6158367,66.22,25,4513085,48.53,64,846221,9.1
2022-12-29,4.28,66.33,29.39,15,6722139,72.29,23,6158390,66.22,14,4513099,48.53,4,846225,9.1
2022-12-30,4.27,66.33,29.4,4,6722143,72.29,5,6158395,66.22,3,4513102,48.53,1,846226,9.1
2022-12-31,4.26,66.35,29.4,0,6722143,72.29,1,6158396,66.22,0,4513102,48.53,0,846226,9.1
2023-01-01,4.27,66.33,29.4,8,6722151,72.29,23,6158419,66.22,2,4513104,48.53,1,846227,9.1
2023-01-02,4.29,66.31,29.4,10,6722161,72.29,8,6158427,66.22,3,4513107,48.53,1,846228,9.1
2023-01-03,4.3,66.3,29.4,20,6722181,72.29,17,6158444,66.22,7,4513114,48.53,4,846232,9.1
2023-01-04,4.3,66.3,29.4,7,6722188,72.29,11,6158455,66.22,4,4513118,48.53,2,846234,9.1
2023-01-05,4.31,66.29,29.39,13,6722201,72.29,19,6158474,66.23,13,4513131,48.53,4,846238,9.1
2023-01-06,4.31,66.29,29.4,2,6722203,72.29,1,6158475,66.23,1,4513132,48.53,0,846238,9.1
2023-01-07,4.3,66.31,29.4,1,6722204,72.29,0,6158475,66.23,0,4513132,48.53,0,846238,9.1
2023-01-08,4.33,66.28,29.4,15,6722219,72.29,33,6158508,66.23,10,4513142,48.53,2,846240,9.1
2023-01-09,4.34,66.26,29.4,12,6722231,72.29,20,6158528,66.23,1,4513143,48.53,1,846241,9.1
2023-01-10,4.35,66.25,29.4,39,6722270,72.29,27,6158555,66.23,10,4513153,48.53,4,846245,9.1
2023-01-11,4.36,66.25,29.4,15,6722285,72.29,17,6158572,66.23,11,4513164,48.53,2,846247,9.1
2023-01-12,4.37,66.24,29.39,23,6722308,72.29,20,6158592,66.23,12,4513176,48.53,2,846249,9.1
2023-01-13,4.36,66.24,29.4,3,6722311,72.29,2,6158594,66.23,0,4513176,48.53,0,846249,9.1
2023-01-14,4.35,66.25,29.4,1,6722312,72.29,0,6158594,66.23,0,4513176,48.53,0,846249,9.1
2023-01-15,4.36,66.24,29.4,17,6722329,72.29,17,6158611,66.23,4,4513180,48.53,3,846252,9.1
2023-01-16,4.38,66.22,29.4,9,6722338,72.29,15,6158626,66.23,6,4513186,48.53,0,846252,9.1
2023-01-17,4.38,66.22,29.4,15,6722353,72.29,15,6158641,66.23,6,4513192,48.53,1,846253,9.1
2023-01-18,4.39,66.21,29.4,7,6722360,72.29,8,6158649,66.23,4,4513196,48.53,1,846254,9.1
2023-01-19,4.4,66.2,29.4,13,6722373,72.29,15,6158664,66.23,2,4513198,48.53,4,846258,9.1
2023-01-20,4.39,66.2,29.4,5,6722378,72.29,2,6158666,66.23,0,4513198,48.53,1,846259,9.1
2023-01-21,4.39,66.21,29.4,0,6722378,72.29,1,6158667,66.23,0,4513198,48.53,0,846259,9.1
2023-01-22,4.4,66.2,29.4,9,6722387,72.29,3,6158670,66.23,8,4513206,48.53,4,846263,9.1
2023-01-23,4.41,66.19,29.4,11,6722398,72.29,5,6158675,66.23,6,4513212,48.53,0,846263,9.1
2023-01-24,4.41,66.19,29.4,21,6722419,72.29,21,6158696,66.23,11,4513223,48.53,2,846265,9.1
2023-01-25,4.41,66.18,29.4,5,6722424,72.29,5,6158701,66.23,0,4513223,48.53,2,846267,9.1
2023-01-26,4.42,66.18,29.4,10,6722434,72.29,15,6158716,66.23,9,4513232,48.53,2,846269,9.1
2023-01-27,4.41,66.18,29.4,0,6722434,72.29,9,6158725,66.23,0,4513232,48.53,0,846269,9.1
2023-01-28,4.41,66.19,29.4,0,6722434,72.29,0,6158725,66.23,0,4513232,48.53,0,846269,9.1
2023-01-29,4.41,66.19,29.41,11,6722445,72.29,9,6158734,66.23,5,4513237,48.53,2,846271,9.1
2023-01-30,4.42,66.17,29.41,9,6722454,72.29,17,6158751,66.23,2,4513239,48.53,1,846272,9.1
2023-01-31,4.42,66.17,29.41,21,6722475,72.29,23,6158774,66.23,2,4513241,48.53,1,846273,9.1
2023-02-01,4.32,64.71,30.96,10,6722485,72.29,11,6158785,66.23,4,4513245,48.53,0,846273,9.1
2023-02-02,4.33,64.71,30.96,15,6722500,72.29,31,6158816,66.23,3,4513248,48.53,0,846273,9.1
2023-02-03,4.32,64.71,30.97,3,6722503,72.29,1,6158817,66.23,0,4513248,48.53,1,846274,9.1
2023-02-04,4.32,64.72,30.97,0,6722503,72.29,0,6158817,66.23,0,4513248,48.53,0,846274,9.1
2023-02-05,4.32,64.71,30.97,18,6722521,72.29,10,6158827,66.23,6,4513254,48.53,4,846278,9.1
2023-02-06,4.33,64.7,30.97,17,6722538,72.29,13,6158840,66.23,4,4513258,48.53,0,846278,9.1
2023-02-07,4.33,64.7,30.97,22,6722560,72.29,22,6158862,66.23,8,4513266,48.53,2,846280,9.1
2023-02-08,4.33,64.7,30.97,15,6722575,72.29,15,6158877,66.23,1,4513267,48.53,0,846280,9.1
2023-02-09,4.33,64.7,30.97,35,6722610,72.29,34,6158911,66.23,5,4513272,48.53,2,846282,9.1
2023-02-10,4.33,64.7,30.97,2,6722612,72.29,3,6158914,66.23,2,4513274,48.53,0,846282,9.1
2023-02-11,4.33,64.7,30.97,2,6722614,72.29,1,6158915,66.23,0,4513274,48.53,0,846282,9.1
2023-02-12,4.33,64.7,30.97,15,6722629,72.29,22,6158937,66.23,3,4513277,48.53,2,846284,9.1
2023-02-13,4.33,64.7,30.97,14,6722643,72.29,20,6158957,66.23,9,4513286,48.53,2,846286,9.1
2023-02-14,4.33,64.7,30.97,20,6722663,72.29,8,6158965,66.23,7,4513293,48.53,5,846291,9.1
2023-02-15,4.33,64.7,30.97,10,6722673,72.29,17,6158982,66.23,3,4513296,48.53,0,846291,9.1
2023-02-16,4.33,64.7,30.97,22,6722695,72.29,24,6159006,66.23,2,4513298,48.53,0,846291,9.1
2023-02-17,4.33,64.7,30.97,5,6722700,72.29,2,6159008,66.23,1,4513299,48.53,0,846291,9.1
2023-02-18,4.33,64.7,30.97,0,6722700,72.29,1,6159009,66.23,0,4513299,48.53,0,846291,9.1
2023-02-19,4.33,64.7,30.98,16,6722716,72.29,15,6159024,66.23,3,4513302,48.53,0,846291,9.1
2023-02-20,4.33,64.69,30.98,9,6722725,72.29,10,6159034,66.23,1,4513303,48.53,0,846291,9.1
2023-02-21,4.33,64.69,30.98,39,6722764,72.29,19,6159053,66.23,6,4513309,48.53,1,846292,9.1
2023-02-22,4.33,64.7,30.98,3,6722767,72.29,9,6159062,66.23,8,4513317,48.53,0,846292,9.1
2023-02-23,4.33,64.7,30.97,11,6722778,72.29,23,6159085,66.23,5,4513322,48.53,2,846294,9.1
2023-02-24,4.33,64.7,30.98,0,6722778,72.29,6,6159091,66.23,1,4513323,48.53,0,846294,9.1
2023-02-25,4.32,64.7,30.98,3,6722781,72.29,0,6159091,66.23,1,4513324,48.53,0,846294,9.1
2023-02-26,4.32,64.7,30.98,11,6722792,72.29,21,6159112,66.23,1,4513325,48.53,1,846295,9.1
2023-02-27,4.32,64.7,30.98,11,6722803,72.29,26,6159138,66.23,2,4513327,48.53,2,846297,9.1
2023-02-28,4.32,64.7,30.98,7,6722810,72.29,21,6159159,66.23,4,4513331,48.53,2,846299,9.1
2023-03-01,4.32,64.7,30.98,3,6722813,72.29,15,6159174,66.23,1,4513332,48.53,0,846299,9.1
2023-03-02,4.32,64.7,30.98,8,6722821,72.29,36,6159210,66.23,4,4513336,48.53,0,846299,9.1
2023-03-03,4.32,64.7,30.98,2,6722823,72.29,3,6159213,66.23,0,4513336,48.53,0,846299,9.1
2023-03-04,4.32,64.71,30.98,2,6722825,72.29,2,6159215,66.23,0,4513336,48.53,0,846299,9.1
2023-03-05,4.32,64.7,30.98,14,6722839,72.29,31,6159246,66.23,2,4513338,48.53,2,846301,9.1
2023-03-06,4.32,64.7,30.98,17,6722856,72.29,25,6159271,66.23,3,4513341,48.53,0,846301,9.1
2023-03-07,4.32,64.7,30.98,8,6722864,72.29,7,6159278,66.23,2,4513343,48.53,0,846301,9.1
2023-03-08,4.32,64.7,30.98,1,6722865,72.29,22,6159300,66.23,3,4513346,48.53,0,846301,9.1
2023-03-09,4.32,64.71,30.98,15,6722880,72.29,46,6159346,66.23,8,4513354,48.53,0,846301,9.1
2023-03-10,4.31,64.71,30.98,2,6722882,72.29,1,6159347,66.23,2,4513356,48.53,0,846301,9.1
2023-03-11,4.31,64.71,30.98,0,6722882,72.29,0,6159347,66.23,0,4513356,48.53,0,846301,9.1
2023-03-12,4.31,64.71,30.98,10,6722892,72.29,21,6159368,66.23,4,4513360,48.53,1,846302,9.1
2023-03-13,4.31,64.71,30.98,6,6722898,72.29,8,6159376,66.23,1,4513361,48.53,0,846302,9.1
2023-03-14,4.31,64.71,30.98,14,6722912,72.29,15,6159391,66.24,1,4513362,48.53,1,846303,9.1
2023-03-15,4.31,64.71,30.98,4,6722916,72.29,9,6159400,66.24,2,4513364,48.53,0,846303,9.1
2023-03-16,4.31,64.71,30.98,8,6722924,72.3,30,6159430,66.24,2,4513366,48.53,2,846305,9.1
2023-03-17,4.31,64.71,30.98,0,6722924,72.3,4,6159434,66.24,0,4513366,48.53,0,846305,9.1
2023-03-18,4.3,64.71,30.98,0,6722924,72.3,0,6159434,66.24,0,4513366,48.53,0,846305,9.1
2023-03-19,4.3,64.71,30.99,4,6722928,72.3,25,6159459,66.24,4,4513370,48.53,0,846305,9.1
2023-03-20,4.3,64.71,30.99,5,6722933,72.3,21,6159480,66.24,4,4513374,48.53,0,846305,9.1
2023-03-21,4.3,64.71,30.99,14,6722947,72.3,21,6159501,66.24,6,4513380,48.53,0,846305,9.1
2023-03-22,4.3,64.71,30.99,2,6722949,72.3,8,6159509,66.24,0,4513380,48.53,0,846305,9.1
2023-03-23,4.3,64.71,30.99,7,6722956,72.3,11,6159520,66.24,2,4513382,48.53,0,846305,9.1
2023-03-24,4.3,64.71,30.99,0,6722956,72.3,2,6159522,66.24,0,4513382,48.53,1,846306,9.1
2023-03-25,4.3,64.71,30.99,0,6722956,72.3,0,6159522,66.24,0,4513382,48.53,0,846306,9.1
2023-03-26,4.3,64.71,30.99,4,6722960,72.3,15,6159537,66.24,4,4513386,48.53,3,846309,9.1
2023-03-27,4.3,64.71,31,1,6722961,72.3,12,6159549,66.24,1,4513387,48.53,0,846309,9.1
2023-03-28,4.29,64.71,31,4,6722965,72.3,16,6159565,66.24,0,4513387,48.53,0,846309,9.1
2023-03-29,4.29,64.71,31,2,6722967,72.3,10,6159575,66.24,5,4513392,48.53,0,846309,9.1
2023-03-30,4.29,64.71,31,10,6722977,72.3,18,6159593,66.24,1,4513393,48.53,1,846310,9.1
2023-03-31,4.29,64.71,31,0,6722977,72.3,0,6159593,66.24,1,4513394,48.53,0,846310,9.1
2023-04-01,4.27,64.73,31,0,6722977,72.3,0,6159593,66.24,0,4513394,48.53,0,846310,9.1
2023-04-02,4.25,64.75,31,7,6722984,72.3,10,6159603,66.24,1,4513395,48.53,0,846310,9.1
2023-04-03,4.26,64.74,31,1,6722985,72.3,7,6159610,66.24,2,4513397,48.53,0,846310,9.1
2023-04-04,4.24,64.75,31,2,6722987,72.3,7,6159617,66.24,5,4513402,48.53,0,846310,9.1
2023-04-05,4.24,64.76,31,2,6722989,72.3,5,6159622,66.24,1,4513403,48.53,0,846310,9.1
2023-04-06,4.24,64.76,31,0,6722989,72.3,2,6159624,66.24,0,4513403,48.53,0,846310,9.1
2023-04-07,4.2,64.8,31,0,6722989,72.3,4,6159628,66.24,0,4513403,48.53,0,846310,9.1
2023-04-08,4.14,64.86,31,0,6722989,72.3,0,6159628,66.24,0,4513403,48.53,0,846310,9.1
2023-04-09,4.12,64.87,31,2,6722991,72.3,8,6159636,66.24,0,4513403,48.53,0,846310,9.1
2023-04-10,4.12,64.87,31,1,6722992,72.3,6,6159642,66.24,0,4513403,48.53,0,846310,9.1
2023-04-11,4.07,64.93,31,5,6722997,72.3,5,6159647,66.24,0,4513403,48.53,0,846310,9.1
2023-04-12,4.01,64.99,31,0,6722997,72.3,1,6159648,66.24,0,4513403,48.53,0,846310,9.1
2023-04-13,3.99,65,31,7,6723004,72.3,9,6159657,66.24,1,4513404,48.53,0,846310,9.1
2023-04-14,3.99,65,31,2,6723006,72.3,1,6159658,66.24,0,4513404,48.53,0,846310,9.1
2023-04-15,3.91,65.09,31,0,6723006,72.3,1,6159659,66.24,0,4513404,48.53,0,846310,9.1
2023-04-16,3.9,65.1,31,4,6723010,72.3,12,6159671,66.24,6,4513410,48.54,1,846311,9.1
2023-04-17,3.9,65.1,31,4,6723014,72.3,5,6159676,66.24,4,4513414,48.54,0,846311,9.1
2023-04-18,3.87,65.12,31,11,6723025,72.3,7,6159683,66.24,0,4513414,48.54,0,846311,9.1
2023-04-19,3.87,65.12,31,4,6723029,72.3,6,6159689,66.24,0,4513414,48.54,0,846311,9.1
2023-04-20,3.83,65.17,31,0,6723029,72.3,0,6159689,66.24,0,4513414,48.54,0,846311,9.1
