Date,Valid vaccinated pop. perc.,Expired vaccinated pop. perc.,Not vaccinated pop. perc.,Vaccinated (daily),Vaccinated (cumu),Vaccinated pop. perc.,Second dose (daily),Second dose (cumu),Second dose pop. perc.,Third dose (daily),Third dose (cumu),Third dose pop. perc.,Fourth dose (daily),Fourth dose (cumu),Fourth dose pop. perc.
2020-12-19,0,0,100,46,70,0,0,4,0,0,0,0,0,0,0
2020-12-20,0,0,100,7395,7465,0.08,0,4,0,0,0,0,0,0,0
2020-12-21,0,0,100,24923,32388,0.35,0,4,0,0,0,0,0,0,0
2020-12-22,0,0,100,44668,77056,0.83,0,4,0,0,0,0,0,0,0
2020-12-23,0,0,100,62918,139974,1.51,0,4,0,0,0,0,0,0,0
2020-12-24,0,0,100,73429,213403,2.29,0,4,0,0,0,0,0,0,0
2020-12-25,0,0,100,38517,251920,2.71,0,4,0,0,0,0,0,0,0
2020-12-26,0,0,100,32617,284537,3.06,0,4,0,0,0,0,0,0,0
2020-12-27,0,0,100,104571,389108,4.18,0,4,0,0,0,0,0,0,0
2020-12-28,0,0,100,135039,524147,5.64,0,4,0,0,0,0,0,0,0
2020-12-29,0,0,100,156334,680481,7.32,2,6,0,0,0,0,0,0,0
2020-12-30,0,0,100,153184,833665,8.96,0,6,0,0,0,0,0,0,0
2020-12-31,0,0,100,158590,992255,10.67,0,6,0,0,0,0,0,0,0
2021-01-01,0,0,100,71435,1063690,11.44,0,6,0,0,0,0,0,0,0
2021-01-02,0,0,100,71742,1135432,12.21,0,6,0,0,0,0,0,0,0
2021-01-03,0,0,100,149762,1285194,13.82,0,6,0,0,0,0,0,0,0
2021-01-04,0,0,100,152201,1437395,15.46,1,7,0,0,0,0,0,0,0
2021-01-05,0,0,100,125218,1562613,16.8,4,11,0,0,0,0,0,0,0
2021-01-06,0,0,100,103370,1665983,17.92,2,13,0,0,0,0,0,0,0
2021-01-07,0,0,100,116063,1782046,19.16,9,22,0,0,0,0,0,0,0
2021-01-08,0,0,100,66462,1848508,19.88,5,27,0,0,0,0,0,0,0
2021-01-09,0,0,100,44552,1893060,20.36,24,51,0,0,0,0,0,0,0
2021-01-10,0,0,100,37648,1930708,20.76,6000,6051,0.07,0,0,0,0,0,0
2021-01-11,0,0,100,21174,1951882,20.99,19264,25315,0.27,0,0,0,0,0,0
2021-01-12,0,0,100,24075,1975957,21.25,35674,60989,0.66,0,0,0,0,0,0
2021-01-13,0,0,100,52076,2028033,21.81,56874,117863,1.27,0,0,0,0,0,0
2021-01-14,0,0,100,56477,2084510,22.42,68838,186701,2.01,0,0,0,0,0,0
2021-01-15,0,0,100,30775,2115285,22.75,35942,222643,2.39,0,0,0,0,0,0
2021-01-16,0,0,100,29481,2144766,23.06,26006,248649,2.67,0,0,0,0,0,0
2021-01-17,0.31,0,99.69,68441,2213207,23.8,84596,333245,3.58,0,0,0,0,0,0
2021-01-18,0.58,0,99.42,69817,2283024,24.55,120436,453681,4.88,0,0,0,0,0,0
2021-01-19,1.09,0,98.91,72896,2355920,25.33,137847,591528,6.36,0,0,0,0,0,0
2021-01-20,1.9,0,98.1,76919,2432839,26.16,143763,735291,7.91,0,0,0,0,0,0
2021-01-21,2.88,0,97.12,70000,2502839,26.91,164472,899763,9.68,0,0,0,0,0,0
2021-01-22,3.39,0,96.61,37928,2540767,27.32,71131,970894,10.44,0,0,0,0,0,0
2021-01-23,3.77,0,96.23,39965,2580732,27.75,53594,1024488,11.02,0,0,0,0,0,0
2021-01-24,4.96,0,95.04,69146,2649878,28.5,140706,1165194,12.53,0,0,0,0,0,0
2021-01-25,6.61,0,93.39,80943,2730821,29.37,139519,1304713,14.03,0,0,0,0,0,0
2021-01-26,8.45,0,91.55,78730,2809551,30.21,126444,1431157,15.39,0,0,0,0,0,0
2021-01-27,10.34,0,89.66,77978,2887529,31.05,125068,1556225,16.73,0,0,0,0,0,0
2021-01-28,12.43,0,87.57,79569,2967098,31.91,130630,1686855,18.14,0,0,0,0,0,0
2021-01-29,13.34,0,86.66,36704,3003802,32.3,64792,1751647,18.84,0,0,0,0,0,0
2021-01-30,14.02,0,85.98,34394,3038196,32.67,42767,1794414,19.3,0,0,0,0,0,0
2021-01-31,15.76,0,84.24,73330,3111526,33.46,59503,1853917,19.94,0,0,0,0,0,0
2021-02-01,17.48,0,82.52,82510,3194036,34.35,35356,1889273,20.32,0,0,0,0,0,0
2021-02-02,19.01,0,80.99,70102,3264138,35.1,31072,1920345,20.65,0,0,0,0,0,0
2021-02-03,20.47,0,79.53,60307,3324445,35.75,51443,1971788,21.2,0,0,0,0,0,0
2021-02-04,22,0,78,72634,3397079,36.53,58096,2029884,21.83,0,0,0,0,0,0
2021-02-05,22.75,0,77.25,33943,3431022,36.9,28805,2058689,22.14,0,0,0,0,0,0
2021-02-06,23.23,0,76.77,21621,3452643,37.13,22232,2080921,22.38,0,0,0,0,0,0
2021-02-07,23.99,0,76.01,54080,3506723,37.71,68739,2149660,23.12,0,0,0,0,0,0
2021-02-08,24.52,0,75.48,58639,3565362,38.34,65467,2215127,23.82,0,0,0,0,0,0
2021-02-09,25.04,0,74.96,66354,3631716,39.05,67577,2282704,24.55,0,0,0,0,0,0
2021-02-10,25.77,0,74.23,70570,3702286,39.81,72312,2355016,25.32,0,0,0,0,0,0
2021-02-11,26.61,0,73.39,81174,3783460,40.69,72108,2427124,26.1,0,0,0,0,0,0
2021-02-12,27.02,0,72.98,39106,3822566,41.11,37596,2464720,26.5,0,0,0,0,0,0
2021-02-13,27.33,0,72.67,27463,3850029,41.4,30440,2495160,26.83,0,0,0,0,0,0
2021-02-14,28.25,0,71.75,74914,3924943,42.21,69083,2564243,27.57,0,0,0,0,0,0
2021-02-15,29.17,0,70.83,81544,4006487,43.08,75719,2639962,28.39,0,0,0,0,0,0
2021-02-16,30.11,0,69.89,83416,4089903,43.98,78299,2718261,29.23,0,0,0,0,0,0
2021-02-17,31.01,0,68.99,61983,4151886,44.65,75641,2793902,30.04,0,0,0,0,0,0
2021-02-18,31.94,0,68.06,69157,4221043,45.39,79738,2873640,30.9,0,0,0,0,0,0
2021-02-19,32.45,0,67.55,39674,4260717,45.82,38162,2911802,31.31,0,0,0,0,0,0
2021-02-20,32.85,0,67.15,31650,4292367,46.16,28724,2940526,31.62,0,0,0,0,0,0
2021-02-21,33.8,0,66.2,79434,4371801,47.01,78444,3018970,32.46,0,0,0,0,0,0
2021-02-22,34.83,0,65.17,85060,4456861,47.93,80594,3099564,33.33,0,0,0,0,0,0
2021-02-23,35.84,0,64.16,77329,4534190,48.76,70485,3170049,34.09,0,0,0,0,0,0
2021-02-24,36.76,0,63.24,61066,4595256,49.42,63143,3233192,34.77,0,0,0,0,0,0
2021-02-25,37.66,0,62.34,51727,4646983,49.97,64805,3297997,35.47,0,0,0,0,0,0
2021-02-26,38.1,0,61.9,25911,4672894,50.25,32041,3330038,35.81,0,0,0,0,0,0
2021-02-27,38.42,0,61.58,18352,4691246,50.45,21196,3351234,36.04,0,0,0,0,0,0
2021-02-28,39.24,0,60.76,40364,4731610,50.88,55873,3407107,36.64,0,0,0,0,0,0
2021-03-01,40.1,0,59.9,45748,4777358,51.37,61441,3468548,37.3,0,0,0,0,0,0
2021-03-02,40.85,0,59.15,41201,4818559,51.82,64798,3533346,38,0,0,0,0,0,0
2021-03-03,41.55,0,58.45,42033,4860592,52.27,66792,3600138,38.71,0,0,0,0,0,0
2021-03-04,42.24,0,57.76,39718,4900310,52.7,79125,3679263,39.56,0,0,0,0,0,0
2021-03-05,42.57,0,57.43,17367,4917677,52.88,40468,3719731,40,0,0,0,0,0,0
2021-03-06,42.78,0,57.22,10722,4928399,53,25347,3745078,40.27,0,0,0,0,0,0
2021-03-07,43.36,0,56.64,31156,4959555,53.33,72845,3817923,41.06,0,0,0,0,0,0
2021-03-08,43.97,0,56.03,27387,4986942,53.63,73294,3891217,41.84,0,0,0,0,0,0
2021-03-09,44.62,0,55.38,26757,5013699,53.91,76599,3967816,42.67,0,0,0,0,0,0
2021-03-10,45.27,0,54.73,23371,5037070,54.17,58684,4026500,43.3,0,0,0,0,0,0
2021-03-11,45.99,0,54.01,23304,5060374,54.42,69095,4095595,44.04,0,0,0,0,0,0
2021-03-12,46.34,0,53.66,11296,5071670,54.54,41414,4137009,44.49,0,0,0,0,0,0
2021-03-13,46.57,0,53.43,7952,5079622,54.62,25239,4162248,44.76,0,0,0,0,0,0
2021-03-14,47.2,0,52.8,20989,5100611,54.85,73935,4236183,45.55,0,0,0,0,0,0
2021-03-15,47.81,0,52.19,20150,5120761,55.07,78282,4314465,46.4,0,0,0,0,0,0
2021-03-16,48.43,0,51.57,18758,5139519,55.27,71480,4385945,47.16,0,0,0,0,0,0
2021-03-17,48.92,0,51.08,17704,5157223,55.46,59011,4444956,47.8,0,0,0,0,0,0
2021-03-18,49.45,0,50.55,16050,5173273,55.63,58125,4503081,48.42,0,0,0,0,0,0
2021-03-19,49.75,0,50.25,6956,5180229,55.71,27979,4531060,48.72,0,0,0,0,0,0
2021-03-20,49.93,0,50.07,5226,5185455,55.76,15301,4546361,48.89,0,0,0,0,0,0
2021-03-21,50.46,0,49.54,13171,5198626,55.9,40510,4586871,49.32,0,0,0,0,0,0
2021-03-22,51,0,49,13579,5212205,56.05,40541,4627412,49.76,0,0,0,0,0,0
2021-03-23,51.43,0,48.57,2844,5215049,56.08,7302,4634714,49.84,0,0,0,0,0,0
2021-03-24,51.84,0,48.16,11002,5226051,56.2,46556,4681270,50.34,0,0,0,0,0,0
2021-03-25,52.22,0,47.78,10271,5236322,56.31,35438,4716708,50.72,0,0,0,0,0,0
2021-03-26,52.4,0,47.6,4186,5240508,56.35,13334,4730042,50.86,0,0,0,0,0,0
2021-03-27,52.5,0,47.5,1786,5242294,56.37,4269,4734311,50.91,0,0,0,0,0,0
2021-03-28,52.74,0,47.26,2113,5244407,56.4,4611,4738922,50.96,0,0,0,0,0,0
2021-03-29,53,0,47,6916,5251323,56.47,30016,4768938,51.28,0,0,0,0,0,0
2021-03-30,53.08,0,46.92,7893,5259216,56.55,22454,4791392,51.52,0,0,0,0,0,0
2021-03-31,53.38,0,46.62,8153,5267369,56.64,19501,4810893,51.73,0,0,0,0,0,0
2021-04-01,53.62,0,46.38,8211,5275580,56.73,18701,4829594,51.94,0,0,0,0,0,0
2021-04-02,53.71,0,46.29,2942,5278522,56.76,8131,4837725,52.02,0,0,0,0,0,0
2021-04-03,53.74,0,46.26,1433,5279955,56.78,2982,4840707,52.05,0,0,0,0,0,0
2021-04-04,53.82,0,46.18,9618,5289573,56.88,22832,4863539,52.3,0,0,0,0,0,0
2021-04-05,54.04,0,45.96,10363,5299936,56.99,21275,4884814,52.53,0,0,0,0,0,0
2021-04-06,54.21,0,45.79,9030,5308966,57.09,16793,4901607,52.71,0,0,0,0,0,0
2021-04-07,54.36,0,45.64,8930,5317896,57.19,15311,4916918,52.87,0,0,0,0,0,0
2021-04-08,54.52,0,45.48,9428,5327324,57.29,17017,4933935,53.06,0,0,0,0,0,0
2021-04-09,54.58,0,45.42,3607,5330931,57.33,6258,4940193,53.12,0,0,0,0,0,0
2021-04-10,54.61,0,45.39,1634,5332565,57.34,3520,4943713,53.16,0,0,0,0,0,0
2021-04-11,54.78,0,45.22,9045,5341610,57.44,14248,4957961,53.32,0,0,0,0,0,0
2021-04-12,54.95,0,45.05,8935,5350545,57.54,13234,4971195,53.46,0,0,0,0,0,0
2021-04-13,55.08,0,44.92,5841,5356386,57.6,4959,4976154,53.51,0,0,0,0,0,0
2021-04-14,55.18,0,44.82,3651,5360037,57.64,5309,4981463,53.57,0,0,0,0,0,0
2021-04-15,55.27,0,44.73,697,5360734,57.65,582,4982045,53.57,0,0,0,0,0,0
2021-04-16,55.33,0,44.67,3416,5364150,57.68,6651,4988696,53.65,0,0,0,0,0,0
2021-04-17,55.35,0,44.65,822,5364972,57.69,1972,4990668,53.67,0,0,0,0,0,0
2021-04-18,55.47,0,44.53,7099,5372071,57.77,7433,4998101,53.75,0,0,0,0,0,0
2021-04-19,55.58,0,44.42,6406,5378477,57.84,7133,5005234,53.82,0,0,0,0,0,0
2021-04-20,55.65,0,44.35,6280,5384757,57.9,6887,5012121,53.9,0,0,0,0,0,0
2021-04-21,55.71,0,44.29,6381,5391138,57.97,7108,5019229,53.97,0,0,0,0,0,0
2021-04-22,55.75,0,44.25,5948,5397086,58.04,7689,5026918,54.06,0,0,0,0,0,0
2021-04-23,55.8,0,44.2,2766,5399852,58.07,3389,5030307,54.09,0,0,0,0,0,0
2021-04-24,55.82,0,44.18,767,5400619,58.08,1290,5031597,54.11,0,0,0,0,0,0
2021-04-25,55.89,0,44.11,4828,5405447,58.13,6924,5038521,54.18,0,0,0,0,0,0
2021-04-26,55.96,0,44.04,5479,5410926,58.19,7889,5046410,54.27,0,0,0,0,0,0
2021-04-27,56.03,0,43.97,4506,5415432,58.23,6625,5053035,54.34,0,0,0,0,0,0
2021-04-28,56.09,0,43.91,4501,5419933,58.28,7333,5060368,54.42,0,0,0,0,0,0
2021-04-29,56.16,0,43.84,4376,5424309,58.33,7292,5067660,54.5,0,0,0,0,0,0
2021-04-30,56.19,0,43.81,1923,5426232,58.35,3201,5070861,54.53,0,0,0,0,0,0
2021-05-01,56.2,0,43.8,458,5426690,58.36,895,5071756,54.54,0,0,0,0,0,0
2021-05-02,56.26,0,43.74,3225,5429915,58.39,6092,5077848,54.6,0,0,0,0,0,0
2021-05-03,56.32,0,43.68,3535,5433450,58.43,5832,5083680,54.67,0,0,0,0,0,0
2021-05-04,56.38,0,43.62,3591,5437041,58.47,4736,5088416,54.72,0,0,0,0,0,0
2021-05-05,56.44,0,43.56,3291,5440332,58.5,4093,5092509,54.76,0,0,0,0,0,0
2021-05-06,56.5,0,43.5,3643,5443975,58.54,3143,5095652,54.8,0,0,0,0,0,0
2021-05-07,56.52,0,43.48,1844,5445819,58.56,2508,5098160,54.82,0,0,0,0,0,0
2021-05-08,56.53,0,43.47,242,5446061,58.56,507,5098667,54.83,0,0,0,0,0,0
2021-05-09,56.58,0,43.42,2851,5448912,58.59,4750,5103417,54.88,0,0,0,0,0,0
2021-05-10,56.63,0,43.37,2898,5451810,58.63,4711,5108128,54.93,0,0,0,0,0,0
2021-05-11,56.67,0,43.33,2622,5454432,58.65,3879,5112007,54.97,0,0,0,0,0,0
2021-05-12,56.7,0,43.3,2031,5456463,58.68,3340,5115347,55.01,0,0,0,0,0,0
2021-05-13,56.73,0,43.27,2041,5458504,58.7,3684,5119031,55.05,0,0,0,0,0,0
2021-05-14,56.75,0,43.25,978,5459482,58.71,1494,5120525,55.06,0,0,0,0,0,0
2021-05-15,56.75,0,43.25,256,5459738,58.71,259,5120784,55.07,0,0,0,0,0,0
2021-05-16,56.78,0,43.22,529,5460267,58.72,1206,5121990,55.08,0,0,0,0,0,0
2021-05-17,56.81,0,43.19,301,5460568,58.72,848,5122838,55.09,0,0,0,0,0,0
2021-05-18,56.84,0,43.16,1961,5462529,58.74,4937,5127775,55.14,0,0,0,0,0,0
2021-05-19,56.87,0,43.13,2232,5464761,58.77,5041,5132816,55.2,0,0,0,0,0,0
2021-05-20,56.9,0,43.1,2312,5467073,58.79,3879,5136695,55.24,0,0,0,0,0,0
2021-05-21,56.92,0,43.08,1194,5468267,58.8,1414,5138109,55.25,0,0,0,0,0,0
2021-05-22,56.92,0,43.08,206,5468473,58.81,396,5138505,55.26,0,0,0,0,0,0
2021-05-23,56.94,0,43.06,2271,5470744,58.83,3216,5141721,55.29,0,0,0,0,0,0
2021-05-24,56.96,0,43.04,2139,5472883,58.85,3596,5145317,55.33,0,0,0,0,0,0
2021-05-25,56.99,0,43.01,1822,5474705,58.87,2586,5147903,55.36,0,0,0,0,0,0
2021-05-26,57.03,0,42.97,1410,5476115,58.89,2503,5150406,55.38,0,0,0,0,0,0
2021-05-27,57.06,0,42.94,1862,5477977,58.91,3188,5153594,55.42,0,0,0,0,0,0
2021-05-28,57.07,0,42.93,791,5478768,58.92,1406,5155000,55.43,0,0,0,0,0,0
2021-05-29,57.07,0,42.93,190,5478958,58.92,225,5155225,55.44,0,0,0,0,0,0
2021-05-30,57.1,0,42.9,1644,5480602,58.94,1937,5157162,55.46,0,0,0,0,0,0
2021-05-31,57.13,0,42.87,1739,5482341,58.95,2093,5159255,55.48,0,0,0,0,0,0
2021-06-01,57.47,0,42.53,1384,5483725,58.97,1823,5161078,55.5,0,0,0,0,0,0
2021-06-02,57.25,0,42.75,1513,5485238,58.99,1608,5162686,55.52,0,0,0,0,0,0
2021-06-03,57.27,0,42.73,1686,5486924,59,1493,5164179,55.53,0,0,0,0,0,0
2021-06-04,57.28,0,42.72,1101,5488025,59.02,784,5164963,55.54,0,0,0,0,0,0
2021-06-05,57.29,0,42.71,184,5488209,59.02,159,5165122,55.54,0,0,0,0,0,0
2021-06-06,57.31,0,42.69,4291,5492500,59.06,1002,5166124,55.55,0,0,0,0,0,0
2021-06-07,57.34,0,42.66,4438,5496938,59.11,813,5166937,55.56,0,0,0,0,0,0
2021-06-08,57.36,0,42.64,3739,5500677,59.15,1174,5168111,55.58,0,0,0,0,0,0
2021-06-09,57.4,0,42.6,3615,5504292,59.19,1329,5169440,55.59,0,0,0,0,0,0
2021-06-10,57.42,0,42.58,3359,5507651,59.23,1300,5170740,55.6,0,0,0,0,0,0
2021-06-11,57.43,0,42.57,1399,5509050,59.24,588,5171328,55.61,0,0,0,0,0,0
2021-06-12,57.43,0,42.57,219,5509269,59.24,173,5171501,55.61,0,0,0,0,0,0
2021-06-13,57.45,0,42.55,3101,5512370,59.28,1260,5172761,55.63,0,0,0,0,0,0
2021-06-14,57.46,0,42.54,3056,5515426,59.31,1531,5174292,55.64,0,0,0,0,0,0
2021-06-15,57.48,0,42.52,3137,5518563,59.34,1375,5175667,55.66,0,0,0,0,0,0
2021-06-16,57.49,0,42.51,2731,5521294,59.37,1001,5176668,55.67,0,0,0,0,0,0
2021-06-17,57.51,0,42.49,2732,5524026,59.4,1207,5177875,55.68,0,0,0,0,0,0
2021-06-18,57.52,0,42.48,1266,5525292,59.42,506,5178381,55.69,0,0,0,0,0,0
2021-06-19,57.52,0,42.48,242,5525534,59.42,139,5178520,55.69,0,0,0,0,0,0
2021-06-20,57.54,0,42.46,3316,5528850,59.45,1330,5179850,55.7,0,0,0,0,0,0
2021-06-21,57.56,0,42.44,5245,5534095,59.51,1217,5181067,55.71,0,0,0,0,0,0
2021-06-22,57.58,0,42.42,6933,5541028,59.59,1099,5182166,55.73,0,0,0,0,0,0
2021-06-23,57.6,0,42.4,10755,5551783,59.7,1304,5183470,55.74,0,0,0,0,0,0
2021-06-24,57.62,0,42.38,12047,5563830,59.83,1466,5184936,55.76,0,0,0,0,0,0
2021-06-25,57.62,0,42.38,7115,5570945,59.91,944,5185880,55.77,0,0,0,0,0,0
2021-06-26,57.63,0,42.37,2274,5573219,59.93,200,5186080,55.77,0,0,0,0,0,0
2021-06-27,57.65,0,42.35,13631,5586850,60.08,3436,5189516,55.81,0,0,0,0,0,0
2021-06-28,57.68,0,42.32,14518,5601368,60.23,3675,5193191,55.84,0,0,0,0,0,0
2021-06-29,57.69,0,42.31,16710,5618078,60.41,3743,5196934,55.89,0,0,0,0,0,0
2021-06-30,57.72,0,42.28,16485,5634563,60.59,3396,5200330,55.92,0,0,0,0,0,0
2021-07-01,57.78,0,42.22,16837,5651400,60.77,3377,5203707,55.96,121,121,0,0,0,0
2021-07-02,57.79,0,42.21,9836,5661236,60.88,1605,5205312,55.98,7,128,0,0,0,0
2021-07-03,57.79,0,42.21,2677,5663913,60.91,296,5205608,55.98,1,129,0,0,0,0
2021-07-04,57.85,0,42.15,17735,5681648,61.1,3161,5208769,56.01,2,131,0,0,0,0
2021-07-05,57.91,0,42.09,17849,5699497,61.29,3045,5211814,56.05,7,138,0,0,0,0
2021-07-06,57.99,0,42.01,17847,5717344,61.48,3409,5215223,56.08,11,149,0,0,0,0
2021-07-07,58.05,0,41.95,15528,5732872,61.65,2701,5217924,56.11,12,161,0,0,0,0
2021-07-08,58.12,0,41.88,16587,5749459,61.83,2880,5220804,56.14,17,178,0,0,0,0
2021-07-09,58.15,0,41.85,11125,5760584,61.95,1535,5222339,56.16,4,182,0,0,0,0
2021-07-10,58.15,0,41.85,4988,5765572,62,389,5222728,56.16,6,188,0,0,0,0
2021-07-11,58.22,0,41.78,1456,5767028,62.02,2848,5225576,56.19,8,196,0,0,0,0
2021-07-12,58.29,0,41.71,2425,5769453,62.04,3691,5229267,56.23,56,252,0,0,0,0
2021-07-13,58.36,0,41.64,2965,5772418,62.07,5458,5234725,56.29,124,376,0,0,0,0
2021-07-14,58.42,0,41.58,2747,5775165,62.1,7532,5242257,56.37,441,817,0.01,0,0,0
2021-07-15,58.5,0,41.5,3005,5778170,62.14,9297,5251554,56.47,374,1191,0.01,0,0,0
2021-07-16,58.54,0,41.46,1295,5779465,62.15,5898,5257452,56.54,66,1257,0.01,0,0,0
2021-07-17,58.55,0,41.44,370,5779835,62.15,1391,5258843,56.55,8,1265,0.01,0,0,0
2021-07-18,58.6,0,41.4,2073,5781908,62.18,9768,5268611,56.66,235,1500,0.02,0,0,0
2021-07-19,58.65,0,41.35,3210,5785118,62.21,11345,5279956,56.78,461,1961,0.02,0,0,0
2021-07-20,58.72,0,41.28,2687,5787805,62.24,11912,5291868,56.91,373,2334,0.03,0,0,0
2021-07-21,58.81,0,41.19,2405,5790210,62.27,11880,5303748,57.03,325,2659,0.03,0,0,0
2021-07-22,58.93,0,41.07,2875,5793085,62.3,13277,5317025,57.18,391,3050,0.03,0,0,0
2021-07-23,58.99,0,41.01,2036,5795121,62.32,8250,5325275,57.27,106,3156,0.03,0,0,0
2021-07-24,58.99,0,41,642,5795763,62.32,1485,5326760,57.28,7,3163,0.03,0,0,0
2021-07-25,59.1,0,40.89,4417,5800180,62.37,15497,5342257,57.45,223,3386,0.04,0,0,0
2021-07-26,59.24,0,40.75,5169,5805349,62.43,13533,5355790,57.59,325,3711,0.04,0,0,0
2021-07-27,59.37,0.01,40.62,5492,5810841,62.49,13578,5369368,57.74,414,4125,0.04,0,0,0
2021-07-28,59.5,0.01,40.49,3989,5814830,62.53,12342,5381710,57.87,472,4597,0.05,0,0,0
2021-07-29,59.65,0.01,40.33,4664,5819494,62.58,14199,5395909,58.02,532,5129,0.06,0,0,0
2021-07-30,59.74,0.02,40.25,2653,5822147,62.61,10854,5406763,58.14,4122,9251,0.1,0,0,0
2021-07-31,59.75,0.02,40.23,1405,5823552,62.62,3554,5410317,58.18,6159,15410,0.17,0,0,0
2021-08-01,59.91,0.02,40.06,3077,5826629,62.66,3364,5413681,58.22,31047,46457,0.5,0,0,0
2021-08-02,60.06,0.03,39.91,3132,5829761,62.69,3173,5416854,58.25,58514,104971,1.13,0,0,0
2021-08-03,60.21,0.03,39.76,3387,5833148,62.73,3328,5420182,58.29,78953,183924,1.98,0,0,0
2021-08-04,60.34,0.03,39.63,3529,5836677,62.76,3255,5423437,58.32,80764,264688,2.85,0,0,0
2021-08-05,60.49,0.04,39.47,4513,5841190,62.81,3569,5427006,58.36,88442,353130,3.8,0,0,0
2021-08-06,60.6,0.04,39.36,2436,5843626,62.84,1860,5428866,58.38,44744,397874,4.28,0,0,0
2021-08-07,60.63,0.04,39.32,1033,5844659,62.85,698,5429564,58.39,27353,425227,4.57,0,0,0
2021-08-08,60.68,0.04,39.28,4989,5849648,62.9,3082,5432646,58.42,80087,505314,5.43,0,0,0
2021-08-09,60.72,0.04,39.24,5339,5854987,62.96,3061,5435707,58.45,76489,581803,6.26,0,0,0
2021-08-10,60.75,0.04,39.2,5552,5860539,63.02,3202,5438909,58.49,75427,657230,7.07,0,0,0
2021-08-11,60.79,0.04,39.17,5694,5866233,63.08,2946,5441855,58.52,62639,719869,7.74,0,0,0
2021-08-12,60.83,0.04,39.12,7039,5873272,63.16,3287,5445142,58.55,59462,779331,8.38,0,0,0
2021-08-13,60.84,0.05,39.11,3819,5877091,63.2,2071,5447213,58.58,43869,823200,8.85,0,0,0
2021-08-14,60.85,0.05,39.1,2252,5879343,63.22,850,5448063,58.59,44486,867686,9.33,0,0,0
2021-08-15,60.89,0.05,39.06,7144,5886487,63.3,4531,5452594,58.63,97983,965669,10.38,0,0,0
2021-08-16,60.92,0.04,39.03,6991,5893478,63.38,4747,5457341,58.69,89521,1055190,11.35,0,0,0
2021-08-17,60.96,0.04,39,7572,5901050,63.46,5134,5462475,58.74,83320,1138510,12.24,0,0,0
2021-08-18,60.99,0.04,38.96,8643,5909693,63.55,4603,5467078,58.79,69267,1207777,12.99,0,0,0
2021-08-19,61.03,0.04,38.92,10080,5919773,63.66,5216,5472294,58.85,65974,1273751,13.7,0,0,0
2021-08-20,61.05,0.05,38.9,4768,5924541,63.71,2826,5475120,58.88,60452,1334203,14.35,0,0,0
2021-08-21,61.06,0.05,38.89,3498,5928039,63.75,1580,5476700,58.89,50725,1384928,14.89,0,0,0
2021-08-22,61.12,0.04,38.84,9821,5937860,63.85,4807,5481507,58.95,105108,1490036,16.02,0,0,0
2021-08-23,61.17,0.04,38.79,10924,5948784,63.97,4447,5485954,58.99,94032,1584068,17.03,0,0,0
2021-08-24,61.23,0.04,38.73,11721,5960505,64.1,4703,5490657,59.04,98551,1682619,18.09,0,0,0
2021-08-25,61.29,0.04,38.67,9612,5970117,64.2,4482,5495139,59.09,99550,1782169,19.16,0,0,0
2021-08-26,61.36,0.03,38.61,10107,5980224,64.31,5057,5500196,59.15,101229,1883398,20.25,0,0,0
2021-08-27,61.35,0.04,38.61,4325,5984549,64.35,2786,5502982,59.18,56694,1940092,20.86,0,0,0
2021-08-28,61.4,0.04,38.57,3698,5988247,64.39,1497,5504479,59.19,33539,1973631,21.22,0,0,0
2021-08-29,61.46,0.03,38.5,10321,5998568,64.51,5931,5510410,59.26,79549,2053180,22.08,0,0,0
2021-08-30,61.53,0.03,38.44,12334,6010902,64.64,7015,5517425,59.33,116006,2169186,23.33,0,0,0
2021-08-31,61.6,0.03,38.37,12076,6022978,64.77,6528,5523953,59.4,114874,2284060,24.56,0,0,0
2021-09-01,61.43,0.03,38.54,9032,6032010,64.87,6039,5529992,59.47,112490,2396550,25.77,0,0,0
2021-09-02,61.49,0.03,38.48,8784,6040794,64.96,7181,5537173,59.54,111542,2508092,26.97,0,0,0
2021-09-03,61.56,0.03,38.42,3750,6044544,65,4115,5541288,59.59,58884,2566976,27.6,0,0,0
2021-09-04,61.59,0.03,38.38,2692,6047236,65.03,2021,5543309,59.61,29950,2596926,27.93,0,0,0
2021-09-05,61.68,0.03,38.29,6991,6054227,65.1,6460,5549769,59.68,73326,2670252,28.71,0,0,0
2021-09-06,61.77,0.03,38.2,2834,6057061,65.13,2713,5552482,59.71,22797,2693049,28.96,0,0,0
2021-09-07,61.85,0.03,38.12,1200,6058261,65.15,879,5553361,59.72,5398,2698447,29.02,0,0,0
2021-09-08,61.93,0.03,38.05,1380,6059641,65.16,1196,5554557,59.73,6621,2705068,29.09,0,0,0
2021-09-09,62.02,0.03,37.95,7090,6066731,65.24,12572,5567129,59.87,73845,2778913,29.88,0,0,0
2021-09-10,62.06,0.03,37.91,3258,6069989,65.27,5016,5572145,59.92,37936,2816849,30.29,0,0,0
2021-09-11,62.08,0.03,37.89,2109,6072098,65.3,2506,5574651,59.95,14816,2831665,30.45,0,0,0
2021-09-12,62.16,0.03,37.81,6107,6078205,65.36,8587,5583238,60.04,54135,2885800,31.03,0,0,0
2021-09-13,62.15,0.03,37.82,5612,6083817,65.42,8262,5591500,60.13,47981,2933781,31.55,0,0,0
2021-09-14,62.2,0.03,37.77,4961,6088778,65.48,7420,5598920,60.21,48854,2982635,32.07,0,0,0
2021-09-15,62.25,0.03,37.72,1750,6090528,65.49,2717,5601637,60.24,16686,2999321,32.25,0,0,0
2021-09-16,62.37,0.03,37.6,343,6090871,65.5,549,5602186,60.24,1740,3001061,32.27,0,0,0
2021-09-17,62.42,0.03,37.54,3682,6094553,65.54,7019,5609205,60.32,42904,3043965,32.73,0,0,0
2021-09-18,62.45,0.03,37.52,2258,6096811,65.56,2944,5612149,60.35,12783,3056748,32.87,0,0,0
2021-09-19,62.55,0.03,37.42,5941,6102752,65.63,10710,5622859,60.47,44332,3101080,33.35,0,0,0
2021-09-20,62.63,0.03,37.34,3245,6105997,65.66,4645,5627504,60.52,16707,3117787,33.53,0,0,0
2021-09-21,62.69,0.03,37.28,1339,6107336,65.68,2060,5629564,60.54,3476,3121263,33.56,0,0,0
2021-09-22,62.72,0.03,37.25,4257,6111593,65.72,7250,5636814,60.62,25072,3146335,33.83,0,0,0
2021-09-23,62.75,0.03,37.22,4389,6115982,65.77,5912,5642726,60.68,27833,3174168,34.13,0,0,0
2021-09-24,62.82,0.03,37.15,3202,6119184,65.8,4185,5646911,60.72,27722,3201890,34.43,0,0,0
2021-09-25,62.85,0.03,37.12,2079,6121263,65.83,2261,5649172,60.75,10443,3212333,34.54,0,0,0
2021-09-26,62.96,0.03,37,5604,6126867,65.89,5972,5655144,60.81,36270,3248603,34.93,0,0,0
2021-09-27,63.02,0.03,36.94,4694,6131561,65.94,4468,5659612,60.86,30455,3279058,35.26,0,0,0
2021-09-28,63.06,0.04,36.91,1472,6133033,65.95,1181,5660793,60.87,6249,3285307,35.33,0,0,0
2021-09-29,63.13,0.03,36.84,9620,6142653,66.06,8346,5669139,60.96,60324,3345631,35.98,0,0,0
2021-09-30,63.18,0.03,36.79,10974,6153627,66.17,8574,5677713,61.06,79697,3425328,36.83,0,0,0
2021-10-01,63.23,0.03,36.73,5125,6158752,66.23,3875,5681588,61.1,46545,3471873,37.33,0,0,0
2021-10-02,63.26,0.03,36.71,2862,6161614,66.26,2127,5683715,61.12,22432,3494305,37.58,0,0,0
2021-10-03,63.35,0.03,36.62,11667,6173281,66.38,7273,5690988,61.2,70725,3565030,38.34,0,0,0
2021-10-04,63.4,0.03,36.57,10320,6183601,66.5,6759,5697747,61.27,51911,3616941,38.89,0,0,0
2021-10-05,63.41,0.03,36.55,8459,6192060,66.59,5314,5703061,61.33,40479,3657420,39.33,0,0,0
2021-10-06,63.52,0.03,36.45,7543,6199603,66.67,4183,5707244,61.37,34147,3691567,39.7,0,0,0
2021-10-07,63.63,0.03,36.34,6892,6206495,66.74,4009,5711253,61.42,34066,3725633,40.06,0,0,0
2021-10-08,63.68,0.03,36.29,3086,6209581,66.77,2643,5713896,61.44,19250,3744883,40.27,0,0,0
2021-10-09,63.71,0.03,36.26,1337,6210918,66.79,1443,5715339,61.46,7441,3752324,40.35,0,0,0
2021-10-10,63.82,0.04,36.14,4675,6215593,66.84,3748,5719087,61.5,21518,3773842,40.58,0,0,0
2021-10-11,63.91,0.04,36.05,4299,6219892,66.89,2943,5722030,61.53,17268,3791110,40.77,0,0,0
2021-10-12,63.99,0.05,35.96,3974,6223866,66.93,3003,5725033,61.56,15356,3806466,40.93,0,0,0
2021-10-13,64.09,0.05,35.86,3487,6227353,66.97,2451,5727484,61.59,13587,3820053,41.08,0,0,0
2021-10-14,64.19,0.06,35.75,3869,6231222,67.01,2685,5730169,61.62,16567,3836620,41.26,0,0,0
2021-10-15,64.23,0.07,35.7,1703,6232925,67.03,1682,5731851,61.64,9009,3845629,41.35,0,0,0
2021-10-16,64.25,0.08,35.67,727,6233652,67.03,956,5732807,61.65,4035,3849664,41.4,0,0,0
2021-10-17,64.36,0.09,35.56,3090,6236742,67.07,2525,5735332,61.67,12798,3862462,41.53,0,0,0
2021-10-18,64.43,0.1,35.47,2460,6239202,67.09,1690,5737022,61.69,10069,3872531,41.64,0,0,0
2021-10-19,64.49,0.1,35.4,2397,6241599,67.12,1283,5738305,61.71,9294,3881825,41.74,0,0,0
2021-10-20,64.14,0.52,35.34,2434,6244033,67.15,2305,5740610,61.73,10100,3891925,41.85,0,0,0
2021-10-21,54.23,10.41,35.36,3032,6247065,67.18,3096,5743706,61.77,12163,3904088,41.98,0,0,0
2021-10-22,54.36,10.26,35.38,1279,6248344,67.19,1436,5745142,61.78,5835,3909923,42.05,0,0,0
2021-10-23,54.42,10.19,35.39,572,6248916,67.2,1266,5746408,61.79,2564,3912487,42.07,0,0,0
2021-10-24,54.22,10.43,35.35,2515,6251431,67.22,2653,5749061,61.82,9855,3922342,42.18,0,0,0
2021-10-25,54.59,10.22,35.19,2635,6254066,67.25,2750,5751811,61.85,8509,3930851,42.27,0,0,0
2021-10-26,54.64,10.26,35.1,2381,6256447,67.28,2056,5753867,61.87,8523,3939374,42.36,0,0,0
2021-10-27,54.58,10.37,35.06,2289,6258736,67.3,2566,5756433,61.9,7954,3947328,42.45,0,0,0
2021-10-28,54.69,10.76,34.55,2503,6261239,67.33,2779,5759212,61.93,8671,3955999,42.54,0,0,0
2021-10-29,54.73,10.75,34.52,900,6262139,67.34,1151,5760363,61.94,4137,3960136,42.59,0,0,0
2021-10-30,54.68,10.81,34.52,366,6262505,67.34,530,5760893,61.95,1712,3961848,42.6,0,0,0
2021-10-31,54.83,10.7,34.47,2260,6264765,67.37,2495,5763388,61.98,8255,3970103,42.69,0,0,0
2021-11-01,54.95,10.63,34.42,1736,6266501,67.39,2092,5765480,62,6479,3976582,42.76,0,0,0
2021-11-02,54.89,10.69,34.42,2026,6268527,67.41,2044,5767524,62.02,6296,3982878,42.83,0,0,0
2021-11-03,54.86,10.75,34.39,1763,6270290,67.43,1897,5769421,62.04,5556,3988434,42.89,0,0,0
2021-11-04,54.85,10.81,34.33,2110,6272400,67.45,2803,5772224,62.07,7128,3995562,42.97,0,0,0
2021-11-05,54.85,10.83,34.32,789,6273189,67.46,904,5773128,62.08,3485,3999047,43,0,0,0
2021-11-06,54.82,10.86,34.32,346,6273535,67.46,387,5773515,62.09,1373,4000420,43.02,0,0,0
2021-11-07,54.92,10.8,34.28,1578,6275113,67.48,1769,5775284,62.1,6134,4006554,43.08,0,0,0
2021-11-08,55.01,10.75,34.24,1519,6276632,67.5,1602,5776886,62.12,5405,4011959,43.14,0,0,0
2021-11-09,55.05,10.74,34.21,1428,6278060,67.51,1611,5778497,62.14,5331,4017290,43.2,0,0,0
2021-11-10,55.08,10.73,34.19,1423,6279483,67.53,1660,5780157,62.16,4777,4022067,43.25,0,0,0
2021-11-11,55.15,10.69,34.15,1628,6281111,67.54,1944,5782101,62.18,5717,4027784,43.31,0,0,0
2021-11-12,55.17,10.69,34.14,634,6281745,67.55,826,5782927,62.19,2923,4030707,43.34,0,0,0
2021-11-13,55.14,10.72,34.14,257,6282002,67.55,286,5783213,62.19,1130,4031837,43.36,0,0,0
2021-11-14,55.21,10.68,34.11,1536,6283538,67.57,1637,5784850,62.21,5110,4036947,43.41,0,0,0
2021-11-15,55.28,10.63,34.09,1274,6284812,67.58,1622,5786472,62.22,4770,4041717,43.46,0,0,0
2021-11-16,55.32,10.62,34.07,1273,6286085,67.6,1416,5787888,62.24,4348,4046065,43.51,0,0,0
2021-11-17,55.35,10.6,34.05,1205,6287290,67.61,1565,5789453,62.26,3915,4049980,43.55,0,0,0
2021-11-18,55.41,10.58,34.02,1362,6288652,67.63,1692,5791145,62.28,5010,4054990,43.61,0,0,0
2021-11-19,55.42,10.57,34.01,588,6289240,67.63,763,5791908,62.28,2457,4057447,43.63,0,0,0
2021-11-20,55.41,10.58,34,238,6289478,67.63,257,5792165,62.29,929,4058376,43.64,0,0,0
2021-11-21,55.47,10.54,33.98,1409,6290887,67.65,1541,5793706,62.3,4880,4063256,43.69,0,0,0
2021-11-22,55.54,10.5,33.96,1680,6292567,67.67,1522,5795228,62.32,4239,4067495,43.74,0,0,0
2021-11-23,55.57,10.48,33.95,8622,6301189,67.76,1687,5796915,62.34,4008,4071503,43.78,0,0,0
2021-11-24,55.6,10.44,33.95,9349,6310538,67.86,1317,5798232,62.35,3923,4075426,43.83,0,0,0
2021-11-25,55.64,10.43,33.93,9812,6320350,67.97,1600,5799832,62.37,4839,4080265,43.88,0,0,0
2021-11-26,55.63,10.45,33.92,5610,6325960,68.03,749,5800581,62.38,2801,4083066,43.91,0,0,0
2021-11-27,55.62,10.46,33.92,4779,6330739,68.08,323,5800904,62.38,1163,4084229,43.92,0,0,0
2021-11-28,55.67,10.43,33.9,10152,6340891,68.19,1478,5802382,62.4,4901,4089130,43.97,0,0,0
2021-11-29,55.73,10.39,33.88,9042,6349933,68.28,1131,5803513,62.41,4376,4093506,44.02,0,0,0
2021-11-30,55.77,10.37,33.86,10044,6359977,68.39,1035,5804548,62.42,4084,4097590,44.06,0,0,0
2021-12-01,55.79,10.36,33.84,8632,6368609,68.48,1095,5805643,62.43,4442,4102032,44.11,6,6,0
2021-12-02,55.84,10.34,33.82,9176,6377785,68.58,1454,5807097,62.45,5125,4107157,44.17,6,12,0
2021-12-03,55.86,10.33,33.81,6332,6384117,68.65,674,5807771,62.45,2867,4110024,44.2,1,13,0
2021-12-04,55.85,10.34,33.81,2509,6386626,68.68,236,5808007,62.46,923,4110947,44.21,3,16,0
2021-12-05,55.9,10.31,33.79,8335,6394961,68.77,1253,5809260,62.47,4683,4115630,44.26,1,17,0
2021-12-06,55.95,10.27,33.78,6723,6401684,68.84,1200,5810460,62.48,4351,4119981,44.3,4,21,0
2021-12-07,55.99,10.25,33.76,5553,6407237,68.9,1503,5811963,62.5,3965,4123946,44.35,9,30,0
2021-12-08,56.03,10.22,33.75,4935,6412172,68.95,1199,5813162,62.51,3883,4127829,44.39,10,40,0
2021-12-09,56.08,10.19,33.73,6238,6418410,69.02,1239,5814401,62.53,4506,4132335,44.44,8,48,0
2021-12-10,56.1,10.18,33.72,3005,6421415,69.05,703,5815104,62.53,2687,4135022,44.47,4,52,0
2021-12-11,56.1,10.18,33.71,1491,6422906,69.07,253,5815357,62.54,1016,4136038,44.48,0,52,0
2021-12-12,56.16,10.15,33.69,7274,6430180,69.15,1444,5816801,62.55,5248,4141286,44.53,3,55,0
2021-12-13,56.21,10.11,33.67,6181,6436361,69.21,1375,5818176,62.57,4350,4145636,44.58,5,60,0
2021-12-14,56.27,10.09,33.65,7317,6443678,69.29,6101,5824277,62.63,4939,4150575,44.63,12,72,0
2021-12-15,56.34,10.06,33.6,7204,6450882,69.37,7404,5831681,62.71,5444,4156019,44.69,7,79,0
2021-12-16,56.53,10.05,33.42,8079,6458961,69.46,8613,5840294,62.8,6563,4162582,44.76,8,87,0
2021-12-17,56.64,10.05,33.3,4406,6463367,69.5,5140,5845434,62.86,3953,4166535,44.8,3,90,0
2021-12-18,56.73,10.07,33.2,3941,6467308,69.55,2914,5848348,62.89,1360,4167895,44.82,2,92,0
2021-12-19,56.92,10.04,33.04,6980,6474288,69.62,9332,5857680,62.99,6273,4174168,44.89,6,98,0
2021-12-20,57.07,10.02,32.91,7971,6482259,69.71,7517,5865197,63.07,5443,4179611,44.95,9,107,0
2021-12-21,57.27,10.01,32.71,9549,6491808,69.81,8649,5873846,63.16,6491,4186102,45.02,8,115,0
2021-12-22,57.49,10,32.52,9664,6501472,69.91,8155,5882001,63.25,6250,4192352,45.08,12,127,0
2021-12-23,57.7,9.97,32.33,11539,6513011,70.04,10264,5892265,63.36,8159,4200511,45.17,16,143,0
2021-12-24,57.83,9.96,32.21,5873,6518884,70.1,6241,5898506,63.43,5280,4205791,45.23,12,155,0
2021-12-25,57.9,9.96,32.15,3338,6522222,70.14,2566,5901072,63.46,2021,4207812,45.25,6,161,0
2021-12-26,58.1,9.92,31.98,10653,6532875,70.25,8910,5909982,63.55,8201,4216013,45.34,8,169,0
2021-12-27,58.27,9.9,31.83,10371,6543246,70.36,7145,5917127,63.63,8186,4224199,45.42,21,190,0
2021-12-28,58.46,9.88,31.66,11375,6554621,70.49,7452,5924579,63.71,9640,4233839,45.53,24,214,0
2021-12-29,58.64,9.85,31.51,9932,6564553,70.59,5963,5930542,63.77,8375,4242214,45.62,20,234,0
2021-12-30,58.84,9.82,31.34,11011,6575564,70.71,7735,5938277,63.86,12241,4254455,45.75,10,244,0
2021-12-31,58.9,9.79,31.3,4829,6580393,70.76,3672,5941949,63.9,7294,4261749,45.83,135,379,0
2022-01-01,58.93,9.79,31.28,1992,6582385,70.78,1591,5943540,63.91,2741,4264490,45.86,66,445,0
2022-01-02,59.14,9.76,31.1,10217,6592602,70.89,6487,5950027,63.98,13002,4277492,46,590,1035,0.01
2022-01-03,59.29,9.71,31,9384,6601986,70.99,5258,5955285,64.04,11340,4288832,46.12,25055,26090,0.28
2022-01-04,59.46,9.68,30.86,8967,6610953,71.09,5949,5961234,64.1,10524,4299356,46.23,50658,76748,0.83
2022-01-05,59.56,9.65,30.79,8553,6619506,71.18,5739,5966973,64.17,10493,4309849,46.35,59590,136338,1.47
2022-01-06,59.81,9.63,30.56,10339,6629845,71.29,7959,5974932,64.25,13530,4323379,46.49,63999,200337,2.15
2022-01-07,59.89,9.61,30.49,4760,6634605,71.35,4556,5979488,64.3,8164,4331543,46.58,31135,231472,2.49
2022-01-08,59.9,9.64,30.46,2750,6637355,71.37,2453,5981941,64.33,5501,4337044,46.64,27631,259103,2.79
2022-01-09,60.06,9.59,30.35,9306,6646661,71.47,7722,5989663,64.41,11868,4348912,46.77,66765,325868,3.5
2022-01-10,60.21,9.54,30.25,8350,6655011,71.56,7645,5997308,64.49,11878,4360790,46.89,64774,390642,4.2
2022-01-11,60.38,9.49,30.13,8100,6663111,71.65,8621,6005929,64.58,11971,4372761,47.02,56657,447299,4.81
2022-01-12,60.51,9.45,30.04,7277,6670388,71.73,8303,6014232,64.67,11114,4383875,47.14,44631,491930,5.29
2022-01-13,60.7,9.35,29.94,7507,6677895,71.81,9616,6023848,64.78,11542,4395417,47.27,34766,526696,5.66
2022-01-14,60.79,9.31,29.9,2555,6680450,71.84,4935,6028783,64.83,6144,4401561,47.33,11141,537837,5.78
2022-01-15,60.83,9.29,29.87,1469,6681919,71.85,3170,6031953,64.86,3884,4405445,47.37,5716,543553,5.85
2022-01-16,60.97,9.2,29.82,3818,6685737,71.9,8526,6040479,64.96,7681,4413126,47.46,19992,563545,6.06
2022-01-17,61.09,9.13,29.78,2809,6688546,71.93,7046,6047525,65.03,6170,4419296,47.52,17832,581377,6.25
2022-01-18,61.23,9.07,29.7,2475,6691021,71.95,7385,6054910,65.11,5534,4424830,47.58,14817,596194,6.41
2022-01-19,61.37,8.98,29.65,1914,6692935,71.97,6369,6061279,65.18,4520,4429350,47.63,8461,604655,6.5
2022-01-20,61.44,8.85,29.71,1779,6694714,71.99,6969,6068248,65.25,4792,4434142,47.68,8041,612696,6.59
2022-01-21,61.51,8.81,29.68,905,6695619,72,3725,6071973,65.3,2646,4436788,47.71,3358,616054,6.62
2022-01-22,61.51,8.75,29.74,328,6695947,72,1461,6073434,65.31,1066,4437854,47.72,1113,617167,6.64
2022-01-23,61.61,8.7,29.69,1068,6697015,72.02,5632,6079066,65.37,2878,4440732,47.75,6083,623250,6.7
2022-01-24,61.73,8.62,29.65,759,6697774,72.02,4480,6083546,65.42,2267,4442999,47.78,5055,628305,6.76
2022-01-25,61.9,8.51,29.59,744,6698518,72.03,4401,6087947,65.47,2182,4445181,47.8,7102,635407,6.83
2022-01-26,62.02,8.42,29.57,615,6699133,72.04,3285,6091232,65.5,1611,4446792,47.82,4262,639669,6.88
2022-01-27,62.12,8.35,29.52,798,6699931,72.05,4406,6095638,65.55,2005,4448797,47.84,5441,645110,6.94
2022-01-28,62.16,8.33,29.5,395,6700326,72.05,2376,6098014,65.58,1179,4449976,47.85,3452,648562,6.97
2022-01-29,62.23,8.29,29.48,124,6700450,72.05,1046,6099060,65.59,424,4450400,47.86,1162,649724,6.99
2022-01-30,62.3,8.24,29.46,769,6701219,72.06,4719,6103779,65.64,2020,4452420,47.88,8099,657823,7.07
2022-01-31,62.39,8.17,29.43,528,6701747,72.07,3184,6106963,65.67,1610,4454030,47.9,6472,664295,7.14
2022-02-01,62.45,8.15,29.4,481,6702228,72.07,2807,6109770,65.7,1525,4455555,47.91,5721,670016,7.21
2022-02-02,62.28,8.13,29.59,375,6702603,72.08,2395,6112165,65.73,1381,4456936,47.93,5074,675090,7.26
2022-02-03,62.34,8.08,29.57,446,6703049,72.08,2776,6114941,65.76,1461,4458397,47.94,5607,680697,7.32
2022-02-04,62.37,8.06,29.57,174,6703223,72.08,991,6115932,65.77,755,4459152,47.95,2455,683152,7.35
2022-02-05,62.34,8.09,29.56,62,6703285,72.08,342,6116274,65.77,221,4459373,47.95,420,683572,7.35
2022-02-06,62.41,8.05,29.55,406,6703691,72.09,2320,6118594,65.8,1343,4460716,47.97,5686,689258,7.41
2022-02-07,62.47,8.01,29.52,282,6703973,72.09,1307,6119901,65.81,983,4461699,47.98,5960,695218,7.48
2022-02-08,62.54,7.97,29.49,317,6704290,72.09,1498,6121399,65.83,1068,4462767,47.99,6137,701355,7.54
2022-02-09,62.6,7.95,29.45,254,6704544,72.1,1102,6122501,65.84,945,4463712,48,4570,705925,7.59
2022-02-10,62.63,7.93,29.44,273,6704817,72.1,1293,6123794,65.85,936,4464648,48.01,4815,710740,7.64
2022-02-11,62.67,7.91,29.42,211,6705028,72.1,557,6124351,65.86,518,4465166,48.02,2539,713279,7.67
2022-02-12,62.67,7.91,29.41,32,6705060,72.1,90,6124441,65.86,133,4465299,48.02,269,713548,7.67
2022-02-13,62.73,7.87,29.39,286,6705346,72.11,946,6125387,65.87,966,4466265,48.03,4998,718546,7.73
2022-02-14,62.89,7.74,29.36,180,6705526,72.11,627,6126014,65.88,760,4467025,48.04,3142,721688,7.76
2022-02-15,62.92,7.73,29.35,266,6705792,72.11,763,6126777,65.88,936,4467961,48.05,3818,725506,7.8
2022-02-16,62.95,7.72,29.34,179,6705971,72.11,577,6127354,65.89,803,4468764,48.05,2487,727993,7.83
2022-02-17,62.96,7.7,29.34,246,6706217,72.12,740,6128094,65.9,775,4469539,48.06,3061,731054,7.86
2022-02-18,62.98,7.69,29.33,131,6706348,72.12,342,6128436,65.9,436,4469975,48.07,1118,732172,7.87
2022-02-19,62.99,7.69,29.32,33,6706381,72.12,84,6128520,65.9,82,4470057,48.07,79,732251,7.87
2022-02-20,63.01,7.67,29.32,203,6706584,72.12,604,6129124,65.91,721,4470778,48.08,2574,734825,7.9
2022-02-21,63.04,7.65,29.31,173,6706757,72.12,413,6129537,65.91,489,4471267,48.08,1542,736367,7.92
2022-02-22,63.05,7.65,29.3,158,6706915,72.12,454,6129991,65.92,569,4471836,48.09,1871,738238,7.94
2022-02-23,63.06,7.65,29.29,109,6707024,72.12,353,6130344,65.92,452,4472288,48.09,1153,739391,7.95
2022-02-24,63.05,7.66,29.29,138,6707162,72.13,462,6130806,65.93,568,4472856,48.1,1492,740883,7.97
2022-02-25,63.06,7.66,29.28,59,6707221,72.13,144,6130950,65.93,190,4473046,48.1,456,741339,7.97
2022-02-26,63.05,7.67,29.28,17,6707238,72.13,28,6130978,65.93,161,4473207,48.1,35,741374,7.97
2022-02-27,63.05,7.67,29.28,112,6707350,72.13,341,6131319,65.93,448,4473655,48.11,1119,742493,7.98
2022-02-28,63.07,7.65,29.28,108,6707458,72.13,271,6131590,65.94,422,4474077,48.11,907,743400,7.99
2022-03-01,63.1,7.63,29.27,95,6707553,72.13,281,6131871,65.94,372,4474449,48.12,797,744197,8
2022-03-02,63.11,7.62,29.27,77,6707630,72.13,199,6132070,65.94,324,4474773,48.12,697,744894,8.01
2022-03-03,63.05,7.67,29.27,156,6707786,72.13,371,6132441,65.95,496,4475269,48.12,987,745881,8.02
2022-03-04,63.05,7.68,29.27,53,6707839,72.13,170,6132611,65.95,170,4475439,48.13,227,746108,8.02
2022-03-05,63.04,7.69,29.27,4,6707843,72.13,25,6132636,65.95,43,4475482,48.13,32,746140,8.02
2022-03-06,63.04,7.69,29.27,97,6707940,72.13,258,6132894,65.95,418,4475900,48.13,760,746900,8.03
2022-03-07,63.05,7.69,29.26,87,6708027,72.13,260,6133154,65.95,353,4476253,48.14,605,747505,8.04
2022-03-08,63.04,7.7,29.26,99,6708126,72.14,263,6133417,65.96,333,4476586,48.14,550,748055,8.04
2022-03-09,63.02,7.72,29.25,89,6708215,72.14,213,6133630,65.96,337,4476923,48.14,492,748547,8.05
2022-03-10,63.01,7.74,29.25,116,6708331,72.14,374,6134004,65.96,427,4477350,48.15,620,749167,8.06
2022-03-11,63,7.75,29.25,24,6708355,72.14,86,6134090,65.96,122,4477472,48.15,144,749311,8.06
2022-03-12,62.98,7.77,29.24,11,6708366,72.14,12,6134102,65.96,33,4477505,48.15,28,749339,8.06
2022-03-13,62.98,7.78,29.24,100,6708466,72.14,271,6134373,65.97,358,4477863,48.15,595,749934,8.06
2022-03-14,62.98,7.78,29.24,65,6708531,72.14,252,6134625,65.97,316,4478179,48.16,559,750493,8.07
2022-03-15,62.95,7.81,29.24,79,6708610,72.14,185,6134810,65.97,293,4478472,48.16,591,751084,8.08
2022-03-16,62.94,7.82,29.24,76,6708686,72.14,205,6135015,65.97,305,4478777,48.16,668,751752,8.08
2022-03-17,62.94,7.82,29.24,65,6708751,72.14,121,6135136,65.97,286,4479063,48.17,613,752365,8.09
2022-03-18,62.94,7.82,29.24,20,6708771,72.14,54,6135190,65.97,100,4479163,48.17,234,752599,8.09
2022-03-19,62.89,7.88,29.23,5,6708776,72.14,11,6135201,65.97,28,4479191,48.17,39,752638,8.09
2022-03-20,62.87,7.89,29.23,119,6708895,72.14,260,6135461,65.98,486,4479677,48.17,1431,754069,8.11
2022-03-21,62.87,7.9,29.23,97,6708992,72.15,247,6135708,65.98,379,4480056,48.18,1132,755201,8.12
2022-03-22,62.84,7.94,29.23,141,6709133,72.15,342,6136050,65.98,507,4480563,48.18,1770,756971,8.14
2022-03-23,62.81,7.97,29.22,108,6709241,72.15,212,6136262,65.99,463,4481026,48.19,1676,758647,8.16
2022-03-24,62.78,8,29.22,174,6709415,72.15,345,6136607,65.99,768,4481794,48.2,2362,761009,8.18
2022-03-25,62.78,8,29.23,39,6709454,72.15,82,6136689,65.99,156,4481950,48.2,629,761638,8.19
2022-03-26,62.77,8,29.22,12,6709466,72.15,13,6136702,65.99,34,4481984,48.2,91,761729,8.19
2022-03-27,62.75,8.02,29.22,167,6709633,72.15,344,6137046,65.99,758,4482742,48.21,3193,764922,8.23
2022-03-28,62.75,8.03,29.22,113,6709746,72.15,270,6137316,66,623,4483365,48.21,2416,767338,8.25
2022-03-29,62.7,8.07,29.22,125,6709871,72.15,259,6137575,66,641,4484006,48.22,2771,770109,8.28
2022-03-30,62.81,8.11,29.07,132,6710003,72.16,207,6137782,66,539,4484545,48.22,2370,772479,8.31
2022-03-31,62.79,8.11,29.1,166,6710169,72.16,302,6138084,66.01,730,4485275,48.23,2852,775331,8.34
2022-04-01,62.72,8.13,29.15,122,6710291,72.16,161,6138245,66.01,277,4485552,48.24,585,775916,8.34
2022-04-02,62.69,8.15,29.16,7,6710298,72.16,7,6138252,66.01,37,4485589,48.24,52,775968,8.34
2022-04-03,62.65,8.16,29.19,159,6710457,72.16,270,6138522,66.01,569,4486158,48.24,2478,778446,8.37
2022-04-04,62.62,8.16,29.22,103,6710560,72.16,207,6138729,66.01,484,4486642,48.25,2224,780670,8.39
2022-04-05,62.57,8.19,29.25,122,6710682,72.16,219,6138948,66.02,513,4487155,48.25,2242,782912,8.42
2022-04-06,62.55,8.2,29.25,92,6710774,72.16,155,6139103,66.02,383,4487538,48.26,2021,784933,8.44
2022-04-07,62.56,8.2,29.24,191,6710965,72.17,215,6139318,66.02,641,4488179,48.26,2556,787489,8.47
2022-04-08,62.54,8.22,29.23,30,6710995,72.17,61,6139379,66.02,153,4488332,48.27,482,787971,8.47
2022-04-09,62.52,8.25,29.23,6,6711001,72.17,17,6139396,66.02,27,4488359,48.27,47,788018,8.47
2022-04-10,62.51,8.26,29.23,103,6711104,72.17,264,6139660,66.02,429,4488788,48.27,1845,789863,8.49
2022-04-11,62.54,8.26,29.2,78,6711182,72.17,201,6139861,66.03,371,4489159,48.27,1425,791288,8.51
2022-04-12,62.58,8.29,29.12,204,6711386,72.17,168,6140029,66.03,375,4489534,48.28,1360,792648,8.52
2022-04-13,62.58,8.31,29.1,119,6711505,72.17,150,6140179,66.03,296,4489830,48.28,1217,793865,8.54
2022-04-14,62.57,8.33,29.1,85,6711590,72.17,221,6140400,66.03,320,4490150,48.28,1069,794934,8.55
2022-04-15,62.55,8.35,29.1,9,6711599,72.17,51,6140451,66.03,47,4490197,48.29,82,795016,8.55
2022-04-16,62.53,8.37,29.1,3,6711602,72.17,8,6140459,66.03,21,4490218,48.29,29,795045,8.55
2022-04-17,62.52,8.38,29.1,62,6711664,72.17,131,6140590,66.03,229,4490447,48.29,807,795852,8.56
2022-04-18,62.51,8.38,29.1,69,6711733,72.17,109,6140699,66.03,252,4490699,48.29,749,796601,8.57
2022-04-19,62.5,8.4,29.1,62,6711795,72.18,144,6140843,66.04,273,4490972,48.29,842,797443,8.58
2022-04-20,62.48,8.42,29.1,60,6711855,72.18,117,6140960,66.04,235,4491207,48.3,654,798097,8.58
2022-04-21,62.47,8.43,29.1,53,6711908,72.18,109,6141069,66.04,197,4491404,48.3,479,798576,8.59
2022-04-22,62.45,8.44,29.11,3,6711911,72.18,17,6141086,66.04,19,4491423,48.3,19,798595,8.59
2022-04-23,62.43,8.46,29.11,6,6711917,72.18,9,6141095,66.04,15,4491438,48.3,13,798608,8.59
2022-04-24,62.43,8.47,29.1,92,6712009,72.18,250,6141345,66.04,329,4491767,48.3,872,799480,8.6
2022-04-25,62.43,8.47,29.1,105,6712114,72.18,191,6141536,66.04,316,4492083,48.31,738,800218,8.61
2022-04-26,62.42,8.48,29.1,75,6712189,72.18,175,6141711,66.04,303,4492386,48.31,787,801005,8.61
2022-04-27,62.41,8.49,29.1,54,6712243,72.18,160,6141871,66.05,227,4492613,48.31,640,801645,8.62
2022-04-28,62.41,8.5,29.1,96,6712339,72.18,232,6142103,66.05,329,4492942,48.31,871,802516,8.63
2022-04-29,62.39,8.51,29.1,112,6712451,72.18,159,6142262,66.05,183,4493125,48.32,195,802711,8.63
2022-04-30,62.38,8.52,29.1,1,6712452,72.18,3,6142265,66.05,24,4493149,48.32,22,802733,8.63
2022-05-01,62.38,8.53,29.09,135,6712587,72.18,185,6142450,66.05,316,4493465,48.32,630,803363,8.64
2022-05-02,62.37,8.54,29.09,62,6712649,72.18,155,6142605,66.05,235,4493700,48.32,491,803854,8.64
2022-05-03,62.36,8.55,29.09,72,6712721,72.19,151,6142756,66.06,288,4493988,48.33,508,804362,8.65
2022-05-04,62.35,8.57,29.08,23,6712744,72.19,56,6142812,66.06,63,4494051,48.33,126,804488,8.65
2022-05-05,62.34,8.58,29.08,4,6712748,72.19,1,6142813,66.06,8,4494059,48.33,13,804501,8.65
2022-05-06,62.33,8.59,29.08,20,6712768,72.19,59,6142872,66.06,64,4494123,48.33,151,804652,8.65
2022-05-07,62.32,8.6,29.08,1,6712769,72.19,7,6142879,66.06,27,4494150,48.33,24,804676,8.65
2022-05-08,62.31,8.61,29.08,118,6712887,72.19,207,6143086,66.06,270,4494420,48.33,457,805133,8.66
2022-05-09,62.31,8.61,29.08,59,6712946,72.19,162,6143248,66.06,251,4494671,48.33,505,805638,8.66
2022-05-10,62.3,8.62,29.08,131,6713077,72.19,169,6143417,66.06,261,4494932,48.34,508,806146,8.67
2022-05-11,62.3,8.63,29.08,58,6713135,72.19,118,6143535,66.06,182,4495114,48.34,464,806610,8.67
2022-05-12,62.29,8.64,29.07,119,6713254,72.19,200,6143735,66.07,278,4495392,48.34,665,807275,8.68
2022-05-13,62.28,8.65,29.07,11,6713265,72.19,44,6143779,66.07,71,4495463,48.34,110,807385,8.68
2022-05-14,62.26,8.66,29.07,6,6713271,72.19,13,6143792,66.07,11,4495474,48.34,23,807408,8.68
2022-05-15,62.26,8.67,29.07,90,6713361,72.19,175,6143967,66.07,246,4495720,48.34,665,808073,8.69
2022-05-16,62.19,8.65,29.16,68,6713429,72.19,141,6144108,66.07,230,4495950,48.35,508,808581,8.7
2022-05-17,62.18,8.66,29.16,73,6713502,72.19,153,6144261,66.07,269,4496219,48.35,617,809198,8.7
2022-05-18,62.17,8.67,29.16,43,6713545,72.19,99,6144360,66.07,169,4496388,48.35,447,809645,8.71
2022-05-19,62.16,8.68,29.16,64,6713609,72.19,171,6144531,66.08,212,4496600,48.35,499,810144,8.71
2022-05-20,62.15,8.69,29.16,75,6713684,72.2,114,6144645,66.08,130,4496730,48.36,138,810282,8.71
2022-05-21,62.14,8.7,29.16,4,6713688,72.2,7,6144652,66.08,14,4496744,48.36,18,810300,8.71
2022-05-22,62.14,8.71,29.16,87,6713775,72.2,188,6144840,66.08,216,4496960,48.36,426,810726,8.72
2022-05-23,62.14,8.71,29.16,64,6713839,72.2,120,6144960,66.08,156,4497116,48.36,346,811072,8.72
2022-05-24,62.13,8.71,29.15,43,6713882,72.2,119,6145079,66.08,157,4497273,48.36,394,811466,8.73
2022-05-25,62.12,8.72,29.15,61,6713943,72.2,103,6145182,66.08,168,4497441,48.36,337,811803,8.73
2022-05-26,62.11,8.73,29.16,72,6714015,72.2,136,6145318,66.08,186,4497627,48.37,348,812151,8.73
2022-05-27,62.1,8.74,29.16,12,6714027,72.2,29,6145347,66.08,43,4497670,48.37,59,812210,8.73
2022-05-28,62.09,8.75,29.16,2,6714029,72.2,5,6145352,66.08,8,4497678,48.37,12,812222,8.73
2022-05-29,62.09,8.75,29.16,89,6714118,72.2,153,6145505,66.09,163,4497841,48.37,315,812537,8.74
2022-05-30,62.09,8.76,29.16,56,6714174,72.2,133,6145638,66.09,125,4497966,48.37,291,812828,8.74
2022-05-31,62.07,8.78,29.15,45,6714219,72.2,104,6145742,66.09,153,4498119,48.37,351,813179,8.74
2022-06-01,61.95,8.9,29.16,63,6714282,72.2,91,6145833,66.09,117,4498236,48.37,276,813455,8.75
2022-06-02,45.96,24.88,29.15,77,6714359,72.2,156,6145989,66.09,177,4498413,48.37,255,813710,8.75
2022-06-03,45.9,24.95,29.16,10,6714369,72.2,23,6146012,66.09,21,4498434,48.37,33,813743,8.75
2022-06-04,45.84,25,29.16,0,6714369,72.2,7,6146019,66.09,8,4498442,48.37,5,813748,8.75
2022-06-05,45.8,25.05,29.16,11,6714380,72.2,14,6146033,66.09,7,4498449,48.37,2,813750,8.75
2022-06-06,39.96,30.89,29.16,58,6714438,72.2,144,6146177,66.09,161,4498610,48.38,262,814012,8.75
2022-06-07,39.92,30.93,29.15,54,6714492,72.2,134,6146311,66.09,142,4498752,48.38,379,814391,8.76
2022-06-08,39.89,30.96,29.15,58,6714550,72.2,104,6146415,66.1,131,4498883,48.38,497,814888,8.76
2022-06-09,39.86,30.99,29.15,84,6714634,72.21,207,6146622,66.1,234,4499117,48.38,642,815530,8.77
2022-06-10,39.83,31.02,29.15,14,6714648,72.21,51,6146673,66.1,59,4499176,48.38,141,815671,8.77
2022-06-11,39.8,31.05,29.15,0,6714648,72.21,3,6146676,66.1,7,4499183,48.38,19,815690,8.77
2022-06-12,39.8,31.05,29.15,109,6714757,72.21,199,6146875,66.1,191,4499374,48.38,767,816457,8.78
2022-06-13,39.81,31.04,29.15,84,6714841,72.21,142,6147017,66.1,168,4499542,48.39,625,817082,8.79
2022-06-14,39.79,31.06,29.15,116,6714957,72.21,173,6147190,66.1,208,4499750,48.39,759,817841,8.79
2022-06-15,39.78,31.08,29.15,71,6715028,72.21,141,6147331,66.11,207,4499957,48.39,699,818540,8.8
2022-06-16,39.74,31.11,29.14,94,6715122,72.21,136,6147467,66.11,218,4500175,48.39,742,819282,8.81
2022-06-17,39.72,31.14,29.15,16,6715138,72.21,63,6147530,66.11,53,4500228,48.39,124,819406,8.81
2022-06-18,39.68,31.17,29.14,3,6715141,72.21,4,6147534,66.11,11,4500239,48.39,15,819421,8.81
2022-06-19,39.53,31.33,29.15,115,6715256,72.21,207,6147741,66.11,318,4500557,48.4,877,820298,8.82
2022-06-20,33.92,36.85,29.23,99,6715355,72.21,152,6147893,66.11,307,4500864,48.4,922,821220,8.83
2022-06-21,33.58,37.19,29.23,94,6715449,72.21,154,6148047,66.11,375,4501239,48.4,1229,822449,8.84
2022-06-22,33.28,37.49,29.23,110,6715559,72.22,135,6148182,66.11,339,4501578,48.41,894,823343,8.85
2022-06-23,32.84,37.92,29.23,132,6715691,72.22,217,6148399,66.12,525,4502103,48.41,1146,824489,8.87
2022-06-24,32.43,38.34,29.24,19,6715710,72.22,35,6148434,66.12,110,4502213,48.41,207,824696,8.87
2022-06-25,32.04,38.72,29.24,1,6715711,72.22,3,6148437,66.12,12,4502225,48.41,16,824712,8.87
2022-06-26,31.63,39.13,29.24,107,6715818,72.22,158,6148595,66.12,379,4502604,48.42,933,825645,8.88
2022-06-27,31.29,39.47,29.24,86,6715904,72.22,172,6148767,66.12,392,4502996,48.42,1028,826673,8.89
2022-06-28,30.86,39.91,29.24,84,6715988,72.22,151,6148918,66.12,364,4503360,48.43,932,827605,8.9
2022-06-29,30.48,40.28,29.24,76,6716064,72.22,106,6149024,66.12,265,4503625,48.43,816,828421,8.91
2022-06-30,30.05,40.71,29.24,86,6716150,72.22,165,6149189,66.13,356,4503981,48.43,1061,829482,8.92
2022-07-01,29.62,41.14,29.24,22,6716172,72.22,28,6149217,66.13,55,4504036,48.43,80,829562,8.92
2022-07-02,29.2,41.56,29.24,1,6716173,72.22,2,6149219,66.13,8,4504044,48.43,18,829580,8.92
2022-07-03,28.81,41.95,29.24,100,6716273,72.22,177,6149396,66.13,322,4504366,48.44,637,830217,8.93
2022-07-04,28.5,42.26,29.24,76,6716349,72.22,140,6149536,66.13,278,4504644,48.44,749,830966,8.94
2022-07-05,28.06,42.7,29.24,59,6716408,72.22,142,6149678,66.13,302,4504946,48.44,688,831654,8.94
2022-07-06,27.39,43.37,29.24,78,6716486,72.23,124,6149802,66.13,211,4505157,48.45,646,832300,8.95
2022-07-07,26.48,44.28,29.24,82,6716568,72.23,164,6149966,66.13,267,4505424,48.45,721,833021,8.96
2022-07-08,25.47,45.29,29.24,17,6716585,72.23,33,6149999,66.13,69,4505493,48.45,131,833152,8.96
2022-07-09,24.42,46.34,29.24,0,6716585,72.23,1,6150000,66.13,3,4505496,48.45,2,833154,8.96
2022-07-10,23.77,46.99,29.24,90,6716675,72.23,164,6150164,66.14,229,4505725,48.45,470,833624,8.96
2022-07-11,23.22,47.54,29.24,64,6716739,72.23,142,6150306,66.14,248,4505973,48.45,575,834199,8.97
2022-07-12,22.13,48.63,29.24,69,6716808,72.23,129,6150435,66.14,207,4506180,48.46,558,834757,8.98
2022-07-13,21.1,49.66,29.24,43,6716851,72.23,101,6150536,66.14,165,4506345,48.46,488,835245,8.98
2022-07-14,20.12,50.63,29.24,69,6716920,72.23,147,6150683,66.14,209,4506554,48.46,512,835757,8.99
2022-07-15,19.27,51.48,29.25,64,6716984,72.23,88,6150771,66.14,127,4506681,48.46,166,835923,8.99
2022-07-16,18.29,52.46,29.25,0,6716984,72.23,6,6150777,66.14,7,4506688,48.46,8,835931,8.99
2022-07-17,17.83,52.92,29.25,77,6717061,72.23,183,6150960,66.14,241,4506929,48.47,468,836399,8.99
2022-07-18,17.48,53.26,29.26,62,6717123,72.23,158,6151118,66.15,207,4507136,48.47,511,836910,9
2022-07-19,16.77,53.97,29.26,62,6717185,72.23,147,6151265,66.15,174,4507310,48.47,368,837278,9
2022-07-20,16.09,54.64,29.26,52,6717237,72.23,133,6151398,66.15,137,4507447,48.47,423,837701,9.01
2022-07-21,15.43,55.3,29.27,61,6717298,72.23,158,6151556,66.15,176,4507623,48.47,341,838042,9.01
2022-07-22,14.64,56.08,29.28,10,6717308,72.23,36,6151592,66.15,43,4507666,48.47,56,838098,9.01
2022-07-23,14.17,56.55,29.28,0,6717308,72.23,4,6151596,66.15,4,4507670,48.47,9,838107,9.01
2022-07-24,13.55,57.16,29.29,58,6717366,72.24,128,6151724,66.15,197,4507867,48.48,364,838471,9.02
2022-07-25,13.09,57.61,29.3,48,6717414,72.24,107,6151831,66.15,172,4508039,48.48,336,838807,9.02
2022-07-26,12.46,58.23,29.3,47,6717461,72.24,99,6151930,66.15,111,4508150,48.48,270,839077,9.02
2022-07-27,11.89,58.8,29.31,43,6717504,72.24,125,6152055,66.16,132,4508282,48.48,243,839320,9.03
2022-07-28,11.35,59.34,29.31,62,6717566,72.24,142,6152197,66.16,147,4508429,48.48,220,839540,9.03
2022-07-29,10.85,59.83,29.32,10,6717576,72.24,25,6152222,66.16,27,4508456,48.48,31,839571,9.03
2022-07-30,10.34,60.33,29.33,0,6717576,72.24,0,6152222,66.16,1,4508457,48.48,1,839572,9.03
2022-07-31,9.97,60.7,29.33,56,6717632,72.24,134,6152356,66.16,131,4508588,48.48,252,839824,9.03
2022-08-01,9.47,61.19,29.34,54,6717686,72.24,76,6152432,66.16,89,4508677,48.48,152,839976,9.03
2022-08-02,8.92,61.73,29.35,111,6717797,72.24,119,6152551,66.16,157,4508834,48.49,264,840240,9.04
2022-08-03,8.46,62.19,29.35,76,6717873,72.24,71,6152622,66.16,92,4508926,48.49,178,840418,9.04
2022-08-04,8.04,62.61,29.36,133,6718006,72.24,133,6152755,66.16,111,4509037,48.49,246,840664,9.04
2022-08-05,7.71,62.93,29.36,30,6718036,72.24,23,6152778,66.16,13,4509050,48.49,24,840688,9.04
2022-08-06,7.32,63.32,29.36,1,6718037,72.24,2,6152780,66.16,1,4509051,48.49,5,840693,9.04
2022-08-07,6.92,63.71,29.37,89,6718126,72.24,97,6152877,66.16,69,4509120,48.49,169,840862,9.04
2022-08-08,6.74,63.89,29.37,76,6718202,72.24,95,6152972,66.17,122,4509242,48.49,172,841034,9.04
2022-08-09,6.25,64.37,29.38,96,6718298,72.25,90,6153062,66.17,99,4509341,48.49,213,841247,9.05
2022-08-10,5.91,64.71,29.38,77,6718375,72.25,59,6153121,66.17,76,4509417,48.49,115,841362,9.05
2022-08-11,5.59,65.03,29.38,54,6718429,72.25,101,6153222,66.17,91,4509508,48.49,155,841517,9.05
2022-08-12,5.35,65.27,29.38,8,6718437,72.25,12,6153234,66.17,18,4509526,48.49,29,841546,9.05
2022-08-13,5.1,65.52,29.38,0,6718437,72.25,2,6153236,66.17,2,4509528,48.49,3,841549,9.05
2022-08-14,4.87,65.75,29.39,74,6718511,72.25,75,6153311,66.17,82,4509610,48.49,150,841699,9.05
2022-08-15,4.74,65.87,29.39,68,6718579,72.25,81,6153392,66.17,93,4509703,48.5,143,841842,9.05
2022-08-16,4.46,66.15,29.39,82,6718661,72.25,84,6153476,66.17,84,4509787,48.5,187,842029,9.05
2022-08-17,4.16,66.44,29.39,47,6718708,72.25,55,6153531,66.17,36,4509823,48.5,115,842144,9.06
2022-08-18,3.98,66.63,29.39,69,6718777,72.25,93,6153624,66.17,120,4509943,48.5,173,842317,9.06
2022-08-19,3.83,66.78,29.39,77,6718854,72.25,67,6153691,66.17,56,4509999,48.5,38,842355,9.06
2022-08-20,3.67,66.94,29.39,1,6718855,72.25,1,6153692,66.17,3,4510002,48.5,3,842358,9.06
2022-08-21,3.52,67.08,29.4,51,6718906,72.25,85,6153777,66.17,84,4510086,48.5,197,842555,9.06
2022-08-22,3.44,67.16,29.4,89,6718995,72.25,74,6153851,66.18,103,4510189,48.5,143,842698,9.06
2022-08-23,3.27,67.33,29.4,72,6719067,72.25,106,6153957,66.18,84,4510273,48.5,180,842878,9.06
2022-08-24,3.15,67.46,29.4,38,6719105,72.25,80,6154037,66.18,49,4510322,48.5,133,843011,9.07
2022-08-25,3.03,67.57,29.4,53,6719158,72.25,75,6154112,66.18,97,4510419,48.5,193,843204,9.07
2022-08-26,2.94,67.66,29.4,4,6719162,72.25,15,6154127,66.18,9,4510428,48.5,14,843218,9.07
2022-08-27,2.84,67.76,29.4,0,6719162,72.25,0,6154127,66.18,0,4510428,48.5,0,843218,9.07
2022-08-28,2.75,67.85,29.4,55,6719217,72.26,80,6154207,66.18,85,4510513,48.5,102,843320,9.07
2022-08-29,2.69,67.91,29.4,48,6719265,72.26,68,6154275,66.18,89,4510602,48.5,107,843427,9.07
2022-08-30,2.6,68,29.4,85,6719350,72.26,113,6154388,66.18,85,4510687,48.51,130,843557,9.07
2022-08-31,2.53,68.07,29.4,42,6719392,72.26,88,6154476,66.18,70,4510757,48.51,96,843653,9.07
2022-09-01,2.46,68.14,29.4,29,6719421,72.26,84,6154560,66.18,58,4510815,48.51,113,843766,9.07
2022-09-02,2.4,68.2,29.4,6,6719427,72.26,20,6154580,66.18,13,4510828,48.51,10,843776,9.07
2022-09-03,2.33,68.27,29.4,2,6719429,72.26,0,6154580,66.18,3,4510831,48.51,1,843777,9.07
2022-09-04,2.27,68.32,29.4,64,6719493,72.26,133,6154713,66.18,80,4510911,48.51,121,843898,9.07
2022-09-05,2.23,68.37,29.4,44,6719537,72.26,77,6154790,66.19,58,4510969,48.51,90,843988,9.08
2022-09-06,2.17,68.42,29.4,60,6719597,72.26,104,6154894,66.19,78,4511047,48.51,130,844118,9.08
2022-09-07,2.12,68.47,29.4,27,6719624,72.26,63,6154957,66.19,53,4511100,48.51,95,844213,9.08
2022-09-08,2.07,68.53,29.4,50,6719674,72.26,101,6155058,66.19,70,4511170,48.51,77,844290,9.08
2022-09-09,2.03,68.57,29.4,10,6719684,72.26,21,6155079,66.19,16,4511186,48.51,17,844307,9.08
2022-09-10,1.97,68.62,29.4,0,6719684,72.26,0,6155079,66.19,5,4511191,48.51,2,844309,9.08
2022-09-11,1.92,68.67,29.41,39,6719723,72.26,117,6155196,66.19,78,4511269,48.51,116,844425,9.08
2022-09-12,1.88,68.71,29.41,24,6719747,72.26,72,6155268,66.19,52,4511321,48.51,68,844493,9.08
2022-09-13,1.82,68.77,29.41,44,6719791,72.26,113,6155381,66.19,54,4511375,48.51,103,844596,9.08
2022-09-14,1.78,68.82,29.41,21,6719812,72.26,64,6155445,66.19,54,4511429,48.51,62,844658,9.08
2022-09-15,1.73,68.86,29.41,32,6719844,72.26,77,6155522,66.19,63,4511492,48.51,107,844765,9.08
2022-09-16,1.7,68.89,29.41,48,6719892,72.26,52,6155574,66.19,28,4511520,48.51,28,844793,9.08
2022-09-17,1.66,68.93,29.41,3,6719895,72.26,0,6155574,66.19,1,4511521,48.51,0,844793,9.08
2022-09-18,1.63,68.96,29.41,28,6719923,72.26,66,6155640,66.19,52,4511573,48.52,114,844907,9.09
2022-09-19,1.61,68.98,29.41,27,6719950,72.26,74,6155714,66.2,44,4511617,48.52,57,844964,9.09
2022-09-20,1.56,69.03,29.41,41,6719991,72.26,93,6155807,66.2,75,4511692,48.52,102,845066,9.09
2022-09-21,1.55,69.05,29.41,22,6720013,72.26,54,6155861,66.2,29,4511721,48.52,56,845122,9.09
2022-09-22,1.52,69.07,29.4,40,6720053,72.26,56,6155917,66.2,27,4511748,48.52,41,845163,9.09
2022-09-23,1.5,69.1,29.41,6,6720059,72.26,11,6155928,66.2,4,4511752,48.52,1,845164,9.09
2022-09-24,1.47,69.13,29.41,0,6720059,72.26,0,6155928,66.2,0,4511752,48.52,0,845164,9.09
2022-09-25,1.46,69.13,29.41,5,6720064,72.26,20,6155948,66.2,10,4511762,48.52,27,845191,9.09
2022-09-26,1.46,69.13,29.41,0,6720064,72.26,5,6155953,66.2,2,4511764,48.52,2,845193,9.09
2022-09-27,1.42,69.17,29.41,2,6720066,72.26,0,6155953,66.2,3,4511767,48.52,3,845196,9.09
2022-09-28,1.39,69.21,29.41,24,6720090,72.26,36,6155989,66.2,25,4511792,48.52,17,845213,9.09
2022-09-29,1.37,69.22,29.41,32,6720122,72.26,61,6156050,66.2,13,4511805,48.52,48,845261,9.09
2022-09-30,1.35,69.24,29.41,3,6720125,72.26,12,6156062,66.2,2,4511807,48.52,0,845261,9.09
2022-10-01,1.31,69.29,29.41,0,6720125,72.26,1,6156063,66.2,1,4511808,48.52,1,845262,9.09
2022-10-02,1.31,69.29,29.41,25,6720150,72.27,51,6156114,66.2,20,4511828,48.52,73,845335,9.09
2022-10-03,1.31,69.28,29.4,23,6720173,72.27,29,6156143,66.2,13,4511841,48.52,12,845347,9.09
2022-10-04,1.27,69.32,29.4,7,6720180,72.27,10,6156153,66.2,0,4511841,48.52,1,845348,9.09
2022-10-05,1.28,69.31,29.4,1,6720181,72.27,0,6156153,66.2,0,4511841,48.52,1,845349,9.09
2022-10-06,1.31,69.28,29.4,17,6720198,72.27,43,6156196,66.2,10,4511851,48.52,20,845369,9.09
2022-10-07,1.3,69.29,29.41,3,6720201,72.27,3,6156199,66.2,3,4511854,48.52,0,845369,9.09
2022-10-08,1.26,69.33,29.41,1,6720202,72.27,1,6156200,66.2,0,4511854,48.52,1,845370,9.09
2022-10-09,1.31,69.28,29.41,7,6720209,72.27,22,6156222,66.2,6,4511860,48.52,5,845375,9.09
2022-10-10,1.38,69.22,29.4,5,6720214,72.27,2,6156224,66.2,0,4511860,48.52,0,845375,9.09
2022-10-11,1.36,69.24,29.4,12,6720226,72.27,32,6156256,66.2,1,4511861,48.52,32,845407,9.09
2022-10-12,1.34,69.26,29.4,13,6720239,72.27,24,6156280,66.2,5,4511866,48.52,4,845411,9.09
2022-10-13,1.4,69.2,29.4,17,6720256,72.27,16,6156296,66.2,5,4511871,48.52,9,845420,9.09
2022-10-14,1.4,69.2,29.4,6,6720262,72.27,7,6156303,66.2,4,4511875,48.52,3,845423,9.09
2022-10-15,1.38,69.22,29.4,0,6720262,72.27,0,6156303,66.2,0,4511875,48.52,1,845424,9.09
2022-10-16,1.39,69.2,29.4,4,6720266,72.27,13,6156316,66.2,5,4511880,48.52,8,845432,9.09
2022-10-17,1.39,69.2,29.4,1,6720267,72.27,1,6156317,66.2,1,4511881,48.52,0,845432,9.09
2022-10-18,1.43,69.17,29.4,24,6720291,72.27,31,6156348,66.2,14,4511895,48.52,16,845448,9.09
2022-10-19,1.47,69.12,29.4,18,6720309,72.27,25,6156373,66.2,7,4511902,48.52,3,845451,9.09
2022-10-20,1.5,69.1,29.4,26,6720335,72.27,44,6156417,66.2,12,4511914,48.52,4,845455,9.09
2022-10-21,1.5,69.09,29.4,4,6720339,72.27,7,6156424,66.2,2,4511916,48.52,2,845457,9.09
2022-10-22,1.49,69.1,29.4,0,6720339,72.27,0,6156424,66.2,0,4511916,48.52,0,845457,9.09
2022-10-23,1.51,69.08,29.4,15,6720354,72.27,33,6156457,66.2,18,4511934,48.52,10,845467,9.09
2022-10-24,1.51,69.08,29.41,20,6720374,72.27,16,6156473,66.2,19,4511953,48.52,9,845476,9.09
2022-10-25,1.55,69.04,29.4,18,6720392,72.27,34,6156507,66.2,22,4511975,48.52,21,845497,9.09
2022-10-26,1.61,68.99,29.4,18,6720410,72.27,25,6156532,66.2,8,4511983,48.52,9,845506,9.09
2022-10-27,1.67,68.93,29.4,18,6720428,72.27,26,6156558,66.2,14,4511997,48.52,16,845522,9.09
2022-10-28,1.67,68.93,29.4,45,6720473,72.27,47,6156605,66.21,31,4512028,48.52,18,845540,9.09
2022-10-29,1.66,68.94,29.4,0,6720473,72.27,0,6156605,66.21,0,4512028,48.52,0,845540,9.09
2022-10-30,1.71,68.89,29.4,14,6720487,72.27,23,6156628,66.21,15,4512043,48.52,9,845549,9.09
2022-10-31,1.76,68.84,29.4,17,6720504,72.27,16,6156644,66.21,8,4512051,48.52,9,845558,9.09
2022-11-01,1.82,68.78,29.4,2,6720506,72.27,1,6156645,66.21,1,4512052,48.52,0,845558,9.09
2022-11-02,1.88,68.72,29.4,13,6720519,72.27,13,6156658,66.21,7,4512059,48.52,8,845566,9.09
2022-11-03,1.96,68.64,29.4,16,6720535,72.27,18,6156676,66.21,11,4512070,48.52,8,845574,9.09
2022-11-04,1.98,68.63,29.4,4,6720539,72.27,6,6156682,66.21,1,4512071,48.52,2,845576,9.09
2022-11-05,1.97,68.63,29.4,0,6720539,72.27,0,6156682,66.21,0,4512071,48.52,0,845576,9.09
2022-11-06,2.03,68.57,29.4,24,6720563,72.27,33,6156715,66.21,11,4512082,48.52,23,845599,9.09
2022-11-07,2.1,68.51,29.4,15,6720578,72.27,11,6156726,66.21,10,4512092,48.52,54,845653,9.09
2022-11-08,2.1,68.5,29.4,28,6720606,72.27,26,6156752,66.21,14,4512106,48.52,9,845662,9.09
2022-11-09,2.16,68.45,29.4,16,6720622,72.27,20,6156772,66.21,17,4512123,48.52,9,845671,9.09
2022-11-10,2.22,68.39,29.4,26,6720648,72.27,14,6156786,66.21,11,4512134,48.52,4,845675,9.09
2022-11-11,2.23,68.37,29.4,1,6720649,72.27,17,6156803,66.21,2,4512136,48.52,1,845676,9.09
2022-11-12,2.22,68.38,29.4,1,6720650,72.27,0,6156803,66.21,1,4512137,48.52,0,845676,9.09
2022-11-13,2.29,68.31,29.4,24,6720674,72.27,30,6156833,66.21,17,4512154,48.52,8,845684,9.09
2022-11-14,2.37,68.23,29.4,20,6720694,72.27,17,6156850,66.21,21,4512175,48.52,16,845700,9.09
2022-11-15,2.43,68.17,29.4,40,6720734,72.27,25,6156875,66.21,16,4512191,48.52,17,845717,9.09
2022-11-16,2.5,68.1,29.4,14,6720748,72.27,27,6156902,66.21,16,4512207,48.52,11,845728,9.09
2022-11-17,2.59,68.02,29.4,19,6720767,72.27,33,6156935,66.21,18,4512225,48.52,4,845732,9.09
2022-11-18,2.61,67.99,29.4,6,6720773,72.27,4,6156939,66.21,4,4512229,48.52,0,845732,9.09
2022-11-19,2.6,68,29.4,0,6720773,72.27,0,6156939,66.21,0,4512229,48.52,0,845732,9.09
2022-11-20,2.67,67.93,29.4,19,6720792,72.27,19,6156958,66.21,6,4512235,48.52,13,845745,9.09
2022-11-21,2.76,67.85,29.4,14,6720806,72.27,13,6156971,66.21,6,4512241,48.52,6,845751,9.09
2022-11-22,2.83,67.77,29.4,26,6720832,72.27,13,6156984,66.21,17,4512258,48.52,6,845757,9.09
2022-11-23,2.9,67.7,29.4,17,6720849,72.27,20,6157004,66.21,4,4512262,48.52,8,845765,9.09
2022-11-24,2.98,67.62,29.4,9,6720858,72.27,16,6157020,66.21,13,4512275,48.52,27,845792,9.1
2022-11-25,3,67.6,29.4,17,6720875,72.27,33,6157053,66.21,14,4512289,48.52,12,845804,9.1
2022-11-26,3,67.61,29.4,0,6720875,72.27,2,6157055,66.21,0,4512289,48.52,0,845804,9.1
2022-11-27,3.06,67.54,29.4,14,6720889,72.27,15,6157070,66.21,19,4512308,48.52,2,845806,9.1
2022-11-28,3.14,67.47,29.4,8,6720897,72.27,23,6157093,66.21,8,4512316,48.52,6,845812,9.1
2022-11-29,3.2,67.4,29.4,37,6720934,72.27,31,6157124,66.21,19,4512335,48.52,14,845826,9.1
2022-11-30,3.27,67.34,29.39,12,6720946,72.27,25,6157149,66.21,20,4512355,48.52,8,845834,9.1
2022-12-01,3.34,67.26,29.39,13,6720959,72.27,16,6157165,66.21,15,4512370,48.52,4,845838,9.1
2022-12-02,3.36,67.24,29.39,2,6720961,72.27,7,6157172,66.21,4,4512374,48.52,10,845848,9.1
2022-12-03,3.36,67.24,29.39,0,6720961,72.27,0,6157172,66.21,0,4512374,48.52,1,845849,9.1
2022-12-04,3.42,67.18,29.39,28,6720989,72.27,23,6157195,66.21,29,4512403,48.52,26,845875,9.1
2022-12-05,3.48,67.12,29.4,9,6720998,72.27,17,6157212,66.21,11,4512414,48.52,18,845893,9.1
2022-12-06,3.55,67.06,29.39,32,6721030,72.27,26,6157238,66.21,27,4512441,48.52,7,845900,9.1
2022-12-07,3.62,66.99,29.39,10,6721040,72.27,17,6157255,66.21,8,4512449,48.52,7,845907,9.1
2022-12-08,3.69,66.91,29.39,18,6721058,72.27,26,6157281,66.21,15,4512464,48.52,3,845910,9.1
2022-12-09,3.71,66.9,29.39,4,6721062,72.28,1,6157282,66.21,1,4512465,48.52,7,845917,9.1
2022-12-10,3.7,66.91,29.39,1,6721063,72.28,0,6157282,66.21,2,4512467,48.52,0,845917,9.1
2022-12-11,3.76,66.84,29.39,14,6721077,72.28,19,6157301,66.21,15,4512482,48.52,16,845933,9.1
2022-12-12,3.82,66.78,29.39,14,6721091,72.28,11,6157312,66.21,5,4512487,48.53,0,845933,9.1
2022-12-13,3.87,66.73,29.39,17,6721108,72.28,44,6157356,66.21,18,4512505,48.53,13,845946,9.1
2022-12-14,3.92,66.69,29.39,17,6721125,72.28,16,6157372,66.21,7,4512512,48.53,3,845949,9.1
2022-12-15,3.97,66.64,29.39,22,6721147,72.28,16,6157388,66.21,7,4512519,48.53,12,845961,9.1
2022-12-16,3.98,66.62,29.39,10,6721157,72.28,2,6157390,66.21,1,4512520,48.53,0,845961,9.1
2022-12-17,3.97,66.63,29.39,0,6721157,72.28,0,6157390,66.21,0,4512520,48.53,0,845961,9.1
2022-12-18,4.01,66.59,29.39,9,6721166,72.28,17,6157407,66.21,8,4512528,48.53,3,845964,9.1
2022-12-19,4.06,66.54,29.4,7,6721173,72.28,14,6157421,66.21,12,4512540,48.53,1,845965,9.1
2022-12-20,4.1,66.51,29.39,12,6721185,72.28,17,6157438,66.21,2,4512542,48.53,2,845967,9.1
2022-12-21,4.14,66.47,29.39,9,6721194,72.28,14,6157452,66.21,13,4512555,48.53,3,845970,9.1
2022-12-22,4.18,66.42,29.39,4,6721198,72.28,10,6157462,66.21,14,4512569,48.53,1,845971,9.1
2022-12-23,4.19,66.42,29.39,8,6721206,72.28,0,6157462,66.21,2,4512571,48.53,0,845971,9.1
2022-12-24,4.18,66.43,29.39,0,6721206,72.28,0,6157462,66.21,0,4512571,48.53,0,845971,9.1
2022-12-25,4.21,66.4,29.39,5,6721211,72.28,15,6157477,66.21,1,4512572,48.53,2,845973,9.1
2022-12-26,4.24,66.36,29.39,13,6721224,72.28,4,6157481,66.21,12,4512584,48.53,0,845973,9.1
2022-12-27,4.25,66.36,29.39,17,6721241,72.28,20,6157501,66.21,13,4512597,48.53,7,845980,9.1
2022-12-28,4.26,66.34,29.39,12,6721253,72.28,13,6157514,66.21,17,4512614,48.53,29,846009,9.1
2022-12-29,4.28,66.33,29.39,12,6721265,72.28,21,6157535,66.22,11,4512625,48.53,2,846011,9.1
2022-12-30,4.27,66.33,29.4,4,6721269,72.28,5,6157540,66.22,3,4512628,48.53,0,846011,9.1
2022-12-31,4.26,66.35,29.4,0,6721269,72.28,1,6157541,66.22,0,4512628,48.53,0,846011,9.1
2023-01-01,4.27,66.33,29.4,5,6721274,72.28,14,6157555,66.22,2,4512630,48.53,0,846011,9.1
2023-01-02,4.29,66.31,29.4,0,6721274,72.28,0,6157555,66.22,0,4512630,48.53,0,846011,9.1
