Date,Valid vaccinated pop. perc.,Expired vaccinated pop. perc.,Not vaccinated pop. perc.,Vaccinated (daily),Vaccinated (cumu),Vaccinated pop. perc.,Second dose (daily),Second dose (cumu),Second dose pop. perc.,Third dose (daily),Third dose (cumu),Third dose pop. perc.,Fourth dose (daily),Fourth dose (cumu),Fourth dose pop. perc.
2020-12-19,0,0,100,46,71,0,0,4,0,0,0,0,0,0,0
2020-12-20,0,0,100,7396,7467,0.08,0,4,0,0,0,0,0,0,0
2020-12-21,0,0,100,24923,32390,0.35,0,4,0,0,0,0,0,0,0
2020-12-22,0,0,100,44669,77059,0.83,0,4,0,0,0,0,0,0,0
2020-12-23,0,0,100,62918,139977,1.51,0,4,0,0,0,0,0,0,0
2020-12-24,0,0,100,73432,213409,2.29,0,4,0,0,0,0,0,0,0
2020-12-25,0,0,100,38518,251927,2.71,0,4,0,0,0,0,0,0,0
2020-12-26,0,0,100,32618,284545,3.06,0,4,0,0,0,0,0,0,0
2020-12-27,0,0,100,104575,389120,4.18,0,4,0,0,0,0,0,0,0
2020-12-28,0,0,100,135043,524163,5.64,0,4,0,0,0,0,0,0,0
2020-12-29,0,0,100,156343,680506,7.32,2,6,0,0,0,0,0,0,0
2020-12-30,0,0,100,153192,833698,8.97,0,6,0,0,0,0,0,0,0
2020-12-31,0,0,100,158602,992300,10.67,0,6,0,0,0,0,0,0,0
2021-01-01,0,0,100,71436,1063736,11.44,0,6,0,0,0,0,0,0,0
2021-01-02,0,0,100,71745,1135481,12.21,0,6,0,0,0,0,0,0,0
2021-01-03,0,0,100,149768,1285249,13.82,0,6,0,0,0,0,0,0,0
2021-01-04,0,0,100,152208,1437457,15.46,1,7,0,0,0,0,0,0,0
2021-01-05,0,0,100,125222,1562679,16.8,4,11,0,0,0,0,0,0,0
2021-01-06,0,0,100,103375,1666054,17.92,2,13,0,0,0,0,0,0,0
2021-01-07,0,0,100,116065,1782119,19.16,9,22,0,0,0,0,0,0,0
2021-01-08,0,0,100,66465,1848584,19.88,5,27,0,0,0,0,0,0,0
2021-01-09,0,0,100,44554,1893138,20.36,24,51,0,0,0,0,0,0,0
2021-01-10,0,0,100,37649,1930787,20.76,6001,6052,0.07,0,0,0,0,0,0
2021-01-11,0,0,100,21176,1951963,20.99,19264,25316,0.27,0,0,0,0,0,0
2021-01-12,0,0,100,24077,1976040,21.25,35674,60990,0.66,0,0,0,0,0,0
2021-01-13,0,0,100,52079,2028119,21.81,56873,117863,1.27,0,0,0,0,0,0
2021-01-14,0,0,100,56480,2084599,22.42,68839,186702,2.01,0,0,0,0,0,0
2021-01-15,0,0,100,30776,2115375,22.75,35943,222645,2.39,0,0,0,0,0,0
2021-01-16,0,0,100,29481,2144856,23.06,26007,248652,2.67,0,0,0,0,0,0
2021-01-17,0.31,0,99.69,68446,2213302,23.8,84598,333250,3.58,0,0,0,0,0,0
2021-01-18,0.58,0,99.42,69820,2283122,24.55,120439,453689,4.88,0,0,0,0,0,0
2021-01-19,1.09,0,98.91,72897,2356019,25.34,137853,591542,6.36,0,0,0,0,0,0
2021-01-20,1.9,0,98.1,76919,2432938,26.16,143769,735311,7.91,0,0,0,0,0,0
2021-01-21,2.88,0,97.12,70011,2502949,26.92,164478,899789,9.68,0,0,0,0,0,0
2021-01-22,3.39,0,96.61,37933,2540882,27.32,71135,970924,10.44,0,0,0,0,0,0
2021-01-23,3.77,0,96.23,39966,2580848,27.75,53597,1024521,11.02,0,0,0,0,0,0
2021-01-24,4.96,0,95.04,69148,2649996,28.5,140711,1165232,12.53,0,0,0,0,0,0
2021-01-25,6.61,0,93.39,80943,2730939,29.37,139523,1304755,14.03,0,0,0,0,0,0
2021-01-26,8.45,0,91.55,78738,2809677,30.21,126446,1431201,15.39,0,0,0,0,0,0
2021-01-27,10.34,0,89.66,77984,2887661,31.05,125073,1556274,16.74,0,0,0,0,0,0
2021-01-28,12.43,0,87.57,79571,2967232,31.91,130633,1686907,18.14,0,0,0,0,0,0
2021-01-29,13.34,0,86.66,36704,3003936,32.3,64794,1751701,18.84,0,0,0,0,0,0
2021-01-30,14.02,0,85.98,34395,3038331,32.67,42767,1794468,19.3,0,0,0,0,0,0
2021-01-31,15.76,0,84.24,73332,3111663,33.46,59504,1853972,19.94,0,0,0,0,0,0
2021-02-01,17.48,0,82.52,82514,3194177,34.35,35358,1889330,20.32,0,0,0,0,0,0
2021-02-02,19.01,0,80.99,70108,3264285,35.1,31074,1920404,20.65,0,0,0,0,0,0
2021-02-03,20.47,0,79.53,60309,3324594,35.75,51445,1971849,21.2,0,0,0,0,0,0
2021-02-04,22,0,78,72640,3397234,36.53,58096,2029945,21.83,0,0,0,0,0,0
2021-02-05,22.75,0,77.25,33947,3431181,36.9,28807,2058752,22.14,0,0,0,0,0,0
2021-02-06,23.23,0,76.77,21622,3452803,37.13,22233,2080985,22.38,0,0,0,0,0,0
2021-02-07,23.99,0,76.01,54081,3506884,37.71,68745,2149730,23.12,0,0,0,0,0,0
2021-02-08,24.52,0,75.48,58644,3565528,38.34,65468,2215198,23.82,0,0,0,0,0,0
2021-02-09,25.04,0,74.96,66360,3631888,39.06,67581,2282779,24.55,0,0,0,0,0,0
2021-02-10,25.77,0,74.23,70572,3702460,39.81,72316,2355095,25.33,0,0,0,0,0,0
2021-02-11,26.61,0,73.39,81175,3783635,40.69,72115,2427210,26.1,0,0,0,0,0,0
2021-02-12,27.02,0,72.98,39110,3822745,41.11,37600,2464810,26.51,0,0,0,0,0,0
2021-02-13,27.33,0,72.67,27465,3850210,41.4,30441,2495251,26.83,0,0,0,0,0,0
2021-02-14,28.25,0,71.75,74917,3925127,42.21,69085,2564336,27.58,0,0,0,0,0,0
2021-02-15,29.17,0,70.83,81549,4006676,43.09,75722,2640058,28.39,0,0,0,0,0,0
2021-02-16,30.11,0,69.89,83422,4090098,43.98,78302,2718360,29.23,0,0,0,0,0,0
2021-02-17,31.01,0,68.99,61984,4152082,44.65,75646,2794006,30.05,0,0,0,0,0,0
2021-02-18,31.94,0,68.06,69160,4221242,45.39,79739,2873745,30.9,0,0,0,0,0,0
2021-02-19,32.45,0,67.55,39676,4260918,45.82,38162,2911907,31.31,0,0,0,0,0,0
2021-02-20,32.85,0,67.15,31652,4292570,46.16,28723,2940630,31.62,0,0,0,0,0,0
2021-02-21,33.8,0,66.2,79437,4372007,47.01,78448,3019078,32.47,0,0,0,0,0,0
2021-02-22,34.83,0,65.17,85056,4457063,47.93,80600,3099678,33.33,0,0,0,0,0,0
2021-02-23,35.84,0,64.16,77332,4534395,48.76,70487,3170165,34.09,0,0,0,0,0,0
2021-02-24,36.76,0,63.24,61067,4595462,49.42,63145,3233310,34.77,0,0,0,0,0,0
2021-02-25,37.66,0,62.34,51730,4647192,49.97,64810,3298120,35.47,0,0,0,0,0,0
2021-02-26,38.1,0,61.9,25913,4673105,50.25,32047,3330167,35.81,0,0,0,0,0,0
2021-02-27,38.42,0,61.58,18353,4691458,50.45,21197,3351364,36.04,0,0,0,0,0,0
2021-02-28,39.24,0,60.76,40365,4731823,50.88,55874,3407238,36.64,0,0,0,0,0,0
2021-03-01,40.1,0,59.9,45752,4777575,51.38,61445,3468683,37.3,0,0,0,0,0,0
2021-03-02,40.85,0,59.15,41203,4818778,51.82,64802,3533485,38,0,0,0,0,0,0
2021-03-03,41.55,0,58.45,42035,4860813,52.27,66795,3600280,38.72,0,0,0,0,0,0
2021-03-04,42.24,0,57.76,39722,4900535,52.7,79126,3679406,39.57,0,0,0,0,0,0
2021-03-05,42.57,0,57.43,17369,4917904,52.88,40470,3719876,40,0,0,0,0,0,0
2021-03-06,42.78,0,57.22,10723,4928627,53,25349,3745225,40.27,0,0,0,0,0,0
2021-03-07,43.36,0,56.64,31157,4959784,53.34,72847,3818072,41.06,0,0,0,0,0,0
2021-03-08,43.97,0,56.03,27387,4987171,53.63,73296,3891368,41.85,0,0,0,0,0,0
2021-03-09,44.62,0,55.38,26756,5013927,53.92,76605,3967973,42.67,0,0,0,0,0,0
2021-03-10,45.27,0,54.73,23373,5037300,54.17,58684,4026657,43.3,0,0,0,0,0,0
2021-03-11,45.99,0,54.01,23308,5060608,54.42,69098,4095755,44.04,0,0,0,0,0,0
2021-03-12,46.34,0,53.66,11296,5071904,54.54,41419,4137174,44.49,0,0,0,0,0,0
2021-03-13,46.57,0,53.43,7954,5079858,54.63,25240,4162414,44.76,0,0,0,0,0,0
2021-03-14,47.2,0,52.8,20991,5100849,54.85,73937,4236351,45.56,0,0,0,0,0,0
2021-03-15,47.81,0,52.19,20152,5121001,55.07,78281,4314632,46.4,0,0,0,0,0,0
2021-03-16,48.43,0,51.57,18759,5139760,55.27,71481,4386113,47.17,0,0,0,0,0,0
2021-03-17,48.92,0,51.08,17705,5157465,55.46,59010,4445123,47.8,0,0,0,0,0,0
2021-03-18,49.45,0,50.55,16050,5173515,55.63,58126,4503249,48.43,0,0,0,0,0,0
2021-03-19,49.75,0,50.25,6958,5180473,55.71,27981,4531230,48.73,0,0,0,0,0,0
2021-03-20,49.93,0,50.07,5228,5185701,55.76,15302,4546532,48.89,0,0,0,0,0,0
2021-03-21,50.46,0,49.54,13172,5198873,55.91,40511,4587043,49.33,0,0,0,0,0,0
2021-03-22,51,0,49,13583,5212456,56.05,40542,4627585,49.76,0,0,0,0,0,0
2021-03-23,51.43,0,48.57,2846,5215302,56.08,7303,4634888,49.84,0,0,0,0,0,0
2021-03-24,51.84,0,48.16,11006,5226308,56.2,46561,4681449,50.34,0,0,0,0,0,0
2021-03-25,52.22,0,47.78,10274,5236582,56.31,35440,4716889,50.72,0,0,0,0,0,0
2021-03-26,52.4,0,47.6,4186,5240768,56.36,13334,4730223,50.87,0,0,0,0,0,0
2021-03-27,52.5,0,47.5,1787,5242555,56.38,4269,4734492,50.91,0,0,0,0,0,0
2021-03-28,52.74,0,47.26,2114,5244669,56.4,4611,4739103,50.96,0,0,0,0,0,0
2021-03-29,53,0,47,6920,5251589,56.47,30017,4769120,51.28,0,0,0,0,0,0
2021-03-30,53.08,0,46.92,7897,5259486,56.56,22455,4791575,51.53,0,0,0,0,0,0
2021-03-31,53.38,0,46.62,8154,5267640,56.65,19502,4811077,51.74,0,0,0,0,0,0
2021-04-01,53.62,0,46.38,8222,5275862,56.73,18704,4829781,51.94,0,0,0,0,0,0
2021-04-02,53.71,0,46.29,2947,5278809,56.77,8131,4837912,52.02,0,0,0,0,0,0
2021-04-03,53.74,0,46.26,1432,5280241,56.78,2984,4840896,52.06,0,0,0,0,0,0
2021-04-04,53.82,0,46.18,9618,5289859,56.88,22832,4863728,52.3,0,0,0,0,0,0
2021-04-05,54.04,0,45.96,10364,5300223,57,21278,4885006,52.53,0,0,0,0,0,0
2021-04-06,54.21,0,45.79,9035,5309258,57.09,16794,4901800,52.71,0,0,0,0,0,0
2021-04-07,54.36,0,45.64,8935,5318193,57.19,15314,4917114,52.88,0,0,0,0,0,0
2021-04-08,54.52,0,45.48,9430,5327623,57.29,17018,4934132,53.06,0,0,0,0,0,0
2021-04-09,54.58,0,45.42,3610,5331233,57.33,6259,4940391,53.13,0,0,0,0,0,0
2021-04-10,54.61,0,45.39,1637,5332870,57.35,3523,4943914,53.16,0,0,0,0,0,0
2021-04-11,54.78,0,45.22,9045,5341915,57.44,14249,4958163,53.32,0,0,0,0,0,0
2021-04-12,54.95,0,45.05,8938,5350853,57.54,13236,4971399,53.46,0,0,0,0,0,0
2021-04-13,55.08,0,44.92,5841,5356694,57.6,4960,4976359,53.51,0,0,0,0,0,0
2021-04-14,55.18,0,44.82,3650,5360344,57.64,5311,4981670,53.57,0,0,0,0,0,0
2021-04-15,55.27,0,44.73,698,5361042,57.65,583,4982253,53.58,0,0,0,0,0,0
2021-04-16,55.33,0,44.67,3420,5364462,57.69,6652,4988905,53.65,0,0,0,0,0,0
2021-04-17,55.35,0,44.65,822,5365284,57.7,1973,4990878,53.67,0,0,0,0,0,0
2021-04-18,55.47,0,44.53,7099,5372383,57.77,7433,4998311,53.75,0,0,0,0,0,0
2021-04-19,55.58,0,44.42,6407,5378790,57.84,7135,5005446,53.83,0,0,0,0,0,0
2021-04-20,55.65,0,44.35,6287,5385077,57.91,6889,5012335,53.9,0,0,0,0,0,0
2021-04-21,55.71,0,44.29,6382,5391459,57.98,7112,5019447,53.98,0,0,0,0,0,0
2021-04-22,55.75,0,44.25,5952,5397411,58.04,7691,5027138,54.06,0,0,0,0,0,0
2021-04-23,55.8,0,44.2,2768,5400179,58.07,3391,5030529,54.1,0,0,0,0,0,0
2021-04-24,55.82,0,44.18,769,5400948,58.08,1290,5031819,54.11,0,0,0,0,0,0
2021-04-25,55.89,0,44.11,4829,5405777,58.13,6925,5038744,54.18,0,0,0,0,0,0
2021-04-26,55.96,0,44.04,5479,5411256,58.19,7889,5046633,54.27,0,0,0,0,0,0
2021-04-27,56.03,0,43.97,4508,5415764,58.24,6627,5053260,54.34,0,0,0,0,0,0
2021-04-28,56.09,0,43.91,4501,5420265,58.29,7337,5060597,54.42,0,0,0,0,0,0
2021-04-29,56.16,0,43.84,4378,5424643,58.33,7297,5067894,54.5,0,0,0,0,0,0
2021-04-30,56.19,0,43.81,1925,5426568,58.35,3203,5071097,54.53,0,0,0,0,0,0
2021-05-01,56.2,0,43.8,458,5427026,58.36,895,5071992,54.54,0,0,0,0,0,0
2021-05-02,56.26,0,43.74,3225,5430251,58.39,6092,5078084,54.61,0,0,0,0,0,0
2021-05-03,56.32,0,43.68,3535,5433786,58.43,5835,5083919,54.67,0,0,0,0,0,0
2021-05-04,56.38,0,43.62,3593,5437379,58.47,4738,5088657,54.72,0,0,0,0,0,0
2021-05-05,56.44,0,43.56,3292,5440671,58.51,4093,5092750,54.76,0,0,0,0,0,0
2021-05-06,56.5,0,43.5,3646,5444317,58.55,3144,5095894,54.8,0,0,0,0,0,0
2021-05-07,56.52,0,43.48,1847,5446164,58.57,2509,5098403,54.83,0,0,0,0,0,0
2021-05-08,56.53,0,43.47,244,5446408,58.57,508,5098911,54.83,0,0,0,0,0,0
2021-05-09,56.58,0,43.42,2851,5449259,58.6,4751,5103662,54.88,0,0,0,0,0,0
2021-05-10,56.63,0,43.37,2899,5452158,58.63,4715,5108377,54.93,0,0,0,0,0,0
2021-05-11,56.67,0,43.33,2622,5454780,58.66,3881,5112258,54.97,0,0,0,0,0,0
2021-05-12,56.7,0,43.3,2034,5456814,58.68,3342,5115600,55.01,0,0,0,0,0,0
2021-05-13,56.73,0,43.27,2043,5458857,58.7,3688,5119288,55.05,0,0,0,0,0,0
2021-05-14,56.75,0,43.25,979,5459836,58.71,1495,5120783,55.07,0,0,0,0,0,0
2021-05-15,56.75,0,43.25,259,5460095,58.72,259,5121042,55.07,0,0,0,0,0,0
2021-05-16,56.78,0,43.22,529,5460624,58.72,1206,5122248,55.08,0,0,0,0,0,0
2021-05-17,56.81,0,43.19,303,5460927,58.72,848,5123096,55.09,0,0,0,0,0,0
2021-05-18,56.84,0,43.16,1963,5462890,58.75,4940,5128036,55.14,0,0,0,0,0,0
2021-05-19,56.87,0,43.13,2233,5465123,58.77,5042,5133078,55.2,0,0,0,0,0,0
2021-05-20,56.9,0,43.1,2312,5467435,58.79,3880,5136958,55.24,0,0,0,0,0,0
2021-05-21,56.92,0,43.08,1194,5468629,58.81,1414,5138372,55.26,0,0,0,0,0,0
2021-05-22,56.92,0,43.08,206,5468835,58.81,396,5138768,55.26,0,0,0,0,0,0
2021-05-23,56.94,0,43.06,2272,5471107,58.83,3216,5141984,55.29,0,0,0,0,0,0
2021-05-24,56.96,0,43.04,2140,5473247,58.86,3597,5145581,55.33,0,0,0,0,0,0
2021-05-25,56.99,0,43.01,1822,5475069,58.88,2588,5148169,55.36,0,0,0,0,0,0
2021-05-26,57.03,0,42.97,1415,5476484,58.89,2504,5150673,55.39,0,0,0,0,0,0
2021-05-27,57.06,0,42.94,1865,5478349,58.91,3189,5153862,55.42,0,0,0,0,0,0
2021-05-28,57.07,0,42.93,794,5479143,58.92,1406,5155268,55.44,0,0,0,0,0,0
2021-05-29,57.07,0,42.93,192,5479335,58.92,227,5155495,55.44,0,0,0,0,0,0
2021-05-30,57.1,0,42.9,1645,5480980,58.94,1937,5157432,55.46,0,0,0,0,0,0
2021-05-31,57.13,0,42.87,1740,5482720,58.96,2093,5159525,55.48,0,0,0,0,0,0
2021-06-01,57.47,0,42.53,1385,5484105,58.97,1823,5161348,55.5,0,0,0,0,0,0
2021-06-02,57.25,0,42.75,1514,5485619,58.99,1610,5162958,55.52,0,0,0,0,0,0
2021-06-03,57.27,0,42.73,1685,5487304,59.01,1496,5164454,55.54,0,0,0,0,0,0
2021-06-04,57.28,0,42.72,1102,5488406,59.02,784,5165238,55.54,0,0,0,0,0,0
2021-06-05,57.29,0,42.71,184,5488590,59.02,159,5165397,55.55,0,0,0,0,0,0
2021-06-06,57.31,0,42.69,4293,5492883,59.07,1002,5166399,55.56,0,0,0,0,0,0
2021-06-07,57.34,0,42.66,4440,5497323,59.12,814,5167213,55.57,0,0,0,0,0,0
2021-06-08,57.36,0,42.64,3739,5501062,59.16,1175,5168388,55.58,0,0,0,0,0,0
2021-06-09,57.4,0,42.6,3615,5504677,59.19,1331,5169719,55.59,0,0,0,0,0,0
2021-06-10,57.42,0,42.58,3364,5508041,59.23,1300,5171019,55.61,0,0,0,0,0,0
2021-06-11,57.43,0,42.57,1402,5509443,59.25,590,5171609,55.61,0,0,0,0,0,0
2021-06-12,57.43,0,42.57,222,5509665,59.25,173,5171782,55.61,0,0,0,0,0,0
2021-06-13,57.45,0,42.55,3101,5512766,59.28,1260,5173042,55.63,0,0,0,0,0,0
2021-06-14,57.46,0,42.54,3057,5515823,59.31,1534,5174576,55.64,0,0,0,0,0,0
2021-06-15,57.48,0,42.52,3137,5518960,59.35,1378,5175954,55.66,0,0,0,0,0,0
2021-06-16,57.49,0,42.51,2734,5521694,59.38,1004,5176958,55.67,0,0,0,0,0,0
2021-06-17,57.51,0,42.49,2733,5524427,59.41,1209,5178167,55.68,0,0,0,0,0,0
2021-06-18,57.52,0,42.48,1270,5525697,59.42,506,5178673,55.69,0,0,0,0,0,0
2021-06-19,57.52,0,42.48,242,5525939,59.42,139,5178812,55.69,0,0,0,0,0,0
2021-06-20,57.54,0,42.46,3316,5529255,59.46,1332,5180144,55.7,0,0,0,0,0,0
2021-06-21,57.56,0,42.44,5250,5534505,59.52,1218,5181362,55.72,0,0,0,0,0,0
2021-06-22,57.58,0,42.42,6935,5541440,59.59,1101,5182463,55.73,0,0,0,0,0,0
2021-06-23,57.6,0,42.4,10762,5552202,59.71,1303,5183766,55.74,0,0,0,0,0,0
2021-06-24,57.62,0,42.38,12051,5564253,59.84,1466,5185232,55.76,0,0,0,0,0,0
2021-06-25,57.62,0,42.38,7117,5571370,59.91,945,5186177,55.77,0,0,0,0,0,0
2021-06-26,57.63,0,42.37,2278,5573648,59.94,200,5186377,55.77,0,0,0,0,0,0
2021-06-27,57.65,0,42.35,13634,5587282,60.08,3438,5189815,55.81,0,0,0,0,0,0
2021-06-28,57.68,0,42.32,14518,5601800,60.24,3675,5193490,55.85,0,0,0,0,0,0
2021-06-29,57.69,0,42.31,16711,5618511,60.42,3745,5197235,55.89,0,0,0,0,0,0
2021-06-30,57.72,0,42.28,16487,5634998,60.6,3397,5200632,55.93,0,0,0,0,0,0
2021-07-01,57.78,0,42.22,16838,5651836,60.78,3381,5204013,55.96,121,121,0,0,0,0
2021-07-02,57.79,0,42.21,9836,5661672,60.88,1609,5205622,55.98,7,128,0,0,0,0
2021-07-03,57.79,0,42.21,2679,5664351,60.91,300,5205922,55.98,1,129,0,0,0,0
2021-07-04,57.85,0,42.15,17735,5682086,61.1,3161,5209083,56.02,2,131,0,0,0,0
2021-07-05,57.91,0,42.09,17852,5699938,61.29,3046,5212129,56.05,7,138,0,0,0,0
2021-07-06,57.99,0,42.01,17849,5717787,61.49,3412,5215541,56.09,11,149,0,0,0,0
2021-07-07,58.05,0,41.95,15533,5733320,61.65,2704,5218245,56.11,12,161,0,0,0,0
2021-07-08,58.12,0,41.88,16590,5749910,61.83,2881,5221126,56.15,17,178,0,0,0,0
2021-07-09,58.15,0,41.85,11125,5761035,61.95,1535,5222661,56.16,4,182,0,0,0,0
2021-07-10,58.15,0,41.85,4989,5766024,62,391,5223052,56.17,6,188,0,0,0,0
2021-07-11,58.22,0,41.78,1458,5767482,62.02,2848,5225900,56.2,9,197,0,0,0,0
2021-07-12,58.29,0,41.71,2427,5769909,62.05,3697,5229597,56.24,58,255,0,0,0,0
2021-07-13,58.36,0,41.64,2965,5772874,62.08,5460,5235057,56.3,124,379,0,0,0,0
2021-07-14,58.42,0,41.58,2747,5775621,62.11,7536,5242593,56.38,441,820,0.01,0,0,0
2021-07-15,58.5,0,41.5,3010,5778631,62.14,9302,5251895,56.48,374,1194,0.01,0,0,0
2021-07-16,58.54,0,41.46,1296,5779927,62.15,5898,5257793,56.54,66,1260,0.01,0,0,0
2021-07-17,58.55,0,41.44,372,5780299,62.16,1394,5259187,56.55,8,1268,0.01,0,0,0
2021-07-18,58.6,0,41.4,2074,5782373,62.18,9770,5268957,56.66,235,1503,0.02,0,0,0
2021-07-19,58.65,0,41.35,3212,5785585,62.22,11346,5280303,56.78,461,1964,0.02,0,0,0
2021-07-20,58.72,0,41.28,2691,5788276,62.24,11915,5292218,56.91,374,2338,0.03,0,0,0
2021-07-21,58.81,0,41.19,2408,5790684,62.27,11880,5304098,57.04,325,2663,0.03,0,0,0
2021-07-22,58.93,0,41.07,2879,5793563,62.3,13281,5317379,57.18,391,3054,0.03,0,0,0
2021-07-23,58.99,0,41.01,2039,5795602,62.32,8250,5325629,57.27,106,3160,0.03,0,0,0
2021-07-24,58.99,0,41,645,5796247,62.33,1486,5327115,57.29,7,3167,0.03,0,0,0
2021-07-25,59.1,0,40.89,4417,5800664,62.38,15499,5342614,57.45,223,3390,0.04,0,0,0
2021-07-26,59.24,0,40.75,5174,5805838,62.43,13537,5356151,57.6,325,3715,0.04,0,0,0
2021-07-27,59.37,0.01,40.62,5493,5811331,62.49,13579,5369730,57.74,414,4129,0.04,0,0,0
2021-07-28,59.5,0.01,40.49,3990,5815321,62.54,12345,5382075,57.88,472,4601,0.05,0,0,0
2021-07-29,59.65,0.01,40.33,4666,5819987,62.59,14203,5396278,58.03,532,5133,0.06,0,0,0
2021-07-30,59.74,0.02,40.25,2658,5822645,62.61,10856,5407134,58.15,4122,9255,0.1,0,0,0
2021-07-31,59.75,0.02,40.23,1407,5824052,62.63,3554,5410688,58.18,6159,15414,0.17,0,0,0
2021-08-01,59.91,0.02,40.06,3079,5827131,62.66,3367,5414055,58.22,31048,46462,0.5,0,0,0
2021-08-02,60.06,0.03,39.91,3134,5830265,62.7,3176,5417231,58.25,58514,104976,1.13,0,0,0
2021-08-03,60.21,0.03,39.76,3387,5833652,62.73,3330,5420561,58.29,78954,183930,1.98,0,0,0
2021-08-04,60.34,0.03,39.63,3534,5837186,62.77,3255,5423816,58.33,80766,264696,2.85,0,0,0
2021-08-05,60.49,0.04,39.47,4515,5841701,62.82,3570,5427386,58.36,88442,353138,3.8,0,0,0
2021-08-06,60.6,0.04,39.36,2437,5844138,62.84,1863,5429249,58.38,44744,397882,4.28,0,0,0
2021-08-07,60.63,0.04,39.32,1034,5845172,62.86,701,5429950,58.39,27353,425235,4.57,0,0,0
2021-08-08,60.68,0.04,39.28,4991,5850163,62.91,3082,5433032,58.42,80087,505322,5.43,0,0,0
2021-08-09,60.72,0.04,39.24,5341,5855504,62.97,3064,5436096,58.46,76489,581811,6.26,0,0,0
2021-08-10,60.75,0.04,39.2,5554,5861058,63.03,3209,5439305,58.49,75427,657238,7.07,0,0,0
2021-08-11,60.79,0.04,39.17,5696,5866754,63.09,2949,5442254,58.52,62642,719880,7.74,0,0,0
2021-08-12,60.83,0.04,39.12,7039,5873793,63.16,3291,5445545,58.56,59463,779343,8.38,0,0,0
2021-08-13,60.84,0.05,39.11,3821,5877614,63.2,2074,5447619,58.58,43870,823213,8.85,0,0,0
2021-08-14,60.85,0.05,39.1,2255,5879869,63.23,853,5448472,58.59,44486,867699,9.33,0,0,0
2021-08-15,60.89,0.05,39.06,7145,5887014,63.31,4531,5453003,58.64,97985,965684,10.38,0,0,0
2021-08-16,60.92,0.04,39.03,6991,5894005,63.38,4750,5457753,58.69,89522,1055206,11.35,0,0,0
2021-08-17,60.96,0.04,39,7573,5901578,63.46,5138,5462891,58.75,83320,1138526,12.24,0,0,0
2021-08-18,60.99,0.04,38.96,8642,5910220,63.56,4603,5467494,58.79,69269,1207795,12.99,0,0,0
2021-08-19,61.03,0.04,38.92,10082,5920302,63.66,5217,5472711,58.85,65976,1273771,13.7,0,0,0
2021-08-20,61.05,0.05,38.9,4769,5925071,63.72,2827,5475538,58.88,60454,1334225,14.35,0,0,0
2021-08-21,61.06,0.05,38.89,3499,5928570,63.75,1580,5477118,58.9,50725,1384950,14.89,0,0,0
2021-08-22,61.12,0.04,38.84,9823,5938393,63.86,4808,5481926,58.95,105111,1490061,16.02,0,0,0
2021-08-23,61.17,0.04,38.79,10923,5949316,63.98,4448,5486374,59,94035,1584096,17.03,0,0,0
2021-08-24,61.23,0.04,38.73,11722,5961038,64.1,4701,5491075,59.05,98560,1682656,18.09,0,0,0
2021-08-25,61.29,0.04,38.67,9613,5970651,64.21,4484,5495559,59.1,99559,1782215,19.17,0,0,0
2021-08-26,61.36,0.03,38.61,10111,5980762,64.31,5059,5500618,59.15,101230,1883445,20.25,0,0,0
2021-08-27,61.35,0.04,38.61,4325,5985087,64.36,2788,5503406,59.18,56697,1940142,20.86,0,0,0
2021-08-28,61.4,0.04,38.57,3704,5988791,64.4,1500,5504906,59.2,33540,1973682,21.22,0,0,0
2021-08-29,61.46,0.03,38.5,10323,5999114,64.51,5932,5510838,59.26,79550,2053232,22.08,0,0,0
2021-08-30,61.53,0.03,38.44,12334,6011448,64.64,7017,5517855,59.34,116009,2169241,23.33,0,0,0
2021-08-31,61.6,0.03,38.37,12076,6023524,64.77,6529,5524384,59.41,114882,2284123,24.56,0,0,0
2021-09-01,61.43,0.03,38.54,9035,6032559,64.87,6043,5530427,59.47,112491,2396614,25.77,0,0,0
2021-09-02,61.49,0.03,38.48,8784,6041343,64.97,7183,5537610,59.55,111548,2508162,26.97,0,0,0
2021-09-03,61.56,0.03,38.42,3751,6045094,65.01,4118,5541728,59.59,58886,2567048,27.6,0,0,0
2021-09-04,61.59,0.03,38.38,2692,6047786,65.03,2023,5543751,59.61,29953,2597001,27.93,0,0,0
2021-09-05,61.68,0.03,38.29,6991,6054777,65.11,6460,5550211,59.68,73326,2670327,28.72,0,0,0
2021-09-06,61.77,0.03,38.2,2836,6057613,65.14,2718,5552929,59.71,22800,2693127,28.96,0,0,0
2021-09-07,61.85,0.03,38.12,1202,6058815,65.15,879,5553808,59.72,5398,2698525,29.02,0,0,0
2021-09-08,61.93,0.03,38.05,1380,6060195,65.17,1196,5555004,59.74,6621,2705146,29.09,0,0,0
2021-09-09,62.02,0.03,37.95,7092,6067287,65.24,12573,5567577,59.87,73847,2778993,29.88,0,0,0
2021-09-10,62.06,0.03,37.91,3258,6070545,65.28,5016,5572593,59.92,37938,2816931,30.29,0,0,0
2021-09-11,62.08,0.03,37.89,2108,6072653,65.3,2509,5575102,59.95,14817,2831748,30.45,0,0,0
2021-09-12,62.16,0.03,37.81,6105,6078758,65.37,8589,5583691,60.04,54137,2885885,31.03,0,0,0
2021-09-13,62.15,0.03,37.82,5611,6084369,65.43,8265,5591956,60.13,47983,2933868,31.55,0,0,0
2021-09-14,62.2,0.03,37.77,4964,6089333,65.48,7424,5599380,60.21,48855,2982723,32.07,0,0,0
2021-09-15,62.25,0.03,37.72,1750,6091083,65.5,2718,5602098,60.24,16687,2999410,32.25,0,0,0
2021-09-16,62.37,0.03,37.6,343,6091426,65.5,550,5602648,60.25,1740,3001150,32.27,0,0,0
2021-09-17,62.42,0.03,37.54,3684,6095110,65.54,7022,5609670,60.32,42905,3044055,32.73,0,0,0
2021-09-18,62.45,0.03,37.52,2258,6097368,65.57,2946,5612616,60.36,12783,3056838,32.87,0,0,0
2021-09-19,62.55,0.03,37.42,5943,6103311,65.63,10712,5623328,60.47,44331,3101169,33.35,0,0,0
2021-09-20,62.63,0.03,37.34,3246,6106557,65.67,4646,5627974,60.52,16708,3117877,33.53,0,0,0
2021-09-21,62.69,0.03,37.28,1340,6107897,65.68,2067,5630041,60.54,3477,3121354,33.57,0,0,0
2021-09-22,62.72,0.03,37.25,4260,6112157,65.73,7250,5637291,60.62,25072,3146426,33.84,0,0,0
2021-09-23,62.75,0.03,37.22,4391,6116548,65.77,5916,5643207,60.68,27835,3174261,34.13,0,0,0
2021-09-24,62.82,0.03,37.15,3202,6119750,65.81,4185,5647392,60.73,27724,3201985,34.43,0,0,0
2021-09-25,62.85,0.03,37.12,2080,6121830,65.83,2264,5649656,60.75,10443,3212428,34.54,0,0,0
2021-09-26,62.96,0.03,37,5605,6127435,65.89,5973,5655629,60.82,36270,3248698,34.93,0,0,0
2021-09-27,63.02,0.03,36.94,4696,6132131,65.94,4469,5660098,60.87,30457,3279155,35.26,0,0,0
2021-09-28,63.06,0.04,36.91,1473,6133604,65.96,1187,5661285,60.88,6250,3285405,35.33,0,0,0
2021-09-29,63.13,0.03,36.84,9622,6143226,66.06,8349,5669634,60.97,60325,3345730,35.98,0,0,0
2021-09-30,63.18,0.03,36.79,10976,6154202,66.18,8580,5678214,61.06,79704,3425434,36.84,0,0,0
2021-10-01,63.23,0.03,36.73,5128,6159330,66.23,3876,5682090,61.1,46546,3471980,37.34,0,0,0
2021-10-02,63.26,0.03,36.71,2865,6162195,66.27,2127,5684217,61.13,22433,3494413,37.58,0,0,0
2021-10-03,63.35,0.03,36.62,11668,6173863,66.39,7275,5691492,61.2,70726,3565139,38.34,0,0,0
2021-10-04,63.4,0.03,36.57,10321,6184184,66.5,6759,5698251,61.28,51912,3617051,38.9,0,0,0
2021-10-05,63.41,0.03,36.55,8461,6192645,66.59,5314,5703565,61.33,40481,3657532,39.33,0,0,0
2021-10-06,63.52,0.03,36.45,7543,6200188,66.67,4185,5707750,61.38,34150,3691682,39.7,0,0,0
2021-10-07,63.63,0.03,36.34,6896,6207084,66.75,4010,5711760,61.42,34070,3725752,40.06,0,0,0
2021-10-08,63.68,0.03,36.29,3086,6210170,66.78,2644,5714404,61.45,19250,3745002,40.27,0,0,0
2021-10-09,63.71,0.03,36.26,1341,6211511,66.8,1444,5715848,61.47,7441,3752443,40.35,0,0,0
2021-10-10,63.82,0.04,36.14,4677,6216188,66.85,3747,5719595,61.51,21519,3773962,40.58,0,0,0
2021-10-11,63.91,0.04,36.05,4299,6220487,66.89,2946,5722541,61.54,17270,3791232,40.77,0,0,0
2021-10-12,63.99,0.05,35.96,3977,6224464,66.93,3007,5725548,61.57,15357,3806589,40.93,0,0,0
2021-10-13,64.09,0.05,35.86,3487,6227951,66.97,2451,5727999,61.6,13587,3820176,41.08,0,0,0
2021-10-14,64.19,0.06,35.75,3870,6231821,67.01,2686,5730685,61.63,16568,3836744,41.26,0,0,0
2021-10-15,64.23,0.07,35.7,1704,6233525,67.03,1686,5732371,61.64,9011,3845755,41.36,0,0,0
2021-10-16,64.25,0.08,35.67,729,6234254,67.04,957,5733328,61.65,4035,3849790,41.4,0,0,0
2021-10-17,64.36,0.09,35.56,3090,6237344,67.07,2526,5735854,61.68,12798,3862588,41.54,0,0,0
2021-10-18,64.43,0.1,35.47,2459,6239803,67.1,1694,5737548,61.7,10069,3872657,41.64,0,0,0
2021-10-19,64.49,0.1,35.4,2399,6242202,67.13,1284,5738832,61.71,9295,3881952,41.74,0,0,0
2021-10-20,64.14,0.52,35.34,2438,6244640,67.15,2304,5741136,61.74,10103,3892055,41.85,0,0,0
2021-10-21,54.23,10.41,35.36,3034,6247674,67.18,3098,5744234,61.77,12163,3904218,41.98,0,0,0
2021-10-22,54.36,10.26,35.38,1279,6248953,67.2,1437,5745671,61.79,5842,3910060,42.05,0,0,0
2021-10-23,54.42,10.19,35.39,575,6249528,67.2,1266,5746937,61.8,2565,3912625,42.07,0,0,0
2021-10-24,54.22,10.43,35.35,2518,6252046,67.23,2653,5749590,61.83,9855,3922480,42.18,0,0,0
2021-10-25,54.59,10.22,35.19,2640,6254686,67.26,2752,5752342,61.86,8511,3930991,42.27,0,0,0
2021-10-26,54.64,10.26,35.1,2381,6257067,67.29,2059,5754401,61.88,8529,3939520,42.36,0,0,0
2021-10-27,54.58,10.37,35.06,2292,6259359,67.31,2566,5756967,61.91,7959,3947479,42.45,0,0,0
2021-10-28,54.69,10.76,34.55,2506,6261865,67.34,2782,5759749,61.94,8675,3956154,42.54,0,0,0
2021-10-29,54.73,10.75,34.52,903,6262768,67.35,1154,5760903,61.95,4138,3960292,42.59,0,0,0
2021-10-30,54.68,10.81,34.52,366,6263134,67.35,530,5761433,61.96,1712,3962004,42.61,0,0,0
2021-10-31,54.83,10.7,34.47,2262,6265396,67.38,2495,5763928,61.98,8255,3970259,42.69,0,0,0
2021-11-01,54.95,10.63,34.42,1737,6267133,67.39,2094,5766022,62,6480,3976739,42.76,0,0,0
2021-11-02,54.89,10.69,34.42,2026,6269159,67.42,2050,5768072,62.03,6296,3983035,42.83,0,0,0
2021-11-03,54.86,10.75,34.39,1764,6270923,67.43,1897,5769969,62.05,5556,3988591,42.89,0,0,0
2021-11-04,54.85,10.81,34.33,2111,6273034,67.46,2802,5772771,62.08,7133,3995724,42.97,0,0,0
2021-11-05,54.85,10.83,34.32,791,6273825,67.47,907,5773678,62.09,3488,3999212,43.01,0,0,0
2021-11-06,54.82,10.86,34.32,347,6274172,67.47,389,5774067,62.09,1375,4000587,43.02,0,0,0
2021-11-07,54.92,10.8,34.28,1578,6275750,67.49,1770,5775837,62.11,6133,4006720,43.09,0,0,0
2021-11-08,55.01,10.75,34.24,1520,6277270,67.5,1603,5777440,62.13,5406,4012126,43.14,0,0,0
2021-11-09,55.05,10.74,34.21,1429,6278699,67.52,1612,5779052,62.15,5332,4017458,43.2,0,0,0
2021-11-10,55.08,10.73,34.19,1424,6280123,67.53,1662,5780714,62.16,4779,4022237,43.25,0,0,0
2021-11-11,55.15,10.69,34.15,1628,6281751,67.55,1947,5782661,62.18,5719,4027956,43.31,0,0,0
2021-11-12,55.17,10.69,34.14,637,6282388,67.56,826,5783487,62.19,2926,4030882,43.35,0,0,0
2021-11-13,55.14,10.72,34.14,259,6282647,67.56,291,5783778,62.2,1130,4032012,43.36,0,0,0
2021-11-14,55.21,10.68,34.11,1536,6284183,67.58,1639,5785417,62.21,5111,4037123,43.41,0,0,0
2021-11-15,55.28,10.63,34.09,1275,6285458,67.59,1628,5787045,62.23,4770,4041893,43.46,0,0,0
2021-11-16,55.32,10.62,34.07,1275,6286733,67.6,1419,5788464,62.25,4349,4046242,43.51,0,0,0
2021-11-17,55.35,10.6,34.05,1208,6287941,67.62,1567,5790031,62.26,3915,4050157,43.55,0,0,0
2021-11-18,55.41,10.58,34.02,1364,6289305,67.63,1693,5791724,62.28,5012,4055169,43.61,0,0,0
2021-11-19,55.42,10.57,34.01,588,6289893,67.64,765,5792489,62.29,2460,4057629,43.63,0,0,0
2021-11-20,55.41,10.58,34,238,6290131,67.64,258,5792747,62.29,929,4058558,43.64,0,0,0
2021-11-21,55.47,10.54,33.98,1409,6291540,67.66,1542,5794289,62.31,4881,4063439,43.7,0,0,0
2021-11-22,55.54,10.5,33.96,1681,6293221,67.67,1523,5795812,62.33,4238,4067677,43.74,0,0,0
2021-11-23,55.57,10.48,33.95,8616,6301837,67.77,1688,5797500,62.34,4012,4071689,43.78,0,0,0
2021-11-24,55.6,10.44,33.95,9348,6311185,67.87,1319,5798819,62.36,3924,4075613,43.83,0,0,0
2021-11-25,55.64,10.43,33.93,9808,6320993,67.97,1600,5800419,62.37,4841,4080454,43.88,0,0,0
2021-11-26,55.63,10.45,33.92,5610,6326603,68.03,749,5801168,62.38,2806,4083260,43.91,0,0,0
2021-11-27,55.62,10.46,33.92,4776,6331379,68.08,324,5801492,62.39,1164,4084424,43.92,0,0,0
2021-11-28,55.67,10.43,33.9,10145,6341524,68.19,1481,5802973,62.4,4906,4089330,43.97,0,0,0
2021-11-29,55.73,10.39,33.88,9043,6350567,68.29,1134,5804107,62.41,4376,4093706,44.02,0,0,0
2021-11-30,55.77,10.37,33.86,10043,6360610,68.4,1039,5805146,62.43,4085,4097791,44.07,0,0,0
2021-12-01,55.79,10.36,33.84,8629,6369239,68.49,1098,5806244,62.44,4445,4102236,44.11,5,5,0
2021-12-02,55.84,10.34,33.82,9173,6378412,68.59,1456,5807700,62.45,5126,4107362,44.17,6,11,0
2021-12-03,55.86,10.33,33.81,6329,6384741,68.66,673,5808373,62.46,2868,4110230,44.2,1,12,0
2021-12-04,55.85,10.34,33.81,2509,6387250,68.69,239,5808612,62.46,926,4111156,44.21,3,15,0
2021-12-05,55.9,10.31,33.79,8334,6395584,68.77,1254,5809866,62.48,4683,4115839,44.26,1,16,0
2021-12-06,55.95,10.27,33.78,6720,6402304,68.85,1200,5811066,62.49,4351,4120190,44.31,4,20,0
2021-12-07,55.99,10.25,33.76,5553,6407857,68.91,1506,5812572,62.51,3966,4124156,44.35,9,29,0
2021-12-08,56.03,10.22,33.75,4934,6412791,68.96,1201,5813773,62.52,3885,4128041,44.39,10,39,0
2021-12-09,56.08,10.19,33.73,6239,6419030,69.03,1241,5815014,62.53,4508,4132549,44.44,8,47,0
2021-12-10,56.1,10.18,33.72,3006,6422036,69.06,704,5815718,62.54,2687,4135236,44.47,4,51,0
2021-12-11,56.1,10.18,33.71,1491,6423527,69.08,255,5815973,62.54,1021,4136257,44.48,0,51,0
2021-12-12,56.16,10.15,33.69,7273,6430800,69.15,1444,5817417,62.56,5249,4141506,44.54,3,54,0
2021-12-13,56.21,10.11,33.67,6180,6436980,69.22,1377,5818794,62.57,4351,4145857,44.58,5,59,0
2021-12-14,56.27,10.09,33.65,7316,6444296,69.3,6098,5824892,62.64,4941,4150798,44.64,12,71,0
2021-12-15,56.34,10.06,33.6,7204,6451500,69.38,7404,5832296,62.72,5446,4156244,44.69,7,78,0
2021-12-16,56.53,10.05,33.42,8079,6459579,69.46,8610,5840906,62.81,6563,4162807,44.76,8,86,0
2021-12-17,56.64,10.05,33.3,4406,6463985,69.51,5141,5846047,62.87,3955,4166762,44.81,3,89,0
2021-12-18,56.73,10.07,33.2,3942,6467927,69.55,2913,5848960,62.9,1361,4168123,44.82,2,91,0
2021-12-19,56.92,10.04,33.04,6978,6474905,69.63,9328,5858288,63,6276,4174399,44.89,6,97,0
2021-12-20,57.07,10.02,32.91,7972,6482877,69.71,7520,5865808,63.08,5447,4179846,44.95,9,106,0
2021-12-21,57.27,10.01,32.71,9548,6492425,69.82,8647,5874455,63.17,6492,4186338,45.02,8,114,0
2021-12-22,57.49,10,32.52,9663,6502088,69.92,8151,5882606,63.26,6256,4192594,45.09,12,126,0
2021-12-23,57.7,9.97,32.33,11539,6513627,70.04,10262,5892868,63.37,8160,4200754,45.17,16,142,0
2021-12-24,57.83,9.96,32.21,5875,6519502,70.11,6241,5899109,63.44,5281,4206035,45.23,12,154,0
2021-12-25,57.9,9.96,32.15,3338,6522840,70.14,2566,5901675,63.46,2021,4208056,45.25,6,160,0
2021-12-26,58.1,9.92,31.98,10652,6533492,70.26,8908,5910583,63.56,8201,4216257,45.34,8,168,0
2021-12-27,58.27,9.9,31.83,10370,6543862,70.37,7142,5917725,63.64,8188,4224445,45.43,24,192,0
2021-12-28,58.46,9.88,31.66,11375,6555237,70.49,7451,5925176,63.72,9643,4234088,45.53,28,220,0
2021-12-29,58.64,9.85,31.51,9933,6565170,70.6,5964,5931140,63.78,8376,4242464,45.62,21,241,0
2021-12-30,58.84,9.82,31.34,11012,6576182,70.72,7735,5938875,63.86,12240,4254704,45.75,10,251,0
2021-12-31,58.9,9.79,31.3,4829,6581011,70.77,3672,5942547,63.9,7296,4262000,45.83,135,386,0
2022-01-01,58.93,9.79,31.28,1993,6583004,70.79,1592,5944139,63.92,2741,4264741,45.86,66,452,0
2022-01-02,59.14,9.76,31.1,10216,6593220,70.9,6487,5950626,63.99,13002,4277743,46,590,1042,0.01
2022-01-03,59.29,9.71,31,9384,6602604,71,5259,5955885,64.05,11342,4289085,46.12,25055,26097,0.28
2022-01-04,59.46,9.68,30.86,8963,6611567,71.1,5948,5961833,64.11,10525,4299610,46.24,50662,76759,0.83
2022-01-05,59.56,9.65,30.79,8553,6620120,71.19,5739,5967572,64.17,10494,4310104,46.35,59593,136352,1.47
2022-01-06,59.81,9.63,30.56,10339,6630459,71.3,7958,5975530,64.26,13532,4323636,46.49,64005,200357,2.15
2022-01-07,59.89,9.61,30.49,4759,6635218,71.35,4557,5980087,64.31,8166,4331802,46.58,31135,231492,2.49
2022-01-08,59.9,9.64,30.46,2749,6637967,71.38,2451,5982538,64.33,5502,4337304,46.64,27633,259125,2.79
2022-01-09,60.06,9.59,30.35,9305,6647272,71.48,7724,5990262,64.42,11871,4349175,46.77,66768,325893,3.5
2022-01-10,60.21,9.54,30.25,8347,6655619,71.57,7646,5997908,64.5,11884,4361059,46.9,64782,390675,4.2
2022-01-11,60.38,9.49,30.13,8097,6663716,71.66,8622,6006530,64.59,11974,4373033,47.03,56661,447336,4.81
2022-01-12,60.51,9.45,30.04,7275,6670991,71.74,8305,6014835,64.68,11114,4384147,47.14,44633,491969,5.29
2022-01-13,60.7,9.35,29.94,7509,6678500,71.82,9617,6024452,64.78,11547,4395694,47.27,34769,526738,5.66
2022-01-14,60.79,9.31,29.9,2555,6681055,71.84,4935,6029387,64.84,6146,4401840,47.34,11144,537882,5.78
2022-01-15,60.83,9.29,29.87,1469,6682524,71.86,3170,6032557,64.87,3885,4405725,47.38,5716,543598,5.85
2022-01-16,60.97,9.2,29.82,3817,6686341,71.9,8524,6041081,64.96,7682,4413407,47.46,19993,563591,6.06
2022-01-17,61.09,9.13,29.78,2808,6689149,71.93,7047,6048128,65.04,6173,4419580,47.53,17835,581426,6.25
2022-01-18,61.23,9.07,29.7,2475,6691624,71.96,7386,6055514,65.12,5535,4425115,47.59,14818,596244,6.41
2022-01-19,61.37,8.98,29.65,1915,6693539,71.98,6368,6061882,65.19,4522,4429637,47.63,8462,604706,6.5
2022-01-20,61.44,8.85,29.71,1777,6695316,72,6971,6068853,65.26,4793,4434430,47.69,8041,612747,6.59
2022-01-21,61.51,8.81,29.68,905,6696221,72.01,3725,6072578,65.3,2646,4437076,47.71,3358,616105,6.63
2022-01-22,61.51,8.75,29.74,328,6696549,72.01,1462,6074040,65.32,1067,4438143,47.73,1113,617218,6.64
2022-01-23,61.61,8.7,29.69,1068,6697617,72.02,5632,6079672,65.38,2879,4441022,47.76,6083,623301,6.7
2022-01-24,61.73,8.62,29.65,759,6698376,72.03,4481,6084153,65.43,2270,4443292,47.78,5057,628358,6.76
2022-01-25,61.9,8.51,29.59,744,6699120,72.04,4401,6088554,65.47,2187,4445479,47.8,7102,635460,6.83
2022-01-26,62.02,8.42,29.57,615,6699735,72.05,3286,6091840,65.51,1612,4447091,47.82,4262,639722,6.88
2022-01-27,62.12,8.35,29.52,797,6700532,72.05,4405,6096245,65.56,2006,4449097,47.84,5441,645163,6.94
2022-01-28,62.16,8.33,29.5,397,6700929,72.06,2376,6098621,65.58,1182,4450279,47.86,3452,648615,6.97
2022-01-29,62.23,8.29,29.48,124,6701053,72.06,1046,6099667,65.59,425,4450704,47.86,1162,649777,6.99
2022-01-30,62.3,8.24,29.46,769,6701822,72.07,4719,6104386,65.64,2020,4452724,47.88,8099,657876,7.07
2022-01-31,62.39,8.17,29.43,528,6702350,72.07,3183,6107569,65.68,1610,4454334,47.9,6472,664348,7.14
2022-02-01,62.45,8.15,29.4,482,6702832,72.08,2809,6110378,65.71,1526,4455860,47.92,5722,670070,7.21
2022-02-02,62.28,8.13,29.59,375,6703207,72.08,2394,6112772,65.73,1386,4457246,47.93,5073,675143,7.26
2022-02-03,62.34,8.08,29.57,446,6703653,72.09,2776,6115548,65.76,1462,4458708,47.95,5607,680750,7.32
2022-02-04,62.37,8.06,29.57,174,6703827,72.09,991,6116539,65.77,758,4459466,47.95,2455,683205,7.35
2022-02-05,62.34,8.09,29.56,62,6703889,72.09,342,6116881,65.78,221,4459687,47.96,420,683625,7.35
2022-02-06,62.41,8.05,29.55,407,6704296,72.09,2321,6119202,65.8,1344,4461031,47.97,5687,689312,7.41
2022-02-07,62.47,8.01,29.52,283,6704579,72.1,1308,6120510,65.82,984,4462015,47.98,5960,695272,7.48
2022-02-08,62.54,7.97,29.49,317,6704896,72.1,1498,6122008,65.83,1068,4463083,47.99,6138,701410,7.54
2022-02-09,62.6,7.95,29.45,254,6705150,72.1,1102,6123110,65.84,946,4464029,48,4570,705980,7.59
2022-02-10,62.63,7.93,29.44,273,6705423,72.11,1292,6124402,65.86,936,4464965,48.01,4816,710796,7.64
2022-02-11,62.67,7.91,29.42,211,6705634,72.11,557,6124959,65.86,518,4465483,48.02,2540,713336,7.67
2022-02-12,62.67,7.91,29.41,32,6705666,72.11,91,6125050,65.87,136,4465619,48.02,269,713605,7.67
2022-02-13,62.73,7.87,29.39,286,6705952,72.11,946,6125996,65.88,966,4466585,48.03,4998,718603,7.73
2022-02-14,62.89,7.74,29.36,179,6706131,72.11,628,6126624,65.88,760,4467345,48.04,3143,721746,7.76
2022-02-15,62.92,7.73,29.35,266,6706397,72.12,763,6127387,65.89,938,4468283,48.05,3819,725565,7.8
2022-02-16,62.95,7.72,29.34,179,6706576,72.12,577,6127964,65.9,803,4469086,48.06,2488,728053,7.83
2022-02-17,62.96,7.7,29.34,247,6706823,72.12,740,6128704,65.91,775,4469861,48.07,3061,731114,7.86
2022-02-18,62.98,7.69,29.33,130,6706953,72.12,343,6129047,65.91,440,4470301,48.07,1119,732233,7.87
2022-02-19,62.99,7.69,29.32,33,6706986,72.12,84,6129131,65.91,82,4470383,48.07,80,732313,7.87
2022-02-20,63.01,7.67,29.32,204,6707190,72.13,604,6129735,65.92,723,4471106,48.08,2574,734887,7.9
2022-02-21,63.04,7.65,29.31,173,6707363,72.13,413,6130148,65.92,490,4471596,48.09,1542,736429,7.92
2022-02-22,63.05,7.65,29.3,158,6707521,72.13,455,6130603,65.93,570,4472166,48.09,1871,738300,7.94
2022-02-23,63.06,7.65,29.29,109,6707630,72.13,353,6130956,65.93,453,4472619,48.1,1153,739453,7.95
2022-02-24,63.05,7.66,29.29,138,6707768,72.13,463,6131419,65.93,568,4473187,48.1,1493,740946,7.97
2022-02-25,63.06,7.66,29.28,59,6707827,72.13,144,6131563,65.94,193,4473380,48.1,456,741402,7.97
2022-02-26,63.05,7.67,29.28,17,6707844,72.13,28,6131591,65.94,161,4473541,48.11,35,741437,7.97
2022-02-27,63.05,7.67,29.28,112,6707956,72.13,341,6131932,65.94,448,4473989,48.11,1119,742556,7.99
2022-02-28,63.07,7.65,29.28,108,6708064,72.14,271,6132203,65.94,426,4474415,48.12,908,743464,7.99
2022-03-01,63.1,7.63,29.27,97,6708161,72.14,280,6132483,65.95,373,4474788,48.12,797,744261,8
2022-03-02,63.11,7.62,29.27,77,6708238,72.14,199,6132682,65.95,324,4475112,48.12,698,744959,8.01
2022-03-03,63.05,7.67,29.27,157,6708395,72.14,371,6133053,65.95,498,4475610,48.13,987,745946,8.02
2022-03-04,63.05,7.68,29.27,53,6708448,72.14,170,6133223,65.95,170,4475780,48.13,228,746174,8.02
2022-03-05,63.04,7.69,29.27,5,6708453,72.14,25,6133248,65.95,44,4475824,48.13,32,746206,8.02
2022-03-06,63.04,7.69,29.27,98,6708551,72.14,259,6133507,65.96,417,4476241,48.14,760,746966,8.03
2022-03-07,63.05,7.69,29.26,86,6708637,72.14,260,6133767,65.96,354,4476595,48.14,605,747571,8.04
2022-03-08,63.04,7.7,29.26,100,6708737,72.14,263,6134030,65.96,333,4476928,48.14,550,748121,8.04
2022-03-09,63.02,7.72,29.25,89,6708826,72.14,213,6134243,65.96,337,4477265,48.15,492,748613,8.05
2022-03-10,63.01,7.74,29.25,115,6708941,72.14,375,6134618,65.97,428,4477693,48.15,620,749233,8.06
2022-03-11,63,7.75,29.25,24,6708965,72.14,85,6134703,65.97,123,4477816,48.15,144,749377,8.06
2022-03-12,62.98,7.77,29.24,11,6708976,72.15,12,6134715,65.97,34,4477850,48.15,28,749405,8.06
2022-03-13,62.98,7.78,29.24,100,6709076,72.15,271,6134986,65.97,359,4478209,48.16,595,750000,8.07
2022-03-14,62.98,7.78,29.24,66,6709142,72.15,253,6135239,65.98,316,4478525,48.16,559,750559,8.07
2022-03-15,62.95,7.81,29.24,80,6709222,72.15,185,6135424,65.98,293,4478818,48.16,591,751150,8.08
2022-03-16,62.94,7.82,29.24,77,6709299,72.15,205,6135629,65.98,305,4479123,48.17,668,751818,8.08
2022-03-17,62.94,7.82,29.24,65,6709364,72.15,122,6135751,65.98,286,4479409,48.17,613,752431,8.09
2022-03-18,62.94,7.82,29.24,20,6709384,72.15,54,6135805,65.98,100,4479509,48.17,234,752665,8.09
2022-03-19,62.89,7.88,29.23,6,6709390,72.15,11,6135816,65.98,29,4479538,48.17,39,752704,8.09
2022-03-20,62.87,7.89,29.23,119,6709509,72.15,260,6136076,65.98,486,4480024,48.18,1431,754135,8.11
2022-03-21,62.87,7.9,29.23,97,6709606,72.15,247,6136323,65.99,379,4480403,48.18,1132,755267,8.12
2022-03-22,62.84,7.94,29.23,141,6709747,72.15,342,6136665,65.99,508,4480911,48.19,1770,757037,8.14
2022-03-23,62.81,7.97,29.22,108,6709855,72.15,212,6136877,65.99,463,4481374,48.19,1677,758714,8.16
2022-03-24,62.78,8,29.22,175,6710030,72.16,345,6137222,66,769,4482143,48.2,2363,761077,8.18
2022-03-25,62.78,8,29.23,39,6710069,72.16,82,6137304,66,159,4482302,48.2,630,761707,8.19
2022-03-26,62.77,8,29.22,12,6710081,72.16,13,6137317,66,34,4482336,48.2,91,761798,8.19
2022-03-27,62.75,8.02,29.22,167,6710248,72.16,344,6137661,66,760,4483096,48.21,3193,764991,8.23
2022-03-28,62.75,8.03,29.22,113,6710361,72.16,271,6137932,66,623,4483719,48.22,2416,767407,8.25
2022-03-29,62.7,8.07,29.22,125,6710486,72.16,258,6138190,66.01,641,4484360,48.22,2772,770179,8.28
2022-03-30,62.81,8.11,29.07,132,6710618,72.16,208,6138398,66.01,542,4484902,48.23,2370,772549,8.31
2022-03-31,62.79,8.11,29.1,166,6710784,72.16,302,6138700,66.01,730,4485632,48.24,2853,775402,8.34
2022-04-01,62.72,8.13,29.15,122,6710906,72.17,161,6138861,66.01,277,4485909,48.24,588,775990,8.34
2022-04-02,62.69,8.15,29.16,7,6710913,72.17,7,6138868,66.01,37,4485946,48.24,52,776042,8.35
2022-04-03,62.65,8.16,29.19,159,6711072,72.17,270,6139138,66.02,569,4486515,48.25,2478,778520,8.37
2022-04-04,62.62,8.16,29.22,103,6711175,72.17,208,6139346,66.02,485,4487000,48.25,2225,780745,8.4
2022-04-05,62.57,8.19,29.25,123,6711298,72.17,221,6139567,66.02,513,4487513,48.26,2243,782988,8.42
2022-04-06,62.55,8.2,29.25,91,6711389,72.17,157,6139724,66.02,382,4487895,48.26,2023,785011,8.44
2022-04-07,62.56,8.2,29.24,191,6711580,72.17,215,6139939,66.03,641,4488536,48.27,2556,787567,8.47
2022-04-08,62.54,8.22,29.23,30,6711610,72.17,61,6140000,66.03,154,4488690,48.27,482,788049,8.47
2022-04-09,62.52,8.25,29.23,6,6711616,72.17,17,6140017,66.03,28,4488718,48.27,47,788096,8.47
2022-04-10,62.51,8.26,29.23,103,6711719,72.17,264,6140281,66.03,429,4489147,48.27,1845,789941,8.49
2022-04-11,62.54,8.26,29.2,78,6711797,72.18,201,6140482,66.03,371,4489518,48.28,1425,791366,8.51
2022-04-12,62.58,8.29,29.12,204,6712001,72.18,168,6140650,66.03,376,4489894,48.28,1361,792727,8.52
2022-04-13,62.58,8.31,29.1,117,6712118,72.18,150,6140800,66.04,298,4490192,48.29,1218,793945,8.54
2022-04-14,62.57,8.33,29.1,85,6712203,72.18,222,6141022,66.04,321,4490513,48.29,1069,795014,8.55
2022-04-15,62.55,8.35,29.1,9,6712212,72.18,51,6141073,66.04,48,4490561,48.29,82,795096,8.55
2022-04-16,62.53,8.37,29.1,3,6712215,72.18,8,6141081,66.04,21,4490582,48.29,29,795125,8.55
2022-04-17,62.52,8.38,29.1,62,6712277,72.18,131,6141212,66.04,229,4490811,48.29,807,795932,8.56
2022-04-18,62.51,8.38,29.1,68,6712345,72.18,109,6141321,66.04,253,4491064,48.29,750,796682,8.57
2022-04-19,62.5,8.4,29.1,62,6712407,72.18,145,6141466,66.04,273,4491337,48.3,842,797524,8.58
2022-04-20,62.48,8.42,29.1,60,6712467,72.18,117,6141583,66.04,235,4491572,48.3,656,798180,8.58
2022-04-21,62.47,8.43,29.1,53,6712520,72.18,109,6141692,66.04,197,4491769,48.3,479,798659,8.59
2022-04-22,62.45,8.44,29.11,3,6712523,72.18,17,6141709,66.04,19,4491788,48.3,20,798679,8.59
2022-04-23,62.43,8.46,29.11,6,6712529,72.18,9,6141718,66.05,17,4491805,48.3,13,798692,8.59
2022-04-24,62.43,8.47,29.1,92,6712621,72.18,250,6141968,66.05,329,4492134,48.31,872,799564,8.6
2022-04-25,62.43,8.47,29.1,104,6712725,72.19,191,6142159,66.05,316,4492450,48.31,739,800303,8.61
2022-04-26,62.42,8.48,29.1,76,6712801,72.19,175,6142334,66.05,304,4492754,48.31,789,801092,8.61
2022-04-27,62.41,8.49,29.1,54,6712855,72.19,160,6142494,66.05,227,4492981,48.32,640,801732,8.62
2022-04-28,62.41,8.5,29.1,97,6712952,72.19,232,6142726,66.06,329,4493310,48.32,872,802604,8.63
2022-04-29,62.39,8.51,29.1,112,6713064,72.19,159,6142885,66.06,184,4493494,48.32,196,802800,8.63
2022-04-30,62.38,8.52,29.1,1,6713065,72.19,3,6142888,66.06,24,4493518,48.32,22,802822,8.63
2022-05-01,62.38,8.53,29.09,135,6713200,72.19,185,6143073,66.06,317,4493835,48.32,630,803452,8.64
2022-05-02,62.37,8.54,29.09,62,6713262,72.19,155,6143228,66.06,235,4494070,48.33,491,803943,8.65
2022-05-03,62.36,8.55,29.09,73,6713335,72.19,151,6143379,66.06,288,4494358,48.33,508,804451,8.65
2022-05-04,62.35,8.57,29.08,23,6713358,72.19,56,6143435,66.06,63,4494421,48.33,129,804580,8.65
2022-05-05,62.34,8.58,29.08,5,6713363,72.19,1,6143436,66.06,8,4494429,48.33,14,804594,8.65
2022-05-06,62.33,8.59,29.08,20,6713383,72.19,59,6143495,66.06,63,4494492,48.33,154,804748,8.65
2022-05-07,62.32,8.6,29.08,1,6713384,72.19,7,6143502,66.06,27,4494519,48.33,24,804772,8.65
2022-05-08,62.31,8.61,29.08,118,6713502,72.19,207,6143709,66.07,270,4494789,48.33,457,805229,8.66
2022-05-09,62.31,8.61,29.08,59,6713561,72.19,162,6143871,66.07,251,4495040,48.34,505,805734,8.66
2022-05-10,62.3,8.62,29.08,131,6713692,72.2,169,6144040,66.07,261,4495301,48.34,508,806242,8.67
2022-05-11,62.3,8.63,29.08,58,6713750,72.2,118,6144158,66.07,183,4495484,48.34,464,806706,8.67
2022-05-12,62.29,8.64,29.07,119,6713869,72.2,200,6144358,66.07,280,4495764,48.35,667,807373,8.68
2022-05-13,62.28,8.65,29.07,11,6713880,72.2,44,6144402,66.07,71,4495835,48.35,110,807483,8.68
2022-05-14,62.26,8.66,29.07,6,6713886,72.2,13,6144415,66.07,14,4495849,48.35,24,807507,8.68
2022-05-15,62.26,8.67,29.07,90,6713976,72.2,175,6144590,66.08,246,4496095,48.35,665,808172,8.69
2022-05-16,62.19,8.65,29.16,68,6714044,72.2,141,6144731,66.08,230,4496325,48.35,510,808682,8.7
2022-05-17,62.18,8.66,29.16,73,6714117,72.2,153,6144884,66.08,267,4496592,48.35,618,809300,8.7
2022-05-18,62.17,8.67,29.16,43,6714160,72.2,99,6144983,66.08,169,4496761,48.36,447,809747,8.71
2022-05-19,62.16,8.68,29.16,62,6714222,72.2,173,6145156,66.08,213,4496974,48.36,499,810246,8.71
2022-05-20,62.15,8.69,29.16,76,6714298,72.2,114,6145270,66.08,130,4497104,48.36,138,810384,8.71
2022-05-21,62.14,8.7,29.16,4,6714302,72.2,7,6145277,66.08,15,4497119,48.36,18,810402,8.71
2022-05-22,62.14,8.71,29.16,85,6714387,72.2,190,6145467,66.09,216,4497335,48.36,427,810829,8.72
2022-05-23,62.14,8.71,29.16,66,6714453,72.2,120,6145587,66.09,157,4497492,48.36,348,811177,8.72
2022-05-24,62.13,8.71,29.15,43,6714496,72.2,119,6145706,66.09,157,4497649,48.37,394,811571,8.73
2022-05-25,62.12,8.72,29.15,61,6714557,72.2,103,6145809,66.09,168,4497817,48.37,337,811908,8.73
2022-05-26,62.11,8.73,29.16,72,6714629,72.21,136,6145945,66.09,186,4498003,48.37,347,812255,8.73
2022-05-27,62.1,8.74,29.16,12,6714641,72.21,29,6145974,66.09,43,4498046,48.37,59,812314,8.74
2022-05-28,62.09,8.75,29.16,2,6714643,72.21,5,6145979,66.09,8,4498054,48.37,12,812326,8.74
2022-05-29,62.09,8.75,29.16,89,6714732,72.21,153,6146132,66.09,163,4498217,48.37,316,812642,8.74
2022-05-30,62.09,8.76,29.16,56,6714788,72.21,134,6146266,66.09,125,4498342,48.37,291,812933,8.74
2022-05-31,62.07,8.78,29.15,45,6714833,72.21,104,6146370,66.09,153,4498495,48.37,351,813284,8.75
2022-06-01,61.95,8.9,29.16,65,6714898,72.21,90,6146460,66.1,119,4498614,48.38,277,813561,8.75
2022-06-02,45.96,24.88,29.15,77,6714975,72.21,156,6146616,66.1,178,4498792,48.38,255,813816,8.75
2022-06-03,45.9,24.95,29.16,10,6714985,72.21,23,6146639,66.1,21,4498813,48.38,33,813849,8.75
2022-06-04,45.84,25,29.16,0,6714985,72.21,7,6146646,66.1,8,4498821,48.38,5,813854,8.75
2022-06-05,45.8,25.05,29.16,11,6714996,72.21,14,6146660,66.1,7,4498828,48.38,2,813856,8.75
2022-06-06,39.96,30.89,29.16,58,6715054,72.21,145,6146805,66.1,161,4498989,48.38,262,814118,8.75
2022-06-07,39.92,30.93,29.15,54,6715108,72.21,134,6146939,66.1,142,4499131,48.38,379,814497,8.76
2022-06-08,39.89,30.96,29.15,59,6715167,72.21,104,6147043,66.1,131,4499262,48.38,497,814994,8.76
2022-06-09,39.86,30.99,29.15,84,6715251,72.21,208,6147251,66.1,234,4499496,48.39,642,815636,8.77
2022-06-10,39.83,31.02,29.15,14,6715265,72.21,51,6147302,66.11,59,4499555,48.39,142,815778,8.77
2022-06-11,39.8,31.05,29.15,0,6715265,72.21,3,6147305,66.11,7,4499562,48.39,19,815797,8.77
2022-06-12,39.8,31.05,29.15,109,6715374,72.21,199,6147504,66.11,192,4499754,48.39,768,816565,8.78
2022-06-13,39.81,31.04,29.15,84,6715458,72.21,142,6147646,66.11,168,4499922,48.39,626,817191,8.79
2022-06-14,39.79,31.06,29.15,116,6715574,72.22,174,6147820,66.11,208,4500130,48.39,759,817950,8.8
2022-06-15,39.78,31.08,29.15,71,6715645,72.22,141,6147961,66.11,207,4500337,48.39,700,818650,8.8
2022-06-16,39.74,31.11,29.14,94,6715739,72.22,136,6148097,66.11,218,4500555,48.4,742,819392,8.81
2022-06-17,39.72,31.14,29.15,16,6715755,72.22,63,6148160,66.11,53,4500608,48.4,125,819517,8.81
2022-06-18,39.68,31.17,29.14,3,6715758,72.22,4,6148164,66.11,11,4500619,48.4,15,819532,8.81
2022-06-19,39.53,31.33,29.15,115,6715873,72.22,208,6148372,66.12,318,4500937,48.4,877,820409,8.82
2022-06-20,33.92,36.85,29.23,99,6715972,72.22,152,6148524,66.12,307,4501244,48.4,922,821331,8.83
2022-06-21,33.58,37.19,29.23,94,6716066,72.22,154,6148678,66.12,375,4501619,48.41,1229,822560,8.85
2022-06-22,33.28,37.49,29.23,110,6716176,72.22,136,6148814,66.12,339,4501958,48.41,894,823454,8.86
2022-06-23,32.84,37.92,29.23,132,6716308,72.22,217,6149031,66.12,525,4502483,48.42,1147,824601,8.87
2022-06-24,32.43,38.34,29.24,19,6716327,72.22,35,6149066,66.12,110,4502593,48.42,208,824809,8.87
2022-06-25,32.04,38.72,29.24,1,6716328,72.22,3,6149069,66.12,13,4502606,48.42,16,824825,8.87
2022-06-26,31.63,39.13,29.24,107,6716435,72.23,158,6149227,66.13,379,4502985,48.42,933,825758,8.88
2022-06-27,31.29,39.47,29.24,86,6716521,72.23,172,6149399,66.13,392,4503377,48.43,1028,826786,8.89
2022-06-28,30.86,39.91,29.24,85,6716606,72.23,151,6149550,66.13,363,4503740,48.43,932,827718,8.9
2022-06-29,30.48,40.28,29.24,76,6716682,72.23,108,6149658,66.13,265,4504005,48.43,816,828534,8.91
2022-06-30,30.05,40.71,29.24,86,6716768,72.23,165,6149823,66.13,355,4504360,48.44,1062,829596,8.92
2022-07-01,29.62,41.14,29.24,22,6716790,72.23,28,6149851,66.13,55,4504415,48.44,80,829676,8.92
2022-07-02,29.2,41.56,29.24,1,6716791,72.23,2,6149853,66.13,8,4504423,48.44,18,829694,8.92
2022-07-03,28.81,41.95,29.24,100,6716891,72.23,178,6150031,66.13,322,4504745,48.44,636,830330,8.93
2022-07-04,28.5,42.26,29.24,76,6716967,72.23,140,6150171,66.14,278,4505023,48.44,749,831079,8.94
2022-07-05,28.06,42.7,29.24,59,6717026,72.23,142,6150313,66.14,302,4505325,48.45,688,831767,8.94
2022-07-06,27.39,43.37,29.24,78,6717104,72.23,124,6150437,66.14,211,4505536,48.45,646,832413,8.95
2022-07-07,26.48,44.28,29.24,82,6717186,72.23,165,6150602,66.14,267,4505803,48.45,721,833134,8.96
2022-07-08,25.47,45.29,29.24,17,6717203,72.23,33,6150635,66.14,69,4505872,48.45,131,833265,8.96
2022-07-09,24.42,46.34,29.24,0,6717203,72.23,1,6150636,66.14,3,4505875,48.45,3,833268,8.96
2022-07-10,23.77,46.99,29.24,90,6717293,72.23,164,6150800,66.14,229,4506104,48.46,470,833738,8.97
2022-07-11,23.22,47.54,29.24,64,6717357,72.24,142,6150942,66.14,248,4506352,48.46,575,834313,8.97
2022-07-12,22.13,48.63,29.24,69,6717426,72.24,129,6151071,66.15,207,4506559,48.46,558,834871,8.98
2022-07-13,21.1,49.66,29.24,43,6717469,72.24,101,6151172,66.15,165,4506724,48.46,488,835359,8.98
2022-07-14,20.12,50.63,29.24,70,6717539,72.24,147,6151319,66.15,208,4506932,48.47,513,835872,8.99
2022-07-15,19.27,51.48,29.25,64,6717603,72.24,88,6151407,66.15,127,4507059,48.47,168,836040,8.99
2022-07-16,18.29,52.46,29.25,0,6717603,72.24,6,6151413,66.15,7,4507066,48.47,8,836048,8.99
2022-07-17,17.83,52.92,29.25,77,6717680,72.24,183,6151596,66.15,241,4507307,48.47,468,836516,9
2022-07-18,17.48,53.26,29.26,62,6717742,72.24,158,6151754,66.15,207,4507514,48.47,511,837027,9
2022-07-19,16.77,53.97,29.26,63,6717805,72.24,147,6151901,66.15,173,4507687,48.47,368,837395,9
2022-07-20,16.09,54.64,29.26,51,6717856,72.24,134,6152035,66.16,137,4507824,48.47,423,837818,9.01
2022-07-21,15.43,55.3,29.27,62,6717918,72.24,160,6152195,66.16,176,4508000,48.48,341,838159,9.01
2022-07-22,14.64,56.08,29.28,10,6717928,72.24,36,6152231,66.16,43,4508043,48.48,56,838215,9.01
2022-07-23,14.17,56.55,29.28,0,6717928,72.24,4,6152235,66.16,4,4508047,48.48,9,838224,9.01
2022-07-24,13.55,57.16,29.29,58,6717986,72.24,128,6152363,66.16,197,4508244,48.48,364,838588,9.02
2022-07-25,13.09,57.61,29.3,48,6718034,72.24,107,6152470,66.16,172,4508416,48.48,336,838924,9.02
2022-07-26,12.46,58.23,29.3,47,6718081,72.24,99,6152569,66.16,111,4508527,48.48,270,839194,9.02
2022-07-27,11.89,58.8,29.31,44,6718125,72.24,125,6152694,66.16,132,4508659,48.48,243,839437,9.03
2022-07-28,11.35,59.34,29.31,62,6718187,72.24,143,6152837,66.16,148,4508807,48.49,221,839658,9.03
2022-07-29,10.85,59.83,29.32,10,6718197,72.24,25,6152862,66.16,27,4508834,48.49,31,839689,9.03
2022-07-30,10.34,60.33,29.33,0,6718197,72.24,0,6152862,66.16,1,4508835,48.49,1,839690,9.03
2022-07-31,9.97,60.7,29.33,56,6718253,72.24,134,6152996,66.17,131,4508966,48.49,252,839942,9.03
2022-08-01,9.47,61.19,29.34,54,6718307,72.25,76,6153072,66.17,91,4509057,48.49,152,840094,9.03
2022-08-02,8.92,61.73,29.35,111,6718418,72.25,119,6153191,66.17,157,4509214,48.49,264,840358,9.04
2022-08-03,8.46,62.19,29.35,76,6718494,72.25,71,6153262,66.17,92,4509306,48.49,180,840538,9.04
2022-08-04,8.04,62.61,29.36,133,6718627,72.25,133,6153395,66.17,111,4509417,48.49,246,840784,9.04
2022-08-05,7.71,62.93,29.36,31,6718658,72.25,23,6153418,66.17,13,4509430,48.49,24,840808,9.04
2022-08-06,7.32,63.32,29.36,1,6718659,72.25,2,6153420,66.17,3,4509433,48.49,5,840813,9.04
2022-08-07,6.92,63.71,29.37,89,6718748,72.25,97,6153517,66.17,69,4509502,48.49,169,840982,9.04
2022-08-08,6.74,63.89,29.37,109,6718857,72.25,92,6153609,66.17,92,4509594,48.49,172,841154,9.05
2022-08-09,6.25,64.37,29.38,96,6718953,72.25,90,6153699,66.17,99,4509693,48.49,213,841367,9.05
2022-08-10,5.91,64.71,29.38,77,6719030,72.25,60,6153759,66.17,76,4509769,48.5,115,841482,9.05
2022-08-11,5.59,65.03,29.38,54,6719084,72.25,101,6153860,66.18,91,4509860,48.5,156,841638,9.05
2022-08-12,5.35,65.27,29.38,8,6719092,72.25,12,6153872,66.18,18,4509878,48.5,29,841667,9.05
2022-08-13,5.1,65.52,29.38,0,6719092,72.25,2,6153874,66.18,2,4509880,48.5,3,841670,9.05
2022-08-14,4.87,65.75,29.39,74,6719166,72.25,75,6153949,66.18,82,4509962,48.5,150,841820,9.05
2022-08-15,4.74,65.87,29.39,69,6719235,72.26,80,6154029,66.18,92,4510054,48.5,144,841964,9.05
2022-08-16,4.46,66.15,29.39,82,6719317,72.26,84,6154113,66.18,84,4510138,48.5,187,842151,9.06
2022-08-17,4.16,66.44,29.39,46,6719363,72.26,56,6154169,66.18,36,4510174,48.5,116,842267,9.06
2022-08-18,3.98,66.63,29.39,70,6719433,72.26,93,6154262,66.18,120,4510294,48.5,173,842440,9.06
2022-08-19,3.83,66.78,29.39,79,6719512,72.26,67,6154329,66.18,56,4510350,48.5,38,842478,9.06
2022-08-20,3.67,66.94,29.39,1,6719513,72.26,1,6154330,66.18,3,4510353,48.5,3,842481,9.06
2022-08-21,3.52,67.08,29.4,52,6719565,72.26,85,6154415,66.18,84,4510437,48.5,197,842678,9.06
2022-08-22,3.44,67.16,29.4,89,6719654,72.26,74,6154489,66.18,103,4510540,48.5,144,842822,9.06
2022-08-23,3.27,67.33,29.4,72,6719726,72.26,106,6154595,66.18,84,4510624,48.5,180,843002,9.07
2022-08-24,3.15,67.46,29.4,38,6719764,72.26,80,6154675,66.18,49,4510673,48.51,133,843135,9.07
2022-08-25,3.03,67.57,29.4,53,6719817,72.26,75,6154750,66.19,97,4510770,48.51,193,843328,9.07
2022-08-26,2.94,67.66,29.4,4,6719821,72.26,15,6154765,66.19,9,4510779,48.51,14,843342,9.07
2022-08-27,2.84,67.76,29.4,0,6719821,72.26,0,6154765,66.19,0,4510779,48.51,0,843342,9.07
2022-08-28,2.75,67.85,29.4,55,6719876,72.26,80,6154845,66.19,85,4510864,48.51,102,843444,9.07
2022-08-29,2.69,67.91,29.4,48,6719924,72.26,68,6154913,66.19,89,4510953,48.51,107,843551,9.07
2022-08-30,2.6,68,29.4,85,6720009,72.26,113,6155026,66.19,85,4511038,48.51,131,843682,9.07
2022-08-31,2.53,68.07,29.4,42,6720051,72.26,89,6155115,66.19,70,4511108,48.51,96,843778,9.07
2022-09-01,2.46,68.14,29.4,29,6720080,72.26,84,6155199,66.19,58,4511166,48.51,113,843891,9.07
2022-09-02,2.4,68.2,29.4,6,6720086,72.26,20,6155219,66.19,13,4511179,48.51,10,843901,9.07
2022-09-03,2.33,68.27,29.4,2,6720088,72.26,0,6155219,66.19,3,4511182,48.51,1,843902,9.07
2022-09-04,2.27,68.32,29.4,64,6720152,72.27,133,6155352,66.19,80,4511262,48.51,121,844023,9.08
2022-09-05,2.23,68.37,29.4,44,6720196,72.27,77,6155429,66.19,58,4511320,48.51,90,844113,9.08
2022-09-06,2.17,68.42,29.4,60,6720256,72.27,104,6155533,66.19,78,4511398,48.51,130,844243,9.08
2022-09-07,2.12,68.47,29.4,28,6720284,72.27,63,6155596,66.19,53,4511451,48.51,95,844338,9.08
2022-09-08,2.07,68.53,29.4,50,6720334,72.27,101,6155697,66.2,70,4511521,48.51,77,844415,9.08
2022-09-09,2.03,68.57,29.4,10,6720344,72.27,21,6155718,66.2,16,4511537,48.51,17,844432,9.08
2022-09-10,1.97,68.62,29.4,1,6720345,72.27,0,6155718,66.2,5,4511542,48.51,2,844434,9.08
2022-09-11,1.92,68.67,29.41,39,6720384,72.27,117,6155835,66.2,78,4511620,48.52,116,844550,9.08
2022-09-12,1.88,68.71,29.41,24,6720408,72.27,72,6155907,66.2,52,4511672,48.52,68,844618,9.08
2022-09-13,1.82,68.77,29.41,44,6720452,72.27,113,6156020,66.2,54,4511726,48.52,103,844721,9.08
2022-09-14,1.78,68.82,29.41,21,6720473,72.27,64,6156084,66.2,54,4511780,48.52,62,844783,9.08
2022-09-15,1.73,68.86,29.41,32,6720505,72.27,77,6156161,66.2,63,4511843,48.52,107,844890,9.09
2022-09-16,1.7,68.89,29.41,51,6720556,72.27,52,6156213,66.2,27,4511870,48.52,28,844918,9.09
2022-09-17,1.66,68.93,29.41,3,6720559,72.27,0,6156213,66.2,1,4511871,48.52,0,844918,9.09
2022-09-18,1.63,68.96,29.41,28,6720587,72.27,66,6156279,66.2,52,4511923,48.52,115,845033,9.09
2022-09-19,1.61,68.98,29.41,28,6720615,72.27,74,6156353,66.2,44,4511967,48.52,57,845090,9.09
2022-09-20,1.56,69.03,29.41,41,6720656,72.27,94,6156447,66.2,75,4512042,48.52,102,845192,9.09
2022-09-21,1.55,69.05,29.41,22,6720678,72.27,54,6156501,66.2,29,4512071,48.52,56,845248,9.09
2022-09-22,1.52,69.07,29.4,42,6720720,72.27,56,6156557,66.2,27,4512098,48.52,41,845289,9.09
2022-09-23,1.5,69.1,29.41,7,6720727,72.27,11,6156568,66.2,4,4512102,48.52,1,845290,9.09
2022-09-24,1.47,69.13,29.41,0,6720727,72.27,0,6156568,66.2,1,4512103,48.52,0,845290,9.09
2022-09-25,1.46,69.13,29.41,5,6720732,72.27,20,6156588,66.2,10,4512113,48.52,27,845317,9.09
2022-09-26,1.46,69.13,29.41,0,6720732,72.27,5,6156593,66.2,2,4512115,48.52,2,845319,9.09
2022-09-27,1.42,69.17,29.41,2,6720734,72.27,0,6156593,66.2,3,4512118,48.52,3,845322,9.09
2022-09-28,1.39,69.21,29.41,24,6720758,72.27,36,6156629,66.21,25,4512143,48.52,17,845339,9.09
2022-09-29,1.37,69.22,29.41,32,6720790,72.27,61,6156690,66.21,13,4512156,48.52,48,845387,9.09
2022-09-30,1.35,69.24,29.41,4,6720794,72.27,12,6156702,66.21,2,4512158,48.52,0,845387,9.09
2022-10-01,1.31,69.29,29.41,0,6720794,72.27,1,6156703,66.21,1,4512159,48.52,1,845388,9.09
2022-10-02,1.31,69.29,29.41,28,6720822,72.27,51,6156754,66.21,20,4512179,48.52,73,845461,9.09
2022-10-03,1.31,69.28,29.4,23,6720845,72.27,29,6156783,66.21,13,4512192,48.52,12,845473,9.09
2022-10-04,1.27,69.32,29.4,7,6720852,72.27,11,6156794,66.21,0,4512192,48.52,1,845474,9.09
2022-10-05,1.28,69.31,29.4,1,6720853,72.27,0,6156794,66.21,0,4512192,48.52,1,845475,9.09
2022-10-06,1.31,69.28,29.4,17,6720870,72.27,43,6156837,66.21,10,4512202,48.52,20,845495,9.09
2022-10-07,1.3,69.29,29.41,3,6720873,72.27,3,6156840,66.21,4,4512206,48.52,0,845495,9.09
2022-10-08,1.26,69.33,29.41,1,6720874,72.27,1,6156841,66.21,0,4512206,48.52,1,845496,9.09
2022-10-09,1.31,69.28,29.41,7,6720881,72.27,22,6156863,66.21,6,4512212,48.52,5,845501,9.09
2022-10-10,1.38,69.22,29.4,5,6720886,72.27,2,6156865,66.21,0,4512212,48.52,0,845501,9.09
2022-10-11,1.36,69.24,29.4,12,6720898,72.27,32,6156897,66.21,1,4512213,48.52,32,845533,9.09
2022-10-12,1.34,69.26,29.4,13,6720911,72.27,24,6156921,66.21,5,4512218,48.52,4,845537,9.09
2022-10-13,1.4,69.2,29.4,17,6720928,72.27,16,6156937,66.21,5,4512223,48.52,9,845546,9.09
2022-10-14,1.4,69.2,29.4,6,6720934,72.27,7,6156944,66.21,4,4512227,48.52,3,845549,9.09
2022-10-15,1.38,69.22,29.4,0,6720934,72.27,1,6156945,66.21,0,4512227,48.52,1,845550,9.09
2022-10-16,1.39,69.2,29.4,4,6720938,72.27,13,6156958,66.21,5,4512232,48.52,8,845558,9.09
2022-10-17,1.39,69.2,29.4,1,6720939,72.27,1,6156959,66.21,4,4512236,48.52,1,845559,9.09
2022-10-18,1.43,69.17,29.4,24,6720963,72.27,31,6156990,66.21,14,4512250,48.52,16,845575,9.09
2022-10-19,1.47,69.12,29.4,18,6720981,72.27,25,6157015,66.21,7,4512257,48.52,3,845578,9.09
2022-10-20,1.5,69.1,29.4,26,6721007,72.27,44,6157059,66.21,12,4512269,48.52,4,845582,9.09
2022-10-21,1.5,69.09,29.4,4,6721011,72.27,7,6157066,66.21,2,4512271,48.52,4,845586,9.09
2022-10-22,1.49,69.1,29.4,0,6721011,72.27,0,6157066,66.21,0,4512271,48.52,0,845586,9.09
2022-10-23,1.51,69.08,29.4,15,6721026,72.27,33,6157099,66.21,18,4512289,48.52,10,845596,9.09
2022-10-24,1.51,69.08,29.41,20,6721046,72.27,16,6157115,66.21,19,4512308,48.52,9,845605,9.09
2022-10-25,1.55,69.04,29.4,18,6721064,72.28,34,6157149,66.21,22,4512330,48.52,21,845626,9.09
2022-10-26,1.61,68.99,29.4,18,6721082,72.28,25,6157174,66.21,8,4512338,48.52,10,845636,9.09
2022-10-27,1.67,68.93,29.4,17,6721099,72.28,27,6157201,66.21,14,4512352,48.52,17,845653,9.09
2022-10-28,1.67,68.93,29.4,60,6721159,72.28,50,6157251,66.21,31,4512383,48.52,18,845671,9.09
2022-10-29,1.66,68.94,29.4,0,6721159,72.28,0,6157251,66.21,0,4512383,48.52,0,845671,9.09
2022-10-30,1.71,68.89,29.4,15,6721174,72.28,23,6157274,66.21,15,4512398,48.52,9,845680,9.09
2022-10-31,1.76,68.84,29.4,17,6721191,72.28,16,6157290,66.21,8,4512406,48.52,9,845689,9.09
2022-11-01,1.82,68.78,29.4,2,6721193,72.28,1,6157291,66.21,1,4512407,48.52,0,845689,9.09
2022-11-02,1.88,68.72,29.4,13,6721206,72.28,13,6157304,66.21,7,4512414,48.52,8,845697,9.09
2022-11-03,1.96,68.64,29.4,17,6721223,72.28,18,6157322,66.21,11,4512425,48.52,8,845705,9.09
2022-11-04,1.98,68.63,29.4,4,6721227,72.28,6,6157328,66.21,1,4512426,48.52,2,845707,9.09
2022-11-05,1.97,68.63,29.4,0,6721227,72.28,0,6157328,66.21,0,4512426,48.52,0,845707,9.09
2022-11-06,2.03,68.57,29.4,27,6721254,72.28,33,6157361,66.21,11,4512437,48.52,23,845730,9.09
2022-11-07,2.1,68.51,29.4,15,6721269,72.28,11,6157372,66.21,10,4512447,48.52,54,845784,9.1
2022-11-08,2.1,68.5,29.4,28,6721297,72.28,26,6157398,66.21,14,4512461,48.52,9,845793,9.1
2022-11-09,2.16,68.45,29.4,16,6721313,72.28,20,6157418,66.21,17,4512478,48.52,9,845802,9.1
2022-11-10,2.22,68.39,29.4,28,6721341,72.28,17,6157435,66.21,12,4512490,48.53,6,845808,9.1
2022-11-11,2.23,68.37,29.4,1,6721342,72.28,17,6157452,66.21,2,4512492,48.53,1,845809,9.1
2022-11-12,2.22,68.38,29.4,1,6721343,72.28,0,6157452,66.21,2,4512494,48.53,0,845809,9.1
2022-11-13,2.29,68.31,29.4,29,6721372,72.28,31,6157483,66.21,17,4512511,48.53,8,845817,9.1
2022-11-14,2.37,68.23,29.4,20,6721392,72.28,17,6157500,66.21,21,4512532,48.53,16,845833,9.1
2022-11-15,2.43,68.17,29.4,40,6721432,72.28,25,6157525,66.22,16,4512548,48.53,18,845851,9.1
2022-11-16,2.5,68.1,29.4,14,6721446,72.28,27,6157552,66.22,16,4512564,48.53,11,845862,9.1
2022-11-17,2.59,68.02,29.4,19,6721465,72.28,33,6157585,66.22,18,4512582,48.53,5,845867,9.1
2022-11-18,2.61,67.99,29.4,6,6721471,72.28,4,6157589,66.22,4,4512586,48.53,0,845867,9.1
2022-11-19,2.6,68,29.4,0,6721471,72.28,0,6157589,66.22,0,4512586,48.53,0,845867,9.1
2022-11-20,2.67,67.93,29.4,19,6721490,72.28,20,6157609,66.22,6,4512592,48.53,13,845880,9.1
2022-11-21,2.76,67.85,29.4,14,6721504,72.28,13,6157622,66.22,6,4512598,48.53,7,845887,9.1
2022-11-22,2.83,67.77,29.4,27,6721531,72.28,13,6157635,66.22,17,4512615,48.53,6,845893,9.1
2022-11-23,2.9,67.7,29.4,17,6721548,72.28,20,6157655,66.22,4,4512619,48.53,8,845901,9.1
2022-11-24,2.98,67.62,29.4,9,6721557,72.28,16,6157671,66.22,13,4512632,48.53,27,845928,9.1
2022-11-25,3,67.6,29.4,12,6721569,72.28,51,6157722,66.22,14,4512646,48.53,12,845940,9.1
2022-11-26,3,67.61,29.4,0,6721569,72.28,2,6157724,66.22,0,4512646,48.53,0,845940,9.1
2022-11-27,3.06,67.54,29.4,14,6721583,72.28,15,6157739,66.22,19,4512665,48.53,2,845942,9.1
2022-11-28,3.14,67.47,29.4,8,6721591,72.28,23,6157762,66.22,8,4512673,48.53,6,845948,9.1
2022-11-29,3.2,67.4,29.4,38,6721629,72.28,31,6157793,66.22,19,4512692,48.53,14,845962,9.1
2022-11-30,3.27,67.34,29.39,12,6721641,72.28,25,6157818,66.22,20,4512712,48.53,8,845970,9.1
2022-12-01,3.34,67.26,29.39,13,6721654,72.28,18,6157836,66.22,15,4512727,48.53,4,845974,9.1
2022-12-02,3.36,67.24,29.39,2,6721656,72.28,7,6157843,66.22,4,4512731,48.53,10,845984,9.1
2022-12-03,3.36,67.24,29.39,0,6721656,72.28,0,6157843,66.22,0,4512731,48.53,1,845985,9.1
2022-12-04,3.42,67.18,29.39,38,6721694,72.28,27,6157870,66.22,30,4512761,48.53,26,846011,9.1
2022-12-05,3.48,67.12,29.4,9,6721703,72.28,17,6157887,66.22,11,4512772,48.53,21,846032,9.1
2022-12-06,3.55,67.06,29.39,32,6721735,72.28,26,6157913,66.22,27,4512799,48.53,8,846040,9.1
2022-12-07,3.62,66.99,29.39,10,6721745,72.28,17,6157930,66.22,8,4512807,48.53,8,846048,9.1
2022-12-08,3.69,66.91,29.39,19,6721764,72.28,31,6157961,66.22,15,4512822,48.53,3,846051,9.1
2022-12-09,3.71,66.9,29.39,4,6721768,72.28,1,6157962,66.22,1,4512823,48.53,7,846058,9.1
2022-12-10,3.7,66.91,29.39,1,6721769,72.28,0,6157962,66.22,2,4512825,48.53,0,846058,9.1
2022-12-11,3.76,66.84,29.39,16,6721785,72.28,22,6157984,66.22,15,4512840,48.53,16,846074,9.1
2022-12-12,3.82,66.78,29.39,15,6721800,72.28,14,6157998,66.22,5,4512845,48.53,0,846074,9.1
2022-12-13,3.87,66.73,29.39,17,6721817,72.28,44,6158042,66.22,18,4512863,48.53,13,846087,9.1
2022-12-14,3.92,66.69,29.39,17,6721834,72.28,16,6158058,66.22,7,4512870,48.53,3,846090,9.1
2022-12-15,3.97,66.64,29.39,22,6721856,72.28,19,6158077,66.22,7,4512877,48.53,12,846102,9.1
2022-12-16,3.98,66.62,29.39,12,6721868,72.28,4,6158081,66.22,1,4512878,48.53,0,846102,9.1
2022-12-17,3.97,66.63,29.39,0,6721868,72.28,0,6158081,66.22,0,4512878,48.53,0,846102,9.1
2022-12-18,4.01,66.59,29.39,9,6721877,72.28,18,6158099,66.22,8,4512886,48.53,3,846105,9.1
2022-12-19,4.06,66.54,29.4,7,6721884,72.28,14,6158113,66.22,12,4512898,48.53,1,846106,9.1
2022-12-20,4.1,66.51,29.39,12,6721896,72.28,17,6158130,66.22,2,4512900,48.53,2,846108,9.1
2022-12-21,4.14,66.47,29.39,9,6721905,72.28,14,6158144,66.22,13,4512913,48.53,3,846111,9.1
2022-12-22,4.18,66.42,29.39,4,6721909,72.28,10,6158154,66.22,14,4512927,48.53,1,846112,9.1
2022-12-23,4.19,66.42,29.39,10,6721919,72.28,0,6158154,66.22,2,4512929,48.53,0,846112,9.1
2022-12-24,4.18,66.43,29.39,0,6721919,72.28,0,6158154,66.22,0,4512929,48.53,0,846112,9.1
2022-12-25,4.21,66.4,29.39,6,6721925,72.28,17,6158171,66.22,1,4512930,48.53,2,846114,9.1
2022-12-26,4.24,66.36,29.39,17,6721942,72.28,6,6158177,66.22,13,4512943,48.53,0,846114,9.1
2022-12-27,4.25,66.36,29.39,24,6721966,72.28,24,6158201,66.22,17,4512960,48.53,7,846121,9.1
2022-12-28,4.26,66.34,29.39,17,6721983,72.28,18,6158219,66.22,25,4512985,48.53,64,846185,9.1
2022-12-29,4.28,66.33,29.39,15,6721998,72.29,23,6158242,66.22,14,4512999,48.53,4,846189,9.1
2022-12-30,4.27,66.33,29.4,4,6722002,72.29,5,6158247,66.22,3,4513002,48.53,1,846190,9.1
2022-12-31,4.26,66.35,29.4,0,6722002,72.29,1,6158248,66.22,0,4513002,48.53,0,846190,9.1
2023-01-01,4.27,66.33,29.4,8,6722010,72.29,23,6158271,66.22,2,4513004,48.53,1,846191,9.1
2023-01-02,4.29,66.31,29.4,10,6722020,72.29,8,6158279,66.22,3,4513007,48.53,1,846192,9.1
2023-01-03,4.3,66.3,29.4,20,6722040,72.29,17,6158296,66.22,7,4513014,48.53,4,846196,9.1
2023-01-04,4.3,66.3,29.4,7,6722047,72.29,11,6158307,66.22,4,4513018,48.53,2,846198,9.1
2023-01-05,4.31,66.29,29.39,13,6722060,72.29,19,6158326,66.22,11,4513029,48.53,4,846202,9.1
2023-01-06,4.31,66.29,29.4,2,6722062,72.29,1,6158327,66.22,1,4513030,48.53,0,846202,9.1
2023-01-07,4.3,66.31,29.4,1,6722063,72.29,0,6158327,66.22,0,4513030,48.53,0,846202,9.1
2023-01-08,4.33,66.28,29.4,14,6722077,72.29,33,6158360,66.22,10,4513040,48.53,2,846204,9.1
2023-01-09,4.34,66.26,29.4,12,6722089,72.29,20,6158380,66.22,1,4513041,48.53,1,846205,9.1
2023-01-10,4.35,66.25,29.4,39,6722128,72.29,27,6158407,66.22,10,4513051,48.53,4,846209,9.1
2023-01-11,4.36,66.25,29.4,15,6722143,72.29,17,6158424,66.22,11,4513062,48.53,2,846211,9.1
2023-01-12,4.37,66.24,29.39,22,6722165,72.29,20,6158444,66.22,11,4513073,48.53,2,846213,9.1
2023-01-13,4.36,66.24,29.4,3,6722168,72.29,2,6158446,66.22,0,4513073,48.53,0,846213,9.1
2023-01-14,4.35,66.25,29.4,1,6722169,72.29,0,6158446,66.22,0,4513073,48.53,0,846213,9.1
2023-01-15,4.36,66.24,29.4,17,6722186,72.29,17,6158463,66.23,4,4513077,48.53,3,846216,9.1
2023-01-16,4.38,66.22,29.4,9,6722195,72.29,15,6158478,66.23,6,4513083,48.53,0,846216,9.1
2023-01-17,4.38,66.22,29.4,15,6722210,72.29,14,6158492,66.23,6,4513089,48.53,0,846216,9.1
2023-01-18,4.39,66.21,29.4,7,6722217,72.29,8,6158500,66.23,4,4513093,48.53,1,846217,9.1
2023-01-19,4.4,66.2,29.4,13,6722230,72.29,15,6158515,66.23,2,4513095,48.53,4,846221,9.1
2023-01-20,4.39,66.2,29.4,4,6722234,72.29,2,6158517,66.23,0,4513095,48.53,1,846222,9.1
2023-01-21,4.39,66.21,29.4,0,6722234,72.29,1,6158518,66.23,0,4513095,48.53,0,846222,9.1
2023-01-22,4.4,66.2,29.4,9,6722243,72.29,3,6158521,66.23,8,4513103,48.53,4,846226,9.1
2023-01-23,4.41,66.19,29.4,11,6722254,72.29,5,6158526,66.23,6,4513109,48.53,0,846226,9.1
2023-01-24,4.41,66.19,29.4,21,6722275,72.29,21,6158547,66.23,11,4513120,48.53,2,846228,9.1
2023-01-25,4.41,66.18,29.4,5,6722280,72.29,5,6158552,66.23,0,4513120,48.53,2,846230,9.1
2023-01-26,4.42,66.18,29.4,10,6722290,72.29,15,6158567,66.23,9,4513129,48.53,2,846232,9.1
2023-01-27,4.41,66.18,29.4,0,6722290,72.29,9,6158576,66.23,0,4513129,48.53,0,846232,9.1
2023-01-28,4.41,66.19,29.4,0,6722290,72.29,0,6158576,66.23,0,4513129,48.53,0,846232,9.1
2023-01-29,4.41,66.19,29.41,12,6722302,72.29,8,6158584,66.23,5,4513134,48.53,2,846234,9.1
2023-01-30,4.42,66.17,29.41,9,6722311,72.29,17,6158601,66.23,2,4513136,48.53,1,846235,9.1
2023-01-31,4.42,66.17,29.41,21,6722332,72.29,23,6158624,66.23,2,4513138,48.53,1,846236,9.1
2023-02-01,4.32,64.71,30.96,10,6722342,72.29,11,6158635,66.23,4,4513142,48.53,0,846236,9.1
2023-02-02,4.33,64.71,30.96,14,6722356,72.29,31,6158666,66.23,3,4513145,48.53,0,846236,9.1
2023-02-03,4.32,64.71,30.97,3,6722359,72.29,1,6158667,66.23,0,4513145,48.53,1,846237,9.1
2023-02-04,4.32,64.72,30.97,0,6722359,72.29,0,6158667,66.23,0,4513145,48.53,0,846237,9.1
2023-02-05,4.32,64.71,30.97,15,6722374,72.29,10,6158677,66.23,6,4513151,48.53,4,846241,9.1
2023-02-06,4.33,64.7,30.97,17,6722391,72.29,13,6158690,66.23,4,4513155,48.53,0,846241,9.1
2023-02-07,4.33,64.7,30.97,22,6722413,72.29,22,6158712,66.23,8,4513163,48.53,2,846243,9.1
2023-02-08,4.33,64.7,30.97,15,6722428,72.29,14,6158726,66.23,1,4513164,48.53,0,846243,9.1
2023-02-09,4.33,64.7,30.97,35,6722463,72.29,34,6158760,66.23,5,4513169,48.53,2,846245,9.1
2023-02-10,4.33,64.7,30.97,2,6722465,72.29,3,6158763,66.23,2,4513171,48.53,0,846245,9.1
2023-02-11,4.33,64.7,30.97,2,6722467,72.29,1,6158764,66.23,0,4513171,48.53,0,846245,9.1
2023-02-12,4.33,64.7,30.97,15,6722482,72.29,20,6158784,66.23,3,4513174,48.53,2,846247,9.1
2023-02-13,4.33,64.7,30.97,14,6722496,72.29,20,6158804,66.23,8,4513182,48.53,2,846249,9.1
2023-02-14,4.33,64.7,30.97,20,6722516,72.29,8,6158812,66.23,7,4513189,48.53,5,846254,9.1
2023-02-15,4.33,64.7,30.97,10,6722526,72.29,17,6158829,66.23,3,4513192,48.53,0,846254,9.1
2023-02-16,4.33,64.7,30.97,22,6722548,72.29,24,6158853,66.23,2,4513194,48.53,0,846254,9.1
2023-02-17,4.33,64.7,30.97,5,6722553,72.29,2,6158855,66.23,1,4513195,48.53,0,846254,9.1
2023-02-18,4.33,64.7,30.97,0,6722553,72.29,1,6158856,66.23,0,4513195,48.53,0,846254,9.1
2023-02-19,4.33,64.7,30.98,16,6722569,72.29,15,6158871,66.23,2,4513197,48.53,0,846254,9.1
2023-02-20,4.33,64.69,30.98,9,6722578,72.29,10,6158881,66.23,1,4513198,48.53,0,846254,9.1
2023-02-21,4.33,64.69,30.98,40,6722618,72.29,19,6158900,66.23,5,4513203,48.53,1,846255,9.1
2023-02-22,4.33,64.7,30.98,3,6722621,72.29,9,6158909,66.23,8,4513211,48.53,0,846255,9.1
2023-02-23,4.33,64.7,30.97,10,6722631,72.29,23,6158932,66.23,5,4513216,48.53,2,846257,9.1
2023-02-24,4.33,64.7,30.98,0,6722631,72.29,6,6158938,66.23,1,4513217,48.53,0,846257,9.1
2023-02-25,4.32,64.7,30.98,3,6722634,72.29,0,6158938,66.23,1,4513218,48.53,0,846257,9.1
2023-02-26,4.32,64.7,30.98,12,6722646,72.29,21,6158959,66.23,1,4513219,48.53,0,846257,9.1
2023-02-27,4.32,64.7,30.98,11,6722657,72.29,26,6158985,66.23,2,4513221,48.53,2,846259,9.1
2023-02-28,4.32,64.7,30.98,7,6722664,72.29,21,6159006,66.23,4,4513225,48.53,2,846261,9.1
2023-03-01,4.32,64.7,30.98,3,6722667,72.29,15,6159021,66.23,1,4513226,48.53,0,846261,9.1
2023-03-02,4.32,64.7,30.98,8,6722675,72.29,36,6159057,66.23,4,4513230,48.53,0,846261,9.1
2023-03-03,4.32,64.7,30.98,2,6722677,72.29,3,6159060,66.23,0,4513230,48.53,0,846261,9.1
2023-03-04,4.32,64.71,30.98,2,6722679,72.29,2,6159062,66.23,0,4513230,48.53,0,846261,9.1
2023-03-05,4.32,64.7,30.98,14,6722693,72.29,28,6159090,66.23,1,4513231,48.53,2,846263,9.1
2023-03-06,4.32,64.7,30.98,16,6722709,72.29,25,6159115,66.23,3,4513234,48.53,0,846263,9.1
2023-03-07,4.32,64.7,30.98,8,6722717,72.29,6,6159121,66.23,2,4513236,48.53,0,846263,9.1
2023-03-08,4.32,64.7,30.98,1,6722718,72.29,22,6159143,66.23,3,4513239,48.53,0,846263,9.1
2023-03-09,4.32,64.71,30.98,15,6722733,72.29,46,6159189,66.23,8,4513247,48.53,0,846263,9.1
2023-03-10,4.31,64.71,30.98,0,6722733,72.29,1,6159190,66.23,2,4513249,48.53,0,846263,9.1
2023-03-11,4.31,64.71,30.98,0,6722733,72.29,0,6159190,66.23,0,4513249,48.53,0,846263,9.1
2023-03-12,4.31,64.71,30.98,9,6722742,72.29,20,6159210,66.23,4,4513253,48.53,1,846264,9.1
2023-03-13,4.31,64.71,30.98,6,6722748,72.29,8,6159218,66.23,1,4513254,48.53,0,846264,9.1
2023-03-14,4.31,64.71,30.98,14,6722762,72.29,15,6159233,66.23,1,4513255,48.53,1,846265,9.1
2023-03-15,4.31,64.71,30.98,4,6722766,72.29,9,6159242,66.23,2,4513257,48.53,0,846265,9.1
2023-03-16,4.31,64.71,30.98,8,6722774,72.29,32,6159274,66.23,2,4513259,48.53,0,846265,9.1
2023-03-17,4.31,64.71,30.98,0,6722774,72.29,4,6159278,66.23,0,4513259,48.53,0,846265,9.1
2023-03-18,4.3,64.71,30.98,0,6722774,72.29,0,6159278,66.23,0,4513259,48.53,0,846265,9.1
2023-03-19,4.3,64.71,30.98,0,6722774,72.29,0,6159278,66.23,0,4513259,48.53,0,846265,9.1
