Date,Valid vaccinated pop. perc.,Expired vaccinated pop. perc.,Not vaccinated pop. perc.,Vaccinated (daily),Vaccinated (cumu),Vaccinated pop. perc.,Second dose (daily),Second dose (cumu),Second dose pop. perc.,Third dose (daily),Third dose (cumu),Third dose pop. perc.,Fourth dose (daily),Fourth dose (cumu),Fourth dose pop. perc.
2020-12-19,0,0,100,46,71,0,0,4,0,0,0,0,0,0,0
2020-12-20,0,0,100,7397,7468,0.08,0,4,0,0,0,0,0,0,0
2020-12-21,0,0,100,24923,32391,0.35,0,4,0,0,0,0,0,0,0
2020-12-22,0,0,100,44669,77060,0.83,0,4,0,0,0,0,0,0,0
2020-12-23,0,0,100,62918,139978,1.51,0,4,0,0,0,0,0,0,0
2020-12-24,0,0,100,73435,213413,2.29,0,4,0,0,0,0,0,0,0
2020-12-25,0,0,100,38518,251931,2.71,0,4,0,0,0,0,0,0,0
2020-12-26,0,0,100,32618,284549,3.06,0,4,0,0,0,0,0,0,0
2020-12-27,0,0,100,104578,389127,4.18,0,4,0,0,0,0,0,0,0
2020-12-28,0,0,100,135043,524170,5.64,0,4,0,0,0,0,0,0,0
2020-12-29,0,0,100,156343,680513,7.32,2,6,0,0,0,0,0,0,0
2020-12-30,0,0,100,153193,833706,8.97,0,6,0,0,0,0,0,0,0
2020-12-31,0,0,100,158602,992308,10.67,0,6,0,0,0,0,0,0,0
2021-01-01,0,0,100,71437,1063745,11.44,0,6,0,0,0,0,0,0,0
2021-01-02,0,0,100,71745,1135490,12.21,0,6,0,0,0,0,0,0,0
2021-01-03,0,0,100,149770,1285260,13.82,0,6,0,0,0,0,0,0,0
2021-01-04,0,0,100,152214,1437474,15.46,1,7,0,0,0,0,0,0,0
2021-01-05,0,0,100,125222,1562696,16.8,4,11,0,0,0,0,0,0,0
2021-01-06,0,0,100,103375,1666071,17.92,2,13,0,0,0,0,0,0,0
2021-01-07,0,0,100,116065,1782136,19.16,9,22,0,0,0,0,0,0,0
2021-01-08,0,0,100,66465,1848601,19.88,5,27,0,0,0,0,0,0,0
2021-01-09,0,0,100,44554,1893155,20.36,24,51,0,0,0,0,0,0,0
2021-01-10,0,0,100,37649,1930804,20.76,6002,6053,0.07,0,0,0,0,0,0
2021-01-11,0,0,100,21176,1951980,20.99,19264,25317,0.27,0,0,0,0,0,0
2021-01-12,0,0,100,24077,1976057,21.25,35674,60991,0.66,0,0,0,0,0,0
2021-01-13,0,0,100,52079,2028136,21.81,56873,117864,1.27,0,0,0,0,0,0
2021-01-14,0,0,100,56481,2084617,22.42,68841,186705,2.01,0,0,0,0,0,0
2021-01-15,0,0,100,30776,2115393,22.75,35944,222649,2.39,0,0,0,0,0,0
2021-01-16,0,0,100,29481,2144874,23.06,26007,248656,2.67,0,0,0,0,0,0
2021-01-17,0.31,0,99.69,68446,2213320,23.8,84599,333255,3.58,0,0,0,0,0,0
2021-01-18,0.58,0,99.42,69820,2283140,24.55,120439,453694,4.88,0,0,0,0,0,0
2021-01-19,1.09,0,98.91,72896,2356036,25.34,137853,591547,6.36,0,0,0,0,0,0
2021-01-20,1.9,0,98.1,76919,2432955,26.16,143769,735316,7.91,0,0,0,0,0,0
2021-01-21,2.88,0,97.12,70013,2502968,26.92,164478,899794,9.68,0,0,0,0,0,0
2021-01-22,3.39,0,96.61,37934,2540902,27.32,71135,970929,10.44,0,0,0,0,0,0
2021-01-23,3.77,0,96.23,39966,2580868,27.75,53598,1024527,11.02,0,0,0,0,0,0
2021-01-24,4.96,0,95.04,69149,2650017,28.5,140712,1165239,12.53,0,0,0,0,0,0
2021-01-25,6.61,0,93.39,80943,2730960,29.37,139529,1304768,14.03,0,0,0,0,0,0
2021-01-26,8.45,0,91.55,78739,2809699,30.21,126447,1431215,15.39,0,0,0,0,0,0
2021-01-27,10.34,0,89.66,77985,2887684,31.05,125074,1556289,16.74,0,0,0,0,0,0
2021-01-28,12.43,0,87.57,79573,2967257,31.91,130634,1686923,18.14,0,0,0,0,0,0
2021-01-29,13.34,0,86.66,36704,3003961,32.3,64794,1751717,18.84,0,0,0,0,0,0
2021-01-30,14.02,0,85.98,34395,3038356,32.67,42767,1794484,19.3,0,0,0,0,0,0
2021-01-31,15.76,0,84.24,73333,3111689,33.46,59504,1853988,19.94,0,0,0,0,0,0
2021-02-01,17.48,0,82.52,82519,3194208,34.35,35358,1889346,20.32,0,0,0,0,0,0
2021-02-02,19.01,0,80.99,70109,3264317,35.1,31074,1920420,20.65,0,0,0,0,0,0
2021-02-03,20.47,0,79.53,60310,3324627,35.75,51445,1971865,21.2,0,0,0,0,0,0
2021-02-04,22,0,78,72641,3397268,36.53,58096,2029961,21.83,0,0,0,0,0,0
2021-02-05,22.75,0,77.25,33947,3431215,36.9,28807,2058768,22.14,0,0,0,0,0,0
2021-02-06,23.23,0,76.77,21623,3452838,37.13,22233,2081001,22.38,0,0,0,0,0,0
2021-02-07,23.99,0,76.01,54081,3506919,37.71,68745,2149746,23.12,0,0,0,0,0,0
2021-02-08,24.52,0,75.48,58644,3565563,38.34,65468,2215214,23.82,0,0,0,0,0,0
2021-02-09,25.04,0,74.96,66361,3631924,39.06,67581,2282795,24.55,0,0,0,0,0,0
2021-02-10,25.77,0,74.23,70571,3702495,39.81,72316,2355111,25.33,0,0,0,0,0,0
2021-02-11,26.61,0,73.39,81176,3783671,40.69,72116,2427227,26.1,0,0,0,0,0,0
2021-02-12,27.02,0,72.98,39109,3822780,41.11,37600,2464827,26.51,0,0,0,0,0,0
2021-02-13,27.33,0,72.67,27466,3850246,41.4,30441,2495268,26.83,0,0,0,0,0,0
2021-02-14,28.25,0,71.75,74917,3925163,42.21,69086,2564354,27.58,0,0,0,0,0,0
2021-02-15,29.17,0,70.83,81552,4006715,43.09,75722,2640076,28.39,0,0,0,0,0,0
2021-02-16,30.11,0,69.89,83423,4090138,43.98,78304,2718380,29.23,0,0,0,0,0,0
2021-02-17,31.01,0,68.99,61984,4152122,44.65,75646,2794026,30.05,0,0,0,0,0,0
2021-02-18,31.94,0,68.06,69163,4221285,45.39,79741,2873767,30.9,0,0,0,0,0,0
2021-02-19,32.45,0,67.55,39676,4260961,45.82,38163,2911930,31.31,0,0,0,0,0,0
2021-02-20,32.85,0,67.15,31652,4292613,46.16,28723,2940653,31.62,0,0,0,0,0,0
2021-02-21,33.8,0,66.2,79437,4372050,47.01,78449,3019102,32.47,0,0,0,0,0,0
2021-02-22,34.83,0,65.17,85056,4457106,47.93,80603,3099705,33.33,0,0,0,0,0,0
2021-02-23,35.84,0,64.16,77333,4534439,48.76,70487,3170192,34.09,0,0,0,0,0,0
2021-02-24,36.76,0,63.24,61068,4595507,49.42,63148,3233340,34.77,0,0,0,0,0,0
2021-02-25,37.66,0,62.34,51730,4647237,49.97,64812,3298152,35.47,0,0,0,0,0,0
2021-02-26,38.1,0,61.9,25913,4673150,50.25,32048,3330200,35.81,0,0,0,0,0,0
2021-02-27,38.42,0,61.58,18353,4691503,50.45,21198,3351398,36.04,0,0,0,0,0,0
2021-02-28,39.24,0,60.76,40365,4731868,50.88,55874,3407272,36.64,0,0,0,0,0,0
2021-03-01,40.1,0,59.9,45752,4777620,51.38,61445,3468717,37.3,0,0,0,0,0,0
2021-03-02,40.85,0,59.15,41203,4818823,51.82,64803,3533520,38,0,0,0,0,0,0
2021-03-03,41.55,0,58.45,42036,4860859,52.27,66794,3600314,38.72,0,0,0,0,0,0
2021-03-04,42.24,0,57.76,39723,4900582,52.7,79127,3679441,39.57,0,0,0,0,0,0
2021-03-05,42.57,0,57.43,17369,4917951,52.89,40469,3719910,40,0,0,0,0,0,0
2021-03-06,42.78,0,57.22,10724,4928675,53,25349,3745259,40.27,0,0,0,0,0,0
2021-03-07,43.36,0,56.64,31157,4959832,53.34,72848,3818107,41.06,0,0,0,0,0,0
2021-03-08,43.97,0,56.03,27388,4987220,53.63,73297,3891404,41.85,0,0,0,0,0,0
2021-03-09,44.62,0,55.38,26756,5013976,53.92,76606,3968010,42.67,0,0,0,0,0,0
2021-03-10,45.27,0,54.73,23373,5037349,54.17,58684,4026694,43.3,0,0,0,0,0,0
2021-03-11,45.99,0,54.01,23308,5060657,54.42,69100,4095794,44.04,0,0,0,0,0,0
2021-03-12,46.34,0,53.66,11298,5071955,54.54,41419,4137213,44.49,0,0,0,0,0,0
2021-03-13,46.57,0,53.43,7955,5079910,54.63,25240,4162453,44.76,0,0,0,0,0,0
2021-03-14,47.2,0,52.8,20992,5100902,54.85,73937,4236390,45.56,0,0,0,0,0,0
2021-03-15,47.81,0,52.19,20152,5121054,55.07,78282,4314672,46.4,0,0,0,0,0,0
2021-03-16,48.43,0,51.57,18759,5139813,55.27,71482,4386154,47.17,0,0,0,0,0,0
2021-03-17,48.92,0,51.08,17705,5157518,55.46,59011,4445165,47.8,0,0,0,0,0,0
2021-03-18,49.45,0,50.55,16050,5173568,55.63,58126,4503291,48.43,0,0,0,0,0,0
2021-03-19,49.75,0,50.25,6959,5180527,55.71,27981,4531272,48.73,0,0,0,0,0,0
2021-03-20,49.93,0,50.07,5229,5185756,55.77,15302,4546574,48.89,0,0,0,0,0,0
2021-03-21,50.46,0,49.54,13172,5198928,55.91,40511,4587085,49.33,0,0,0,0,0,0
2021-03-22,51,0,49,13583,5212511,56.05,40542,4627627,49.76,0,0,0,0,0,0
2021-03-23,51.43,0,48.57,2846,5215357,56.08,7303,4634930,49.84,0,0,0,0,0,0
2021-03-24,51.84,0,48.16,11007,5226364,56.2,46562,4681492,50.34,0,0,0,0,0,0
2021-03-25,52.22,0,47.78,10275,5236639,56.31,35440,4716932,50.72,0,0,0,0,0,0
2021-03-26,52.4,0,47.6,4187,5240826,56.36,13335,4730267,50.87,0,0,0,0,0,0
2021-03-27,52.5,0,47.5,1788,5242614,56.38,4269,4734536,50.91,0,0,0,0,0,0
2021-03-28,52.74,0,47.26,2114,5244728,56.4,4611,4739147,50.96,0,0,0,0,0,0
2021-03-29,53,0,47,6920,5251648,56.47,30018,4769165,51.29,0,0,0,0,0,0
2021-03-30,53.08,0,46.92,7899,5259547,56.56,22455,4791620,51.53,0,0,0,0,0,0
2021-03-31,53.38,0,46.62,8154,5267701,56.65,19503,4811123,51.74,0,0,0,0,0,0
2021-04-01,53.62,0,46.38,8222,5275923,56.73,18704,4829827,51.94,0,0,0,0,0,0
2021-04-02,53.71,0,46.29,2948,5278871,56.77,8131,4837958,52.02,0,0,0,0,0,0
2021-04-03,53.74,0,46.26,1432,5280303,56.78,2984,4840942,52.06,0,0,0,0,0,0
2021-04-04,53.82,0,46.18,9618,5289921,56.89,22833,4863775,52.3,0,0,0,0,0,0
2021-04-05,54.04,0,45.96,10365,5300286,57,21280,4885055,52.53,0,0,0,0,0,0
2021-04-06,54.21,0,45.79,9036,5309322,57.09,16795,4901850,52.71,0,0,0,0,0,0
2021-04-07,54.36,0,45.64,8935,5318257,57.19,15314,4917164,52.88,0,0,0,0,0,0
2021-04-08,54.52,0,45.48,9430,5327687,57.29,17018,4934182,53.06,0,0,0,0,0,0
2021-04-09,54.58,0,45.42,3610,5331297,57.33,6260,4940442,53.13,0,0,0,0,0,0
2021-04-10,54.61,0,45.39,1637,5332934,57.35,3523,4943965,53.16,0,0,0,0,0,0
2021-04-11,54.78,0,45.22,9045,5341979,57.45,14250,4958215,53.32,0,0,0,0,0,0
2021-04-12,54.95,0,45.05,8938,5350917,57.54,13236,4971451,53.46,0,0,0,0,0,0
2021-04-13,55.08,0,44.92,5841,5356758,57.6,4960,4976411,53.51,0,0,0,0,0,0
2021-04-14,55.18,0,44.82,3650,5360408,57.64,5311,4981722,53.57,0,0,0,0,0,0
2021-04-15,55.27,0,44.73,699,5361107,57.65,583,4982305,53.58,0,0,0,0,0,0
2021-04-16,55.33,0,44.67,3420,5364527,57.69,6655,4988960,53.65,0,0,0,0,0,0
2021-04-17,55.35,0,44.65,822,5365349,57.7,1975,4990935,53.67,0,0,0,0,0,0
2021-04-18,55.47,0,44.53,7099,5372448,57.77,7433,4998368,53.75,0,0,0,0,0,0
2021-04-19,55.58,0,44.42,6407,5378855,57.84,7135,5005503,53.83,0,0,0,0,0,0
2021-04-20,55.65,0,44.35,6287,5385142,57.91,6891,5012394,53.9,0,0,0,0,0,0
2021-04-21,55.71,0,44.29,6382,5391524,57.98,7112,5019506,53.98,0,0,0,0,0,0
2021-04-22,55.75,0,44.25,5953,5397477,58.04,7691,5027197,54.06,0,0,0,0,0,0
2021-04-23,55.8,0,44.2,2768,5400245,58.07,3392,5030589,54.1,0,0,0,0,0,0
2021-04-24,55.82,0,44.18,769,5401014,58.08,1290,5031879,54.11,0,0,0,0,0,0
2021-04-25,55.89,0,44.11,4829,5405843,58.13,6925,5038804,54.18,0,0,0,0,0,0
2021-04-26,55.96,0,44.04,5479,5411322,58.19,7889,5046693,54.27,0,0,0,0,0,0
2021-04-27,56.03,0,43.97,4509,5415831,58.24,6628,5053321,54.34,0,0,0,0,0,0
2021-04-28,56.09,0,43.91,4502,5420333,58.29,7337,5060658,54.42,0,0,0,0,0,0
2021-04-29,56.16,0,43.84,4378,5424711,58.33,7297,5067955,54.5,0,0,0,0,0,0
2021-04-30,56.19,0,43.81,1925,5426636,58.36,3204,5071159,54.53,0,0,0,0,0,0
2021-05-01,56.2,0,43.8,458,5427094,58.36,895,5072054,54.54,0,0,0,0,0,0
2021-05-02,56.26,0,43.74,3225,5430319,58.39,6092,5078146,54.61,0,0,0,0,0,0
2021-05-03,56.32,0,43.68,3535,5433854,58.43,5835,5083981,54.67,0,0,0,0,0,0
2021-05-04,56.38,0,43.62,3594,5437448,58.47,4738,5088719,54.72,0,0,0,0,0,0
2021-05-05,56.44,0,43.56,3292,5440740,58.51,4093,5092812,54.77,0,0,0,0,0,0
2021-05-06,56.5,0,43.5,3646,5444386,58.55,3145,5095957,54.8,0,0,0,0,0,0
2021-05-07,56.52,0,43.48,1847,5446233,58.57,2509,5098466,54.83,0,0,0,0,0,0
2021-05-08,56.53,0,43.47,244,5446477,58.57,508,5098974,54.83,0,0,0,0,0,0
2021-05-09,56.58,0,43.42,2851,5449328,58.6,4751,5103725,54.88,0,0,0,0,0,0
2021-05-10,56.63,0,43.37,2900,5452228,58.63,4715,5108440,54.93,0,0,0,0,0,0
2021-05-11,56.67,0,43.33,2623,5454851,58.66,3882,5112322,54.98,0,0,0,0,0,0
2021-05-12,56.7,0,43.3,2034,5456885,58.68,3342,5115664,55.01,0,0,0,0,0,0
2021-05-13,56.73,0,43.27,2044,5458929,58.7,3688,5119352,55.05,0,0,0,0,0,0
2021-05-14,56.75,0,43.25,979,5459908,58.71,1495,5120847,55.07,0,0,0,0,0,0
2021-05-15,56.75,0,43.25,259,5460167,58.72,260,5121107,55.07,0,0,0,0,0,0
2021-05-16,56.78,0,43.22,530,5460697,58.72,1205,5122312,55.08,0,0,0,0,0,0
2021-05-17,56.81,0,43.19,303,5461000,58.72,848,5123160,55.09,0,0,0,0,0,0
2021-05-18,56.84,0,43.16,1963,5462963,58.75,4940,5128100,55.15,0,0,0,0,0,0
2021-05-19,56.87,0,43.13,2233,5465196,58.77,5043,5133143,55.2,0,0,0,0,0,0
2021-05-20,56.9,0,43.1,2311,5467507,58.79,3880,5137023,55.24,0,0,0,0,0,0
2021-05-21,56.92,0,43.08,1194,5468701,58.81,1414,5138437,55.26,0,0,0,0,0,0
2021-05-22,56.92,0,43.08,206,5468907,58.81,396,5138833,55.26,0,0,0,0,0,0
2021-05-23,56.94,0,43.06,2272,5471179,58.83,3216,5142049,55.3,0,0,0,0,0,0
2021-05-24,56.96,0,43.04,2143,5473322,58.86,3597,5145646,55.33,0,0,0,0,0,0
2021-05-25,56.99,0,43.01,1822,5475144,58.88,2588,5148234,55.36,0,0,0,0,0,0
2021-05-26,57.03,0,42.97,1415,5476559,58.89,2504,5150738,55.39,0,0,0,0,0,0
2021-05-27,57.06,0,42.94,1866,5478425,58.91,3189,5153927,55.42,0,0,0,0,0,0
2021-05-28,57.07,0,42.93,794,5479219,58.92,1406,5155333,55.44,0,0,0,0,0,0
2021-05-29,57.07,0,42.93,192,5479411,58.92,227,5155560,55.44,0,0,0,0,0,0
2021-05-30,57.1,0,42.9,1645,5481056,58.94,1937,5157497,55.46,0,0,0,0,0,0
2021-05-31,57.13,0,42.87,1740,5482796,58.96,2094,5159591,55.48,0,0,0,0,0,0
2021-06-01,57.47,0,42.53,1386,5484182,58.97,1824,5161415,55.5,0,0,0,0,0,0
2021-06-02,57.25,0,42.75,1514,5485696,58.99,1610,5163025,55.52,0,0,0,0,0,0
2021-06-03,57.27,0,42.73,1686,5487382,59.01,1496,5164521,55.54,0,0,0,0,0,0
2021-06-04,57.28,0,42.72,1102,5488484,59.02,784,5165305,55.55,0,0,0,0,0,0
2021-06-05,57.29,0,42.71,184,5488668,59.02,159,5165464,55.55,0,0,0,0,0,0
2021-06-06,57.31,0,42.69,4293,5492961,59.07,1003,5166467,55.56,0,0,0,0,0,0
2021-06-07,57.34,0,42.66,4441,5497402,59.12,814,5167281,55.57,0,0,0,0,0,0
2021-06-08,57.36,0,42.64,3740,5501142,59.16,1175,5168456,55.58,0,0,0,0,0,0
2021-06-09,57.4,0,42.6,3615,5504757,59.2,1331,5169787,55.59,0,0,0,0,0,0
2021-06-10,57.42,0,42.58,3366,5508123,59.23,1300,5171087,55.61,0,0,0,0,0,0
2021-06-11,57.43,0,42.57,1402,5509525,59.25,590,5171677,55.61,0,0,0,0,0,0
2021-06-12,57.43,0,42.57,223,5509748,59.25,173,5171850,55.62,0,0,0,0,0,0
2021-06-13,57.45,0,42.55,3101,5512849,59.28,1260,5173110,55.63,0,0,0,0,0,0
2021-06-14,57.46,0,42.54,3057,5515906,59.32,1534,5174644,55.65,0,0,0,0,0,0
2021-06-15,57.48,0,42.52,3138,5519044,59.35,1378,5176022,55.66,0,0,0,0,0,0
2021-06-16,57.49,0,42.51,2734,5521778,59.38,1005,5177027,55.67,0,0,0,0,0,0
2021-06-17,57.51,0,42.49,2735,5524513,59.41,1209,5178236,55.68,0,0,0,0,0,0
2021-06-18,57.52,0,42.48,1272,5525785,59.42,506,5178742,55.69,0,0,0,0,0,0
2021-06-19,57.52,0,42.48,242,5526027,59.42,139,5178881,55.69,0,0,0,0,0,0
2021-06-20,57.54,0,42.46,3316,5529343,59.46,1332,5180213,55.71,0,0,0,0,0,0
2021-06-21,57.56,0,42.44,5250,5534593,59.52,1218,5181431,55.72,0,0,0,0,0,0
2021-06-22,57.58,0,42.42,6935,5541528,59.59,1101,5182532,55.73,0,0,0,0,0,0
2021-06-23,57.6,0,42.4,10762,5552290,59.71,1304,5183836,55.74,0,0,0,0,0,0
2021-06-24,57.62,0,42.38,12051,5564341,59.84,1466,5185302,55.76,0,0,0,0,0,0
2021-06-25,57.62,0,42.38,7116,5571457,59.91,945,5186247,55.77,0,0,0,0,0,0
2021-06-26,57.63,0,42.37,2280,5573737,59.94,200,5186447,55.77,0,0,0,0,0,0
2021-06-27,57.65,0,42.35,13634,5587371,60.08,3439,5189886,55.81,0,0,0,0,0,0
2021-06-28,57.68,0,42.32,14518,5601889,60.24,3675,5193561,55.85,0,0,0,0,0,0
2021-06-29,57.69,0,42.31,16711,5618600,60.42,3746,5197307,55.89,0,0,0,0,0,0
2021-06-30,57.72,0,42.28,16489,5635089,60.6,3397,5200704,55.93,0,0,0,0,0,0
2021-07-01,57.78,0,42.22,16840,5651929,60.78,3381,5204085,55.96,121,121,0,0,0,0
2021-07-02,57.79,0,42.21,9836,5661765,60.88,1609,5205694,55.98,7,128,0,0,0,0
2021-07-03,57.79,0,42.21,2680,5664445,60.91,300,5205994,55.98,1,129,0,0,0,0
2021-07-04,57.85,0,42.15,17735,5682180,61.1,3161,5209155,56.02,2,131,0,0,0,0
2021-07-05,57.91,0,42.09,17852,5700032,61.3,3046,5212201,56.05,7,138,0,0,0,0
2021-07-06,57.99,0,42.01,17851,5717883,61.49,3412,5215613,56.09,11,149,0,0,0,0
2021-07-07,58.05,0,41.95,15534,5733417,61.65,2703,5218316,56.12,12,161,0,0,0,0
2021-07-08,58.12,0,41.88,16590,5750007,61.83,2883,5221199,56.15,17,178,0,0,0,0
2021-07-09,58.15,0,41.85,11127,5761134,61.95,1535,5222734,56.16,4,182,0,0,0,0
2021-07-10,58.15,0,41.85,4989,5766123,62.01,391,5223125,56.17,6,188,0,0,0,0
2021-07-11,58.22,0,41.78,1458,5767581,62.02,2848,5225973,56.2,9,197,0,0,0,0
2021-07-12,58.29,0,41.71,2428,5770009,62.05,3697,5229670,56.24,58,255,0,0,0,0
2021-07-13,58.36,0,41.64,2965,5772974,62.08,5460,5235130,56.3,124,379,0,0,0,0
2021-07-14,58.42,0,41.58,2748,5775722,62.11,7537,5242667,56.38,441,820,0.01,0,0,0
2021-07-15,58.5,0,41.5,3011,5778733,62.14,9302,5251969,56.48,374,1194,0.01,0,0,0
2021-07-16,58.54,0,41.46,1297,5780030,62.16,5898,5257867,56.54,66,1260,0.01,0,0,0
2021-07-17,58.55,0,41.44,372,5780402,62.16,1394,5259261,56.56,8,1268,0.01,0,0,0
2021-07-18,58.6,0,41.4,2074,5782476,62.18,9771,5269032,56.66,235,1503,0.02,0,0,0
2021-07-19,58.65,0,41.35,3212,5785688,62.22,11346,5280378,56.78,461,1964,0.02,0,0,0
2021-07-20,58.72,0,41.28,2691,5788379,62.25,11915,5292293,56.91,374,2338,0.03,0,0,0
2021-07-21,58.81,0,41.19,2408,5790787,62.27,11882,5304175,57.04,325,2663,0.03,0,0,0
2021-07-22,58.93,0,41.07,2879,5793666,62.3,13281,5317456,57.18,392,3055,0.03,0,0,0
2021-07-23,58.99,0,41.01,2039,5795705,62.32,8249,5325705,57.27,106,3161,0.03,0,0,0
2021-07-24,58.99,0,41,646,5796351,62.33,1486,5327191,57.29,7,3168,0.03,0,0,0
2021-07-25,59.1,0,40.89,4417,5800768,62.38,15499,5342690,57.45,223,3391,0.04,0,0,0
2021-07-26,59.24,0,40.75,5175,5805943,62.43,13537,5356227,57.6,325,3716,0.04,0,0,0
2021-07-27,59.37,0.01,40.62,5493,5811436,62.49,13579,5369806,57.74,414,4130,0.04,0,0,0
2021-07-28,59.5,0.01,40.49,3991,5815427,62.54,12345,5382151,57.88,472,4602,0.05,0,0,0
2021-07-29,59.65,0.01,40.33,4665,5820092,62.59,14206,5396357,58.03,533,5135,0.06,0,0,0
2021-07-30,59.74,0.02,40.25,2658,5822750,62.61,10859,5407216,58.15,4122,9257,0.1,0,0,0
2021-07-31,59.75,0.02,40.23,1407,5824157,62.63,3554,5410770,58.18,6159,15416,0.17,0,0,0
2021-08-01,59.91,0.02,40.06,3079,5827236,62.66,3367,5414137,58.22,31048,46464,0.5,0,0,0
2021-08-02,60.06,0.03,39.91,3134,5830370,62.7,3176,5417313,58.26,58514,104978,1.13,0,0,0
2021-08-03,60.21,0.03,39.76,3388,5833758,62.73,3332,5420645,58.29,78954,183932,1.98,0,0,0
2021-08-04,60.34,0.03,39.63,3535,5837293,62.77,3256,5423901,58.33,80766,264698,2.85,0,0,0
2021-08-05,60.49,0.04,39.47,4515,5841808,62.82,3572,5427473,58.36,88442,353140,3.8,0,0,0
2021-08-06,60.6,0.04,39.36,2437,5844245,62.85,1864,5429337,58.38,44744,397884,4.28,0,0,0
2021-08-07,60.63,0.04,39.32,1034,5845279,62.86,701,5430038,58.39,27353,425237,4.57,0,0,0
2021-08-08,60.68,0.04,39.28,4991,5850270,62.91,3082,5433120,58.43,80087,505324,5.43,0,0,0
2021-08-09,60.72,0.04,39.24,5341,5855611,62.97,3064,5436184,58.46,76489,581813,6.26,0,0,0
2021-08-10,60.75,0.04,39.2,5554,5861165,63.03,3211,5439395,58.49,75427,657240,7.07,0,0,0
2021-08-11,60.79,0.04,39.17,5696,5866861,63.09,2949,5442344,58.52,62642,719882,7.74,0,0,0
2021-08-12,60.83,0.04,39.12,7039,5873900,63.17,3291,5445635,58.56,59463,779345,8.38,0,0,0
2021-08-13,60.84,0.05,39.11,3821,5877721,63.21,2074,5447709,58.58,43870,823215,8.85,0,0,0
2021-08-14,60.85,0.05,39.1,2255,5879976,63.23,854,5448563,58.59,44486,867701,9.33,0,0,0
2021-08-15,60.89,0.05,39.06,7144,5887120,63.31,4531,5453094,58.64,97986,965687,10.38,0,0,0
2021-08-16,60.92,0.04,39.03,6991,5894111,63.38,4750,5457844,58.69,89522,1055209,11.35,0,0,0
2021-08-17,60.96,0.04,39,7573,5901684,63.46,5138,5462982,58.75,83320,1138529,12.24,0,0,0
2021-08-18,60.99,0.04,38.96,8644,5910328,63.56,4603,5467585,58.8,69269,1207798,12.99,0,0,0
2021-08-19,61.03,0.04,38.92,10082,5920410,63.67,5217,5472802,58.85,65976,1273774,13.7,0,0,0
2021-08-20,61.05,0.05,38.9,4770,5925180,63.72,2828,5475630,58.88,60454,1334228,14.35,0,0,0
2021-08-21,61.06,0.05,38.89,3499,5928679,63.75,1580,5477210,58.9,50727,1384955,14.89,0,0,0
2021-08-22,61.12,0.04,38.84,9822,5938501,63.86,4808,5482018,58.95,105113,1490068,16.02,0,0,0
2021-08-23,61.17,0.04,38.79,10923,5949424,63.98,4448,5486466,59,94035,1584103,17.03,0,0,0
2021-08-24,61.23,0.04,38.73,11721,5961145,64.1,4701,5491167,59.05,98562,1682665,18.09,0,0,0
2021-08-25,61.29,0.04,38.67,9613,5970758,64.21,4484,5495651,59.1,99559,1782224,19.17,0,0,0
2021-08-26,61.36,0.03,38.61,10114,5980872,64.32,5059,5500710,59.15,101234,1883458,20.25,0,0,0
2021-08-27,61.35,0.04,38.61,4325,5985197,64.36,2790,5503500,59.18,56695,1940153,20.86,0,0,0
2021-08-28,61.4,0.04,38.57,3704,5988901,64.4,1500,5505000,59.2,33542,1973695,21.22,0,0,0
2021-08-29,61.46,0.03,38.5,10323,5999224,64.51,5932,5510932,59.26,79551,2053246,22.08,0,0,0
2021-08-30,61.53,0.03,38.44,12333,6011557,64.65,7017,5517949,59.34,116010,2169256,23.33,0,0,0
2021-08-31,61.6,0.03,38.37,12076,6023633,64.78,6529,5524478,59.41,114884,2284140,24.56,0,0,0
2021-09-01,61.43,0.03,38.54,9036,6032669,64.87,6043,5530521,59.47,112496,2396636,25.77,0,0,0
2021-09-02,61.49,0.03,38.48,8784,6041453,64.97,7186,5537707,59.55,111548,2508184,26.97,0,0,0
2021-09-03,61.56,0.03,38.42,3751,6045204,65.01,4118,5541825,59.59,58886,2567070,27.61,0,0,0
2021-09-04,61.59,0.03,38.38,2692,6047896,65.04,2023,5543848,59.62,29954,2597024,27.93,0,0,0
2021-09-05,61.68,0.03,38.29,6991,6054887,65.11,6460,5550308,59.69,73328,2670352,28.72,0,0,0
2021-09-06,61.77,0.03,38.2,2836,6057723,65.14,2718,5553026,59.71,22800,2693152,28.96,0,0,0
2021-09-07,61.85,0.03,38.12,1202,6058925,65.15,880,5553906,59.72,5398,2698550,29.02,0,0,0
2021-09-08,61.93,0.03,38.05,1380,6060305,65.17,1196,5555102,59.74,6621,2705171,29.09,0,0,0
2021-09-09,62.02,0.03,37.95,7092,6067397,65.25,12574,5567676,59.87,73847,2779018,29.88,0,0,0
2021-09-10,62.06,0.03,37.91,3258,6070655,65.28,5016,5572692,59.93,37938,2816956,30.29,0,0,0
2021-09-11,62.08,0.03,37.89,2109,6072764,65.3,2509,5575201,59.95,14817,2831773,30.45,0,0,0
2021-09-12,62.16,0.03,37.81,6105,6078869,65.37,8589,5583790,60.05,54137,2885910,31.03,0,0,0
2021-09-13,62.15,0.03,37.82,5611,6084480,65.43,8264,5592054,60.13,47984,2933894,31.55,0,0,0
2021-09-14,62.2,0.03,37.77,4964,6089444,65.48,7424,5599478,60.21,48855,2982749,32.07,0,0,0
2021-09-15,62.25,0.03,37.72,1751,6091195,65.5,2719,5602197,60.24,16687,2999436,32.25,0,0,0
2021-09-16,62.37,0.03,37.6,343,6091538,65.51,550,5602747,60.25,1740,3001176,32.27,0,0,0
2021-09-17,62.42,0.03,37.54,3684,6095222,65.55,7022,5609769,60.32,42907,3044083,32.73,0,0,0
2021-09-18,62.45,0.03,37.52,2258,6097480,65.57,2946,5612715,60.36,12784,3056867,32.87,0,0,0
2021-09-19,62.55,0.03,37.42,5943,6103423,65.63,10713,5623428,60.47,44331,3101198,33.35,0,0,0
2021-09-20,62.63,0.03,37.34,3246,6106669,65.67,4647,5628075,60.52,16708,3117906,33.53,0,0,0
2021-09-21,62.69,0.03,37.28,1340,6108009,65.68,2068,5630143,60.54,3477,3121383,33.57,0,0,0
2021-09-22,62.72,0.03,37.25,4260,6112269,65.73,7250,5637393,60.62,25072,3146455,33.84,0,0,0
2021-09-23,62.75,0.03,37.22,4391,6116660,65.78,5918,5643311,60.69,27834,3174289,34.13,0,0,0
2021-09-24,62.82,0.03,37.15,3203,6119863,65.81,4185,5647496,60.73,27724,3202013,34.43,0,0,0
2021-09-25,62.85,0.03,37.12,2080,6121943,65.83,2264,5649760,60.75,10443,3212456,34.55,0,0,0
2021-09-26,62.96,0.03,37,5605,6127548,65.89,5973,5655733,60.82,36271,3248727,34.94,0,0,0
2021-09-27,63.02,0.03,36.94,4696,6132244,65.94,4469,5660202,60.87,30457,3279184,35.26,0,0,0
2021-09-28,63.06,0.04,36.91,1473,6133717,65.96,1187,5661389,60.88,6250,3285434,35.33,0,0,0
2021-09-29,63.13,0.03,36.84,9622,6143339,66.06,8349,5669738,60.97,60325,3345759,35.98,0,0,0
2021-09-30,63.18,0.03,36.79,10976,6154315,66.18,8580,5678318,61.06,79704,3425463,36.84,0,0,0
2021-10-01,63.23,0.03,36.73,5128,6159443,66.24,3876,5682194,61.1,46546,3472009,37.34,0,0,0
2021-10-02,63.26,0.03,36.71,2865,6162308,66.27,2128,5684322,61.13,22433,3494442,37.58,0,0,0
2021-10-03,63.35,0.03,36.62,11668,6173976,66.39,7275,5691597,61.2,70726,3565168,38.34,0,0,0
2021-10-04,63.4,0.03,36.57,10321,6184297,66.5,6759,5698356,61.28,51912,3617080,38.9,0,0,0
2021-10-05,63.41,0.03,36.55,8461,6192758,66.59,5314,5703670,61.33,40481,3657561,39.33,0,0,0
2021-10-06,63.52,0.03,36.45,7543,6200301,66.67,4185,5707855,61.38,34151,3691712,39.7,0,0,0
2021-10-07,63.63,0.03,36.34,6895,6207196,66.75,4011,5711866,61.42,34073,3725785,40.07,0,0,0
2021-10-08,63.68,0.03,36.29,3086,6210282,66.78,2644,5714510,61.45,19250,3745035,40.27,0,0,0
2021-10-09,63.71,0.03,36.26,1341,6211623,66.8,1444,5715954,61.47,7441,3752476,40.35,0,0,0
2021-10-10,63.82,0.04,36.14,4677,6216300,66.85,3747,5719701,61.51,21519,3773995,40.58,0,0,0
2021-10-11,63.91,0.04,36.05,4299,6220599,66.89,2946,5722647,61.54,17270,3791265,40.77,0,0,0
2021-10-12,63.99,0.05,35.96,3977,6224576,66.94,3007,5725654,61.57,15357,3806622,40.93,0,0,0
2021-10-13,64.09,0.05,35.86,3487,6228063,66.97,2451,5728105,61.6,13587,3820209,41.08,0,0,0
2021-10-14,64.19,0.06,35.75,3870,6231933,67.02,2686,5730791,61.63,16569,3836778,41.26,0,0,0
2021-10-15,64.23,0.07,35.7,1705,6233638,67.03,1686,5732477,61.64,9012,3845790,41.36,0,0,0
2021-10-16,64.25,0.08,35.67,729,6234367,67.04,958,5733435,61.65,4036,3849826,41.4,0,0,0
2021-10-17,64.36,0.09,35.56,3090,6237457,67.07,2526,5735961,61.68,12798,3862624,41.54,0,0,0
2021-10-18,64.43,0.1,35.47,2459,6239916,67.1,1694,5737655,61.7,10069,3872693,41.64,0,0,0
2021-10-19,64.49,0.1,35.4,2399,6242315,67.13,1284,5738939,61.71,9295,3881988,41.74,0,0,0
2021-10-20,64.14,0.52,35.34,2438,6244753,67.15,2304,5741243,61.74,10104,3892092,41.85,0,0,0
2021-10-21,54.23,10.41,35.36,3033,6247786,67.19,3098,5744341,61.77,12164,3904256,41.98,0,0,0
2021-10-22,54.36,10.26,35.38,1279,6249065,67.2,1439,5745780,61.79,5842,3910098,42.05,0,0,0
2021-10-23,54.42,10.19,35.39,575,6249640,67.21,1266,5747046,61.8,2565,3912663,42.07,0,0,0
2021-10-24,54.22,10.43,35.35,2518,6252158,67.23,2653,5749699,61.83,9855,3922518,42.18,0,0,0
2021-10-25,54.59,10.22,35.19,2640,6254798,67.26,2753,5752452,61.86,8511,3931029,42.27,0,0,0
2021-10-26,54.64,10.26,35.1,2381,6257179,67.29,2058,5754510,61.88,8531,3939560,42.36,0,0,0
2021-10-27,54.58,10.37,35.06,2292,6259471,67.31,2566,5757076,61.91,7959,3947519,42.45,0,0,0
2021-10-28,54.69,10.76,34.55,2508,6261979,67.34,2782,5759858,61.94,8676,3956195,42.54,0,0,0
2021-10-29,54.73,10.75,34.52,904,6262883,67.35,1154,5761012,61.95,4138,3960333,42.59,0,0,0
2021-10-30,54.68,10.81,34.52,366,6263249,67.35,530,5761542,61.96,1712,3962045,42.61,0,0,0
2021-10-31,54.83,10.7,34.47,2262,6265511,67.38,2495,5764037,61.98,8255,3970300,42.69,0,0,0
2021-11-01,54.95,10.63,34.42,1737,6267248,67.39,2094,5766131,62.01,6481,3976781,42.76,0,0,0
2021-11-02,54.89,10.69,34.42,2026,6269274,67.42,2050,5768181,62.03,6296,3983077,42.83,0,0,0
2021-11-03,54.86,10.75,34.39,1764,6271038,67.44,1897,5770078,62.05,5556,3988633,42.89,0,0,0
2021-11-04,54.85,10.81,34.33,2111,6273149,67.46,2802,5772880,62.08,7134,3995767,42.97,0,0,0
2021-11-05,54.85,10.83,34.32,793,6273942,67.47,907,5773787,62.09,3488,3999255,43.01,0,0,0
2021-11-06,54.82,10.86,34.32,347,6274289,67.47,389,5774176,62.09,1375,4000630,43.02,0,0,0
2021-11-07,54.92,10.8,34.28,1578,6275867,67.49,1770,5775946,62.11,6133,4006763,43.09,0,0,0
2021-11-08,55.01,10.75,34.24,1521,6277388,67.5,1603,5777549,62.13,5406,4012169,43.14,0,0,0
2021-11-09,55.05,10.74,34.21,1429,6278817,67.52,1612,5779161,62.15,5333,4017502,43.2,0,0,0
2021-11-10,55.08,10.73,34.19,1424,6280241,67.53,1662,5780823,62.16,4779,4022281,43.25,0,0,0
2021-11-11,55.15,10.69,34.15,1628,6281869,67.55,1948,5782771,62.19,5720,4028001,43.32,0,0,0
2021-11-12,55.17,10.69,34.14,637,6282506,67.56,826,5783597,62.19,2926,4030927,43.35,0,0,0
2021-11-13,55.14,10.72,34.14,259,6282765,67.56,291,5783888,62.2,1131,4032058,43.36,0,0,0
2021-11-14,55.21,10.68,34.11,1536,6284301,67.58,1639,5785527,62.21,5111,4037169,43.41,0,0,0
2021-11-15,55.28,10.63,34.09,1275,6285576,67.59,1628,5787155,62.23,4770,4041939,43.46,0,0,0
2021-11-16,55.32,10.62,34.07,1275,6286851,67.61,1419,5788574,62.25,4349,4046288,43.51,0,0,0
2021-11-17,55.35,10.6,34.05,1208,6288059,67.62,1567,5790141,62.26,3915,4050203,43.55,0,0,0
2021-11-18,55.41,10.58,34.02,1364,6289423,67.63,1693,5791834,62.28,5014,4055217,43.61,0,0,0
2021-11-19,55.42,10.57,34.01,589,6290012,67.64,765,5792599,62.29,2460,4057677,43.63,0,0,0
2021-11-20,55.41,10.58,34,238,6290250,67.64,258,5792857,62.29,930,4058607,43.64,0,0,0
2021-11-21,55.47,10.54,33.98,1409,6291659,67.66,1542,5794399,62.31,4881,4063488,43.7,0,0,0
2021-11-22,55.54,10.5,33.96,1681,6293340,67.68,1523,5795922,62.33,4238,4067726,43.74,0,0,0
2021-11-23,55.57,10.48,33.95,8616,6301956,67.77,1688,5797610,62.34,4012,4071738,43.79,0,0,0
2021-11-24,55.6,10.44,33.95,9348,6311304,67.87,1319,5798929,62.36,3925,4075663,43.83,0,0,0
2021-11-25,55.64,10.43,33.93,9809,6321113,67.97,1600,5800529,62.38,4841,4080504,43.88,0,0,0
2021-11-26,55.63,10.45,33.92,5610,6326723,68.03,753,5801282,62.38,2807,4083311,43.91,0,0,0
2021-11-27,55.62,10.46,33.92,4776,6331499,68.09,324,5801606,62.39,1164,4084475,43.92,0,0,0
2021-11-28,55.67,10.43,33.9,10148,6341647,68.19,1481,5803087,62.4,4907,4089382,43.98,0,0,0
2021-11-29,55.73,10.39,33.88,9043,6350690,68.29,1135,5804222,62.42,4378,4093760,44.02,0,0,0
2021-11-30,55.77,10.37,33.86,10043,6360733,68.4,1039,5805261,62.43,4085,4097845,44.07,0,0,0
2021-12-01,55.79,10.36,33.84,8629,6369362,68.49,1098,5806359,62.44,4445,4102290,44.11,5,5,0
2021-12-02,55.84,10.34,33.82,9173,6378535,68.59,1457,5807816,62.45,5126,4107416,44.17,6,11,0
2021-12-03,55.86,10.33,33.81,6329,6384864,68.66,673,5808489,62.46,2868,4110284,44.2,1,12,0
2021-12-04,55.85,10.34,33.81,2509,6387373,68.69,239,5808728,62.46,926,4111210,44.21,3,15,0
2021-12-05,55.9,10.31,33.79,8334,6395707,68.78,1254,5809982,62.48,4683,4115893,44.26,1,16,0
2021-12-06,55.95,10.27,33.78,6720,6402427,68.85,1200,5811182,62.49,4351,4120244,44.31,4,20,0
2021-12-07,55.99,10.25,33.76,5553,6407980,68.91,1506,5812688,62.51,3966,4124210,44.35,9,29,0
2021-12-08,56.03,10.22,33.75,4934,6412914,68.96,1201,5813889,62.52,3885,4128095,44.39,10,39,0
2021-12-09,56.08,10.19,33.73,6239,6419153,69.03,1241,5815130,62.53,4508,4132603,44.44,8,47,0
2021-12-10,56.1,10.18,33.72,3006,6422159,69.06,704,5815834,62.54,2687,4135290,44.47,4,51,0
2021-12-11,56.1,10.18,33.71,1491,6423650,69.08,255,5816089,62.54,1022,4136312,44.48,0,51,0
2021-12-12,56.16,10.15,33.69,7273,6430923,69.16,1444,5817533,62.56,5249,4141561,44.54,3,54,0
2021-12-13,56.21,10.11,33.67,6180,6437103,69.22,1377,5818910,62.57,4351,4145912,44.58,5,59,0
2021-12-14,56.27,10.09,33.65,7316,6444419,69.3,6098,5825008,62.64,4941,4150853,44.64,12,71,0
2021-12-15,56.34,10.06,33.6,7204,6451623,69.38,7404,5832412,62.72,5446,4156299,44.69,7,78,0
2021-12-16,56.53,10.05,33.42,8079,6459702,69.46,8611,5841023,62.81,6565,4162864,44.77,8,86,0
2021-12-17,56.64,10.05,33.3,4406,6464108,69.51,5141,5846164,62.87,3955,4166819,44.81,3,89,0
2021-12-18,56.73,10.07,33.2,3941,6468049,69.55,2913,5849077,62.9,1361,4168180,44.82,2,91,0
2021-12-19,56.92,10.04,33.04,6978,6475027,69.63,9328,5858405,63,6276,4174456,44.89,6,97,0
2021-12-20,57.07,10.02,32.91,7971,6482998,69.72,7520,5865925,63.08,5447,4179903,44.95,9,106,0
2021-12-21,57.27,10.01,32.71,9548,6492546,69.82,8647,5874572,63.17,6493,4186396,45.02,8,114,0
2021-12-22,57.49,10,32.52,9663,6502209,69.92,8152,5882724,63.26,6258,4192654,45.09,12,126,0
2021-12-23,57.7,9.97,32.33,11539,6513748,70.05,10262,5892986,63.37,8161,4200815,45.17,16,142,0
2021-12-24,57.83,9.96,32.21,5875,6519623,70.11,6241,5899227,63.44,5281,4206096,45.23,12,154,0
2021-12-25,57.9,9.96,32.15,3338,6522961,70.14,2566,5901793,63.47,2022,4208118,45.25,6,160,0
2021-12-26,58.1,9.92,31.98,10652,6533613,70.26,8909,5910702,63.56,8202,4216320,45.34,8,168,0
2021-12-27,58.27,9.9,31.83,10370,6543983,70.37,7142,5917844,63.64,8188,4224508,45.43,26,194,0
2021-12-28,58.46,9.88,31.66,11375,6555358,70.49,7451,5925295,63.72,9643,4234151,45.53,31,225,0
2021-12-29,58.64,9.85,31.51,9933,6565291,70.6,5964,5931259,63.78,8376,4242527,45.62,21,246,0
2021-12-30,58.84,9.82,31.34,11012,6576303,70.72,7735,5938994,63.87,12240,4254767,45.75,10,256,0
2021-12-31,58.9,9.79,31.3,4829,6581132,70.77,3672,5942666,63.9,7296,4262063,45.83,135,391,0
2022-01-01,58.93,9.79,31.28,1993,6583125,70.79,1592,5944258,63.92,2741,4264804,45.86,66,457,0
2022-01-02,59.14,9.76,31.1,10216,6593341,70.9,6487,5950745,63.99,13002,4277806,46,590,1047,0.01
2022-01-03,59.29,9.71,31,9384,6602725,71,5259,5956004,64.05,11343,4289149,46.12,25055,26102,0.28
2022-01-04,59.46,9.68,30.86,8963,6611688,71.1,5947,5961951,64.11,10525,4299674,46.24,50665,76767,0.83
2022-01-05,59.56,9.65,30.79,8553,6620241,71.19,5740,5967691,64.17,10493,4310167,46.35,59595,136362,1.47
2022-01-06,59.81,9.63,30.56,10339,6630580,71.3,7958,5975649,64.26,13532,4323699,46.49,64006,200368,2.15
2022-01-07,59.89,9.61,30.49,4759,6635339,71.35,4557,5980206,64.31,8167,4331866,46.58,31136,231504,2.49
2022-01-08,59.9,9.64,30.46,2750,6638089,71.38,2451,5982657,64.33,5502,4337368,46.64,27633,259137,2.79
2022-01-09,60.06,9.59,30.35,9305,6647394,71.48,7724,5990381,64.42,11871,4349239,46.77,66773,325910,3.5
2022-01-10,60.21,9.54,30.25,8347,6655741,71.57,7646,5998027,64.5,11885,4361124,46.9,64783,390693,4.2
2022-01-11,60.38,9.49,30.13,8097,6663838,71.66,8622,6006649,64.59,11974,4373098,47.03,56662,447355,4.81
2022-01-12,60.51,9.45,30.04,7275,6671113,71.74,8305,6014954,64.68,11114,4384212,47.15,44633,491988,5.29
2022-01-13,60.7,9.35,29.94,7509,6678622,71.82,9616,6024570,64.79,11549,4395761,47.27,34769,526757,5.66
2022-01-14,60.79,9.31,29.9,2555,6681177,71.85,4935,6029505,64.84,6147,4401908,47.34,11146,537903,5.78
2022-01-15,60.83,9.29,29.87,1469,6682646,71.86,3170,6032675,64.87,3885,4405793,47.38,5716,543619,5.85
2022-01-16,60.97,9.2,29.82,3817,6686463,71.9,8524,6041199,64.96,7682,4413475,47.46,19993,563612,6.06
2022-01-17,61.09,9.13,29.78,2808,6689271,71.93,7047,6048246,65.04,6173,4419648,47.53,17835,581447,6.25
2022-01-18,61.23,9.07,29.7,2475,6691746,71.96,7386,6055632,65.12,5535,4425183,47.59,14819,596266,6.41
2022-01-19,61.37,8.98,29.65,1915,6693661,71.98,6368,6062000,65.19,4523,4429706,47.63,8462,604728,6.5
2022-01-20,61.44,8.85,29.71,1777,6695438,72,6971,6068971,65.26,4792,4434498,47.69,8042,612770,6.59
2022-01-21,61.51,8.81,29.68,905,6696343,72.01,3725,6072696,65.3,2646,4437144,47.71,3358,616128,6.63
2022-01-22,61.51,8.75,29.74,327,6696670,72.01,1462,6074158,65.32,1068,4438212,47.73,1114,617242,6.64
2022-01-23,61.61,8.7,29.69,1068,6697738,72.02,5632,6079790,65.38,2879,4441091,47.76,6083,623325,6.7
2022-01-24,61.73,8.62,29.65,759,6698497,72.03,4481,6084271,65.43,2271,4443362,47.78,5057,628382,6.76
2022-01-25,61.9,8.51,29.59,743,6699240,72.04,4401,6088672,65.47,2187,4445549,47.81,7103,635485,6.83
2022-01-26,62.02,8.42,29.57,615,6699855,72.05,3286,6091958,65.51,1612,4447161,47.82,4263,639748,6.88
2022-01-27,62.12,8.35,29.52,797,6700652,72.06,4405,6096363,65.56,2006,4449167,47.84,5441,645189,6.94
2022-01-28,62.16,8.33,29.5,397,6701049,72.06,2376,6098739,65.58,1182,4450349,47.86,3452,648641,6.98
2022-01-29,62.23,8.29,29.48,124,6701173,72.06,1046,6099785,65.59,425,4450774,47.86,1162,649803,6.99
2022-01-30,62.3,8.24,29.46,769,6701942,72.07,4719,6104504,65.64,2020,4452794,47.88,8099,657902,7.07
2022-01-31,62.39,8.17,29.43,528,6702470,72.08,3183,6107687,65.68,1610,4454404,47.9,6472,664374,7.14
2022-02-01,62.45,8.15,29.4,482,6702952,72.08,2809,6110496,65.71,1526,4455930,47.92,5722,670096,7.21
2022-02-02,62.28,8.13,29.59,375,6703327,72.08,2394,6112890,65.73,1386,4457316,47.93,5073,675169,7.26
2022-02-03,62.34,8.08,29.57,446,6703773,72.09,2776,6115666,65.76,1462,4458778,47.95,5607,680776,7.32
2022-02-04,62.37,8.06,29.57,174,6703947,72.09,991,6116657,65.78,758,4459536,47.96,2455,683231,7.35
2022-02-05,62.34,8.09,29.56,62,6704009,72.09,342,6116999,65.78,221,4459757,47.96,420,683651,7.35
2022-02-06,62.41,8.05,29.55,407,6704416,72.1,2321,6119320,65.8,1344,4461101,47.97,5687,689338,7.41
2022-02-07,62.47,8.01,29.52,283,6704699,72.1,1308,6120628,65.82,984,4462085,47.98,5961,695299,7.48
2022-02-08,62.54,7.97,29.49,317,6705016,72.1,1498,6122126,65.83,1068,4463153,47.99,6138,701437,7.54
2022-02-09,62.6,7.95,29.45,254,6705270,72.11,1102,6123228,65.85,946,4464099,48,4571,706008,7.59
2022-02-10,62.63,7.93,29.44,273,6705543,72.11,1292,6124520,65.86,936,4465035,48.01,4816,710824,7.64
2022-02-11,62.67,7.91,29.42,212,6705755,72.11,557,6125077,65.87,519,4465554,48.02,2540,713364,7.67
2022-02-12,62.67,7.91,29.41,32,6705787,72.11,91,6125168,65.87,137,4465691,48.02,269,713633,7.67
2022-02-13,62.73,7.87,29.39,286,6706073,72.11,946,6126114,65.88,967,4466658,48.03,4998,718631,7.73
2022-02-14,62.89,7.74,29.36,179,6706252,72.12,628,6126742,65.88,761,4467419,48.04,3143,721774,7.76
2022-02-15,62.92,7.73,29.35,266,6706518,72.12,763,6127505,65.89,938,4468357,48.05,3819,725593,7.8
2022-02-16,62.95,7.72,29.34,179,6706697,72.12,577,6128082,65.9,803,4469160,48.06,2488,728081,7.83
2022-02-17,62.96,7.7,29.34,247,6706944,72.12,740,6128822,65.91,775,4469935,48.07,3061,731142,7.86
2022-02-18,62.98,7.69,29.33,130,6707074,72.12,343,6129165,65.91,442,4470377,48.07,1119,732261,7.87
2022-02-19,62.99,7.69,29.32,33,6707107,72.12,84,6129249,65.91,82,4470459,48.07,80,732341,7.88
2022-02-20,63.01,7.67,29.32,204,6707311,72.13,604,6129853,65.92,723,4471182,48.08,2574,734915,7.9
2022-02-21,63.04,7.65,29.31,173,6707484,72.13,413,6130266,65.92,490,4471672,48.09,1542,736457,7.92
2022-02-22,63.05,7.65,29.3,158,6707642,72.13,455,6130721,65.93,570,4472242,48.09,1871,738328,7.94
2022-02-23,63.06,7.65,29.29,109,6707751,72.13,353,6131074,65.93,453,4472695,48.1,1153,739481,7.95
2022-02-24,63.05,7.66,29.29,138,6707889,72.13,463,6131537,65.94,568,4473263,48.1,1493,740974,7.97
2022-02-25,63.06,7.66,29.28,59,6707948,72.13,144,6131681,65.94,193,4473456,48.11,456,741430,7.97
2022-02-26,63.05,7.67,29.28,17,6707965,72.13,28,6131709,65.94,161,4473617,48.11,35,741465,7.97
2022-02-27,63.05,7.67,29.28,112,6708077,72.14,341,6132050,65.94,448,4474065,48.11,1119,742584,7.99
2022-02-28,63.07,7.65,29.28,108,6708185,72.14,271,6132321,65.94,426,4474491,48.12,908,743492,8
2022-03-01,63.1,7.63,29.27,97,6708282,72.14,281,6132602,65.95,373,4474864,48.12,797,744289,8
2022-03-02,63.11,7.62,29.27,77,6708359,72.14,199,6132801,65.95,324,4475188,48.12,698,744987,8.01
2022-03-03,63.05,7.67,29.27,157,6708516,72.14,371,6133172,65.95,499,4475687,48.13,987,745974,8.02
2022-03-04,63.05,7.68,29.27,54,6708570,72.14,170,6133342,65.95,170,4475857,48.13,228,746202,8.02
2022-03-05,63.04,7.69,29.27,5,6708575,72.14,25,6133367,65.96,44,4475901,48.13,32,746234,8.02
2022-03-06,63.04,7.69,29.27,98,6708673,72.14,259,6133626,65.96,417,4476318,48.14,760,746994,8.03
2022-03-07,63.05,7.69,29.26,88,6708761,72.14,260,6133886,65.96,354,4476672,48.14,605,747599,8.04
2022-03-08,63.04,7.7,29.26,100,6708861,72.14,263,6134149,65.96,333,4477005,48.14,550,748149,8.05
2022-03-09,63.02,7.72,29.25,89,6708950,72.14,213,6134362,65.97,337,4477342,48.15,492,748641,8.05
2022-03-10,63.01,7.74,29.25,115,6709065,72.15,375,6134737,65.97,428,4477770,48.15,620,749261,8.06
2022-03-11,63,7.75,29.25,24,6709089,72.15,85,6134822,65.97,123,4477893,48.15,144,749405,8.06
2022-03-12,62.98,7.77,29.24,11,6709100,72.15,12,6134834,65.97,34,4477927,48.15,28,749433,8.06
2022-03-13,62.98,7.78,29.24,100,6709200,72.15,271,6135105,65.97,359,4478286,48.16,595,750028,8.07
2022-03-14,62.98,7.78,29.24,66,6709266,72.15,253,6135358,65.98,316,4478602,48.16,559,750587,8.07
2022-03-15,62.95,7.81,29.24,80,6709346,72.15,185,6135543,65.98,293,4478895,48.16,591,751178,8.08
2022-03-16,62.94,7.82,29.24,77,6709423,72.15,205,6135748,65.98,305,4479200,48.17,668,751846,8.09
2022-03-17,62.94,7.82,29.24,65,6709488,72.15,122,6135870,65.98,286,4479486,48.17,613,752459,8.09
2022-03-18,62.94,7.82,29.24,20,6709508,72.15,54,6135924,65.98,100,4479586,48.17,234,752693,8.09
2022-03-19,62.89,7.88,29.23,6,6709514,72.15,11,6135935,65.98,29,4479615,48.17,39,752732,8.09
2022-03-20,62.87,7.89,29.23,120,6709634,72.15,260,6136195,65.99,486,4480101,48.18,1431,754163,8.11
2022-03-21,62.87,7.9,29.23,97,6709731,72.15,249,6136444,65.99,379,4480480,48.18,1132,755295,8.12
2022-03-22,62.84,7.94,29.23,141,6709872,72.15,342,6136786,65.99,508,4480988,48.19,1770,757065,8.14
2022-03-23,62.81,7.97,29.22,108,6709980,72.16,212,6136998,65.99,463,4481451,48.19,1677,758742,8.16
2022-03-24,62.78,8,29.22,175,6710155,72.16,345,6137343,66,769,4482220,48.2,2363,761105,8.18
2022-03-25,62.78,8,29.23,39,6710194,72.16,83,6137426,66,159,4482379,48.2,630,761735,8.19
2022-03-26,62.77,8,29.22,12,6710206,72.16,13,6137439,66,34,4482413,48.2,91,761826,8.19
2022-03-27,62.75,8.02,29.22,168,6710374,72.16,344,6137783,66,760,4483173,48.21,3193,765019,8.23
2022-03-28,62.75,8.03,29.22,113,6710487,72.16,272,6138055,66.01,623,4483796,48.22,2416,767435,8.25
2022-03-29,62.7,8.07,29.22,125,6710612,72.16,260,6138315,66.01,641,4484437,48.22,2772,770207,8.28
2022-03-30,62.81,8.11,29.07,132,6710744,72.16,208,6138523,66.01,542,4484979,48.23,2371,772578,8.31
2022-03-31,62.79,8.11,29.1,166,6710910,72.17,302,6138825,66.01,732,4485711,48.24,2853,775431,8.34
2022-04-01,62.72,8.13,29.15,122,6711032,72.17,161,6138986,66.02,277,4485988,48.24,589,776020,8.34
2022-04-02,62.69,8.15,29.16,7,6711039,72.17,7,6138993,66.02,37,4486025,48.24,52,776072,8.35
2022-04-03,62.65,8.16,29.19,159,6711198,72.17,270,6139263,66.02,569,4486594,48.25,2478,778550,8.37
2022-04-04,62.62,8.16,29.22,103,6711301,72.17,208,6139471,66.02,485,4487079,48.25,2225,780775,8.4
2022-04-05,62.57,8.19,29.25,123,6711424,72.17,221,6139692,66.02,513,4487592,48.26,2243,783018,8.42
2022-04-06,62.55,8.2,29.25,91,6711515,72.17,157,6139849,66.02,382,4487974,48.26,2023,785041,8.44
2022-04-07,62.56,8.2,29.24,191,6711706,72.17,215,6140064,66.03,641,4488615,48.27,2556,787597,8.47
2022-04-08,62.54,8.22,29.23,30,6711736,72.17,61,6140125,66.03,154,4488769,48.27,482,788079,8.47
2022-04-09,62.52,8.25,29.23,6,6711742,72.17,17,6140142,66.03,28,4488797,48.27,47,788126,8.48
2022-04-10,62.51,8.26,29.23,103,6711845,72.18,265,6140407,66.03,429,4489226,48.27,1845,789971,8.5
2022-04-11,62.54,8.26,29.2,78,6711923,72.18,201,6140608,66.03,371,4489597,48.28,1425,791396,8.51
2022-04-12,62.58,8.29,29.12,204,6712127,72.18,168,6140776,66.03,376,4489973,48.28,1361,792757,8.52
2022-04-13,62.58,8.31,29.1,117,6712244,72.18,150,6140926,66.04,298,4490271,48.29,1218,793975,8.54
2022-04-14,62.57,8.33,29.1,85,6712329,72.18,222,6141148,66.04,321,4490592,48.29,1069,795044,8.55
2022-04-15,62.55,8.35,29.1,10,6712339,72.18,51,6141199,66.04,48,4490640,48.29,82,795126,8.55
2022-04-16,62.53,8.37,29.1,3,6712342,72.18,8,6141207,66.04,21,4490661,48.29,29,795155,8.55
2022-04-17,62.52,8.38,29.1,62,6712404,72.18,131,6141338,66.04,229,4490890,48.29,807,795962,8.56
2022-04-18,62.51,8.38,29.1,68,6712472,72.18,109,6141447,66.04,253,4491143,48.3,750,796712,8.57
2022-04-19,62.5,8.4,29.1,62,6712534,72.18,145,6141592,66.04,273,4491416,48.3,842,797554,8.58
2022-04-20,62.48,8.42,29.1,60,6712594,72.18,117,6141709,66.04,235,4491651,48.3,656,798210,8.58
2022-04-21,62.47,8.43,29.1,53,6712647,72.18,109,6141818,66.05,197,4491848,48.3,480,798690,8.59
2022-04-22,62.45,8.44,29.11,3,6712650,72.18,17,6141835,66.05,19,4491867,48.3,20,798710,8.59
2022-04-23,62.43,8.46,29.11,6,6712656,72.18,9,6141844,66.05,17,4491884,48.3,13,798723,8.59
2022-04-24,62.43,8.47,29.1,92,6712748,72.19,250,6142094,66.05,329,4492213,48.31,872,799595,8.6
2022-04-25,62.43,8.47,29.1,104,6712852,72.19,192,6142286,66.05,316,4492529,48.31,739,800334,8.61
2022-04-26,62.42,8.48,29.1,76,6712928,72.19,175,6142461,66.05,304,4492833,48.31,789,801123,8.61
2022-04-27,62.41,8.49,29.1,54,6712982,72.19,160,6142621,66.05,227,4493060,48.32,640,801763,8.62
2022-04-28,62.41,8.5,29.1,97,6713079,72.19,232,6142853,66.06,329,4493389,48.32,872,802635,8.63
2022-04-29,62.39,8.51,29.1,112,6713191,72.19,159,6143012,66.06,184,4493573,48.32,196,802831,8.63
2022-04-30,62.38,8.52,29.1,1,6713192,72.19,3,6143015,66.06,24,4493597,48.32,22,802853,8.63
2022-05-01,62.38,8.53,29.09,135,6713327,72.19,185,6143200,66.06,317,4493914,48.33,630,803483,8.64
2022-05-02,62.37,8.54,29.09,62,6713389,72.19,155,6143355,66.06,235,4494149,48.33,491,803974,8.65
2022-05-03,62.36,8.55,29.09,73,6713462,72.19,151,6143506,66.06,288,4494437,48.33,508,804482,8.65
2022-05-04,62.35,8.57,29.08,23,6713485,72.19,56,6143562,66.06,63,4494500,48.33,129,804611,8.65
2022-05-05,62.34,8.58,29.08,5,6713490,72.19,1,6143563,66.06,8,4494508,48.33,14,804625,8.65
2022-05-06,62.33,8.59,29.08,20,6713510,72.19,59,6143622,66.07,63,4494571,48.33,154,804779,8.65
2022-05-07,62.32,8.6,29.08,1,6713511,72.19,7,6143629,66.07,27,4494598,48.33,24,804803,8.65
2022-05-08,62.31,8.61,29.08,118,6713629,72.2,207,6143836,66.07,270,4494868,48.34,457,805260,8.66
2022-05-09,62.31,8.61,29.08,59,6713688,72.2,162,6143998,66.07,253,4495121,48.34,505,805765,8.66
2022-05-10,62.3,8.62,29.08,131,6713819,72.2,169,6144167,66.07,261,4495382,48.34,508,806273,8.67
2022-05-11,62.3,8.63,29.08,58,6713877,72.2,118,6144285,66.07,183,4495565,48.34,464,806737,8.68
2022-05-12,62.29,8.64,29.07,119,6713996,72.2,200,6144485,66.07,282,4495847,48.35,667,807404,8.68
2022-05-13,62.28,8.65,29.07,11,6714007,72.2,44,6144529,66.08,71,4495918,48.35,110,807514,8.68
2022-05-14,62.26,8.66,29.07,6,6714013,72.2,13,6144542,66.08,14,4495932,48.35,24,807538,8.68
2022-05-15,62.26,8.67,29.07,90,6714103,72.2,175,6144717,66.08,246,4496178,48.35,665,808203,8.69
2022-05-16,62.19,8.65,29.16,68,6714171,72.2,141,6144858,66.08,230,4496408,48.35,510,808713,8.7
2022-05-17,62.18,8.66,29.16,73,6714244,72.2,153,6145011,66.08,267,4496675,48.35,618,809331,8.7
2022-05-18,62.17,8.67,29.16,43,6714287,72.2,99,6145110,66.08,169,4496844,48.36,447,809778,8.71
2022-05-19,62.16,8.68,29.16,62,6714349,72.2,173,6145283,66.08,213,4497057,48.36,499,810277,8.71
2022-05-20,62.15,8.69,29.16,76,6714425,72.2,114,6145397,66.08,130,4497187,48.36,138,810415,8.71
2022-05-21,62.14,8.7,29.16,4,6714429,72.2,7,6145404,66.08,15,4497202,48.36,18,810433,8.72
2022-05-22,62.14,8.71,29.16,85,6714514,72.2,190,6145594,66.09,216,4497418,48.36,427,810860,8.72
2022-05-23,62.14,8.71,29.16,66,6714580,72.21,120,6145714,66.09,157,4497575,48.36,349,811209,8.72
2022-05-24,62.13,8.71,29.15,43,6714623,72.21,119,6145833,66.09,157,4497732,48.37,394,811603,8.73
2022-05-25,62.12,8.72,29.15,61,6714684,72.21,103,6145936,66.09,168,4497900,48.37,337,811940,8.73
2022-05-26,62.11,8.73,29.16,72,6714756,72.21,136,6146072,66.09,186,4498086,48.37,347,812287,8.73
2022-05-27,62.1,8.74,29.16,12,6714768,72.21,29,6146101,66.09,43,4498129,48.37,59,812346,8.74
2022-05-28,62.09,8.75,29.16,2,6714770,72.21,5,6146106,66.09,8,4498137,48.37,12,812358,8.74
2022-05-29,62.09,8.75,29.16,89,6714859,72.21,153,6146259,66.09,163,4498300,48.37,316,812674,8.74
2022-05-30,62.09,8.76,29.16,56,6714915,72.21,134,6146393,66.1,126,4498426,48.37,291,812965,8.74
2022-05-31,62.07,8.78,29.15,45,6714960,72.21,104,6146497,66.1,153,4498579,48.38,351,813316,8.75
2022-06-01,61.95,8.9,29.16,65,6715025,72.21,90,6146587,66.1,119,4498698,48.38,277,813593,8.75
2022-06-02,45.96,24.88,29.15,77,6715102,72.21,156,6146743,66.1,178,4498876,48.38,255,813848,8.75
2022-06-03,45.9,24.95,29.16,10,6715112,72.21,23,6146766,66.1,21,4498897,48.38,33,813881,8.75
2022-06-04,45.84,25,29.16,0,6715112,72.21,7,6146773,66.1,8,4498905,48.38,5,813886,8.75
2022-06-05,45.8,25.05,29.16,11,6715123,72.21,14,6146787,66.1,7,4498912,48.38,2,813888,8.75
2022-06-06,39.96,30.89,29.16,58,6715181,72.21,145,6146932,66.1,161,4499073,48.38,262,814150,8.76
2022-06-07,39.92,30.93,29.15,54,6715235,72.21,134,6147066,66.1,142,4499215,48.38,379,814529,8.76
2022-06-08,39.89,30.96,29.15,59,6715294,72.21,104,6147170,66.1,131,4499346,48.38,497,815026,8.76
2022-06-09,39.86,30.99,29.15,84,6715378,72.21,208,6147378,66.11,234,4499580,48.39,642,815668,8.77
2022-06-10,39.83,31.02,29.15,15,6715393,72.21,51,6147429,66.11,60,4499640,48.39,142,815810,8.77
2022-06-11,39.8,31.05,29.15,0,6715393,72.21,3,6147432,66.11,7,4499647,48.39,19,815829,8.77
2022-06-12,39.8,31.05,29.15,109,6715502,72.22,200,6147632,66.11,192,4499839,48.39,768,816597,8.78
2022-06-13,39.81,31.04,29.15,84,6715586,72.22,142,6147774,66.11,168,4500007,48.39,626,817223,8.79
2022-06-14,39.79,31.06,29.15,116,6715702,72.22,174,6147948,66.11,208,4500215,48.39,759,817982,8.8
2022-06-15,39.78,31.08,29.15,71,6715773,72.22,141,6148089,66.11,207,4500422,48.4,700,818682,8.8
2022-06-16,39.74,31.11,29.14,94,6715867,72.22,136,6148225,66.11,218,4500640,48.4,742,819424,8.81
2022-06-17,39.72,31.14,29.15,16,6715883,72.22,63,6148288,66.12,53,4500693,48.4,125,819549,8.81
2022-06-18,39.68,31.17,29.14,3,6715886,72.22,4,6148292,66.12,11,4500704,48.4,15,819564,8.81
2022-06-19,39.53,31.33,29.15,115,6716001,72.22,208,6148500,66.12,318,4501022,48.4,877,820441,8.82
2022-06-20,33.92,36.85,29.23,99,6716100,72.22,152,6148652,66.12,307,4501329,48.41,922,821363,8.83
2022-06-21,33.58,37.19,29.23,94,6716194,72.22,154,6148806,66.12,375,4501704,48.41,1229,822592,8.85
2022-06-22,33.28,37.49,29.23,110,6716304,72.22,136,6148942,66.12,339,4502043,48.41,894,823486,8.86
2022-06-23,32.84,37.92,29.23,132,6716436,72.23,217,6149159,66.13,525,4502568,48.42,1146,824632,8.87
2022-06-24,32.43,38.34,29.24,19,6716455,72.23,35,6149194,66.13,110,4502678,48.42,208,824840,8.87
2022-06-25,32.04,38.72,29.24,1,6716456,72.23,3,6149197,66.13,13,4502691,48.42,16,824856,8.87
2022-06-26,31.63,39.13,29.24,107,6716563,72.23,158,6149355,66.13,379,4503070,48.42,933,825789,8.88
2022-06-27,31.29,39.47,29.24,86,6716649,72.23,172,6149527,66.13,392,4503462,48.43,1028,826817,8.89
2022-06-28,30.86,39.91,29.24,85,6716734,72.23,151,6149678,66.13,363,4503825,48.43,932,827749,8.9
2022-06-29,30.48,40.28,29.24,76,6716810,72.23,108,6149786,66.13,265,4504090,48.43,816,828565,8.91
2022-06-30,30.05,40.71,29.24,86,6716896,72.23,165,6149951,66.13,355,4504445,48.44,1062,829627,8.92
2022-07-01,29.62,41.14,29.24,22,6716918,72.23,28,6149979,66.13,55,4504500,48.44,80,829707,8.92
2022-07-02,29.2,41.56,29.24,1,6716919,72.23,2,6149981,66.13,8,4504508,48.44,18,829725,8.92
2022-07-03,28.81,41.95,29.24,100,6717019,72.23,178,6150159,66.14,322,4504830,48.44,636,830361,8.93
2022-07-04,28.5,42.26,29.24,76,6717095,72.23,140,6150299,66.14,278,4505108,48.45,749,831110,8.94
2022-07-05,28.06,42.7,29.24,59,6717154,72.23,142,6150441,66.14,302,4505410,48.45,688,831798,8.94
2022-07-06,27.39,43.37,29.24,78,6717232,72.23,124,6150565,66.14,211,4505621,48.45,646,832444,8.95
2022-07-07,26.48,44.28,29.24,82,6717314,72.23,165,6150730,66.14,267,4505888,48.45,721,833165,8.96
2022-07-08,25.47,45.29,29.24,17,6717331,72.23,33,6150763,66.14,69,4505957,48.45,131,833296,8.96
2022-07-09,24.42,46.34,29.24,0,6717331,72.23,1,6150764,66.14,3,4505960,48.45,3,833299,8.96
2022-07-10,23.77,46.99,29.24,90,6717421,72.24,164,6150928,66.14,229,4506189,48.46,470,833769,8.97
2022-07-11,23.22,47.54,29.24,64,6717485,72.24,142,6151070,66.15,248,4506437,48.46,575,834344,8.97
2022-07-12,22.13,48.63,29.24,69,6717554,72.24,129,6151199,66.15,207,4506644,48.46,558,834902,8.98
2022-07-13,21.1,49.66,29.24,43,6717597,72.24,101,6151300,66.15,165,4506809,48.46,488,835390,8.98
2022-07-14,20.12,50.63,29.24,70,6717667,72.24,147,6151447,66.15,208,4507017,48.47,513,835903,8.99
2022-07-15,19.27,51.48,29.25,64,6717731,72.24,88,6151535,66.15,127,4507144,48.47,168,836071,8.99
2022-07-16,18.29,52.46,29.25,0,6717731,72.24,6,6151541,66.15,7,4507151,48.47,8,836079,8.99
2022-07-17,17.83,52.92,29.25,77,6717808,72.24,183,6151724,66.15,241,4507392,48.47,468,836547,9
2022-07-18,17.48,53.26,29.26,62,6717870,72.24,158,6151882,66.15,207,4507599,48.47,511,837058,9
2022-07-19,16.77,53.97,29.26,62,6717932,72.24,147,6152029,66.16,174,4507773,48.47,368,837426,9.01
2022-07-20,16.09,54.64,29.26,51,6717983,72.24,134,6152163,66.16,137,4507910,48.48,423,837849,9.01
2022-07-21,15.43,55.3,29.27,62,6718045,72.24,160,6152323,66.16,176,4508086,48.48,341,838190,9.01
2022-07-22,14.64,56.08,29.28,10,6718055,72.24,36,6152359,66.16,43,4508129,48.48,56,838246,9.01
2022-07-23,14.17,56.55,29.28,0,6718055,72.24,4,6152363,66.16,4,4508133,48.48,9,838255,9.01
2022-07-24,13.55,57.16,29.29,58,6718113,72.24,128,6152491,66.16,197,4508330,48.48,364,838619,9.02
2022-07-25,13.09,57.61,29.3,48,6718161,72.24,107,6152598,66.16,172,4508502,48.48,336,838955,9.02
2022-07-26,12.46,58.23,29.3,47,6718208,72.24,99,6152697,66.16,111,4508613,48.48,270,839225,9.02
2022-07-27,11.89,58.8,29.31,44,6718252,72.24,125,6152822,66.16,132,4508745,48.48,243,839468,9.03
2022-07-28,11.35,59.34,29.31,62,6718314,72.25,143,6152965,66.17,148,4508893,48.49,221,839689,9.03
2022-07-29,10.85,59.83,29.32,10,6718324,72.25,25,6152990,66.17,27,4508920,48.49,31,839720,9.03
2022-07-30,10.34,60.33,29.33,0,6718324,72.25,0,6152990,66.17,1,4508921,48.49,1,839721,9.03
2022-07-31,9.97,60.7,29.33,56,6718380,72.25,134,6153124,66.17,131,4509052,48.49,252,839973,9.03
2022-08-01,9.47,61.19,29.34,54,6718434,72.25,76,6153200,66.17,91,4509143,48.49,152,840125,9.03
2022-08-02,8.92,61.73,29.35,111,6718545,72.25,119,6153319,66.17,157,4509300,48.49,264,840389,9.04
2022-08-03,8.46,62.19,29.35,76,6718621,72.25,71,6153390,66.17,92,4509392,48.49,181,840570,9.04
2022-08-04,8.04,62.61,29.36,133,6718754,72.25,133,6153523,66.17,111,4509503,48.49,246,840816,9.04
2022-08-05,7.71,62.93,29.36,31,6718785,72.25,23,6153546,66.17,13,4509516,48.49,24,840840,9.04
2022-08-06,7.32,63.32,29.36,1,6718786,72.25,2,6153548,66.17,3,4509519,48.49,5,840845,9.04
2022-08-07,6.92,63.71,29.37,89,6718875,72.25,97,6153645,66.17,69,4509588,48.49,169,841014,9.04
2022-08-08,6.74,63.89,29.37,109,6718984,72.25,92,6153737,66.17,92,4509680,48.49,172,841186,9.05
2022-08-09,6.25,64.37,29.38,96,6719080,72.25,90,6153827,66.18,99,4509779,48.5,213,841399,9.05
2022-08-10,5.91,64.71,29.38,77,6719157,72.25,60,6153887,66.18,76,4509855,48.5,115,841514,9.05
2022-08-11,5.59,65.03,29.38,54,6719211,72.26,101,6153988,66.18,91,4509946,48.5,156,841670,9.05
2022-08-12,5.35,65.27,29.38,8,6719219,72.26,12,6154000,66.18,18,4509964,48.5,29,841699,9.05
2022-08-13,5.1,65.52,29.38,0,6719219,72.26,2,6154002,66.18,2,4509966,48.5,3,841702,9.05
2022-08-14,4.87,65.75,29.39,74,6719293,72.26,75,6154077,66.18,82,4510048,48.5,150,841852,9.05
2022-08-15,4.74,65.87,29.39,69,6719362,72.26,80,6154157,66.18,92,4510140,48.5,144,841996,9.05
2022-08-16,4.46,66.15,29.39,82,6719444,72.26,84,6154241,66.18,84,4510224,48.5,187,842183,9.06
2022-08-17,4.16,66.44,29.39,46,6719490,72.26,56,6154297,66.18,36,4510260,48.5,116,842299,9.06
2022-08-18,3.98,66.63,29.39,70,6719560,72.26,93,6154390,66.18,120,4510380,48.5,173,842472,9.06
2022-08-19,3.83,66.78,29.39,79,6719639,72.26,67,6154457,66.18,56,4510436,48.5,38,842510,9.06
2022-08-20,3.67,66.94,29.39,1,6719640,72.26,1,6154458,66.18,3,4510439,48.5,3,842513,9.06
2022-08-21,3.52,67.08,29.4,52,6719692,72.26,85,6154543,66.18,84,4510523,48.5,197,842710,9.06
2022-08-22,3.44,67.16,29.4,89,6719781,72.26,74,6154617,66.18,103,4510626,48.5,144,842854,9.06
2022-08-23,3.27,67.33,29.4,72,6719853,72.26,106,6154723,66.18,84,4510710,48.51,180,843034,9.07
2022-08-24,3.15,67.46,29.4,38,6719891,72.26,80,6154803,66.19,49,4510759,48.51,133,843167,9.07
2022-08-25,3.03,67.57,29.4,53,6719944,72.26,75,6154878,66.19,98,4510857,48.51,193,843360,9.07
2022-08-26,2.94,67.66,29.4,4,6719948,72.26,15,6154893,66.19,9,4510866,48.51,14,843374,9.07
2022-08-27,2.84,67.76,29.4,0,6719948,72.26,0,6154893,66.19,0,4510866,48.51,0,843374,9.07
2022-08-28,2.75,67.85,29.4,55,6720003,72.26,80,6154973,66.19,85,4510951,48.51,102,843476,9.07
2022-08-29,2.69,67.91,29.4,48,6720051,72.26,68,6155041,66.19,89,4511040,48.51,107,843583,9.07
2022-08-30,2.6,68,29.4,85,6720136,72.27,113,6155154,66.19,85,4511125,48.51,131,843714,9.07
2022-08-31,2.53,68.07,29.4,42,6720178,72.27,89,6155243,66.19,70,4511195,48.51,96,843810,9.07
2022-09-01,2.46,68.14,29.4,29,6720207,72.27,84,6155327,66.19,58,4511253,48.51,113,843923,9.08
2022-09-02,2.4,68.2,29.4,6,6720213,72.27,20,6155347,66.19,13,4511266,48.51,10,843933,9.08
2022-09-03,2.33,68.27,29.4,2,6720215,72.27,0,6155347,66.19,3,4511269,48.51,1,843934,9.08
2022-09-04,2.27,68.32,29.4,64,6720279,72.27,133,6155480,66.19,80,4511349,48.51,121,844055,9.08
2022-09-05,2.23,68.37,29.4,44,6720323,72.27,77,6155557,66.19,58,4511407,48.51,90,844145,9.08
2022-09-06,2.17,68.42,29.4,60,6720383,72.27,104,6155661,66.19,78,4511485,48.51,130,844275,9.08
2022-09-07,2.12,68.47,29.4,28,6720411,72.27,63,6155724,66.2,53,4511538,48.51,95,844370,9.08
2022-09-08,2.07,68.53,29.4,50,6720461,72.27,103,6155827,66.2,70,4511608,48.52,77,844447,9.08
2022-09-09,2.03,68.57,29.4,10,6720471,72.27,21,6155848,66.2,16,4511624,48.52,17,844464,9.08
2022-09-10,1.97,68.62,29.4,1,6720472,72.27,0,6155848,66.2,5,4511629,48.52,2,844466,9.08
2022-09-11,1.92,68.67,29.41,39,6720511,72.27,117,6155965,66.2,78,4511707,48.52,116,844582,9.08
2022-09-12,1.88,68.71,29.41,24,6720535,72.27,72,6156037,66.2,52,4511759,48.52,68,844650,9.08
2022-09-13,1.82,68.77,29.41,44,6720579,72.27,113,6156150,66.2,54,4511813,48.52,103,844753,9.08
2022-09-14,1.78,68.82,29.41,21,6720600,72.27,64,6156214,66.2,54,4511867,48.52,62,844815,9.08
2022-09-15,1.73,68.86,29.41,32,6720632,72.27,77,6156291,66.2,63,4511930,48.52,107,844922,9.09
2022-09-16,1.7,68.89,29.41,51,6720683,72.27,52,6156343,66.2,27,4511957,48.52,28,844950,9.09
2022-09-17,1.66,68.93,29.41,3,6720686,72.27,0,6156343,66.2,1,4511958,48.52,0,844950,9.09
2022-09-18,1.63,68.96,29.41,28,6720714,72.27,66,6156409,66.2,52,4512010,48.52,115,845065,9.09
2022-09-19,1.61,68.98,29.41,28,6720742,72.27,74,6156483,66.2,44,4512054,48.52,57,845122,9.09
2022-09-20,1.56,69.03,29.41,41,6720783,72.27,93,6156576,66.2,75,4512129,48.52,102,845224,9.09
2022-09-21,1.55,69.05,29.41,22,6720805,72.27,54,6156630,66.21,29,4512158,48.52,56,845280,9.09
2022-09-22,1.52,69.07,29.4,42,6720847,72.27,56,6156686,66.21,27,4512185,48.52,41,845321,9.09
2022-09-23,1.5,69.1,29.41,7,6720854,72.27,11,6156697,66.21,4,4512189,48.52,1,845322,9.09
2022-09-24,1.47,69.13,29.41,0,6720854,72.27,0,6156697,66.21,1,4512190,48.52,0,845322,9.09
2022-09-25,1.46,69.13,29.41,5,6720859,72.27,20,6156717,66.21,10,4512200,48.52,27,845349,9.09
2022-09-26,1.46,69.13,29.41,0,6720859,72.27,5,6156722,66.21,3,4512203,48.52,2,845351,9.09
2022-09-27,1.42,69.17,29.41,2,6720861,72.27,0,6156722,66.21,3,4512206,48.52,3,845354,9.09
2022-09-28,1.39,69.21,29.41,24,6720885,72.27,36,6156758,66.21,25,4512231,48.52,17,845371,9.09
2022-09-29,1.37,69.22,29.41,32,6720917,72.27,61,6156819,66.21,13,4512244,48.52,48,845419,9.09
2022-09-30,1.35,69.24,29.41,4,6720921,72.27,12,6156831,66.21,2,4512246,48.52,0,845419,9.09
2022-10-01,1.31,69.29,29.41,0,6720921,72.27,1,6156832,66.21,1,4512247,48.52,1,845420,9.09
2022-10-02,1.31,69.29,29.41,28,6720949,72.27,51,6156883,66.21,20,4512267,48.52,73,845493,9.09
2022-10-03,1.31,69.28,29.4,23,6720972,72.27,29,6156912,66.21,13,4512280,48.52,12,845505,9.09
2022-10-04,1.27,69.32,29.4,7,6720979,72.27,11,6156923,66.21,0,4512280,48.52,2,845507,9.09
2022-10-05,1.28,69.31,29.4,1,6720980,72.27,0,6156923,66.21,0,4512280,48.52,1,845508,9.09
2022-10-06,1.31,69.28,29.4,17,6720997,72.27,43,6156966,66.21,10,4512290,48.52,20,845528,9.09
2022-10-07,1.3,69.29,29.41,3,6721000,72.27,3,6156969,66.21,4,4512294,48.52,0,845528,9.09
2022-10-08,1.26,69.33,29.41,1,6721001,72.27,1,6156970,66.21,0,4512294,48.52,1,845529,9.09
2022-10-09,1.31,69.28,29.41,7,6721008,72.27,22,6156992,66.21,6,4512300,48.52,5,845534,9.09
2022-10-10,1.38,69.22,29.4,5,6721013,72.27,2,6156994,66.21,0,4512300,48.52,0,845534,9.09
2022-10-11,1.36,69.24,29.4,12,6721025,72.27,32,6157026,66.21,1,4512301,48.52,32,845566,9.09
2022-10-12,1.34,69.26,29.4,13,6721038,72.27,24,6157050,66.21,5,4512306,48.52,4,845570,9.09
2022-10-13,1.4,69.2,29.4,17,6721055,72.27,16,6157066,66.21,5,4512311,48.52,9,845579,9.09
2022-10-14,1.4,69.2,29.4,6,6721061,72.28,7,6157073,66.21,4,4512315,48.52,3,845582,9.09
2022-10-15,1.38,69.22,29.4,0,6721061,72.28,1,6157074,66.21,0,4512315,48.52,1,845583,9.09
2022-10-16,1.39,69.2,29.4,5,6721066,72.28,13,6157087,66.21,5,4512320,48.52,8,845591,9.09
2022-10-17,1.39,69.2,29.4,1,6721067,72.28,1,6157088,66.21,4,4512324,48.52,1,845592,9.09
2022-10-18,1.43,69.17,29.4,24,6721091,72.28,31,6157119,66.21,14,4512338,48.52,16,845608,9.09
2022-10-19,1.47,69.12,29.4,18,6721109,72.28,25,6157144,66.21,7,4512345,48.52,3,845611,9.09
2022-10-20,1.5,69.1,29.4,26,6721135,72.28,44,6157188,66.21,12,4512357,48.52,4,845615,9.09
2022-10-21,1.5,69.09,29.4,4,6721139,72.28,7,6157195,66.21,2,4512359,48.52,4,845619,9.09
2022-10-22,1.49,69.1,29.4,0,6721139,72.28,0,6157195,66.21,0,4512359,48.52,0,845619,9.09
2022-10-23,1.51,69.08,29.4,15,6721154,72.28,33,6157228,66.21,18,4512377,48.52,10,845629,9.09
2022-10-24,1.51,69.08,29.41,20,6721174,72.28,16,6157244,66.21,19,4512396,48.52,9,845638,9.09
2022-10-25,1.55,69.04,29.4,18,6721192,72.28,34,6157278,66.21,23,4512419,48.52,21,845659,9.09
2022-10-26,1.61,68.99,29.4,18,6721210,72.28,25,6157303,66.21,8,4512427,48.52,10,845669,9.09
2022-10-27,1.67,68.93,29.4,17,6721227,72.28,27,6157330,66.21,14,4512441,48.52,17,845686,9.09
2022-10-28,1.67,68.93,29.4,60,6721287,72.28,51,6157381,66.21,31,4512472,48.52,18,845704,9.09
2022-10-29,1.66,68.94,29.4,0,6721287,72.28,0,6157381,66.21,0,4512472,48.52,0,845704,9.09
2022-10-30,1.71,68.89,29.4,15,6721302,72.28,23,6157404,66.21,15,4512487,48.53,9,845713,9.09
2022-10-31,1.76,68.84,29.4,17,6721319,72.28,16,6157420,66.21,8,4512495,48.53,10,845723,9.09
2022-11-01,1.82,68.78,29.4,3,6721322,72.28,1,6157421,66.21,1,4512496,48.53,0,845723,9.09
2022-11-02,1.88,68.72,29.4,14,6721336,72.28,14,6157435,66.21,7,4512503,48.53,8,845731,9.09
2022-11-03,1.96,68.64,29.4,17,6721353,72.28,18,6157453,66.21,11,4512514,48.53,8,845739,9.09
2022-11-04,1.98,68.63,29.4,4,6721357,72.28,6,6157459,66.21,1,4512515,48.53,2,845741,9.09
2022-11-05,1.97,68.63,29.4,0,6721357,72.28,0,6157459,66.21,0,4512515,48.53,0,845741,9.09
2022-11-06,2.03,68.57,29.4,27,6721384,72.28,33,6157492,66.21,11,4512526,48.53,23,845764,9.09
2022-11-07,2.1,68.51,29.4,15,6721399,72.28,11,6157503,66.21,10,4512536,48.53,54,845818,9.1
2022-11-08,2.1,68.5,29.4,28,6721427,72.28,26,6157529,66.22,14,4512550,48.53,9,845827,9.1
2022-11-09,2.16,68.45,29.4,16,6721443,72.28,20,6157549,66.22,17,4512567,48.53,9,845836,9.1
2022-11-10,2.22,68.39,29.4,28,6721471,72.28,17,6157566,66.22,12,4512579,48.53,6,845842,9.1
2022-11-11,2.23,68.37,29.4,1,6721472,72.28,17,6157583,66.22,2,4512581,48.53,1,845843,9.1
2022-11-12,2.22,68.38,29.4,1,6721473,72.28,0,6157583,66.22,2,4512583,48.53,0,845843,9.1
2022-11-13,2.29,68.31,29.4,29,6721502,72.28,31,6157614,66.22,17,4512600,48.53,8,845851,9.1
2022-11-14,2.37,68.23,29.4,20,6721522,72.28,17,6157631,66.22,21,4512621,48.53,16,845867,9.1
2022-11-15,2.43,68.17,29.4,40,6721562,72.28,25,6157656,66.22,16,4512637,48.53,18,845885,9.1
2022-11-16,2.5,68.1,29.4,14,6721576,72.28,27,6157683,66.22,16,4512653,48.53,11,845896,9.1
2022-11-17,2.59,68.02,29.4,19,6721595,72.28,33,6157716,66.22,18,4512671,48.53,5,845901,9.1
2022-11-18,2.61,67.99,29.4,6,6721601,72.28,4,6157720,66.22,4,4512675,48.53,0,845901,9.1
2022-11-19,2.6,68,29.4,0,6721601,72.28,0,6157720,66.22,0,4512675,48.53,0,845901,9.1
2022-11-20,2.67,67.93,29.4,19,6721620,72.28,20,6157740,66.22,6,4512681,48.53,13,845914,9.1
2022-11-21,2.76,67.85,29.4,14,6721634,72.28,13,6157753,66.22,6,4512687,48.53,7,845921,9.1
2022-11-22,2.83,67.77,29.4,27,6721661,72.28,13,6157766,66.22,17,4512704,48.53,6,845927,9.1
2022-11-23,2.9,67.7,29.4,17,6721678,72.28,21,6157787,66.22,4,4512708,48.53,8,845935,9.1
2022-11-24,2.98,67.62,29.4,9,6721687,72.28,16,6157803,66.22,13,4512721,48.53,27,845962,9.1
2022-11-25,3,67.6,29.4,12,6721699,72.28,51,6157854,66.22,14,4512735,48.53,12,845974,9.1
2022-11-26,3,67.61,29.4,0,6721699,72.28,2,6157856,66.22,0,4512735,48.53,0,845974,9.1
2022-11-27,3.06,67.54,29.4,14,6721713,72.28,15,6157871,66.22,19,4512754,48.53,2,845976,9.1
2022-11-28,3.14,67.47,29.4,8,6721721,72.28,23,6157894,66.22,8,4512762,48.53,6,845982,9.1
2022-11-29,3.2,67.4,29.4,38,6721759,72.28,31,6157925,66.22,19,4512781,48.53,14,845996,9.1
2022-11-30,3.27,67.34,29.39,12,6721771,72.28,25,6157950,66.22,20,4512801,48.53,8,846004,9.1
2022-12-01,3.34,67.26,29.39,13,6721784,72.28,18,6157968,66.22,15,4512816,48.53,4,846008,9.1
2022-12-02,3.36,67.24,29.39,2,6721786,72.28,7,6157975,66.22,4,4512820,48.53,10,846018,9.1
2022-12-03,3.36,67.24,29.39,0,6721786,72.28,0,6157975,66.22,0,4512820,48.53,1,846019,9.1
2022-12-04,3.42,67.18,29.39,38,6721824,72.28,27,6158002,66.22,30,4512850,48.53,26,846045,9.1
2022-12-05,3.48,67.12,29.4,9,6721833,72.28,17,6158019,66.22,11,4512861,48.53,21,846066,9.1
2022-12-06,3.55,67.06,29.39,32,6721865,72.28,26,6158045,66.22,27,4512888,48.53,8,846074,9.1
2022-12-07,3.62,66.99,29.39,10,6721875,72.28,17,6158062,66.22,8,4512896,48.53,8,846082,9.1
2022-12-08,3.69,66.91,29.39,19,6721894,72.28,31,6158093,66.22,15,4512911,48.53,3,846085,9.1
2022-12-09,3.71,66.9,29.39,4,6721898,72.28,1,6158094,66.22,1,4512912,48.53,7,846092,9.1
2022-12-10,3.7,66.91,29.39,1,6721899,72.28,0,6158094,66.22,2,4512914,48.53,0,846092,9.1
2022-12-11,3.76,66.84,29.39,16,6721915,72.28,22,6158116,66.22,15,4512929,48.53,16,846108,9.1
2022-12-12,3.82,66.78,29.39,15,6721930,72.28,14,6158130,66.22,5,4512934,48.53,0,846108,9.1
2022-12-13,3.87,66.73,29.39,17,6721947,72.28,44,6158174,66.22,18,4512952,48.53,13,846121,9.1
2022-12-14,3.92,66.69,29.39,17,6721964,72.28,16,6158190,66.22,7,4512959,48.53,3,846124,9.1
2022-12-15,3.97,66.64,29.39,22,6721986,72.28,19,6158209,66.22,7,4512966,48.53,12,846136,9.1
2022-12-16,3.98,66.62,29.39,12,6721998,72.29,4,6158213,66.22,1,4512967,48.53,0,846136,9.1
2022-12-17,3.97,66.63,29.39,0,6721998,72.29,0,6158213,66.22,0,4512967,48.53,0,846136,9.1
2022-12-18,4.01,66.59,29.39,9,6722007,72.29,18,6158231,66.22,8,4512975,48.53,3,846139,9.1
2022-12-19,4.06,66.54,29.4,7,6722014,72.29,14,6158245,66.22,12,4512987,48.53,1,846140,9.1
2022-12-20,4.1,66.51,29.39,12,6722026,72.29,17,6158262,66.22,2,4512989,48.53,2,846142,9.1
2022-12-21,4.14,66.47,29.39,9,6722035,72.29,14,6158276,66.22,13,4513002,48.53,3,846145,9.1
2022-12-22,4.18,66.42,29.39,4,6722039,72.29,10,6158286,66.22,14,4513016,48.53,1,846146,9.1
2022-12-23,4.19,66.42,29.39,10,6722049,72.29,0,6158286,66.22,2,4513018,48.53,0,846146,9.1
2022-12-24,4.18,66.43,29.39,0,6722049,72.29,0,6158286,66.22,0,4513018,48.53,0,846146,9.1
2022-12-25,4.21,66.4,29.39,6,6722055,72.29,17,6158303,66.22,1,4513019,48.53,2,846148,9.1
2022-12-26,4.24,66.36,29.39,17,6722072,72.29,6,6158309,66.22,13,4513032,48.53,0,846148,9.1
2022-12-27,4.25,66.36,29.39,24,6722096,72.29,24,6158333,66.22,17,4513049,48.53,7,846155,9.1
2022-12-28,4.26,66.34,29.39,17,6722113,72.29,18,6158351,66.22,25,4513074,48.53,64,846219,9.1
2022-12-29,4.28,66.33,29.39,15,6722128,72.29,23,6158374,66.22,14,4513088,48.53,4,846223,9.1
2022-12-30,4.27,66.33,29.4,4,6722132,72.29,5,6158379,66.22,3,4513091,48.53,1,846224,9.1
2022-12-31,4.26,66.35,29.4,0,6722132,72.29,1,6158380,66.22,0,4513091,48.53,0,846224,9.1
2023-01-01,4.27,66.33,29.4,8,6722140,72.29,23,6158403,66.22,2,4513093,48.53,1,846225,9.1
2023-01-02,4.29,66.31,29.4,10,6722150,72.29,8,6158411,66.22,3,4513096,48.53,1,846226,9.1
2023-01-03,4.3,66.3,29.4,20,6722170,72.29,17,6158428,66.22,7,4513103,48.53,4,846230,9.1
2023-01-04,4.3,66.3,29.4,7,6722177,72.29,11,6158439,66.22,4,4513107,48.53,2,846232,9.1
2023-01-05,4.31,66.29,29.39,13,6722190,72.29,19,6158458,66.22,11,4513118,48.53,4,846236,9.1
2023-01-06,4.31,66.29,29.4,2,6722192,72.29,1,6158459,66.22,1,4513119,48.53,0,846236,9.1
2023-01-07,4.3,66.31,29.4,1,6722193,72.29,0,6158459,66.22,0,4513119,48.53,0,846236,9.1
2023-01-08,4.33,66.28,29.4,15,6722208,72.29,33,6158492,66.23,10,4513129,48.53,2,846238,9.1
2023-01-09,4.34,66.26,29.4,12,6722220,72.29,20,6158512,66.23,1,4513130,48.53,1,846239,9.1
2023-01-10,4.35,66.25,29.4,39,6722259,72.29,27,6158539,66.23,10,4513140,48.53,4,846243,9.1
2023-01-11,4.36,66.25,29.4,15,6722274,72.29,17,6158556,66.23,11,4513151,48.53,2,846245,9.1
2023-01-12,4.37,66.24,29.39,23,6722297,72.29,20,6158576,66.23,12,4513163,48.53,2,846247,9.1
2023-01-13,4.36,66.24,29.4,3,6722300,72.29,2,6158578,66.23,0,4513163,48.53,0,846247,9.1
2023-01-14,4.35,66.25,29.4,1,6722301,72.29,0,6158578,66.23,0,4513163,48.53,0,846247,9.1
2023-01-15,4.36,66.24,29.4,17,6722318,72.29,17,6158595,66.23,4,4513167,48.53,3,846250,9.1
2023-01-16,4.38,66.22,29.4,9,6722327,72.29,15,6158610,66.23,6,4513173,48.53,0,846250,9.1
2023-01-17,4.38,66.22,29.4,15,6722342,72.29,15,6158625,66.23,6,4513179,48.53,1,846251,9.1
2023-01-18,4.39,66.21,29.4,7,6722349,72.29,8,6158633,66.23,4,4513183,48.53,1,846252,9.1
2023-01-19,4.4,66.2,29.4,13,6722362,72.29,15,6158648,66.23,2,4513185,48.53,4,846256,9.1
2023-01-20,4.39,66.2,29.4,5,6722367,72.29,2,6158650,66.23,0,4513185,48.53,1,846257,9.1
2023-01-21,4.39,66.21,29.4,0,6722367,72.29,1,6158651,66.23,0,4513185,48.53,0,846257,9.1
2023-01-22,4.4,66.2,29.4,9,6722376,72.29,3,6158654,66.23,8,4513193,48.53,4,846261,9.1
2023-01-23,4.41,66.19,29.4,11,6722387,72.29,5,6158659,66.23,6,4513199,48.53,0,846261,9.1
2023-01-24,4.41,66.19,29.4,21,6722408,72.29,21,6158680,66.23,11,4513210,48.53,2,846263,9.1
2023-01-25,4.41,66.18,29.4,5,6722413,72.29,5,6158685,66.23,0,4513210,48.53,2,846265,9.1
2023-01-26,4.42,66.18,29.4,10,6722423,72.29,15,6158700,66.23,9,4513219,48.53,2,846267,9.1
2023-01-27,4.41,66.18,29.4,0,6722423,72.29,9,6158709,66.23,0,4513219,48.53,0,846267,9.1
2023-01-28,4.41,66.19,29.4,0,6722423,72.29,0,6158709,66.23,0,4513219,48.53,0,846267,9.1
2023-01-29,4.41,66.19,29.41,11,6722434,72.29,9,6158718,66.23,5,4513224,48.53,2,846269,9.1
2023-01-30,4.42,66.17,29.41,9,6722443,72.29,17,6158735,66.23,2,4513226,48.53,1,846270,9.1
2023-01-31,4.42,66.17,29.41,21,6722464,72.29,23,6158758,66.23,2,4513228,48.53,1,846271,9.1
2023-02-01,4.32,64.71,30.96,10,6722474,72.29,11,6158769,66.23,4,4513232,48.53,0,846271,9.1
2023-02-02,4.33,64.71,30.96,15,6722489,72.29,31,6158800,66.23,3,4513235,48.53,0,846271,9.1
2023-02-03,4.32,64.71,30.97,3,6722492,72.29,1,6158801,66.23,0,4513235,48.53,1,846272,9.1
2023-02-04,4.32,64.72,30.97,0,6722492,72.29,0,6158801,66.23,0,4513235,48.53,0,846272,9.1
2023-02-05,4.32,64.71,30.97,17,6722509,72.29,10,6158811,66.23,6,4513241,48.53,4,846276,9.1
2023-02-06,4.33,64.7,30.97,17,6722526,72.29,13,6158824,66.23,4,4513245,48.53,0,846276,9.1
2023-02-07,4.33,64.7,30.97,22,6722548,72.29,22,6158846,66.23,8,4513253,48.53,2,846278,9.1
2023-02-08,4.33,64.7,30.97,15,6722563,72.29,15,6158861,66.23,1,4513254,48.53,0,846278,9.1
2023-02-09,4.33,64.7,30.97,35,6722598,72.29,34,6158895,66.23,5,4513259,48.53,2,846280,9.1
2023-02-10,4.33,64.7,30.97,2,6722600,72.29,3,6158898,66.23,2,4513261,48.53,0,846280,9.1
2023-02-11,4.33,64.7,30.97,2,6722602,72.29,1,6158899,66.23,0,4513261,48.53,0,846280,9.1
2023-02-12,4.33,64.7,30.97,15,6722617,72.29,22,6158921,66.23,3,4513264,48.53,2,846282,9.1
2023-02-13,4.33,64.7,30.97,14,6722631,72.29,20,6158941,66.23,9,4513273,48.53,2,846284,9.1
2023-02-14,4.33,64.7,30.97,20,6722651,72.29,8,6158949,66.23,7,4513280,48.53,5,846289,9.1
2023-02-15,4.33,64.7,30.97,10,6722661,72.29,17,6158966,66.23,3,4513283,48.53,0,846289,9.1
2023-02-16,4.33,64.7,30.97,22,6722683,72.29,24,6158990,66.23,2,4513285,48.53,0,846289,9.1
2023-02-17,4.33,64.7,30.97,5,6722688,72.29,2,6158992,66.23,1,4513286,48.53,0,846289,9.1
2023-02-18,4.33,64.7,30.97,0,6722688,72.29,1,6158993,66.23,0,4513286,48.53,0,846289,9.1
2023-02-19,4.33,64.7,30.98,16,6722704,72.29,15,6159008,66.23,3,4513289,48.53,0,846289,9.1
2023-02-20,4.33,64.69,30.98,9,6722713,72.29,10,6159018,66.23,1,4513290,48.53,0,846289,9.1
2023-02-21,4.33,64.69,30.98,39,6722752,72.29,19,6159037,66.23,6,4513296,48.53,1,846290,9.1
2023-02-22,4.33,64.7,30.98,3,6722755,72.29,9,6159046,66.23,8,4513304,48.53,0,846290,9.1
2023-02-23,4.33,64.7,30.97,11,6722766,72.29,23,6159069,66.23,5,4513309,48.53,2,846292,9.1
2023-02-24,4.33,64.7,30.98,0,6722766,72.29,6,6159075,66.23,1,4513310,48.53,0,846292,9.1
2023-02-25,4.32,64.7,30.98,3,6722769,72.29,0,6159075,66.23,1,4513311,48.53,0,846292,9.1
2023-02-26,4.32,64.7,30.98,11,6722780,72.29,21,6159096,66.23,1,4513312,48.53,1,846293,9.1
2023-02-27,4.32,64.7,30.98,11,6722791,72.29,26,6159122,66.23,2,4513314,48.53,2,846295,9.1
2023-02-28,4.32,64.7,30.98,7,6722798,72.29,21,6159143,66.23,4,4513318,48.53,2,846297,9.1
2023-03-01,4.32,64.7,30.98,3,6722801,72.29,15,6159158,66.23,1,4513319,48.53,0,846297,9.1
2023-03-02,4.32,64.7,30.98,8,6722809,72.29,36,6159194,66.23,4,4513323,48.53,0,846297,9.1
2023-03-03,4.32,64.7,30.98,2,6722811,72.29,3,6159197,66.23,0,4513323,48.53,0,846297,9.1
2023-03-04,4.32,64.71,30.98,2,6722813,72.29,2,6159199,66.23,0,4513323,48.53,0,846297,9.1
2023-03-05,4.32,64.7,30.98,14,6722827,72.29,30,6159229,66.23,2,4513325,48.53,2,846299,9.1
2023-03-06,4.32,64.7,30.98,17,6722844,72.29,25,6159254,66.23,3,4513328,48.53,0,846299,9.1
2023-03-07,4.32,64.7,30.98,8,6722852,72.29,7,6159261,66.23,2,4513330,48.53,0,846299,9.1
2023-03-08,4.32,64.7,30.98,1,6722853,72.29,22,6159283,66.23,3,4513333,48.53,0,846299,9.1
2023-03-09,4.32,64.71,30.98,15,6722868,72.29,46,6159329,66.23,8,4513341,48.53,0,846299,9.1
2023-03-10,4.31,64.71,30.98,2,6722870,72.29,1,6159330,66.23,2,4513343,48.53,0,846299,9.1
2023-03-11,4.31,64.71,30.98,0,6722870,72.29,0,6159330,66.23,0,4513343,48.53,0,846299,9.1
2023-03-12,4.31,64.71,30.98,10,6722880,72.29,21,6159351,66.23,4,4513347,48.53,1,846300,9.1
2023-03-13,4.31,64.71,30.98,6,6722886,72.29,8,6159359,66.23,1,4513348,48.53,0,846300,9.1
2023-03-14,4.31,64.71,30.98,14,6722900,72.29,15,6159374,66.23,1,4513349,48.53,1,846301,9.1
2023-03-15,4.31,64.71,30.98,4,6722904,72.29,9,6159383,66.23,2,4513351,48.53,0,846301,9.1
2023-03-16,4.31,64.71,30.98,8,6722912,72.29,30,6159413,66.24,2,4513353,48.53,2,846303,9.1
2023-03-17,4.31,64.71,30.98,0,6722912,72.29,4,6159417,66.24,0,4513353,48.53,0,846303,9.1
2023-03-18,4.3,64.71,30.98,0,6722912,72.29,0,6159417,66.24,0,4513353,48.53,0,846303,9.1
2023-03-19,4.3,64.71,30.99,4,6722916,72.29,25,6159442,66.24,4,4513357,48.53,0,846303,9.1
2023-03-20,4.3,64.71,30.99,5,6722921,72.3,21,6159463,66.24,4,4513361,48.53,0,846303,9.1
2023-03-21,4.3,64.71,30.99,14,6722935,72.3,21,6159484,66.24,6,4513367,48.53,0,846303,9.1
2023-03-22,4.3,64.71,30.99,2,6722937,72.3,8,6159492,66.24,0,4513367,48.53,0,846303,9.1
2023-03-23,4.3,64.71,30.99,7,6722944,72.3,11,6159503,66.24,2,4513369,48.53,0,846303,9.1
2023-03-24,4.3,64.71,30.99,0,6722944,72.3,2,6159505,66.24,0,4513369,48.53,1,846304,9.1
2023-03-25,4.3,64.71,30.99,0,6722944,72.3,0,6159505,66.24,0,4513369,48.53,0,846304,9.1
2023-03-26,4.3,64.71,30.99,4,6722948,72.3,15,6159520,66.24,4,4513373,48.53,3,846307,9.1
2023-03-27,4.3,64.71,31,1,6722949,72.3,12,6159532,66.24,1,4513374,48.53,0,846307,9.1
2023-03-28,4.29,64.71,31,4,6722953,72.3,16,6159548,66.24,0,4513374,48.53,0,846307,9.1
2023-03-29,4.29,64.71,31,2,6722955,72.3,10,6159558,66.24,5,4513379,48.53,0,846307,9.1
2023-03-30,4.29,64.71,31,10,6722965,72.3,18,6159576,66.24,1,4513380,48.53,1,846308,9.1
2023-03-31,4.29,64.71,31,0,6722965,72.3,0,6159576,66.24,1,4513381,48.53,0,846308,9.1
2023-04-01,4.27,64.73,31,0,6722965,72.3,0,6159576,66.24,0,4513381,48.53,0,846308,9.1
2023-04-02,4.25,64.75,31,7,6722972,72.3,10,6159586,66.24,1,4513382,48.53,0,846308,9.1
2023-04-03,4.26,64.74,31,1,6722973,72.3,6,6159592,66.24,2,4513384,48.53,0,846308,9.1
2023-04-04,4.24,64.75,31,2,6722975,72.3,7,6159599,66.24,5,4513389,48.53,0,846308,9.1
2023-04-05,4.24,64.76,31,2,6722977,72.3,5,6159604,66.24,1,4513390,48.53,0,846308,9.1
2023-04-06,4.24,64.76,31,0,6722977,72.3,2,6159606,66.24,0,4513390,48.53,0,846308,9.1
2023-04-07,4.2,64.8,31,0,6722977,72.3,4,6159610,66.24,0,4513390,48.53,0,846308,9.1
2023-04-08,4.14,64.86,31,0,6722977,72.3,0,6159610,66.24,0,4513390,48.53,0,846308,9.1
2023-04-09,4.12,64.87,31,2,6722979,72.3,8,6159618,66.24,0,4513390,48.53,0,846308,9.1
2023-04-10,4.12,64.87,31,1,6722980,72.3,6,6159624,66.24,0,4513390,48.53,0,846308,9.1
2023-04-11,4.07,64.93,31,5,6722985,72.3,5,6159629,66.24,0,4513390,48.53,0,846308,9.1
2023-04-12,4.01,64.99,31,0,6722985,72.3,1,6159630,66.24,0,4513390,48.53,0,846308,9.1
2023-04-13,3.99,65,31,7,6722992,72.3,9,6159639,66.24,1,4513391,48.53,0,846308,9.1
2023-04-14,3.99,65,31,2,6722994,72.3,1,6159640,66.24,0,4513391,48.53,0,846308,9.1
2023-04-15,3.91,65.08,31,0,6722994,72.3,1,6159641,66.24,0,4513391,48.53,0,846308,9.1
2023-04-16,3.9,65.1,31,3,6722997,72.3,12,6159653,66.24,6,4513397,48.53,1,846309,9.1
