Date,Valid vaccinated pop. perc.,Expired vaccinated pop. perc.,Not vaccinated pop. perc.,Vaccinated (daily),Vaccinated (cumu),Vaccinated pop. perc.,Second dose (daily),Second dose (cumu),Second dose pop. perc.,Third dose (daily),Third dose (cumu),Third dose pop. perc.,Fourth dose (daily),Fourth dose (cumu),Fourth dose pop. perc.
2020-12-19,0,0,100,46,70,0,0,4,0,0,0,0,0,0,0
2020-12-20,0,0,100,7394,7464,0.08,0,4,0,0,0,0,0,0,0
2020-12-21,0,0,100,24923,32387,0.35,0,4,0,0,0,0,0,0,0
2020-12-22,0,0,100,44663,77050,0.83,0,4,0,0,0,0,0,0,0
2020-12-23,0,0,100,62916,139966,1.51,0,4,0,0,0,0,0,0,0
2020-12-24,0,0,100,73428,213394,2.29,0,4,0,0,0,0,0,0,0
2020-12-25,0,0,100,38515,251909,2.71,0,4,0,0,0,0,0,0,0
2020-12-26,0,0,100,32617,284526,3.06,0,4,0,0,0,0,0,0,0
2020-12-27,0,0,100,104570,389096,4.18,0,4,0,0,0,0,0,0,0
2020-12-28,0,0,100,135032,524128,5.64,0,4,0,0,0,0,0,0,0
2020-12-29,0,0,100,156328,680456,7.32,2,6,0,0,0,0,0,0,0
2020-12-30,0,0,100,153175,833631,8.96,0,6,0,0,0,0,0,0,0
2020-12-31,0,0,100,158580,992211,10.67,0,6,0,0,0,0,0,0,0
2021-01-01,0,0,100,71433,1063644,11.44,0,6,0,0,0,0,0,0,0
2021-01-02,0,0,100,71740,1135384,12.21,0,6,0,0,0,0,0,0,0
2021-01-03,0,0,100,149760,1285144,13.82,0,6,0,0,0,0,0,0,0
2021-01-04,0,0,100,152195,1437339,15.46,1,7,0,0,0,0,0,0,0
2021-01-05,0,0,100,125213,1562552,16.8,4,11,0,0,0,0,0,0,0
2021-01-06,0,0,100,103362,1665914,17.91,2,13,0,0,0,0,0,0,0
2021-01-07,0,0,100,116057,1781971,19.16,9,22,0,0,0,0,0,0,0
2021-01-08,0,0,100,66459,1848430,19.88,4,26,0,0,0,0,0,0,0
2021-01-09,0,0,100,44548,1892978,20.36,24,50,0,0,0,0,0,0,0
2021-01-10,0,0,100,37647,1930625,20.76,6000,6050,0.07,0,0,0,0,0,0
2021-01-11,0,0,100,21174,1951799,20.99,19264,25314,0.27,0,0,0,0,0,0
2021-01-12,0,0,100,24073,1975872,21.25,35672,60986,0.66,0,0,0,0,0,0
2021-01-13,0,0,100,52071,2027943,21.81,56874,117860,1.27,0,0,0,0,0,0
2021-01-14,0,0,100,56473,2084416,22.41,68836,186696,2.01,0,0,0,0,0,0
2021-01-15,0,0,100,30775,2115191,22.75,35940,222636,2.39,0,0,0,0,0,0
2021-01-16,0,0,100,29479,2144670,23.06,26006,248642,2.67,0,0,0,0,0,0
2021-01-17,0.31,0,99.69,68440,2213110,23.8,84595,333237,3.58,0,0,0,0,0,0
2021-01-18,0.58,0,99.42,69815,2282925,24.55,120431,453668,4.88,0,0,0,0,0,0
2021-01-19,1.09,0,98.91,72891,2355816,25.33,137840,591508,6.36,0,0,0,0,0,0
2021-01-20,1.9,0,98.1,76914,2432730,26.16,143759,735267,7.91,0,0,0,0,0,0
2021-01-21,2.88,0,97.12,70000,2502730,26.91,164462,899729,9.68,0,0,0,0,0,0
2021-01-22,3.39,0,96.61,37927,2540657,27.32,71130,970859,10.44,0,0,0,0,0,0
2021-01-23,3.77,0,96.23,39964,2580621,27.75,53593,1024452,11.02,0,0,0,0,0,0
2021-01-24,4.96,0,95.04,69146,2649767,28.49,140703,1165155,12.53,0,0,0,0,0,0
2021-01-25,6.61,0,93.39,80942,2730709,29.36,139517,1304672,14.03,0,0,0,0,0,0
2021-01-26,8.45,0,91.55,78724,2809433,30.21,126440,1431112,15.39,0,0,0,0,0,0
2021-01-27,10.34,0,89.66,77974,2887407,31.05,125063,1556175,16.73,0,0,0,0,0,0
2021-01-28,12.43,0,87.57,79569,2966976,31.91,130624,1686799,18.14,0,0,0,0,0,0
2021-01-29,13.34,0,86.66,36703,3003679,32.3,64791,1751590,18.84,0,0,0,0,0,0
2021-01-30,14.02,0,85.98,34393,3038072,32.67,42763,1794353,19.3,0,0,0,0,0,0
2021-01-31,15.76,0,84.24,73330,3111402,33.46,59501,1853854,19.94,0,0,0,0,0,0
2021-02-01,17.48,0,82.52,82503,3193905,34.35,35356,1889210,20.32,0,0,0,0,0,0
2021-02-02,19.01,0,80.99,70099,3264004,35.1,31071,1920281,20.65,0,0,0,0,0,0
2021-02-03,20.47,0,79.53,60307,3324311,35.75,51439,1971720,21.2,0,0,0,0,0,0
2021-02-04,22,0,78,72626,3396937,36.53,58096,2029816,21.83,0,0,0,0,0,0
2021-02-05,22.75,0,77.25,33943,3430880,36.89,28804,2058620,22.14,0,0,0,0,0,0
2021-02-06,23.23,0,76.77,21621,3452501,37.13,22229,2080849,22.38,0,0,0,0,0,0
2021-02-07,23.99,0,76.01,54077,3506578,37.71,68737,2149586,23.12,0,0,0,0,0,0
2021-02-08,24.52,0,75.48,58638,3565216,38.34,65464,2215050,23.82,0,0,0,0,0,0
2021-02-09,25.04,0,74.96,66350,3631566,39.05,67572,2282622,24.55,0,0,0,0,0,0
2021-02-10,25.77,0,74.23,70565,3702131,39.81,72309,2354931,25.32,0,0,0,0,0,0
2021-02-11,26.61,0,73.39,81166,3783297,40.68,72104,2427035,26.1,0,0,0,0,0,0
2021-02-12,27.02,0,72.98,39100,3822397,41.1,37595,2464630,26.5,0,0,0,0,0,0
2021-02-13,27.33,0,72.67,27463,3849860,41.4,30440,2495070,26.83,0,0,0,0,0,0
2021-02-14,28.25,0,71.75,74914,3924774,42.21,69082,2564152,27.57,0,0,0,0,0,0
2021-02-15,29.17,0,70.83,81541,4006315,43.08,75718,2639870,28.39,0,0,0,0,0,0
2021-02-16,30.11,0,69.89,83416,4089731,43.98,78295,2718165,29.23,0,0,0,0,0,0
2021-02-17,31.01,0,68.99,61978,4151709,44.65,75640,2793805,30.04,0,0,0,0,0,0
2021-02-18,31.94,0,68.06,69153,4220862,45.39,79738,2873543,30.9,0,0,0,0,0,0
2021-02-19,32.45,0,67.55,39673,4260535,45.82,38160,2911703,31.31,0,0,0,0,0,0
2021-02-20,32.85,0,67.15,31649,4292184,46.16,28723,2940426,31.62,0,0,0,0,0,0
2021-02-21,33.8,0,66.2,79433,4371617,47.01,78444,3018870,32.46,0,0,0,0,0,0
2021-02-22,34.83,0,65.17,85057,4456674,47.92,80591,3099461,33.33,0,0,0,0,0,0
2021-02-23,35.84,0,64.16,77328,4534002,48.76,70483,3169944,34.09,0,0,0,0,0,0
2021-02-24,36.76,0,63.24,61064,4595066,49.41,63142,3233086,34.77,0,0,0,0,0,0
2021-02-25,37.66,0,62.34,51726,4646792,49.97,64802,3297888,35.46,0,0,0,0,0,0
2021-02-26,38.1,0,61.9,25910,4672702,50.25,32040,3329928,35.81,0,0,0,0,0,0
2021-02-27,38.42,0,61.58,18348,4691050,50.45,21195,3351123,36.04,0,0,0,0,0,0
2021-02-28,39.24,0,60.76,40362,4731412,50.88,55871,3406994,36.64,0,0,0,0,0,0
2021-03-01,40.1,0,59.9,45746,4777158,51.37,61438,3468432,37.3,0,0,0,0,0,0
2021-03-02,40.85,0,59.15,41198,4818356,51.81,64797,3533229,37.99,0,0,0,0,0,0
2021-03-03,41.55,0,58.45,42028,4860384,52.27,66787,3600016,38.71,0,0,0,0,0,0
2021-03-04,42.24,0,57.76,39716,4900100,52.69,79120,3679136,39.56,0,0,0,0,0,0
2021-03-05,42.57,0,57.43,17363,4917463,52.88,40464,3719600,40,0,0,0,0,0,0
2021-03-06,42.78,0,57.22,10718,4928181,53,25347,3744947,40.27,0,0,0,0,0,0
2021-03-07,43.36,0,56.64,31155,4959336,53.33,72845,3817792,41.05,0,0,0,0,0,0
2021-03-08,43.97,0,56.03,27384,4986720,53.62,73294,3891086,41.84,0,0,0,0,0,0
2021-03-09,44.62,0,55.38,26755,5013475,53.91,76597,3967683,42.67,0,0,0,0,0,0
2021-03-10,45.27,0,54.73,23370,5036845,54.16,58681,4026364,43.3,0,0,0,0,0,0
2021-03-11,45.99,0,54.01,23298,5060143,54.41,69090,4095454,44.04,0,0,0,0,0,0
2021-03-12,46.34,0,53.66,11295,5071438,54.54,41413,4136867,44.49,0,0,0,0,0,0
2021-03-13,46.57,0,53.43,7950,5079388,54.62,25239,4162106,44.76,0,0,0,0,0,0
2021-03-14,47.2,0,52.8,20987,5100375,54.85,73934,4236040,45.55,0,0,0,0,0,0
2021-03-15,47.81,0,52.19,20146,5120521,55.06,78279,4314319,46.39,0,0,0,0,0,0
2021-03-16,48.43,0,51.57,18754,5139275,55.27,71479,4385798,47.16,0,0,0,0,0,0
2021-03-17,48.92,0,51.08,17703,5156978,55.46,59005,4444803,47.8,0,0,0,0,0,0
2021-03-18,49.45,0,50.55,16047,5173025,55.63,58125,4502928,48.42,0,0,0,0,0,0
2021-03-19,49.75,0,50.25,6954,5179979,55.7,27979,4530907,48.72,0,0,0,0,0,0
2021-03-20,49.93,0,50.07,5226,5185205,55.76,15299,4546206,48.89,0,0,0,0,0,0
2021-03-21,50.46,0,49.54,13170,5198375,55.9,40508,4586714,49.32,0,0,0,0,0,0
2021-03-22,51,0,49,13575,5211950,56.05,40540,4627254,49.76,0,0,0,0,0,0
2021-03-23,51.43,0,48.57,2844,5214794,56.08,7299,4634553,49.84,0,0,0,0,0,0
2021-03-24,51.84,0,48.16,10997,5225791,56.2,46556,4681109,50.34,0,0,0,0,0,0
2021-03-25,52.22,0,47.78,10265,5236056,56.31,35436,4716545,50.72,0,0,0,0,0,0
2021-03-26,52.4,0,47.6,4185,5240241,56.35,13332,4729877,50.86,0,0,0,0,0,0
2021-03-27,52.5,0,47.5,1785,5242026,56.37,4267,4734144,50.91,0,0,0,0,0,0
2021-03-28,52.74,0,47.26,2111,5244137,56.39,4611,4738755,50.96,0,0,0,0,0,0
2021-03-29,53,0,47,6913,5251050,56.47,30016,4768771,51.28,0,0,0,0,0,0
2021-03-30,53.08,0,46.92,7888,5258938,56.55,22454,4791225,51.52,0,0,0,0,0,0
2021-03-31,53.38,0,46.62,8151,5267089,56.64,19499,4810724,51.73,0,0,0,0,0,0
2021-04-01,53.62,0,46.38,8206,5275295,56.73,18700,4829424,51.93,0,0,0,0,0,0
2021-04-02,53.71,0,46.29,2938,5278233,56.76,8129,4837553,52.02,0,0,0,0,0,0
2021-04-03,53.74,0,46.26,1433,5279666,56.77,2980,4840533,52.05,0,0,0,0,0,0
2021-04-04,53.82,0,46.18,9617,5289283,56.88,22832,4863365,52.3,0,0,0,0,0,0
2021-04-05,54.04,0,45.96,10358,5299641,56.99,21273,4884638,52.53,0,0,0,0,0,0
2021-04-06,54.21,0,45.79,9026,5308667,57.09,16790,4901428,52.71,0,0,0,0,0,0
2021-04-07,54.36,0,45.64,8926,5317593,57.18,15310,4916738,52.87,0,0,0,0,0,0
2021-04-08,54.52,0,45.48,9426,5327019,57.28,17008,4933746,53.06,0,0,0,0,0,0
2021-04-09,54.58,0,45.42,3606,5330625,57.32,6255,4940001,53.12,0,0,0,0,0,0
2021-04-10,54.61,0,45.39,1633,5332258,57.34,3519,4943520,53.16,0,0,0,0,0,0
2021-04-11,54.78,0,45.22,9043,5341301,57.44,14248,4957768,53.31,0,0,0,0,0,0
2021-04-12,54.95,0,45.05,8935,5350236,57.53,13229,4970997,53.46,0,0,0,0,0,0
2021-04-13,55.08,0,44.92,5839,5356075,57.6,4959,4975956,53.51,0,0,0,0,0,0
2021-04-14,55.18,0,44.82,3647,5359722,57.64,5307,4981263,53.57,0,0,0,0,0,0
2021-04-15,55.27,0,44.73,694,5360416,57.64,579,4981842,53.57,0,0,0,0,0,0
2021-04-16,55.33,0,44.67,3414,5363830,57.68,6647,4988489,53.64,0,0,0,0,0,0
2021-04-17,55.35,0,44.65,822,5364652,57.69,1971,4990460,53.66,0,0,0,0,0,0
2021-04-18,55.47,0,44.53,7096,5371748,57.77,7432,4997892,53.74,0,0,0,0,0,0
2021-04-19,55.58,0,44.42,6404,5378152,57.83,7129,5005021,53.82,0,0,0,0,0,0
2021-04-20,55.65,0,44.35,6276,5384428,57.9,6886,5011907,53.9,0,0,0,0,0,0
2021-04-21,55.71,0,44.29,6376,5390804,57.97,7107,5019014,53.97,0,0,0,0,0,0
2021-04-22,55.75,0,44.25,5946,5396750,58.03,7686,5026700,54.05,0,0,0,0,0,0
2021-04-23,55.8,0,44.2,2763,5399513,58.06,3387,5030087,54.09,0,0,0,0,0,0
2021-04-24,55.82,0,44.18,767,5400280,58.07,1290,5031377,54.1,0,0,0,0,0,0
2021-04-25,55.89,0,44.11,4828,5405108,58.12,6922,5038299,54.18,0,0,0,0,0,0
2021-04-26,55.96,0,44.04,5477,5410585,58.18,7887,5046186,54.26,0,0,0,0,0,0
2021-04-27,56.03,0,43.97,4503,5415088,58.23,6621,5052807,54.34,0,0,0,0,0,0
2021-04-28,56.09,0,43.91,4496,5419584,58.28,7328,5060135,54.41,0,0,0,0,0,0
2021-04-29,56.16,0,43.84,4374,5423958,58.33,7291,5067426,54.49,0,0,0,0,0,0
2021-04-30,56.19,0,43.81,1921,5425879,58.35,3199,5070625,54.53,0,0,0,0,0,0
2021-05-01,56.2,0,43.8,458,5426337,58.35,894,5071519,54.54,0,0,0,0,0,0
2021-05-02,56.26,0,43.74,3224,5429561,58.39,6090,5077609,54.6,0,0,0,0,0,0
2021-05-03,56.32,0,43.68,3535,5433096,58.42,5830,5083439,54.66,0,0,0,0,0,0
2021-05-04,56.38,0,43.62,3590,5436686,58.46,4732,5088171,54.72,0,0,0,0,0,0
2021-05-05,56.44,0,43.56,3290,5439976,58.5,4090,5092261,54.76,0,0,0,0,0,0
2021-05-06,56.5,0,43.5,3640,5443616,58.54,3142,5095403,54.79,0,0,0,0,0,0
2021-05-07,56.52,0,43.48,1841,5445457,58.56,2507,5097910,54.82,0,0,0,0,0,0
2021-05-08,56.53,0,43.47,237,5445694,58.56,506,5098416,54.83,0,0,0,0,0,0
2021-05-09,56.58,0,43.42,2851,5448545,58.59,4749,5103165,54.88,0,0,0,0,0,0
2021-05-10,56.63,0,43.37,2893,5451438,58.62,4709,5107874,54.93,0,0,0,0,0,0
2021-05-11,56.67,0,43.33,2620,5454058,58.65,3877,5111751,54.97,0,0,0,0,0,0
2021-05-12,56.7,0,43.3,2030,5456088,58.67,3339,5115090,55.01,0,0,0,0,0,0
2021-05-13,56.73,0,43.27,2040,5458128,58.69,3681,5118771,55.04,0,0,0,0,0,0
2021-05-14,56.75,0,43.25,975,5459103,58.7,1492,5120263,55.06,0,0,0,0,0,0
2021-05-15,56.75,0,43.25,254,5459357,58.71,258,5120521,55.06,0,0,0,0,0,0
2021-05-16,56.78,0,43.22,529,5459886,58.71,1204,5121725,55.08,0,0,0,0,0,0
2021-05-17,56.81,0,43.19,298,5460184,58.72,845,5122570,55.09,0,0,0,0,0,0
2021-05-18,56.84,0,43.16,1958,5462142,58.74,4936,5127506,55.14,0,0,0,0,0,0
2021-05-19,56.87,0,43.13,2229,5464371,58.76,5041,5132547,55.19,0,0,0,0,0,0
2021-05-20,56.9,0,43.1,2311,5466682,58.79,3878,5136425,55.23,0,0,0,0,0,0
2021-05-21,56.92,0,43.08,1188,5467870,58.8,1411,5137836,55.25,0,0,0,0,0,0
2021-05-22,56.92,0,43.08,206,5468076,58.8,395,5138231,55.25,0,0,0,0,0,0
2021-05-23,56.94,0,43.06,2271,5470347,58.83,3215,5141446,55.29,0,0,0,0,0,0
2021-05-24,56.96,0,43.04,2133,5472480,58.85,3595,5145041,55.33,0,0,0,0,0,0
2021-05-25,56.99,0,43.01,1817,5474297,58.87,2586,5147627,55.35,0,0,0,0,0,0
2021-05-26,57.03,0,42.97,1409,5475706,58.88,2501,5150128,55.38,0,0,0,0,0,0
2021-05-27,57.06,0,42.94,1858,5477564,58.9,3184,5153312,55.42,0,0,0,0,0,0
2021-05-28,57.07,0,42.93,782,5478346,58.91,1404,5154716,55.43,0,0,0,0,0,0
2021-05-29,57.07,0,42.93,190,5478536,58.91,223,5154939,55.43,0,0,0,0,0,0
2021-05-30,57.1,0,42.9,1644,5480180,58.93,1936,5156875,55.45,0,0,0,0,0,0
2021-05-31,57.13,0,42.87,1735,5481915,58.95,2093,5158968,55.48,0,0,0,0,0,0
2021-06-01,57.47,0,42.53,1377,5483292,58.96,1820,5160788,55.5,0,0,0,0,0,0
2021-06-02,57.25,0,42.75,1513,5484805,58.98,1605,5162393,55.51,0,0,0,0,0,0
2021-06-03,57.27,0,42.73,1683,5486488,59,1490,5163883,55.53,0,0,0,0,0,0
2021-06-04,57.28,0,42.72,1100,5487588,59.01,780,5164663,55.54,0,0,0,0,0,0
2021-06-05,57.29,0,42.71,183,5487771,59.01,159,5164822,55.54,0,0,0,0,0,0
2021-06-06,57.31,0,42.69,4289,5492060,59.06,1002,5165824,55.55,0,0,0,0,0,0
2021-06-07,57.34,0,42.66,4435,5496495,59.11,809,5166633,55.56,0,0,0,0,0,0
2021-06-08,57.36,0,42.64,3736,5500231,59.15,1172,5167805,55.57,0,0,0,0,0,0
2021-06-09,57.4,0,42.6,3612,5503843,59.19,1324,5169129,55.59,0,0,0,0,0,0
2021-06-10,57.42,0,42.58,3357,5507200,59.22,1296,5170425,55.6,0,0,0,0,0,0
2021-06-11,57.43,0,42.57,1395,5508595,59.24,584,5171009,55.61,0,0,0,0,0,0
2021-06-12,57.43,0,42.57,217,5508812,59.24,172,5171181,55.61,0,0,0,0,0,0
2021-06-13,57.45,0,42.55,3100,5511912,59.27,1260,5172441,55.62,0,0,0,0,0,0
2021-06-14,57.46,0,42.54,3056,5514968,59.31,1527,5173968,55.64,0,0,0,0,0,0
2021-06-15,57.48,0,42.52,3137,5518105,59.34,1373,5175341,55.65,0,0,0,0,0,0
2021-06-16,57.49,0,42.51,2729,5520834,59.37,999,5176340,55.66,0,0,0,0,0,0
2021-06-17,57.51,0,42.49,2726,5523560,59.4,1201,5177541,55.68,0,0,0,0,0,0
2021-06-18,57.52,0,42.48,1263,5524823,59.41,505,5178046,55.68,0,0,0,0,0,0
2021-06-19,57.52,0,42.48,242,5525065,59.41,139,5178185,55.68,0,0,0,0,0,0
2021-06-20,57.54,0,42.46,3315,5528380,59.45,1330,5179515,55.7,0,0,0,0,0,0
2021-06-21,57.56,0,42.44,5243,5533623,59.51,1213,5180728,55.71,0,0,0,0,0,0
2021-06-22,57.58,0,42.42,6927,5540550,59.58,1098,5181826,55.72,0,0,0,0,0,0
2021-06-23,57.6,0,42.4,10754,5551304,59.7,1302,5183128,55.74,0,0,0,0,0,0
2021-06-24,57.62,0,42.38,12045,5563349,59.83,1466,5184594,55.75,0,0,0,0,0,0
2021-06-25,57.62,0,42.38,7111,5570460,59.9,943,5185537,55.76,0,0,0,0,0,0
2021-06-26,57.63,0,42.37,2273,5572733,59.93,198,5185735,55.76,0,0,0,0,0,0
2021-06-27,57.65,0,42.35,13631,5586364,60.07,3436,5189171,55.8,0,0,0,0,0,0
2021-06-28,57.68,0,42.32,14517,5600881,60.23,3674,5192845,55.84,0,0,0,0,0,0
2021-06-29,57.69,0,42.31,16706,5617587,60.41,3742,5196587,55.88,0,0,0,0,0,0
2021-06-30,57.72,0,42.28,16483,5634070,60.59,3395,5199982,55.92,0,0,0,0,0,0
2021-07-01,57.78,0,42.22,16828,5650898,60.77,3372,5203354,55.95,121,121,0,0,0,0
2021-07-02,57.79,0,42.21,9834,5660732,60.87,1603,5204957,55.97,7,128,0,0,0,0
2021-07-03,57.79,0,42.21,2677,5663409,60.9,296,5205253,55.97,1,129,0,0,0,0
2021-07-04,57.85,0,42.15,17734,5681143,61.09,3160,5208413,56.01,2,131,0,0,0,0
2021-07-05,57.91,0,42.09,17845,5698988,61.28,3043,5211456,56.04,7,138,0,0,0,0
2021-07-06,57.99,0,42.01,17845,5716833,61.48,3406,5214862,56.08,11,149,0,0,0,0
2021-07-07,58.05,0,41.95,15525,5732358,61.64,2699,5217561,56.11,12,161,0,0,0,0
2021-07-08,58.12,0,41.88,16585,5748943,61.82,2873,5220434,56.14,17,178,0,0,0,0
2021-07-09,58.15,0,41.85,11123,5760066,61.94,1534,5221968,56.15,4,182,0,0,0,0
2021-07-10,58.15,0,41.85,4988,5765054,61.99,388,5222356,56.16,6,188,0,0,0,0
2021-07-11,58.22,0,41.78,1456,5766510,62.01,2848,5225204,56.19,8,196,0,0,0,0
2021-07-12,58.29,0,41.71,2422,5768932,62.04,3688,5228892,56.23,56,252,0,0,0,0
2021-07-13,58.36,0,41.64,2962,5771894,62.07,5458,5234350,56.29,124,376,0,0,0,0
2021-07-14,58.42,0,41.58,2744,5774638,62.1,7530,5241880,56.37,441,817,0.01,0,0,0
2021-07-15,58.5,0,41.5,3001,5777639,62.13,9295,5251175,56.47,374,1191,0.01,0,0,0
2021-07-16,58.54,0,41.46,1291,5778930,62.14,5896,5257071,56.53,66,1257,0.01,0,0,0
2021-07-17,58.55,0,41.44,369,5779299,62.15,1391,5258462,56.55,7,1264,0.01,0,0,0
2021-07-18,58.6,0,41.4,2073,5781372,62.17,9768,5268230,56.65,235,1499,0.02,0,0,0
2021-07-19,58.65,0,41.35,3209,5784581,62.2,11344,5279574,56.77,461,1960,0.02,0,0,0
2021-07-20,58.72,0,41.28,2682,5787263,62.23,11908,5291482,56.9,373,2333,0.03,0,0,0
2021-07-21,58.81,0,41.19,2402,5789665,62.26,11878,5303360,57.03,325,2658,0.03,0,0,0
2021-07-22,58.93,0,41.07,2873,5792538,62.29,13270,5316630,57.17,391,3049,0.03,0,0,0
2021-07-23,58.99,0,41.01,2035,5794573,62.31,8242,5324872,57.26,106,3155,0.03,0,0,0
2021-07-24,58.99,0,41,641,5795214,62.32,1482,5326354,57.28,7,3162,0.03,0,0,0
2021-07-25,59.1,0,40.89,4416,5799630,62.37,15495,5341849,57.44,223,3385,0.04,0,0,0
2021-07-26,59.24,0,40.75,5169,5804799,62.42,13532,5355381,57.59,325,3710,0.04,0,0,0
2021-07-27,59.37,0.01,40.62,5490,5810289,62.48,13575,5368956,57.74,414,4124,0.04,0,0,0
2021-07-28,59.5,0.01,40.49,3987,5814276,62.52,12341,5381297,57.87,472,4596,0.05,0,0,0
2021-07-29,59.65,0.01,40.33,4660,5818936,62.57,14195,5395492,58.02,532,5128,0.06,0,0,0
2021-07-30,59.74,0.02,40.25,2651,5821587,62.6,10852,5406344,58.14,4122,9250,0.1,0,0,0
2021-07-31,59.75,0.02,40.23,1404,5822991,62.62,3551,5409895,58.18,6159,15409,0.17,0,0,0
2021-08-01,59.91,0.02,40.06,3074,5826065,62.65,3363,5413258,58.21,31047,46456,0.5,0,0,0
2021-08-02,60.06,0.03,39.91,3130,5829195,62.68,3170,5416428,58.25,58514,104970,1.13,0,0,0
2021-08-03,60.21,0.03,39.76,3383,5832578,62.72,3324,5419752,58.28,78953,183923,1.98,0,0,0
2021-08-04,60.34,0.03,39.63,3524,5836102,62.76,3254,5423006,58.32,80763,264686,2.85,0,0,0
2021-08-05,60.49,0.04,39.47,4511,5840613,62.81,3569,5426575,58.35,88442,353128,3.8,0,0,0
2021-08-06,60.6,0.04,39.36,2434,5843047,62.83,1855,5428430,58.37,44743,397871,4.28,0,0,0
2021-08-07,60.63,0.04,39.32,1032,5844079,62.84,697,5429127,58.38,27353,425224,4.57,0,0,0
2021-08-08,60.68,0.04,39.28,4988,5849067,62.9,3080,5432207,58.42,80087,505311,5.43,0,0,0
2021-08-09,60.72,0.04,39.24,5339,5854406,62.96,3057,5435264,58.45,76488,581799,6.26,0,0,0
2021-08-10,60.75,0.04,39.2,5551,5859957,63.02,3201,5438465,58.48,75427,657226,7.07,0,0,0
2021-08-11,60.79,0.04,39.17,5694,5865651,63.08,2943,5441408,58.51,62637,719863,7.74,0,0,0
2021-08-12,60.83,0.04,39.12,7033,5872684,63.15,3287,5444695,58.55,59459,779322,8.38,0,0,0
2021-08-13,60.84,0.05,39.11,3815,5876499,63.19,2066,5446761,58.57,43869,823191,8.85,0,0,0
2021-08-14,60.85,0.05,39.1,2252,5878751,63.22,850,5447611,58.58,44486,867677,9.33,0,0,0
2021-08-15,60.89,0.05,39.06,7142,5885893,63.29,4530,5452141,58.63,97982,965659,10.38,0,0,0
2021-08-16,60.92,0.04,39.03,6986,5892879,63.37,4743,5456884,58.68,89518,1055177,11.35,0,0,0
2021-08-17,60.96,0.04,39,7570,5900449,63.45,5132,5462016,58.74,83318,1138495,12.24,0,0,0
2021-08-18,60.99,0.04,38.96,8643,5909092,63.54,4603,5466619,58.79,69265,1207760,12.99,0,0,0
2021-08-19,61.03,0.04,38.92,10079,5919171,63.65,5215,5471834,58.84,65973,1273733,13.7,0,0,0
2021-08-20,61.05,0.05,38.9,4767,5923938,63.7,2825,5474659,58.87,60451,1334184,14.35,0,0,0
2021-08-21,61.06,0.05,38.89,3497,5927435,63.74,1580,5476239,58.89,50725,1384909,14.89,0,0,0
2021-08-22,61.12,0.04,38.84,9820,5937255,63.85,4805,5481044,58.94,105105,1490014,16.02,0,0,0
2021-08-23,61.17,0.04,38.79,10924,5948179,63.96,4447,5485491,58.99,94025,1584039,17.03,0,0,0
2021-08-24,61.23,0.04,38.73,11721,5959900,64.09,4702,5490193,59.04,98551,1682590,18.09,0,0,0
2021-08-25,61.29,0.04,38.67,9614,5969514,64.19,4480,5494673,59.09,99540,1782130,19.16,0,0,0
2021-08-26,61.36,0.03,38.61,10107,5979621,64.3,5057,5499730,59.14,101224,1883354,20.25,0,0,0
2021-08-27,61.35,0.04,38.61,4325,5983946,64.35,2780,5502510,59.17,56694,1940048,20.86,0,0,0
2021-08-28,61.4,0.04,38.57,3697,5987643,64.39,1497,5504007,59.19,33538,1973586,21.22,0,0,0
2021-08-29,61.46,0.03,38.5,10323,5997966,64.5,5931,5509938,59.25,79544,2053130,22.08,0,0,0
2021-08-30,61.53,0.03,38.44,12335,6010301,64.63,7015,5516953,59.33,115999,2169129,23.33,0,0,0
2021-08-31,61.6,0.03,38.37,12075,6022376,64.76,6527,5523480,59.4,114873,2284002,24.56,0,0,0
2021-09-01,61.43,0.03,38.54,9034,6031410,64.86,6037,5529517,59.46,112484,2396486,25.77,0,0,0
2021-09-02,61.49,0.03,38.48,8784,6040194,64.95,7177,5536694,59.54,111539,2508025,26.97,0,0,0
2021-09-03,61.56,0.03,38.42,3749,6043943,64.99,4114,5540808,59.58,58882,2566907,27.6,0,0,0
2021-09-04,61.59,0.03,38.38,2693,6046636,65.02,2020,5542828,59.6,29949,2596856,27.93,0,0,0
2021-09-05,61.68,0.03,38.29,6991,6053627,65.1,6460,5549288,59.67,73324,2670180,28.71,0,0,0
2021-09-06,61.77,0.03,38.2,2832,6056459,65.13,2708,5551996,59.7,22796,2692976,28.96,0,0,0
2021-09-07,61.85,0.03,38.12,1199,6057658,65.14,878,5552874,59.71,5397,2698373,29.02,0,0,0
2021-09-08,61.93,0.03,38.05,1379,6059037,65.16,1193,5554067,59.73,6621,2704994,29.09,0,0,0
2021-09-09,62.02,0.03,37.95,7087,6066124,65.23,12572,5566639,59.86,73843,2778837,29.88,0,0,0
2021-09-10,62.06,0.03,37.91,3257,6069381,65.27,5015,5571654,59.91,37933,2816770,30.29,0,0,0
2021-09-11,62.08,0.03,37.89,2108,6071489,65.29,2505,5574159,59.94,14816,2831586,30.45,0,0,0
2021-09-12,62.16,0.03,37.81,6107,6077596,65.36,8585,5582744,60.03,54134,2885720,31.03,0,0,0
2021-09-13,62.15,0.03,37.82,5610,6083206,65.42,8256,5591000,60.12,47980,2933700,31.55,0,0,0
2021-09-14,62.2,0.03,37.77,4959,6088165,65.47,7417,5598417,60.2,48852,2982552,32.07,0,0,0
2021-09-15,62.25,0.03,37.72,1749,6089914,65.49,2715,5601132,60.23,16685,2999237,32.25,0,0,0
2021-09-16,62.37,0.03,37.6,343,6090257,65.49,548,5601680,60.24,1740,3000977,32.27,0,0,0
2021-09-17,62.42,0.03,37.54,3682,6093939,65.53,7016,5608696,60.31,42903,3043880,32.73,0,0,0
2021-09-18,62.45,0.03,37.52,2257,6096196,65.56,2942,5611638,60.34,12783,3056663,32.87,0,0,0
2021-09-19,62.55,0.03,37.42,5941,6102137,65.62,10709,5622347,60.46,44332,3100995,33.35,0,0,0
2021-09-20,62.63,0.03,37.34,3245,6105382,65.65,4645,5626992,60.51,16707,3117702,33.53,0,0,0
2021-09-21,62.69,0.03,37.28,1339,6106721,65.67,2058,5629050,60.53,3474,3121176,33.56,0,0,0
2021-09-22,62.72,0.03,37.25,4256,6110977,65.71,7249,5636299,60.61,25071,3146247,33.83,0,0,0
2021-09-23,62.75,0.03,37.22,4389,6115366,65.76,5912,5642211,60.67,27833,3174080,34.13,0,0,0
2021-09-24,62.82,0.03,37.15,3202,6118568,65.8,4184,5646395,60.72,27720,3201800,34.43,0,0,0
2021-09-25,62.85,0.03,37.12,2078,6120646,65.82,2260,5648655,60.74,10443,3212243,34.54,0,0,0
2021-09-26,62.96,0.03,37,5605,6126251,65.88,5971,5654626,60.81,36266,3248509,34.93,0,0,0
2021-09-27,63.02,0.03,36.94,4693,6130944,65.93,4467,5659093,60.86,30452,3278961,35.26,0,0,0
2021-09-28,63.06,0.04,36.91,1470,6132414,65.94,1180,5660273,60.87,6249,3285210,35.33,0,0,0
2021-09-29,63.13,0.03,36.84,9621,6142035,66.05,8345,5668618,60.96,60323,3345533,35.98,0,0,0
2021-09-30,63.18,0.03,36.79,10974,6153009,66.17,8571,5677189,61.05,79694,3425227,36.83,0,0,0
2021-10-01,63.23,0.03,36.73,5122,6158131,66.22,3874,5681063,61.09,46543,3471770,37.33,0,0,0
2021-10-02,63.26,0.03,36.71,2862,6160993,66.25,2127,5683190,61.11,22432,3494202,37.57,0,0,0
2021-10-03,63.35,0.03,36.62,11667,6172660,66.38,7273,5690463,61.19,70724,3564926,38.34,0,0,0
2021-10-04,63.4,0.03,36.57,10320,6182980,66.49,6756,5697219,61.27,51905,3616831,38.89,0,0,0
2021-10-05,63.41,0.03,36.55,8459,6191439,66.58,5312,5702531,61.32,40476,3657307,39.33,0,0,0
2021-10-06,63.52,0.03,36.45,7541,6198980,66.66,4181,5706712,61.37,34141,3691448,39.7,0,0,0
2021-10-07,63.63,0.03,36.34,6890,6205870,66.73,4007,5710719,61.41,34065,3725513,40.06,0,0,0
2021-10-08,63.68,0.03,36.29,3085,6208955,66.77,2642,5713361,61.44,19248,3744761,40.27,0,0,0
2021-10-09,63.71,0.03,36.26,1337,6210292,66.78,1443,5714804,61.45,7441,3752202,40.35,0,0,0
2021-10-10,63.82,0.04,36.14,4674,6214966,66.83,3744,5718548,61.49,21518,3773720,40.58,0,0,0
2021-10-11,63.91,0.04,36.05,4297,6219263,66.88,2942,5721490,61.53,17264,3790984,40.77,0,0,0
2021-10-12,63.99,0.05,35.96,3973,6223236,66.92,3003,5724493,61.56,15356,3806340,40.93,0,0,0
2021-10-13,64.09,0.05,35.86,3486,6226722,66.96,2450,5726943,61.58,13586,3819926,41.08,0,0,0
2021-10-14,64.19,0.06,35.75,3867,6230589,67,2684,5729627,61.61,16566,3836492,41.26,0,0,0
2021-10-15,64.23,0.07,35.7,1702,6232291,67.02,1682,5731309,61.63,9007,3845499,41.35,0,0,0
2021-10-16,64.25,0.08,35.67,726,6233017,67.03,953,5732262,61.64,4034,3849533,41.4,0,0,0
2021-10-17,64.36,0.09,35.56,3088,6236105,67.06,2524,5734786,61.67,12796,3862329,41.53,0,0,0
2021-10-18,64.43,0.1,35.47,2458,6238563,67.09,1689,5736475,61.69,10068,3872397,41.64,0,0,0
2021-10-19,64.49,0.1,35.4,2397,6240960,67.11,1281,5737756,61.7,9295,3881692,41.74,0,0,0
2021-10-20,64.14,0.52,35.34,2433,6243393,67.14,2304,5740060,61.73,10096,3891788,41.85,0,0,0
2021-10-21,54.23,10.41,35.36,3032,6246425,67.17,3092,5743152,61.76,12162,3903950,41.98,0,0,0
2021-10-22,54.36,10.26,35.38,1278,6247703,67.18,1433,5744585,61.77,5831,3909781,42.04,0,0,0
2021-10-23,54.42,10.19,35.39,572,6248275,67.19,1266,5745851,61.79,2563,3912344,42.07,0,0,0
2021-10-24,54.22,10.43,35.35,2515,6250790,67.22,2653,5748504,61.82,9855,3922199,42.18,0,0,0
2021-10-25,54.59,10.22,35.19,2635,6253425,67.25,2747,5751251,61.85,8506,3930705,42.27,0,0,0
2021-10-26,54.64,10.26,35.1,2377,6255802,67.27,2055,5753306,61.87,8520,3939225,42.36,0,0,0
2021-10-27,54.58,10.37,35.06,2287,6258089,67.3,2565,5755871,61.9,7952,3947177,42.45,0,0,0
2021-10-28,54.69,10.76,34.55,2499,6260588,67.32,2774,5758645,61.93,8669,3955846,42.54,0,0,0
2021-10-29,54.73,10.75,34.52,898,6261486,67.33,1151,5759796,61.94,4131,3959977,42.58,0,0,0
2021-10-30,54.68,10.81,34.52,364,6261850,67.34,530,5760326,61.94,1710,3961687,42.6,0,0,0
2021-10-31,54.83,10.7,34.47,2260,6264110,67.36,2495,5762821,61.97,8252,3969939,42.69,0,0,0
2021-11-01,54.95,10.63,34.42,1735,6265845,67.38,2090,5764911,61.99,6478,3976417,42.76,0,0,0
2021-11-02,54.89,10.69,34.42,2026,6267871,67.4,2043,5766954,62.02,6292,3982709,42.83,0,0,0
2021-11-03,54.86,10.75,34.39,1761,6269632,67.42,1896,5768850,62.04,5555,3988264,42.89,0,0,0
2021-11-04,54.85,10.81,34.33,2109,6271741,67.44,2801,5771651,62.07,7126,3995390,42.96,0,0,0
2021-11-05,54.85,10.83,34.32,788,6272529,67.45,903,5772554,62.08,3482,3998872,43,0,0,0
2021-11-06,54.82,10.86,34.32,345,6272874,67.46,385,5772939,62.08,1372,4000244,43.02,0,0,0
2021-11-07,54.92,10.8,34.28,1578,6274452,67.47,1769,5774708,62.1,6134,4006378,43.08,0,0,0
2021-11-08,55.01,10.75,34.24,1518,6275970,67.49,1602,5776310,62.12,5405,4011783,43.14,0,0,0
2021-11-09,55.05,10.74,34.21,1428,6277398,67.5,1606,5777916,62.13,5330,4017113,43.2,0,0,0
2021-11-10,55.08,10.73,34.19,1423,6278821,67.52,1658,5779574,62.15,4777,4021890,43.25,0,0,0
2021-11-11,55.15,10.69,34.15,1627,6280448,67.54,1944,5781518,62.17,5711,4027601,43.31,0,0,0
2021-11-12,55.17,10.69,34.14,633,6281081,67.54,824,5782342,62.18,2921,4030522,43.34,0,0,0
2021-11-13,55.14,10.72,34.14,255,6281336,67.55,286,5782628,62.18,1129,4031651,43.35,0,0,0
2021-11-14,55.21,10.68,34.11,1536,6282872,67.56,1637,5784265,62.2,5108,4036759,43.41,0,0,0
2021-11-15,55.28,10.63,34.09,1274,6284146,67.58,1622,5785887,62.22,4768,4041527,43.46,0,0,0
2021-11-16,55.32,10.62,34.07,1270,6285416,67.59,1414,5787301,62.23,4347,4045874,43.51,0,0,0
2021-11-17,55.35,10.6,34.05,1204,6286620,67.6,1561,5788862,62.25,3914,4049788,43.55,0,0,0
2021-11-18,55.41,10.58,34.02,1360,6287980,67.62,1691,5790553,62.27,5009,4054797,43.6,0,0,0
2021-11-19,55.42,10.57,34.01,588,6288568,67.62,762,5791315,62.28,2455,4057252,43.63,0,0,0
2021-11-20,55.41,10.58,34,237,6288805,67.63,254,5791569,62.28,929,4058181,43.64,0,0,0
2021-11-21,55.47,10.54,33.98,1408,6290213,67.64,1540,5793109,62.3,4878,4063059,43.69,0,0,0
2021-11-22,55.54,10.5,33.96,1680,6291893,67.66,1520,5794629,62.31,4235,4067294,43.74,0,0,0
2021-11-23,55.57,10.48,33.95,8621,6300514,67.75,1685,5796314,62.33,4004,4071298,43.78,0,0,0
2021-11-24,55.6,10.44,33.95,9348,6309862,67.85,1316,5797630,62.34,3922,4075220,43.82,0,0,0
2021-11-25,55.64,10.43,33.93,9812,6319674,67.96,1600,5799230,62.36,4838,4080058,43.87,0,0,0
2021-11-26,55.63,10.45,33.92,5610,6325284,68.02,747,5799977,62.37,2798,4082856,43.91,0,0,0
2021-11-27,55.62,10.46,33.92,4779,6330063,68.07,323,5800300,62.37,1162,4084018,43.92,0,0,0
2021-11-28,55.67,10.43,33.9,10152,6340215,68.18,1475,5801775,62.39,4901,4088919,43.97,0,0,0
2021-11-29,55.73,10.39,33.88,9042,6349257,68.28,1130,5802905,62.4,4372,4093291,44.02,0,0,0
2021-11-30,55.77,10.37,33.86,10044,6359301,68.38,1035,5803940,62.41,4084,4097375,44.06,0,0,0
2021-12-01,55.79,10.36,33.84,8628,6367929,68.48,1095,5805035,62.42,4439,4101814,44.11,5,5,0
2021-12-02,55.84,10.34,33.82,9175,6377104,68.58,1453,5806488,62.44,5119,4106933,44.16,6,11,0
2021-12-03,55.86,10.33,33.81,6331,6383435,68.64,673,5807161,62.45,2867,4109800,44.19,1,12,0
2021-12-04,55.85,10.34,33.81,2508,6385943,68.67,235,5807396,62.45,918,4110718,44.2,3,15,0
2021-12-05,55.9,10.31,33.79,8335,6394278,68.76,1253,5808649,62.46,4682,4115400,44.26,1,16,0
2021-12-06,55.95,10.27,33.78,6723,6401001,68.83,1197,5809846,62.48,4347,4119747,44.3,4,20,0
2021-12-07,55.99,10.25,33.76,5553,6406554,68.89,1500,5811346,62.49,3964,4123711,44.34,9,29,0
2021-12-08,56.03,10.22,33.75,4933,6411487,68.95,1199,5812545,62.51,3877,4127588,44.39,10,39,0
2021-12-09,56.08,10.19,33.73,6236,6417723,69.01,1236,5813781,62.52,4506,4132094,44.43,8,47,0
2021-12-10,56.1,10.18,33.72,3005,6420728,69.05,702,5814483,62.53,2685,4134779,44.46,4,51,0
2021-12-11,56.1,10.18,33.71,1491,6422219,69.06,251,5814734,62.53,1016,4135795,44.47,0,51,0
2021-12-12,56.16,10.15,33.69,7273,6429492,69.14,1444,5816178,62.54,5246,4141041,44.53,3,54,0
2021-12-13,56.21,10.11,33.67,6178,6435670,69.21,1374,5817552,62.56,4347,4145388,44.58,5,59,0
2021-12-14,56.27,10.09,33.65,7317,6442987,69.28,6100,5823652,62.62,4937,4150325,44.63,12,71,0
2021-12-15,56.34,10.06,33.6,7203,6450190,69.36,7403,5831055,62.7,5441,4155766,44.69,7,78,0
2021-12-16,56.53,10.05,33.42,8079,6458269,69.45,8613,5839668,62.8,6559,4162325,44.76,8,86,0
2021-12-17,56.64,10.05,33.3,4405,6462674,69.5,5139,5844807,62.85,3952,4166277,44.8,3,89,0
2021-12-18,56.73,10.07,33.2,3940,6466614,69.54,2913,5847720,62.88,1360,4167637,44.82,2,91,0
2021-12-19,56.92,10.04,33.04,6980,6473594,69.61,9331,5857051,62.98,6272,4173909,44.88,6,97,0
2021-12-20,57.07,10.02,32.91,7969,6481563,69.7,7517,5864568,63.06,5441,4179350,44.94,9,106,0
2021-12-21,57.27,10.01,32.71,9549,6491112,69.8,8648,5873216,63.16,6489,4185839,45.01,8,114,0
2021-12-22,57.49,10,32.52,9664,6500776,69.91,8155,5881371,63.25,6245,4192084,45.08,12,126,0
2021-12-23,57.7,9.97,32.33,11538,6512314,70.03,10263,5891634,63.36,8152,4200236,45.17,16,142,0
2021-12-24,57.83,9.96,32.21,5872,6518186,70.09,6240,5897874,63.42,5277,4205513,45.22,12,154,0
2021-12-25,57.9,9.96,32.15,3338,6521524,70.13,2565,5900439,63.45,2021,4207534,45.25,6,160,0
2021-12-26,58.1,9.92,31.98,10653,6532177,70.24,8909,5909348,63.55,8200,4215734,45.33,8,168,0
2021-12-27,58.27,9.9,31.83,10370,6542547,70.36,7145,5916493,63.62,8182,4223916,45.42,21,189,0
2021-12-28,58.46,9.88,31.66,11374,6553921,70.48,7452,5923945,63.7,9638,4233554,45.53,24,213,0
2021-12-29,58.64,9.85,31.51,9933,6563854,70.58,5963,5929908,63.77,8374,4241928,45.62,19,232,0
2021-12-30,58.84,9.82,31.34,11012,6574866,70.7,7735,5937643,63.85,12239,4254167,45.75,10,242,0
2021-12-31,58.9,9.79,31.3,4829,6579695,70.75,3672,5941315,63.89,7294,4261461,45.83,135,377,0
2022-01-01,58.93,9.79,31.28,1992,6581687,70.78,1591,5942906,63.91,2741,4264202,45.86,66,443,0
2022-01-02,59.14,9.76,31.1,10217,6591904,70.89,6487,5949393,63.98,13001,4277203,45.99,590,1033,0.01
2022-01-03,59.29,9.71,31,9383,6601287,70.99,5257,5954650,64.03,11335,4288538,46.12,25055,26088,0.28
2022-01-04,59.46,9.68,30.86,8967,6610254,71.08,5946,5960596,64.1,10521,4299059,46.23,50657,76745,0.83
2022-01-05,59.56,9.65,30.79,8551,6618805,71.18,5737,5966333,64.16,10489,4309548,46.34,59588,136333,1.47
2022-01-06,59.81,9.63,30.56,10339,6629144,71.29,7958,5974291,64.24,13530,4323078,46.49,63999,200332,2.15
2022-01-07,59.89,9.61,30.49,4759,6633903,71.34,4556,5978847,64.29,8160,4331238,46.58,31135,231467,2.49
2022-01-08,59.9,9.64,30.46,2750,6636653,71.37,2450,5981297,64.32,5500,4336738,46.64,27629,259096,2.79
2022-01-09,60.06,9.59,30.35,9307,6645960,71.47,7722,5989019,64.4,11866,4348604,46.76,66763,325859,3.5
2022-01-10,60.21,9.54,30.25,8351,6654311,71.56,7644,5996663,64.49,11876,4360480,46.89,64773,390632,4.2
2022-01-11,60.38,9.49,30.13,8102,6662413,71.64,8621,6005284,64.58,11966,4372446,47.02,56656,447288,4.81
2022-01-12,60.51,9.45,30.04,7276,6669689,71.72,8304,6013588,64.67,11111,4383557,47.14,44630,491918,5.29
2022-01-13,60.7,9.35,29.94,7510,6677199,71.8,9617,6023205,64.77,11540,4395097,47.26,34761,526679,5.66
2022-01-14,60.79,9.31,29.9,2555,6679754,71.83,4933,6028138,64.82,6140,4401237,47.33,11141,537820,5.78
2022-01-15,60.83,9.29,29.87,1466,6681220,71.85,3166,6031304,64.86,3882,4405119,47.37,5716,543536,5.84
2022-01-16,60.97,9.2,29.82,3819,6685039,71.89,8523,6039827,64.95,7682,4412801,47.45,19991,563527,6.06
2022-01-17,61.09,9.13,29.78,2808,6687847,71.92,7045,6046872,65.03,6169,4418970,47.52,17832,581359,6.25
2022-01-18,61.23,9.07,29.7,2477,6690324,71.94,7385,6054257,65.1,5530,4424500,47.58,14816,596175,6.41
2022-01-19,61.37,8.98,29.65,1914,6692238,71.97,6367,6060624,65.17,4520,4429020,47.63,8460,604635,6.5
2022-01-20,61.44,8.85,29.71,1777,6694015,71.98,6967,6067591,65.25,4790,4433810,47.68,8041,612676,6.59
2022-01-21,61.51,8.81,29.68,905,6694920,71.99,3725,6071316,65.29,2643,4436453,47.71,3358,616034,6.62
2022-01-22,61.51,8.75,29.74,328,6695248,72,1461,6072777,65.3,1064,4437517,47.72,1113,617147,6.64
2022-01-23,61.61,8.7,29.69,1068,6696316,72.01,5630,6078407,65.36,2878,4440395,47.75,6083,623230,6.7
2022-01-24,61.73,8.62,29.65,758,6697074,72.02,4481,6082888,65.41,2265,4442660,47.77,5054,628284,6.76
2022-01-25,61.9,8.51,29.59,743,6697817,72.02,4400,6087288,65.46,2178,4444838,47.8,7102,635386,6.83
2022-01-26,62.02,8.42,29.57,614,6698431,72.03,3284,6090572,65.5,1610,4446448,47.81,4262,639648,6.88
2022-01-27,62.12,8.35,29.52,797,6699228,72.04,4406,6094978,65.54,2002,4448450,47.84,5441,645089,6.94
2022-01-28,62.16,8.33,29.5,395,6699623,72.04,2376,6097354,65.57,1176,4449626,47.85,3450,648539,6.97
2022-01-29,62.23,8.29,29.48,124,6699747,72.05,1045,6098399,65.58,424,4450050,47.85,1162,649701,6.99
2022-01-30,62.3,8.24,29.46,769,6700516,72.05,4719,6103118,65.63,2019,4452069,47.88,8099,657800,7.07
2022-01-31,62.39,8.17,29.43,528,6701044,72.06,3184,6106302,65.66,1609,4453678,47.89,6472,664272,7.14
2022-02-01,62.45,8.15,29.4,480,6701524,72.06,2806,6109108,65.69,1522,4455200,47.91,5721,669993,7.2
2022-02-02,62.28,8.13,29.59,374,6701898,72.07,2393,6111501,65.72,1381,4456581,47.92,5074,675067,7.26
2022-02-03,62.34,8.08,29.57,446,6702344,72.07,2775,6114276,65.75,1460,4458041,47.94,5607,680674,7.32
2022-02-04,62.37,8.06,29.57,174,6702518,72.08,990,6115266,65.76,753,4458794,47.95,2455,683129,7.35
2022-02-05,62.34,8.09,29.56,62,6702580,72.08,340,6115606,65.76,221,4459015,47.95,420,683549,7.35
2022-02-06,62.41,8.05,29.55,406,6702986,72.08,2320,6117926,65.79,1343,4460358,47.96,5686,689235,7.41
2022-02-07,62.47,8.01,29.52,282,6703268,72.08,1306,6119232,65.8,982,4461340,47.98,5960,695195,7.48
2022-02-08,62.54,7.97,29.49,317,6703585,72.09,1498,6120730,65.82,1067,4462407,47.99,6137,701332,7.54
2022-02-09,62.6,7.95,29.45,254,6703839,72.09,1102,6121832,65.83,944,4463351,48,4570,705902,7.59
2022-02-10,62.63,7.93,29.44,272,6704111,72.09,1293,6123125,65.85,936,4464287,48.01,4815,710717,7.64
2022-02-11,62.67,7.91,29.42,211,6704322,72.09,557,6123682,65.85,516,4464803,48.01,2539,713256,7.67
2022-02-12,62.67,7.91,29.41,32,6704354,72.1,90,6123772,65.85,130,4464933,48.01,269,713525,7.67
2022-02-13,62.73,7.87,29.39,286,6704640,72.1,946,6124718,65.86,966,4465899,48.02,4998,718523,7.73
2022-02-14,62.89,7.74,29.36,180,6704820,72.1,627,6125345,65.87,758,4466657,48.03,3143,721666,7.76
2022-02-15,62.92,7.73,29.35,266,6705086,72.1,763,6126108,65.88,932,4467589,48.04,3817,725483,7.8
2022-02-16,62.95,7.72,29.34,179,6705265,72.11,577,6126685,65.88,802,4468391,48.05,2487,727970,7.83
2022-02-17,62.96,7.7,29.34,246,6705511,72.11,739,6127424,65.89,773,4469164,48.06,3061,731031,7.86
2022-02-18,62.98,7.69,29.33,131,6705642,72.11,341,6127765,65.9,435,4469599,48.06,1118,732149,7.87
2022-02-19,62.99,7.69,29.32,33,6705675,72.11,84,6127849,65.9,82,4469681,48.06,79,732228,7.87
2022-02-20,63.01,7.67,29.32,203,6705878,72.11,604,6128453,65.9,720,4470401,48.07,2574,734802,7.9
2022-02-21,63.04,7.65,29.31,173,6706051,72.11,412,6128865,65.91,488,4470889,48.08,1542,736344,7.92
2022-02-22,63.05,7.65,29.3,158,6706209,72.12,454,6129319,65.91,567,4471456,48.08,1871,738215,7.94
2022-02-23,63.06,7.65,29.29,108,6706317,72.12,353,6129672,65.92,451,4471907,48.09,1153,739368,7.95
2022-02-24,63.05,7.66,29.29,138,6706455,72.12,461,6130133,65.92,567,4472474,48.09,1492,740860,7.97
2022-02-25,63.06,7.66,29.28,59,6706514,72.12,141,6130274,65.92,188,4472662,48.1,456,741316,7.97
2022-02-26,63.05,7.67,29.28,15,6706529,72.12,28,6130302,65.92,161,4472823,48.1,35,741351,7.97
2022-02-27,63.05,7.67,29.28,112,6706641,72.12,341,6130643,65.93,449,4473272,48.1,1118,742469,7.98
2022-02-28,63.07,7.65,29.28,108,6706749,72.12,271,6130914,65.93,421,4473693,48.11,907,743376,7.99
2022-03-01,63.1,7.63,29.27,95,6706844,72.12,280,6131194,65.93,372,4474065,48.11,797,744173,8
2022-03-02,63.11,7.62,29.27,77,6706921,72.12,199,6131393,65.93,324,4474389,48.12,697,744870,8.01
2022-03-03,63.05,7.67,29.27,156,6707077,72.12,371,6131764,65.94,496,4474885,48.12,987,745857,8.02
2022-03-04,63.05,7.68,29.27,53,6707130,72.13,170,6131934,65.94,167,4475052,48.12,227,746084,8.02
2022-03-05,63.04,7.69,29.27,4,6707134,72.13,25,6131959,65.94,43,4475095,48.12,32,746116,8.02
2022-03-06,63.04,7.69,29.27,98,6707232,72.13,258,6132217,65.94,417,4475512,48.13,760,746876,8.03
2022-03-07,63.05,7.69,29.26,87,6707319,72.13,260,6132477,65.95,348,4475860,48.13,604,747480,8.04
2022-03-08,63.04,7.7,29.26,98,6707417,72.13,263,6132740,65.95,333,4476193,48.13,550,748030,8.04
2022-03-09,63.02,7.72,29.25,89,6707506,72.13,213,6132953,65.95,335,4476528,48.14,492,748522,8.05
2022-03-10,63.01,7.74,29.25,115,6707621,72.13,373,6133326,65.95,427,4476955,48.14,620,749142,8.06
2022-03-11,63,7.75,29.25,24,6707645,72.13,86,6133412,65.96,122,4477077,48.14,144,749286,8.06
2022-03-12,62.98,7.77,29.24,10,6707655,72.13,11,6133423,65.96,31,4477108,48.14,28,749314,8.06
2022-03-13,62.98,7.78,29.24,100,6707755,72.13,271,6133694,65.96,358,4477466,48.15,595,749909,8.06
2022-03-14,62.98,7.78,29.24,65,6707820,72.13,252,6133946,65.96,316,4477782,48.15,559,750468,8.07
2022-03-15,62.95,7.81,29.24,79,6707899,72.13,185,6134131,65.96,293,4478075,48.16,591,751059,8.08
2022-03-16,62.94,7.82,29.24,77,6707976,72.13,205,6134336,65.97,302,4478377,48.16,667,751726,8.08
2022-03-17,62.94,7.82,29.24,65,6708041,72.14,121,6134457,65.97,286,4478663,48.16,613,752339,8.09
2022-03-18,62.94,7.82,29.24,19,6708060,72.14,54,6134511,65.97,100,4478763,48.16,234,752573,8.09
2022-03-19,62.89,7.88,29.23,5,6708065,72.14,10,6134521,65.97,28,4478791,48.16,39,752612,8.09
2022-03-20,62.87,7.89,29.23,119,6708184,72.14,259,6134780,65.97,486,4479277,48.17,1429,754041,8.11
2022-03-21,62.87,7.9,29.23,97,6708281,72.14,247,6135027,65.97,377,4479654,48.17,1132,755173,8.12
2022-03-22,62.84,7.94,29.23,140,6708421,72.14,342,6135369,65.98,506,4480160,48.18,1770,756943,8.14
2022-03-23,62.81,7.97,29.22,108,6708529,72.14,212,6135581,65.98,462,4480622,48.18,1676,758619,8.16
2022-03-24,62.78,8,29.22,174,6708703,72.14,345,6135926,65.98,768,4481390,48.19,2361,760980,8.18
2022-03-25,62.78,8,29.23,39,6708742,72.14,82,6136008,65.98,156,4481546,48.19,629,761609,8.19
2022-03-26,62.77,8,29.22,12,6708754,72.14,13,6136021,65.98,34,4481580,48.19,91,761700,8.19
2022-03-27,62.75,8.02,29.22,165,6708919,72.14,342,6136363,65.99,758,4482338,48.2,3192,764892,8.23
2022-03-28,62.75,8.03,29.22,113,6709032,72.15,270,6136633,65.99,623,4482961,48.21,2416,767308,8.25
2022-03-29,62.7,8.07,29.22,125,6709157,72.15,257,6136890,65.99,641,4483602,48.21,2770,770078,8.28
2022-03-30,62.81,8.11,29.07,132,6709289,72.15,207,6137097,66,538,4484140,48.22,2370,772448,8.31
2022-03-31,62.79,8.11,29.1,166,6709455,72.15,302,6137399,66,729,4484869,48.23,2852,775300,8.34
2022-04-01,62.72,8.13,29.15,122,6709577,72.15,160,6137559,66,277,4485146,48.23,585,775885,8.34
2022-04-02,62.69,8.15,29.16,6,6709583,72.15,6,6137565,66,37,4485183,48.23,52,775937,8.34
2022-04-03,62.65,8.16,29.19,159,6709742,72.15,270,6137835,66,569,4485752,48.24,2478,778415,8.37
2022-04-04,62.62,8.16,29.22,103,6709845,72.15,207,6138042,66.01,483,4486235,48.24,2222,780637,8.39
2022-04-05,62.57,8.19,29.25,122,6709967,72.16,219,6138261,66.01,513,4486748,48.25,2242,782879,8.42
2022-04-06,62.55,8.2,29.25,92,6710059,72.16,155,6138416,66.01,381,4487129,48.25,2019,784898,8.44
2022-04-07,62.56,8.2,29.24,191,6710250,72.16,215,6138631,66.01,641,4487770,48.26,2554,787452,8.47
2022-04-08,62.54,8.22,29.23,30,6710280,72.16,59,6138690,66.01,153,4487923,48.26,479,787931,8.47
2022-04-09,62.52,8.25,29.23,6,6710286,72.16,17,6138707,66.01,27,4487950,48.26,46,787977,8.47
2022-04-10,62.51,8.26,29.23,103,6710389,72.16,264,6138971,66.02,429,4488379,48.27,1845,789822,8.49
2022-04-11,62.54,8.26,29.2,78,6710467,72.16,201,6139172,66.02,371,4488750,48.27,1425,791247,8.51
2022-04-12,62.58,8.29,29.12,204,6710671,72.16,168,6139340,66.02,373,4489123,48.27,1360,792607,8.52
2022-04-13,62.58,8.31,29.1,119,6710790,72.16,150,6139490,66.02,296,4489419,48.28,1217,793824,8.54
2022-04-14,62.57,8.33,29.1,85,6710875,72.17,221,6139711,66.02,320,4489739,48.28,1068,794892,8.55
2022-04-15,62.55,8.35,29.1,9,6710884,72.17,51,6139762,66.02,47,4489786,48.28,82,794974,8.55
2022-04-16,62.53,8.37,29.1,3,6710887,72.17,8,6139770,66.02,21,4489807,48.28,29,795003,8.55
2022-04-17,62.52,8.38,29.1,62,6710949,72.17,131,6139901,66.03,229,4490036,48.28,807,795810,8.56
2022-04-18,62.51,8.38,29.1,69,6711018,72.17,107,6140008,66.03,252,4490288,48.29,749,796559,8.57
2022-04-19,62.5,8.4,29.1,62,6711080,72.17,144,6140152,66.03,273,4490561,48.29,841,797400,8.57
2022-04-20,62.48,8.42,29.1,60,6711140,72.17,117,6140269,66.03,235,4490796,48.29,654,798054,8.58
2022-04-21,62.47,8.43,29.1,53,6711193,72.17,108,6140377,66.03,195,4490991,48.29,479,798533,8.59
2022-04-22,62.45,8.44,29.11,2,6711195,72.17,16,6140393,66.03,19,4491010,48.29,19,798552,8.59
2022-04-23,62.43,8.46,29.11,6,6711201,72.17,9,6140402,66.03,14,4491024,48.29,13,798565,8.59
2022-04-24,62.43,8.47,29.1,92,6711293,72.17,250,6140652,66.03,329,4491353,48.3,872,799437,8.6
2022-04-25,62.43,8.47,29.1,105,6711398,72.17,191,6140843,66.04,316,4491669,48.3,738,800175,8.6
2022-04-26,62.42,8.48,29.1,75,6711473,72.17,175,6141018,66.04,303,4491972,48.3,787,800962,8.61
2022-04-27,62.41,8.49,29.1,54,6711527,72.17,160,6141178,66.04,227,4492199,48.31,640,801602,8.62
2022-04-28,62.41,8.5,29.1,96,6711623,72.17,232,6141410,66.04,329,4492528,48.31,869,802471,8.63
2022-04-29,62.39,8.51,29.1,112,6711735,72.17,159,6141569,66.04,183,4492711,48.31,195,802666,8.63
2022-04-30,62.38,8.52,29.1,1,6711736,72.17,3,6141572,66.04,24,4492735,48.31,22,802688,8.63
2022-05-01,62.38,8.53,29.09,135,6711871,72.18,185,6141757,66.05,316,4493051,48.32,630,803318,8.64
2022-05-02,62.37,8.54,29.09,62,6711933,72.18,153,6141910,66.05,235,4493286,48.32,489,803807,8.64
2022-05-03,62.36,8.55,29.09,72,6712005,72.18,151,6142061,66.05,288,4493574,48.32,506,804313,8.65
2022-05-04,62.35,8.57,29.08,23,6712028,72.18,56,6142117,66.05,63,4493637,48.32,126,804439,8.65
2022-05-05,62.34,8.58,29.08,4,6712032,72.18,1,6142118,66.05,7,4493644,48.32,13,804452,8.65
2022-05-06,62.33,8.59,29.08,19,6712051,72.18,59,6142177,66.05,64,4493708,48.32,151,804603,8.65
2022-05-07,62.32,8.6,29.08,1,6712052,72.18,7,6142184,66.05,26,4493734,48.32,24,804627,8.65
2022-05-08,62.31,8.61,29.08,118,6712170,72.18,207,6142391,66.05,270,4494004,48.33,457,805084,8.66
2022-05-09,62.31,8.61,29.08,59,6712229,72.18,162,6142553,66.05,251,4494255,48.33,504,805588,8.66
2022-05-10,62.3,8.62,29.08,130,6712359,72.18,169,6142722,66.06,260,4494515,48.33,508,806096,8.67
2022-05-11,62.3,8.63,29.08,58,6712417,72.18,118,6142840,66.06,182,4494697,48.33,464,806560,8.67
2022-05-12,62.29,8.64,29.07,119,6712536,72.18,200,6143040,66.06,277,4494974,48.34,664,807224,8.68
2022-05-13,62.28,8.65,29.07,11,6712547,72.18,42,6143082,66.06,71,4495045,48.34,110,807334,8.68
2022-05-14,62.26,8.66,29.07,6,6712553,72.18,12,6143094,66.06,11,4495056,48.34,22,807356,8.68
2022-05-15,62.26,8.67,29.07,89,6712642,72.18,175,6143269,66.06,245,4495301,48.34,665,808021,8.69
2022-05-16,62.19,8.65,29.16,68,6712710,72.19,141,6143410,66.06,230,4495531,48.34,508,808529,8.69
2022-05-17,62.18,8.66,29.16,73,6712783,72.19,153,6143563,66.06,268,4495799,48.35,617,809146,8.7
2022-05-18,62.17,8.67,29.16,43,6712826,72.19,99,6143662,66.07,169,4495968,48.35,445,809591,8.71
2022-05-19,62.16,8.68,29.16,64,6712890,72.19,170,6143832,66.07,212,4496180,48.35,499,810090,8.71
2022-05-20,62.15,8.69,29.16,75,6712965,72.19,114,6143946,66.07,128,4496308,48.35,138,810228,8.71
2022-05-21,62.14,8.7,29.16,4,6712969,72.19,7,6143953,66.07,14,4496322,48.35,18,810246,8.71
2022-05-22,62.14,8.71,29.16,87,6713056,72.19,188,6144141,66.07,216,4496538,48.35,426,810672,8.72
2022-05-23,62.14,8.71,29.16,64,6713120,72.19,120,6144261,66.07,155,4496693,48.36,345,811017,8.72
2022-05-24,62.13,8.71,29.15,43,6713163,72.19,119,6144380,66.07,156,4496849,48.36,394,811411,8.73
2022-05-25,62.12,8.72,29.15,61,6713224,72.19,103,6144483,66.07,165,4497014,48.36,337,811748,8.73
2022-05-26,62.11,8.73,29.16,72,6713296,72.19,136,6144619,66.08,185,4497199,48.36,348,812096,8.73
2022-05-27,62.1,8.74,29.16,12,6713308,72.19,29,6144648,66.08,43,4497242,48.36,59,812155,8.73
2022-05-28,62.09,8.75,29.16,2,6713310,72.19,4,6144652,66.08,7,4497249,48.36,12,812167,8.73
2022-05-29,62.09,8.75,29.16,89,6713399,72.19,152,6144804,66.08,163,4497412,48.36,314,812481,8.74
2022-05-30,62.09,8.76,29.16,56,6713455,72.19,133,6144937,66.08,125,4497537,48.36,291,812772,8.74
2022-05-31,62.07,8.78,29.15,45,6713500,72.19,104,6145041,66.08,153,4497690,48.37,351,813123,8.74
2022-06-01,61.95,8.9,29.16,63,6713563,72.19,90,6145131,66.08,117,4497807,48.37,276,813399,8.75
2022-06-02,45.96,24.88,29.15,77,6713640,72.2,156,6145287,66.08,177,4497984,48.37,255,813654,8.75
2022-06-03,45.9,24.95,29.16,10,6713650,72.2,23,6145310,66.08,21,4498005,48.37,33,813687,8.75
2022-06-04,45.84,25,29.16,0,6713650,72.2,7,6145317,66.08,8,4498013,48.37,5,813692,8.75
2022-06-05,45.8,25.05,29.16,11,6713661,72.2,14,6145331,66.08,7,4498020,48.37,2,813694,8.75
2022-06-06,39.96,30.89,29.16,58,6713719,72.2,144,6145475,66.09,162,4498182,48.37,261,813955,8.75
2022-06-07,39.92,30.93,29.15,54,6713773,72.2,134,6145609,66.09,141,4498323,48.37,375,814330,8.76
2022-06-08,39.89,30.96,29.15,57,6713830,72.2,104,6145713,66.09,131,4498454,48.37,497,814827,8.76
2022-06-09,39.86,30.99,29.15,84,6713914,72.2,206,6145919,66.09,234,4498688,48.38,641,815468,8.77
2022-06-10,39.83,31.02,29.15,14,6713928,72.2,51,6145970,66.09,59,4498747,48.38,141,815609,8.77
2022-06-11,39.8,31.05,29.15,0,6713928,72.2,3,6145973,66.09,7,4498754,48.38,19,815628,8.77
2022-06-12,39.8,31.05,29.15,109,6714037,72.2,199,6146172,66.09,191,4498945,48.38,767,816395,8.78
2022-06-13,39.81,31.04,29.15,81,6714118,72.2,142,6146314,66.09,168,4499113,48.38,625,817020,8.79
2022-06-14,39.79,31.06,29.15,116,6714234,72.2,173,6146487,66.1,208,4499321,48.38,759,817779,8.79
2022-06-15,39.78,31.08,29.15,71,6714305,72.2,141,6146628,66.1,207,4499528,48.39,699,818478,8.8
2022-06-16,39.74,31.11,29.14,94,6714399,72.2,136,6146764,66.1,217,4499745,48.39,742,819220,8.81
2022-06-17,39.72,31.14,29.15,16,6714415,72.2,63,6146827,66.1,52,4499797,48.39,123,819343,8.81
2022-06-18,39.68,31.17,29.14,3,6714418,72.2,4,6146831,66.1,11,4499808,48.39,15,819358,8.81
2022-06-19,39.53,31.33,29.15,115,6714533,72.2,207,6147038,66.1,317,4500125,48.39,877,820235,8.82
2022-06-20,33.92,36.85,29.23,99,6714632,72.21,152,6147190,66.1,307,4500432,48.4,922,821157,8.83
2022-06-21,33.58,37.19,29.23,94,6714726,72.21,154,6147344,66.11,375,4500807,48.4,1229,822386,8.84
2022-06-22,33.28,37.49,29.23,110,6714836,72.21,135,6147479,66.11,339,4501146,48.4,894,823280,8.85
2022-06-23,32.84,37.92,29.23,133,6714969,72.21,217,6147696,66.11,524,4501670,48.41,1146,824426,8.87
2022-06-24,32.43,38.34,29.24,19,6714988,72.21,35,6147731,66.11,110,4501780,48.41,207,824633,8.87
2022-06-25,32.04,38.72,29.24,1,6714989,72.21,3,6147734,66.11,12,4501792,48.41,16,824649,8.87
2022-06-26,31.63,39.13,29.24,107,6715096,72.21,158,6147892,66.11,379,4502171,48.41,933,825582,8.88
2022-06-27,31.29,39.47,29.24,86,6715182,72.21,172,6148064,66.11,391,4502562,48.42,1028,826610,8.89
2022-06-28,30.86,39.91,29.24,84,6715266,72.21,151,6148215,66.11,364,4502926,48.42,932,827542,8.9
2022-06-29,30.48,40.28,29.24,76,6715342,72.21,106,6148321,66.12,265,4503191,48.43,816,828358,8.91
2022-06-30,30.05,40.71,29.24,86,6715428,72.21,165,6148486,66.12,356,4503547,48.43,1057,829415,8.92
2022-07-01,29.62,41.14,29.24,22,6715450,72.21,28,6148514,66.12,55,4503602,48.43,80,829495,8.92
2022-07-02,29.2,41.56,29.24,1,6715451,72.21,2,6148516,66.12,8,4503610,48.43,18,829513,8.92
2022-07-03,28.81,41.95,29.24,100,6715551,72.22,177,6148693,66.12,322,4503932,48.43,637,830150,8.93
2022-07-04,28.5,42.26,29.24,76,6715627,72.22,141,6148834,66.12,278,4504210,48.44,748,830898,8.94
2022-07-05,28.06,42.7,29.24,59,6715686,72.22,142,6148976,66.12,302,4504512,48.44,688,831586,8.94
2022-07-06,27.39,43.37,29.24,78,6715764,72.22,124,6149100,66.12,211,4504723,48.44,645,832231,8.95
2022-07-07,26.48,44.28,29.24,82,6715846,72.22,163,6149263,66.13,267,4504990,48.44,721,832952,8.96
2022-07-08,25.47,45.29,29.24,17,6715863,72.22,33,6149296,66.13,69,4505059,48.45,131,833083,8.96
2022-07-09,24.42,46.34,29.24,0,6715863,72.22,1,6149297,66.13,2,4505061,48.45,2,833085,8.96
2022-07-10,23.77,46.99,29.24,90,6715953,72.22,164,6149461,66.13,229,4505290,48.45,470,833555,8.96
2022-07-11,23.22,47.54,29.24,64,6716017,72.22,140,6149601,66.13,247,4505537,48.45,574,834129,8.97
2022-07-12,22.13,48.63,29.24,69,6716086,72.22,128,6149729,66.13,207,4505744,48.45,557,834686,8.98
2022-07-13,21.1,49.66,29.24,43,6716129,72.22,101,6149830,66.13,164,4505908,48.45,488,835174,8.98
2022-07-14,20.12,50.63,29.24,69,6716198,72.22,147,6149977,66.13,209,4506117,48.46,512,835686,8.99
2022-07-15,19.27,51.48,29.25,64,6716262,72.22,88,6150065,66.13,127,4506244,48.46,166,835852,8.99
2022-07-16,18.29,52.46,29.25,0,6716262,72.22,6,6150071,66.13,7,4506251,48.46,7,835859,8.99
2022-07-17,17.83,52.92,29.25,76,6716338,72.22,183,6150254,66.14,241,4506492,48.46,468,836327,8.99
2022-07-18,17.48,53.26,29.26,62,6716400,72.22,158,6150412,66.14,207,4506699,48.46,511,836838,9
2022-07-19,16.77,53.97,29.26,61,6716461,72.23,147,6150559,66.14,174,4506873,48.46,368,837206,9
2022-07-20,16.09,54.64,29.26,52,6716513,72.23,133,6150692,66.14,136,4507009,48.47,422,837628,9.01
2022-07-21,15.43,55.3,29.27,61,6716574,72.23,158,6150850,66.14,176,4507185,48.47,341,837969,9.01
2022-07-22,14.64,56.08,29.28,10,6716584,72.23,36,6150886,66.14,43,4507228,48.47,56,838025,9.01
2022-07-23,14.17,56.55,29.28,0,6716584,72.23,4,6150890,66.14,4,4507232,48.47,9,838034,9.01
2022-07-24,13.55,57.16,29.29,58,6716642,72.23,128,6151018,66.14,196,4507428,48.47,364,838398,9.02
2022-07-25,13.09,57.61,29.3,48,6716690,72.23,107,6151125,66.15,172,4507600,48.47,336,838734,9.02
2022-07-26,12.46,58.23,29.3,47,6716737,72.23,99,6151224,66.15,110,4507710,48.47,270,839004,9.02
2022-07-27,11.89,58.8,29.31,43,6716780,72.23,125,6151349,66.15,132,4507842,48.48,243,839247,9.02
2022-07-28,11.35,59.34,29.31,62,6716842,72.23,142,6151491,66.15,147,4507989,48.48,220,839467,9.03
2022-07-29,10.85,59.83,29.32,10,6716852,72.23,25,6151516,66.15,27,4508016,48.48,31,839498,9.03
2022-07-30,10.34,60.33,29.33,0,6716852,72.23,0,6151516,66.15,1,4508017,48.48,1,839499,9.03
2022-07-31,9.97,60.7,29.33,56,6716908,72.23,134,6151650,66.15,131,4508148,48.48,252,839751,9.03
2022-08-01,9.47,61.19,29.34,54,6716962,72.23,76,6151726,66.15,88,4508236,48.48,152,839903,9.03
2022-08-02,8.92,61.73,29.35,111,6717073,72.23,119,6151845,66.15,155,4508391,48.48,264,840167,9.03
2022-08-03,8.46,62.19,29.35,76,6717149,72.23,71,6151916,66.15,92,4508483,48.48,178,840345,9.04
2022-08-04,8.04,62.61,29.36,133,6717282,72.23,133,6152049,66.16,111,4508594,48.48,246,840591,9.04
2022-08-05,7.71,62.93,29.36,30,6717312,72.23,23,6152072,66.16,13,4508607,48.48,23,840614,9.04
2022-08-06,7.32,63.32,29.36,1,6717313,72.23,2,6152074,66.16,1,4508608,48.48,5,840619,9.04
2022-08-07,6.92,63.71,29.37,89,6717402,72.24,97,6152171,66.16,69,4508677,48.48,169,840788,9.04
2022-08-08,6.74,63.89,29.37,76,6717478,72.24,95,6152266,66.16,122,4508799,48.49,172,840960,9.04
2022-08-09,6.25,64.37,29.38,96,6717574,72.24,88,6152354,66.16,99,4508898,48.49,213,841173,9.05
2022-08-10,5.91,64.71,29.38,77,6717651,72.24,58,6152412,66.16,75,4508973,48.49,115,841288,9.05
2022-08-11,5.59,65.03,29.38,54,6717705,72.24,101,6152513,66.16,91,4509064,48.49,155,841443,9.05
2022-08-12,5.35,65.27,29.38,8,6717713,72.24,12,6152525,66.16,17,4509081,48.49,29,841472,9.05
2022-08-13,5.1,65.52,29.38,0,6717713,72.24,2,6152527,66.16,2,4509083,48.49,3,841475,9.05
2022-08-14,4.87,65.75,29.39,74,6717787,72.24,75,6152602,66.16,82,4509165,48.49,150,841625,9.05
2022-08-15,4.74,65.87,29.39,68,6717855,72.24,81,6152683,66.16,93,4509258,48.49,143,841768,9.05
2022-08-16,4.46,66.15,29.39,82,6717937,72.24,84,6152767,66.16,84,4509342,48.49,187,841955,9.05
2022-08-17,4.16,66.44,29.39,48,6717985,72.24,55,6152822,66.16,36,4509378,48.49,114,842069,9.06
2022-08-18,3.98,66.63,29.39,68,6718053,72.24,93,6152915,66.17,120,4509498,48.49,173,842242,9.06
2022-08-19,3.83,66.78,29.39,77,6718130,72.24,67,6152982,66.17,56,4509554,48.49,38,842280,9.06
2022-08-20,3.67,66.94,29.39,1,6718131,72.24,1,6152983,66.17,3,4509557,48.49,3,842283,9.06
2022-08-21,3.52,67.08,29.4,51,6718182,72.24,85,6153068,66.17,84,4509641,48.49,195,842478,9.06
2022-08-22,3.44,67.16,29.4,89,6718271,72.25,74,6153142,66.17,103,4509744,48.5,143,842621,9.06
2022-08-23,3.27,67.33,29.4,72,6718343,72.25,106,6153248,66.17,84,4509828,48.5,180,842801,9.06
2022-08-24,3.15,67.46,29.4,38,6718381,72.25,80,6153328,66.17,48,4509876,48.5,133,842934,9.06
2022-08-25,3.03,67.57,29.4,53,6718434,72.25,75,6153403,66.17,97,4509973,48.5,193,843127,9.07
2022-08-26,2.94,67.66,29.4,4,6718438,72.25,15,6153418,66.17,9,4509982,48.5,14,843141,9.07
2022-08-27,2.84,67.76,29.4,0,6718438,72.25,0,6153418,66.17,0,4509982,48.5,0,843141,9.07
2022-08-28,2.75,67.85,29.4,55,6718493,72.25,80,6153498,66.17,85,4510067,48.5,102,843243,9.07
2022-08-29,2.69,67.91,29.4,48,6718541,72.25,68,6153566,66.17,89,4510156,48.5,107,843350,9.07
2022-08-30,2.6,68,29.4,85,6718626,72.25,112,6153678,66.17,85,4510241,48.5,130,843480,9.07
2022-08-31,2.53,68.07,29.4,42,6718668,72.25,88,6153766,66.17,70,4510311,48.5,95,843575,9.07
2022-09-01,2.46,68.14,29.4,29,6718697,72.25,84,6153850,66.18,58,4510369,48.5,113,843688,9.07
2022-09-02,2.4,68.2,29.4,6,6718703,72.25,20,6153870,66.18,13,4510382,48.5,10,843698,9.07
2022-09-03,2.33,68.27,29.4,2,6718705,72.25,0,6153870,66.18,3,4510385,48.5,1,843699,9.07
2022-09-04,2.27,68.32,29.4,63,6718768,72.25,132,6154002,66.18,80,4510465,48.5,121,843820,9.07
2022-09-05,2.23,68.37,29.4,44,6718812,72.25,77,6154079,66.18,58,4510523,48.5,89,843909,9.08
2022-09-06,2.17,68.42,29.4,60,6718872,72.25,104,6154183,66.18,78,4510601,48.5,130,844039,9.08
2022-09-07,2.12,68.47,29.4,27,6718899,72.25,63,6154246,66.18,53,4510654,48.51,94,844133,9.08
2022-09-08,2.07,68.53,29.4,50,6718949,72.25,101,6154347,66.18,70,4510724,48.51,77,844210,9.08
2022-09-09,2.03,68.57,29.4,10,6718959,72.25,21,6154368,66.18,16,4510740,48.51,17,844227,9.08
2022-09-10,1.97,68.62,29.4,0,6718959,72.25,0,6154368,66.18,5,4510745,48.51,2,844229,9.08
2022-09-11,1.92,68.67,29.41,39,6718998,72.25,117,6154485,66.18,78,4510823,48.51,116,844345,9.08
2022-09-12,1.88,68.71,29.41,24,6719022,72.25,72,6154557,66.18,52,4510875,48.51,68,844413,9.08
2022-09-13,1.82,68.77,29.41,44,6719066,72.25,112,6154669,66.18,54,4510929,48.51,103,844516,9.08
2022-09-14,1.78,68.82,29.41,21,6719087,72.25,64,6154733,66.19,53,4510982,48.51,62,844578,9.08
2022-09-15,1.73,68.86,29.41,32,6719119,72.25,77,6154810,66.19,63,4511045,48.51,107,844685,9.08
2022-09-16,1.7,68.89,29.41,50,6719169,72.25,52,6154862,66.19,27,4511072,48.51,28,844713,9.08
2022-09-17,1.66,68.93,29.41,3,6719172,72.25,0,6154862,66.19,1,4511073,48.51,0,844713,9.08
2022-09-18,1.63,68.96,29.41,27,6719199,72.25,66,6154928,66.19,52,4511125,48.51,114,844827,9.08
2022-09-19,1.61,68.98,29.41,27,6719226,72.26,74,6155002,66.19,44,4511169,48.51,57,844884,9.09
2022-09-20,1.56,69.03,29.41,41,6719267,72.26,93,6155095,66.19,75,4511244,48.51,102,844986,9.09
2022-09-21,1.55,69.05,29.41,22,6719289,72.26,55,6155150,66.19,31,4511275,48.51,67,845053,9.09
2022-09-22,1.52,69.07,29.4,42,6719331,72.26,62,6155212,66.19,49,4511324,48.51,306,845359,9.09
2022-09-23,1.5,69.1,29.41,22,6719353,72.26,29,6155241,66.19,34,4511358,48.51,248,845607,9.09
2022-09-24,1.47,69.13,29.41,0,6719353,72.26,0,6155241,66.19,0,4511358,48.51,0,845607,9.09
2022-09-25,1.46,69.13,29.41,9,6719362,72.26,24,6155265,66.19,28,4511386,48.51,222,845829,9.1
2022-09-26,1.46,69.13,29.41,3,6719365,72.26,16,6155281,66.19,30,4511416,48.51,64,845893,9.1
2022-09-27,1.42,69.17,29.41,2,6719367,72.26,1,6155282,66.19,4,4511420,48.51,8,845901,9.1
2022-09-28,1.39,69.21,29.41,38,6719405,72.26,52,6155334,66.19,94,4511514,48.51,710,846611,9.1
2022-09-29,1.37,69.22,29.41,77,6719482,72.26,92,6155426,66.19,111,4511625,48.52,905,847516,9.11
2022-09-30,1.35,69.24,29.41,8,6719490,72.26,18,6155444,66.19,16,4511641,48.52,289,847805,9.12
2022-10-01,1.31,69.29,29.41,0,6719490,72.26,2,6155446,66.19,0,4511641,48.52,7,847812,9.12
2022-10-02,1.31,69.29,29.41,40,6719530,72.26,75,6155521,66.19,112,4511753,48.52,859,848671,9.13
2022-10-03,1.31,69.28,29.4,45,6719575,72.26,46,6155567,66.19,91,4511844,48.52,886,849557,9.14
2022-10-04,1.27,69.32,29.4,9,6719584,72.26,14,6155581,66.19,21,4511865,48.52,244,849801,9.14
2022-10-05,1.28,69.31,29.4,0,6719584,72.26,0,6155581,66.19,0,4511865,48.52,0,849801,9.14
2022-10-06,1.31,69.28,29.4,39,6719623,72.26,74,6155655,66.19,128,4511993,48.52,1276,851077,9.15
2022-10-07,1.3,69.29,29.41,8,6719631,72.26,10,6155665,66.2,16,4512009,48.52,247,851324,9.15
2022-10-08,1.26,69.33,29.41,0,6719631,72.26,1,6155666,66.2,0,4512009,48.52,0,851324,9.15
2022-10-09,1.31,69.28,29.41,10,6719641,72.26,32,6155698,66.2,45,4512054,48.52,431,851755,9.16
2022-10-10,1.38,69.22,29.4,5,6719646,72.26,5,6155703,66.2,2,4512056,48.52,13,851768,9.16
2022-10-11,1.36,69.24,29.4,33,6719679,72.26,71,6155774,66.2,102,4512158,48.52,858,852626,9.17
2022-10-12,1.34,69.26,29.4,36,6719715,72.26,46,6155820,66.2,91,4512249,48.52,927,853553,9.18
2022-10-13,1.4,69.2,29.4,28,6719743,72.26,29,6155849,66.2,48,4512297,48.52,719,854272,9.19
2022-10-14,1.4,69.2,29.4,8,6719751,72.26,9,6155858,66.2,27,4512324,48.52,257,854529,9.19
2022-10-15,1.38,69.22,29.4,0,6719751,72.26,0,6155858,66.2,0,4512324,48.52,2,854531,9.19
2022-10-16,1.39,69.2,29.4,8,6719759,72.26,17,6155875,66.2,38,4512362,48.52,384,854915,9.19
2022-10-17,1.39,69.2,29.4,1,6719760,72.26,2,6155877,66.2,2,4512364,48.52,8,854923,9.19
2022-10-18,1.43,69.17,29.4,38,6719798,72.26,67,6155944,66.2,108,4512472,48.52,940,855863,9.2
2022-10-19,1.47,69.12,29.4,42,6719840,72.26,56,6156000,66.2,109,4512581,48.53,1188,857051,9.22
2022-10-20,1.5,69.1,29.4,69,6719909,72.26,78,6156078,66.2,146,4512727,48.53,1053,858104,9.23
2022-10-21,1.5,69.09,29.4,7,6719916,72.26,16,6156094,66.2,24,4512751,48.53,273,858377,9.23
2022-10-22,1.49,69.1,29.4,0,6719916,72.26,0,6156094,66.2,1,4512752,48.53,1,858378,9.23
2022-10-23,1.51,69.08,29.4,48,6719964,72.26,61,6156155,66.2,95,4512847,48.53,845,859223,9.24
2022-10-24,1.51,69.08,29.41,63,6720027,72.26,47,6156202,66.2,105,4512952,48.53,764,859987,9.25
2022-10-25,1.55,69.04,29.4,41,6720068,72.26,65,6156267,66.2,133,4513085,48.53,1128,861115,9.26
2022-10-26,1.61,68.99,29.4,55,6720123,72.26,59,6156326,66.2,99,4513184,48.53,1201,862316,9.27
2022-10-27,1.67,68.93,29.4,65,6720188,72.27,68,6156394,66.2,141,4513325,48.53,1331,863647,9.29
2022-10-28,1.67,68.93,29.4,50,6720238,72.27,59,6156453,66.2,59,4513384,48.53,376,864023,9.29
2022-10-29,1.66,68.94,29.4,0,6720238,72.27,0,6156453,66.2,0,4513384,48.53,9,864032,9.29
2022-10-30,1.71,68.89,29.4,37,6720275,72.27,50,6156503,66.2,133,4513517,48.54,1005,865037,9.3
2022-10-31,1.76,68.84,29.4,40,6720315,72.27,51,6156554,66.2,153,4513670,48.54,1057,866094,9.31
2022-11-01,1.82,68.78,29.4,4,6720319,72.27,6,6156560,66.2,18,4513688,48.54,149,866243,9.32
2022-11-02,1.88,68.72,29.4,51,6720370,72.27,34,6156594,66.2,128,4513816,48.54,1049,867292,9.33
2022-11-03,1.96,68.64,29.4,38,6720408,72.27,47,6156641,66.21,132,4513948,48.54,1124,868416,9.34
2022-11-04,1.98,68.63,29.4,5,6720413,72.27,11,6156652,66.21,26,4513974,48.54,305,868721,9.34
2022-11-05,1.97,68.63,29.4,0,6720413,72.27,0,6156652,66.21,1,4513975,48.54,3,868724,9.34
2022-11-06,2.03,68.57,29.4,63,6720476,72.27,58,6156710,66.21,133,4514108,48.54,1200,869924,9.35
2022-11-07,2.1,68.51,29.4,36,6720512,72.27,33,6156743,66.21,115,4514223,48.54,1276,871200,9.37
2022-11-08,2.1,68.5,29.4,61,6720573,72.27,50,6156793,66.21,134,4514357,48.55,1118,872318,9.38
2022-11-09,2.16,68.45,29.4,36,6720609,72.27,49,6156842,66.21,133,4514490,48.55,1308,873626,9.39
2022-11-10,2.22,68.39,29.4,50,6720659,72.27,50,6156892,66.21,119,4514609,48.55,1706,875332,9.41
2022-11-11,2.23,68.37,29.4,6,6720665,72.27,26,6156918,66.21,29,4514638,48.55,511,875843,9.42
2022-11-12,2.22,68.38,29.4,1,6720666,72.27,0,6156918,66.21,2,4514640,48.55,16,875859,9.42
2022-11-13,2.29,68.31,29.4,43,6720709,72.27,51,6156969,66.21,146,4514786,48.55,1199,877058,9.43
2022-11-14,2.37,68.23,29.4,49,6720758,72.27,51,6157020,66.21,153,4514939,48.55,1467,878525,9.45
2022-11-15,2.43,68.17,29.4,72,6720830,72.27,59,6157079,66.21,163,4515102,48.55,1477,880002,9.46
2022-11-16,2.5,68.1,29.4,51,6720881,72.27,58,6157137,66.21,144,4515246,48.55,1548,881550,9.48
2022-11-17,2.59,68.02,29.4,54,6720935,72.27,76,6157213,66.21,180,4515426,48.56,1674,883224,9.5
2022-11-18,2.61,67.99,29.4,23,6720958,72.27,35,6157248,66.21,64,4515490,48.56,686,883910,9.51
2022-11-19,2.6,68,29.4,0,6720958,72.27,0,6157248,66.21,0,4515490,48.56,3,883913,9.51
2022-11-20,2.67,67.93,29.4,42,6721000,72.27,48,6157296,66.21,134,4515624,48.56,1380,885293,9.52
2022-11-21,2.76,67.85,29.4,45,6721045,72.27,41,6157337,66.21,133,4515757,48.56,1272,886565,9.53
2022-11-22,2.83,67.77,29.4,62,6721107,72.28,57,6157394,66.21,168,4515925,48.56,1520,888085,9.55
2022-11-23,2.9,67.7,29.4,61,6721168,72.28,58,6157452,66.21,168,4516093,48.56,1526,889611,9.57
2022-11-24,2.98,67.62,29.4,36,6721204,72.28,50,6157502,66.21,161,4516254,48.57,1639,891250,9.58
2022-11-25,3,67.6,29.4,31,6721235,72.28,36,6157538,66.22,53,4516307,48.57,531,891781,9.59
2022-11-26,3,67.61,29.4,0,6721235,72.28,2,6157540,66.22,2,4516309,48.57,2,891783,9.59
2022-11-27,3.06,67.54,29.4,31,6721266,72.28,35,6157575,66.22,139,4516448,48.57,1342,893125,9.6
2022-11-28,3.14,67.47,29.4,24,6721290,72.28,43,6157618,66.22,106,4516554,48.57,1166,894291,9.62
2022-11-29,3.2,67.4,29.4,60,6721350,72.28,78,6157696,66.22,188,4516742,48.57,1431,895722,9.63
2022-11-30,3.27,67.34,29.39,49,6721399,72.28,83,6157779,66.22,171,4516913,48.57,1511,897233,9.65
2022-12-01,3.34,67.26,29.39,0,6721399,72.28,0,6157779,66.22,0,4516913,48.57,0,897233,9.65
