Date,Valid vaccinated pop. perc.,Expired vaccinated pop. perc.,Not vaccinated pop. perc.,Vaccinated (daily),Vaccinated (cumu),Vaccinated pop. perc.,Second dose (daily),Second dose (cumu),Second dose pop. perc.,Third dose (daily),Third dose (cumu),Third dose pop. perc.,Fourth dose (daily),Fourth dose (cumu),Fourth dose pop. perc.
2020-12-19,0,0,100,46,70,0,0,4,0,0,0,0,0,0,0
2020-12-20,0,0,100,7396,7466,0.08,0,4,0,0,0,0,0,0,0
2020-12-21,0,0,100,24923,32389,0.35,0,4,0,0,0,0,0,0,0
2020-12-22,0,0,100,44668,77057,0.83,0,4,0,0,0,0,0,0,0
2020-12-23,0,0,100,62919,139976,1.51,0,4,0,0,0,0,0,0,0
2020-12-24,0,0,100,73430,213406,2.29,0,4,0,0,0,0,0,0,0
2020-12-25,0,0,100,38517,251923,2.71,0,4,0,0,0,0,0,0,0
2020-12-26,0,0,100,32617,284540,3.06,0,4,0,0,0,0,0,0,0
2020-12-27,0,0,100,104574,389114,4.18,0,4,0,0,0,0,0,0,0
2020-12-28,0,0,100,135041,524155,5.64,0,4,0,0,0,0,0,0,0
2020-12-29,0,0,100,156336,680491,7.32,2,6,0,0,0,0,0,0,0
2020-12-30,0,0,100,153188,833679,8.96,0,6,0,0,0,0,0,0,0
2020-12-31,0,0,100,158597,992276,10.67,0,6,0,0,0,0,0,0,0
2021-01-01,0,0,100,71435,1063711,11.44,0,6,0,0,0,0,0,0,0
2021-01-02,0,0,100,71743,1135454,12.21,0,6,0,0,0,0,0,0,0
2021-01-03,0,0,100,149764,1285218,13.82,0,6,0,0,0,0,0,0,0
2021-01-04,0,0,100,152203,1437421,15.46,1,7,0,0,0,0,0,0,0
2021-01-05,0,0,100,125220,1562641,16.8,4,11,0,0,0,0,0,0,0
2021-01-06,0,0,100,103372,1666013,17.92,2,13,0,0,0,0,0,0,0
2021-01-07,0,0,100,116063,1782076,19.16,9,22,0,0,0,0,0,0,0
2021-01-08,0,0,100,66464,1848540,19.88,5,27,0,0,0,0,0,0,0
2021-01-09,0,0,100,44553,1893093,20.36,24,51,0,0,0,0,0,0,0
2021-01-10,0,0,100,37649,1930742,20.76,6001,6052,0.07,0,0,0,0,0,0
2021-01-11,0,0,100,21175,1951917,20.99,19264,25316,0.27,0,0,0,0,0,0
2021-01-12,0,0,100,24075,1975992,21.25,35674,60990,0.66,0,0,0,0,0,0
2021-01-13,0,0,100,52078,2028070,21.81,56874,117864,1.27,0,0,0,0,0,0
2021-01-14,0,0,100,56478,2084548,22.42,68838,186702,2.01,0,0,0,0,0,0
2021-01-15,0,0,100,30775,2115323,22.75,35942,222644,2.39,0,0,0,0,0,0
2021-01-16,0,0,100,29481,2144804,23.06,26006,248650,2.67,0,0,0,0,0,0
2021-01-17,0.31,0,99.69,68444,2213248,23.8,84598,333248,3.58,0,0,0,0,0,0
2021-01-18,0.58,0,99.42,69819,2283067,24.55,120437,453685,4.88,0,0,0,0,0,0
2021-01-19,1.09,0,98.91,72896,2355963,25.33,137848,591533,6.36,0,0,0,0,0,0
2021-01-20,1.9,0,98.1,76919,2432882,26.16,143766,735299,7.91,0,0,0,0,0,0
2021-01-21,2.88,0,97.12,70005,2502887,26.91,164474,899773,9.68,0,0,0,0,0,0
2021-01-22,3.39,0,96.61,37931,2540818,27.32,71134,970907,10.44,0,0,0,0,0,0
2021-01-23,3.77,0,96.23,39965,2580783,27.75,53595,1024502,11.02,0,0,0,0,0,0
2021-01-24,4.96,0,95.04,69148,2649931,28.5,140708,1165210,12.53,0,0,0,0,0,0
2021-01-25,6.61,0,93.39,80944,2730875,29.37,139519,1304729,14.03,0,0,0,0,0,0
2021-01-26,8.45,0,91.55,78737,2809612,30.21,126445,1431174,15.39,0,0,0,0,0,0
2021-01-27,10.34,0,89.66,77982,2887594,31.05,125070,1556244,16.74,0,0,0,0,0,0
2021-01-28,12.43,0,87.57,79570,2967164,31.91,130632,1686876,18.14,0,0,0,0,0,0
2021-01-29,13.34,0,86.66,36704,3003868,32.3,64793,1751669,18.84,0,0,0,0,0,0
2021-01-30,14.02,0,85.98,34396,3038264,32.67,42767,1794436,19.3,0,0,0,0,0,0
2021-01-31,15.76,0,84.24,73331,3111595,33.46,59503,1853939,19.94,0,0,0,0,0,0
2021-02-01,17.48,0,82.52,82510,3194105,34.35,35356,1889295,20.32,0,0,0,0,0,0
2021-02-02,19.01,0,80.99,70104,3264209,35.1,31073,1920368,20.65,0,0,0,0,0,0
2021-02-03,20.47,0,79.53,60308,3324517,35.75,51444,1971812,21.2,0,0,0,0,0,0
2021-02-04,22,0,78,72640,3397157,36.53,58096,2029908,21.83,0,0,0,0,0,0
2021-02-05,22.75,0,77.25,33947,3431104,36.9,28805,2058713,22.14,0,0,0,0,0,0
2021-02-06,23.23,0,76.77,21622,3452726,37.13,22233,2080946,22.38,0,0,0,0,0,0
2021-02-07,23.99,0,76.01,54082,3506808,37.71,68742,2149688,23.12,0,0,0,0,0,0
2021-02-08,24.52,0,75.48,58644,3565452,38.34,65467,2215155,23.82,0,0,0,0,0,0
2021-02-09,25.04,0,74.96,66356,3631808,39.05,67578,2282733,24.55,0,0,0,0,0,0
2021-02-10,25.77,0,74.23,70570,3702378,39.81,72313,2355046,25.32,0,0,0,0,0,0
2021-02-11,26.61,0,73.39,81175,3783553,40.69,72112,2427158,26.1,0,0,0,0,0,0
2021-02-12,27.02,0,72.98,39111,3822664,41.11,37598,2464756,26.5,0,0,0,0,0,0
2021-02-13,27.33,0,72.67,27465,3850129,41.4,30441,2495197,26.83,0,0,0,0,0,0
2021-02-14,28.25,0,71.75,74917,3925046,42.21,69085,2564282,27.57,0,0,0,0,0,0
2021-02-15,29.17,0,70.83,81548,4006594,43.08,75722,2640004,28.39,0,0,0,0,0,0
2021-02-16,30.11,0,69.89,83422,4090016,43.98,78301,2718305,29.23,0,0,0,0,0,0
2021-02-17,31.01,0,68.99,61984,4152000,44.65,75645,2793950,30.04,0,0,0,0,0,0
2021-02-18,31.94,0,68.06,69158,4221158,45.39,79739,2873689,30.9,0,0,0,0,0,0
2021-02-19,32.45,0,67.55,39676,4260834,45.82,38162,2911851,31.31,0,0,0,0,0,0
2021-02-20,32.85,0,67.15,31650,4292484,46.16,28724,2940575,31.62,0,0,0,0,0,0
2021-02-21,33.8,0,66.2,79435,4371919,47.01,78446,3019021,32.47,0,0,0,0,0,0
2021-02-22,34.83,0,65.17,85057,4456976,47.93,80596,3099617,33.33,0,0,0,0,0,0
2021-02-23,35.84,0,64.16,77332,4534308,48.76,70485,3170102,34.09,0,0,0,0,0,0
2021-02-24,36.76,0,63.24,61066,4595374,49.42,63144,3233246,34.77,0,0,0,0,0,0
2021-02-25,37.66,0,62.34,51729,4647103,49.97,64810,3298056,35.47,0,0,0,0,0,0
2021-02-26,38.1,0,61.9,25912,4673015,50.25,32046,3330102,35.81,0,0,0,0,0,0
2021-02-27,38.42,0,61.58,18353,4691368,50.45,21197,3351299,36.04,0,0,0,0,0,0
2021-02-28,39.24,0,60.76,40364,4731732,50.88,55874,3407173,36.64,0,0,0,0,0,0
2021-03-01,40.1,0,59.9,45752,4777484,51.37,61445,3468618,37.3,0,0,0,0,0,0
2021-03-02,40.85,0,59.15,41202,4818686,51.82,64800,3533418,38,0,0,0,0,0,0
2021-03-03,41.55,0,58.45,42035,4860721,52.27,66793,3600211,38.71,0,0,0,0,0,0
2021-03-04,42.24,0,57.76,39719,4900440,52.7,79125,3679336,39.57,0,0,0,0,0,0
2021-03-05,42.57,0,57.43,17369,4917809,52.88,40471,3719807,40,0,0,0,0,0,0
2021-03-06,42.78,0,57.22,10722,4928531,53,25349,3745156,40.27,0,0,0,0,0,0
2021-03-07,43.36,0,56.64,31156,4959687,53.33,72847,3818003,41.06,0,0,0,0,0,0
2021-03-08,43.97,0,56.03,27387,4987074,53.63,73295,3891298,41.85,0,0,0,0,0,0
2021-03-09,44.62,0,55.38,26756,5013830,53.92,76604,3967902,42.67,0,0,0,0,0,0
2021-03-10,45.27,0,54.73,23373,5037203,54.17,58685,4026587,43.3,0,0,0,0,0,0
2021-03-11,45.99,0,54.01,23305,5060508,54.42,69097,4095684,44.04,0,0,0,0,0,0
2021-03-12,46.34,0,53.66,11296,5071804,54.54,41418,4137102,44.49,0,0,0,0,0,0
2021-03-13,46.57,0,53.43,7952,5079756,54.63,25239,4162341,44.76,0,0,0,0,0,0
2021-03-14,47.2,0,52.8,20991,5100747,54.85,73935,4236276,45.55,0,0,0,0,0,0
2021-03-15,47.81,0,52.19,20151,5120898,55.07,78281,4314557,46.4,0,0,0,0,0,0
2021-03-16,48.43,0,51.57,18759,5139657,55.27,71480,4386037,47.17,0,0,0,0,0,0
2021-03-17,48.92,0,51.08,17704,5157361,55.46,59010,4445047,47.8,0,0,0,0,0,0
2021-03-18,49.45,0,50.55,16050,5173411,55.63,58125,4503172,48.42,0,0,0,0,0,0
2021-03-19,49.75,0,50.25,6956,5180367,55.71,27980,4531152,48.73,0,0,0,0,0,0
2021-03-20,49.93,0,50.07,5227,5185594,55.76,15302,4546454,48.89,0,0,0,0,0,0
2021-03-21,50.46,0,49.54,13172,5198766,55.91,40510,4586964,49.33,0,0,0,0,0,0
2021-03-22,51,0,49,13581,5212347,56.05,40542,4627506,49.76,0,0,0,0,0,0
2021-03-23,51.43,0,48.57,2845,5215192,56.08,7303,4634809,49.84,0,0,0,0,0,0
2021-03-24,51.84,0,48.16,11006,5226198,56.2,46560,4681369,50.34,0,0,0,0,0,0
2021-03-25,52.22,0,47.78,10273,5236471,56.31,35440,4716809,50.72,0,0,0,0,0,0
2021-03-26,52.4,0,47.6,4186,5240657,56.36,13333,4730142,50.87,0,0,0,0,0,0
2021-03-27,52.5,0,47.5,1787,5242444,56.37,4269,4734411,50.91,0,0,0,0,0,0
2021-03-28,52.74,0,47.26,2113,5244557,56.4,4611,4739022,50.96,0,0,0,0,0,0
2021-03-29,53,0,47,6918,5251475,56.47,30017,4769039,51.28,0,0,0,0,0,0
2021-03-30,53.08,0,46.92,7895,5259370,56.56,22454,4791493,51.53,0,0,0,0,0,0
2021-03-31,53.38,0,46.62,8154,5267524,56.64,19502,4810995,51.74,0,0,0,0,0,0
2021-04-01,53.62,0,46.38,8220,5275744,56.73,18701,4829696,51.94,0,0,0,0,0,0
2021-04-02,53.71,0,46.29,2946,5278690,56.76,8131,4837827,52.02,0,0,0,0,0,0
2021-04-03,53.74,0,46.26,1432,5280122,56.78,2983,4840810,52.06,0,0,0,0,0,0
2021-04-04,53.82,0,46.18,9618,5289740,56.88,22832,4863642,52.3,0,0,0,0,0,0
2021-04-05,54.04,0,45.96,10364,5300104,56.99,21277,4884919,52.53,0,0,0,0,0,0
2021-04-06,54.21,0,45.79,9034,5309138,57.09,16794,4901713,52.71,0,0,0,0,0,0
2021-04-07,54.36,0,45.64,8932,5318070,57.19,15313,4917026,52.88,0,0,0,0,0,0
2021-04-08,54.52,0,45.48,9429,5327499,57.29,17017,4934043,53.06,0,0,0,0,0,0
2021-04-09,54.58,0,45.42,3608,5331107,57.33,6259,4940302,53.13,0,0,0,0,0,0
2021-04-10,54.61,0,45.39,1636,5332743,57.35,3520,4943822,53.16,0,0,0,0,0,0
2021-04-11,54.78,0,45.22,9045,5341788,57.44,14249,4958071,53.32,0,0,0,0,0,0
2021-04-12,54.95,0,45.05,8936,5350724,57.54,13235,4971306,53.46,0,0,0,0,0,0
2021-04-13,55.08,0,44.92,5841,5356565,57.6,4960,4976266,53.51,0,0,0,0,0,0
2021-04-14,55.18,0,44.82,3651,5360216,57.64,5311,4981577,53.57,0,0,0,0,0,0
2021-04-15,55.27,0,44.73,698,5360914,57.65,582,4982159,53.58,0,0,0,0,0,0
2021-04-16,55.33,0,44.67,3419,5364333,57.69,6652,4988811,53.65,0,0,0,0,0,0
2021-04-17,55.35,0,44.65,822,5365155,57.69,1973,4990784,53.67,0,0,0,0,0,0
2021-04-18,55.47,0,44.53,7099,5372254,57.77,7433,4998217,53.75,0,0,0,0,0,0
2021-04-19,55.58,0,44.42,6407,5378661,57.84,7134,5005351,53.83,0,0,0,0,0,0
2021-04-20,55.65,0,44.35,6286,5384947,57.91,6887,5012238,53.9,0,0,0,0,0,0
2021-04-21,55.71,0,44.29,6381,5391328,57.98,7112,5019350,53.98,0,0,0,0,0,0
2021-04-22,55.75,0,44.25,5951,5397279,58.04,7690,5027040,54.06,0,0,0,0,0,0
2021-04-23,55.8,0,44.2,2768,5400047,58.07,3391,5030431,54.09,0,0,0,0,0,0
2021-04-24,55.82,0,44.18,767,5400814,58.08,1290,5031721,54.11,0,0,0,0,0,0
2021-04-25,55.89,0,44.11,4828,5405642,58.13,6925,5038646,54.18,0,0,0,0,0,0
2021-04-26,55.96,0,44.04,5479,5411121,58.19,7889,5046535,54.27,0,0,0,0,0,0
2021-04-27,56.03,0,43.97,4507,5415628,58.24,6627,5053162,54.34,0,0,0,0,0,0
2021-04-28,56.09,0,43.91,4501,5420129,58.29,7334,5060496,54.42,0,0,0,0,0,0
2021-04-29,56.16,0,43.84,4377,5424506,58.33,7294,5067790,54.5,0,0,0,0,0,0
2021-04-30,56.19,0,43.81,1924,5426430,58.35,3202,5070992,54.53,0,0,0,0,0,0
2021-05-01,56.2,0,43.8,458,5426888,58.36,895,5071887,54.54,0,0,0,0,0,0
2021-05-02,56.26,0,43.74,3225,5430113,58.39,6092,5077979,54.61,0,0,0,0,0,0
2021-05-03,56.32,0,43.68,3535,5433648,58.43,5835,5083814,54.67,0,0,0,0,0,0
2021-05-04,56.38,0,43.62,3593,5437241,58.47,4736,5088550,54.72,0,0,0,0,0,0
2021-05-05,56.44,0,43.56,3292,5440533,58.5,4093,5092643,54.76,0,0,0,0,0,0
2021-05-06,56.5,0,43.5,3644,5444177,58.54,3144,5095787,54.8,0,0,0,0,0,0
2021-05-07,56.52,0,43.48,1846,5446023,58.56,2509,5098296,54.82,0,0,0,0,0,0
2021-05-08,56.53,0,43.47,242,5446265,58.57,507,5098803,54.83,0,0,0,0,0,0
2021-05-09,56.58,0,43.42,2851,5449116,58.6,4751,5103554,54.88,0,0,0,0,0,0
2021-05-10,56.63,0,43.37,2897,5452013,58.63,4715,5108269,54.93,0,0,0,0,0,0
2021-05-11,56.67,0,43.33,2622,5454635,58.66,3881,5112150,54.97,0,0,0,0,0,0
2021-05-12,56.7,0,43.3,2033,5456668,58.68,3342,5115492,55.01,0,0,0,0,0,0
2021-05-13,56.73,0,43.27,2043,5458711,58.7,3687,5119179,55.05,0,0,0,0,0,0
2021-05-14,56.75,0,43.25,978,5459689,58.71,1494,5120673,55.07,0,0,0,0,0,0
2021-05-15,56.75,0,43.25,257,5459946,58.71,259,5120932,55.07,0,0,0,0,0,0
2021-05-16,56.78,0,43.22,529,5460475,58.72,1206,5122138,55.08,0,0,0,0,0,0
2021-05-17,56.81,0,43.19,302,5460777,58.72,848,5122986,55.09,0,0,0,0,0,0
2021-05-18,56.84,0,43.16,1963,5462740,58.74,4939,5127925,55.14,0,0,0,0,0,0
2021-05-19,56.87,0,43.13,2232,5464972,58.77,5042,5132967,55.2,0,0,0,0,0,0
2021-05-20,56.9,0,43.1,2312,5467284,58.79,3880,5136847,55.24,0,0,0,0,0,0
2021-05-21,56.92,0,43.08,1194,5468478,58.81,1414,5138261,55.25,0,0,0,0,0,0
2021-05-22,56.92,0,43.08,206,5468684,58.81,396,5138657,55.26,0,0,0,0,0,0
2021-05-23,56.94,0,43.06,2272,5470956,58.83,3216,5141873,55.29,0,0,0,0,0,0
2021-05-24,56.96,0,43.04,2139,5473095,58.86,3596,5145469,55.33,0,0,0,0,0,0
2021-05-25,56.99,0,43.01,1822,5474917,58.87,2588,5148057,55.36,0,0,0,0,0,0
2021-05-26,57.03,0,42.97,1412,5476329,58.89,2504,5150561,55.39,0,0,0,0,0,0
2021-05-27,57.06,0,42.94,1865,5478194,58.91,3188,5153749,55.42,0,0,0,0,0,0
2021-05-28,57.07,0,42.93,791,5478985,58.92,1406,5155155,55.44,0,0,0,0,0,0
2021-05-29,57.07,0,42.93,191,5479176,58.92,226,5155381,55.44,0,0,0,0,0,0
2021-05-30,57.1,0,42.9,1644,5480820,58.94,1937,5157318,55.46,0,0,0,0,0,0
2021-05-31,57.13,0,42.87,1740,5482560,58.96,2093,5159411,55.48,0,0,0,0,0,0
2021-06-01,57.47,0,42.53,1384,5483944,58.97,1823,5161234,55.5,0,0,0,0,0,0
2021-06-02,57.25,0,42.75,1514,5485458,58.99,1610,5162844,55.52,0,0,0,0,0,0
2021-06-03,57.27,0,42.73,1685,5487143,59.01,1493,5164337,55.53,0,0,0,0,0,0
2021-06-04,57.28,0,42.72,1102,5488245,59.02,784,5165121,55.54,0,0,0,0,0,0
2021-06-05,57.29,0,42.71,184,5488429,59.02,159,5165280,55.54,0,0,0,0,0,0
2021-06-06,57.31,0,42.69,4293,5492722,59.07,1002,5166282,55.56,0,0,0,0,0,0
2021-06-07,57.34,0,42.66,4438,5497160,59.11,814,5167096,55.56,0,0,0,0,0,0
2021-06-08,57.36,0,42.64,3739,5500899,59.15,1175,5168271,55.58,0,0,0,0,0,0
2021-06-09,57.4,0,42.6,3615,5504514,59.19,1331,5169602,55.59,0,0,0,0,0,0
2021-06-10,57.42,0,42.58,3363,5507877,59.23,1300,5170902,55.61,0,0,0,0,0,0
2021-06-11,57.43,0,42.57,1401,5509278,59.24,590,5171492,55.61,0,0,0,0,0,0
2021-06-12,57.43,0,42.57,220,5509498,59.25,173,5171665,55.61,0,0,0,0,0,0
2021-06-13,57.45,0,42.55,3101,5512599,59.28,1260,5172925,55.63,0,0,0,0,0,0
2021-06-14,57.46,0,42.54,3057,5515656,59.31,1531,5174456,55.64,0,0,0,0,0,0
2021-06-15,57.48,0,42.52,3136,5518792,59.35,1377,5175833,55.66,0,0,0,0,0,0
2021-06-16,57.49,0,42.51,2733,5521525,59.38,1003,5176836,55.67,0,0,0,0,0,0
2021-06-17,57.51,0,42.49,2733,5524258,59.41,1209,5178045,55.68,0,0,0,0,0,0
2021-06-18,57.52,0,42.48,1269,5525527,59.42,506,5178551,55.69,0,0,0,0,0,0
2021-06-19,57.52,0,42.48,242,5525769,59.42,139,5178690,55.69,0,0,0,0,0,0
2021-06-20,57.54,0,42.46,3317,5529086,59.46,1330,5180020,55.7,0,0,0,0,0,0
2021-06-21,57.56,0,42.44,5250,5534336,59.51,1218,5181238,55.72,0,0,0,0,0,0
2021-06-22,57.58,0,42.42,6935,5541271,59.59,1099,5182337,55.73,0,0,0,0,0,0
2021-06-23,57.6,0,42.4,10759,5552030,59.7,1304,5183641,55.74,0,0,0,0,0,0
2021-06-24,57.62,0,42.38,12051,5564081,59.83,1466,5185107,55.76,0,0,0,0,0,0
2021-06-25,57.62,0,42.38,7117,5571198,59.91,944,5186051,55.77,0,0,0,0,0,0
2021-06-26,57.63,0,42.37,2277,5573475,59.93,200,5186251,55.77,0,0,0,0,0,0
2021-06-27,57.65,0,42.35,13632,5587107,60.08,3437,5189688,55.81,0,0,0,0,0,0
2021-06-28,57.68,0,42.32,14518,5601625,60.24,3675,5193363,55.85,0,0,0,0,0,0
2021-06-29,57.69,0,42.31,16711,5618336,60.42,3745,5197108,55.89,0,0,0,0,0,0
2021-06-30,57.72,0,42.28,16486,5634822,60.59,3396,5200504,55.92,0,0,0,0,0,0
2021-07-01,57.78,0,42.22,16837,5651659,60.78,3379,5203883,55.96,121,121,0,0,0,0
2021-07-02,57.79,0,42.21,9836,5661495,60.88,1609,5205492,55.98,7,128,0,0,0,0
2021-07-03,57.79,0,42.21,2677,5664172,60.91,298,5205790,55.98,1,129,0,0,0,0
2021-07-04,57.85,0,42.15,17735,5681907,61.1,3161,5208951,56.01,2,131,0,0,0,0
2021-07-05,57.91,0,42.09,17850,5699757,61.29,3046,5211997,56.05,7,138,0,0,0,0
2021-07-06,57.99,0,42.01,17848,5717605,61.48,3410,5215407,56.08,11,149,0,0,0,0
2021-07-07,58.05,0,41.95,15529,5733134,61.65,2703,5218110,56.11,12,161,0,0,0,0
2021-07-08,58.12,0,41.88,16588,5749722,61.83,2882,5220992,56.14,17,178,0,0,0,0
2021-07-09,58.15,0,41.85,11125,5760847,61.95,1535,5222527,56.16,4,182,0,0,0,0
2021-07-10,58.15,0,41.85,4989,5765836,62,391,5222918,56.16,6,188,0,0,0,0
2021-07-11,58.22,0,41.78,1456,5767292,62.02,2847,5225765,56.2,8,196,0,0,0,0
2021-07-12,58.29,0,41.71,2427,5769719,62.04,3695,5229460,56.23,56,252,0,0,0,0
2021-07-13,58.36,0,41.64,2965,5772684,62.08,5460,5234920,56.29,124,376,0,0,0,0
2021-07-14,58.42,0,41.58,2747,5775431,62.11,7534,5242454,56.37,441,817,0.01,0,0,0
2021-07-15,58.5,0,41.5,3009,5778440,62.14,9302,5251756,56.47,374,1191,0.01,0,0,0
2021-07-16,58.54,0,41.46,1296,5779736,62.15,5898,5257654,56.54,66,1257,0.01,0,0,0
2021-07-17,58.55,0,41.44,372,5780108,62.16,1393,5259047,56.55,8,1265,0.01,0,0,0
2021-07-18,58.6,0,41.4,2074,5782182,62.18,9769,5268816,56.66,235,1500,0.02,0,0,0
2021-07-19,58.65,0,41.35,3211,5785393,62.21,11346,5280162,56.78,461,1961,0.02,0,0,0
2021-07-20,58.72,0,41.28,2690,5788083,62.24,11914,5292076,56.91,373,2334,0.03,0,0,0
2021-07-21,58.81,0,41.19,2408,5790491,62.27,11880,5303956,57.04,325,2659,0.03,0,0,0
2021-07-22,58.93,0,41.07,2877,5793368,62.3,13278,5317234,57.18,391,3050,0.03,0,0,0
2021-07-23,58.99,0,41.01,2038,5795406,62.32,8250,5325484,57.27,106,3156,0.03,0,0,0
2021-07-24,58.99,0,41,645,5796051,62.33,1485,5326969,57.28,7,3163,0.03,0,0,0
2021-07-25,59.1,0,40.89,4416,5800467,62.38,15499,5342468,57.45,223,3386,0.04,0,0,0
2021-07-26,59.24,0,40.75,5173,5805640,62.43,13533,5356001,57.6,325,3711,0.04,0,0,0
2021-07-27,59.37,0.01,40.62,5493,5811133,62.49,13579,5369580,57.74,414,4125,0.04,0,0,0
2021-07-28,59.5,0.01,40.49,3990,5815123,62.53,12345,5381925,57.87,472,4597,0.05,0,0,0
2021-07-29,59.65,0.01,40.33,4665,5819788,62.58,14199,5396124,58.03,532,5129,0.06,0,0,0
2021-07-30,59.74,0.02,40.25,2657,5822445,62.61,10855,5406979,58.14,4122,9251,0.1,0,0,0
2021-07-31,59.75,0.02,40.23,1407,5823852,62.63,3553,5410532,58.18,6159,15410,0.17,0,0,0
2021-08-01,59.91,0.02,40.06,3078,5826930,62.66,3366,5413898,58.22,31047,46457,0.5,0,0,0
2021-08-02,60.06,0.03,39.91,3134,5830064,62.69,3175,5417073,58.25,58514,104971,1.13,0,0,0
2021-08-03,60.21,0.03,39.76,3386,5833450,62.73,3330,5420403,58.29,78953,183924,1.98,0,0,0
2021-08-04,60.34,0.03,39.63,3534,5836984,62.77,3255,5423658,58.32,80764,264688,2.85,0,0,0
2021-08-05,60.49,0.04,39.47,4515,5841499,62.82,3570,5427228,58.36,88442,353130,3.8,0,0,0
2021-08-06,60.6,0.04,39.36,2437,5843936,62.84,1861,5429089,58.38,44744,397874,4.28,0,0,0
2021-08-07,60.63,0.04,39.32,1034,5844970,62.85,700,5429789,58.39,27353,425227,4.57,0,0,0
2021-08-08,60.68,0.04,39.28,4991,5849961,62.91,3082,5432871,58.42,80087,505314,5.43,0,0,0
2021-08-09,60.72,0.04,39.24,5341,5855302,62.97,3063,5435934,58.46,76489,581803,6.26,0,0,0
2021-08-10,60.75,0.04,39.2,5554,5860856,63.02,3205,5439139,58.49,75427,657230,7.07,0,0,0
2021-08-11,60.79,0.04,39.17,5695,5866551,63.09,2947,5442086,58.52,62641,719871,7.74,0,0,0
2021-08-12,60.83,0.04,39.12,7039,5873590,63.16,3290,5445376,58.56,59462,779333,8.38,0,0,0
2021-08-13,60.84,0.05,39.11,3821,5877411,63.2,2074,5447450,58.58,43870,823203,8.85,0,0,0
2021-08-14,60.85,0.05,39.1,2254,5879665,63.23,853,5448303,58.59,44486,867689,9.33,0,0,0
2021-08-15,60.89,0.05,39.06,7145,5886810,63.3,4530,5452833,58.64,97985,965674,10.38,0,0,0
2021-08-16,60.92,0.04,39.03,6991,5893801,63.38,4749,5457582,58.69,89521,1055195,11.35,0,0,0
2021-08-17,60.96,0.04,39,7573,5901374,63.46,5138,5462720,58.74,83320,1138515,12.24,0,0,0
2021-08-18,60.99,0.04,38.96,8643,5910017,63.55,4603,5467323,58.79,69267,1207782,12.99,0,0,0
2021-08-19,61.03,0.04,38.92,10082,5920099,63.66,5217,5472540,58.85,65975,1273757,13.7,0,0,0
2021-08-20,61.05,0.05,38.9,4768,5924867,63.71,2827,5475367,58.88,60453,1334210,14.35,0,0,0
2021-08-21,61.06,0.05,38.89,3499,5928366,63.75,1580,5476947,58.9,50725,1384935,14.89,0,0,0
2021-08-22,61.12,0.04,38.84,9823,5938189,63.86,4808,5481755,58.95,105110,1490045,16.02,0,0,0
2021-08-23,61.17,0.04,38.79,10923,5949112,63.97,4448,5486203,59,94033,1584078,17.03,0,0,0
2021-08-24,61.23,0.04,38.73,11723,5960835,64.1,4703,5490906,59.05,98554,1682632,18.09,0,0,0
2021-08-25,61.29,0.04,38.67,9613,5970448,64.2,4485,5495391,59.09,99554,1782186,19.16,0,0,0
2021-08-26,61.36,0.03,38.61,10109,5980557,64.31,5059,5500450,59.15,101230,1883416,20.25,0,0,0
2021-08-27,61.35,0.04,38.61,4326,5984883,64.36,2788,5503238,59.18,56695,1940111,20.86,0,0,0
2021-08-28,61.4,0.04,38.57,3702,5988585,64.4,1500,5504738,59.2,33539,1973650,21.22,0,0,0
2021-08-29,61.46,0.03,38.5,10322,5998907,64.51,5932,5510670,59.26,79550,2053200,22.08,0,0,0
2021-08-30,61.53,0.03,38.44,12335,6011242,64.64,7017,5517687,59.33,116008,2169208,23.33,0,0,0
2021-08-31,61.6,0.03,38.37,12077,6023319,64.77,6529,5524216,59.4,114878,2284086,24.56,0,0,0
2021-09-01,61.43,0.03,38.54,9033,6032352,64.87,6042,5530258,59.47,112492,2396578,25.77,0,0,0
2021-09-02,61.49,0.03,38.48,8785,6041137,64.96,7182,5537440,59.55,111544,2508122,26.97,0,0,0
2021-09-03,61.56,0.03,38.42,3751,6044888,65,4116,5541556,59.59,58885,2567007,27.6,0,0,0
2021-09-04,61.59,0.03,38.38,2691,6047579,65.03,2023,5543579,59.61,29952,2596959,27.93,0,0,0
2021-09-05,61.68,0.03,38.29,6991,6054570,65.11,6460,5550039,59.68,73326,2670285,28.71,0,0,0
2021-09-06,61.77,0.03,38.2,2836,6057406,65.14,2718,5552757,59.71,22798,2693083,28.96,0,0,0
2021-09-07,61.85,0.03,38.12,1201,6058607,65.15,879,5553636,59.72,5398,2698481,29.02,0,0,0
2021-09-08,61.93,0.03,38.05,1380,6059987,65.17,1196,5554832,59.73,6621,2705102,29.09,0,0,0
2021-09-09,62.02,0.03,37.95,7093,6067080,65.24,12573,5567405,59.87,73845,2778947,29.88,0,0,0
2021-09-10,62.06,0.03,37.91,3258,6070338,65.28,5016,5572421,59.92,37938,2816885,30.29,0,0,0
2021-09-11,62.08,0.03,37.89,2109,6072447,65.3,2509,5574930,59.95,14816,2831701,30.45,0,0,0
2021-09-12,62.16,0.03,37.81,6106,6078553,65.37,8588,5583518,60.04,54136,2885837,31.03,0,0,0
2021-09-13,62.15,0.03,37.82,5611,6084164,65.43,8264,5591782,60.13,47982,2933819,31.55,0,0,0
2021-09-14,62.2,0.03,37.77,4963,6089127,65.48,7424,5599206,60.21,48856,2982675,32.07,0,0,0
2021-09-15,62.25,0.03,37.72,1750,6090877,65.5,2717,5601923,60.24,16687,2999362,32.25,0,0,0
2021-09-16,62.37,0.03,37.6,343,6091220,65.5,549,5602472,60.25,1740,3001102,32.27,0,0,0
2021-09-17,62.42,0.03,37.54,3683,6094903,65.54,7022,5609494,60.32,42905,3044007,32.73,0,0,0
2021-09-18,62.45,0.03,37.52,2258,6097161,65.57,2946,5612440,60.35,12783,3056790,32.87,0,0,0
2021-09-19,62.55,0.03,37.42,5942,6103103,65.63,10710,5623150,60.47,44332,3101122,33.35,0,0,0
2021-09-20,62.63,0.03,37.34,3246,6106349,65.66,4646,5627796,60.52,16708,3117830,33.53,0,0,0
2021-09-21,62.69,0.03,37.28,1340,6107689,65.68,2066,5629862,60.54,3477,3121307,33.56,0,0,0
2021-09-22,62.72,0.03,37.25,4259,6111948,65.72,7250,5637112,60.62,25072,3146379,33.83,0,0,0
2021-09-23,62.75,0.03,37.22,4390,6116338,65.77,5916,5643028,60.68,27834,3174213,34.13,0,0,0
2021-09-24,62.82,0.03,37.15,3202,6119540,65.81,4185,5647213,60.73,27723,3201936,34.43,0,0,0
2021-09-25,62.85,0.03,37.12,2080,6121620,65.83,2262,5649475,60.75,10443,3212379,34.54,0,0,0
2021-09-26,62.96,0.03,37,5603,6127223,65.89,5973,5655448,60.82,36271,3248650,34.93,0,0,0
2021-09-27,63.02,0.03,36.94,4695,6131918,65.94,4469,5659917,60.86,30457,3279107,35.26,0,0,0
2021-09-28,63.06,0.04,36.91,1472,6133390,65.96,1184,5661101,60.88,6249,3285356,35.33,0,0,0
2021-09-29,63.13,0.03,36.84,9622,6143012,66.06,8349,5669450,60.97,60325,3345681,35.98,0,0,0
2021-09-30,63.18,0.03,36.79,10975,6153987,66.18,8579,5678029,61.06,79702,3425383,36.83,0,0,0
2021-10-01,63.23,0.03,36.73,5126,6159113,66.23,3875,5681904,61.1,46546,3471929,37.34,0,0,0
2021-10-02,63.26,0.03,36.71,2865,6161978,66.26,2127,5684031,61.12,22432,3494361,37.58,0,0,0
2021-10-03,63.35,0.03,36.62,11667,6173645,66.39,7276,5691307,61.2,70726,3565087,38.34,0,0,0
2021-10-04,63.4,0.03,36.57,10320,6183965,66.5,6759,5698066,61.27,51913,3617000,38.9,0,0,0
2021-10-05,63.41,0.03,36.55,8461,6192426,66.59,5314,5703380,61.33,40479,3657479,39.33,0,0,0
2021-10-06,63.52,0.03,36.45,7543,6199969,66.67,4185,5707565,61.38,34150,3691629,39.7,0,0,0
2021-10-07,63.63,0.03,36.34,6893,6206862,66.75,4009,5711574,61.42,34068,3725697,40.06,0,0,0
2021-10-08,63.68,0.03,36.29,3086,6209948,66.78,2643,5714217,61.45,19250,3744947,40.27,0,0,0
2021-10-09,63.71,0.03,36.26,1341,6211289,66.79,1444,5715661,61.46,7441,3752388,40.35,0,0,0
2021-10-10,63.82,0.04,36.14,4676,6215965,66.84,3747,5719408,61.5,21519,3773907,40.58,0,0,0
2021-10-11,63.91,0.04,36.05,4299,6220264,66.89,2944,5722352,61.54,17268,3791175,40.77,0,0,0
2021-10-12,63.99,0.05,35.96,3977,6224241,66.93,3007,5725359,61.57,15357,3806532,40.93,0,0,0
2021-10-13,64.09,0.05,35.86,3487,6227728,66.97,2451,5727810,61.59,13587,3820119,41.08,0,0,0
2021-10-14,64.19,0.06,35.75,3869,6231597,67.01,2685,5730495,61.62,16567,3836686,41.26,0,0,0
2021-10-15,64.23,0.07,35.7,1703,6233300,67.03,1685,5732180,61.64,9010,3845696,41.35,0,0,0
2021-10-16,64.25,0.08,35.67,727,6234027,67.04,956,5733136,61.65,4035,3849731,41.4,0,0,0
2021-10-17,64.36,0.09,35.56,3090,6237117,67.07,2525,5735661,61.68,12798,3862529,41.54,0,0,0
2021-10-18,64.43,0.1,35.47,2460,6239577,67.1,1690,5737351,61.7,10069,3872598,41.64,0,0,0
2021-10-19,64.49,0.1,35.4,2398,6241975,67.12,1284,5738635,61.71,9294,3881892,41.74,0,0,0
2021-10-20,64.14,0.52,35.34,2435,6244410,67.15,2305,5740940,61.74,10102,3891994,41.85,0,0,0
2021-10-21,54.23,10.41,35.36,3034,6247444,67.18,3097,5744037,61.77,12163,3904157,41.98,0,0,0
2021-10-22,54.36,10.26,35.38,1279,6248723,67.2,1437,5745474,61.78,5840,3909997,42.05,0,0,0
2021-10-23,54.42,10.19,35.39,574,6249297,67.2,1266,5746740,61.8,2564,3912561,42.07,0,0,0
2021-10-24,54.22,10.43,35.35,2516,6251813,67.23,2653,5749393,61.83,9855,3922416,42.18,0,0,0
2021-10-25,54.59,10.22,35.19,2638,6254451,67.26,2752,5752145,61.86,8510,3930926,42.27,0,0,0
2021-10-26,54.64,10.26,35.1,2381,6256832,67.28,2059,5754204,61.88,8528,3939454,42.36,0,0,0
2021-10-27,54.58,10.37,35.06,2291,6259123,67.31,2566,5756770,61.91,7959,3947413,42.45,0,0,0
2021-10-28,54.69,10.76,34.55,2503,6261626,67.33,2780,5759550,61.94,8674,3956087,42.54,0,0,0
2021-10-29,54.73,10.75,34.52,901,6262527,67.34,1154,5760704,61.95,4138,3960225,42.59,0,0,0
2021-10-30,54.68,10.81,34.52,366,6262893,67.35,530,5761234,61.95,1712,3961937,42.6,0,0,0
2021-10-31,54.83,10.7,34.47,2261,6265154,67.37,2495,5763729,61.98,8256,3970193,42.69,0,0,0
2021-11-01,54.95,10.63,34.42,1737,6266891,67.39,2093,5765822,62,6480,3976673,42.76,0,0,0
2021-11-02,54.89,10.69,34.42,2026,6268917,67.41,2048,5767870,62.02,6296,3982969,42.83,0,0,0
2021-11-03,54.86,10.75,34.39,1763,6270680,67.43,1897,5769767,62.05,5556,3988525,42.89,0,0,0
2021-11-04,54.85,10.81,34.33,2111,6272791,67.45,2802,5772569,62.08,7131,3995656,42.97,0,0,0
2021-11-05,54.85,10.83,34.32,790,6273581,67.46,905,5773474,62.09,3487,3999143,43,0,0,0
2021-11-06,54.82,10.86,34.32,347,6273928,67.47,389,5773863,62.09,1375,4000518,43.02,0,0,0
2021-11-07,54.92,10.8,34.28,1578,6275506,67.48,1769,5775632,62.11,6134,4006652,43.09,0,0,0
2021-11-08,55.01,10.75,34.24,1519,6277025,67.5,1603,5777235,62.13,5405,4012057,43.14,0,0,0
2021-11-09,55.05,10.74,34.21,1428,6278453,67.52,1611,5778846,62.14,5332,4017389,43.2,0,0,0
2021-11-10,55.08,10.73,34.19,1424,6279877,67.53,1661,5780507,62.16,4779,4022168,43.25,0,0,0
2021-11-11,55.15,10.69,34.15,1628,6281505,67.55,1947,5782454,62.18,5717,4027885,43.31,0,0,0
2021-11-12,55.17,10.69,34.14,637,6282142,67.56,826,5783280,62.19,2925,4030810,43.35,0,0,0
2021-11-13,55.14,10.72,34.14,257,6282399,67.56,290,5783570,62.19,1130,4031940,43.36,0,0,0
2021-11-14,55.21,10.68,34.11,1536,6283935,67.57,1639,5785209,62.21,5111,4037051,43.41,0,0,0
2021-11-15,55.28,10.63,34.09,1275,6285210,67.59,1626,5786835,62.23,4770,4041821,43.46,0,0,0
2021-11-16,55.32,10.62,34.07,1275,6286485,67.6,1417,5788252,62.24,4349,4046170,43.51,0,0,0
2021-11-17,55.35,10.6,34.05,1208,6287693,67.61,1566,5789818,62.26,3915,4050085,43.55,0,0,0
2021-11-18,55.41,10.58,34.02,1364,6289057,67.63,1692,5791510,62.28,5012,4055097,43.61,0,0,0
2021-11-19,55.42,10.57,34.01,588,6289645,67.64,763,5792273,62.29,2460,4057557,43.63,0,0,0
2021-11-20,55.41,10.58,34,238,6289883,67.64,258,5792531,62.29,929,4058486,43.64,0,0,0
2021-11-21,55.47,10.54,33.98,1409,6291292,67.65,1542,5794073,62.31,4881,4063367,43.7,0,0,0
2021-11-22,55.54,10.5,33.96,1680,6292972,67.67,1522,5795595,62.32,4238,4067605,43.74,0,0,0
2021-11-23,55.57,10.48,33.95,8622,6301594,67.76,1688,5797283,62.34,4011,4071616,43.78,0,0,0
2021-11-24,55.6,10.44,33.95,9350,6310944,67.86,1318,5798601,62.36,3924,4075540,43.83,0,0,0
2021-11-25,55.64,10.43,33.93,9812,6320756,67.97,1600,5800201,62.37,4841,4080381,43.88,0,0,0
2021-11-26,55.63,10.45,33.92,5610,6326366,68.03,748,5800949,62.38,2804,4083185,43.91,0,0,0
2021-11-27,55.62,10.46,33.92,4779,6331145,68.08,324,5801273,62.38,1164,4084349,43.92,0,0,0
2021-11-28,55.67,10.43,33.9,10152,6341297,68.19,1480,5802753,62.4,4904,4089253,43.97,0,0,0
2021-11-29,55.73,10.39,33.88,9043,6350340,68.29,1133,5803886,62.41,4376,4093629,44.02,0,0,0
2021-11-30,55.77,10.37,33.86,10044,6360384,68.4,1036,5804922,62.42,4084,4097713,44.06,0,0,0
2021-12-01,55.79,10.36,33.84,8632,6369016,68.49,1097,5806019,62.44,4444,4102157,44.11,5,5,0
2021-12-02,55.84,10.34,33.82,9177,6378193,68.59,1455,5807474,62.45,5125,4107282,44.17,6,11,0
2021-12-03,55.86,10.33,33.81,6333,6384526,68.66,673,5808147,62.46,2868,4110150,44.2,1,12,0
2021-12-04,55.85,10.34,33.81,2509,6387035,68.68,238,5808385,62.46,925,4111075,44.21,3,15,0
2021-12-05,55.9,10.31,33.79,8335,6395370,68.77,1254,5809639,62.47,4683,4115758,44.26,1,16,0
2021-12-06,55.95,10.27,33.78,6723,6402093,68.84,1200,5810839,62.49,4351,4120109,44.31,4,20,0
2021-12-07,55.99,10.25,33.76,5553,6407646,68.9,1504,5812343,62.5,3965,4124074,44.35,9,29,0
2021-12-08,56.03,10.22,33.75,4936,6412582,68.96,1200,5813543,62.52,3883,4127957,44.39,10,39,0
2021-12-09,56.08,10.19,33.73,6239,6418821,69.02,1241,5814784,62.53,4508,4132465,44.44,8,47,0
2021-12-10,56.1,10.18,33.72,3006,6421827,69.06,704,5815488,62.54,2687,4135152,44.47,4,51,0
2021-12-11,56.1,10.18,33.71,1491,6423318,69.07,255,5815743,62.54,1019,4136171,44.48,0,51,0
2021-12-12,56.16,10.15,33.69,7274,6430592,69.15,1444,5817187,62.56,5248,4141419,44.53,3,54,0
2021-12-13,56.21,10.11,33.67,6183,6436775,69.22,1377,5818564,62.57,4350,4145769,44.58,5,59,0
2021-12-14,56.27,10.09,33.65,7317,6444092,69.3,6101,5824665,62.64,4940,4150709,44.63,12,71,0
2021-12-15,56.34,10.06,33.6,7204,6451296,69.37,7408,5832073,62.72,5446,4156155,44.69,7,78,0
2021-12-16,56.53,10.05,33.42,8079,6459375,69.46,8613,5840686,62.81,6563,4162718,44.76,8,86,0
2021-12-17,56.64,10.05,33.3,4406,6463781,69.51,5140,5845826,62.86,3954,4166672,44.81,3,89,0
2021-12-18,56.73,10.07,33.2,3941,6467722,69.55,2914,5848740,62.89,1361,4168033,44.82,2,91,0
2021-12-19,56.92,10.04,33.04,6977,6474699,69.63,9332,5858072,62.99,6275,4174308,44.89,6,97,0
2021-12-20,57.07,10.02,32.91,7972,6482671,69.71,7518,5865590,63.08,5446,4179754,44.95,9,106,0
2021-12-21,57.27,10.01,32.71,9549,6492220,69.81,8649,5874239,63.17,6492,4186246,45.02,8,114,0
2021-12-22,57.49,10,32.52,9664,6501884,69.92,8155,5882394,63.26,6252,4192498,45.08,12,126,0
2021-12-23,57.7,9.97,32.33,11539,6513423,70.04,10265,5892659,63.37,8160,4200658,45.17,16,142,0
2021-12-24,57.83,9.96,32.21,5873,6519296,70.11,6242,5898901,63.43,5281,4205939,45.23,12,154,0
2021-12-25,57.9,9.96,32.15,3338,6522634,70.14,2566,5901467,63.46,2021,4207960,45.25,6,160,0
2021-12-26,58.1,9.92,31.98,10653,6533287,70.26,8910,5910377,63.56,8201,4216161,45.34,8,168,0
2021-12-27,58.27,9.9,31.83,10371,6543658,70.37,7145,5917522,63.63,8187,4224348,45.43,21,189,0
2021-12-28,58.46,9.88,31.66,11375,6555033,70.49,7453,5924975,63.71,9642,4233990,45.53,24,213,0
2021-12-29,58.64,9.85,31.51,9933,6564966,70.6,5963,5930938,63.78,8376,4242366,45.62,21,234,0
2021-12-30,58.84,9.82,31.34,11012,6575978,70.71,7735,5938673,63.86,12241,4254607,45.75,10,244,0
2021-12-31,58.9,9.79,31.3,4829,6580807,70.77,3672,5942345,63.9,7296,4261903,45.83,135,379,0
2022-01-01,58.93,9.79,31.28,1993,6582800,70.79,1592,5943937,63.92,2741,4264644,45.86,66,445,0
2022-01-02,59.14,9.76,31.1,10217,6593017,70.9,6487,5950424,63.99,13002,4277646,46,590,1035,0.01
2022-01-03,59.29,9.71,31,9384,6602401,71,5259,5955683,64.04,11341,4288987,46.12,25055,26090,0.28
2022-01-04,59.46,9.68,30.86,8966,6611367,71.1,5950,5961633,64.11,10526,4299513,46.23,50659,76749,0.83
2022-01-05,59.56,9.65,30.79,8553,6619920,71.19,5739,5967372,64.17,10494,4310007,46.35,59590,136339,1.47
2022-01-06,59.81,9.63,30.56,10339,6630259,71.3,7959,5975331,64.26,13530,4323537,46.49,64001,200340,2.15
2022-01-07,59.89,9.61,30.49,4760,6635019,71.35,4556,5979887,64.3,8166,4331703,46.58,31135,231475,2.49
2022-01-08,59.9,9.64,30.46,2750,6637769,71.38,2451,5982338,64.33,5502,4337205,46.64,27631,259106,2.79
2022-01-09,60.06,9.59,30.35,9306,6647075,71.48,7722,5990060,64.41,11869,4349074,46.77,66765,325871,3.5
2022-01-10,60.21,9.54,30.25,8349,6655424,71.57,7647,5997707,64.5,11882,4360956,46.9,64776,390647,4.2
2022-01-11,60.38,9.49,30.13,8100,6663524,71.66,8621,6006328,64.59,11973,4372929,47.02,56657,447304,4.81
2022-01-12,60.51,9.45,30.04,7277,6670801,71.73,8303,6014631,64.68,11114,4384043,47.14,44631,491935,5.29
2022-01-13,60.7,9.35,29.94,7509,6678310,71.82,9617,6024248,64.78,11544,4395587,47.27,34767,526702,5.66
2022-01-14,60.79,9.31,29.9,2555,6680865,71.84,4935,6029183,64.83,6145,4401732,47.33,11142,537844,5.78
2022-01-15,60.83,9.29,29.87,1469,6682334,71.86,3170,6032353,64.87,3884,4405616,47.38,5716,543560,5.85
2022-01-16,60.97,9.2,29.82,3818,6686152,71.9,8526,6040879,64.96,7682,4413298,47.46,19992,563552,6.06
2022-01-17,61.09,9.13,29.78,2808,6688960,71.93,7047,6047926,65.04,6173,4419471,47.52,17833,581385,6.25
2022-01-18,61.23,9.07,29.7,2476,6691436,71.96,7386,6055312,65.12,5534,4425005,47.58,14817,596202,6.41
2022-01-19,61.37,8.98,29.65,1915,6693351,71.98,6369,6061681,65.18,4521,4429526,47.63,8461,604663,6.5
2022-01-20,61.44,8.85,29.71,1777,6695128,72,6971,6068652,65.26,4793,4434319,47.68,8041,612704,6.59
2022-01-21,61.51,8.81,29.68,905,6696033,72.01,3725,6072377,65.3,2646,4436965,47.71,3358,616062,6.62
2022-01-22,61.51,8.75,29.74,328,6696361,72.01,1461,6073838,65.32,1066,4438031,47.72,1113,617175,6.64
2022-01-23,61.61,8.7,29.69,1068,6697429,72.02,5632,6079470,65.38,2879,4440910,47.76,6083,623258,6.7
2022-01-24,61.73,8.62,29.65,759,6698188,72.03,4480,6083950,65.42,2269,4443179,47.78,5055,628313,6.76
2022-01-25,61.9,8.51,29.59,744,6698932,72.04,4401,6088351,65.47,2184,4445363,47.8,7102,635415,6.83
2022-01-26,62.02,8.42,29.57,615,6699547,72.04,3285,6091636,65.51,1612,4446975,47.82,4262,639677,6.88
2022-01-27,62.12,8.35,29.52,798,6700345,72.05,4406,6096042,65.55,2005,4448980,47.84,5441,645118,6.94
2022-01-28,62.16,8.33,29.5,395,6700740,72.06,2376,6098418,65.58,1181,4450161,47.85,3452,648570,6.97
2022-01-29,62.23,8.29,29.48,124,6700864,72.06,1046,6099464,65.59,424,4450585,47.86,1162,649732,6.99
2022-01-30,62.3,8.24,29.46,769,6701633,72.07,4720,6104184,65.64,2020,4452605,47.88,8099,657831,7.07
2022-01-31,62.39,8.17,29.43,528,6702161,72.07,3184,6107368,65.68,1610,4454215,47.9,6472,664303,7.14
2022-02-01,62.45,8.15,29.4,482,6702643,72.08,2808,6110176,65.71,1526,4455741,47.91,5721,670024,7.21
2022-02-02,62.28,8.13,29.59,375,6703018,72.08,2395,6112571,65.73,1385,4457126,47.93,5074,675098,7.26
2022-02-03,62.34,8.08,29.57,446,6703464,72.09,2776,6115347,65.76,1462,4458588,47.95,5607,680705,7.32
2022-02-04,62.37,8.06,29.57,174,6703638,72.09,991,6116338,65.77,757,4459345,47.95,2455,683160,7.35
2022-02-05,62.34,8.09,29.56,62,6703700,72.09,342,6116680,65.78,221,4459566,47.96,420,683580,7.35
2022-02-06,62.41,8.05,29.55,407,6704107,72.09,2320,6119000,65.8,1344,4460910,47.97,5686,689266,7.41
2022-02-07,62.47,8.01,29.52,282,6704389,72.1,1308,6120308,65.81,983,4461893,47.98,5960,695226,7.48
2022-02-08,62.54,7.97,29.49,317,6704706,72.1,1498,6121806,65.83,1068,4462961,47.99,6137,701363,7.54
2022-02-09,62.6,7.95,29.45,254,6704960,72.1,1102,6122908,65.84,946,4463907,48,4570,705933,7.59
2022-02-10,62.63,7.93,29.44,273,6705233,72.1,1293,6124201,65.86,936,4464843,48.01,4815,710748,7.64
2022-02-11,62.67,7.91,29.42,211,6705444,72.11,557,6124758,65.86,518,4465361,48.02,2540,713288,7.67
2022-02-12,62.67,7.91,29.41,32,6705476,72.11,90,6124848,65.86,136,4465497,48.02,269,713557,7.67
2022-02-13,62.73,7.87,29.39,286,6705762,72.11,946,6125794,65.87,966,4466463,48.03,4998,718555,7.73
2022-02-14,62.89,7.74,29.36,179,6705941,72.11,629,6126423,65.88,760,4467223,48.04,3142,721697,7.76
2022-02-15,62.92,7.73,29.35,266,6706207,72.12,763,6127186,65.89,937,4468160,48.05,3819,725516,7.8
2022-02-16,62.95,7.72,29.34,179,6706386,72.12,577,6127763,65.89,803,4468963,48.06,2488,728004,7.83
2022-02-17,62.96,7.7,29.34,247,6706633,72.12,740,6128503,65.9,775,4469738,48.07,3061,731065,7.86
2022-02-18,62.98,7.69,29.33,130,6706763,72.12,343,6128846,65.91,439,4470177,48.07,1119,732184,7.87
2022-02-19,62.99,7.69,29.32,33,6706796,72.12,84,6128930,65.91,82,4470259,48.07,80,732264,7.87
2022-02-20,63.01,7.67,29.32,204,6707000,72.12,604,6129534,65.91,723,4470982,48.08,2574,734838,7.9
2022-02-21,63.04,7.65,29.31,173,6707173,72.13,413,6129947,65.92,489,4471471,48.08,1542,736380,7.92
2022-02-22,63.05,7.65,29.3,158,6707331,72.13,455,6130402,65.92,570,4472041,48.09,1871,738251,7.94
2022-02-23,63.06,7.65,29.29,109,6707440,72.13,353,6130755,65.93,453,4472494,48.09,1153,739404,7.95
2022-02-24,63.05,7.66,29.29,138,6707578,72.13,463,6131218,65.93,568,4473062,48.1,1493,740897,7.97
2022-02-25,63.06,7.66,29.28,59,6707637,72.13,144,6131362,65.93,192,4473254,48.1,456,741353,7.97
2022-02-26,63.05,7.67,29.28,17,6707654,72.13,28,6131390,65.93,161,4473415,48.1,35,741388,7.97
2022-02-27,63.05,7.67,29.28,112,6707766,72.13,341,6131731,65.94,448,4473863,48.11,1119,742507,7.98
2022-02-28,63.07,7.65,29.28,108,6707874,72.13,271,6132002,65.94,424,4474287,48.11,907,743414,7.99
2022-03-01,63.1,7.63,29.27,95,6707969,72.13,280,6132282,65.94,374,4474661,48.12,797,744211,8
2022-03-02,63.11,7.62,29.27,77,6708046,72.14,199,6132481,65.95,324,4474985,48.12,698,744909,8.01
2022-03-03,63.05,7.67,29.27,157,6708203,72.14,371,6132852,65.95,498,4475483,48.13,987,745896,8.02
2022-03-04,63.05,7.68,29.27,53,6708256,72.14,170,6133022,65.95,170,4475653,48.13,228,746124,8.02
2022-03-05,63.04,7.69,29.27,4,6708260,72.14,25,6133047,65.95,44,4475697,48.13,32,746156,8.02
2022-03-06,63.04,7.69,29.27,98,6708358,72.14,258,6133305,65.95,417,4476114,48.13,760,746916,8.03
2022-03-07,63.05,7.69,29.26,87,6708445,72.14,260,6133565,65.96,354,4476468,48.14,604,747520,8.04
2022-03-08,63.04,7.7,29.26,99,6708544,72.14,263,6133828,65.96,333,4476801,48.14,550,748070,8.04
2022-03-09,63.02,7.72,29.25,89,6708633,72.14,213,6134041,65.96,337,4477138,48.14,492,748562,8.05
2022-03-10,63.01,7.74,29.25,115,6708748,72.14,375,6134416,65.97,428,4477566,48.15,620,749182,8.06
2022-03-11,63,7.75,29.25,24,6708772,72.14,86,6134502,65.97,123,4477689,48.15,144,749326,8.06
2022-03-12,62.98,7.77,29.24,11,6708783,72.14,12,6134514,65.97,34,4477723,48.15,28,749354,8.06
2022-03-13,62.98,7.78,29.24,100,6708883,72.14,271,6134785,65.97,358,4478081,48.16,595,749949,8.06
2022-03-14,62.98,7.78,29.24,66,6708949,72.14,253,6135038,65.97,316,4478397,48.16,559,750508,8.07
2022-03-15,62.95,7.81,29.24,80,6709029,72.15,185,6135223,65.98,293,4478690,48.16,591,751099,8.08
2022-03-16,62.94,7.82,29.24,77,6709106,72.15,205,6135428,65.98,305,4478995,48.16,668,751767,8.08
2022-03-17,62.94,7.82,29.24,65,6709171,72.15,122,6135550,65.98,286,4479281,48.17,613,752380,8.09
2022-03-18,62.94,7.82,29.24,20,6709191,72.15,54,6135604,65.98,100,4479381,48.17,234,752614,8.09
2022-03-19,62.89,7.88,29.23,6,6709197,72.15,11,6135615,65.98,29,4479410,48.17,39,752653,8.09
2022-03-20,62.87,7.89,29.23,119,6709316,72.15,260,6135875,65.98,486,4479896,48.17,1431,754084,8.11
2022-03-21,62.87,7.9,29.23,97,6709413,72.15,247,6136122,65.98,379,4480275,48.18,1132,755216,8.12
2022-03-22,62.84,7.94,29.23,141,6709554,72.15,342,6136464,65.99,508,4480783,48.18,1770,756986,8.14
2022-03-23,62.81,7.97,29.22,108,6709662,72.15,212,6136676,65.99,463,4481246,48.19,1677,758663,8.16
2022-03-24,62.78,8,29.22,174,6709836,72.15,345,6137021,65.99,769,4482015,48.2,2362,761025,8.18
2022-03-25,62.78,8,29.23,39,6709875,72.15,82,6137103,66,159,4482174,48.2,630,761655,8.19
2022-03-26,62.77,8,29.22,12,6709887,72.15,13,6137116,66,34,4482208,48.2,91,761746,8.19
2022-03-27,62.75,8.02,29.22,167,6710054,72.16,344,6137460,66,758,4482966,48.21,3193,764939,8.23
2022-03-28,62.75,8.03,29.22,113,6710167,72.16,270,6137730,66,623,4483589,48.21,2416,767355,8.25
2022-03-29,62.7,8.07,29.22,125,6710292,72.16,258,6137988,66,641,4484230,48.22,2772,770127,8.28
2022-03-30,62.81,8.11,29.07,132,6710424,72.16,208,6138196,66.01,539,4484769,48.23,2370,772497,8.31
2022-03-31,62.79,8.11,29.1,166,6710590,72.16,302,6138498,66.01,730,4485499,48.23,2853,775350,8.34
2022-04-01,62.72,8.13,29.15,122,6710712,72.16,161,6138659,66.01,277,4485776,48.24,587,775937,8.34
2022-04-02,62.69,8.15,29.16,7,6710719,72.16,7,6138666,66.01,37,4485813,48.24,52,775989,8.34
2022-04-03,62.65,8.16,29.19,159,6710878,72.17,270,6138936,66.02,569,4486382,48.24,2478,778467,8.37
2022-04-04,62.62,8.16,29.22,103,6710981,72.17,208,6139144,66.02,484,4486866,48.25,2225,780692,8.4
2022-04-05,62.57,8.19,29.25,122,6711103,72.17,221,6139365,66.02,513,4487379,48.26,2243,782935,8.42
2022-04-06,62.55,8.2,29.25,91,6711194,72.17,157,6139522,66.02,382,4487761,48.26,2023,784958,8.44
2022-04-07,62.56,8.2,29.24,191,6711385,72.17,215,6139737,66.02,641,4488402,48.27,2556,787514,8.47
2022-04-08,62.54,8.22,29.23,30,6711415,72.17,61,6139798,66.02,154,4488556,48.27,482,787996,8.47
2022-04-09,62.52,8.25,29.23,6,6711421,72.17,17,6139815,66.02,28,4488584,48.27,47,788043,8.47
2022-04-10,62.51,8.26,29.23,103,6711524,72.17,264,6140079,66.03,429,4489013,48.27,1845,789888,8.49
2022-04-11,62.54,8.26,29.2,78,6711602,72.17,201,6140280,66.03,371,4489384,48.28,1425,791313,8.51
2022-04-12,62.58,8.29,29.12,204,6711806,72.18,168,6140448,66.03,376,4489760,48.28,1360,792673,8.52
2022-04-13,62.58,8.31,29.1,117,6711923,72.18,150,6140598,66.03,298,4490058,48.28,1218,793891,8.54
2022-04-14,62.57,8.33,29.1,85,6712008,72.18,221,6140819,66.04,320,4490378,48.29,1069,794960,8.55
2022-04-15,62.55,8.35,29.1,9,6712017,72.18,51,6140870,66.04,48,4490426,48.29,82,795042,8.55
2022-04-16,62.53,8.37,29.1,3,6712020,72.18,8,6140878,66.04,21,4490447,48.29,29,795071,8.55
2022-04-17,62.52,8.38,29.1,62,6712082,72.18,131,6141009,66.04,229,4490676,48.29,807,795878,8.56
2022-04-18,62.51,8.38,29.1,69,6712151,72.18,109,6141118,66.04,252,4490928,48.29,750,796628,8.57
2022-04-19,62.5,8.4,29.1,62,6712213,72.18,145,6141263,66.04,273,4491201,48.3,842,797470,8.58
2022-04-20,62.48,8.42,29.1,60,6712273,72.18,117,6141380,66.04,235,4491436,48.3,656,798126,8.58
2022-04-21,62.47,8.43,29.1,53,6712326,72.18,109,6141489,66.04,197,4491633,48.3,479,798605,8.59
2022-04-22,62.45,8.44,29.11,3,6712329,72.18,17,6141506,66.04,19,4491652,48.3,19,798624,8.59
2022-04-23,62.43,8.46,29.11,6,6712335,72.18,9,6141515,66.04,16,4491668,48.3,13,798637,8.59
2022-04-24,62.43,8.47,29.1,92,6712427,72.18,250,6141765,66.05,329,4491997,48.3,872,799509,8.6
2022-04-25,62.43,8.47,29.1,105,6712532,72.18,191,6141956,66.05,316,4492313,48.31,739,800248,8.61
2022-04-26,62.42,8.48,29.1,76,6712608,72.18,175,6142131,66.05,304,4492617,48.31,788,801036,8.61
2022-04-27,62.41,8.49,29.1,54,6712662,72.18,160,6142291,66.05,227,4492844,48.31,640,801676,8.62
2022-04-28,62.41,8.5,29.1,96,6712758,72.19,232,6142523,66.05,329,4493173,48.32,871,802547,8.63
2022-04-29,62.39,8.51,29.1,112,6712870,72.19,159,6142682,66.06,184,4493357,48.32,196,802743,8.63
2022-04-30,62.38,8.52,29.1,1,6712871,72.19,3,6142685,66.06,24,4493381,48.32,22,802765,8.63
2022-05-01,62.38,8.53,29.09,135,6713006,72.19,185,6142870,66.06,317,4493698,48.32,630,803395,8.64
2022-05-02,62.37,8.54,29.09,62,6713068,72.19,155,6143025,66.06,235,4493933,48.33,491,803886,8.64
2022-05-03,62.36,8.55,29.09,73,6713141,72.19,151,6143176,66.06,288,4494221,48.33,508,804394,8.65
2022-05-04,62.35,8.57,29.08,23,6713164,72.19,56,6143232,66.06,63,4494284,48.33,129,804523,8.65
2022-05-05,62.34,8.58,29.08,4,6713168,72.19,1,6143233,66.06,8,4494292,48.33,14,804537,8.65
2022-05-06,62.33,8.59,29.08,20,6713188,72.19,59,6143292,66.06,64,4494356,48.33,153,804690,8.65
2022-05-07,62.32,8.6,29.08,1,6713189,72.19,7,6143299,66.06,27,4494383,48.33,24,804714,8.65
2022-05-08,62.31,8.61,29.08,118,6713307,72.19,207,6143506,66.06,270,4494653,48.33,457,805171,8.66
2022-05-09,62.31,8.61,29.08,59,6713366,72.19,162,6143668,66.07,251,4494904,48.34,505,805676,8.66
2022-05-10,62.3,8.62,29.08,131,6713497,72.19,169,6143837,66.07,261,4495165,48.34,508,806184,8.67
2022-05-11,62.3,8.63,29.08,58,6713555,72.19,118,6143955,66.07,183,4495348,48.34,464,806648,8.67
2022-05-12,62.29,8.64,29.07,119,6713674,72.2,200,6144155,66.07,279,4495627,48.34,666,807314,8.68
2022-05-13,62.28,8.65,29.07,11,6713685,72.2,44,6144199,66.07,71,4495698,48.34,110,807424,8.68
2022-05-14,62.26,8.66,29.07,6,6713691,72.2,13,6144212,66.07,14,4495712,48.34,24,807448,8.68
2022-05-15,62.26,8.67,29.07,90,6713781,72.2,175,6144387,66.07,246,4495958,48.35,665,808113,8.69
2022-05-16,62.19,8.65,29.16,68,6713849,72.2,141,6144528,66.08,230,4496188,48.35,510,808623,8.7
2022-05-17,62.18,8.66,29.16,73,6713922,72.2,153,6144681,66.08,267,4496455,48.35,618,809241,8.7
2022-05-18,62.17,8.67,29.16,43,6713965,72.2,99,6144780,66.08,169,4496624,48.35,447,809688,8.71
2022-05-19,62.16,8.68,29.16,64,6714029,72.2,171,6144951,66.08,213,4496837,48.36,499,810187,8.71
2022-05-20,62.15,8.69,29.16,76,6714105,72.2,114,6145065,66.08,130,4496967,48.36,138,810325,8.71
2022-05-21,62.14,8.7,29.16,4,6714109,72.2,7,6145072,66.08,15,4496982,48.36,18,810343,8.71
2022-05-22,62.14,8.71,29.16,85,6714194,72.2,190,6145262,66.08,216,4497198,48.36,426,810769,8.72
2022-05-23,62.14,8.71,29.16,65,6714259,72.2,120,6145382,66.08,156,4497354,48.36,348,811117,8.72
2022-05-24,62.13,8.71,29.15,43,6714302,72.2,119,6145501,66.09,157,4497511,48.36,394,811511,8.73
2022-05-25,62.12,8.72,29.15,61,6714363,72.2,103,6145604,66.09,168,4497679,48.37,337,811848,8.73
2022-05-26,62.11,8.73,29.16,72,6714435,72.2,136,6145740,66.09,186,4497865,48.37,347,812195,8.73
2022-05-27,62.1,8.74,29.16,12,6714447,72.2,29,6145769,66.09,43,4497908,48.37,59,812254,8.73
2022-05-28,62.09,8.75,29.16,2,6714449,72.2,5,6145774,66.09,8,4497916,48.37,12,812266,8.73
2022-05-29,62.09,8.75,29.16,89,6714538,72.2,153,6145927,66.09,163,4498079,48.37,316,812582,8.74
2022-05-30,62.09,8.76,29.16,56,6714594,72.21,133,6146060,66.09,125,4498204,48.37,291,812873,8.74
2022-05-31,62.07,8.78,29.15,45,6714639,72.21,104,6146164,66.09,153,4498357,48.37,351,813224,8.75
2022-06-01,61.95,8.9,29.16,65,6714704,72.21,90,6146254,66.09,119,4498476,48.37,277,813501,8.75
2022-06-02,45.96,24.88,29.15,77,6714781,72.21,156,6146410,66.1,178,4498654,48.38,255,813756,8.75
2022-06-03,45.9,24.95,29.16,10,6714791,72.21,23,6146433,66.1,21,4498675,48.38,33,813789,8.75
2022-06-04,45.84,25,29.16,0,6714791,72.21,7,6146440,66.1,8,4498683,48.38,5,813794,8.75
2022-06-05,45.8,25.05,29.16,11,6714802,72.21,14,6146454,66.1,7,4498690,48.38,2,813796,8.75
2022-06-06,39.96,30.89,29.16,58,6714860,72.21,145,6146599,66.1,161,4498851,48.38,262,814058,8.75
2022-06-07,39.92,30.93,29.15,54,6714914,72.21,134,6146733,66.1,142,4498993,48.38,379,814437,8.76
2022-06-08,39.89,30.96,29.15,59,6714973,72.21,104,6146837,66.1,131,4499124,48.38,497,814934,8.76
2022-06-09,39.86,30.99,29.15,84,6715057,72.21,208,6147045,66.1,234,4499358,48.38,642,815576,8.77
2022-06-10,39.83,31.02,29.15,14,6715071,72.21,51,6147096,66.1,59,4499417,48.38,142,815718,8.77
2022-06-11,39.8,31.05,29.15,0,6715071,72.21,3,6147099,66.1,7,4499424,48.38,19,815737,8.77
2022-06-12,39.8,31.05,29.15,109,6715180,72.21,199,6147298,66.11,191,4499615,48.39,767,816504,8.78
2022-06-13,39.81,31.04,29.15,84,6715264,72.21,142,6147440,66.11,168,4499783,48.39,626,817130,8.79
2022-06-14,39.79,31.06,29.15,116,6715380,72.21,173,6147613,66.11,208,4499991,48.39,759,817889,8.8
2022-06-15,39.78,31.08,29.15,71,6715451,72.21,141,6147754,66.11,207,4500198,48.39,700,818589,8.8
2022-06-16,39.74,31.11,29.14,94,6715545,72.22,136,6147890,66.11,218,4500416,48.4,742,819331,8.81
2022-06-17,39.72,31.14,29.15,16,6715561,72.22,63,6147953,66.11,53,4500469,48.4,124,819455,8.81
2022-06-18,39.68,31.17,29.14,3,6715564,72.22,4,6147957,66.11,11,4500480,48.4,15,819470,8.81
2022-06-19,39.53,31.33,29.15,115,6715679,72.22,208,6148165,66.11,318,4500798,48.4,877,820347,8.82
2022-06-20,33.92,36.85,29.23,99,6715778,72.22,152,6148317,66.12,307,4501105,48.4,922,821269,8.83
2022-06-21,33.58,37.19,29.23,94,6715872,72.22,154,6148471,66.12,375,4501480,48.41,1229,822498,8.84
2022-06-22,33.28,37.49,29.23,110,6715982,72.22,136,6148607,66.12,339,4501819,48.41,894,823392,8.85
2022-06-23,32.84,37.92,29.23,132,6716114,72.22,217,6148824,66.12,525,4502344,48.42,1146,824538,8.87
2022-06-24,32.43,38.34,29.24,19,6716133,72.22,35,6148859,66.12,110,4502454,48.42,208,824746,8.87
2022-06-25,32.04,38.72,29.24,1,6716134,72.22,3,6148862,66.12,13,4502467,48.42,16,824762,8.87
2022-06-26,31.63,39.13,29.24,107,6716241,72.22,158,6149020,66.12,379,4502846,48.42,933,825695,8.88
2022-06-27,31.29,39.47,29.24,86,6716327,72.22,172,6149192,66.13,392,4503238,48.43,1028,826723,8.89
2022-06-28,30.86,39.91,29.24,84,6716411,72.22,151,6149343,66.13,364,4503602,48.43,932,827655,8.9
2022-06-29,30.48,40.28,29.24,76,6716487,72.23,108,6149451,66.13,265,4503867,48.43,816,828471,8.91
2022-06-30,30.05,40.71,29.24,86,6716573,72.23,165,6149616,66.13,355,4504222,48.44,1062,829533,8.92
2022-07-01,29.62,41.14,29.24,22,6716595,72.23,28,6149644,66.13,55,4504277,48.44,80,829613,8.92
2022-07-02,29.2,41.56,29.24,1,6716596,72.23,2,6149646,66.13,8,4504285,48.44,18,829631,8.92
2022-07-03,28.81,41.95,29.24,100,6716696,72.23,177,6149823,66.13,322,4504607,48.44,637,830268,8.93
2022-07-04,28.5,42.26,29.24,76,6716772,72.23,140,6149963,66.13,278,4504885,48.44,749,831017,8.94
2022-07-05,28.06,42.7,29.24,59,6716831,72.23,142,6150105,66.14,302,4505187,48.45,688,831705,8.94
2022-07-06,27.39,43.37,29.24,78,6716909,72.23,124,6150229,66.14,211,4505398,48.45,646,832351,8.95
2022-07-07,26.48,44.28,29.24,82,6716991,72.23,164,6150393,66.14,267,4505665,48.45,721,833072,8.96
2022-07-08,25.47,45.29,29.24,17,6717008,72.23,33,6150426,66.14,69,4505734,48.45,131,833203,8.96
2022-07-09,24.42,46.34,29.24,0,6717008,72.23,1,6150427,66.14,3,4505737,48.45,2,833205,8.96
2022-07-10,23.77,46.99,29.24,90,6717098,72.23,164,6150591,66.14,229,4505966,48.45,470,833675,8.96
2022-07-11,23.22,47.54,29.24,64,6717162,72.23,142,6150733,66.14,248,4506214,48.46,575,834250,8.97
2022-07-12,22.13,48.63,29.24,69,6717231,72.23,129,6150862,66.14,207,4506421,48.46,558,834808,8.98
2022-07-13,21.1,49.66,29.24,43,6717274,72.23,101,6150963,66.14,165,4506586,48.46,488,835296,8.98
2022-07-14,20.12,50.63,29.24,69,6717343,72.23,147,6151110,66.15,209,4506795,48.46,513,835809,8.99
2022-07-15,19.27,51.48,29.25,64,6717407,72.24,88,6151198,66.15,127,4506922,48.47,166,835975,8.99
2022-07-16,18.29,52.46,29.25,0,6717407,72.24,6,6151204,66.15,7,4506929,48.47,8,835983,8.99
2022-07-17,17.83,52.92,29.25,77,6717484,72.24,183,6151387,66.15,241,4507170,48.47,468,836451,8.99
2022-07-18,17.48,53.26,29.26,62,6717546,72.24,158,6151545,66.15,207,4507377,48.47,511,836962,9
2022-07-19,16.77,53.97,29.26,62,6717608,72.24,147,6151692,66.15,174,4507551,48.47,368,837330,9
2022-07-20,16.09,54.64,29.26,51,6717659,72.24,134,6151826,66.15,137,4507688,48.47,423,837753,9.01
2022-07-21,15.43,55.3,29.27,61,6717720,72.24,159,6151985,66.16,177,4507865,48.48,341,838094,9.01
2022-07-22,14.64,56.08,29.28,10,6717730,72.24,36,6152021,66.16,43,4507908,48.48,56,838150,9.01
2022-07-23,14.17,56.55,29.28,0,6717730,72.24,4,6152025,66.16,4,4507912,48.48,9,838159,9.01
2022-07-24,13.55,57.16,29.29,58,6717788,72.24,128,6152153,66.16,197,4508109,48.48,364,838523,9.02
2022-07-25,13.09,57.61,29.3,48,6717836,72.24,107,6152260,66.16,172,4508281,48.48,336,838859,9.02
2022-07-26,12.46,58.23,29.3,47,6717883,72.24,99,6152359,66.16,111,4508392,48.48,270,839129,9.02
2022-07-27,11.89,58.8,29.31,43,6717926,72.24,125,6152484,66.16,132,4508524,48.48,243,839372,9.03
2022-07-28,11.35,59.34,29.31,62,6717988,72.24,143,6152627,66.16,148,4508672,48.48,220,839592,9.03
2022-07-29,10.85,59.83,29.32,10,6717998,72.24,25,6152652,66.16,27,4508699,48.48,31,839623,9.03
2022-07-30,10.34,60.33,29.33,0,6717998,72.24,0,6152652,66.16,1,4508700,48.48,1,839624,9.03
2022-07-31,9.97,60.7,29.33,56,6718054,72.24,134,6152786,66.16,131,4508831,48.49,252,839876,9.03
2022-08-01,9.47,61.19,29.34,54,6718108,72.24,76,6152862,66.16,90,4508921,48.49,152,840028,9.03
2022-08-02,8.92,61.73,29.35,111,6718219,72.24,119,6152981,66.17,157,4509078,48.49,264,840292,9.04
2022-08-03,8.46,62.19,29.35,76,6718295,72.25,71,6153052,66.17,92,4509170,48.49,178,840470,9.04
2022-08-04,8.04,62.61,29.36,133,6718428,72.25,133,6153185,66.17,111,4509281,48.49,246,840716,9.04
2022-08-05,7.71,62.93,29.36,31,6718459,72.25,23,6153208,66.17,13,4509294,48.49,24,840740,9.04
2022-08-06,7.32,63.32,29.36,1,6718460,72.25,2,6153210,66.17,3,4509297,48.49,5,840745,9.04
2022-08-07,6.92,63.71,29.37,89,6718549,72.25,97,6153307,66.17,69,4509366,48.49,169,840914,9.04
2022-08-08,6.74,63.89,29.37,76,6718625,72.25,95,6153402,66.17,122,4509488,48.49,172,841086,9.04
2022-08-09,6.25,64.37,29.38,96,6718721,72.25,90,6153492,66.17,99,4509587,48.49,213,841299,9.05
2022-08-10,5.91,64.71,29.38,77,6718798,72.25,60,6153552,66.17,76,4509663,48.49,115,841414,9.05
2022-08-11,5.59,65.03,29.38,54,6718852,72.25,101,6153653,66.17,91,4509754,48.5,155,841569,9.05
2022-08-12,5.35,65.27,29.38,8,6718860,72.25,12,6153665,66.17,18,4509772,48.5,29,841598,9.05
2022-08-13,5.1,65.52,29.38,0,6718860,72.25,2,6153667,66.17,2,4509774,48.5,3,841601,9.05
2022-08-14,4.87,65.75,29.39,74,6718934,72.25,75,6153742,66.17,82,4509856,48.5,150,841751,9.05
2022-08-15,4.74,65.87,29.39,68,6719002,72.25,81,6153823,66.18,93,4509949,48.5,143,841894,9.05
2022-08-16,4.46,66.15,29.39,82,6719084,72.25,84,6153907,66.18,83,4510032,48.5,187,842081,9.06
2022-08-17,4.16,66.44,29.39,47,6719131,72.25,56,6153963,66.18,36,4510068,48.5,115,842196,9.06
2022-08-18,3.98,66.63,29.39,70,6719201,72.25,93,6154056,66.18,120,4510188,48.5,173,842369,9.06
2022-08-19,3.83,66.78,29.39,78,6719279,72.26,67,6154123,66.18,57,4510245,48.5,38,842407,9.06
2022-08-20,3.67,66.94,29.39,1,6719280,72.26,1,6154124,66.18,3,4510248,48.5,3,842410,9.06
2022-08-21,3.52,67.08,29.4,51,6719331,72.26,85,6154209,66.18,84,4510332,48.5,197,842607,9.06
2022-08-22,3.44,67.16,29.4,89,6719420,72.26,74,6154283,66.18,103,4510435,48.5,144,842751,9.06
2022-08-23,3.27,67.33,29.4,72,6719492,72.26,106,6154389,66.18,84,4510519,48.5,180,842931,9.06
2022-08-24,3.15,67.46,29.4,38,6719530,72.26,80,6154469,66.18,49,4510568,48.5,133,843064,9.07
2022-08-25,3.03,67.57,29.4,53,6719583,72.26,75,6154544,66.18,97,4510665,48.51,193,843257,9.07
2022-08-26,2.94,67.66,29.4,4,6719587,72.26,15,6154559,66.18,9,4510674,48.51,14,843271,9.07
2022-08-27,2.84,67.76,29.4,0,6719587,72.26,0,6154559,66.18,0,4510674,48.51,0,843271,9.07
2022-08-28,2.75,67.85,29.4,55,6719642,72.26,80,6154639,66.18,85,4510759,48.51,102,843373,9.07
2022-08-29,2.69,67.91,29.4,48,6719690,72.26,68,6154707,66.18,89,4510848,48.51,107,843480,9.07
2022-08-30,2.6,68,29.4,85,6719775,72.26,113,6154820,66.19,85,4510933,48.51,131,843611,9.07
2022-08-31,2.53,68.07,29.4,42,6719817,72.26,89,6154909,66.19,70,4511003,48.51,96,843707,9.07
2022-09-01,2.46,68.14,29.4,29,6719846,72.26,84,6154993,66.19,58,4511061,48.51,113,843820,9.07
2022-09-02,2.4,68.2,29.4,6,6719852,72.26,20,6155013,66.19,13,4511074,48.51,10,843830,9.07
2022-09-03,2.33,68.27,29.4,2,6719854,72.26,0,6155013,66.19,3,4511077,48.51,1,843831,9.07
2022-09-04,2.27,68.32,29.4,64,6719918,72.26,133,6155146,66.19,80,4511157,48.51,121,843952,9.08
2022-09-05,2.23,68.37,29.4,44,6719962,72.26,77,6155223,66.19,58,4511215,48.51,90,844042,9.08
2022-09-06,2.17,68.42,29.4,60,6720022,72.26,104,6155327,66.19,78,4511293,48.51,130,844172,9.08
2022-09-07,2.12,68.47,29.4,28,6720050,72.26,63,6155390,66.19,53,4511346,48.51,95,844267,9.08
2022-09-08,2.07,68.53,29.4,50,6720100,72.26,101,6155491,66.19,70,4511416,48.51,77,844344,9.08
2022-09-09,2.03,68.57,29.4,10,6720110,72.26,21,6155512,66.19,16,4511432,48.51,17,844361,9.08
2022-09-10,1.97,68.62,29.4,0,6720110,72.26,0,6155512,66.19,5,4511437,48.51,2,844363,9.08
2022-09-11,1.92,68.67,29.41,39,6720149,72.27,117,6155629,66.19,78,4511515,48.51,116,844479,9.08
2022-09-12,1.88,68.71,29.41,24,6720173,72.27,72,6155701,66.2,52,4511567,48.52,68,844547,9.08
2022-09-13,1.82,68.77,29.41,44,6720217,72.27,113,6155814,66.2,54,4511621,48.52,103,844650,9.08
2022-09-14,1.78,68.82,29.41,21,6720238,72.27,64,6155878,66.2,54,4511675,48.52,62,844712,9.08
2022-09-15,1.73,68.86,29.41,32,6720270,72.27,77,6155955,66.2,63,4511738,48.52,107,844819,9.08
2022-09-16,1.7,68.89,29.41,51,6720321,72.27,52,6156007,66.2,27,4511765,48.52,28,844847,9.09
2022-09-17,1.66,68.93,29.41,3,6720324,72.27,0,6156007,66.2,1,4511766,48.52,0,844847,9.09
2022-09-18,1.63,68.96,29.41,28,6720352,72.27,66,6156073,66.2,52,4511818,48.52,115,844962,9.09
2022-09-19,1.61,68.98,29.41,27,6720379,72.27,74,6156147,66.2,44,4511862,48.52,57,845019,9.09
2022-09-20,1.56,69.03,29.41,41,6720420,72.27,93,6156240,66.2,75,4511937,48.52,102,845121,9.09
2022-09-21,1.55,69.05,29.41,22,6720442,72.27,54,6156294,66.2,29,4511966,48.52,56,845177,9.09
2022-09-22,1.52,69.07,29.4,42,6720484,72.27,56,6156350,66.2,27,4511993,48.52,41,845218,9.09
2022-09-23,1.5,69.1,29.41,7,6720491,72.27,11,6156361,66.2,4,4511997,48.52,1,845219,9.09
2022-09-24,1.47,69.13,29.41,0,6720491,72.27,0,6156361,66.2,1,4511998,48.52,0,845219,9.09
2022-09-25,1.46,69.13,29.41,5,6720496,72.27,20,6156381,66.2,10,4512008,48.52,27,845246,9.09
2022-09-26,1.46,69.13,29.41,0,6720496,72.27,5,6156386,66.2,2,4512010,48.52,2,845248,9.09
2022-09-27,1.42,69.17,29.41,2,6720498,72.27,0,6156386,66.2,3,4512013,48.52,3,845251,9.09
2022-09-28,1.39,69.21,29.41,24,6720522,72.27,36,6156422,66.2,25,4512038,48.52,17,845268,9.09
2022-09-29,1.37,69.22,29.41,32,6720554,72.27,61,6156483,66.2,13,4512051,48.52,48,845316,9.09
2022-09-30,1.35,69.24,29.41,4,6720558,72.27,12,6156495,66.2,2,4512053,48.52,0,845316,9.09
2022-10-01,1.31,69.29,29.41,0,6720558,72.27,1,6156496,66.2,1,4512054,48.52,1,845317,9.09
2022-10-02,1.31,69.29,29.41,28,6720586,72.27,51,6156547,66.2,20,4512074,48.52,73,845390,9.09
2022-10-03,1.31,69.28,29.4,23,6720609,72.27,29,6156576,66.2,13,4512087,48.52,12,845402,9.09
2022-10-04,1.27,69.32,29.4,7,6720616,72.27,10,6156586,66.2,0,4512087,48.52,1,845403,9.09
2022-10-05,1.28,69.31,29.4,1,6720617,72.27,0,6156586,66.2,0,4512087,48.52,1,845404,9.09
2022-10-06,1.31,69.28,29.4,17,6720634,72.27,43,6156629,66.21,10,4512097,48.52,20,845424,9.09
2022-10-07,1.3,69.29,29.41,3,6720637,72.27,3,6156632,66.21,4,4512101,48.52,0,845424,9.09
2022-10-08,1.26,69.33,29.41,1,6720638,72.27,1,6156633,66.21,0,4512101,48.52,1,845425,9.09
2022-10-09,1.31,69.28,29.41,7,6720645,72.27,22,6156655,66.21,6,4512107,48.52,5,845430,9.09
2022-10-10,1.38,69.22,29.4,5,6720650,72.27,2,6156657,66.21,0,4512107,48.52,0,845430,9.09
2022-10-11,1.36,69.24,29.4,12,6720662,72.27,32,6156689,66.21,1,4512108,48.52,32,845462,9.09
2022-10-12,1.34,69.26,29.4,13,6720675,72.27,24,6156713,66.21,5,4512113,48.52,4,845466,9.09
2022-10-13,1.4,69.2,29.4,17,6720692,72.27,16,6156729,66.21,5,4512118,48.52,9,845475,9.09
2022-10-14,1.4,69.2,29.4,6,6720698,72.27,7,6156736,66.21,4,4512122,48.52,3,845478,9.09
2022-10-15,1.38,69.22,29.4,0,6720698,72.27,0,6156736,66.21,0,4512122,48.52,1,845479,9.09
2022-10-16,1.39,69.2,29.4,4,6720702,72.27,13,6156749,66.21,5,4512127,48.52,8,845487,9.09
2022-10-17,1.39,69.2,29.4,1,6720703,72.27,1,6156750,66.21,3,4512130,48.52,1,845488,9.09
2022-10-18,1.43,69.17,29.4,24,6720727,72.27,31,6156781,66.21,14,4512144,48.52,16,845504,9.09
2022-10-19,1.47,69.12,29.4,18,6720745,72.27,25,6156806,66.21,7,4512151,48.52,3,845507,9.09
2022-10-20,1.5,69.1,29.4,26,6720771,72.27,44,6156850,66.21,12,4512163,48.52,4,845511,9.09
2022-10-21,1.5,69.09,29.4,4,6720775,72.27,7,6156857,66.21,2,4512165,48.52,4,845515,9.09
2022-10-22,1.49,69.1,29.4,0,6720775,72.27,0,6156857,66.21,0,4512165,48.52,0,845515,9.09
2022-10-23,1.51,69.08,29.4,15,6720790,72.27,33,6156890,66.21,18,4512183,48.52,10,845525,9.09
2022-10-24,1.51,69.08,29.41,20,6720810,72.27,16,6156906,66.21,19,4512202,48.52,9,845534,9.09
2022-10-25,1.55,69.04,29.4,18,6720828,72.27,34,6156940,66.21,22,4512224,48.52,21,845555,9.09
2022-10-26,1.61,68.99,29.4,18,6720846,72.27,25,6156965,66.21,8,4512232,48.52,10,845565,9.09
2022-10-27,1.67,68.93,29.4,17,6720863,72.27,27,6156992,66.21,14,4512246,48.52,17,845582,9.09
2022-10-28,1.67,68.93,29.4,48,6720911,72.27,49,6157041,66.21,31,4512277,48.52,18,845600,9.09
2022-10-29,1.66,68.94,29.4,0,6720911,72.27,0,6157041,66.21,0,4512277,48.52,0,845600,9.09
2022-10-30,1.71,68.89,29.4,15,6720926,72.27,23,6157064,66.21,15,4512292,48.52,9,845609,9.09
2022-10-31,1.76,68.84,29.4,17,6720943,72.27,16,6157080,66.21,8,4512300,48.52,9,845618,9.09
2022-11-01,1.82,68.78,29.4,2,6720945,72.27,1,6157081,66.21,1,4512301,48.52,0,845618,9.09
2022-11-02,1.88,68.72,29.4,13,6720958,72.27,13,6157094,66.21,7,4512308,48.52,8,845626,9.09
2022-11-03,1.96,68.64,29.4,17,6720975,72.27,18,6157112,66.21,11,4512319,48.52,8,845634,9.09
2022-11-04,1.98,68.63,29.4,4,6720979,72.27,6,6157118,66.21,1,4512320,48.52,2,845636,9.09
2022-11-05,1.97,68.63,29.4,0,6720979,72.27,0,6157118,66.21,0,4512320,48.52,0,845636,9.09
2022-11-06,2.03,68.57,29.4,27,6721006,72.27,33,6157151,66.21,11,4512331,48.52,23,845659,9.09
2022-11-07,2.1,68.51,29.4,15,6721021,72.27,11,6157162,66.21,10,4512341,48.52,54,845713,9.09
2022-11-08,2.1,68.5,29.4,28,6721049,72.27,26,6157188,66.21,14,4512355,48.52,9,845722,9.09
2022-11-09,2.16,68.45,29.4,16,6721065,72.28,20,6157208,66.21,17,4512372,48.52,9,845731,9.09
2022-11-10,2.22,68.39,29.4,28,6721093,72.28,17,6157225,66.21,11,4512383,48.52,6,845737,9.09
2022-11-11,2.23,68.37,29.4,1,6721094,72.28,17,6157242,66.21,2,4512385,48.52,1,845738,9.09
2022-11-12,2.22,68.38,29.4,1,6721095,72.28,0,6157242,66.21,2,4512387,48.52,0,845738,9.09
2022-11-13,2.29,68.31,29.4,29,6721124,72.28,31,6157273,66.21,17,4512404,48.52,8,845746,9.09
2022-11-14,2.37,68.23,29.4,20,6721144,72.28,17,6157290,66.21,21,4512425,48.52,16,845762,9.09
2022-11-15,2.43,68.17,29.4,40,6721184,72.28,25,6157315,66.21,16,4512441,48.52,18,845780,9.1
2022-11-16,2.5,68.1,29.4,14,6721198,72.28,27,6157342,66.21,16,4512457,48.52,11,845791,9.1
2022-11-17,2.59,68.02,29.4,19,6721217,72.28,33,6157375,66.21,18,4512475,48.52,5,845796,9.1
2022-11-18,2.61,67.99,29.4,6,6721223,72.28,4,6157379,66.21,4,4512479,48.52,0,845796,9.1
2022-11-19,2.6,68,29.4,0,6721223,72.28,0,6157379,66.21,0,4512479,48.52,0,845796,9.1
2022-11-20,2.67,67.93,29.4,19,6721242,72.28,19,6157398,66.21,6,4512485,48.52,13,845809,9.1
2022-11-21,2.76,67.85,29.4,14,6721256,72.28,13,6157411,66.21,6,4512491,48.53,6,845815,9.1
2022-11-22,2.83,67.77,29.4,26,6721282,72.28,13,6157424,66.21,17,4512508,48.53,6,845821,9.1
2022-11-23,2.9,67.7,29.4,17,6721299,72.28,20,6157444,66.21,4,4512512,48.53,8,845829,9.1
2022-11-24,2.98,67.62,29.4,9,6721308,72.28,16,6157460,66.21,13,4512525,48.53,27,845856,9.1
2022-11-25,3,67.6,29.4,13,6721321,72.28,39,6157499,66.21,14,4512539,48.53,12,845868,9.1
2022-11-26,3,67.61,29.4,0,6721321,72.28,2,6157501,66.21,0,4512539,48.53,0,845868,9.1
2022-11-27,3.06,67.54,29.4,14,6721335,72.28,15,6157516,66.21,19,4512558,48.53,2,845870,9.1
2022-11-28,3.14,67.47,29.4,8,6721343,72.28,23,6157539,66.22,8,4512566,48.53,6,845876,9.1
2022-11-29,3.2,67.4,29.4,38,6721381,72.28,31,6157570,66.22,19,4512585,48.53,14,845890,9.1
2022-11-30,3.27,67.34,29.39,12,6721393,72.28,25,6157595,66.22,20,4512605,48.53,8,845898,9.1
2022-12-01,3.34,67.26,29.39,13,6721406,72.28,18,6157613,66.22,15,4512620,48.53,4,845902,9.1
2022-12-02,3.36,67.24,29.39,2,6721408,72.28,7,6157620,66.22,4,4512624,48.53,10,845912,9.1
2022-12-03,3.36,67.24,29.39,0,6721408,72.28,0,6157620,66.22,0,4512624,48.53,1,845913,9.1
2022-12-04,3.42,67.18,29.39,31,6721439,72.28,27,6157647,66.22,29,4512653,48.53,26,845939,9.1
2022-12-05,3.48,67.12,29.4,9,6721448,72.28,17,6157664,66.22,11,4512664,48.53,20,845959,9.1
2022-12-06,3.55,67.06,29.39,32,6721480,72.28,26,6157690,66.22,27,4512691,48.53,7,845966,9.1
2022-12-07,3.62,66.99,29.39,10,6721490,72.28,17,6157707,66.22,8,4512699,48.53,7,845973,9.1
2022-12-08,3.69,66.91,29.39,18,6721508,72.28,31,6157738,66.22,15,4512714,48.53,3,845976,9.1
2022-12-09,3.71,66.9,29.39,4,6721512,72.28,1,6157739,66.22,1,4512715,48.53,7,845983,9.1
2022-12-10,3.7,66.91,29.39,1,6721513,72.28,0,6157739,66.22,2,4512717,48.53,0,845983,9.1
2022-12-11,3.76,66.84,29.39,15,6721528,72.28,22,6157761,66.22,15,4512732,48.53,16,845999,9.1
2022-12-12,3.82,66.78,29.39,15,6721543,72.28,13,6157774,66.22,5,4512737,48.53,0,845999,9.1
2022-12-13,3.87,66.73,29.39,17,6721560,72.28,44,6157818,66.22,18,4512755,48.53,13,846012,9.1
2022-12-14,3.92,66.69,29.39,17,6721577,72.28,16,6157834,66.22,7,4512762,48.53,3,846015,9.1
2022-12-15,3.97,66.64,29.39,22,6721599,72.28,19,6157853,66.22,7,4512769,48.53,12,846027,9.1
2022-12-16,3.98,66.62,29.39,12,6721611,72.28,3,6157856,66.22,1,4512770,48.53,0,846027,9.1
2022-12-17,3.97,66.63,29.39,0,6721611,72.28,0,6157856,66.22,0,4512770,48.53,0,846027,9.1
2022-12-18,4.01,66.59,29.39,9,6721620,72.28,18,6157874,66.22,8,4512778,48.53,3,846030,9.1
2022-12-19,4.06,66.54,29.4,7,6721627,72.28,14,6157888,66.22,12,4512790,48.53,1,846031,9.1
2022-12-20,4.1,66.51,29.39,12,6721639,72.28,17,6157905,66.22,2,4512792,48.53,2,846033,9.1
2022-12-21,4.14,66.47,29.39,9,6721648,72.28,14,6157919,66.22,13,4512805,48.53,3,846036,9.1
2022-12-22,4.18,66.42,29.39,4,6721652,72.28,10,6157929,66.22,14,4512819,48.53,1,846037,9.1
2022-12-23,4.19,66.42,29.39,8,6721660,72.28,0,6157929,66.22,2,4512821,48.53,0,846037,9.1
2022-12-24,4.18,66.43,29.39,0,6721660,72.28,0,6157929,66.22,0,4512821,48.53,0,846037,9.1
2022-12-25,4.21,66.4,29.39,6,6721666,72.28,17,6157946,66.22,1,4512822,48.53,2,846039,9.1
2022-12-26,4.24,66.36,29.39,17,6721683,72.28,6,6157952,66.22,13,4512835,48.53,0,846039,9.1
2022-12-27,4.25,66.36,29.39,24,6721707,72.28,24,6157976,66.22,17,4512852,48.53,7,846046,9.1
2022-12-28,4.26,66.34,29.39,17,6721724,72.28,18,6157994,66.22,25,4512877,48.53,64,846110,9.1
2022-12-29,4.28,66.33,29.39,15,6721739,72.28,23,6158017,66.22,14,4512891,48.53,4,846114,9.1
2022-12-30,4.27,66.33,29.4,4,6721743,72.28,5,6158022,66.22,3,4512894,48.53,0,846114,9.1
2022-12-31,4.26,66.35,29.4,0,6721743,72.28,1,6158023,66.22,0,4512894,48.53,0,846114,9.1
2023-01-01,4.27,66.33,29.4,6,6721749,72.28,15,6158038,66.22,2,4512896,48.53,1,846115,9.1
2023-01-02,4.29,66.31,29.4,10,6721759,72.28,8,6158046,66.22,3,4512899,48.53,1,846116,9.1
2023-01-03,4.3,66.3,29.4,20,6721779,72.28,17,6158063,66.22,7,4512906,48.53,3,846119,9.1
2023-01-04,4.3,66.3,29.4,6,6721785,72.28,11,6158074,66.22,4,4512910,48.53,2,846121,9.1
2023-01-05,4.31,66.29,29.39,12,6721797,72.28,19,6158093,66.22,11,4512921,48.53,4,846125,9.1
2023-01-06,4.31,66.29,29.4,2,6721799,72.28,1,6158094,66.22,1,4512922,48.53,0,846125,9.1
2023-01-07,4.3,66.31,29.4,1,6721800,72.28,0,6158094,66.22,0,4512922,48.53,0,846125,9.1
2023-01-08,4.33,66.28,29.4,13,6721813,72.28,31,6158125,66.22,9,4512931,48.53,2,846127,9.1
2023-01-09,4.34,66.26,29.4,12,6721825,72.28,20,6158145,66.22,1,4512932,48.53,1,846128,9.1
2023-01-10,4.35,66.25,29.4,38,6721863,72.28,27,6158172,66.22,10,4512942,48.53,4,846132,9.1
2023-01-11,4.36,66.25,29.4,14,6721877,72.28,18,6158190,66.22,11,4512953,48.53,2,846134,9.1
2023-01-12,4.37,66.24,29.39,22,6721899,72.28,20,6158210,66.22,11,4512964,48.53,2,846136,9.1
2023-01-13,4.36,66.24,29.4,3,6721902,72.28,2,6158212,66.22,0,4512964,48.53,0,846136,9.1
2023-01-14,4.35,66.25,29.4,1,6721903,72.28,0,6158212,66.22,0,4512964,48.53,0,846136,9.1
2023-01-15,4.36,66.24,29.4,17,6721920,72.28,16,6158228,66.22,4,4512968,48.53,3,846139,9.1
2023-01-16,4.38,66.22,29.4,9,6721929,72.28,14,6158242,66.22,6,4512974,48.53,0,846139,9.1
2023-01-17,4.38,66.22,29.4,14,6721943,72.28,14,6158256,66.22,6,4512980,48.53,0,846139,9.1
2023-01-18,4.39,66.21,29.4,7,6721950,72.28,8,6158264,66.22,3,4512983,48.53,1,846140,9.1
2023-01-19,4.4,66.2,29.4,13,6721963,72.28,15,6158279,66.22,2,4512985,48.53,4,846144,9.1
2023-01-20,4.39,66.2,29.4,4,6721967,72.28,2,6158281,66.22,0,4512985,48.53,1,846145,9.1
2023-01-21,4.39,66.21,29.4,0,6721967,72.28,0,6158281,66.22,0,4512985,48.53,0,846145,9.1
2023-01-22,4.4,66.2,29.4,8,6721975,72.28,2,6158283,66.22,8,4512993,48.53,4,846149,9.1
2023-01-23,4.41,66.19,29.4,11,6721986,72.28,5,6158288,66.22,6,4512999,48.53,0,846149,9.1
2023-01-24,4.41,66.19,29.4,21,6722007,72.29,21,6158309,66.22,11,4513010,48.53,2,846151,9.1
2023-01-25,4.41,66.18,29.4,5,6722012,72.29,5,6158314,66.22,0,4513010,48.53,2,846153,9.1
2023-01-26,4.42,66.18,29.4,10,6722022,72.29,15,6158329,66.22,8,4513018,48.53,2,846155,9.1
2023-01-27,4.41,66.18,29.4,0,6722022,72.29,9,6158338,66.22,0,4513018,48.53,0,846155,9.1
2023-01-28,4.41,66.19,29.4,0,6722022,72.29,0,6158338,66.22,0,4513018,48.53,0,846155,9.1
2023-01-29,4.41,66.19,29.41,13,6722035,72.29,7,6158345,66.22,5,4513023,48.53,2,846157,9.1
2023-01-30,4.42,66.17,29.41,9,6722044,72.29,16,6158361,66.22,2,4513025,48.53,1,846158,9.1
2023-01-31,4.42,66.17,29.41,19,6722063,72.29,23,6158384,66.22,4,4513029,48.53,1,846159,9.1
2023-02-01,4.42,66.17,29.41,10,6722073,72.29,11,6158395,66.22,4,4513033,48.53,0,846159,9.1
2023-02-02,4.43,66.17,29.41,0,6722073,72.29,0,6158395,66.22,0,4513033,48.53,0,846159,9.1
