Date,Valid vaccinated pop. perc.,Expired vaccinated pop. perc.,Not vaccinated pop. perc.,Vaccinated (daily),Vaccinated (cumu),Vaccinated pop. perc.,Second dose (daily),Second dose (cumu),Second dose pop. perc.,Third dose (daily),Third dose (cumu),Third dose pop. perc.,Fourth dose (daily),Fourth dose (cumu),Fourth dose pop. perc.
2020-12-19,0,0,100,46,71,0,0,4,0,0,0,0,0,0,0
2020-12-20,0,0,100,7397,7468,0.08,0,4,0,0,0,0,0,0,0
2020-12-21,0,0,100,24923,32391,0.35,0,4,0,0,0,0,0,0,0
2020-12-22,0,0,100,44669,77060,0.83,0,4,0,0,0,0,0,0,0
2020-12-23,0,0,100,62917,139977,1.51,0,4,0,0,0,0,0,0,0
2020-12-24,0,0,100,73435,213412,2.29,0,4,0,0,0,0,0,0,0
2020-12-25,0,0,100,38518,251930,2.71,0,4,0,0,0,0,0,0,0
2020-12-26,0,0,100,32618,284548,3.06,0,4,0,0,0,0,0,0,0
2020-12-27,0,0,100,104577,389125,4.18,0,4,0,0,0,0,0,0,0
2020-12-28,0,0,100,135045,524170,5.64,0,4,0,0,0,0,0,0,0
2020-12-29,0,0,100,156345,680515,7.32,2,6,0,0,0,0,0,0,0
2020-12-30,0,0,100,153194,833709,8.97,0,6,0,0,0,0,0,0,0
2020-12-31,0,0,100,158603,992312,10.67,0,6,0,0,0,0,0,0,0
2021-01-01,0,0,100,71437,1063749,11.44,0,6,0,0,0,0,0,0,0
2021-01-02,0,0,100,71745,1135494,12.21,0,6,0,0,0,0,0,0,0
2021-01-03,0,0,100,149770,1285264,13.82,0,6,0,0,0,0,0,0,0
2021-01-04,0,0,100,152214,1437478,15.46,1,7,0,0,0,0,0,0,0
2021-01-05,0,0,100,125221,1562699,16.8,4,11,0,0,0,0,0,0,0
2021-01-06,0,0,100,103377,1666076,17.92,2,13,0,0,0,0,0,0,0
2021-01-07,0,0,100,116066,1782142,19.16,9,22,0,0,0,0,0,0,0
2021-01-08,0,0,100,66466,1848608,19.88,5,27,0,0,0,0,0,0,0
2021-01-09,0,0,100,44554,1893162,20.36,24,51,0,0,0,0,0,0,0
2021-01-10,0,0,100,37649,1930811,20.76,6002,6053,0.07,0,0,0,0,0,0
2021-01-11,0,0,100,21176,1951987,20.99,19264,25317,0.27,0,0,0,0,0,0
2021-01-12,0,0,100,24077,1976064,21.25,35674,60991,0.66,0,0,0,0,0,0
2021-01-13,0,0,100,52079,2028143,21.81,56873,117864,1.27,0,0,0,0,0,0
2021-01-14,0,0,100,56480,2084623,22.42,68840,186704,2.01,0,0,0,0,0,0
2021-01-15,0,0,100,30776,2115399,22.75,35944,222648,2.39,0,0,0,0,0,0
2021-01-16,0,0,100,29481,2144880,23.06,26007,248655,2.67,0,0,0,0,0,0
2021-01-17,0.31,0,99.69,68447,2213327,23.8,84598,333253,3.58,0,0,0,0,0,0
2021-01-18,0.58,0,99.42,69820,2283147,24.55,120439,453692,4.88,0,0,0,0,0,0
2021-01-19,1.09,0,98.91,72896,2356043,25.34,137855,591547,6.36,0,0,0,0,0,0
2021-01-20,1.9,0,98.1,76919,2432962,26.16,143769,735316,7.91,0,0,0,0,0,0
2021-01-21,2.88,0,97.12,70013,2502975,26.92,164479,899795,9.68,0,0,0,0,0,0
2021-01-22,3.39,0,96.61,37934,2540909,27.32,71136,970931,10.44,0,0,0,0,0,0
2021-01-23,3.77,0,96.23,39966,2580875,27.75,53598,1024529,11.02,0,0,0,0,0,0
2021-01-24,4.96,0,95.04,69149,2650024,28.5,140712,1165241,12.53,0,0,0,0,0,0
2021-01-25,6.61,0,93.39,80943,2730967,29.37,139529,1304770,14.03,0,0,0,0,0,0
2021-01-26,8.45,0,91.55,78739,2809706,30.21,126447,1431217,15.39,0,0,0,0,0,0
2021-01-27,10.34,0,89.66,77985,2887691,31.05,125075,1556292,16.74,0,0,0,0,0,0
2021-01-28,12.43,0,87.57,79575,2967266,31.91,130635,1686927,18.14,0,0,0,0,0,0
2021-01-29,13.34,0,86.66,36704,3003970,32.3,64795,1751722,18.84,0,0,0,0,0,0
2021-01-30,14.02,0,85.98,34395,3038365,32.67,42768,1794490,19.3,0,0,0,0,0,0
2021-01-31,15.76,0,84.24,73334,3111699,33.46,59504,1853994,19.94,0,0,0,0,0,0
2021-02-01,17.48,0,82.52,82519,3194218,34.35,35358,1889352,20.32,0,0,0,0,0,0
2021-02-02,19.01,0,80.99,70109,3264327,35.1,31074,1920426,20.65,0,0,0,0,0,0
2021-02-03,20.47,0,79.53,60311,3324638,35.75,51445,1971871,21.2,0,0,0,0,0,0
2021-02-04,22,0,78,72642,3397280,36.53,58096,2029967,21.83,0,0,0,0,0,0
2021-02-05,22.75,0,77.25,33947,3431227,36.9,28807,2058774,22.14,0,0,0,0,0,0
2021-02-06,23.23,0,76.77,21623,3452850,37.13,22233,2081007,22.38,0,0,0,0,0,0
2021-02-07,23.99,0,76.01,54080,3506930,37.71,68745,2149752,23.12,0,0,0,0,0,0
2021-02-08,24.52,0,75.48,58645,3565575,38.34,65468,2215220,23.82,0,0,0,0,0,0
2021-02-09,25.04,0,74.96,66362,3631937,39.06,67581,2282801,24.55,0,0,0,0,0,0
2021-02-10,25.77,0,74.23,70573,3702510,39.81,72316,2355117,25.33,0,0,0,0,0,0
2021-02-11,26.61,0,73.39,81176,3783686,40.69,72116,2427233,26.1,0,0,0,0,0,0
2021-02-12,27.02,0,72.98,39109,3822795,41.11,37600,2464833,26.51,0,0,0,0,0,0
2021-02-13,27.33,0,72.67,27467,3850262,41.4,30441,2495274,26.83,0,0,0,0,0,0
2021-02-14,28.25,0,71.75,74918,3925180,42.21,69086,2564360,27.58,0,0,0,0,0,0
2021-02-15,29.17,0,70.83,81552,4006732,43.09,75722,2640082,28.39,0,0,0,0,0,0
2021-02-16,30.11,0,69.89,83423,4090155,43.98,78304,2718386,29.23,0,0,0,0,0,0
2021-02-17,31.01,0,68.99,61984,4152139,44.65,75647,2794033,30.05,0,0,0,0,0,0
2021-02-18,31.94,0,68.06,69163,4221302,45.39,79742,2873775,30.9,0,0,0,0,0,0
2021-02-19,32.45,0,67.55,39676,4260978,45.82,38163,2911938,31.31,0,0,0,0,0,0
2021-02-20,32.85,0,67.15,31652,4292630,46.16,28723,2940661,31.62,0,0,0,0,0,0
2021-02-21,33.8,0,66.2,79437,4372067,47.02,78450,3019111,32.47,0,0,0,0,0,0
2021-02-22,34.83,0,65.17,85056,4457123,47.93,80603,3099714,33.33,0,0,0,0,0,0
2021-02-23,35.84,0,64.16,77333,4534456,48.76,70487,3170201,34.09,0,0,0,0,0,0
2021-02-24,36.76,0,63.24,61068,4595524,49.42,63149,3233350,34.77,0,0,0,0,0,0
2021-02-25,37.66,0,62.34,51730,4647254,49.97,64813,3298163,35.47,0,0,0,0,0,0
2021-02-26,38.1,0,61.9,25913,4673167,50.25,32048,3330211,35.81,0,0,0,0,0,0
2021-02-27,38.42,0,61.58,18353,4691520,50.45,21198,3351409,36.04,0,0,0,0,0,0
2021-02-28,39.24,0,60.76,40365,4731885,50.88,55874,3407283,36.64,0,0,0,0,0,0
2021-03-01,40.1,0,59.9,45752,4777637,51.38,61445,3468728,37.3,0,0,0,0,0,0
2021-03-02,40.85,0,59.15,41203,4818840,51.82,64803,3533531,38,0,0,0,0,0,0
2021-03-03,41.55,0,58.45,42036,4860876,52.27,66795,3600326,38.72,0,0,0,0,0,0
2021-03-04,42.24,0,57.76,39723,4900599,52.7,79128,3679454,39.57,0,0,0,0,0,0
2021-03-05,42.57,0,57.43,17369,4917968,52.89,40469,3719923,40,0,0,0,0,0,0
2021-03-06,42.78,0,57.22,10724,4928692,53,25350,3745273,40.27,0,0,0,0,0,0
2021-03-07,43.36,0,56.64,31157,4959849,53.34,72849,3818122,41.06,0,0,0,0,0,0
2021-03-08,43.97,0,56.03,27388,4987237,53.63,73297,3891419,41.85,0,0,0,0,0,0
2021-03-09,44.62,0,55.38,26756,5013993,53.92,76607,3968026,42.67,0,0,0,0,0,0
2021-03-10,45.27,0,54.73,23373,5037366,54.17,58684,4026710,43.3,0,0,0,0,0,0
2021-03-11,45.99,0,54.01,23308,5060674,54.42,69100,4095810,44.04,0,0,0,0,0,0
2021-03-12,46.34,0,53.66,11298,5071972,54.54,41419,4137229,44.49,0,0,0,0,0,0
2021-03-13,46.57,0,53.43,7955,5079927,54.63,25240,4162469,44.76,0,0,0,0,0,0
2021-03-14,47.2,0,52.8,20992,5100919,54.85,73937,4236406,45.56,0,0,0,0,0,0
2021-03-15,47.81,0,52.19,20152,5121071,55.07,78282,4314688,46.4,0,0,0,0,0,0
2021-03-16,48.43,0,51.57,18759,5139830,55.27,71482,4386170,47.17,0,0,0,0,0,0
2021-03-17,48.92,0,51.08,17706,5157536,55.46,59011,4445181,47.8,0,0,0,0,0,0
2021-03-18,49.45,0,50.55,16050,5173586,55.63,58126,4503307,48.43,0,0,0,0,0,0
2021-03-19,49.75,0,50.25,6959,5180545,55.71,27981,4531288,48.73,0,0,0,0,0,0
2021-03-20,49.93,0,50.07,5229,5185774,55.77,15302,4546590,48.89,0,0,0,0,0,0
2021-03-21,50.46,0,49.54,13172,5198946,55.91,40511,4587101,49.33,0,0,0,0,0,0
2021-03-22,51,0,49,13583,5212529,56.05,40542,4627643,49.76,0,0,0,0,0,0
2021-03-23,51.43,0,48.57,2846,5215375,56.08,7303,4634946,49.84,0,0,0,0,0,0
2021-03-24,51.84,0,48.16,11007,5226382,56.2,46562,4681508,50.34,0,0,0,0,0,0
2021-03-25,52.22,0,47.78,10275,5236657,56.31,35440,4716948,50.72,0,0,0,0,0,0
2021-03-26,52.4,0,47.6,4187,5240844,56.36,13335,4730283,50.87,0,0,0,0,0,0
2021-03-27,52.5,0,47.5,1788,5242632,56.38,4269,4734552,50.91,0,0,0,0,0,0
2021-03-28,52.74,0,47.26,2116,5244748,56.4,4611,4739163,50.96,0,0,0,0,0,0
2021-03-29,53,0,47,6920,5251668,56.47,30018,4769181,51.29,0,0,0,0,0,0
2021-03-30,53.08,0,46.92,7899,5259567,56.56,22455,4791636,51.53,0,0,0,0,0,0
2021-03-31,53.38,0,46.62,8154,5267721,56.65,19503,4811139,51.74,0,0,0,0,0,0
2021-04-01,53.62,0,46.38,8223,5275944,56.73,18704,4829843,51.94,0,0,0,0,0,0
2021-04-02,53.71,0,46.29,2949,5278893,56.77,8131,4837974,52.03,0,0,0,0,0,0
2021-04-03,53.74,0,46.26,1432,5280325,56.78,2984,4840958,52.06,0,0,0,0,0,0
2021-04-04,53.82,0,46.18,9618,5289943,56.89,22833,4863791,52.3,0,0,0,0,0,0
2021-04-05,54.04,0,45.96,10365,5300308,57,21280,4885071,52.53,0,0,0,0,0,0
2021-04-06,54.21,0,45.79,9036,5309344,57.09,16795,4901866,52.71,0,0,0,0,0,0
2021-04-07,54.36,0,45.64,8935,5318279,57.19,15315,4917181,52.88,0,0,0,0,0,0
2021-04-08,54.52,0,45.48,9430,5327709,57.29,17018,4934199,53.06,0,0,0,0,0,0
2021-04-09,54.58,0,45.42,3610,5331319,57.33,6260,4940459,53.13,0,0,0,0,0,0
2021-04-10,54.61,0,45.39,1637,5332956,57.35,3523,4943982,53.17,0,0,0,0,0,0
2021-04-11,54.78,0,45.22,9045,5342001,57.45,14250,4958232,53.32,0,0,0,0,0,0
2021-04-12,54.95,0,45.05,8938,5350939,57.54,13236,4971468,53.46,0,0,0,0,0,0
2021-04-13,55.08,0,44.92,5841,5356780,57.6,4960,4976428,53.51,0,0,0,0,0,0
2021-04-14,55.18,0,44.82,3650,5360430,57.64,5311,4981739,53.57,0,0,0,0,0,0
2021-04-15,55.27,0,44.73,699,5361129,57.65,583,4982322,53.58,0,0,0,0,0,0
2021-04-16,55.33,0,44.67,3421,5364550,57.69,6655,4988977,53.65,0,0,0,0,0,0
2021-04-17,55.35,0,44.65,822,5365372,57.7,1975,4990952,53.67,0,0,0,0,0,0
2021-04-18,55.47,0,44.53,7099,5372471,57.77,7433,4998385,53.75,0,0,0,0,0,0
2021-04-19,55.58,0,44.42,6407,5378878,57.84,7135,5005520,53.83,0,0,0,0,0,0
2021-04-20,55.65,0,44.35,6287,5385165,57.91,6891,5012411,53.9,0,0,0,0,0,0
2021-04-21,55.71,0,44.29,6382,5391547,57.98,7112,5019523,53.98,0,0,0,0,0,0
2021-04-22,55.75,0,44.25,5952,5397499,58.04,7692,5027215,54.06,0,0,0,0,0,0
2021-04-23,55.8,0,44.2,2768,5400267,58.07,3393,5030608,54.1,0,0,0,0,0,0
2021-04-24,55.82,0,44.18,769,5401036,58.08,1290,5031898,54.11,0,0,0,0,0,0
2021-04-25,55.89,0,44.11,4829,5405865,58.13,6927,5038825,54.19,0,0,0,0,0,0
2021-04-26,55.96,0,44.04,5479,5411344,58.19,7889,5046714,54.27,0,0,0,0,0,0
2021-04-27,56.03,0,43.97,4509,5415853,58.24,6628,5053342,54.34,0,0,0,0,0,0
2021-04-28,56.09,0,43.91,4502,5420355,58.29,7337,5060679,54.42,0,0,0,0,0,0
2021-04-29,56.16,0,43.84,4378,5424733,58.33,7297,5067976,54.5,0,0,0,0,0,0
2021-04-30,56.19,0,43.81,1925,5426658,58.36,3204,5071180,54.53,0,0,0,0,0,0
2021-05-01,56.2,0,43.8,458,5427116,58.36,895,5072075,54.54,0,0,0,0,0,0
2021-05-02,56.26,0,43.74,3225,5430341,58.4,6092,5078167,54.61,0,0,0,0,0,0
2021-05-03,56.32,0,43.68,3535,5433876,58.43,5835,5084002,54.67,0,0,0,0,0,0
2021-05-04,56.38,0,43.62,3594,5437470,58.47,4738,5088740,54.72,0,0,0,0,0,0
2021-05-05,56.44,0,43.56,3292,5440762,58.51,4093,5092833,54.77,0,0,0,0,0,0
2021-05-06,56.5,0,43.5,3646,5444408,58.55,3145,5095978,54.8,0,0,0,0,0,0
2021-05-07,56.52,0,43.48,1847,5446255,58.57,2509,5098487,54.83,0,0,0,0,0,0
2021-05-08,56.53,0,43.47,244,5446499,58.57,509,5098996,54.83,0,0,0,0,0,0
2021-05-09,56.58,0,43.42,2851,5449350,58.6,4751,5103747,54.88,0,0,0,0,0,0
2021-05-10,56.63,0,43.37,2900,5452250,58.63,4715,5108462,54.93,0,0,0,0,0,0
2021-05-11,56.67,0,43.33,2623,5454873,58.66,3882,5112344,54.98,0,0,0,0,0,0
2021-05-12,56.7,0,43.3,2034,5456907,58.68,3342,5115686,55.01,0,0,0,0,0,0
2021-05-13,56.73,0,43.27,2044,5458951,58.7,3688,5119374,55.05,0,0,0,0,0,0
2021-05-14,56.75,0,43.25,979,5459930,58.71,1495,5120869,55.07,0,0,0,0,0,0
2021-05-15,56.75,0,43.25,259,5460189,58.72,260,5121129,55.07,0,0,0,0,0,0
2021-05-16,56.78,0,43.22,530,5460719,58.72,1205,5122334,55.08,0,0,0,0,0,0
2021-05-17,56.81,0,43.19,303,5461022,58.73,848,5123182,55.09,0,0,0,0,0,0
2021-05-18,56.84,0,43.16,1963,5462985,58.75,4940,5128122,55.15,0,0,0,0,0,0
2021-05-19,56.87,0,43.13,2233,5465218,58.77,5043,5133165,55.2,0,0,0,0,0,0
2021-05-20,56.9,0,43.1,2311,5467529,58.8,3880,5137045,55.24,0,0,0,0,0,0
2021-05-21,56.92,0,43.08,1194,5468723,58.81,1414,5138459,55.26,0,0,0,0,0,0
2021-05-22,56.92,0,43.08,206,5468929,58.81,396,5138855,55.26,0,0,0,0,0,0
2021-05-23,56.94,0,43.06,2272,5471201,58.83,3216,5142071,55.3,0,0,0,0,0,0
2021-05-24,56.96,0,43.04,2143,5473344,58.86,3597,5145668,55.33,0,0,0,0,0,0
2021-05-25,56.99,0,43.01,1823,5475167,58.88,2588,5148256,55.36,0,0,0,0,0,0
2021-05-26,57.03,0,42.97,1415,5476582,58.89,2504,5150760,55.39,0,0,0,0,0,0
2021-05-27,57.06,0,42.94,1866,5478448,58.91,3189,5153949,55.42,0,0,0,0,0,0
2021-05-28,57.07,0,42.93,794,5479242,58.92,1406,5155355,55.44,0,0,0,0,0,0
2021-05-29,57.07,0,42.93,192,5479434,58.92,227,5155582,55.44,0,0,0,0,0,0
2021-05-30,57.1,0,42.9,1645,5481079,58.94,1937,5157519,55.46,0,0,0,0,0,0
2021-05-31,57.13,0,42.87,1740,5482819,58.96,2094,5159613,55.48,0,0,0,0,0,0
2021-06-01,57.47,0,42.53,1386,5484205,58.97,1824,5161437,55.5,0,0,0,0,0,0
2021-06-02,57.25,0,42.75,1514,5485719,58.99,1610,5163047,55.52,0,0,0,0,0,0
2021-06-03,57.27,0,42.73,1686,5487405,59.01,1496,5164543,55.54,0,0,0,0,0,0
2021-06-04,57.28,0,42.72,1102,5488507,59.02,784,5165327,55.55,0,0,0,0,0,0
2021-06-05,57.29,0,42.71,184,5488691,59.02,159,5165486,55.55,0,0,0,0,0,0
2021-06-06,57.31,0,42.69,4293,5492984,59.07,1003,5166489,55.56,0,0,0,0,0,0
2021-06-07,57.34,0,42.66,4441,5497425,59.12,814,5167303,55.57,0,0,0,0,0,0
2021-06-08,57.36,0,42.64,3740,5501165,59.16,1175,5168478,55.58,0,0,0,0,0,0
2021-06-09,57.4,0,42.6,3615,5504780,59.2,1331,5169809,55.59,0,0,0,0,0,0
2021-06-10,57.42,0,42.58,3366,5508146,59.23,1300,5171109,55.61,0,0,0,0,0,0
2021-06-11,57.43,0,42.57,1402,5509548,59.25,590,5171699,55.61,0,0,0,0,0,0
2021-06-12,57.43,0,42.57,223,5509771,59.25,173,5171872,55.62,0,0,0,0,0,0
2021-06-13,57.45,0,42.55,3101,5512872,59.28,1260,5173132,55.63,0,0,0,0,0,0
2021-06-14,57.46,0,42.54,3057,5515929,59.32,1534,5174666,55.65,0,0,0,0,0,0
2021-06-15,57.48,0,42.52,3139,5519068,59.35,1378,5176044,55.66,0,0,0,0,0,0
2021-06-16,57.49,0,42.51,2736,5521804,59.38,1005,5177049,55.67,0,0,0,0,0,0
2021-06-17,57.51,0,42.49,2735,5524539,59.41,1209,5178258,55.68,0,0,0,0,0,0
2021-06-18,57.52,0,42.48,1272,5525811,59.42,506,5178764,55.69,0,0,0,0,0,0
2021-06-19,57.52,0,42.48,242,5526053,59.42,139,5178903,55.69,0,0,0,0,0,0
2021-06-20,57.54,0,42.46,3316,5529369,59.46,1332,5180235,55.71,0,0,0,0,0,0
2021-06-21,57.56,0,42.44,5250,5534619,59.52,1218,5181453,55.72,0,0,0,0,0,0
2021-06-22,57.58,0,42.42,6935,5541554,59.59,1101,5182554,55.73,0,0,0,0,0,0
2021-06-23,57.6,0,42.4,10762,5552316,59.71,1304,5183858,55.74,0,0,0,0,0,0
2021-06-24,57.62,0,42.38,12051,5564367,59.84,1466,5185324,55.76,0,0,0,0,0,0
2021-06-25,57.62,0,42.38,7116,5571483,59.91,945,5186269,55.77,0,0,0,0,0,0
2021-06-26,57.63,0,42.37,2280,5573763,59.94,200,5186469,55.77,0,0,0,0,0,0
2021-06-27,57.65,0,42.35,13634,5587397,60.08,3439,5189908,55.81,0,0,0,0,0,0
2021-06-28,57.68,0,42.32,14518,5601915,60.24,3675,5193583,55.85,0,0,0,0,0,0
2021-06-29,57.69,0,42.31,16711,5618626,60.42,3746,5197329,55.89,0,0,0,0,0,0
2021-06-30,57.72,0,42.28,16489,5635115,60.6,3397,5200726,55.93,0,0,0,0,0,0
2021-07-01,57.78,0,42.22,16840,5651955,60.78,3381,5204107,55.96,122,122,0,0,0,0
2021-07-02,57.79,0,42.21,9836,5661791,60.88,1609,5205716,55.98,7,129,0,0,0,0
2021-07-03,57.79,0,42.21,2680,5664471,60.91,300,5206016,55.98,1,130,0,0,0,0
2021-07-04,57.85,0,42.15,17735,5682206,61.1,3161,5209177,56.02,2,132,0,0,0,0
2021-07-05,57.91,0,42.09,17852,5700058,61.3,3047,5212224,56.05,7,139,0,0,0,0
2021-07-06,57.99,0,42.01,17851,5717909,61.49,3412,5215636,56.09,11,150,0,0,0,0
2021-07-07,58.05,0,41.95,15534,5733443,61.65,2703,5218339,56.12,12,162,0,0,0,0
2021-07-08,58.12,0,41.88,16591,5750034,61.83,2883,5221222,56.15,17,179,0,0,0,0
2021-07-09,58.15,0,41.85,11127,5761161,61.95,1535,5222757,56.16,4,183,0,0,0,0
2021-07-10,58.15,0,41.85,4989,5766150,62.01,391,5223148,56.17,6,189,0,0,0,0
2021-07-11,58.22,0,41.78,1458,5767608,62.02,2848,5225996,56.2,9,198,0,0,0,0
2021-07-12,58.29,0,41.71,2428,5770036,62.05,3697,5229693,56.24,58,256,0,0,0,0
2021-07-13,58.36,0,41.64,2965,5773001,62.08,5460,5235153,56.3,124,380,0,0,0,0
2021-07-14,58.42,0,41.58,2748,5775749,62.11,7537,5242690,56.38,441,821,0.01,0,0,0
2021-07-15,58.5,0,41.5,3011,5778760,62.14,9302,5251992,56.48,374,1195,0.01,0,0,0
2021-07-16,58.54,0,41.46,1297,5780057,62.16,5898,5257890,56.54,66,1261,0.01,0,0,0
2021-07-17,58.55,0,41.44,372,5780429,62.16,1394,5259284,56.56,8,1269,0.01,0,0,0
2021-07-18,58.6,0,41.4,2074,5782503,62.18,9771,5269055,56.66,235,1504,0.02,0,0,0
2021-07-19,58.65,0,41.35,3211,5785714,62.22,11348,5280403,56.78,461,1965,0.02,0,0,0
2021-07-20,58.72,0,41.28,2691,5788405,62.25,11915,5292318,56.91,374,2339,0.03,0,0,0
2021-07-21,58.81,0,41.19,2408,5790813,62.27,11882,5304200,57.04,325,2664,0.03,0,0,0
2021-07-22,58.93,0,41.07,2879,5793692,62.3,13281,5317481,57.18,392,3056,0.03,0,0,0
2021-07-23,58.99,0,41.01,2039,5795731,62.32,8249,5325730,57.27,106,3162,0.03,0,0,0
2021-07-24,58.99,0,41,646,5796377,62.33,1486,5327216,57.29,7,3169,0.03,0,0,0
2021-07-25,59.1,0,40.89,4417,5800794,62.38,15499,5342715,57.45,223,3392,0.04,0,0,0
2021-07-26,59.24,0,40.75,5175,5805969,62.43,13537,5356252,57.6,325,3717,0.04,0,0,0
2021-07-27,59.37,0.01,40.62,5493,5811462,62.49,13579,5369831,57.74,414,4131,0.04,0,0,0
2021-07-28,59.5,0.01,40.49,3991,5815453,62.54,12345,5382176,57.88,472,4603,0.05,0,0,0
2021-07-29,59.65,0.01,40.33,4665,5820118,62.59,14206,5396382,58.03,533,5136,0.06,0,0,0
2021-07-30,59.74,0.02,40.25,2658,5822776,62.62,10859,5407241,58.15,4122,9258,0.1,0,0,0
2021-07-31,59.75,0.02,40.23,1407,5824183,62.63,3554,5410795,58.18,6159,15417,0.17,0,0,0
2021-08-01,59.91,0.02,40.06,3079,5827262,62.66,3367,5414162,58.22,31048,46465,0.5,0,0,0
2021-08-02,60.06,0.03,39.91,3134,5830396,62.7,3176,5417338,58.26,58514,104979,1.13,0,0,0
2021-08-03,60.21,0.03,39.76,3388,5833784,62.73,3332,5420670,58.29,78954,183933,1.98,0,0,0
2021-08-04,60.34,0.03,39.63,3537,5837321,62.77,3256,5423926,58.33,80766,264699,2.85,0,0,0
2021-08-05,60.49,0.04,39.47,4515,5841836,62.82,3572,5427498,58.36,88442,353141,3.8,0,0,0
2021-08-06,60.6,0.04,39.36,2437,5844273,62.85,1866,5429364,58.38,44744,397885,4.28,0,0,0
2021-08-07,60.63,0.04,39.32,1034,5845307,62.86,701,5430065,58.39,27353,425238,4.57,0,0,0
2021-08-08,60.68,0.04,39.28,4992,5850299,62.91,3082,5433147,58.43,80087,505325,5.43,0,0,0
2021-08-09,60.72,0.04,39.24,5341,5855640,62.97,3064,5436211,58.46,76489,581814,6.26,0,0,0
2021-08-10,60.75,0.04,39.2,5554,5861194,63.03,3211,5439422,58.49,75427,657241,7.07,0,0,0
2021-08-11,60.79,0.04,39.17,5696,5866890,63.09,2949,5442371,58.52,62643,719884,7.74,0,0,0
2021-08-12,60.83,0.04,39.12,7039,5873929,63.17,3291,5445662,58.56,59463,779347,8.38,0,0,0
2021-08-13,60.84,0.05,39.11,3821,5877750,63.21,2074,5447736,58.58,43870,823217,8.85,0,0,0
2021-08-14,60.85,0.05,39.1,2255,5880005,63.23,854,5448590,58.59,44486,867703,9.33,0,0,0
2021-08-15,60.89,0.05,39.06,7144,5887149,63.31,4531,5453121,58.64,97986,965689,10.38,0,0,0
2021-08-16,60.92,0.04,39.03,6991,5894140,63.38,4750,5457871,58.69,89522,1055211,11.35,0,0,0
2021-08-17,60.96,0.04,39,7573,5901713,63.46,5138,5463009,58.75,83320,1138531,12.24,0,0,0
2021-08-18,60.99,0.04,38.96,8643,5910356,63.56,4603,5467612,58.8,69269,1207800,12.99,0,0,0
2021-08-19,61.03,0.04,38.92,10083,5920439,63.67,5217,5472829,58.85,65976,1273776,13.7,0,0,0
2021-08-20,61.05,0.05,38.9,4769,5925208,63.72,2828,5475657,58.88,60454,1334230,14.35,0,0,0
2021-08-21,61.06,0.05,38.89,3499,5928707,63.75,1580,5477237,58.9,50727,1384957,14.89,0,0,0
2021-08-22,61.12,0.04,38.84,9822,5938529,63.86,4808,5482045,58.95,105114,1490071,16.02,0,0,0
2021-08-23,61.17,0.04,38.79,10922,5949451,63.98,4448,5486493,59,94036,1584107,17.03,0,0,0
2021-08-24,61.23,0.04,38.73,11721,5961172,64.1,4701,5491194,59.05,98563,1682670,18.09,0,0,0
2021-08-25,61.29,0.04,38.67,9613,5970785,64.21,4484,5495678,59.1,99559,1782229,19.17,0,0,0
2021-08-26,61.36,0.03,38.61,10114,5980899,64.32,5059,5500737,59.15,101234,1883463,20.25,0,0,0
2021-08-27,61.35,0.04,38.61,4325,5985224,64.36,2790,5503527,59.18,56695,1940158,20.86,0,0,0
2021-08-28,61.4,0.04,38.57,3704,5988928,64.4,1500,5505027,59.2,33542,1973700,21.22,0,0,0
2021-08-29,61.46,0.03,38.5,10323,5999251,64.51,5933,5510960,59.26,79552,2053252,22.08,0,0,0
2021-08-30,61.53,0.03,38.44,12332,6011583,64.65,7017,5517977,59.34,116011,2169263,23.33,0,0,0
2021-08-31,61.6,0.03,38.37,12076,6023659,64.78,6529,5524506,59.41,114885,2284148,24.56,0,0,0
2021-09-01,61.43,0.03,38.54,9036,6032695,64.87,6043,5530549,59.47,112496,2396644,25.77,0,0,0
2021-09-02,61.49,0.03,38.48,8785,6041480,64.97,7186,5537735,59.55,111549,2508193,26.97,0,0,0
2021-09-03,61.56,0.03,38.42,3751,6045231,65.01,4118,5541853,59.59,58886,2567079,27.61,0,0,0
2021-09-04,61.59,0.03,38.38,2692,6047923,65.04,2023,5543876,59.62,29954,2597033,27.93,0,0,0
2021-09-05,61.68,0.03,38.29,6991,6054914,65.11,6460,5550336,59.69,73328,2670361,28.72,0,0,0
2021-09-06,61.77,0.03,38.2,2836,6057750,65.14,2718,5553054,59.71,22800,2693161,28.96,0,0,0
2021-09-07,61.85,0.03,38.12,1202,6058952,65.16,880,5553934,59.72,5398,2698559,29.02,0,0,0
2021-09-08,61.93,0.03,38.05,1380,6060332,65.17,1196,5555130,59.74,6621,2705180,29.09,0,0,0
2021-09-09,62.02,0.03,37.95,7094,6067426,65.25,12574,5567704,59.87,73847,2779027,29.88,0,0,0
2021-09-10,62.06,0.03,37.91,3258,6070684,65.28,5016,5572720,59.93,37938,2816965,30.29,0,0,0
2021-09-11,62.08,0.03,37.89,2109,6072793,65.3,2509,5575229,59.95,14817,2831782,30.45,0,0,0
2021-09-12,62.16,0.03,37.81,6105,6078898,65.37,8589,5583818,60.05,54138,2885920,31.03,0,0,0
2021-09-13,62.15,0.03,37.82,5611,6084509,65.43,8264,5592082,60.13,47984,2933904,31.55,0,0,0
2021-09-14,62.2,0.03,37.77,4964,6089473,65.48,7424,5599506,60.21,48856,2982760,32.08,0,0,0
2021-09-15,62.25,0.03,37.72,1751,6091224,65.5,2719,5602225,60.24,16687,2999447,32.25,0,0,0
2021-09-16,62.37,0.03,37.6,343,6091567,65.51,550,5602775,60.25,1740,3001187,32.27,0,0,0
2021-09-17,62.42,0.03,37.54,3683,6095250,65.55,7022,5609797,60.32,42908,3044095,32.73,0,0,0
2021-09-18,62.45,0.03,37.52,2258,6097508,65.57,2946,5612743,60.36,12784,3056879,32.87,0,0,0
2021-09-19,62.55,0.03,37.42,5943,6103451,65.63,10712,5623455,60.47,44331,3101210,33.35,0,0,0
2021-09-20,62.63,0.03,37.34,3246,6106697,65.67,4646,5628101,60.52,16708,3117918,33.53,0,0,0
2021-09-21,62.69,0.03,37.28,1340,6108037,65.68,2068,5630169,60.54,3477,3121395,33.57,0,0,0
2021-09-22,62.72,0.03,37.25,4260,6112297,65.73,7250,5637419,60.62,25072,3146467,33.84,0,0,0
2021-09-23,62.75,0.03,37.22,4391,6116688,65.78,5918,5643337,60.69,27834,3174301,34.13,0,0,0
2021-09-24,62.82,0.03,37.15,3203,6119891,65.81,4185,5647522,60.73,27725,3202026,34.43,0,0,0
2021-09-25,62.85,0.03,37.12,2080,6121971,65.83,2264,5649786,60.76,10443,3212469,34.55,0,0,0
2021-09-26,62.96,0.03,37,5605,6127576,65.89,5973,5655759,60.82,36271,3248740,34.94,0,0,0
2021-09-27,63.02,0.03,36.94,4696,6132272,65.94,4469,5660228,60.87,30457,3279197,35.26,0,0,0
2021-09-28,63.06,0.04,36.91,1473,6133745,65.96,1187,5661415,60.88,6250,3285447,35.33,0,0,0
2021-09-29,63.13,0.03,36.84,9621,6143366,66.06,8350,5669765,60.97,60325,3345772,35.98,0,0,0
2021-09-30,63.18,0.03,36.79,10978,6154344,66.18,8581,5678346,61.06,79704,3425476,36.84,0,0,0
2021-10-01,63.23,0.03,36.73,5128,6159472,66.24,3876,5682222,61.1,46546,3472022,37.34,0,0,0
2021-10-02,63.26,0.03,36.71,2865,6162337,66.27,2128,5684350,61.13,22433,3494455,37.58,0,0,0
2021-10-03,63.35,0.03,36.62,11668,6174005,66.39,7275,5691625,61.2,70726,3565181,38.34,0,0,0
2021-10-04,63.4,0.03,36.57,10321,6184326,66.5,6759,5698384,61.28,51913,3617094,38.9,0,0,0
2021-10-05,63.41,0.03,36.55,8461,6192787,66.59,5315,5703699,61.33,40481,3657575,39.33,0,0,0
2021-10-06,63.52,0.03,36.45,7543,6200330,66.68,4185,5707884,61.38,34151,3691726,39.7,0,0,0
2021-10-07,63.63,0.03,36.34,6895,6207225,66.75,4011,5711895,61.42,34074,3725800,40.07,0,0,0
2021-10-08,63.68,0.03,36.29,3086,6210311,66.78,2644,5714539,61.45,19250,3745050,40.27,0,0,0
2021-10-09,63.71,0.03,36.26,1341,6211652,66.8,1444,5715983,61.47,7441,3752491,40.35,0,0,0
2021-10-10,63.82,0.04,36.14,4677,6216329,66.85,3747,5719730,61.51,21519,3774010,40.58,0,0,0
2021-10-11,63.91,0.04,36.05,4299,6220628,66.89,2946,5722676,61.54,17270,3791280,40.77,0,0,0
2021-10-12,63.99,0.05,35.96,3977,6224605,66.94,3007,5725683,61.57,15357,3806637,40.93,0,0,0
2021-10-13,64.09,0.05,35.86,3487,6228092,66.97,2451,5728134,61.6,13587,3820224,41.08,0,0,0
2021-10-14,64.19,0.06,35.75,3870,6231962,67.02,2686,5730820,61.63,16569,3836793,41.26,0,0,0
2021-10-15,64.23,0.07,35.7,1705,6233667,67.03,1686,5732506,61.64,9012,3845805,41.36,0,0,0
2021-10-16,64.25,0.08,35.67,729,6234396,67.04,958,5733464,61.65,4036,3849841,41.4,0,0,0
2021-10-17,64.36,0.09,35.56,3090,6237486,67.07,2526,5735990,61.68,12799,3862640,41.54,0,0,0
2021-10-18,64.43,0.1,35.47,2459,6239945,67.1,1694,5737684,61.7,10069,3872709,41.65,0,0,0
2021-10-19,64.49,0.1,35.4,2399,6242344,67.13,1284,5738968,61.71,9295,3882004,41.75,0,0,0
2021-10-20,64.14,0.52,35.34,2438,6244782,67.15,2304,5741272,61.74,10104,3892108,41.85,0,0,0
2021-10-21,54.23,10.41,35.36,3033,6247815,67.19,3098,5744370,61.77,12165,3904273,41.98,0,0,0
2021-10-22,54.36,10.26,35.38,1279,6249094,67.2,1439,5745809,61.79,5842,3910115,42.05,0,0,0
2021-10-23,54.42,10.19,35.39,575,6249669,67.21,1266,5747075,61.8,2565,3912680,42.08,0,0,0
2021-10-24,54.22,10.43,35.35,2518,6252187,67.23,2653,5749728,61.83,9857,3922537,42.18,0,0,0
2021-10-25,54.59,10.22,35.19,2640,6254827,67.26,2753,5752481,61.86,8511,3931048,42.27,0,0,0
2021-10-26,54.64,10.26,35.1,2381,6257208,67.29,2058,5754539,61.88,8531,3939579,42.36,0,0,0
2021-10-27,54.58,10.37,35.06,2292,6259500,67.31,2566,5757105,61.91,7959,3947538,42.45,0,0,0
2021-10-28,54.69,10.76,34.55,2508,6262008,67.34,2782,5759887,61.94,8677,3956215,42.54,0,0,0
2021-10-29,54.73,10.75,34.52,904,6262912,67.35,1154,5761041,61.95,4138,3960353,42.59,0,0,0
2021-10-30,54.68,10.81,34.52,366,6263278,67.35,530,5761571,61.96,1712,3962065,42.61,0,0,0
2021-10-31,54.83,10.7,34.47,2262,6265540,67.38,2495,5764066,61.98,8255,3970320,42.69,0,0,0
2021-11-01,54.95,10.63,34.42,1737,6267277,67.4,2094,5766160,62.01,6481,3976801,42.76,0,0,0
2021-11-02,54.89,10.69,34.42,2026,6269303,67.42,2050,5768210,62.03,6296,3983097,42.83,0,0,0
2021-11-03,54.86,10.75,34.39,1765,6271068,67.44,1897,5770107,62.05,5556,3988653,42.89,0,0,0
2021-11-04,54.85,10.81,34.33,2111,6273179,67.46,2802,5772909,62.08,7135,3995788,42.97,0,0,0
2021-11-05,54.85,10.83,34.32,793,6273972,67.47,907,5773816,62.09,3488,3999276,43.01,0,0,0
2021-11-06,54.82,10.86,34.32,347,6274319,67.47,389,5774205,62.09,1375,4000651,43.02,0,0,0
2021-11-07,54.92,10.8,34.28,1578,6275897,67.49,1770,5775975,62.11,6133,4006784,43.09,0,0,0
2021-11-08,55.01,10.75,34.24,1521,6277418,67.5,1603,5777578,62.13,5406,4012190,43.15,0,0,0
2021-11-09,55.05,10.74,34.21,1429,6278847,67.52,1612,5779190,62.15,5333,4017523,43.2,0,0,0
2021-11-10,55.08,10.73,34.19,1424,6280271,67.53,1662,5780852,62.16,4779,4022302,43.25,0,0,0
2021-11-11,55.15,10.69,34.15,1628,6281899,67.55,1948,5782800,62.19,5720,4028022,43.32,0,0,0
2021-11-12,55.17,10.69,34.14,637,6282536,67.56,826,5783626,62.19,2926,4030948,43.35,0,0,0
2021-11-13,55.14,10.72,34.14,259,6282795,67.56,291,5783917,62.2,1131,4032079,43.36,0,0,0
2021-11-14,55.21,10.68,34.11,1536,6284331,67.58,1639,5785556,62.21,5111,4037190,43.41,0,0,0
2021-11-15,55.28,10.63,34.09,1275,6285606,67.59,1628,5787184,62.23,4770,4041960,43.47,0,0,0
2021-11-16,55.32,10.62,34.07,1275,6286881,67.61,1419,5788603,62.25,4349,4046309,43.51,0,0,0
2021-11-17,55.35,10.6,34.05,1208,6288089,67.62,1567,5790170,62.26,3915,4050224,43.55,0,0,0
2021-11-18,55.41,10.58,34.02,1364,6289453,67.63,1693,5791863,62.28,5014,4055238,43.61,0,0,0
2021-11-19,55.42,10.57,34.01,590,6290043,67.64,765,5792628,62.29,2460,4057698,43.63,0,0,0
2021-11-20,55.41,10.58,34,238,6290281,67.64,258,5792886,62.29,930,4058628,43.64,0,0,0
2021-11-21,55.47,10.54,33.98,1409,6291690,67.66,1542,5794428,62.31,4881,4063509,43.7,0,0,0
2021-11-22,55.54,10.5,33.96,1681,6293371,67.68,1523,5795951,62.33,4238,4067747,43.74,0,0,0
2021-11-23,55.57,10.48,33.95,8616,6301987,67.77,1688,5797639,62.34,4012,4071759,43.79,0,0,0
2021-11-24,55.6,10.44,33.95,9348,6311335,67.87,1319,5798958,62.36,3925,4075684,43.83,0,0,0
2021-11-25,55.64,10.43,33.93,9809,6321144,67.97,1600,5800558,62.38,4841,4080525,43.88,0,0,0
2021-11-26,55.63,10.45,33.92,5610,6326754,68.03,753,5801311,62.38,2807,4083332,43.91,0,0,0
2021-11-27,55.62,10.46,33.92,4776,6331530,68.09,324,5801635,62.39,1164,4084496,43.92,0,0,0
2021-11-28,55.67,10.43,33.9,10148,6341678,68.2,1481,5803116,62.4,4907,4089403,43.98,0,0,0
2021-11-29,55.73,10.39,33.88,9043,6350721,68.29,1135,5804251,62.42,4378,4093781,44.02,0,0,0
2021-11-30,55.77,10.37,33.86,10043,6360764,68.4,1039,5805290,62.43,4085,4097866,44.07,0,0,0
2021-12-01,55.79,10.36,33.84,8629,6369393,68.49,1098,5806388,62.44,4445,4102311,44.11,5,5,0
2021-12-02,55.84,10.34,33.82,9174,6378567,68.59,1457,5807845,62.45,5126,4107437,44.17,6,11,0
2021-12-03,55.86,10.33,33.81,6329,6384896,68.66,673,5808518,62.46,2868,4110305,44.2,1,12,0
2021-12-04,55.85,10.34,33.81,2509,6387405,68.69,239,5808757,62.46,926,4111231,44.21,3,15,0
2021-12-05,55.9,10.31,33.79,8334,6395739,68.78,1254,5810011,62.48,4683,4115914,44.26,1,16,0
2021-12-06,55.95,10.27,33.78,6720,6402459,68.85,1200,5811211,62.49,4351,4120265,44.31,4,20,0
2021-12-07,55.99,10.25,33.76,5553,6408012,68.91,1506,5812717,62.51,3966,4124231,44.35,9,29,0
2021-12-08,56.03,10.22,33.75,4934,6412946,68.96,1201,5813918,62.52,3885,4128116,44.39,10,39,0
2021-12-09,56.08,10.19,33.73,6239,6419185,69.03,1241,5815159,62.53,4508,4132624,44.44,8,47,0
2021-12-10,56.1,10.18,33.72,3006,6422191,69.06,704,5815863,62.54,2687,4135311,44.47,4,51,0
2021-12-11,56.1,10.18,33.71,1491,6423682,69.08,255,5816118,62.54,1022,4136333,44.48,0,51,0
2021-12-12,56.16,10.15,33.69,7273,6430955,69.16,1445,5817563,62.56,5249,4141582,44.54,3,54,0
2021-12-13,56.21,10.11,33.67,6180,6437135,69.22,1377,5818940,62.57,4351,4145933,44.58,5,59,0
2021-12-14,56.27,10.09,33.65,7316,6444451,69.3,6098,5825038,62.64,4941,4150874,44.64,12,71,0
2021-12-15,56.34,10.06,33.6,7204,6451655,69.38,7404,5832442,62.72,5446,4156320,44.7,7,78,0
2021-12-16,56.53,10.05,33.42,8079,6459734,69.46,8611,5841053,62.81,6565,4162885,44.77,8,86,0
2021-12-17,56.64,10.05,33.3,4406,6464140,69.51,5141,5846194,62.87,3955,4166840,44.81,3,89,0
2021-12-18,56.73,10.07,33.2,3941,6468081,69.55,2913,5849107,62.9,1361,4168201,44.82,2,91,0
2021-12-19,56.92,10.04,33.04,6978,6475059,69.63,9328,5858435,63,6276,4174477,44.89,6,97,0
2021-12-20,57.07,10.02,32.91,7971,6483030,69.72,7520,5865955,63.08,5447,4179924,44.95,9,106,0
2021-12-21,57.27,10.01,32.71,9548,6492578,69.82,8647,5874602,63.17,6493,4186417,45.02,8,114,0
2021-12-22,57.49,10,32.52,9663,6502241,69.92,8152,5882754,63.26,6258,4192675,45.09,12,126,0
2021-12-23,57.7,9.97,32.33,11539,6513780,70.05,10262,5893016,63.37,8161,4200836,45.17,16,142,0
2021-12-24,57.83,9.96,32.21,5875,6519655,70.11,6241,5899257,63.44,5281,4206117,45.23,12,154,0
2021-12-25,57.9,9.96,32.15,3338,6522993,70.14,2566,5901823,63.47,2022,4208139,45.25,6,160,0
2021-12-26,58.1,9.92,31.98,10652,6533645,70.26,8909,5910732,63.56,8202,4216341,45.34,8,168,0
2021-12-27,58.27,9.9,31.83,10370,6544015,70.37,7142,5917874,63.64,8188,4224529,45.43,26,194,0
2021-12-28,58.46,9.88,31.66,11375,6555390,70.49,7451,5925325,63.72,9643,4234172,45.53,34,228,0
2021-12-29,58.64,9.85,31.51,9933,6565323,70.6,5964,5931289,63.78,8376,4242548,45.62,21,249,0
2021-12-30,58.84,9.82,31.34,11012,6576335,70.72,7735,5939024,63.87,12240,4254788,45.75,10,259,0
2021-12-31,58.9,9.79,31.3,4829,6581164,70.77,3671,5942695,63.9,7297,4262085,45.83,135,394,0
2022-01-01,58.93,9.79,31.28,1993,6583157,70.79,1592,5944287,63.92,2741,4264826,45.86,66,460,0
2022-01-02,59.14,9.76,31.1,10216,6593373,70.9,6487,5950774,63.99,13002,4277828,46,590,1050,0.01
2022-01-03,59.29,9.71,31,9384,6602757,71,5259,5956033,64.05,11343,4289171,46.12,25055,26105,0.28
2022-01-04,59.46,9.68,30.86,8963,6611720,71.1,5947,5961980,64.11,10525,4299696,46.24,50665,76770,0.83
2022-01-05,59.56,9.65,30.79,8554,6620274,71.19,5740,5967720,64.17,10492,4310188,46.35,59597,136367,1.47
2022-01-06,59.81,9.63,30.56,10339,6630613,71.3,7958,5975678,64.26,13532,4323720,46.5,64006,200373,2.15
2022-01-07,59.89,9.61,30.49,4759,6635372,71.35,4557,5980235,64.31,8167,4331887,46.58,31136,231509,2.49
2022-01-08,59.9,9.64,30.46,2749,6638121,71.38,2451,5982686,64.33,5502,4337389,46.64,27634,259143,2.79
2022-01-09,60.06,9.59,30.35,9306,6647427,71.48,7724,5990410,64.42,11871,4349260,46.77,66773,325916,3.5
2022-01-10,60.21,9.54,30.25,8347,6655774,71.57,7646,5998056,64.5,11885,4361145,46.9,64784,390700,4.2
2022-01-11,60.38,9.49,30.13,8097,6663871,71.66,8622,6006678,64.59,11974,4373119,47.03,56662,447362,4.81
2022-01-12,60.51,9.45,30.04,7275,6671146,71.74,8305,6014983,64.68,11114,4384233,47.15,44633,491995,5.29
2022-01-13,60.7,9.35,29.94,7509,6678655,71.82,9617,6024600,64.79,11549,4395782,47.27,34769,526764,5.66
2022-01-14,60.79,9.31,29.9,2555,6681210,71.85,4935,6029535,64.84,6147,4401929,47.34,11146,537910,5.78
2022-01-15,60.83,9.29,29.87,1469,6682679,71.86,3170,6032705,64.87,3885,4405814,47.38,5716,543626,5.85
2022-01-16,60.97,9.2,29.82,3817,6686496,71.9,8524,6041229,64.96,7682,4413496,47.46,19993,563619,6.06
2022-01-17,61.09,9.13,29.78,2808,6689304,71.93,7047,6048276,65.04,6173,4419669,47.53,17835,581454,6.25
2022-01-18,61.23,9.07,29.7,2475,6691779,71.96,7386,6055662,65.12,5535,4425204,47.59,14819,596273,6.41
2022-01-19,61.37,8.98,29.65,1915,6693694,71.98,6368,6062030,65.19,4523,4429727,47.64,8462,604735,6.5
2022-01-20,61.44,8.85,29.71,1777,6695471,72,6971,6069001,65.26,4792,4434519,47.69,8042,612777,6.59
2022-01-21,61.51,8.81,29.68,905,6696376,72.01,3725,6072726,65.3,2646,4437165,47.72,3358,616135,6.63
2022-01-22,61.51,8.75,29.74,327,6696703,72.01,1462,6074188,65.32,1069,4438234,47.73,1114,617249,6.64
2022-01-23,61.61,8.7,29.69,1068,6697771,72.02,5632,6079820,65.38,2879,4441113,47.76,6083,623332,6.7
2022-01-24,61.73,8.62,29.65,759,6698530,72.03,4481,6084301,65.43,2271,4443384,47.78,5057,628389,6.76
2022-01-25,61.9,8.51,29.59,743,6699273,72.04,4401,6088702,65.47,2187,4445571,47.81,7103,635492,6.83
2022-01-26,62.02,8.42,29.57,615,6699888,72.05,3286,6091988,65.51,1612,4447183,47.82,4263,639755,6.88
2022-01-27,62.12,8.35,29.52,797,6700685,72.06,4405,6096393,65.56,2007,4449190,47.84,5441,645196,6.94
2022-01-28,62.16,8.33,29.5,397,6701082,72.06,2377,6098770,65.58,1182,4450372,47.86,3452,648648,6.98
2022-01-29,62.23,8.29,29.48,124,6701206,72.06,1046,6099816,65.59,425,4450797,47.86,1162,649810,6.99
2022-01-30,62.3,8.24,29.46,769,6701975,72.07,4719,6104535,65.65,2020,4452817,47.88,8099,657909,7.07
2022-01-31,62.39,8.17,29.43,528,6702503,72.08,3183,6107718,65.68,1610,4454427,47.9,6472,664381,7.14
2022-02-01,62.45,8.15,29.4,482,6702985,72.08,2810,6110528,65.71,1526,4455953,47.92,5722,670103,7.21
2022-02-02,62.28,8.13,29.59,375,6703360,72.08,2394,6112922,65.74,1386,4457339,47.93,5074,675177,7.26
2022-02-03,62.34,8.08,29.57,446,6703806,72.09,2776,6115698,65.77,1462,4458801,47.95,5607,680784,7.32
2022-02-04,62.37,8.06,29.57,174,6703980,72.09,991,6116689,65.78,758,4459559,47.96,2455,683239,7.35
2022-02-05,62.34,8.09,29.56,62,6704042,72.09,342,6117031,65.78,221,4459780,47.96,420,683659,7.35
2022-02-06,62.41,8.05,29.55,407,6704449,72.1,2321,6119352,65.8,1344,4461124,47.97,5687,689346,7.41
2022-02-07,62.47,8.01,29.52,283,6704732,72.1,1308,6120660,65.82,984,4462108,47.98,5961,695307,7.48
2022-02-08,62.54,7.97,29.49,317,6705049,72.1,1498,6122158,65.83,1068,4463176,47.99,6138,701445,7.54
2022-02-09,62.6,7.95,29.45,254,6705303,72.11,1102,6123260,65.85,946,4464122,48,4571,706016,7.59
2022-02-10,62.63,7.93,29.44,273,6705576,72.11,1292,6124552,65.86,936,4465058,48.02,4816,710832,7.64
2022-02-11,62.67,7.91,29.42,212,6705788,72.11,557,6125109,65.87,519,4465577,48.02,2540,713372,7.67
2022-02-12,62.67,7.91,29.41,32,6705820,72.11,91,6125200,65.87,137,4465714,48.02,269,713641,7.67
2022-02-13,62.73,7.87,29.39,286,6706106,72.11,946,6126146,65.88,967,4466681,48.03,4998,718639,7.73
2022-02-14,62.89,7.74,29.36,179,6706285,72.12,628,6126774,65.88,761,4467442,48.04,3143,721782,7.76
2022-02-15,62.92,7.73,29.35,266,6706551,72.12,763,6127537,65.89,938,4468380,48.05,3819,725601,7.8
2022-02-16,62.95,7.72,29.34,179,6706730,72.12,577,6128114,65.9,803,4469183,48.06,2488,728089,7.83
2022-02-17,62.96,7.7,29.34,247,6706977,72.12,740,6128854,65.91,775,4469958,48.07,3061,731150,7.86
2022-02-18,62.98,7.69,29.33,130,6707107,72.12,343,6129197,65.91,441,4470399,48.07,1119,732269,7.87
2022-02-19,62.99,7.69,29.32,33,6707140,72.13,84,6129281,65.91,82,4470481,48.07,80,732349,7.88
2022-02-20,63.01,7.67,29.32,204,6707344,72.13,604,6129885,65.92,723,4471204,48.08,2574,734923,7.9
2022-02-21,63.04,7.65,29.31,173,6707517,72.13,415,6130300,65.92,490,4471694,48.09,1542,736465,7.92
2022-02-22,63.05,7.65,29.3,158,6707675,72.13,455,6130755,65.93,570,4472264,48.09,1871,738336,7.94
2022-02-23,63.06,7.65,29.29,109,6707784,72.13,353,6131108,65.93,453,4472717,48.1,1153,739489,7.95
2022-02-24,63.05,7.66,29.29,138,6707922,72.13,463,6131571,65.94,568,4473285,48.1,1493,740982,7.97
2022-02-25,63.06,7.66,29.28,59,6707981,72.13,144,6131715,65.94,193,4473478,48.11,456,741438,7.97
2022-02-26,63.05,7.67,29.28,17,6707998,72.13,28,6131743,65.94,161,4473639,48.11,35,741473,7.97
2022-02-27,63.05,7.67,29.28,112,6708110,72.14,341,6132084,65.94,448,4474087,48.11,1119,742592,7.99
2022-02-28,63.07,7.65,29.28,108,6708218,72.14,271,6132355,65.94,426,4474513,48.12,908,743500,8
2022-03-01,63.1,7.63,29.27,97,6708315,72.14,281,6132636,65.95,373,4474886,48.12,797,744297,8
2022-03-02,63.11,7.62,29.27,77,6708392,72.14,199,6132835,65.95,324,4475210,48.12,698,744995,8.01
2022-03-03,63.05,7.67,29.27,157,6708549,72.14,371,6133206,65.95,499,4475709,48.13,987,745982,8.02
2022-03-04,63.05,7.68,29.27,54,6708603,72.14,170,6133376,65.96,170,4475879,48.13,228,746210,8.02
2022-03-05,63.04,7.69,29.27,5,6708608,72.14,25,6133401,65.96,44,4475923,48.13,32,746242,8.02
2022-03-06,63.04,7.69,29.27,98,6708706,72.14,259,6133660,65.96,417,4476340,48.14,760,747002,8.03
2022-03-07,63.05,7.69,29.26,88,6708794,72.14,260,6133920,65.96,354,4476694,48.14,605,747607,8.04
2022-03-08,63.04,7.7,29.26,100,6708894,72.14,263,6134183,65.96,333,4477027,48.14,550,748157,8.05
2022-03-09,63.02,7.72,29.25,89,6708983,72.15,213,6134396,65.97,337,4477364,48.15,492,748649,8.05
2022-03-10,63.01,7.74,29.25,115,6709098,72.15,375,6134771,65.97,428,4477792,48.15,620,749269,8.06
2022-03-11,63,7.75,29.25,24,6709122,72.15,85,6134856,65.97,123,4477915,48.15,144,749413,8.06
2022-03-12,62.98,7.77,29.24,11,6709133,72.15,12,6134868,65.97,34,4477949,48.15,28,749441,8.06
2022-03-13,62.98,7.78,29.24,100,6709233,72.15,271,6135139,65.97,359,4478308,48.16,595,750036,8.07
2022-03-14,62.98,7.78,29.24,66,6709299,72.15,253,6135392,65.98,316,4478624,48.16,559,750595,8.07
2022-03-15,62.95,7.81,29.24,80,6709379,72.15,185,6135577,65.98,293,4478917,48.16,591,751186,8.08
2022-03-16,62.94,7.82,29.24,77,6709456,72.15,205,6135782,65.98,305,4479222,48.17,668,751854,8.09
2022-03-17,62.94,7.82,29.24,65,6709521,72.15,122,6135904,65.98,286,4479508,48.17,613,752467,8.09
2022-03-18,62.94,7.82,29.24,20,6709541,72.15,54,6135958,65.98,100,4479608,48.17,234,752701,8.09
2022-03-19,62.89,7.88,29.23,6,6709547,72.15,11,6135969,65.98,29,4479637,48.17,39,752740,8.09
2022-03-20,62.87,7.89,29.23,120,6709667,72.15,260,6136229,65.99,486,4480123,48.18,1431,754171,8.11
2022-03-21,62.87,7.9,29.23,97,6709764,72.15,249,6136478,65.99,379,4480502,48.18,1132,755303,8.12
2022-03-22,62.84,7.94,29.23,141,6709905,72.16,342,6136820,65.99,508,4481010,48.19,1770,757073,8.14
2022-03-23,62.81,7.97,29.22,108,6710013,72.16,212,6137032,65.99,463,4481473,48.19,1677,758750,8.16
2022-03-24,62.78,8,29.22,175,6710188,72.16,345,6137377,66,769,4482242,48.2,2363,761113,8.18
2022-03-25,62.78,8,29.23,39,6710227,72.16,83,6137460,66,159,4482401,48.2,630,761743,8.19
2022-03-26,62.77,8,29.22,12,6710239,72.16,13,6137473,66,34,4482435,48.2,91,761834,8.19
2022-03-27,62.75,8.02,29.22,168,6710407,72.16,344,6137817,66,760,4483195,48.21,3193,765027,8.23
2022-03-28,62.75,8.03,29.22,113,6710520,72.16,272,6138089,66.01,623,4483818,48.22,2416,767443,8.25
2022-03-29,62.7,8.07,29.22,125,6710645,72.16,260,6138349,66.01,641,4484459,48.22,2772,770215,8.28
2022-03-30,62.81,8.11,29.07,132,6710777,72.16,208,6138557,66.01,542,4485001,48.23,2371,772586,8.31
2022-03-31,62.79,8.11,29.1,166,6710943,72.17,302,6138859,66.01,732,4485733,48.24,2854,775440,8.34
2022-04-01,62.72,8.13,29.15,122,6711065,72.17,161,6139020,66.02,277,4486010,48.24,589,776029,8.35
2022-04-02,62.69,8.15,29.16,7,6711072,72.17,7,6139027,66.02,37,4486047,48.24,52,776081,8.35
2022-04-03,62.65,8.16,29.19,159,6711231,72.17,270,6139297,66.02,569,4486616,48.25,2478,778559,8.37
2022-04-04,62.62,8.16,29.22,103,6711334,72.17,208,6139505,66.02,485,4487101,48.25,2225,780784,8.4
2022-04-05,62.57,8.19,29.25,123,6711457,72.17,221,6139726,66.02,513,4487614,48.26,2243,783027,8.42
2022-04-06,62.55,8.2,29.25,91,6711548,72.17,157,6139883,66.03,382,4487996,48.26,2023,785050,8.44
2022-04-07,62.56,8.2,29.24,191,6711739,72.17,215,6140098,66.03,641,4488637,48.27,2556,787606,8.47
2022-04-08,62.54,8.22,29.23,30,6711769,72.18,61,6140159,66.03,154,4488791,48.27,482,788088,8.47
2022-04-09,62.52,8.25,29.23,6,6711775,72.18,17,6140176,66.03,28,4488819,48.27,47,788135,8.48
2022-04-10,62.51,8.26,29.23,103,6711878,72.18,265,6140441,66.03,429,4489248,48.28,1845,789980,8.5
2022-04-11,62.54,8.26,29.2,78,6711956,72.18,201,6140642,66.03,371,4489619,48.28,1425,791405,8.51
2022-04-12,62.58,8.29,29.12,204,6712160,72.18,168,6140810,66.04,376,4489995,48.28,1361,792766,8.53
2022-04-13,62.58,8.31,29.1,117,6712277,72.18,150,6140960,66.04,299,4490294,48.29,1218,793984,8.54
2022-04-14,62.57,8.33,29.1,85,6712362,72.18,222,6141182,66.04,321,4490615,48.29,1069,795053,8.55
2022-04-15,62.55,8.35,29.1,10,6712372,72.18,51,6141233,66.04,48,4490663,48.29,82,795135,8.55
2022-04-16,62.53,8.37,29.1,3,6712375,72.18,8,6141241,66.04,21,4490684,48.29,29,795164,8.55
2022-04-17,62.52,8.38,29.1,62,6712437,72.18,131,6141372,66.04,229,4490913,48.29,807,795971,8.56
2022-04-18,62.51,8.38,29.1,68,6712505,72.18,109,6141481,66.04,253,4491166,48.3,750,796721,8.57
2022-04-19,62.5,8.4,29.1,62,6712567,72.18,145,6141626,66.04,273,4491439,48.3,842,797563,8.58
2022-04-20,62.48,8.42,29.1,60,6712627,72.18,117,6141743,66.05,235,4491674,48.3,656,798219,8.58
2022-04-21,62.47,8.43,29.1,53,6712680,72.18,109,6141852,66.05,197,4491871,48.3,480,798699,8.59
2022-04-22,62.45,8.44,29.11,3,6712683,72.18,17,6141869,66.05,19,4491890,48.3,20,798719,8.59
2022-04-23,62.43,8.46,29.11,6,6712689,72.18,9,6141878,66.05,17,4491907,48.3,13,798732,8.59
2022-04-24,62.43,8.47,29.1,92,6712781,72.19,250,6142128,66.05,329,4492236,48.31,872,799604,8.6
2022-04-25,62.43,8.47,29.1,104,6712885,72.19,193,6142321,66.05,316,4492552,48.31,739,800343,8.61
2022-04-26,62.42,8.48,29.1,76,6712961,72.19,175,6142496,66.05,304,4492856,48.31,789,801132,8.62
2022-04-27,62.41,8.49,29.1,54,6713015,72.19,160,6142656,66.06,227,4493083,48.32,640,801772,8.62
2022-04-28,62.41,8.5,29.1,97,6713112,72.19,232,6142888,66.06,329,4493412,48.32,872,802644,8.63
2022-04-29,62.39,8.51,29.1,112,6713224,72.19,159,6143047,66.06,184,4493596,48.32,196,802840,8.63
2022-04-30,62.38,8.52,29.1,1,6713225,72.19,3,6143050,66.06,24,4493620,48.32,22,802862,8.63
2022-05-01,62.38,8.53,29.09,135,6713360,72.19,185,6143235,66.06,317,4493937,48.33,630,803492,8.64
2022-05-02,62.37,8.54,29.09,62,6713422,72.19,155,6143390,66.06,235,4494172,48.33,491,803983,8.65
2022-05-03,62.36,8.55,29.09,73,6713495,72.19,151,6143541,66.06,288,4494460,48.33,508,804491,8.65
2022-05-04,62.35,8.57,29.08,23,6713518,72.19,56,6143597,66.07,63,4494523,48.33,129,804620,8.65
2022-05-05,62.34,8.58,29.08,5,6713523,72.19,1,6143598,66.07,8,4494531,48.33,14,804634,8.65
2022-05-06,62.33,8.59,29.08,20,6713543,72.19,59,6143657,66.07,63,4494594,48.33,154,804788,8.65
2022-05-07,62.32,8.6,29.08,1,6713544,72.19,7,6143664,66.07,27,4494621,48.33,24,804812,8.65
2022-05-08,62.31,8.61,29.08,118,6713662,72.2,207,6143871,66.07,270,4494891,48.34,457,805269,8.66
2022-05-09,62.31,8.61,29.08,59,6713721,72.2,162,6144033,66.07,253,4495144,48.34,505,805774,8.66
2022-05-10,62.3,8.62,29.08,131,6713852,72.2,169,6144202,66.07,261,4495405,48.34,508,806282,8.67
2022-05-11,62.3,8.63,29.08,58,6713910,72.2,118,6144320,66.07,183,4495588,48.34,464,806746,8.68
2022-05-12,62.29,8.64,29.07,119,6714029,72.2,200,6144520,66.08,282,4495870,48.35,667,807413,8.68
2022-05-13,62.28,8.65,29.07,11,6714040,72.2,44,6144564,66.08,71,4495941,48.35,110,807523,8.68
2022-05-14,62.26,8.66,29.07,6,6714046,72.2,13,6144577,66.08,14,4495955,48.35,24,807547,8.68
2022-05-15,62.26,8.67,29.07,90,6714136,72.2,175,6144752,66.08,246,4496201,48.35,665,808212,8.69
2022-05-16,62.19,8.65,29.16,68,6714204,72.2,141,6144893,66.08,230,4496431,48.35,510,808722,8.7
2022-05-17,62.18,8.66,29.16,73,6714277,72.2,153,6145046,66.08,267,4496698,48.36,618,809340,8.7
2022-05-18,62.17,8.67,29.16,43,6714320,72.2,99,6145145,66.08,169,4496867,48.36,447,809787,8.71
2022-05-19,62.16,8.68,29.16,62,6714382,72.2,173,6145318,66.08,213,4497080,48.36,499,810286,8.71
2022-05-20,62.15,8.69,29.16,76,6714458,72.2,114,6145432,66.08,130,4497210,48.36,138,810424,8.71
2022-05-21,62.14,8.7,29.16,4,6714462,72.2,7,6145439,66.09,15,4497225,48.36,18,810442,8.72
2022-05-22,62.14,8.71,29.16,85,6714547,72.2,190,6145629,66.09,216,4497441,48.36,427,810869,8.72
2022-05-23,62.14,8.71,29.16,66,6714613,72.21,120,6145749,66.09,157,4497598,48.37,351,811220,8.72
2022-05-24,62.13,8.71,29.15,43,6714656,72.21,119,6145868,66.09,157,4497755,48.37,394,811614,8.73
2022-05-25,62.12,8.72,29.15,61,6714717,72.21,103,6145971,66.09,168,4497923,48.37,337,811951,8.73
2022-05-26,62.11,8.73,29.16,72,6714789,72.21,136,6146107,66.09,186,4498109,48.37,347,812298,8.74
2022-05-27,62.1,8.74,29.16,12,6714801,72.21,30,6146137,66.09,43,4498152,48.37,59,812357,8.74
2022-05-28,62.09,8.75,29.16,2,6714803,72.21,5,6146142,66.09,8,4498160,48.37,12,812369,8.74
2022-05-29,62.09,8.75,29.16,89,6714892,72.21,153,6146295,66.09,163,4498323,48.37,316,812685,8.74
2022-05-30,62.09,8.76,29.16,56,6714948,72.21,134,6146429,66.1,126,4498449,48.37,291,812976,8.74
2022-05-31,62.07,8.78,29.15,45,6714993,72.21,104,6146533,66.1,153,4498602,48.38,351,813327,8.75
2022-06-01,61.95,8.9,29.16,65,6715058,72.21,90,6146623,66.1,119,4498721,48.38,277,813604,8.75
2022-06-02,45.96,24.88,29.15,77,6715135,72.21,156,6146779,66.1,178,4498899,48.38,255,813859,8.75
2022-06-03,45.9,24.95,29.16,10,6715145,72.21,23,6146802,66.1,21,4498920,48.38,33,813892,8.75
2022-06-04,45.84,25,29.16,0,6715145,72.21,7,6146809,66.1,8,4498928,48.38,5,813897,8.75
2022-06-05,45.8,25.05,29.16,11,6715156,72.21,14,6146823,66.1,7,4498935,48.38,2,813899,8.75
2022-06-06,39.96,30.89,29.16,58,6715214,72.21,145,6146968,66.1,161,4499096,48.38,262,814161,8.76
2022-06-07,39.92,30.93,29.15,54,6715268,72.21,134,6147102,66.1,142,4499238,48.38,379,814540,8.76
2022-06-08,39.89,30.96,29.15,59,6715327,72.21,104,6147206,66.1,131,4499369,48.38,497,815037,8.76
2022-06-09,39.86,30.99,29.15,84,6715411,72.21,208,6147414,66.11,234,4499603,48.39,642,815679,8.77
2022-06-10,39.83,31.02,29.15,15,6715426,72.21,51,6147465,66.11,60,4499663,48.39,142,815821,8.77
2022-06-11,39.8,31.05,29.15,0,6715426,72.21,3,6147468,66.11,7,4499670,48.39,19,815840,8.77
2022-06-12,39.8,31.05,29.15,109,6715535,72.22,200,6147668,66.11,192,4499862,48.39,768,816608,8.78
2022-06-13,39.81,31.04,29.15,84,6715619,72.22,142,6147810,66.11,168,4500030,48.39,626,817234,8.79
2022-06-14,39.79,31.06,29.15,116,6715735,72.22,174,6147984,66.11,208,4500238,48.39,759,817993,8.8
2022-06-15,39.78,31.08,29.15,71,6715806,72.22,141,6148125,66.11,207,4500445,48.4,700,818693,8.8
2022-06-16,39.74,31.11,29.14,94,6715900,72.22,136,6148261,66.12,218,4500663,48.4,742,819435,8.81
2022-06-17,39.72,31.14,29.15,16,6715916,72.22,63,6148324,66.12,53,4500716,48.4,125,819560,8.81
2022-06-18,39.68,31.17,29.14,3,6715919,72.22,4,6148328,66.12,11,4500727,48.4,15,819575,8.81
2022-06-19,39.53,31.33,29.15,115,6716034,72.22,208,6148536,66.12,318,4501045,48.4,877,820452,8.82
2022-06-20,33.92,36.85,29.23,99,6716133,72.22,152,6148688,66.12,307,4501352,48.41,922,821374,8.83
2022-06-21,33.58,37.19,29.23,94,6716227,72.22,154,6148842,66.12,375,4501727,48.41,1229,822603,8.85
2022-06-22,33.28,37.49,29.23,110,6716337,72.22,136,6148978,66.12,339,4502066,48.41,894,823497,8.86
2022-06-23,32.84,37.92,29.23,132,6716469,72.23,217,6149195,66.13,525,4502591,48.42,1146,824643,8.87
2022-06-24,32.43,38.34,29.24,19,6716488,72.23,35,6149230,66.13,110,4502701,48.42,208,824851,8.87
2022-06-25,32.04,38.72,29.24,1,6716489,72.23,3,6149233,66.13,13,4502714,48.42,16,824867,8.87
2022-06-26,31.63,39.13,29.24,107,6716596,72.23,158,6149391,66.13,379,4503093,48.42,933,825800,8.88
2022-06-27,31.29,39.47,29.24,86,6716682,72.23,172,6149563,66.13,392,4503485,48.43,1028,826828,8.89
2022-06-28,30.86,39.91,29.24,85,6716767,72.23,151,6149714,66.13,363,4503848,48.43,932,827760,8.9
2022-06-29,30.48,40.28,29.24,76,6716843,72.23,108,6149822,66.13,265,4504113,48.44,816,828576,8.91
2022-06-30,30.05,40.71,29.24,86,6716929,72.23,165,6149987,66.13,355,4504468,48.44,1062,829638,8.92
2022-07-01,29.62,41.14,29.24,22,6716951,72.23,28,6150015,66.13,55,4504523,48.44,80,829718,8.92
2022-07-02,29.2,41.56,29.24,1,6716952,72.23,2,6150017,66.13,8,4504531,48.44,18,829736,8.92
2022-07-03,28.81,41.95,29.24,100,6717052,72.23,178,6150195,66.14,322,4504853,48.44,636,830372,8.93
2022-07-04,28.5,42.26,29.24,76,6717128,72.23,140,6150335,66.14,278,4505131,48.45,749,831121,8.94
2022-07-05,28.06,42.7,29.24,59,6717187,72.23,142,6150477,66.14,302,4505433,48.45,688,831809,8.94
2022-07-06,27.39,43.37,29.24,78,6717265,72.23,124,6150601,66.14,211,4505644,48.45,646,832455,8.95
2022-07-07,26.48,44.28,29.24,82,6717347,72.23,165,6150766,66.14,267,4505911,48.45,721,833176,8.96
2022-07-08,25.47,45.29,29.24,17,6717364,72.24,33,6150799,66.14,69,4505980,48.46,131,833307,8.96
2022-07-09,24.42,46.34,29.24,0,6717364,72.24,1,6150800,66.14,3,4505983,48.46,3,833310,8.96
2022-07-10,23.77,46.99,29.24,90,6717454,72.24,164,6150964,66.14,229,4506212,48.46,470,833780,8.97
2022-07-11,23.22,47.54,29.24,64,6717518,72.24,142,6151106,66.15,248,4506460,48.46,575,834355,8.97
2022-07-12,22.13,48.63,29.24,69,6717587,72.24,129,6151235,66.15,207,4506667,48.46,558,834913,8.98
2022-07-13,21.1,49.66,29.24,43,6717630,72.24,101,6151336,66.15,165,4506832,48.46,488,835401,8.98
2022-07-14,20.12,50.63,29.24,70,6717700,72.24,147,6151483,66.15,208,4507040,48.47,513,835914,8.99
2022-07-15,19.27,51.48,29.25,64,6717764,72.24,88,6151571,66.15,127,4507167,48.47,168,836082,8.99
2022-07-16,18.29,52.46,29.25,0,6717764,72.24,6,6151577,66.15,7,4507174,48.47,8,836090,8.99
2022-07-17,17.83,52.92,29.25,77,6717841,72.24,183,6151760,66.15,241,4507415,48.47,468,836558,9
2022-07-18,17.48,53.26,29.26,62,6717903,72.24,158,6151918,66.15,207,4507622,48.47,511,837069,9
2022-07-19,16.77,53.97,29.26,62,6717965,72.24,147,6152065,66.16,174,4507796,48.47,368,837437,9.01
2022-07-20,16.09,54.64,29.26,51,6718016,72.24,134,6152199,66.16,137,4507933,48.48,423,837860,9.01
2022-07-21,15.43,55.3,29.27,62,6718078,72.24,160,6152359,66.16,176,4508109,48.48,341,838201,9.01
2022-07-22,14.64,56.08,29.28,10,6718088,72.24,36,6152395,66.16,43,4508152,48.48,56,838257,9.01
2022-07-23,14.17,56.55,29.28,0,6718088,72.24,4,6152399,66.16,4,4508156,48.48,9,838266,9.01
2022-07-24,13.55,57.16,29.29,58,6718146,72.24,128,6152527,66.16,197,4508353,48.48,364,838630,9.02
2022-07-25,13.09,57.61,29.3,48,6718194,72.24,107,6152634,66.16,172,4508525,48.48,336,838966,9.02
2022-07-26,12.46,58.23,29.3,47,6718241,72.24,99,6152733,66.16,111,4508636,48.48,270,839236,9.02
2022-07-27,11.89,58.8,29.31,44,6718285,72.25,125,6152858,66.16,132,4508768,48.49,243,839479,9.03
2022-07-28,11.35,59.34,29.31,62,6718347,72.25,143,6153001,66.17,148,4508916,48.49,221,839700,9.03
2022-07-29,10.85,59.83,29.32,10,6718357,72.25,25,6153026,66.17,27,4508943,48.49,31,839731,9.03
2022-07-30,10.34,60.33,29.33,0,6718357,72.25,0,6153026,66.17,1,4508944,48.49,1,839732,9.03
2022-07-31,9.97,60.7,29.33,56,6718413,72.25,134,6153160,66.17,131,4509075,48.49,252,839984,9.03
2022-08-01,9.47,61.19,29.34,54,6718467,72.25,76,6153236,66.17,92,4509167,48.49,152,840136,9.03
2022-08-02,8.92,61.73,29.35,111,6718578,72.25,119,6153355,66.17,157,4509324,48.49,264,840400,9.04
2022-08-03,8.46,62.19,29.35,76,6718654,72.25,71,6153426,66.17,92,4509416,48.49,181,840581,9.04
2022-08-04,8.04,62.61,29.36,133,6718787,72.25,133,6153559,66.17,111,4509527,48.49,246,840827,9.04
2022-08-05,7.71,62.93,29.36,31,6718818,72.25,23,6153582,66.17,13,4509540,48.49,24,840851,9.04
2022-08-06,7.32,63.32,29.36,1,6718819,72.25,2,6153584,66.17,3,4509543,48.49,5,840856,9.04
2022-08-07,6.92,63.71,29.37,89,6718908,72.25,97,6153681,66.17,69,4509612,48.49,169,841025,9.04
2022-08-08,6.74,63.89,29.37,109,6719017,72.25,92,6153773,66.17,92,4509704,48.5,172,841197,9.05
2022-08-09,6.25,64.37,29.38,96,6719113,72.25,90,6153863,66.18,99,4509803,48.5,213,841410,9.05
2022-08-10,5.91,64.71,29.38,77,6719190,72.25,60,6153923,66.18,76,4509879,48.5,115,841525,9.05
2022-08-11,5.59,65.03,29.38,54,6719244,72.26,101,6154024,66.18,91,4509970,48.5,156,841681,9.05
2022-08-12,5.35,65.27,29.38,8,6719252,72.26,12,6154036,66.18,18,4509988,48.5,29,841710,9.05
2022-08-13,5.1,65.52,29.38,0,6719252,72.26,2,6154038,66.18,2,4509990,48.5,3,841713,9.05
2022-08-14,4.87,65.75,29.39,74,6719326,72.26,75,6154113,66.18,82,4510072,48.5,150,841863,9.05
2022-08-15,4.74,65.87,29.39,69,6719395,72.26,80,6154193,66.18,92,4510164,48.5,144,842007,9.05
2022-08-16,4.46,66.15,29.39,82,6719477,72.26,84,6154277,66.18,84,4510248,48.5,187,842194,9.06
2022-08-17,4.16,66.44,29.39,46,6719523,72.26,56,6154333,66.18,36,4510284,48.5,116,842310,9.06
2022-08-18,3.98,66.63,29.39,70,6719593,72.26,93,6154426,66.18,120,4510404,48.5,173,842483,9.06
2022-08-19,3.83,66.78,29.39,79,6719672,72.26,67,6154493,66.18,56,4510460,48.5,38,842521,9.06
2022-08-20,3.67,66.94,29.39,1,6719673,72.26,1,6154494,66.18,3,4510463,48.5,3,842524,9.06
2022-08-21,3.52,67.08,29.4,52,6719725,72.26,85,6154579,66.18,84,4510547,48.5,197,842721,9.06
2022-08-22,3.44,67.16,29.4,89,6719814,72.26,74,6154653,66.18,103,4510650,48.51,144,842865,9.06
2022-08-23,3.27,67.33,29.4,72,6719886,72.26,106,6154759,66.19,84,4510734,48.51,180,843045,9.07
2022-08-24,3.15,67.46,29.4,38,6719924,72.26,80,6154839,66.19,49,4510783,48.51,133,843178,9.07
2022-08-25,3.03,67.57,29.4,53,6719977,72.26,75,6154914,66.19,98,4510881,48.51,193,843371,9.07
2022-08-26,2.94,67.66,29.4,4,6719981,72.26,15,6154929,66.19,9,4510890,48.51,14,843385,9.07
2022-08-27,2.84,67.76,29.4,0,6719981,72.26,0,6154929,66.19,0,4510890,48.51,0,843385,9.07
2022-08-28,2.75,67.85,29.4,55,6720036,72.26,80,6155009,66.19,85,4510975,48.51,102,843487,9.07
2022-08-29,2.69,67.91,29.4,48,6720084,72.26,68,6155077,66.19,89,4511064,48.51,107,843594,9.07
2022-08-30,2.6,68,29.4,85,6720169,72.27,113,6155190,66.19,85,4511149,48.51,131,843725,9.07
2022-08-31,2.53,68.07,29.4,42,6720211,72.27,89,6155279,66.19,70,4511219,48.51,96,843821,9.07
2022-09-01,2.46,68.14,29.4,29,6720240,72.27,84,6155363,66.19,58,4511277,48.51,113,843934,9.08
2022-09-02,2.4,68.2,29.4,6,6720246,72.27,20,6155383,66.19,13,4511290,48.51,10,843944,9.08
2022-09-03,2.33,68.27,29.4,2,6720248,72.27,0,6155383,66.19,3,4511293,48.51,1,843945,9.08
2022-09-04,2.27,68.32,29.4,64,6720312,72.27,133,6155516,66.19,80,4511373,48.51,121,844066,9.08
2022-09-05,2.23,68.37,29.4,44,6720356,72.27,77,6155593,66.19,58,4511431,48.51,90,844156,9.08
2022-09-06,2.17,68.42,29.4,60,6720416,72.27,104,6155697,66.2,78,4511509,48.51,130,844286,9.08
2022-09-07,2.12,68.47,29.4,28,6720444,72.27,63,6155760,66.2,53,4511562,48.52,95,844381,9.08
2022-09-08,2.07,68.53,29.4,50,6720494,72.27,103,6155863,66.2,70,4511632,48.52,77,844458,9.08
2022-09-09,2.03,68.57,29.4,10,6720504,72.27,21,6155884,66.2,16,4511648,48.52,17,844475,9.08
2022-09-10,1.97,68.62,29.4,1,6720505,72.27,0,6155884,66.2,5,4511653,48.52,2,844477,9.08
2022-09-11,1.92,68.67,29.41,39,6720544,72.27,117,6156001,66.2,78,4511731,48.52,116,844593,9.08
2022-09-12,1.88,68.71,29.41,24,6720568,72.27,72,6156073,66.2,52,4511783,48.52,68,844661,9.08
2022-09-13,1.82,68.77,29.41,44,6720612,72.27,113,6156186,66.2,54,4511837,48.52,103,844764,9.08
2022-09-14,1.78,68.82,29.41,21,6720633,72.27,64,6156250,66.2,54,4511891,48.52,62,844826,9.08
2022-09-15,1.73,68.86,29.41,32,6720665,72.27,77,6156327,66.2,63,4511954,48.52,107,844933,9.09
2022-09-16,1.7,68.89,29.41,51,6720716,72.27,52,6156379,66.2,27,4511981,48.52,28,844961,9.09
2022-09-17,1.66,68.93,29.41,3,6720719,72.27,0,6156379,66.2,1,4511982,48.52,0,844961,9.09
2022-09-18,1.63,68.96,29.41,28,6720747,72.27,66,6156445,66.2,52,4512034,48.52,115,845076,9.09
2022-09-19,1.61,68.98,29.41,28,6720775,72.27,74,6156519,66.2,44,4512078,48.52,57,845133,9.09
2022-09-20,1.56,69.03,29.41,41,6720816,72.27,93,6156612,66.21,75,4512153,48.52,102,845235,9.09
2022-09-21,1.55,69.05,29.41,22,6720838,72.27,54,6156666,66.21,29,4512182,48.52,56,845291,9.09
2022-09-22,1.52,69.07,29.4,42,6720880,72.27,56,6156722,66.21,27,4512209,48.52,41,845332,9.09
2022-09-23,1.5,69.1,29.41,7,6720887,72.27,11,6156733,66.21,4,4512213,48.52,1,845333,9.09
2022-09-24,1.47,69.13,29.41,0,6720887,72.27,0,6156733,66.21,1,4512214,48.52,0,845333,9.09
2022-09-25,1.46,69.13,29.41,5,6720892,72.27,20,6156753,66.21,10,4512224,48.52,27,845360,9.09
2022-09-26,1.46,69.13,29.41,0,6720892,72.27,5,6156758,66.21,3,4512227,48.52,2,845362,9.09
2022-09-27,1.42,69.17,29.41,2,6720894,72.27,0,6156758,66.21,3,4512230,48.52,3,845365,9.09
2022-09-28,1.39,69.21,29.41,24,6720918,72.27,36,6156794,66.21,25,4512255,48.52,17,845382,9.09
2022-09-29,1.37,69.22,29.41,32,6720950,72.27,61,6156855,66.21,13,4512268,48.52,48,845430,9.09
2022-09-30,1.35,69.24,29.41,4,6720954,72.27,12,6156867,66.21,2,4512270,48.52,0,845430,9.09
2022-10-01,1.31,69.29,29.41,0,6720954,72.27,1,6156868,66.21,1,4512271,48.52,1,845431,9.09
2022-10-02,1.31,69.29,29.41,28,6720982,72.27,51,6156919,66.21,20,4512291,48.52,73,845504,9.09
2022-10-03,1.31,69.28,29.4,23,6721005,72.27,29,6156948,66.21,13,4512304,48.52,12,845516,9.09
2022-10-04,1.27,69.32,29.4,7,6721012,72.27,11,6156959,66.21,0,4512304,48.52,2,845518,9.09
2022-10-05,1.28,69.31,29.4,1,6721013,72.27,0,6156959,66.21,0,4512304,48.52,1,845519,9.09
2022-10-06,1.31,69.28,29.4,17,6721030,72.27,43,6157002,66.21,10,4512314,48.52,20,845539,9.09
2022-10-07,1.3,69.29,29.41,3,6721033,72.27,3,6157005,66.21,4,4512318,48.52,0,845539,9.09
2022-10-08,1.26,69.33,29.41,1,6721034,72.27,1,6157006,66.21,0,4512318,48.52,1,845540,9.09
2022-10-09,1.31,69.28,29.41,7,6721041,72.27,22,6157028,66.21,6,4512324,48.52,5,845545,9.09
2022-10-10,1.38,69.22,29.4,5,6721046,72.27,2,6157030,66.21,0,4512324,48.52,0,845545,9.09
2022-10-11,1.36,69.24,29.4,12,6721058,72.27,32,6157062,66.21,1,4512325,48.52,32,845577,9.09
2022-10-12,1.34,69.26,29.4,13,6721071,72.28,24,6157086,66.21,5,4512330,48.52,4,845581,9.09
2022-10-13,1.4,69.2,29.4,17,6721088,72.28,16,6157102,66.21,5,4512335,48.52,9,845590,9.09
2022-10-14,1.4,69.2,29.4,6,6721094,72.28,7,6157109,66.21,4,4512339,48.52,3,845593,9.09
2022-10-15,1.38,69.22,29.4,0,6721094,72.28,1,6157110,66.21,0,4512339,48.52,1,845594,9.09
2022-10-16,1.39,69.2,29.4,5,6721099,72.28,13,6157123,66.21,5,4512344,48.52,8,845602,9.09
2022-10-17,1.39,69.2,29.4,1,6721100,72.28,1,6157124,66.21,4,4512348,48.52,1,845603,9.09
2022-10-18,1.43,69.17,29.4,24,6721124,72.28,31,6157155,66.21,14,4512362,48.52,16,845619,9.09
2022-10-19,1.47,69.12,29.4,18,6721142,72.28,25,6157180,66.21,7,4512369,48.52,3,845622,9.09
2022-10-20,1.5,69.1,29.4,26,6721168,72.28,44,6157224,66.21,12,4512381,48.52,4,845626,9.09
2022-10-21,1.5,69.09,29.4,4,6721172,72.28,7,6157231,66.21,2,4512383,48.52,4,845630,9.09
2022-10-22,1.49,69.1,29.4,0,6721172,72.28,0,6157231,66.21,0,4512383,48.52,0,845630,9.09
2022-10-23,1.51,69.08,29.4,15,6721187,72.28,33,6157264,66.21,18,4512401,48.52,10,845640,9.09
2022-10-24,1.51,69.08,29.41,20,6721207,72.28,16,6157280,66.21,19,4512420,48.52,9,845649,9.09
2022-10-25,1.55,69.04,29.4,18,6721225,72.28,34,6157314,66.21,23,4512443,48.52,21,845670,9.09
2022-10-26,1.61,68.99,29.4,18,6721243,72.28,25,6157339,66.21,8,4512451,48.52,10,845680,9.09
2022-10-27,1.67,68.93,29.4,17,6721260,72.28,27,6157366,66.21,14,4512465,48.52,17,845697,9.09
2022-10-28,1.67,68.93,29.4,60,6721320,72.28,51,6157417,66.21,31,4512496,48.53,18,845715,9.09
2022-10-29,1.66,68.94,29.4,0,6721320,72.28,0,6157417,66.21,0,4512496,48.53,0,845715,9.09
2022-10-30,1.71,68.89,29.4,15,6721335,72.28,23,6157440,66.21,15,4512511,48.53,9,845724,9.09
2022-10-31,1.76,68.84,29.4,17,6721352,72.28,16,6157456,66.21,8,4512519,48.53,10,845734,9.09
2022-11-01,1.82,68.78,29.4,3,6721355,72.28,1,6157457,66.21,1,4512520,48.53,0,845734,9.09
2022-11-02,1.88,68.72,29.4,14,6721369,72.28,14,6157471,66.21,7,4512527,48.53,8,845742,9.09
2022-11-03,1.96,68.64,29.4,17,6721386,72.28,18,6157489,66.21,11,4512538,48.53,8,845750,9.09
2022-11-04,1.98,68.63,29.4,4,6721390,72.28,6,6157495,66.21,1,4512539,48.53,2,845752,9.09
2022-11-05,1.97,68.63,29.4,0,6721390,72.28,0,6157495,66.21,0,4512539,48.53,0,845752,9.09
2022-11-06,2.03,68.57,29.4,27,6721417,72.28,33,6157528,66.22,11,4512550,48.53,23,845775,9.1
2022-11-07,2.1,68.51,29.4,15,6721432,72.28,11,6157539,66.22,10,4512560,48.53,54,845829,9.1
2022-11-08,2.1,68.5,29.4,28,6721460,72.28,26,6157565,66.22,14,4512574,48.53,9,845838,9.1
2022-11-09,2.16,68.45,29.4,16,6721476,72.28,20,6157585,66.22,17,4512591,48.53,9,845847,9.1
2022-11-10,2.22,68.39,29.4,28,6721504,72.28,17,6157602,66.22,12,4512603,48.53,6,845853,9.1
2022-11-11,2.23,68.37,29.4,1,6721505,72.28,17,6157619,66.22,2,4512605,48.53,1,845854,9.1
2022-11-12,2.22,68.38,29.4,1,6721506,72.28,0,6157619,66.22,2,4512607,48.53,0,845854,9.1
2022-11-13,2.29,68.31,29.4,29,6721535,72.28,31,6157650,66.22,17,4512624,48.53,8,845862,9.1
2022-11-14,2.37,68.23,29.4,20,6721555,72.28,17,6157667,66.22,21,4512645,48.53,16,845878,9.1
2022-11-15,2.43,68.17,29.4,40,6721595,72.28,25,6157692,66.22,16,4512661,48.53,18,845896,9.1
2022-11-16,2.5,68.1,29.4,14,6721609,72.28,27,6157719,66.22,16,4512677,48.53,11,845907,9.1
2022-11-17,2.59,68.02,29.4,19,6721628,72.28,33,6157752,66.22,18,4512695,48.53,5,845912,9.1
2022-11-18,2.61,67.99,29.4,6,6721634,72.28,4,6157756,66.22,4,4512699,48.53,0,845912,9.1
2022-11-19,2.6,68,29.4,0,6721634,72.28,0,6157756,66.22,0,4512699,48.53,0,845912,9.1
2022-11-20,2.67,67.93,29.4,19,6721653,72.28,20,6157776,66.22,6,4512705,48.53,13,845925,9.1
2022-11-21,2.76,67.85,29.4,14,6721667,72.28,13,6157789,66.22,6,4512711,48.53,7,845932,9.1
2022-11-22,2.83,67.77,29.4,27,6721694,72.28,13,6157802,66.22,17,4512728,48.53,6,845938,9.1
2022-11-23,2.9,67.7,29.4,17,6721711,72.28,21,6157823,66.22,4,4512732,48.53,8,845946,9.1
2022-11-24,2.98,67.62,29.4,9,6721720,72.28,16,6157839,66.22,13,4512745,48.53,27,845973,9.1
2022-11-25,3,67.6,29.4,12,6721732,72.28,51,6157890,66.22,14,4512759,48.53,12,845985,9.1
2022-11-26,3,67.61,29.4,0,6721732,72.28,2,6157892,66.22,0,4512759,48.53,0,845985,9.1
2022-11-27,3.06,67.54,29.4,14,6721746,72.28,15,6157907,66.22,19,4512778,48.53,2,845987,9.1
2022-11-28,3.14,67.47,29.4,8,6721754,72.28,23,6157930,66.22,8,4512786,48.53,6,845993,9.1
2022-11-29,3.2,67.4,29.4,38,6721792,72.28,31,6157961,66.22,19,4512805,48.53,14,846007,9.1
2022-11-30,3.27,67.34,29.39,12,6721804,72.28,25,6157986,66.22,20,4512825,48.53,8,846015,9.1
2022-12-01,3.34,67.26,29.39,13,6721817,72.28,18,6158004,66.22,15,4512840,48.53,4,846019,9.1
2022-12-02,3.36,67.24,29.39,2,6721819,72.28,7,6158011,66.22,4,4512844,48.53,10,846029,9.1
2022-12-03,3.36,67.24,29.39,0,6721819,72.28,0,6158011,66.22,0,4512844,48.53,1,846030,9.1
2022-12-04,3.42,67.18,29.39,38,6721857,72.28,27,6158038,66.22,30,4512874,48.53,26,846056,9.1
2022-12-05,3.48,67.12,29.4,9,6721866,72.28,17,6158055,66.22,11,4512885,48.53,21,846077,9.1
2022-12-06,3.55,67.06,29.39,32,6721898,72.28,26,6158081,66.22,27,4512912,48.53,8,846085,9.1
2022-12-07,3.62,66.99,29.39,10,6721908,72.28,17,6158098,66.22,8,4512920,48.53,8,846093,9.1
2022-12-08,3.69,66.91,29.39,19,6721927,72.28,31,6158129,66.22,15,4512935,48.53,3,846096,9.1
2022-12-09,3.71,66.9,29.39,4,6721931,72.28,1,6158130,66.22,1,4512936,48.53,7,846103,9.1
2022-12-10,3.7,66.91,29.39,1,6721932,72.28,0,6158130,66.22,2,4512938,48.53,0,846103,9.1
2022-12-11,3.76,66.84,29.39,16,6721948,72.28,22,6158152,66.22,15,4512953,48.53,16,846119,9.1
2022-12-12,3.82,66.78,29.39,15,6721963,72.28,14,6158166,66.22,5,4512958,48.53,0,846119,9.1
2022-12-13,3.87,66.73,29.39,17,6721980,72.28,44,6158210,66.22,18,4512976,48.53,13,846132,9.1
2022-12-14,3.92,66.69,29.39,17,6721997,72.28,16,6158226,66.22,7,4512983,48.53,3,846135,9.1
2022-12-15,3.97,66.64,29.39,22,6722019,72.29,19,6158245,66.22,7,4512990,48.53,12,846147,9.1
2022-12-16,3.98,66.62,29.39,12,6722031,72.29,4,6158249,66.22,1,4512991,48.53,0,846147,9.1
2022-12-17,3.97,66.63,29.39,0,6722031,72.29,0,6158249,66.22,0,4512991,48.53,0,846147,9.1
2022-12-18,4.01,66.59,29.39,9,6722040,72.29,18,6158267,66.22,8,4512999,48.53,3,846150,9.1
2022-12-19,4.06,66.54,29.4,7,6722047,72.29,14,6158281,66.22,12,4513011,48.53,1,846151,9.1
2022-12-20,4.1,66.51,29.39,12,6722059,72.29,17,6158298,66.22,2,4513013,48.53,2,846153,9.1
2022-12-21,4.14,66.47,29.39,9,6722068,72.29,14,6158312,66.22,13,4513026,48.53,3,846156,9.1
2022-12-22,4.18,66.42,29.39,4,6722072,72.29,10,6158322,66.22,14,4513040,48.53,1,846157,9.1
2022-12-23,4.19,66.42,29.39,10,6722082,72.29,0,6158322,66.22,2,4513042,48.53,0,846157,9.1
2022-12-24,4.18,66.43,29.39,0,6722082,72.29,0,6158322,66.22,0,4513042,48.53,0,846157,9.1
2022-12-25,4.21,66.4,29.39,6,6722088,72.29,17,6158339,66.22,1,4513043,48.53,2,846159,9.1
2022-12-26,4.24,66.36,29.39,17,6722105,72.29,6,6158345,66.22,13,4513056,48.53,0,846159,9.1
2022-12-27,4.25,66.36,29.39,24,6722129,72.29,24,6158369,66.22,17,4513073,48.53,7,846166,9.1
2022-12-28,4.26,66.34,29.39,17,6722146,72.29,18,6158387,66.22,25,4513098,48.53,64,846230,9.1
2022-12-29,4.28,66.33,29.39,15,6722161,72.29,23,6158410,66.22,14,4513112,48.53,4,846234,9.1
2022-12-30,4.27,66.33,29.4,4,6722165,72.29,5,6158415,66.22,3,4513115,48.53,1,846235,9.1
2022-12-31,4.26,66.35,29.4,0,6722165,72.29,1,6158416,66.22,0,4513115,48.53,0,846235,9.1
2023-01-01,4.27,66.33,29.4,8,6722173,72.29,23,6158439,66.22,2,4513117,48.53,1,846236,9.1
2023-01-02,4.29,66.31,29.4,10,6722183,72.29,8,6158447,66.22,3,4513120,48.53,1,846237,9.1
2023-01-03,4.3,66.3,29.4,20,6722203,72.29,17,6158464,66.23,7,4513127,48.53,4,846241,9.1
2023-01-04,4.3,66.3,29.4,7,6722210,72.29,11,6158475,66.23,4,4513131,48.53,2,846243,9.1
2023-01-05,4.31,66.29,29.39,13,6722223,72.29,19,6158494,66.23,13,4513144,48.53,4,846247,9.1
2023-01-06,4.31,66.29,29.4,2,6722225,72.29,1,6158495,66.23,1,4513145,48.53,0,846247,9.1
2023-01-07,4.3,66.31,29.4,1,6722226,72.29,0,6158495,66.23,0,4513145,48.53,0,846247,9.1
2023-01-08,4.33,66.28,29.4,15,6722241,72.29,33,6158528,66.23,10,4513155,48.53,2,846249,9.1
2023-01-09,4.34,66.26,29.4,12,6722253,72.29,20,6158548,66.23,1,4513156,48.53,1,846250,9.1
2023-01-10,4.35,66.25,29.4,39,6722292,72.29,27,6158575,66.23,10,4513166,48.53,4,846254,9.1
2023-01-11,4.36,66.25,29.4,15,6722307,72.29,17,6158592,66.23,11,4513177,48.53,2,846256,9.1
2023-01-12,4.37,66.24,29.39,23,6722330,72.29,20,6158612,66.23,12,4513189,48.53,2,846258,9.1
2023-01-13,4.36,66.24,29.4,3,6722333,72.29,2,6158614,66.23,0,4513189,48.53,0,846258,9.1
2023-01-14,4.35,66.25,29.4,1,6722334,72.29,0,6158614,66.23,0,4513189,48.53,0,846258,9.1
2023-01-15,4.36,66.24,29.4,17,6722351,72.29,17,6158631,66.23,4,4513193,48.53,3,846261,9.1
2023-01-16,4.38,66.22,29.4,9,6722360,72.29,15,6158646,66.23,6,4513199,48.53,0,846261,9.1
2023-01-17,4.38,66.22,29.4,15,6722375,72.29,15,6158661,66.23,6,4513205,48.53,1,846262,9.1
2023-01-18,4.39,66.21,29.4,7,6722382,72.29,8,6158669,66.23,4,4513209,48.53,1,846263,9.1
2023-01-19,4.4,66.2,29.4,13,6722395,72.29,15,6158684,66.23,2,4513211,48.53,4,846267,9.1
2023-01-20,4.39,66.2,29.4,5,6722400,72.29,2,6158686,66.23,0,4513211,48.53,1,846268,9.1
2023-01-21,4.39,66.21,29.4,0,6722400,72.29,1,6158687,66.23,0,4513211,48.53,0,846268,9.1
2023-01-22,4.4,66.2,29.4,9,6722409,72.29,3,6158690,66.23,8,4513219,48.53,4,846272,9.1
2023-01-23,4.41,66.19,29.4,11,6722420,72.29,5,6158695,66.23,6,4513225,48.53,0,846272,9.1
2023-01-24,4.41,66.19,29.4,21,6722441,72.29,21,6158716,66.23,11,4513236,48.53,2,846274,9.1
2023-01-25,4.41,66.18,29.4,5,6722446,72.29,5,6158721,66.23,0,4513236,48.53,2,846276,9.1
2023-01-26,4.42,66.18,29.4,10,6722456,72.29,15,6158736,66.23,9,4513245,48.53,2,846278,9.1
2023-01-27,4.41,66.18,29.4,0,6722456,72.29,9,6158745,66.23,0,4513245,48.53,0,846278,9.1
2023-01-28,4.41,66.19,29.4,0,6722456,72.29,0,6158745,66.23,0,4513245,48.53,0,846278,9.1
2023-01-29,4.41,66.19,29.41,11,6722467,72.29,9,6158754,66.23,5,4513250,48.53,2,846280,9.1
2023-01-30,4.42,66.17,29.41,9,6722476,72.29,17,6158771,66.23,2,4513252,48.53,1,846281,9.1
2023-01-31,4.42,66.17,29.41,21,6722497,72.29,23,6158794,66.23,2,4513254,48.53,1,846282,9.1
2023-02-01,4.32,64.71,30.96,10,6722507,72.29,11,6158805,66.23,4,4513258,48.53,0,846282,9.1
2023-02-02,4.33,64.71,30.96,15,6722522,72.29,31,6158836,66.23,3,4513261,48.53,0,846282,9.1
2023-02-03,4.32,64.71,30.97,3,6722525,72.29,1,6158837,66.23,0,4513261,48.53,1,846283,9.1
2023-02-04,4.32,64.72,30.97,0,6722525,72.29,0,6158837,66.23,0,4513261,48.53,0,846283,9.1
2023-02-05,4.32,64.71,30.97,18,6722543,72.29,10,6158847,66.23,6,4513267,48.53,4,846287,9.1
2023-02-06,4.33,64.7,30.97,17,6722560,72.29,13,6158860,66.23,4,4513271,48.53,0,846287,9.1
2023-02-07,4.33,64.7,30.97,22,6722582,72.29,22,6158882,66.23,8,4513279,48.53,2,846289,9.1
2023-02-08,4.33,64.7,30.97,15,6722597,72.29,15,6158897,66.23,1,4513280,48.53,0,846289,9.1
2023-02-09,4.33,64.7,30.97,35,6722632,72.29,34,6158931,66.23,5,4513285,48.53,2,846291,9.1
2023-02-10,4.33,64.7,30.97,2,6722634,72.29,3,6158934,66.23,2,4513287,48.53,0,846291,9.1
2023-02-11,4.33,64.7,30.97,2,6722636,72.29,1,6158935,66.23,0,4513287,48.53,0,846291,9.1
2023-02-12,4.33,64.7,30.97,15,6722651,72.29,22,6158957,66.23,3,4513290,48.53,2,846293,9.1
2023-02-13,4.33,64.7,30.97,14,6722665,72.29,20,6158977,66.23,9,4513299,48.53,2,846295,9.1
2023-02-14,4.33,64.7,30.97,20,6722685,72.29,8,6158985,66.23,7,4513306,48.53,5,846300,9.1
2023-02-15,4.33,64.7,30.97,10,6722695,72.29,17,6159002,66.23,3,4513309,48.53,0,846300,9.1
2023-02-16,4.33,64.7,30.97,22,6722717,72.29,24,6159026,66.23,2,4513311,48.53,0,846300,9.1
2023-02-17,4.33,64.7,30.97,5,6722722,72.29,2,6159028,66.23,1,4513312,48.53,0,846300,9.1
2023-02-18,4.33,64.7,30.97,0,6722722,72.29,1,6159029,66.23,0,4513312,48.53,0,846300,9.1
2023-02-19,4.33,64.7,30.98,16,6722738,72.29,15,6159044,66.23,3,4513315,48.53,0,846300,9.1
2023-02-20,4.33,64.69,30.98,9,6722747,72.29,10,6159054,66.23,1,4513316,48.53,0,846300,9.1
2023-02-21,4.33,64.69,30.98,39,6722786,72.29,19,6159073,66.23,6,4513322,48.53,1,846301,9.1
2023-02-22,4.33,64.7,30.98,3,6722789,72.29,9,6159082,66.23,8,4513330,48.53,0,846301,9.1
2023-02-23,4.33,64.7,30.97,13,6722802,72.29,23,6159105,66.23,5,4513335,48.53,2,846303,9.1
2023-02-24,4.33,64.7,30.98,0,6722802,72.29,6,6159111,66.23,1,4513336,48.53,0,846303,9.1
2023-02-25,4.32,64.7,30.98,3,6722805,72.29,0,6159111,66.23,1,4513337,48.53,0,846303,9.1
2023-02-26,4.32,64.7,30.98,11,6722816,72.29,21,6159132,66.23,1,4513338,48.53,1,846304,9.1
2023-02-27,4.32,64.7,30.98,11,6722827,72.29,26,6159158,66.23,2,4513340,48.53,2,846306,9.1
2023-02-28,4.32,64.7,30.98,7,6722834,72.29,21,6159179,66.23,4,4513344,48.53,2,846308,9.1
2023-03-01,4.32,64.7,30.98,3,6722837,72.29,15,6159194,66.23,1,4513345,48.53,0,846308,9.1
2023-03-02,4.32,64.7,30.98,8,6722845,72.29,36,6159230,66.23,4,4513349,48.53,0,846308,9.1
2023-03-03,4.32,64.7,30.98,2,6722847,72.29,3,6159233,66.23,0,4513349,48.53,0,846308,9.1
2023-03-04,4.32,64.71,30.98,2,6722849,72.29,2,6159235,66.23,0,4513349,48.53,0,846308,9.1
2023-03-05,4.32,64.7,30.98,14,6722863,72.29,31,6159266,66.23,2,4513351,48.53,2,846310,9.1
2023-03-06,4.32,64.7,30.98,17,6722880,72.29,25,6159291,66.23,3,4513354,48.53,0,846310,9.1
2023-03-07,4.32,64.7,30.98,8,6722888,72.29,7,6159298,66.23,2,4513356,48.53,0,846310,9.1
2023-03-08,4.32,64.7,30.98,1,6722889,72.29,22,6159320,66.23,3,4513359,48.53,0,846310,9.1
2023-03-09,4.32,64.71,30.98,15,6722904,72.29,46,6159366,66.23,8,4513367,48.53,0,846310,9.1
2023-03-10,4.31,64.71,30.98,2,6722906,72.29,1,6159367,66.23,2,4513369,48.53,0,846310,9.1
2023-03-11,4.31,64.71,30.98,0,6722906,72.29,0,6159367,66.23,0,4513369,48.53,0,846310,9.1
2023-03-12,4.31,64.71,30.98,10,6722916,72.29,21,6159388,66.23,4,4513373,48.53,1,846311,9.1
2023-03-13,4.31,64.71,30.98,6,6722922,72.3,8,6159396,66.24,1,4513374,48.53,0,846311,9.1
2023-03-14,4.31,64.71,30.98,14,6722936,72.3,15,6159411,66.24,1,4513375,48.53,1,846312,9.1
2023-03-15,4.31,64.71,30.98,4,6722940,72.3,9,6159420,66.24,2,4513377,48.53,0,846312,9.1
2023-03-16,4.31,64.71,30.98,8,6722948,72.3,30,6159450,66.24,2,4513379,48.53,2,846314,9.1
2023-03-17,4.31,64.71,30.98,0,6722948,72.3,4,6159454,66.24,0,4513379,48.53,0,846314,9.1
2023-03-18,4.3,64.71,30.98,0,6722948,72.3,0,6159454,66.24,0,4513379,48.53,0,846314,9.1
2023-03-19,4.3,64.71,30.99,4,6722952,72.3,27,6159481,66.24,4,4513383,48.53,0,846314,9.1
2023-03-20,4.3,64.71,30.99,5,6722957,72.3,21,6159502,66.24,4,4513387,48.53,0,846314,9.1
2023-03-21,4.3,64.71,30.99,14,6722971,72.3,21,6159523,66.24,6,4513393,48.53,0,846314,9.1
2023-03-22,4.3,64.71,30.99,2,6722973,72.3,8,6159531,66.24,0,4513393,48.53,0,846314,9.1
2023-03-23,4.3,64.71,30.99,7,6722980,72.3,11,6159542,66.24,2,4513395,48.53,0,846314,9.1
2023-03-24,4.3,64.71,30.99,0,6722980,72.3,2,6159544,66.24,0,4513395,48.53,1,846315,9.1
2023-03-25,4.3,64.71,30.99,0,6722980,72.3,0,6159544,66.24,0,4513395,48.53,0,846315,9.1
2023-03-26,4.3,64.71,30.99,4,6722984,72.3,15,6159559,66.24,4,4513399,48.53,3,846318,9.1
2023-03-27,4.3,64.71,31,1,6722985,72.3,12,6159571,66.24,1,4513400,48.53,0,846318,9.1
2023-03-28,4.29,64.71,31,4,6722989,72.3,16,6159587,66.24,0,4513400,48.53,0,846318,9.1
2023-03-29,4.29,64.71,31,2,6722991,72.3,10,6159597,66.24,5,4513405,48.53,0,846318,9.1
2023-03-30,4.29,64.71,31,10,6723001,72.3,18,6159615,66.24,1,4513406,48.53,1,846319,9.1
2023-03-31,4.29,64.71,31,0,6723001,72.3,0,6159615,66.24,1,4513407,48.54,0,846319,9.1
2023-04-01,4.27,64.73,31,0,6723001,72.3,0,6159615,66.24,0,4513407,48.54,0,846319,9.1
2023-04-02,4.25,64.75,31,7,6723008,72.3,10,6159625,66.24,1,4513408,48.54,0,846319,9.1
2023-04-03,4.26,64.74,31,1,6723009,72.3,7,6159632,66.24,2,4513410,48.54,0,846319,9.1
2023-04-04,4.24,64.75,31,2,6723011,72.3,7,6159639,66.24,5,4513415,48.54,0,846319,9.1
2023-04-05,4.24,64.76,31,2,6723013,72.3,5,6159644,66.24,1,4513416,48.54,0,846319,9.1
2023-04-06,4.24,64.76,31,0,6723013,72.3,2,6159646,66.24,0,4513416,48.54,0,846319,9.1
2023-04-07,4.2,64.8,31,0,6723013,72.3,4,6159650,66.24,0,4513416,48.54,0,846319,9.1
2023-04-08,4.14,64.86,31,0,6723013,72.3,0,6159650,66.24,0,4513416,48.54,0,846319,9.1
2023-04-09,4.12,64.87,31,2,6723015,72.3,8,6159658,66.24,0,4513416,48.54,0,846319,9.1
2023-04-10,4.12,64.87,31,1,6723016,72.3,6,6159664,66.24,0,4513416,48.54,0,846319,9.1
2023-04-11,4.07,64.93,31,5,6723021,72.3,5,6159669,66.24,0,4513416,48.54,0,846319,9.1
2023-04-12,4.01,64.99,31,0,6723021,72.3,1,6159670,66.24,0,4513416,48.54,0,846319,9.1
2023-04-13,3.99,65,31,7,6723028,72.3,9,6159679,66.24,1,4513417,48.54,0,846319,9.1
2023-04-14,3.99,65,31,2,6723030,72.3,1,6159680,66.24,0,4513417,48.54,0,846319,9.1
2023-04-15,3.91,65.09,31,0,6723030,72.3,1,6159681,66.24,0,4513417,48.54,0,846319,9.1
2023-04-16,3.9,65.1,31,4,6723034,72.3,12,6159693,66.24,6,4513423,48.54,1,846320,9.1
2023-04-17,3.9,65.1,31,4,6723038,72.3,5,6159698,66.24,4,4513427,48.54,0,846320,9.1
2023-04-18,3.87,65.12,31,11,6723049,72.3,7,6159705,66.24,0,4513427,48.54,0,846320,9.1
2023-04-19,3.87,65.12,31,4,6723053,72.3,6,6159711,66.24,0,4513427,48.54,0,846320,9.1
2023-04-20,3.82,65.17,31,4,6723057,72.3,11,6159722,66.24,1,4513428,48.54,2,846322,9.1
2023-04-21,3.77,65.22,31.01,2,6723059,72.3,0,6159722,66.24,0,4513428,48.54,0,846322,9.1
2023-04-22,3.73,65.27,31.01,0,6723059,72.3,0,6159722,66.24,0,4513428,48.54,0,846322,9.1
2023-04-23,3.71,65.28,31.01,1,6723060,72.3,6,6159728,66.24,1,4513429,48.54,2,846324,9.1
2023-04-24,3.71,65.28,31.01,5,6723065,72.3,10,6159738,66.24,0,4513429,48.54,2,846326,9.1
2023-04-25,3.69,65.3,31.01,0,6723065,72.3,0,6159738,66.24,0,4513429,48.54,0,846326,9.1
