Date,Valid vaccinated pop. perc.,Expired vaccinated pop. perc.,Not vaccinated pop. perc.,Vaccinated (daily),Vaccinated (cumu),Vaccinated pop. perc.,Second dose (daily),Second dose (cumu),Second dose pop. perc.,Third dose (daily),Third dose (cumu),Third dose pop. perc.,Fourth dose (daily),Fourth dose (cumu),Fourth dose pop. perc.
2020-12-19,0,0,100,46,70,0,0,4,0,0,0,0,0,0,0
2020-12-20,0,0,100,7396,7466,0.08,0,4,0,0,0,0,0,0,0
2020-12-21,0,0,100,24923,32389,0.35,0,4,0,0,0,0,0,0,0
2020-12-22,0,0,100,44668,77057,0.83,0,4,0,0,0,0,0,0,0
2020-12-23,0,0,100,62919,139976,1.51,0,4,0,0,0,0,0,0,0
2020-12-24,0,0,100,73430,213406,2.29,0,4,0,0,0,0,0,0,0
2020-12-25,0,0,100,38517,251923,2.71,0,4,0,0,0,0,0,0,0
2020-12-26,0,0,100,32617,284540,3.06,0,4,0,0,0,0,0,0,0
2020-12-27,0,0,100,104575,389115,4.18,0,4,0,0,0,0,0,0,0
2020-12-28,0,0,100,135041,524156,5.64,0,4,0,0,0,0,0,0,0
2020-12-29,0,0,100,156338,680494,7.32,2,6,0,0,0,0,0,0,0
2020-12-30,0,0,100,153188,833682,8.96,0,6,0,0,0,0,0,0,0
2020-12-31,0,0,100,158600,992282,10.67,0,6,0,0,0,0,0,0,0
2021-01-01,0,0,100,71435,1063717,11.44,0,6,0,0,0,0,0,0,0
2021-01-02,0,0,100,71744,1135461,12.21,0,6,0,0,0,0,0,0,0
2021-01-03,0,0,100,149765,1285226,13.82,0,6,0,0,0,0,0,0,0
2021-01-04,0,0,100,152204,1437430,15.46,1,7,0,0,0,0,0,0,0
2021-01-05,0,0,100,125221,1562651,16.8,4,11,0,0,0,0,0,0,0
2021-01-06,0,0,100,103373,1666024,17.92,2,13,0,0,0,0,0,0,0
2021-01-07,0,0,100,116063,1782087,19.16,9,22,0,0,0,0,0,0,0
2021-01-08,0,0,100,66464,1848551,19.88,5,27,0,0,0,0,0,0,0
2021-01-09,0,0,100,44553,1893104,20.36,24,51,0,0,0,0,0,0,0
2021-01-10,0,0,100,37649,1930753,20.76,6001,6052,0.07,0,0,0,0,0,0
2021-01-11,0,0,100,21175,1951928,20.99,19264,25316,0.27,0,0,0,0,0,0
2021-01-12,0,0,100,24075,1976003,21.25,35674,60990,0.66,0,0,0,0,0,0
2021-01-13,0,0,100,52079,2028082,21.81,56874,117864,1.27,0,0,0,0,0,0
2021-01-14,0,0,100,56480,2084562,22.42,68838,186702,2.01,0,0,0,0,0,0
2021-01-15,0,0,100,30776,2115338,22.75,35942,222644,2.39,0,0,0,0,0,0
2021-01-16,0,0,100,29481,2144819,23.06,26006,248650,2.67,0,0,0,0,0,0
2021-01-17,0.31,0,99.69,68444,2213263,23.8,84598,333248,3.58,0,0,0,0,0,0
2021-01-18,0.58,0,99.42,69820,2283083,24.55,120437,453685,4.88,0,0,0,0,0,0
2021-01-19,1.09,0,98.91,72897,2355980,25.34,137849,591534,6.36,0,0,0,0,0,0
2021-01-20,1.9,0,98.1,76919,2432899,26.16,143766,735300,7.91,0,0,0,0,0,0
2021-01-21,2.88,0,97.12,70007,2502906,26.91,164476,899776,9.68,0,0,0,0,0,0
2021-01-22,3.39,0,96.61,37931,2540837,27.32,71134,970910,10.44,0,0,0,0,0,0
2021-01-23,3.77,0,96.23,39965,2580802,27.75,53596,1024506,11.02,0,0,0,0,0,0
2021-01-24,4.96,0,95.04,69148,2649950,28.5,140708,1165214,12.53,0,0,0,0,0,0
2021-01-25,6.61,0,93.39,80944,2730894,29.37,139521,1304735,14.03,0,0,0,0,0,0
2021-01-26,8.45,0,91.55,78737,2809631,30.21,126445,1431180,15.39,0,0,0,0,0,0
2021-01-27,10.34,0,89.66,77982,2887613,31.05,125071,1556251,16.74,0,0,0,0,0,0
2021-01-28,12.43,0,87.57,79570,2967183,31.91,130632,1686883,18.14,0,0,0,0,0,0
2021-01-29,13.34,0,86.66,36704,3003887,32.3,64793,1751676,18.84,0,0,0,0,0,0
2021-01-30,14.02,0,85.98,34396,3038283,32.67,42767,1794443,19.3,0,0,0,0,0,0
2021-01-31,15.76,0,84.24,73333,3111616,33.46,59503,1853946,19.94,0,0,0,0,0,0
2021-02-01,17.48,0,82.52,82510,3194126,34.35,35356,1889302,20.32,0,0,0,0,0,0
2021-02-02,19.01,0,80.99,70106,3264232,35.1,31073,1920375,20.65,0,0,0,0,0,0
2021-02-03,20.47,0,79.53,60308,3324540,35.75,51445,1971820,21.2,0,0,0,0,0,0
2021-02-04,22,0,78,72640,3397180,36.53,58096,2029916,21.83,0,0,0,0,0,0
2021-02-05,22.75,0,77.25,33947,3431127,36.9,28806,2058722,22.14,0,0,0,0,0,0
2021-02-06,23.23,0,76.77,21622,3452749,37.13,22233,2080955,22.38,0,0,0,0,0,0
2021-02-07,23.99,0,76.01,54081,3506830,37.71,68743,2149698,23.12,0,0,0,0,0,0
2021-02-08,24.52,0,75.48,58644,3565474,38.34,65468,2215166,23.82,0,0,0,0,0,0
2021-02-09,25.04,0,74.96,66358,3631832,39.05,67579,2282745,24.55,0,0,0,0,0,0
2021-02-10,25.77,0,74.23,70570,3702402,39.81,72314,2355059,25.33,0,0,0,0,0,0
2021-02-11,26.61,0,73.39,81175,3783577,40.69,72113,2427172,26.1,0,0,0,0,0,0
2021-02-12,27.02,0,72.98,39111,3822688,41.11,37598,2464770,26.5,0,0,0,0,0,0
2021-02-13,27.33,0,72.67,27465,3850153,41.4,30441,2495211,26.83,0,0,0,0,0,0
2021-02-14,28.25,0,71.75,74917,3925070,42.21,69085,2564296,27.58,0,0,0,0,0,0
2021-02-15,29.17,0,70.83,81548,4006618,43.09,75722,2640018,28.39,0,0,0,0,0,0
2021-02-16,30.11,0,69.89,83422,4090040,43.98,78301,2718319,29.23,0,0,0,0,0,0
2021-02-17,31.01,0,68.99,61984,4152024,44.65,75645,2793964,30.04,0,0,0,0,0,0
2021-02-18,31.94,0,68.06,69159,4221183,45.39,79739,2873703,30.9,0,0,0,0,0,0
2021-02-19,32.45,0,67.55,39676,4260859,45.82,38162,2911865,31.31,0,0,0,0,0,0
2021-02-20,32.85,0,67.15,31650,4292509,46.16,28724,2940589,31.62,0,0,0,0,0,0
2021-02-21,33.8,0,66.2,79435,4371944,47.01,78448,3019037,32.47,0,0,0,0,0,0
2021-02-22,34.83,0,65.17,85056,4457000,47.93,80596,3099633,33.33,0,0,0,0,0,0
2021-02-23,35.84,0,64.16,77332,4534332,48.76,70485,3170118,34.09,0,0,0,0,0,0
2021-02-24,36.76,0,63.24,61066,4595398,49.42,63144,3233262,34.77,0,0,0,0,0,0
2021-02-25,37.66,0,62.34,51729,4647127,49.97,64810,3298072,35.47,0,0,0,0,0,0
2021-02-26,38.1,0,61.9,25913,4673040,50.25,32046,3330118,35.81,0,0,0,0,0,0
2021-02-27,38.42,0,61.58,18353,4691393,50.45,21197,3351315,36.04,0,0,0,0,0,0
2021-02-28,39.24,0,60.76,40365,4731758,50.88,55874,3407189,36.64,0,0,0,0,0,0
2021-03-01,40.1,0,59.9,45751,4777509,51.38,61445,3468634,37.3,0,0,0,0,0,0
2021-03-02,40.85,0,59.15,41202,4818711,51.82,64800,3533434,38,0,0,0,0,0,0
2021-03-03,41.55,0,58.45,42035,4860746,52.27,66794,3600228,38.72,0,0,0,0,0,0
2021-03-04,42.24,0,57.76,39720,4900466,52.7,79126,3679354,39.57,0,0,0,0,0,0
2021-03-05,42.57,0,57.43,17369,4917835,52.88,40471,3719825,40,0,0,0,0,0,0
2021-03-06,42.78,0,57.22,10722,4928557,53,25349,3745174,40.27,0,0,0,0,0,0
2021-03-07,43.36,0,56.64,31156,4959713,53.33,72847,3818021,41.06,0,0,0,0,0,0
2021-03-08,43.97,0,56.03,27387,4987100,53.63,73295,3891316,41.85,0,0,0,0,0,0
2021-03-09,44.62,0,55.38,26756,5013856,53.92,76604,3967920,42.67,0,0,0,0,0,0
2021-03-10,45.27,0,54.73,23373,5037229,54.17,58685,4026605,43.3,0,0,0,0,0,0
2021-03-11,45.99,0,54.01,23307,5060536,54.42,69098,4095703,44.04,0,0,0,0,0,0
2021-03-12,46.34,0,53.66,11296,5071832,54.54,41418,4137121,44.49,0,0,0,0,0,0
2021-03-13,46.57,0,53.43,7952,5079784,54.63,25239,4162360,44.76,0,0,0,0,0,0
2021-03-14,47.2,0,52.8,20991,5100775,54.85,73935,4236295,45.55,0,0,0,0,0,0
2021-03-15,47.81,0,52.19,20151,5120926,55.07,78281,4314576,46.4,0,0,0,0,0,0
2021-03-16,48.43,0,51.57,18759,5139685,55.27,71480,4386056,47.17,0,0,0,0,0,0
2021-03-17,48.92,0,51.08,17704,5157389,55.46,59009,4445065,47.8,0,0,0,0,0,0
2021-03-18,49.45,0,50.55,16050,5173439,55.63,58125,4503190,48.43,0,0,0,0,0,0
2021-03-19,49.75,0,50.25,6956,5180395,55.71,27981,4531171,48.73,0,0,0,0,0,0
2021-03-20,49.93,0,50.07,5227,5185622,55.76,15302,4546473,48.89,0,0,0,0,0,0
2021-03-21,50.46,0,49.54,13172,5198794,55.91,40511,4586984,49.33,0,0,0,0,0,0
2021-03-22,51,0,49,13582,5212376,56.05,40542,4627526,49.76,0,0,0,0,0,0
2021-03-23,51.43,0,48.57,2846,5215222,56.08,7303,4634829,49.84,0,0,0,0,0,0
2021-03-24,51.84,0,48.16,11006,5226228,56.2,46560,4681389,50.34,0,0,0,0,0,0
2021-03-25,52.22,0,47.78,10273,5236501,56.31,35440,4716829,50.72,0,0,0,0,0,0
2021-03-26,52.4,0,47.6,4186,5240687,56.36,13333,4730162,50.87,0,0,0,0,0,0
2021-03-27,52.5,0,47.5,1787,5242474,56.38,4269,4734431,50.91,0,0,0,0,0,0
2021-03-28,52.74,0,47.26,2113,5244587,56.4,4611,4739042,50.96,0,0,0,0,0,0
2021-03-29,53,0,47,6918,5251505,56.47,30017,4769059,51.28,0,0,0,0,0,0
2021-03-30,53.08,0,46.92,7895,5259400,56.56,22454,4791513,51.53,0,0,0,0,0,0
2021-03-31,53.38,0,46.62,8154,5267554,56.64,19502,4811015,51.74,0,0,0,0,0,0
2021-04-01,53.62,0,46.38,8220,5275774,56.73,18703,4829718,51.94,0,0,0,0,0,0
2021-04-02,53.71,0,46.29,2946,5278720,56.76,8131,4837849,52.02,0,0,0,0,0,0
2021-04-03,53.74,0,46.26,1432,5280152,56.78,2983,4840832,52.06,0,0,0,0,0,0
2021-04-04,53.82,0,46.18,9618,5289770,56.88,22832,4863664,52.3,0,0,0,0,0,0
2021-04-05,54.04,0,45.96,10364,5300134,56.99,21277,4884941,52.53,0,0,0,0,0,0
2021-04-06,54.21,0,45.79,9034,5309168,57.09,16794,4901735,52.71,0,0,0,0,0,0
2021-04-07,54.36,0,45.64,8932,5318100,57.19,15313,4917048,52.88,0,0,0,0,0,0
2021-04-08,54.52,0,45.48,9431,5327531,57.29,17017,4934065,53.06,0,0,0,0,0,0
2021-04-09,54.58,0,45.42,3609,5331140,57.33,6259,4940324,53.13,0,0,0,0,0,0
2021-04-10,54.61,0,45.39,1636,5332776,57.35,3520,4943844,53.16,0,0,0,0,0,0
2021-04-11,54.78,0,45.22,9045,5341821,57.44,14249,4958093,53.32,0,0,0,0,0,0
2021-04-12,54.95,0,45.05,8936,5350757,57.54,13236,4971329,53.46,0,0,0,0,0,0
2021-04-13,55.08,0,44.92,5841,5356598,57.6,4960,4976289,53.51,0,0,0,0,0,0
2021-04-14,55.18,0,44.82,3651,5360249,57.64,5311,4981600,53.57,0,0,0,0,0,0
2021-04-15,55.27,0,44.73,698,5360947,57.65,582,4982182,53.58,0,0,0,0,0,0
2021-04-16,55.33,0,44.67,3419,5364366,57.69,6652,4988834,53.65,0,0,0,0,0,0
2021-04-17,55.35,0,44.65,822,5365188,57.69,1973,4990807,53.67,0,0,0,0,0,0
2021-04-18,55.47,0,44.53,7099,5372287,57.77,7433,4998240,53.75,0,0,0,0,0,0
2021-04-19,55.58,0,44.42,6407,5378694,57.84,7134,5005374,53.83,0,0,0,0,0,0
2021-04-20,55.65,0,44.35,6287,5384981,57.91,6889,5012263,53.9,0,0,0,0,0,0
2021-04-21,55.71,0,44.29,6381,5391362,57.98,7112,5019375,53.98,0,0,0,0,0,0
2021-04-22,55.75,0,44.25,5951,5397313,58.04,7690,5027065,54.06,0,0,0,0,0,0
2021-04-23,55.8,0,44.2,2768,5400081,58.07,3391,5030456,54.1,0,0,0,0,0,0
2021-04-24,55.82,0,44.18,768,5400849,58.08,1290,5031746,54.11,0,0,0,0,0,0
2021-04-25,55.89,0,44.11,4828,5405677,58.13,6925,5038671,54.18,0,0,0,0,0,0
2021-04-26,55.96,0,44.04,5479,5411156,58.19,7889,5046560,54.27,0,0,0,0,0,0
2021-04-27,56.03,0,43.97,4507,5415663,58.24,6627,5053187,54.34,0,0,0,0,0,0
2021-04-28,56.09,0,43.91,4501,5420164,58.29,7334,5060521,54.42,0,0,0,0,0,0
2021-04-29,56.16,0,43.84,4377,5424541,58.33,7296,5067817,54.5,0,0,0,0,0,0
2021-04-30,56.19,0,43.81,1924,5426465,58.35,3202,5071019,54.53,0,0,0,0,0,0
2021-05-01,56.2,0,43.8,458,5426923,58.36,895,5071914,54.54,0,0,0,0,0,0
2021-05-02,56.26,0,43.74,3225,5430148,58.39,6092,5078006,54.61,0,0,0,0,0,0
2021-05-03,56.32,0,43.68,3535,5433683,58.43,5835,5083841,54.67,0,0,0,0,0,0
2021-05-04,56.38,0,43.62,3593,5437276,58.47,4737,5088578,54.72,0,0,0,0,0,0
2021-05-05,56.44,0,43.56,3292,5440568,58.51,4093,5092671,54.76,0,0,0,0,0,0
2021-05-06,56.5,0,43.5,3645,5444213,58.54,3144,5095815,54.8,0,0,0,0,0,0
2021-05-07,56.52,0,43.48,1847,5446060,58.56,2509,5098324,54.82,0,0,0,0,0,0
2021-05-08,56.53,0,43.47,243,5446303,58.57,507,5098831,54.83,0,0,0,0,0,0
2021-05-09,56.58,0,43.42,2851,5449154,58.6,4751,5103582,54.88,0,0,0,0,0,0
2021-05-10,56.63,0,43.37,2897,5452051,58.63,4715,5108297,54.93,0,0,0,0,0,0
2021-05-11,56.67,0,43.33,2622,5454673,58.66,3881,5112178,54.97,0,0,0,0,0,0
2021-05-12,56.7,0,43.3,2033,5456706,58.68,3342,5115520,55.01,0,0,0,0,0,0
2021-05-13,56.73,0,43.27,2043,5458749,58.7,3687,5119207,55.05,0,0,0,0,0,0
2021-05-14,56.75,0,43.25,978,5459727,58.71,1494,5120701,55.07,0,0,0,0,0,0
2021-05-15,56.75,0,43.25,259,5459986,58.71,259,5120960,55.07,0,0,0,0,0,0
2021-05-16,56.78,0,43.22,529,5460515,58.72,1206,5122166,55.08,0,0,0,0,0,0
2021-05-17,56.81,0,43.19,302,5460817,58.72,848,5123014,55.09,0,0,0,0,0,0
2021-05-18,56.84,0,43.16,1963,5462780,58.74,4939,5127953,55.14,0,0,0,0,0,0
2021-05-19,56.87,0,43.13,2233,5465013,58.77,5042,5132995,55.2,0,0,0,0,0,0
2021-05-20,56.9,0,43.1,2312,5467325,58.79,3880,5136875,55.24,0,0,0,0,0,0
2021-05-21,56.92,0,43.08,1194,5468519,58.81,1414,5138289,55.25,0,0,0,0,0,0
2021-05-22,56.92,0,43.08,206,5468725,58.81,396,5138685,55.26,0,0,0,0,0,0
2021-05-23,56.94,0,43.06,2272,5470997,58.83,3216,5141901,55.29,0,0,0,0,0,0
2021-05-24,56.96,0,43.04,2139,5473136,58.86,3596,5145497,55.33,0,0,0,0,0,0
2021-05-25,56.99,0,43.01,1822,5474958,58.88,2588,5148085,55.36,0,0,0,0,0,0
2021-05-26,57.03,0,42.97,1413,5476371,58.89,2504,5150589,55.39,0,0,0,0,0,0
2021-05-27,57.06,0,42.94,1865,5478236,58.91,3188,5153777,55.42,0,0,0,0,0,0
2021-05-28,57.07,0,42.93,791,5479027,58.92,1406,5155183,55.44,0,0,0,0,0,0
2021-05-29,57.07,0,42.93,192,5479219,58.92,226,5155409,55.44,0,0,0,0,0,0
2021-05-30,57.1,0,42.9,1645,5480864,58.94,1937,5157346,55.46,0,0,0,0,0,0
2021-05-31,57.13,0,42.87,1740,5482604,58.96,2093,5159439,55.48,0,0,0,0,0,0
2021-06-01,57.47,0,42.53,1385,5483989,58.97,1823,5161262,55.5,0,0,0,0,0,0
2021-06-02,57.25,0,42.75,1514,5485503,58.99,1610,5162872,55.52,0,0,0,0,0,0
2021-06-03,57.27,0,42.73,1685,5487188,59.01,1493,5164365,55.54,0,0,0,0,0,0
2021-06-04,57.28,0,42.72,1102,5488290,59.02,784,5165149,55.54,0,0,0,0,0,0
2021-06-05,57.29,0,42.71,184,5488474,59.02,159,5165308,55.55,0,0,0,0,0,0
2021-06-06,57.31,0,42.69,4293,5492767,59.07,1002,5166310,55.56,0,0,0,0,0,0
2021-06-07,57.34,0,42.66,4439,5497206,59.11,814,5167124,55.56,0,0,0,0,0,0
2021-06-08,57.36,0,42.64,3739,5500945,59.15,1175,5168299,55.58,0,0,0,0,0,0
2021-06-09,57.4,0,42.6,3615,5504560,59.19,1331,5169630,55.59,0,0,0,0,0,0
2021-06-10,57.42,0,42.58,3364,5507924,59.23,1300,5170930,55.61,0,0,0,0,0,0
2021-06-11,57.43,0,42.57,1401,5509325,59.24,590,5171520,55.61,0,0,0,0,0,0
2021-06-12,57.43,0,42.57,222,5509547,59.25,173,5171693,55.61,0,0,0,0,0,0
2021-06-13,57.45,0,42.55,3101,5512648,59.28,1260,5172953,55.63,0,0,0,0,0,0
2021-06-14,57.46,0,42.54,3057,5515705,59.31,1532,5174485,55.64,0,0,0,0,0,0
2021-06-15,57.48,0,42.52,3136,5518841,59.35,1377,5175862,55.66,0,0,0,0,0,0
2021-06-16,57.49,0,42.51,2733,5521574,59.38,1003,5176865,55.67,0,0,0,0,0,0
2021-06-17,57.51,0,42.49,2733,5524307,59.41,1209,5178074,55.68,0,0,0,0,0,0
2021-06-18,57.52,0,42.48,1269,5525576,59.42,506,5178580,55.69,0,0,0,0,0,0
2021-06-19,57.52,0,42.48,242,5525818,59.42,139,5178719,55.69,0,0,0,0,0,0
2021-06-20,57.54,0,42.46,3317,5529135,59.46,1330,5180049,55.7,0,0,0,0,0,0
2021-06-21,57.56,0,42.44,5250,5534385,59.51,1218,5181267,55.72,0,0,0,0,0,0
2021-06-22,57.58,0,42.42,6935,5541320,59.59,1099,5182366,55.73,0,0,0,0,0,0
2021-06-23,57.6,0,42.4,10762,5552082,59.7,1304,5183670,55.74,0,0,0,0,0,0
2021-06-24,57.62,0,42.38,12051,5564133,59.83,1466,5185136,55.76,0,0,0,0,0,0
2021-06-25,57.62,0,42.38,7117,5571250,59.91,944,5186080,55.77,0,0,0,0,0,0
2021-06-26,57.63,0,42.37,2277,5573527,59.94,200,5186280,55.77,0,0,0,0,0,0
2021-06-27,57.65,0,42.35,13633,5587160,60.08,3438,5189718,55.81,0,0,0,0,0,0
2021-06-28,57.68,0,42.32,14518,5601678,60.24,3675,5193393,55.85,0,0,0,0,0,0
2021-06-29,57.69,0,42.31,16711,5618389,60.42,3745,5197138,55.89,0,0,0,0,0,0
2021-06-30,57.72,0,42.28,16486,5634875,60.59,3397,5200535,55.92,0,0,0,0,0,0
2021-07-01,57.78,0,42.22,16837,5651712,60.78,3381,5203916,55.96,121,121,0,0,0,0
2021-07-02,57.79,0,42.21,9836,5661548,60.88,1609,5205525,55.98,7,128,0,0,0,0
2021-07-03,57.79,0,42.21,2678,5664226,60.91,300,5205825,55.98,1,129,0,0,0,0
2021-07-04,57.85,0,42.15,17735,5681961,61.1,3161,5208986,56.01,2,131,0,0,0,0
2021-07-05,57.91,0,42.09,17850,5699811,61.29,3046,5212032,56.05,7,138,0,0,0,0
2021-07-06,57.99,0,42.01,17848,5717659,61.48,3410,5215442,56.08,11,149,0,0,0,0
2021-07-07,58.05,0,41.95,15531,5733190,61.65,2703,5218145,56.11,12,161,0,0,0,0
2021-07-08,58.12,0,41.88,16589,5749779,61.83,2882,5221027,56.14,17,178,0,0,0,0
2021-07-09,58.15,0,41.85,11125,5760904,61.95,1535,5222562,56.16,4,182,0,0,0,0
2021-07-10,58.15,0,41.85,4989,5765893,62,391,5222953,56.17,6,188,0,0,0,0
2021-07-11,58.22,0,41.78,1456,5767349,62.02,2847,5225800,56.2,8,196,0,0,0,0
2021-07-12,58.29,0,41.71,2427,5769776,62.05,3695,5229495,56.24,56,252,0,0,0,0
2021-07-13,58.36,0,41.64,2965,5772741,62.08,5460,5234955,56.29,124,376,0,0,0,0
2021-07-14,58.42,0,41.58,2747,5775488,62.11,7535,5242490,56.38,441,817,0.01,0,0,0
2021-07-15,58.5,0,41.5,3009,5778497,62.14,9302,5251792,56.48,374,1191,0.01,0,0,0
2021-07-16,58.54,0,41.46,1296,5779793,62.15,5898,5257690,56.54,66,1257,0.01,0,0,0
2021-07-17,58.55,0,41.44,372,5780165,62.16,1393,5259083,56.55,8,1265,0.01,0,0,0
2021-07-18,58.6,0,41.4,2074,5782239,62.18,9769,5268852,56.66,235,1500,0.02,0,0,0
2021-07-19,58.65,0,41.35,3211,5785450,62.21,11346,5280198,56.78,461,1961,0.02,0,0,0
2021-07-20,58.72,0,41.28,2690,5788140,62.24,11914,5292112,56.91,373,2334,0.03,0,0,0
2021-07-21,58.81,0,41.19,2408,5790548,62.27,11880,5303992,57.04,325,2659,0.03,0,0,0
2021-07-22,58.93,0,41.07,2877,5793425,62.3,13278,5317270,57.18,391,3050,0.03,0,0,0
2021-07-23,58.99,0,41.01,2038,5795463,62.32,8250,5325520,57.27,106,3156,0.03,0,0,0
2021-07-24,58.99,0,41,645,5796108,62.33,1486,5327006,57.28,7,3163,0.03,0,0,0
2021-07-25,59.1,0,40.89,4416,5800524,62.38,15499,5342505,57.45,223,3386,0.04,0,0,0
2021-07-26,59.24,0,40.75,5173,5805697,62.43,13533,5356038,57.6,325,3711,0.04,0,0,0
2021-07-27,59.37,0.01,40.62,5493,5811190,62.49,13579,5369617,57.74,414,4125,0.04,0,0,0
2021-07-28,59.5,0.01,40.49,3990,5815180,62.53,12345,5381962,57.88,472,4597,0.05,0,0,0
2021-07-29,59.65,0.01,40.33,4665,5819845,62.58,14200,5396162,58.03,532,5129,0.06,0,0,0
2021-07-30,59.74,0.02,40.25,2657,5822502,62.61,10856,5407018,58.14,4122,9251,0.1,0,0,0
2021-07-31,59.75,0.02,40.23,1407,5823909,62.63,3553,5410571,58.18,6159,15410,0.17,0,0,0
2021-08-01,59.91,0.02,40.06,3078,5826987,62.66,3366,5413937,58.22,31047,46457,0.5,0,0,0
2021-08-02,60.06,0.03,39.91,3134,5830121,62.69,3175,5417112,58.25,58514,104971,1.13,0,0,0
2021-08-03,60.21,0.03,39.76,3386,5833507,62.73,3330,5420442,58.29,78953,183924,1.98,0,0,0
2021-08-04,60.34,0.03,39.63,3534,5837041,62.77,3255,5423697,58.32,80764,264688,2.85,0,0,0
2021-08-05,60.49,0.04,39.47,4515,5841556,62.82,3570,5427267,58.36,88442,353130,3.8,0,0,0
2021-08-06,60.6,0.04,39.36,2437,5843993,62.84,1862,5429129,58.38,44744,397874,4.28,0,0,0
2021-08-07,60.63,0.04,39.32,1034,5845027,62.85,701,5429830,58.39,27353,425227,4.57,0,0,0
2021-08-08,60.68,0.04,39.28,4991,5850018,62.91,3082,5432912,58.42,80087,505314,5.43,0,0,0
2021-08-09,60.72,0.04,39.24,5341,5855359,62.97,3064,5435976,58.46,76489,581803,6.26,0,0,0
2021-08-10,60.75,0.04,39.2,5554,5860913,63.03,3208,5439184,58.49,75427,657230,7.07,0,0,0
2021-08-11,60.79,0.04,39.17,5695,5866608,63.09,2949,5442133,58.52,62641,719871,7.74,0,0,0
2021-08-12,60.83,0.04,39.12,7039,5873647,63.16,3290,5445423,58.56,59462,779333,8.38,0,0,0
2021-08-13,60.84,0.05,39.11,3821,5877468,63.2,2074,5447497,58.58,43872,823205,8.85,0,0,0
2021-08-14,60.85,0.05,39.1,2254,5879722,63.23,853,5448350,58.59,44486,867691,9.33,0,0,0
2021-08-15,60.89,0.05,39.06,7145,5886867,63.3,4530,5452880,58.64,97985,965676,10.38,0,0,0
2021-08-16,60.92,0.04,39.03,6991,5893858,63.38,4749,5457629,58.69,89521,1055197,11.35,0,0,0
2021-08-17,60.96,0.04,39,7573,5901431,63.46,5138,5462767,58.74,83320,1138517,12.24,0,0,0
2021-08-18,60.99,0.04,38.96,8643,5910074,63.55,4603,5467370,58.79,69267,1207784,12.99,0,0,0
2021-08-19,61.03,0.04,38.92,10082,5920156,63.66,5217,5472587,58.85,65976,1273760,13.7,0,0,0
2021-08-20,61.05,0.05,38.9,4768,5924924,63.71,2827,5475414,58.88,60453,1334213,14.35,0,0,0
2021-08-21,61.06,0.05,38.89,3499,5928423,63.75,1580,5476994,58.9,50725,1384938,14.89,0,0,0
2021-08-22,61.12,0.04,38.84,9824,5938247,63.86,4808,5481802,58.95,105110,1490048,16.02,0,0,0
2021-08-23,61.17,0.04,38.79,10923,5949170,63.97,4448,5486250,59,94033,1584081,17.03,0,0,0
2021-08-24,61.23,0.04,38.73,11723,5960893,64.1,4703,5490953,59.05,98555,1682636,18.09,0,0,0
2021-08-25,61.29,0.04,38.67,9612,5970505,64.2,4485,5495438,59.1,99557,1782193,19.16,0,0,0
2021-08-26,61.36,0.03,38.61,10109,5980614,64.31,5059,5500497,59.15,101231,1883424,20.25,0,0,0
2021-08-27,61.35,0.04,38.61,4325,5984939,64.36,2788,5503285,59.18,56696,1940120,20.86,0,0,0
2021-08-28,61.4,0.04,38.57,3702,5988641,64.4,1500,5504785,59.2,33540,1973660,21.22,0,0,0
2021-08-29,61.46,0.03,38.5,10323,5998964,64.51,5932,5510717,59.26,79550,2053210,22.08,0,0,0
2021-08-30,61.53,0.03,38.44,12335,6011299,64.64,7017,5517734,59.34,116008,2169218,23.33,0,0,0
2021-08-31,61.6,0.03,38.37,12077,6023376,64.77,6529,5524263,59.41,114878,2284096,24.56,0,0,0
2021-09-01,61.43,0.03,38.54,9033,6032409,64.87,6043,5530306,59.47,112492,2396588,25.77,0,0,0
2021-09-02,61.49,0.03,38.48,8784,6041193,64.96,7182,5537488,59.55,111545,2508133,26.97,0,0,0
2021-09-03,61.56,0.03,38.42,3751,6044944,65,4116,5541604,59.59,58886,2567019,27.6,0,0,0
2021-09-04,61.59,0.03,38.38,2691,6047635,65.03,2023,5543627,59.61,29953,2596972,27.93,0,0,0
2021-09-05,61.68,0.03,38.29,6991,6054626,65.11,6460,5550087,59.68,73326,2670298,28.72,0,0,0
2021-09-06,61.77,0.03,38.2,2836,6057462,65.14,2718,5552805,59.71,22798,2693096,28.96,0,0,0
2021-09-07,61.85,0.03,38.12,1201,6058663,65.15,879,5553684,59.72,5398,2698494,29.02,0,0,0
2021-09-08,61.93,0.03,38.05,1380,6060043,65.17,1196,5554880,59.73,6621,2705115,29.09,0,0,0
2021-09-09,62.02,0.03,37.95,7093,6067136,65.24,12573,5567453,59.87,73845,2778960,29.88,0,0,0
2021-09-10,62.06,0.03,37.91,3258,6070394,65.28,5016,5572469,59.92,37938,2816898,30.29,0,0,0
2021-09-11,62.08,0.03,37.89,2109,6072503,65.3,2509,5574978,59.95,14816,2831714,30.45,0,0,0
2021-09-12,62.16,0.03,37.81,6106,6078609,65.37,8589,5583567,60.04,54136,2885850,31.03,0,0,0
2021-09-13,62.15,0.03,37.82,5611,6084220,65.43,8265,5591832,60.13,47983,2933833,31.55,0,0,0
2021-09-14,62.2,0.03,37.77,4963,6089183,65.48,7424,5599256,60.21,48856,2982689,32.07,0,0,0
2021-09-15,62.25,0.03,37.72,1750,6090933,65.5,2718,5601974,60.24,16687,2999376,32.25,0,0,0
2021-09-16,62.37,0.03,37.6,343,6091276,65.5,549,5602523,60.25,1740,3001116,32.27,0,0,0
2021-09-17,62.42,0.03,37.54,3683,6094959,65.54,7022,5609545,60.32,42905,3044021,32.73,0,0,0
2021-09-18,62.45,0.03,37.52,2258,6097217,65.57,2946,5612491,60.35,12783,3056804,32.87,0,0,0
2021-09-19,62.55,0.03,37.42,5942,6103159,65.63,10712,5623203,60.47,44332,3101136,33.35,0,0,0
2021-09-20,62.63,0.03,37.34,3246,6106405,65.67,4646,5627849,60.52,16708,3117844,33.53,0,0,0
2021-09-21,62.69,0.03,37.28,1340,6107745,65.68,2066,5629915,60.54,3477,3121321,33.57,0,0,0
2021-09-22,62.72,0.03,37.25,4260,6112005,65.73,7250,5637165,60.62,25072,3146393,33.83,0,0,0
2021-09-23,62.75,0.03,37.22,4390,6116395,65.77,5916,5643081,60.68,27834,3174227,34.13,0,0,0
2021-09-24,62.82,0.03,37.15,3202,6119597,65.81,4185,5647266,60.73,27723,3201950,34.43,0,0,0
2021-09-25,62.85,0.03,37.12,2080,6121677,65.83,2263,5649529,60.75,10443,3212393,34.54,0,0,0
2021-09-26,62.96,0.03,37,5603,6127280,65.89,5973,5655502,60.82,36271,3248664,34.93,0,0,0
2021-09-27,63.02,0.03,36.94,4695,6131975,65.94,4469,5659971,60.86,30457,3279121,35.26,0,0,0
2021-09-28,63.06,0.04,36.91,1472,6133447,65.96,1184,5661155,60.88,6249,3285370,35.33,0,0,0
2021-09-29,63.13,0.03,36.84,9622,6143069,66.06,8349,5669504,60.97,60325,3345695,35.98,0,0,0
2021-09-30,63.18,0.03,36.79,10976,6154045,66.18,8579,5678083,61.06,79702,3425397,36.84,0,0,0
2021-10-01,63.23,0.03,36.73,5126,6159171,66.23,3875,5681958,61.1,46546,3471943,37.34,0,0,0
2021-10-02,63.26,0.03,36.71,2865,6162036,66.26,2127,5684085,61.12,22432,3494375,37.58,0,0,0
2021-10-03,63.35,0.03,36.62,11667,6173703,66.39,7276,5691361,61.2,70726,3565101,38.34,0,0,0
2021-10-04,63.4,0.03,36.57,10320,6184023,66.5,6759,5698120,61.27,51913,3617014,38.9,0,0,0
2021-10-05,63.41,0.03,36.55,8461,6192484,66.59,5314,5703434,61.33,40479,3657493,39.33,0,0,0
2021-10-06,63.52,0.03,36.45,7543,6200027,66.67,4185,5707619,61.38,34150,3691643,39.7,0,0,0
2021-10-07,63.63,0.03,36.34,6895,6206922,66.75,4009,5711628,61.42,34068,3725711,40.06,0,0,0
2021-10-08,63.68,0.03,36.29,3086,6210008,66.78,2643,5714271,61.45,19250,3744961,40.27,0,0,0
2021-10-09,63.71,0.03,36.26,1341,6211349,66.79,1444,5715715,61.46,7441,3752402,40.35,0,0,0
2021-10-10,63.82,0.04,36.14,4676,6216025,66.84,3747,5719462,61.5,21519,3773921,40.58,0,0,0
2021-10-11,63.91,0.04,36.05,4299,6220324,66.89,2944,5722406,61.54,17269,3791190,40.77,0,0,0
2021-10-12,63.99,0.05,35.96,3977,6224301,66.93,3007,5725413,61.57,15357,3806547,40.93,0,0,0
2021-10-13,64.09,0.05,35.86,3487,6227788,66.97,2451,5727864,61.59,13587,3820134,41.08,0,0,0
2021-10-14,64.19,0.06,35.75,3870,6231658,67.01,2685,5730549,61.62,16568,3836702,41.26,0,0,0
2021-10-15,64.23,0.07,35.7,1703,6233361,67.03,1685,5732234,61.64,9010,3845712,41.35,0,0,0
2021-10-16,64.25,0.08,35.67,729,6234090,67.04,956,5733190,61.65,4035,3849747,41.4,0,0,0
2021-10-17,64.36,0.09,35.56,3090,6237180,67.07,2525,5735715,61.68,12798,3862545,41.54,0,0,0
2021-10-18,64.43,0.1,35.47,2460,6239640,67.1,1691,5737406,61.7,10069,3872614,41.64,0,0,0
2021-10-19,64.49,0.1,35.4,2399,6242039,67.12,1284,5738690,61.71,9294,3881908,41.74,0,0,0
2021-10-20,64.14,0.52,35.34,2435,6244474,67.15,2304,5740994,61.74,10102,3892010,41.85,0,0,0
2021-10-21,54.23,10.41,35.36,3034,6247508,67.18,3097,5744091,61.77,12163,3904173,41.98,0,0,0
2021-10-22,54.36,10.26,35.38,1279,6248787,67.2,1437,5745528,61.78,5840,3910013,42.05,0,0,0
2021-10-23,54.42,10.19,35.39,574,6249361,67.2,1266,5746794,61.8,2564,3912577,42.07,0,0,0
2021-10-24,54.22,10.43,35.35,2517,6251878,67.23,2653,5749447,61.83,9855,3922432,42.18,0,0,0
2021-10-25,54.59,10.22,35.19,2638,6254516,67.26,2752,5752199,61.86,8510,3930942,42.27,0,0,0
2021-10-26,54.64,10.26,35.1,2381,6256897,67.28,2059,5754258,61.88,8529,3939471,42.36,0,0,0
2021-10-27,54.58,10.37,35.06,2292,6259189,67.31,2566,5756824,61.91,7959,3947430,42.45,0,0,0
2021-10-28,54.69,10.76,34.55,2504,6261693,67.34,2782,5759606,61.94,8674,3956104,42.54,0,0,0
2021-10-29,54.73,10.75,34.52,901,6262594,67.34,1154,5760760,61.95,4138,3960242,42.59,0,0,0
2021-10-30,54.68,10.81,34.52,366,6262960,67.35,530,5761290,61.95,1712,3961954,42.6,0,0,0
2021-10-31,54.83,10.7,34.47,2261,6265221,67.37,2495,5763785,61.98,8256,3970210,42.69,0,0,0
2021-11-01,54.95,10.63,34.42,1737,6266958,67.39,2093,5765878,62,6480,3976690,42.76,0,0,0
2021-11-02,54.89,10.69,34.42,2026,6268984,67.41,2048,5767926,62.03,6296,3982986,42.83,0,0,0
2021-11-03,54.86,10.75,34.39,1764,6270748,67.43,1897,5769823,62.05,5556,3988542,42.89,0,0,0
2021-11-04,54.85,10.81,34.33,2111,6272859,67.46,2802,5772625,62.08,7133,3995675,42.97,0,0,0
2021-11-05,54.85,10.83,34.32,790,6273649,67.46,905,5773530,62.09,3487,3999162,43,0,0,0
2021-11-06,54.82,10.86,34.32,347,6273996,67.47,389,5773919,62.09,1375,4000537,43.02,0,0,0
2021-11-07,54.92,10.8,34.28,1578,6275574,67.48,1769,5775688,62.11,6134,4006671,43.09,0,0,0
2021-11-08,55.01,10.75,34.24,1520,6277094,67.5,1603,5777291,62.13,5406,4012077,43.14,0,0,0
2021-11-09,55.05,10.74,34.21,1428,6278522,67.52,1611,5778902,62.14,5332,4017409,43.2,0,0,0
2021-11-10,55.08,10.73,34.19,1424,6279946,67.53,1661,5780563,62.16,4779,4022188,43.25,0,0,0
2021-11-11,55.15,10.69,34.15,1628,6281574,67.55,1947,5782510,62.18,5717,4027905,43.31,0,0,0
2021-11-12,55.17,10.69,34.14,637,6282211,67.56,826,5783336,62.19,2925,4030830,43.35,0,0,0
2021-11-13,55.14,10.72,34.14,257,6282468,67.56,290,5783626,62.19,1130,4031960,43.36,0,0,0
2021-11-14,55.21,10.68,34.11,1536,6284004,67.58,1639,5785265,62.21,5111,4037071,43.41,0,0,0
2021-11-15,55.28,10.63,34.09,1275,6285279,67.59,1626,5786891,62.23,4770,4041841,43.46,0,0,0
2021-11-16,55.32,10.62,34.07,1275,6286554,67.6,1419,5788310,62.24,4349,4046190,43.51,0,0,0
2021-11-17,55.35,10.6,34.05,1208,6287762,67.62,1567,5789877,62.26,3915,4050105,43.55,0,0,0
2021-11-18,55.41,10.58,34.02,1364,6289126,67.63,1693,5791570,62.28,5012,4055117,43.61,0,0,0
2021-11-19,55.42,10.57,34.01,588,6289714,67.64,763,5792333,62.29,2460,4057577,43.63,0,0,0
2021-11-20,55.41,10.58,34,238,6289952,67.64,258,5792591,62.29,929,4058506,43.64,0,0,0
2021-11-21,55.47,10.54,33.98,1409,6291361,67.65,1542,5794133,62.31,4881,4063387,43.7,0,0,0
2021-11-22,55.54,10.5,33.96,1681,6293042,67.67,1523,5795656,62.32,4238,4067625,43.74,0,0,0
2021-11-23,55.57,10.48,33.95,8622,6301664,67.77,1688,5797344,62.34,4012,4071637,43.78,0,0,0
2021-11-24,55.6,10.44,33.95,9350,6311014,67.87,1319,5798663,62.36,3924,4075561,43.83,0,0,0
2021-11-25,55.64,10.43,33.93,9812,6320826,67.97,1600,5800263,62.37,4841,4080402,43.88,0,0,0
2021-11-26,55.63,10.45,33.92,5610,6326436,68.03,748,5801011,62.38,2805,4083207,43.91,0,0,0
2021-11-27,55.62,10.46,33.92,4779,6331215,68.08,324,5801335,62.38,1164,4084371,43.92,0,0,0
2021-11-28,55.67,10.43,33.9,10152,6341367,68.19,1481,5802816,62.4,4904,4089275,43.97,0,0,0
2021-11-29,55.73,10.39,33.88,9043,6350410,68.29,1134,5803950,62.41,4376,4093651,44.02,0,0,0
2021-11-30,55.77,10.37,33.86,10044,6360454,68.4,1037,5804987,62.42,4084,4097735,44.06,0,0,0
2021-12-01,55.79,10.36,33.84,8632,6369086,68.49,1097,5806084,62.44,4444,4102179,44.11,5,5,0
2021-12-02,55.84,10.34,33.82,9178,6378264,68.59,1456,5807540,62.45,5125,4107304,44.17,6,11,0
2021-12-03,55.86,10.33,33.81,6333,6384597,68.66,673,5808213,62.46,2868,4110172,44.2,1,12,0
2021-12-04,55.85,10.34,33.81,2509,6387106,68.68,238,5808451,62.46,925,4111097,44.21,3,15,0
2021-12-05,55.9,10.31,33.79,8335,6395441,68.77,1254,5809705,62.47,4683,4115780,44.26,1,16,0
2021-12-06,55.95,10.27,33.78,6723,6402164,68.85,1200,5810905,62.49,4351,4120131,44.31,4,20,0
2021-12-07,55.99,10.25,33.76,5553,6407717,68.91,1506,5812411,62.5,3966,4124097,44.35,9,29,0
2021-12-08,56.03,10.22,33.75,4936,6412653,68.96,1200,5813611,62.52,3884,4127981,44.39,10,39,0
2021-12-09,56.08,10.19,33.73,6239,6418892,69.03,1241,5814852,62.53,4508,4132489,44.44,8,47,0
2021-12-10,56.1,10.18,33.72,3006,6421898,69.06,704,5815556,62.54,2687,4135176,44.47,4,51,0
2021-12-11,56.1,10.18,33.71,1491,6423389,69.07,255,5815811,62.54,1021,4136197,44.48,0,51,0
2021-12-12,56.16,10.15,33.69,7274,6430663,69.15,1444,5817255,62.56,5248,4141445,44.54,3,54,0
2021-12-13,56.21,10.11,33.67,6183,6436846,69.22,1377,5818632,62.57,4351,4145796,44.58,5,59,0
2021-12-14,56.27,10.09,33.65,7317,6444163,69.3,6101,5824733,62.64,4940,4150736,44.64,12,71,0
2021-12-15,56.34,10.06,33.6,7205,6451368,69.37,7408,5832141,62.72,5446,4156182,44.69,7,78,0
2021-12-16,56.53,10.05,33.42,8079,6459447,69.46,8614,5840755,62.81,6564,4162746,44.76,8,86,0
2021-12-17,56.64,10.05,33.3,4406,6463853,69.51,5140,5845895,62.86,3954,4166700,44.81,3,89,0
2021-12-18,56.73,10.07,33.2,3941,6467794,69.55,2914,5848809,62.9,1361,4168061,44.82,2,91,0
2021-12-19,56.92,10.04,33.04,6977,6474771,69.63,9332,5858141,63,6275,4174336,44.89,6,97,0
2021-12-20,57.07,10.02,32.91,7972,6482743,69.71,7518,5865659,63.08,5446,4179782,44.95,9,106,0
2021-12-21,57.27,10.01,32.71,9549,6492292,69.81,8649,5874308,63.17,6492,4186274,45.02,8,114,0
2021-12-22,57.49,10,32.52,9664,6501956,69.92,8155,5882463,63.26,6254,4192528,45.08,12,126,0
2021-12-23,57.7,9.97,32.33,11539,6513495,70.04,10265,5892728,63.37,8160,4200688,45.17,18,144,0
2021-12-24,57.83,9.96,32.21,5873,6519368,70.11,6243,5898971,63.43,5281,4205969,45.23,12,156,0
2021-12-25,57.9,9.96,32.15,3338,6522706,70.14,2566,5901537,63.46,2021,4207990,45.25,6,162,0
2021-12-26,58.1,9.92,31.98,10653,6533359,70.26,8910,5910447,63.56,8201,4216191,45.34,8,170,0
2021-12-27,58.27,9.9,31.83,10371,6543730,70.37,7145,5917592,63.63,8188,4224379,45.43,21,191,0
2021-12-28,58.46,9.88,31.66,11375,6555105,70.49,7453,5925045,63.71,9642,4234021,45.53,24,215,0
2021-12-29,58.64,9.85,31.51,9933,6565038,70.6,5964,5931009,63.78,8376,4242397,45.62,21,236,0
2021-12-30,58.84,9.82,31.34,11012,6576050,70.72,7735,5938744,63.86,12241,4254638,45.75,10,246,0
2021-12-31,58.9,9.79,31.3,4829,6580879,70.77,3672,5942416,63.9,7296,4261934,45.83,135,381,0
2022-01-01,58.93,9.79,31.28,1993,6582872,70.79,1592,5944008,63.92,2741,4264675,45.86,66,447,0
2022-01-02,59.14,9.76,31.1,10217,6593089,70.9,6487,5950495,63.99,13002,4277677,46,590,1037,0.01
2022-01-03,59.29,9.71,31,9384,6602473,71,5259,5955754,64.05,11342,4289019,46.12,25055,26092,0.28
2022-01-04,59.46,9.68,30.86,8966,6611439,71.1,5950,5961704,64.11,10526,4299545,46.24,50659,76751,0.83
2022-01-05,59.56,9.65,30.79,8553,6619992,71.19,5740,5967444,64.17,10494,4310039,46.35,59590,136341,1.47
2022-01-06,59.81,9.63,30.56,10339,6630331,71.3,7959,5975403,64.26,13530,4323569,46.49,64001,200342,2.15
2022-01-07,59.89,9.61,30.49,4760,6635091,71.35,4556,5979959,64.31,8166,4331735,46.58,31135,231477,2.49
2022-01-08,59.9,9.64,30.46,2750,6637841,71.38,2451,5982410,64.33,5502,4337237,46.64,27631,259108,2.79
2022-01-09,60.06,9.59,30.35,9306,6647147,71.48,7723,5990133,64.41,11870,4349107,46.77,66765,325873,3.5
2022-01-10,60.21,9.54,30.25,8349,6655496,71.57,7647,5997780,64.5,11882,4360989,46.9,64777,390650,4.2
2022-01-11,60.38,9.49,30.13,8099,6663595,71.66,8621,6006401,64.59,11974,4372963,47.02,56658,447308,4.81
2022-01-12,60.51,9.45,30.04,7277,6670872,71.74,8303,6014704,64.68,11114,4384077,47.14,44631,491939,5.29
2022-01-13,60.7,9.35,29.94,7509,6678381,71.82,9617,6024321,64.78,11545,4395622,47.27,34767,526706,5.66
2022-01-14,60.79,9.31,29.9,2555,6680936,71.84,4935,6029256,64.84,6145,4401767,47.33,11142,537848,5.78
2022-01-15,60.83,9.29,29.87,1469,6682405,71.86,3170,6032426,64.87,3884,4405651,47.38,5716,543564,5.85
2022-01-16,60.97,9.2,29.82,3818,6686223,71.9,8526,6040952,64.96,7682,4413333,47.46,19992,563556,6.06
2022-01-17,61.09,9.13,29.78,2808,6689031,71.93,7047,6047999,65.04,6173,4419506,47.53,17833,581389,6.25
2022-01-18,61.23,9.07,29.7,2476,6691507,71.96,7386,6055385,65.12,5534,4425040,47.58,14817,596206,6.41
2022-01-19,61.37,8.98,29.65,1915,6693422,71.98,6369,6061754,65.19,4521,4429561,47.63,8461,604667,6.5
2022-01-20,61.44,8.85,29.71,1777,6695199,72,6971,6068725,65.26,4793,4434354,47.68,8041,612708,6.59
2022-01-21,61.51,8.81,29.68,905,6696104,72.01,3725,6072450,65.3,2646,4437000,47.71,3358,616066,6.62
2022-01-22,61.51,8.75,29.74,328,6696432,72.01,1461,6073911,65.32,1066,4438066,47.72,1113,617179,6.64
2022-01-23,61.61,8.7,29.69,1068,6697500,72.02,5632,6079543,65.38,2879,4440945,47.76,6083,623262,6.7
2022-01-24,61.73,8.62,29.65,760,6698260,72.03,4480,6084023,65.42,2270,4443215,47.78,5055,628317,6.76
2022-01-25,61.9,8.51,29.59,744,6699004,72.04,4401,6088424,65.47,2185,4445400,47.8,7102,635419,6.83
2022-01-26,62.02,8.42,29.57,615,6699619,72.04,3285,6091709,65.51,1612,4447012,47.82,4262,639681,6.88
2022-01-27,62.12,8.35,29.52,798,6700417,72.05,4406,6096115,65.55,2005,4449017,47.84,5441,645122,6.94
2022-01-28,62.16,8.33,29.5,396,6700813,72.06,2376,6098491,65.58,1181,4450198,47.86,3452,648574,6.97
2022-01-29,62.23,8.29,29.48,124,6700937,72.06,1046,6099537,65.59,424,4450622,47.86,1162,649736,6.99
2022-01-30,62.3,8.24,29.46,769,6701706,72.07,4720,6104257,65.64,2020,4452642,47.88,8099,657835,7.07
2022-01-31,62.39,8.17,29.43,528,6702234,72.07,3184,6107441,65.68,1610,4454252,47.9,6472,664307,7.14
2022-02-01,62.45,8.15,29.4,482,6702716,72.08,2808,6110249,65.71,1526,4455778,47.92,5722,670029,7.21
2022-02-02,62.28,8.13,29.59,375,6703091,72.08,2395,6112644,65.73,1385,4457163,47.93,5073,675102,7.26
2022-02-03,62.34,8.08,29.57,446,6703537,72.09,2776,6115420,65.76,1462,4458625,47.95,5607,680709,7.32
2022-02-04,62.37,8.06,29.57,174,6703711,72.09,991,6116411,65.77,757,4459382,47.95,2455,683164,7.35
2022-02-05,62.34,8.09,29.56,62,6703773,72.09,342,6116753,65.78,221,4459603,47.96,420,683584,7.35
2022-02-06,62.41,8.05,29.55,407,6704180,72.09,2320,6119073,65.8,1344,4460947,47.97,5686,689270,7.41
2022-02-07,62.47,8.01,29.52,283,6704463,72.1,1308,6120381,65.82,983,4461930,47.98,5960,695230,7.48
2022-02-08,62.54,7.97,29.49,317,6704780,72.1,1498,6121879,65.83,1068,4462998,47.99,6137,701367,7.54
2022-02-09,62.6,7.95,29.45,254,6705034,72.1,1102,6122981,65.84,946,4463944,48,4570,705937,7.59
2022-02-10,62.63,7.93,29.44,273,6705307,72.11,1293,6124274,65.86,936,4464880,48.01,4815,710752,7.64
2022-02-11,62.67,7.91,29.42,211,6705518,72.11,557,6124831,65.86,518,4465398,48.02,2540,713292,7.67
2022-02-12,62.67,7.91,29.41,32,6705550,72.11,90,6124921,65.86,136,4465534,48.02,269,713561,7.67
2022-02-13,62.73,7.87,29.39,286,6705836,72.11,946,6125867,65.87,966,4466500,48.03,4998,718559,7.73
2022-02-14,62.89,7.74,29.36,179,6706015,72.11,629,6126496,65.88,760,4467260,48.04,3142,721701,7.76
2022-02-15,62.92,7.73,29.35,266,6706281,72.12,763,6127259,65.89,937,4468197,48.05,3819,725520,7.8
2022-02-16,62.95,7.72,29.34,179,6706460,72.12,577,6127836,65.9,803,4469000,48.06,2488,728008,7.83
2022-02-17,62.96,7.7,29.34,247,6706707,72.12,740,6128576,65.9,775,4469775,48.07,3061,731069,7.86
2022-02-18,62.98,7.69,29.33,130,6706837,72.12,343,6128919,65.91,439,4470214,48.07,1119,732188,7.87
2022-02-19,62.99,7.69,29.32,33,6706870,72.12,84,6129003,65.91,82,4470296,48.07,80,732268,7.87
2022-02-20,63.01,7.67,29.32,204,6707074,72.12,604,6129607,65.91,723,4471019,48.08,2574,734842,7.9
2022-02-21,63.04,7.65,29.31,173,6707247,72.13,413,6130020,65.92,489,4471508,48.08,1542,736384,7.92
2022-02-22,63.05,7.65,29.3,158,6707405,72.13,455,6130475,65.92,570,4472078,48.09,1871,738255,7.94
2022-02-23,63.06,7.65,29.29,109,6707514,72.13,353,6130828,65.93,453,4472531,48.1,1153,739408,7.95
2022-02-24,63.05,7.66,29.29,138,6707652,72.13,463,6131291,65.93,568,4473099,48.1,1493,740901,7.97
2022-02-25,63.06,7.66,29.28,59,6707711,72.13,144,6131435,65.93,192,4473291,48.1,456,741357,7.97
2022-02-26,63.05,7.67,29.28,17,6707728,72.13,28,6131463,65.93,161,4473452,48.11,35,741392,7.97
2022-02-27,63.05,7.67,29.28,112,6707840,72.13,341,6131804,65.94,448,4473900,48.11,1119,742511,7.98
2022-02-28,63.07,7.65,29.28,108,6707948,72.13,271,6132075,65.94,424,4474324,48.11,908,743419,7.99
2022-03-01,63.1,7.63,29.27,95,6708043,72.14,280,6132355,65.94,374,4474698,48.12,797,744216,8
2022-03-02,63.11,7.62,29.27,77,6708120,72.14,199,6132554,65.95,324,4475022,48.12,698,744914,8.01
2022-03-03,63.05,7.67,29.27,157,6708277,72.14,371,6132925,65.95,498,4475520,48.13,987,745901,8.02
2022-03-04,63.05,7.68,29.27,53,6708330,72.14,170,6133095,65.95,170,4475690,48.13,228,746129,8.02
2022-03-05,63.04,7.69,29.27,4,6708334,72.14,25,6133120,65.95,44,4475734,48.13,32,746161,8.02
2022-03-06,63.04,7.69,29.27,98,6708432,72.14,259,6133379,65.96,417,4476151,48.13,760,746921,8.03
2022-03-07,63.05,7.69,29.26,86,6708518,72.14,260,6133639,65.96,354,4476505,48.14,605,747526,8.04
2022-03-08,63.04,7.7,29.26,99,6708617,72.14,263,6133902,65.96,333,4476838,48.14,550,748076,8.04
2022-03-09,63.02,7.72,29.25,89,6708706,72.14,213,6134115,65.96,337,4477175,48.15,492,748568,8.05
2022-03-10,63.01,7.74,29.25,115,6708821,72.14,375,6134490,65.97,428,4477603,48.15,620,749188,8.06
2022-03-11,63,7.75,29.25,24,6708845,72.14,86,6134576,65.97,123,4477726,48.15,144,749332,8.06
2022-03-12,62.98,7.77,29.24,11,6708856,72.14,12,6134588,65.97,34,4477760,48.15,28,749360,8.06
2022-03-13,62.98,7.78,29.24,100,6708956,72.14,271,6134859,65.97,358,4478118,48.16,595,749955,8.06
2022-03-14,62.98,7.78,29.24,66,6709022,72.15,253,6135112,65.97,316,4478434,48.16,559,750514,8.07
2022-03-15,62.95,7.81,29.24,80,6709102,72.15,185,6135297,65.98,293,4478727,48.16,591,751105,8.08
2022-03-16,62.94,7.82,29.24,77,6709179,72.15,205,6135502,65.98,305,4479032,48.17,668,751773,8.08
2022-03-17,62.94,7.82,29.24,65,6709244,72.15,122,6135624,65.98,286,4479318,48.17,613,752386,8.09
2022-03-18,62.94,7.82,29.24,20,6709264,72.15,54,6135678,65.98,100,4479418,48.17,234,752620,8.09
2022-03-19,62.89,7.88,29.23,6,6709270,72.15,11,6135689,65.98,29,4479447,48.17,39,752659,8.09
2022-03-20,62.87,7.89,29.23,119,6709389,72.15,260,6135949,65.98,486,4479933,48.18,1431,754090,8.11
2022-03-21,62.87,7.9,29.23,97,6709486,72.15,247,6136196,65.99,379,4480312,48.18,1132,755222,8.12
2022-03-22,62.84,7.94,29.23,141,6709627,72.15,342,6136538,65.99,508,4480820,48.18,1770,756992,8.14
2022-03-23,62.81,7.97,29.22,108,6709735,72.15,212,6136750,65.99,463,4481283,48.19,1677,758669,8.16
2022-03-24,62.78,8,29.22,174,6709909,72.16,345,6137095,66,769,4482052,48.2,2363,761032,8.18
2022-03-25,62.78,8,29.23,39,6709948,72.16,82,6137177,66,159,4482211,48.2,630,761662,8.19
2022-03-26,62.77,8,29.22,12,6709960,72.16,13,6137190,66,34,4482245,48.2,91,761753,8.19
2022-03-27,62.75,8.02,29.22,167,6710127,72.16,344,6137534,66,758,4483003,48.21,3193,764946,8.23
2022-03-28,62.75,8.03,29.22,113,6710240,72.16,270,6137804,66,623,4483626,48.21,2416,767362,8.25
2022-03-29,62.7,8.07,29.22,125,6710365,72.16,258,6138062,66.01,641,4484267,48.22,2772,770134,8.28
2022-03-30,62.81,8.11,29.07,132,6710497,72.16,208,6138270,66.01,541,4484808,48.23,2370,772504,8.31
2022-03-31,62.79,8.11,29.1,166,6710663,72.16,302,6138572,66.01,730,4485538,48.24,2853,775357,8.34
2022-04-01,62.72,8.13,29.15,122,6710785,72.16,161,6138733,66.01,277,4485815,48.24,588,775945,8.34
2022-04-02,62.69,8.15,29.16,7,6710792,72.16,7,6138740,66.01,37,4485852,48.24,52,775997,8.34
2022-04-03,62.65,8.16,29.19,159,6710951,72.17,270,6139010,66.02,569,4486421,48.24,2478,778475,8.37
2022-04-04,62.62,8.16,29.22,103,6711054,72.17,208,6139218,66.02,484,4486905,48.25,2225,780700,8.4
2022-04-05,62.57,8.19,29.25,122,6711176,72.17,221,6139439,66.02,513,4487418,48.26,2243,782943,8.42
2022-04-06,62.55,8.2,29.25,91,6711267,72.17,157,6139596,66.02,382,4487800,48.26,2023,784966,8.44
2022-04-07,62.56,8.2,29.24,191,6711458,72.17,215,6139811,66.02,641,4488441,48.27,2556,787522,8.47
2022-04-08,62.54,8.22,29.23,30,6711488,72.17,61,6139872,66.03,154,4488595,48.27,482,788004,8.47
2022-04-09,62.52,8.25,29.23,6,6711494,72.17,17,6139889,66.03,28,4488623,48.27,47,788051,8.47
2022-04-10,62.51,8.26,29.23,103,6711597,72.17,264,6140153,66.03,429,4489052,48.27,1845,789896,8.49
2022-04-11,62.54,8.26,29.2,78,6711675,72.17,201,6140354,66.03,371,4489423,48.28,1425,791321,8.51
2022-04-12,62.58,8.29,29.12,204,6711879,72.18,168,6140522,66.03,376,4489799,48.28,1360,792681,8.52
2022-04-13,62.58,8.31,29.1,117,6711996,72.18,150,6140672,66.03,298,4490097,48.28,1218,793899,8.54
2022-04-14,62.57,8.33,29.1,85,6712081,72.18,221,6140893,66.04,321,4490418,48.29,1069,794968,8.55
2022-04-15,62.55,8.35,29.1,9,6712090,72.18,51,6140944,66.04,48,4490466,48.29,82,795050,8.55
2022-04-16,62.53,8.37,29.1,3,6712093,72.18,8,6140952,66.04,21,4490487,48.29,29,795079,8.55
2022-04-17,62.52,8.38,29.1,62,6712155,72.18,131,6141083,66.04,229,4490716,48.29,807,795886,8.56
2022-04-18,62.51,8.38,29.1,69,6712224,72.18,109,6141192,66.04,252,4490968,48.29,750,796636,8.57
2022-04-19,62.5,8.4,29.1,62,6712286,72.18,145,6141337,66.04,273,4491241,48.3,842,797478,8.58
2022-04-20,62.48,8.42,29.1,60,6712346,72.18,117,6141454,66.04,235,4491476,48.3,656,798134,8.58
2022-04-21,62.47,8.43,29.1,53,6712399,72.18,109,6141563,66.04,197,4491673,48.3,479,798613,8.59
2022-04-22,62.45,8.44,29.11,3,6712402,72.18,17,6141580,66.04,19,4491692,48.3,20,798633,8.59
2022-04-23,62.43,8.46,29.11,6,6712408,72.18,9,6141589,66.04,16,4491708,48.3,13,798646,8.59
2022-04-24,62.43,8.47,29.1,92,6712500,72.18,250,6141839,66.05,329,4492037,48.31,872,799518,8.6
2022-04-25,62.43,8.47,29.1,105,6712605,72.18,191,6142030,66.05,316,4492353,48.31,739,800257,8.61
2022-04-26,62.42,8.48,29.1,76,6712681,72.18,175,6142205,66.05,304,4492657,48.31,788,801045,8.61
2022-04-27,62.41,8.49,29.1,54,6712735,72.19,160,6142365,66.05,227,4492884,48.31,640,801685,8.62
2022-04-28,62.41,8.5,29.1,96,6712831,72.19,232,6142597,66.05,329,4493213,48.32,872,802557,8.63
2022-04-29,62.39,8.51,29.1,112,6712943,72.19,159,6142756,66.06,184,4493397,48.32,196,802753,8.63
2022-04-30,62.38,8.52,29.1,1,6712944,72.19,3,6142759,66.06,24,4493421,48.32,22,802775,8.63
2022-05-01,62.38,8.53,29.09,135,6713079,72.19,185,6142944,66.06,317,4493738,48.32,630,803405,8.64
2022-05-02,62.37,8.54,29.09,62,6713141,72.19,155,6143099,66.06,235,4493973,48.33,491,803896,8.64
2022-05-03,62.36,8.55,29.09,73,6713214,72.19,151,6143250,66.06,288,4494261,48.33,508,804404,8.65
2022-05-04,62.35,8.57,29.08,23,6713237,72.19,56,6143306,66.06,63,4494324,48.33,129,804533,8.65
2022-05-05,62.34,8.58,29.08,5,6713242,72.19,1,6143307,66.06,8,4494332,48.33,14,804547,8.65
2022-05-06,62.33,8.59,29.08,20,6713262,72.19,59,6143366,66.06,64,4494396,48.33,154,804701,8.65
2022-05-07,62.32,8.6,29.08,1,6713263,72.19,7,6143373,66.06,27,4494423,48.33,24,804725,8.65
2022-05-08,62.31,8.61,29.08,118,6713381,72.19,207,6143580,66.06,270,4494693,48.33,457,805182,8.66
2022-05-09,62.31,8.61,29.08,59,6713440,72.19,162,6143742,66.07,251,4494944,48.34,505,805687,8.66
2022-05-10,62.3,8.62,29.08,131,6713571,72.19,169,6143911,66.07,261,4495205,48.34,508,806195,8.67
2022-05-11,62.3,8.63,29.08,58,6713629,72.2,118,6144029,66.07,183,4495388,48.34,464,806659,8.67
2022-05-12,62.29,8.64,29.07,119,6713748,72.2,200,6144229,66.07,280,4495668,48.34,666,807325,8.68
2022-05-13,62.28,8.65,29.07,11,6713759,72.2,44,6144273,66.07,71,4495739,48.34,110,807435,8.68
2022-05-14,62.26,8.66,29.07,6,6713765,72.2,13,6144286,66.07,14,4495753,48.35,24,807459,8.68
2022-05-15,62.26,8.67,29.07,90,6713855,72.2,175,6144461,66.07,246,4495999,48.35,665,808124,8.69
2022-05-16,62.19,8.65,29.16,68,6713923,72.2,141,6144602,66.08,230,4496229,48.35,510,808634,8.7
2022-05-17,62.18,8.66,29.16,73,6713996,72.2,153,6144755,66.08,267,4496496,48.35,618,809252,8.7
2022-05-18,62.17,8.67,29.16,43,6714039,72.2,99,6144854,66.08,169,4496665,48.35,447,809699,8.71
2022-05-19,62.16,8.68,29.16,64,6714103,72.2,171,6145025,66.08,213,4496878,48.36,499,810198,8.71
2022-05-20,62.15,8.69,29.16,76,6714179,72.2,114,6145139,66.08,130,4497008,48.36,138,810336,8.71
2022-05-21,62.14,8.7,29.16,4,6714183,72.2,7,6145146,66.08,15,4497023,48.36,18,810354,8.71
2022-05-22,62.14,8.71,29.16,85,6714268,72.2,190,6145336,66.08,216,4497239,48.36,426,810780,8.72
2022-05-23,62.14,8.71,29.16,65,6714333,72.2,120,6145456,66.09,156,4497395,48.36,348,811128,8.72
2022-05-24,62.13,8.71,29.15,43,6714376,72.2,119,6145575,66.09,157,4497552,48.36,394,811522,8.73
2022-05-25,62.12,8.72,29.15,61,6714437,72.2,103,6145678,66.09,168,4497720,48.37,337,811859,8.73
2022-05-26,62.11,8.73,29.16,72,6714509,72.2,136,6145814,66.09,186,4497906,48.37,347,812206,8.73
2022-05-27,62.1,8.74,29.16,12,6714521,72.2,29,6145843,66.09,43,4497949,48.37,59,812265,8.73
2022-05-28,62.09,8.75,29.16,2,6714523,72.2,5,6145848,66.09,8,4497957,48.37,12,812277,8.73
2022-05-29,62.09,8.75,29.16,89,6714612,72.21,153,6146001,66.09,163,4498120,48.37,316,812593,8.74
2022-05-30,62.09,8.76,29.16,56,6714668,72.21,134,6146135,66.09,125,4498245,48.37,291,812884,8.74
2022-05-31,62.07,8.78,29.15,45,6714713,72.21,104,6146239,66.09,153,4498398,48.37,351,813235,8.75
2022-06-01,61.95,8.9,29.16,65,6714778,72.21,90,6146329,66.09,119,4498517,48.37,277,813512,8.75
2022-06-02,45.96,24.88,29.15,77,6714855,72.21,156,6146485,66.1,178,4498695,48.38,255,813767,8.75
2022-06-03,45.9,24.95,29.16,10,6714865,72.21,23,6146508,66.1,21,4498716,48.38,33,813800,8.75
2022-06-04,45.84,25,29.16,0,6714865,72.21,7,6146515,66.1,8,4498724,48.38,5,813805,8.75
2022-06-05,45.8,25.05,29.16,11,6714876,72.21,14,6146529,66.1,7,4498731,48.38,2,813807,8.75
2022-06-06,39.96,30.89,29.16,58,6714934,72.21,145,6146674,66.1,161,4498892,48.38,262,814069,8.75
2022-06-07,39.92,30.93,29.15,54,6714988,72.21,134,6146808,66.1,142,4499034,48.38,379,814448,8.76
2022-06-08,39.89,30.96,29.15,59,6715047,72.21,104,6146912,66.1,131,4499165,48.38,497,814945,8.76
2022-06-09,39.86,30.99,29.15,84,6715131,72.21,208,6147120,66.1,234,4499399,48.38,642,815587,8.77
2022-06-10,39.83,31.02,29.15,14,6715145,72.21,51,6147171,66.1,59,4499458,48.38,142,815729,8.77
2022-06-11,39.8,31.05,29.15,0,6715145,72.21,3,6147174,66.1,7,4499465,48.38,19,815748,8.77
2022-06-12,39.8,31.05,29.15,109,6715254,72.21,199,6147373,66.11,191,4499656,48.39,767,816515,8.78
2022-06-13,39.81,31.04,29.15,84,6715338,72.21,142,6147515,66.11,168,4499824,48.39,626,817141,8.79
2022-06-14,39.79,31.06,29.15,116,6715454,72.21,173,6147688,66.11,208,4500032,48.39,759,817900,8.8
2022-06-15,39.78,31.08,29.15,71,6715525,72.22,141,6147829,66.11,207,4500239,48.39,700,818600,8.8
2022-06-16,39.74,31.11,29.14,94,6715619,72.22,136,6147965,66.11,218,4500457,48.4,742,819342,8.81
2022-06-17,39.72,31.14,29.15,16,6715635,72.22,63,6148028,66.11,53,4500510,48.4,125,819467,8.81
2022-06-18,39.68,31.17,29.14,3,6715638,72.22,4,6148032,66.11,11,4500521,48.4,15,819482,8.81
2022-06-19,39.53,31.33,29.15,115,6715753,72.22,208,6148240,66.12,318,4500839,48.4,877,820359,8.82
2022-06-20,33.92,36.85,29.23,99,6715852,72.22,152,6148392,66.12,307,4501146,48.4,922,821281,8.83
2022-06-21,33.58,37.19,29.23,94,6715946,72.22,154,6148546,66.12,375,4501521,48.41,1229,822510,8.84
2022-06-22,33.28,37.49,29.23,110,6716056,72.22,136,6148682,66.12,339,4501860,48.41,894,823404,8.85
2022-06-23,32.84,37.92,29.23,132,6716188,72.22,217,6148899,66.12,525,4502385,48.42,1146,824550,8.87
2022-06-24,32.43,38.34,29.24,19,6716207,72.22,35,6148934,66.12,110,4502495,48.42,208,824758,8.87
2022-06-25,32.04,38.72,29.24,1,6716208,72.22,3,6148937,66.12,13,4502508,48.42,16,824774,8.87
2022-06-26,31.63,39.13,29.24,107,6716315,72.22,158,6149095,66.12,379,4502887,48.42,933,825707,8.88
2022-06-27,31.29,39.47,29.24,86,6716401,72.22,172,6149267,66.13,392,4503279,48.43,1028,826735,8.89
2022-06-28,30.86,39.91,29.24,84,6716485,72.23,151,6149418,66.13,364,4503643,48.43,932,827667,8.9
2022-06-29,30.48,40.28,29.24,76,6716561,72.23,108,6149526,66.13,265,4503908,48.43,816,828483,8.91
2022-06-30,30.05,40.71,29.24,86,6716647,72.23,165,6149691,66.13,355,4504263,48.44,1062,829545,8.92
2022-07-01,29.62,41.14,29.24,22,6716669,72.23,28,6149719,66.13,55,4504318,48.44,80,829625,8.92
2022-07-02,29.2,41.56,29.24,1,6716670,72.23,2,6149721,66.13,8,4504326,48.44,18,829643,8.92
2022-07-03,28.81,41.95,29.24,100,6716770,72.23,177,6149898,66.13,322,4504648,48.44,637,830280,8.93
2022-07-04,28.5,42.26,29.24,76,6716846,72.23,140,6150038,66.13,278,4504926,48.44,749,831029,8.94
2022-07-05,28.06,42.7,29.24,59,6716905,72.23,142,6150180,66.14,302,4505228,48.45,688,831717,8.94
2022-07-06,27.39,43.37,29.24,78,6716983,72.23,124,6150304,66.14,211,4505439,48.45,646,832363,8.95
2022-07-07,26.48,44.28,29.24,82,6717065,72.23,164,6150468,66.14,267,4505706,48.45,721,833084,8.96
2022-07-08,25.47,45.29,29.24,17,6717082,72.23,33,6150501,66.14,69,4505775,48.45,131,833215,8.96
2022-07-09,24.42,46.34,29.24,0,6717082,72.23,1,6150502,66.14,3,4505778,48.45,2,833217,8.96
2022-07-10,23.77,46.99,29.24,90,6717172,72.23,164,6150666,66.14,229,4506007,48.46,470,833687,8.97
2022-07-11,23.22,47.54,29.24,64,6717236,72.23,142,6150808,66.14,248,4506255,48.46,575,834262,8.97
2022-07-12,22.13,48.63,29.24,69,6717305,72.23,129,6150937,66.14,207,4506462,48.46,558,834820,8.98
2022-07-13,21.1,49.66,29.24,43,6717348,72.23,101,6151038,66.15,165,4506627,48.46,488,835308,8.98
2022-07-14,20.12,50.63,29.24,69,6717417,72.24,147,6151185,66.15,209,4506836,48.46,513,835821,8.99
2022-07-15,19.27,51.48,29.25,64,6717481,72.24,88,6151273,66.15,127,4506963,48.47,166,835987,8.99
2022-07-16,18.29,52.46,29.25,0,6717481,72.24,6,6151279,66.15,7,4506970,48.47,8,835995,8.99
2022-07-17,17.83,52.92,29.25,77,6717558,72.24,183,6151462,66.15,241,4507211,48.47,468,836463,8.99
2022-07-18,17.48,53.26,29.26,62,6717620,72.24,158,6151620,66.15,207,4507418,48.47,511,836974,9
2022-07-19,16.77,53.97,29.26,62,6717682,72.24,147,6151767,66.15,174,4507592,48.47,368,837342,9
2022-07-20,16.09,54.64,29.26,51,6717733,72.24,134,6151901,66.15,137,4507729,48.47,423,837765,9.01
2022-07-21,15.43,55.3,29.27,61,6717794,72.24,160,6152061,66.16,177,4507906,48.48,341,838106,9.01
2022-07-22,14.64,56.08,29.28,10,6717804,72.24,36,6152097,66.16,43,4507949,48.48,56,838162,9.01
2022-07-23,14.17,56.55,29.28,0,6717804,72.24,4,6152101,66.16,4,4507953,48.48,9,838171,9.01
2022-07-24,13.55,57.16,29.29,58,6717862,72.24,128,6152229,66.16,197,4508150,48.48,364,838535,9.02
2022-07-25,13.09,57.61,29.3,48,6717910,72.24,107,6152336,66.16,172,4508322,48.48,336,838871,9.02
2022-07-26,12.46,58.23,29.3,47,6717957,72.24,99,6152435,66.16,111,4508433,48.48,270,839141,9.02
2022-07-27,11.89,58.8,29.31,43,6718000,72.24,125,6152560,66.16,132,4508565,48.48,243,839384,9.03
2022-07-28,11.35,59.34,29.31,62,6718062,72.24,143,6152703,66.16,148,4508713,48.48,220,839604,9.03
2022-07-29,10.85,59.83,29.32,10,6718072,72.24,25,6152728,66.16,27,4508740,48.48,31,839635,9.03
2022-07-30,10.34,60.33,29.33,0,6718072,72.24,0,6152728,66.16,1,4508741,48.48,1,839636,9.03
2022-07-31,9.97,60.7,29.33,56,6718128,72.24,134,6152862,66.16,131,4508872,48.49,252,839888,9.03
2022-08-01,9.47,61.19,29.34,54,6718182,72.24,76,6152938,66.17,91,4508963,48.49,152,840040,9.03
2022-08-02,8.92,61.73,29.35,111,6718293,72.25,119,6153057,66.17,157,4509120,48.49,264,840304,9.04
2022-08-03,8.46,62.19,29.35,76,6718369,72.25,71,6153128,66.17,92,4509212,48.49,178,840482,9.04
2022-08-04,8.04,62.61,29.36,133,6718502,72.25,133,6153261,66.17,111,4509323,48.49,246,840728,9.04
2022-08-05,7.71,62.93,29.36,31,6718533,72.25,23,6153284,66.17,13,4509336,48.49,24,840752,9.04
2022-08-06,7.32,63.32,29.36,1,6718534,72.25,2,6153286,66.17,3,4509339,48.49,5,840757,9.04
2022-08-07,6.92,63.71,29.37,89,6718623,72.25,97,6153383,66.17,69,4509408,48.49,169,840926,9.04
2022-08-08,6.74,63.89,29.37,76,6718699,72.25,95,6153478,66.17,122,4509530,48.49,172,841098,9.04
2022-08-09,6.25,64.37,29.38,96,6718795,72.25,90,6153568,66.17,99,4509629,48.49,213,841311,9.05
2022-08-10,5.91,64.71,29.38,77,6718872,72.25,60,6153628,66.17,76,4509705,48.5,115,841426,9.05
2022-08-11,5.59,65.03,29.38,54,6718926,72.25,101,6153729,66.17,91,4509796,48.5,155,841581,9.05
2022-08-12,5.35,65.27,29.38,8,6718934,72.25,12,6153741,66.17,18,4509814,48.5,29,841610,9.05
2022-08-13,5.1,65.52,29.38,0,6718934,72.25,2,6153743,66.17,2,4509816,48.5,3,841613,9.05
2022-08-14,4.87,65.75,29.39,74,6719008,72.25,75,6153818,66.18,82,4509898,48.5,150,841763,9.05
2022-08-15,4.74,65.87,29.39,68,6719076,72.25,81,6153899,66.18,93,4509991,48.5,143,841906,9.05
2022-08-16,4.46,66.15,29.39,82,6719158,72.25,84,6153983,66.18,83,4510074,48.5,187,842093,9.06
2022-08-17,4.16,66.44,29.39,47,6719205,72.25,56,6154039,66.18,36,4510110,48.5,115,842208,9.06
2022-08-18,3.98,66.63,29.39,70,6719275,72.26,93,6154132,66.18,120,4510230,48.5,173,842381,9.06
2022-08-19,3.83,66.78,29.39,78,6719353,72.26,67,6154199,66.18,57,4510287,48.5,38,842419,9.06
2022-08-20,3.67,66.94,29.39,1,6719354,72.26,1,6154200,66.18,3,4510290,48.5,3,842422,9.06
2022-08-21,3.52,67.08,29.4,52,6719406,72.26,85,6154285,66.18,84,4510374,48.5,197,842619,9.06
2022-08-22,3.44,67.16,29.4,89,6719495,72.26,74,6154359,66.18,103,4510477,48.5,144,842763,9.06
2022-08-23,3.27,67.33,29.4,72,6719567,72.26,106,6154465,66.18,84,4510561,48.5,180,842943,9.06
2022-08-24,3.15,67.46,29.4,38,6719605,72.26,80,6154545,66.18,49,4510610,48.5,133,843076,9.07
2022-08-25,3.03,67.57,29.4,53,6719658,72.26,75,6154620,66.18,97,4510707,48.51,193,843269,9.07
2022-08-26,2.94,67.66,29.4,4,6719662,72.26,15,6154635,66.18,9,4510716,48.51,14,843283,9.07
2022-08-27,2.84,67.76,29.4,0,6719662,72.26,0,6154635,66.18,0,4510716,48.51,0,843283,9.07
2022-08-28,2.75,67.85,29.4,55,6719717,72.26,80,6154715,66.18,85,4510801,48.51,102,843385,9.07
2022-08-29,2.69,67.91,29.4,48,6719765,72.26,68,6154783,66.19,89,4510890,48.51,107,843492,9.07
2022-08-30,2.6,68,29.4,85,6719850,72.26,113,6154896,66.19,85,4510975,48.51,131,843623,9.07
2022-08-31,2.53,68.07,29.4,42,6719892,72.26,89,6154985,66.19,70,4511045,48.51,96,843719,9.07
2022-09-01,2.46,68.14,29.4,29,6719921,72.26,84,6155069,66.19,58,4511103,48.51,113,843832,9.07
2022-09-02,2.4,68.2,29.4,6,6719927,72.26,20,6155089,66.19,13,4511116,48.51,10,843842,9.07
2022-09-03,2.33,68.27,29.4,2,6719929,72.26,0,6155089,66.19,3,4511119,48.51,1,843843,9.07
2022-09-04,2.27,68.32,29.4,64,6719993,72.26,133,6155222,66.19,80,4511199,48.51,121,843964,9.08
2022-09-05,2.23,68.37,29.4,44,6720037,72.26,77,6155299,66.19,58,4511257,48.51,90,844054,9.08
2022-09-06,2.17,68.42,29.4,60,6720097,72.26,104,6155403,66.19,78,4511335,48.51,130,844184,9.08
2022-09-07,2.12,68.47,29.4,28,6720125,72.26,63,6155466,66.19,53,4511388,48.51,95,844279,9.08
2022-09-08,2.07,68.53,29.4,50,6720175,72.27,101,6155567,66.19,70,4511458,48.51,77,844356,9.08
2022-09-09,2.03,68.57,29.4,10,6720185,72.27,21,6155588,66.19,16,4511474,48.51,17,844373,9.08
2022-09-10,1.97,68.62,29.4,0,6720185,72.27,0,6155588,66.19,5,4511479,48.51,2,844375,9.08
2022-09-11,1.92,68.67,29.41,39,6720224,72.27,117,6155705,66.2,78,4511557,48.52,116,844491,9.08
2022-09-12,1.88,68.71,29.41,24,6720248,72.27,72,6155777,66.2,52,4511609,48.52,68,844559,9.08
2022-09-13,1.82,68.77,29.41,44,6720292,72.27,113,6155890,66.2,54,4511663,48.52,103,844662,9.08
2022-09-14,1.78,68.82,29.41,21,6720313,72.27,64,6155954,66.2,54,4511717,48.52,62,844724,9.08
2022-09-15,1.73,68.86,29.41,32,6720345,72.27,77,6156031,66.2,63,4511780,48.52,107,844831,9.08
2022-09-16,1.7,68.89,29.41,51,6720396,72.27,52,6156083,66.2,27,4511807,48.52,28,844859,9.09
2022-09-17,1.66,68.93,29.41,3,6720399,72.27,0,6156083,66.2,1,4511808,48.52,0,844859,9.09
2022-09-18,1.63,68.96,29.41,28,6720427,72.27,66,6156149,66.2,52,4511860,48.52,115,844974,9.09
2022-09-19,1.61,68.98,29.41,27,6720454,72.27,74,6156223,66.2,44,4511904,48.52,57,845031,9.09
2022-09-20,1.56,69.03,29.41,41,6720495,72.27,93,6156316,66.2,75,4511979,48.52,102,845133,9.09
2022-09-21,1.55,69.05,29.41,22,6720517,72.27,54,6156370,66.2,29,4512008,48.52,56,845189,9.09
2022-09-22,1.52,69.07,29.4,42,6720559,72.27,56,6156426,66.2,27,4512035,48.52,41,845230,9.09
2022-09-23,1.5,69.1,29.41,7,6720566,72.27,11,6156437,66.2,4,4512039,48.52,1,845231,9.09
2022-09-24,1.47,69.13,29.41,0,6720566,72.27,0,6156437,66.2,1,4512040,48.52,0,845231,9.09
2022-09-25,1.46,69.13,29.41,5,6720571,72.27,20,6156457,66.2,10,4512050,48.52,27,845258,9.09
2022-09-26,1.46,69.13,29.41,0,6720571,72.27,5,6156462,66.2,2,4512052,48.52,2,845260,9.09
2022-09-27,1.42,69.17,29.41,2,6720573,72.27,0,6156462,66.2,3,4512055,48.52,3,845263,9.09
2022-09-28,1.39,69.21,29.41,24,6720597,72.27,36,6156498,66.2,25,4512080,48.52,17,845280,9.09
2022-09-29,1.37,69.22,29.41,32,6720629,72.27,61,6156559,66.2,13,4512093,48.52,48,845328,9.09
2022-09-30,1.35,69.24,29.41,4,6720633,72.27,12,6156571,66.2,2,4512095,48.52,0,845328,9.09
2022-10-01,1.31,69.29,29.41,0,6720633,72.27,1,6156572,66.2,1,4512096,48.52,1,845329,9.09
2022-10-02,1.31,69.29,29.41,28,6720661,72.27,51,6156623,66.21,20,4512116,48.52,73,845402,9.09
2022-10-03,1.31,69.28,29.4,23,6720684,72.27,29,6156652,66.21,13,4512129,48.52,12,845414,9.09
2022-10-04,1.27,69.32,29.4,7,6720691,72.27,10,6156662,66.21,0,4512129,48.52,1,845415,9.09
2022-10-05,1.28,69.31,29.4,1,6720692,72.27,0,6156662,66.21,0,4512129,48.52,1,845416,9.09
2022-10-06,1.31,69.28,29.4,17,6720709,72.27,43,6156705,66.21,10,4512139,48.52,20,845436,9.09
2022-10-07,1.3,69.29,29.41,3,6720712,72.27,3,6156708,66.21,4,4512143,48.52,0,845436,9.09
2022-10-08,1.26,69.33,29.41,1,6720713,72.27,1,6156709,66.21,0,4512143,48.52,1,845437,9.09
2022-10-09,1.31,69.28,29.41,7,6720720,72.27,22,6156731,66.21,6,4512149,48.52,5,845442,9.09
2022-10-10,1.38,69.22,29.4,5,6720725,72.27,2,6156733,66.21,0,4512149,48.52,0,845442,9.09
2022-10-11,1.36,69.24,29.4,12,6720737,72.27,32,6156765,66.21,1,4512150,48.52,32,845474,9.09
2022-10-12,1.34,69.26,29.4,13,6720750,72.27,24,6156789,66.21,5,4512155,48.52,4,845478,9.09
2022-10-13,1.4,69.2,29.4,17,6720767,72.27,16,6156805,66.21,5,4512160,48.52,9,845487,9.09
2022-10-14,1.4,69.2,29.4,6,6720773,72.27,7,6156812,66.21,4,4512164,48.52,3,845490,9.09
2022-10-15,1.38,69.22,29.4,0,6720773,72.27,0,6156812,66.21,0,4512164,48.52,1,845491,9.09
2022-10-16,1.39,69.2,29.4,4,6720777,72.27,13,6156825,66.21,5,4512169,48.52,8,845499,9.09
2022-10-17,1.39,69.2,29.4,1,6720778,72.27,1,6156826,66.21,3,4512172,48.52,1,845500,9.09
2022-10-18,1.43,69.17,29.4,24,6720802,72.27,31,6156857,66.21,14,4512186,48.52,16,845516,9.09
2022-10-19,1.47,69.12,29.4,18,6720820,72.27,25,6156882,66.21,7,4512193,48.52,3,845519,9.09
2022-10-20,1.5,69.1,29.4,26,6720846,72.27,44,6156926,66.21,12,4512205,48.52,4,845523,9.09
2022-10-21,1.5,69.09,29.4,4,6720850,72.27,7,6156933,66.21,2,4512207,48.52,4,845527,9.09
2022-10-22,1.49,69.1,29.4,0,6720850,72.27,0,6156933,66.21,0,4512207,48.52,0,845527,9.09
2022-10-23,1.51,69.08,29.4,15,6720865,72.27,33,6156966,66.21,18,4512225,48.52,10,845537,9.09
2022-10-24,1.51,69.08,29.41,20,6720885,72.27,16,6156982,66.21,19,4512244,48.52,9,845546,9.09
2022-10-25,1.55,69.04,29.4,18,6720903,72.27,34,6157016,66.21,22,4512266,48.52,21,845567,9.09
2022-10-26,1.61,68.99,29.4,18,6720921,72.27,25,6157041,66.21,8,4512274,48.52,10,845577,9.09
2022-10-27,1.67,68.93,29.4,17,6720938,72.27,27,6157068,66.21,14,4512288,48.52,17,845594,9.09
2022-10-28,1.67,68.93,29.4,53,6720991,72.27,49,6157117,66.21,31,4512319,48.52,18,845612,9.09
2022-10-29,1.66,68.94,29.4,0,6720991,72.27,0,6157117,66.21,0,4512319,48.52,0,845612,9.09
2022-10-30,1.71,68.89,29.4,15,6721006,72.27,23,6157140,66.21,15,4512334,48.52,9,845621,9.09
2022-10-31,1.76,68.84,29.4,17,6721023,72.27,16,6157156,66.21,8,4512342,48.52,9,845630,9.09
2022-11-01,1.82,68.78,29.4,2,6721025,72.27,1,6157157,66.21,1,4512343,48.52,0,845630,9.09
2022-11-02,1.88,68.72,29.4,13,6721038,72.27,13,6157170,66.21,7,4512350,48.52,8,845638,9.09
2022-11-03,1.96,68.64,29.4,17,6721055,72.27,18,6157188,66.21,11,4512361,48.52,8,845646,9.09
2022-11-04,1.98,68.63,29.4,4,6721059,72.28,6,6157194,66.21,1,4512362,48.52,2,845648,9.09
2022-11-05,1.97,68.63,29.4,0,6721059,72.28,0,6157194,66.21,0,4512362,48.52,0,845648,9.09
2022-11-06,2.03,68.57,29.4,27,6721086,72.28,33,6157227,66.21,11,4512373,48.52,23,845671,9.09
2022-11-07,2.1,68.51,29.4,15,6721101,72.28,11,6157238,66.21,10,4512383,48.52,54,845725,9.09
2022-11-08,2.1,68.5,29.4,28,6721129,72.28,26,6157264,66.21,14,4512397,48.52,9,845734,9.09
2022-11-09,2.16,68.45,29.4,16,6721145,72.28,20,6157284,66.21,17,4512414,48.52,9,845743,9.09
2022-11-10,2.22,68.39,29.4,28,6721173,72.28,17,6157301,66.21,11,4512425,48.52,6,845749,9.09
2022-11-11,2.23,68.37,29.4,1,6721174,72.28,17,6157318,66.21,2,4512427,48.52,1,845750,9.09
2022-11-12,2.22,68.38,29.4,1,6721175,72.28,0,6157318,66.21,2,4512429,48.52,0,845750,9.09
2022-11-13,2.29,68.31,29.4,29,6721204,72.28,31,6157349,66.21,17,4512446,48.52,8,845758,9.09
2022-11-14,2.37,68.23,29.4,20,6721224,72.28,17,6157366,66.21,21,4512467,48.52,16,845774,9.1
2022-11-15,2.43,68.17,29.4,40,6721264,72.28,25,6157391,66.21,16,4512483,48.52,18,845792,9.1
2022-11-16,2.5,68.1,29.4,14,6721278,72.28,27,6157418,66.21,16,4512499,48.53,11,845803,9.1
2022-11-17,2.59,68.02,29.4,19,6721297,72.28,33,6157451,66.21,18,4512517,48.53,5,845808,9.1
2022-11-18,2.61,67.99,29.4,6,6721303,72.28,4,6157455,66.21,4,4512521,48.53,0,845808,9.1
2022-11-19,2.6,68,29.4,0,6721303,72.28,0,6157455,66.21,0,4512521,48.53,0,845808,9.1
2022-11-20,2.67,67.93,29.4,19,6721322,72.28,19,6157474,66.21,6,4512527,48.53,13,845821,9.1
2022-11-21,2.76,67.85,29.4,14,6721336,72.28,13,6157487,66.21,6,4512533,48.53,6,845827,9.1
2022-11-22,2.83,67.77,29.4,26,6721362,72.28,13,6157500,66.21,17,4512550,48.53,6,845833,9.1
2022-11-23,2.9,67.7,29.4,17,6721379,72.28,20,6157520,66.21,4,4512554,48.53,8,845841,9.1
2022-11-24,2.98,67.62,29.4,9,6721388,72.28,16,6157536,66.22,13,4512567,48.53,27,845868,9.1
2022-11-25,3,67.6,29.4,15,6721403,72.28,44,6157580,66.22,14,4512581,48.53,12,845880,9.1
2022-11-26,3,67.61,29.4,0,6721403,72.28,2,6157582,66.22,0,4512581,48.53,0,845880,9.1
2022-11-27,3.06,67.54,29.4,14,6721417,72.28,15,6157597,66.22,19,4512600,48.53,2,845882,9.1
2022-11-28,3.14,67.47,29.4,8,6721425,72.28,23,6157620,66.22,8,4512608,48.53,6,845888,9.1
2022-11-29,3.2,67.4,29.4,38,6721463,72.28,31,6157651,66.22,19,4512627,48.53,14,845902,9.1
2022-11-30,3.27,67.34,29.39,12,6721475,72.28,25,6157676,66.22,20,4512647,48.53,8,845910,9.1
2022-12-01,3.34,67.26,29.39,13,6721488,72.28,18,6157694,66.22,15,4512662,48.53,4,845914,9.1
2022-12-02,3.36,67.24,29.39,2,6721490,72.28,7,6157701,66.22,4,4512666,48.53,10,845924,9.1
2022-12-03,3.36,67.24,29.39,0,6721490,72.28,0,6157701,66.22,0,4512666,48.53,1,845925,9.1
2022-12-04,3.42,67.18,29.39,35,6721525,72.28,27,6157728,66.22,30,4512696,48.53,26,845951,9.1
2022-12-05,3.48,67.12,29.4,9,6721534,72.28,17,6157745,66.22,11,4512707,48.53,20,845971,9.1
2022-12-06,3.55,67.06,29.39,32,6721566,72.28,26,6157771,66.22,27,4512734,48.53,7,845978,9.1
2022-12-07,3.62,66.99,29.39,10,6721576,72.28,17,6157788,66.22,8,4512742,48.53,8,845986,9.1
2022-12-08,3.69,66.91,29.39,18,6721594,72.28,31,6157819,66.22,15,4512757,48.53,3,845989,9.1
2022-12-09,3.71,66.9,29.39,4,6721598,72.28,1,6157820,66.22,1,4512758,48.53,7,845996,9.1
2022-12-10,3.7,66.91,29.39,1,6721599,72.28,0,6157820,66.22,2,4512760,48.53,0,845996,9.1
2022-12-11,3.76,66.84,29.39,16,6721615,72.28,22,6157842,66.22,15,4512775,48.53,16,846012,9.1
2022-12-12,3.82,66.78,29.39,15,6721630,72.28,13,6157855,66.22,5,4512780,48.53,0,846012,9.1
2022-12-13,3.87,66.73,29.39,17,6721647,72.28,44,6157899,66.22,18,4512798,48.53,13,846025,9.1
2022-12-14,3.92,66.69,29.39,17,6721664,72.28,16,6157915,66.22,7,4512805,48.53,3,846028,9.1
2022-12-15,3.97,66.64,29.39,22,6721686,72.28,19,6157934,66.22,7,4512812,48.53,12,846040,9.1
2022-12-16,3.98,66.62,29.39,12,6721698,72.28,4,6157938,66.22,1,4512813,48.53,0,846040,9.1
2022-12-17,3.97,66.63,29.39,0,6721698,72.28,0,6157938,66.22,0,4512813,48.53,0,846040,9.1
2022-12-18,4.01,66.59,29.39,9,6721707,72.28,18,6157956,66.22,8,4512821,48.53,3,846043,9.1
2022-12-19,4.06,66.54,29.4,7,6721714,72.28,14,6157970,66.22,12,4512833,48.53,1,846044,9.1
2022-12-20,4.1,66.51,29.39,12,6721726,72.28,17,6157987,66.22,2,4512835,48.53,2,846046,9.1
2022-12-21,4.14,66.47,29.39,9,6721735,72.28,14,6158001,66.22,13,4512848,48.53,3,846049,9.1
2022-12-22,4.18,66.42,29.39,4,6721739,72.28,10,6158011,66.22,14,4512862,48.53,1,846050,9.1
2022-12-23,4.19,66.42,29.39,8,6721747,72.28,0,6158011,66.22,2,4512864,48.53,0,846050,9.1
2022-12-24,4.18,66.43,29.39,0,6721747,72.28,0,6158011,66.22,0,4512864,48.53,0,846050,9.1
2022-12-25,4.21,66.4,29.39,6,6721753,72.28,17,6158028,66.22,1,4512865,48.53,2,846052,9.1
2022-12-26,4.24,66.36,29.39,17,6721770,72.28,6,6158034,66.22,13,4512878,48.53,0,846052,9.1
2022-12-27,4.25,66.36,29.39,24,6721794,72.28,24,6158058,66.22,17,4512895,48.53,7,846059,9.1
2022-12-28,4.26,66.34,29.39,17,6721811,72.28,18,6158076,66.22,25,4512920,48.53,64,846123,9.1
2022-12-29,4.28,66.33,29.39,15,6721826,72.28,23,6158099,66.22,14,4512934,48.53,4,846127,9.1
2022-12-30,4.27,66.33,29.4,4,6721830,72.28,5,6158104,66.22,3,4512937,48.53,0,846127,9.1
2022-12-31,4.26,66.35,29.4,0,6721830,72.28,1,6158105,66.22,0,4512937,48.53,0,846127,9.1
2023-01-01,4.27,66.33,29.4,6,6721836,72.28,21,6158126,66.22,2,4512939,48.53,1,846128,9.1
2023-01-02,4.29,66.31,29.4,10,6721846,72.28,8,6158134,66.22,3,4512942,48.53,1,846129,9.1
2023-01-03,4.3,66.3,29.4,20,6721866,72.28,17,6158151,66.22,7,4512949,48.53,3,846132,9.1
2023-01-04,4.3,66.3,29.4,7,6721873,72.28,11,6158162,66.22,4,4512953,48.53,2,846134,9.1
2023-01-05,4.31,66.29,29.39,12,6721885,72.28,19,6158181,66.22,11,4512964,48.53,4,846138,9.1
2023-01-06,4.31,66.29,29.4,2,6721887,72.28,1,6158182,66.22,1,4512965,48.53,0,846138,9.1
2023-01-07,4.3,66.31,29.4,1,6721888,72.28,0,6158182,66.22,0,4512965,48.53,0,846138,9.1
2023-01-08,4.33,66.28,29.4,14,6721902,72.28,32,6158214,66.22,9,4512974,48.53,2,846140,9.1
2023-01-09,4.34,66.26,29.4,12,6721914,72.28,20,6158234,66.22,1,4512975,48.53,1,846141,9.1
2023-01-10,4.35,66.25,29.4,39,6721953,72.28,27,6158261,66.22,10,4512985,48.53,4,846145,9.1
2023-01-11,4.36,66.25,29.4,14,6721967,72.28,18,6158279,66.22,11,4512996,48.53,2,846147,9.1
2023-01-12,4.37,66.24,29.39,22,6721989,72.28,20,6158299,66.22,11,4513007,48.53,2,846149,9.1
2023-01-13,4.36,66.24,29.4,3,6721992,72.28,2,6158301,66.22,0,4513007,48.53,0,846149,9.1
2023-01-14,4.35,66.25,29.4,1,6721993,72.28,0,6158301,66.22,0,4513007,48.53,0,846149,9.1
2023-01-15,4.36,66.24,29.4,17,6722010,72.29,16,6158317,66.22,4,4513011,48.53,3,846152,9.1
2023-01-16,4.38,66.22,29.4,9,6722019,72.29,15,6158332,66.22,6,4513017,48.53,0,846152,9.1
2023-01-17,4.38,66.22,29.4,14,6722033,72.29,14,6158346,66.22,6,4513023,48.53,0,846152,9.1
2023-01-18,4.39,66.21,29.4,7,6722040,72.29,8,6158354,66.22,3,4513026,48.53,1,846153,9.1
2023-01-19,4.4,66.2,29.4,13,6722053,72.29,15,6158369,66.22,2,4513028,48.53,4,846157,9.1
2023-01-20,4.39,66.2,29.4,4,6722057,72.29,2,6158371,66.22,0,4513028,48.53,1,846158,9.1
2023-01-21,4.39,66.21,29.4,0,6722057,72.29,0,6158371,66.22,0,4513028,48.53,0,846158,9.1
2023-01-22,4.4,66.2,29.4,7,6722064,72.29,3,6158374,66.22,8,4513036,48.53,4,846162,9.1
2023-01-23,4.41,66.19,29.4,11,6722075,72.29,5,6158379,66.22,6,4513042,48.53,0,846162,9.1
2023-01-24,4.41,66.19,29.4,21,6722096,72.29,21,6158400,66.22,11,4513053,48.53,2,846164,9.1
2023-01-25,4.41,66.18,29.4,5,6722101,72.29,5,6158405,66.22,0,4513053,48.53,2,846166,9.1
2023-01-26,4.42,66.18,29.4,10,6722111,72.29,15,6158420,66.22,9,4513062,48.53,2,846168,9.1
2023-01-27,4.41,66.18,29.4,0,6722111,72.29,9,6158429,66.22,0,4513062,48.53,0,846168,9.1
2023-01-28,4.41,66.19,29.4,0,6722111,72.29,0,6158429,66.22,0,4513062,48.53,0,846168,9.1
2023-01-29,4.41,66.19,29.41,12,6722123,72.29,8,6158437,66.22,5,4513067,48.53,2,846170,9.1
2023-01-30,4.42,66.17,29.41,9,6722132,72.29,16,6158453,66.22,2,4513069,48.53,1,846171,9.1
2023-01-31,4.42,66.17,29.41,19,6722151,72.29,23,6158476,66.23,4,4513073,48.53,1,846172,9.1
2023-02-01,4.42,66.17,29.41,10,6722161,72.29,11,6158487,66.23,4,4513077,48.53,0,846172,9.1
2023-02-02,4.43,66.17,29.41,14,6722175,72.29,31,6158518,66.23,3,4513080,48.53,0,846172,9.1
2023-02-03,4.42,66.17,29.41,3,6722178,72.29,1,6158519,66.23,0,4513080,48.53,0,846172,9.1
2023-02-04,4.42,66.18,29.41,0,6722178,72.29,0,6158519,66.23,0,4513080,48.53,0,846172,9.1
2023-02-05,4.42,66.17,29.41,15,6722193,72.29,8,6158527,66.23,6,4513086,48.53,4,846176,9.1
2023-02-06,4.43,66.16,29.41,17,6722210,72.29,13,6158540,66.23,4,4513090,48.53,0,846176,9.1
2023-02-07,4.43,66.16,29.41,22,6722232,72.29,22,6158562,66.23,8,4513098,48.53,2,846178,9.1
2023-02-08,4.43,66.16,29.41,15,6722247,72.29,12,6158574,66.23,1,4513099,48.53,0,846178,9.1
2023-02-09,4.43,66.16,29.41,35,6722282,72.29,33,6158607,66.23,5,4513104,48.53,2,846180,9.1
2023-02-10,4.43,66.16,29.41,2,6722284,72.29,3,6158610,66.23,2,4513106,48.53,0,846180,9.1
2023-02-11,4.42,66.16,29.41,2,6722286,72.29,1,6158611,66.23,0,4513106,48.53,0,846180,9.1
2023-02-12,4.43,66.16,29.41,2,6722288,72.29,8,6158619,66.23,2,4513108,48.53,1,846181,9.1
