Date,Valid vaccinated pop. perc.,Expired vaccinated pop. perc.,Not vaccinated pop. perc.,Vaccinated (daily),Vaccinated (cumu),Vaccinated pop. perc.,Second dose (daily),Second dose (cumu),Second dose pop. perc.,Third dose (daily),Third dose (cumu),Third dose pop. perc.,Fourth dose (daily),Fourth dose (cumu),Fourth dose pop. perc.
2020-12-19,0,0,100,46,70,0,0,4,0,0,0,0,0,0,0
2020-12-20,0,0,100,7396,7466,0.08,0,4,0,0,0,0,0,0,0
2020-12-21,0,0,100,24923,32389,0.35,0,4,0,0,0,0,0,0,0
2020-12-22,0,0,100,44668,77057,0.83,0,4,0,0,0,0,0,0,0
2020-12-23,0,0,100,62919,139976,1.51,0,4,0,0,0,0,0,0,0
2020-12-24,0,0,100,73430,213406,2.29,0,4,0,0,0,0,0,0,0
2020-12-25,0,0,100,38517,251923,2.71,0,4,0,0,0,0,0,0,0
2020-12-26,0,0,100,32617,284540,3.06,0,4,0,0,0,0,0,0,0
2020-12-27,0,0,100,104574,389114,4.18,0,4,0,0,0,0,0,0,0
2020-12-28,0,0,100,135041,524155,5.64,0,4,0,0,0,0,0,0,0
2020-12-29,0,0,100,156336,680491,7.32,2,6,0,0,0,0,0,0,0
2020-12-30,0,0,100,153188,833679,8.96,0,6,0,0,0,0,0,0,0
2020-12-31,0,0,100,158597,992276,10.67,0,6,0,0,0,0,0,0,0
2021-01-01,0,0,100,71435,1063711,11.44,0,6,0,0,0,0,0,0,0
2021-01-02,0,0,100,71743,1135454,12.21,0,6,0,0,0,0,0,0,0
2021-01-03,0,0,100,149764,1285218,13.82,0,6,0,0,0,0,0,0,0
2021-01-04,0,0,100,152204,1437422,15.46,1,7,0,0,0,0,0,0,0
2021-01-05,0,0,100,125220,1562642,16.8,4,11,0,0,0,0,0,0,0
2021-01-06,0,0,100,103373,1666015,17.92,2,13,0,0,0,0,0,0,0
2021-01-07,0,0,100,116063,1782078,19.16,9,22,0,0,0,0,0,0,0
2021-01-08,0,0,100,66464,1848542,19.88,5,27,0,0,0,0,0,0,0
2021-01-09,0,0,100,44553,1893095,20.36,24,51,0,0,0,0,0,0,0
2021-01-10,0,0,100,37649,1930744,20.76,6001,6052,0.07,0,0,0,0,0,0
2021-01-11,0,0,100,21175,1951919,20.99,19264,25316,0.27,0,0,0,0,0,0
2021-01-12,0,0,100,24075,1975994,21.25,35674,60990,0.66,0,0,0,0,0,0
2021-01-13,0,0,100,52079,2028073,21.81,56874,117864,1.27,0,0,0,0,0,0
2021-01-14,0,0,100,56479,2084552,22.42,68838,186702,2.01,0,0,0,0,0,0
2021-01-15,0,0,100,30775,2115327,22.75,35942,222644,2.39,0,0,0,0,0,0
2021-01-16,0,0,100,29481,2144808,23.06,26006,248650,2.67,0,0,0,0,0,0
2021-01-17,0.31,0,99.69,68444,2213252,23.8,84598,333248,3.58,0,0,0,0,0,0
2021-01-18,0.58,0,99.42,69819,2283071,24.55,120437,453685,4.88,0,0,0,0,0,0
2021-01-19,1.09,0,98.91,72897,2355968,25.33,137848,591533,6.36,0,0,0,0,0,0
2021-01-20,1.9,0,98.1,76920,2432888,26.16,143766,735299,7.91,0,0,0,0,0,0
2021-01-21,2.88,0,97.12,70006,2502894,26.91,164474,899773,9.68,0,0,0,0,0,0
2021-01-22,3.39,0,96.61,37931,2540825,27.32,71134,970907,10.44,0,0,0,0,0,0
2021-01-23,3.77,0,96.23,39965,2580790,27.75,53595,1024502,11.02,0,0,0,0,0,0
2021-01-24,4.96,0,95.04,69148,2649938,28.5,140708,1165210,12.53,0,0,0,0,0,0
2021-01-25,6.61,0,93.39,80944,2730882,29.37,139520,1304730,14.03,0,0,0,0,0,0
2021-01-26,8.45,0,91.55,78737,2809619,30.21,126445,1431175,15.39,0,0,0,0,0,0
2021-01-27,10.34,0,89.66,77982,2887601,31.05,125071,1556246,16.74,0,0,0,0,0,0
2021-01-28,12.43,0,87.57,79570,2967171,31.91,130632,1686878,18.14,0,0,0,0,0,0
2021-01-29,13.34,0,86.66,36704,3003875,32.3,64793,1751671,18.84,0,0,0,0,0,0
2021-01-30,14.02,0,85.98,34396,3038271,32.67,42767,1794438,19.3,0,0,0,0,0,0
2021-01-31,15.76,0,84.24,73331,3111602,33.46,59503,1853941,19.94,0,0,0,0,0,0
2021-02-01,17.48,0,82.52,82510,3194112,34.35,35356,1889297,20.32,0,0,0,0,0,0
2021-02-02,19.01,0,80.99,70105,3264217,35.1,31073,1920370,20.65,0,0,0,0,0,0
2021-02-03,20.47,0,79.53,60308,3324525,35.75,51445,1971815,21.2,0,0,0,0,0,0
2021-02-04,22,0,78,72640,3397165,36.53,58096,2029911,21.83,0,0,0,0,0,0
2021-02-05,22.75,0,77.25,33947,3431112,36.9,28805,2058716,22.14,0,0,0,0,0,0
2021-02-06,23.23,0,76.77,21622,3452734,37.13,22233,2080949,22.38,0,0,0,0,0,0
2021-02-07,23.99,0,76.01,54081,3506815,37.71,68743,2149692,23.12,0,0,0,0,0,0
2021-02-08,24.52,0,75.48,58644,3565459,38.34,65467,2215159,23.82,0,0,0,0,0,0
2021-02-09,25.04,0,74.96,66356,3631815,39.05,67579,2282738,24.55,0,0,0,0,0,0
2021-02-10,25.77,0,74.23,70570,3702385,39.81,72314,2355052,25.33,0,0,0,0,0,0
2021-02-11,26.61,0,73.39,81175,3783560,40.69,72113,2427165,26.1,0,0,0,0,0,0
2021-02-12,27.02,0,72.98,39111,3822671,41.11,37598,2464763,26.5,0,0,0,0,0,0
2021-02-13,27.33,0,72.67,27465,3850136,41.4,30441,2495204,26.83,0,0,0,0,0,0
2021-02-14,28.25,0,71.75,74917,3925053,42.21,69085,2564289,27.58,0,0,0,0,0,0
2021-02-15,29.17,0,70.83,81548,4006601,43.09,75722,2640011,28.39,0,0,0,0,0,0
2021-02-16,30.11,0,69.89,83422,4090023,43.98,78301,2718312,29.23,0,0,0,0,0,0
2021-02-17,31.01,0,68.99,61984,4152007,44.65,75645,2793957,30.04,0,0,0,0,0,0
2021-02-18,31.94,0,68.06,69158,4221165,45.39,79739,2873696,30.9,0,0,0,0,0,0
2021-02-19,32.45,0,67.55,39676,4260841,45.82,38162,2911858,31.31,0,0,0,0,0,0
2021-02-20,32.85,0,67.15,31650,4292491,46.16,28724,2940582,31.62,0,0,0,0,0,0
2021-02-21,33.8,0,66.2,79435,4371926,47.01,78446,3019028,32.47,0,0,0,0,0,0
2021-02-22,34.83,0,65.17,85057,4456983,47.93,80596,3099624,33.33,0,0,0,0,0,0
2021-02-23,35.84,0,64.16,77332,4534315,48.76,70485,3170109,34.09,0,0,0,0,0,0
2021-02-24,36.76,0,63.24,61066,4595381,49.42,63144,3233253,34.77,0,0,0,0,0,0
2021-02-25,37.66,0,62.34,51729,4647110,49.97,64810,3298063,35.47,0,0,0,0,0,0
2021-02-26,38.1,0,61.9,25912,4673022,50.25,32046,3330109,35.81,0,0,0,0,0,0
2021-02-27,38.42,0,61.58,18353,4691375,50.45,21197,3351306,36.04,0,0,0,0,0,0
2021-02-28,39.24,0,60.76,40364,4731739,50.88,55874,3407180,36.64,0,0,0,0,0,0
2021-03-01,40.1,0,59.9,45752,4777491,51.37,61445,3468625,37.3,0,0,0,0,0,0
2021-03-02,40.85,0,59.15,41202,4818693,51.82,64800,3533425,38,0,0,0,0,0,0
2021-03-03,41.55,0,58.45,42035,4860728,52.27,66793,3600218,38.71,0,0,0,0,0,0
2021-03-04,42.24,0,57.76,39719,4900447,52.7,79125,3679343,39.57,0,0,0,0,0,0
2021-03-05,42.57,0,57.43,17369,4917816,52.88,40471,3719814,40,0,0,0,0,0,0
2021-03-06,42.78,0,57.22,10722,4928538,53,25349,3745163,40.27,0,0,0,0,0,0
2021-03-07,43.36,0,56.64,31156,4959694,53.33,72847,3818010,41.06,0,0,0,0,0,0
2021-03-08,43.97,0,56.03,27387,4987081,53.63,73295,3891305,41.85,0,0,0,0,0,0
2021-03-09,44.62,0,55.38,26756,5013837,53.92,76604,3967909,42.67,0,0,0,0,0,0
2021-03-10,45.27,0,54.73,23373,5037210,54.17,58685,4026594,43.3,0,0,0,0,0,0
2021-03-11,45.99,0,54.01,23305,5060515,54.42,69097,4095691,44.04,0,0,0,0,0,0
2021-03-12,46.34,0,53.66,11296,5071811,54.54,41418,4137109,44.49,0,0,0,0,0,0
2021-03-13,46.57,0,53.43,7952,5079763,54.63,25239,4162348,44.76,0,0,0,0,0,0
2021-03-14,47.2,0,52.8,20991,5100754,54.85,73935,4236283,45.55,0,0,0,0,0,0
2021-03-15,47.81,0,52.19,20151,5120905,55.07,78281,4314564,46.4,0,0,0,0,0,0
2021-03-16,48.43,0,51.57,18759,5139664,55.27,71480,4386044,47.17,0,0,0,0,0,0
2021-03-17,48.92,0,51.08,17704,5157368,55.46,59010,4445054,47.8,0,0,0,0,0,0
2021-03-18,49.45,0,50.55,16050,5173418,55.63,58125,4503179,48.43,0,0,0,0,0,0
2021-03-19,49.75,0,50.25,6956,5180374,55.71,27980,4531159,48.73,0,0,0,0,0,0
2021-03-20,49.93,0,50.07,5227,5185601,55.76,15302,4546461,48.89,0,0,0,0,0,0
2021-03-21,50.46,0,49.54,13172,5198773,55.91,40510,4586971,49.33,0,0,0,0,0,0
2021-03-22,51,0,49,13582,5212355,56.05,40542,4627513,49.76,0,0,0,0,0,0
2021-03-23,51.43,0,48.57,2845,5215200,56.08,7303,4634816,49.84,0,0,0,0,0,0
2021-03-24,51.84,0,48.16,11007,5226207,56.2,46560,4681376,50.34,0,0,0,0,0,0
2021-03-25,52.22,0,47.78,10273,5236480,56.31,35440,4716816,50.72,0,0,0,0,0,0
2021-03-26,52.4,0,47.6,4186,5240666,56.36,13333,4730149,50.87,0,0,0,0,0,0
2021-03-27,52.5,0,47.5,1787,5242453,56.37,4269,4734418,50.91,0,0,0,0,0,0
2021-03-28,52.74,0,47.26,2113,5244566,56.4,4611,4739029,50.96,0,0,0,0,0,0
2021-03-29,53,0,47,6918,5251484,56.47,30017,4769046,51.28,0,0,0,0,0,0
2021-03-30,53.08,0,46.92,7895,5259379,56.56,22454,4791500,51.53,0,0,0,0,0,0
2021-03-31,53.38,0,46.62,8154,5267533,56.64,19502,4811002,51.74,0,0,0,0,0,0
2021-04-01,53.62,0,46.38,8220,5275753,56.73,18701,4829703,51.94,0,0,0,0,0,0
2021-04-02,53.71,0,46.29,2946,5278699,56.76,8131,4837834,52.02,0,0,0,0,0,0
2021-04-03,53.74,0,46.26,1432,5280131,56.78,2983,4840817,52.06,0,0,0,0,0,0
2021-04-04,53.82,0,46.18,9618,5289749,56.88,22832,4863649,52.3,0,0,0,0,0,0
2021-04-05,54.04,0,45.96,10364,5300113,56.99,21277,4884926,52.53,0,0,0,0,0,0
2021-04-06,54.21,0,45.79,9034,5309147,57.09,16794,4901720,52.71,0,0,0,0,0,0
2021-04-07,54.36,0,45.64,8932,5318079,57.19,15313,4917033,52.88,0,0,0,0,0,0
2021-04-08,54.52,0,45.48,9429,5327508,57.29,17017,4934050,53.06,0,0,0,0,0,0
2021-04-09,54.58,0,45.42,3608,5331116,57.33,6259,4940309,53.13,0,0,0,0,0,0
2021-04-10,54.61,0,45.39,1636,5332752,57.35,3520,4943829,53.16,0,0,0,0,0,0
2021-04-11,54.78,0,45.22,9045,5341797,57.44,14249,4958078,53.32,0,0,0,0,0,0
2021-04-12,54.95,0,45.05,8936,5350733,57.54,13235,4971313,53.46,0,0,0,0,0,0
2021-04-13,55.08,0,44.92,5841,5356574,57.6,4960,4976273,53.51,0,0,0,0,0,0
2021-04-14,55.18,0,44.82,3651,5360225,57.64,5312,4981585,53.57,0,0,0,0,0,0
2021-04-15,55.27,0,44.73,698,5360923,57.65,582,4982167,53.58,0,0,0,0,0,0
2021-04-16,55.33,0,44.67,3419,5364342,57.69,6652,4988819,53.65,0,0,0,0,0,0
2021-04-17,55.35,0,44.65,822,5365164,57.69,1973,4990792,53.67,0,0,0,0,0,0
2021-04-18,55.47,0,44.53,7099,5372263,57.77,7433,4998225,53.75,0,0,0,0,0,0
2021-04-19,55.58,0,44.42,6407,5378670,57.84,7134,5005359,53.83,0,0,0,0,0,0
2021-04-20,55.65,0,44.35,6286,5384956,57.91,6889,5012248,53.9,0,0,0,0,0,0
2021-04-21,55.71,0,44.29,6381,5391337,57.98,7112,5019360,53.98,0,0,0,0,0,0
2021-04-22,55.75,0,44.25,5951,5397288,58.04,7690,5027050,54.06,0,0,0,0,0,0
2021-04-23,55.8,0,44.2,2768,5400056,58.07,3391,5030441,54.09,0,0,0,0,0,0
2021-04-24,55.82,0,44.18,767,5400823,58.08,1290,5031731,54.11,0,0,0,0,0,0
2021-04-25,55.89,0,44.11,4828,5405651,58.13,6925,5038656,54.18,0,0,0,0,0,0
2021-04-26,55.96,0,44.04,5479,5411130,58.19,7889,5046545,54.27,0,0,0,0,0,0
2021-04-27,56.03,0,43.97,4507,5415637,58.24,6627,5053172,54.34,0,0,0,0,0,0
2021-04-28,56.09,0,43.91,4501,5420138,58.29,7334,5060506,54.42,0,0,0,0,0,0
2021-04-29,56.16,0,43.84,4377,5424515,58.33,7294,5067800,54.5,0,0,0,0,0,0
2021-04-30,56.19,0,43.81,1924,5426439,58.35,3202,5071002,54.53,0,0,0,0,0,0
2021-05-01,56.2,0,43.8,458,5426897,58.36,895,5071897,54.54,0,0,0,0,0,0
2021-05-02,56.26,0,43.74,3225,5430122,58.39,6092,5077989,54.61,0,0,0,0,0,0
2021-05-03,56.32,0,43.68,3535,5433657,58.43,5835,5083824,54.67,0,0,0,0,0,0
2021-05-04,56.38,0,43.62,3593,5437250,58.47,4736,5088560,54.72,0,0,0,0,0,0
2021-05-05,56.44,0,43.56,3292,5440542,58.5,4093,5092653,54.76,0,0,0,0,0,0
2021-05-06,56.5,0,43.5,3644,5444186,58.54,3144,5095797,54.8,0,0,0,0,0,0
2021-05-07,56.52,0,43.48,1846,5446032,58.56,2509,5098306,54.82,0,0,0,0,0,0
2021-05-08,56.53,0,43.47,243,5446275,58.57,507,5098813,54.83,0,0,0,0,0,0
2021-05-09,56.58,0,43.42,2851,5449126,58.6,4751,5103564,54.88,0,0,0,0,0,0
2021-05-10,56.63,0,43.37,2897,5452023,58.63,4715,5108279,54.93,0,0,0,0,0,0
2021-05-11,56.67,0,43.33,2622,5454645,58.66,3881,5112160,54.97,0,0,0,0,0,0
2021-05-12,56.7,0,43.3,2033,5456678,58.68,3342,5115502,55.01,0,0,0,0,0,0
2021-05-13,56.73,0,43.27,2043,5458721,58.7,3687,5119189,55.05,0,0,0,0,0,0
2021-05-14,56.75,0,43.25,978,5459699,58.71,1494,5120683,55.07,0,0,0,0,0,0
2021-05-15,56.75,0,43.25,257,5459956,58.71,259,5120942,55.07,0,0,0,0,0,0
2021-05-16,56.78,0,43.22,529,5460485,58.72,1206,5122148,55.08,0,0,0,0,0,0
2021-05-17,56.81,0,43.19,302,5460787,58.72,848,5122996,55.09,0,0,0,0,0,0
2021-05-18,56.84,0,43.16,1963,5462750,58.74,4939,5127935,55.14,0,0,0,0,0,0
2021-05-19,56.87,0,43.13,2232,5464982,58.77,5042,5132977,55.2,0,0,0,0,0,0
2021-05-20,56.9,0,43.1,2312,5467294,58.79,3880,5136857,55.24,0,0,0,0,0,0
2021-05-21,56.92,0,43.08,1194,5468488,58.81,1414,5138271,55.25,0,0,0,0,0,0
2021-05-22,56.92,0,43.08,206,5468694,58.81,396,5138667,55.26,0,0,0,0,0,0
2021-05-23,56.94,0,43.06,2272,5470966,58.83,3216,5141883,55.29,0,0,0,0,0,0
2021-05-24,56.96,0,43.04,2139,5473105,58.86,3596,5145479,55.33,0,0,0,0,0,0
2021-05-25,56.99,0,43.01,1822,5474927,58.87,2588,5148067,55.36,0,0,0,0,0,0
2021-05-26,57.03,0,42.97,1412,5476339,58.89,2504,5150571,55.39,0,0,0,0,0,0
2021-05-27,57.06,0,42.94,1865,5478204,58.91,3188,5153759,55.42,0,0,0,0,0,0
2021-05-28,57.07,0,42.93,791,5478995,58.92,1406,5155165,55.44,0,0,0,0,0,0
2021-05-29,57.07,0,42.93,191,5479186,58.92,226,5155391,55.44,0,0,0,0,0,0
2021-05-30,57.1,0,42.9,1644,5480830,58.94,1937,5157328,55.46,0,0,0,0,0,0
2021-05-31,57.13,0,42.87,1740,5482570,58.96,2093,5159421,55.48,0,0,0,0,0,0
2021-06-01,57.47,0,42.53,1384,5483954,58.97,1823,5161244,55.5,0,0,0,0,0,0
2021-06-02,57.25,0,42.75,1514,5485468,58.99,1610,5162854,55.52,0,0,0,0,0,0
2021-06-03,57.27,0,42.73,1685,5487153,59.01,1493,5164347,55.53,0,0,0,0,0,0
2021-06-04,57.28,0,42.72,1102,5488255,59.02,784,5165131,55.54,0,0,0,0,0,0
2021-06-05,57.29,0,42.71,184,5488439,59.02,159,5165290,55.55,0,0,0,0,0,0
2021-06-06,57.31,0,42.69,4293,5492732,59.07,1002,5166292,55.56,0,0,0,0,0,0
2021-06-07,57.34,0,42.66,4438,5497170,59.11,814,5167106,55.56,0,0,0,0,0,0
2021-06-08,57.36,0,42.64,3739,5500909,59.15,1175,5168281,55.58,0,0,0,0,0,0
2021-06-09,57.4,0,42.6,3615,5504524,59.19,1331,5169612,55.59,0,0,0,0,0,0
2021-06-10,57.42,0,42.58,3364,5507888,59.23,1300,5170912,55.61,0,0,0,0,0,0
2021-06-11,57.43,0,42.57,1401,5509289,59.24,590,5171502,55.61,0,0,0,0,0,0
2021-06-12,57.43,0,42.57,220,5509509,59.25,173,5171675,55.61,0,0,0,0,0,0
2021-06-13,57.45,0,42.55,3101,5512610,59.28,1260,5172935,55.63,0,0,0,0,0,0
2021-06-14,57.46,0,42.54,3057,5515667,59.31,1531,5174466,55.64,0,0,0,0,0,0
2021-06-15,57.48,0,42.52,3136,5518803,59.35,1377,5175843,55.66,0,0,0,0,0,0
2021-06-16,57.49,0,42.51,2733,5521536,59.38,1003,5176846,55.67,0,0,0,0,0,0
2021-06-17,57.51,0,42.49,2733,5524269,59.41,1209,5178055,55.68,0,0,0,0,0,0
2021-06-18,57.52,0,42.48,1269,5525538,59.42,506,5178561,55.69,0,0,0,0,0,0
2021-06-19,57.52,0,42.48,242,5525780,59.42,139,5178700,55.69,0,0,0,0,0,0
2021-06-20,57.54,0,42.46,3317,5529097,59.46,1330,5180030,55.7,0,0,0,0,0,0
2021-06-21,57.56,0,42.44,5250,5534347,59.51,1218,5181248,55.72,0,0,0,0,0,0
2021-06-22,57.58,0,42.42,6935,5541282,59.59,1099,5182347,55.73,0,0,0,0,0,0
2021-06-23,57.6,0,42.4,10761,5552043,59.7,1304,5183651,55.74,0,0,0,0,0,0
2021-06-24,57.62,0,42.38,12051,5564094,59.83,1466,5185117,55.76,0,0,0,0,0,0
2021-06-25,57.62,0,42.38,7117,5571211,59.91,944,5186061,55.77,0,0,0,0,0,0
2021-06-26,57.63,0,42.37,2277,5573488,59.93,200,5186261,55.77,0,0,0,0,0,0
2021-06-27,57.65,0,42.35,13632,5587120,60.08,3437,5189698,55.81,0,0,0,0,0,0
2021-06-28,57.68,0,42.32,14518,5601638,60.24,3675,5193373,55.85,0,0,0,0,0,0
2021-06-29,57.69,0,42.31,16711,5618349,60.42,3745,5197118,55.89,0,0,0,0,0,0
2021-06-30,57.72,0,42.28,16486,5634835,60.59,3396,5200514,55.92,0,0,0,0,0,0
2021-07-01,57.78,0,42.22,16837,5651672,60.78,3379,5203893,55.96,121,121,0,0,0,0
2021-07-02,57.79,0,42.21,9836,5661508,60.88,1609,5205502,55.98,7,128,0,0,0,0
2021-07-03,57.79,0,42.21,2677,5664185,60.91,298,5205800,55.98,1,129,0,0,0,0
2021-07-04,57.85,0,42.15,17735,5681920,61.1,3161,5208961,56.01,2,131,0,0,0,0
2021-07-05,57.91,0,42.09,17850,5699770,61.29,3046,5212007,56.05,7,138,0,0,0,0
2021-07-06,57.99,0,42.01,17848,5717618,61.48,3410,5215417,56.08,11,149,0,0,0,0
2021-07-07,58.05,0,41.95,15530,5733148,61.65,2703,5218120,56.11,12,161,0,0,0,0
2021-07-08,58.12,0,41.88,16588,5749736,61.83,2882,5221002,56.14,17,178,0,0,0,0
2021-07-09,58.15,0,41.85,11125,5760861,61.95,1535,5222537,56.16,4,182,0,0,0,0
2021-07-10,58.15,0,41.85,4989,5765850,62,391,5222928,56.16,6,188,0,0,0,0
2021-07-11,58.22,0,41.78,1456,5767306,62.02,2847,5225775,56.2,8,196,0,0,0,0
2021-07-12,58.29,0,41.71,2427,5769733,62.04,3695,5229470,56.24,56,252,0,0,0,0
2021-07-13,58.36,0,41.64,2965,5772698,62.08,5460,5234930,56.29,124,376,0,0,0,0
2021-07-14,58.42,0,41.58,2747,5775445,62.11,7534,5242464,56.37,441,817,0.01,0,0,0
2021-07-15,58.5,0,41.5,3009,5778454,62.14,9302,5251766,56.47,374,1191,0.01,0,0,0
2021-07-16,58.54,0,41.46,1296,5779750,62.15,5898,5257664,56.54,66,1257,0.01,0,0,0
2021-07-17,58.55,0,41.44,372,5780122,62.16,1393,5259057,56.55,8,1265,0.01,0,0,0
2021-07-18,58.6,0,41.4,2074,5782196,62.18,9769,5268826,56.66,235,1500,0.02,0,0,0
2021-07-19,58.65,0,41.35,3211,5785407,62.21,11346,5280172,56.78,461,1961,0.02,0,0,0
2021-07-20,58.72,0,41.28,2690,5788097,62.24,11914,5292086,56.91,373,2334,0.03,0,0,0
2021-07-21,58.81,0,41.19,2408,5790505,62.27,11880,5303966,57.04,325,2659,0.03,0,0,0
2021-07-22,58.93,0,41.07,2877,5793382,62.3,13278,5317244,57.18,391,3050,0.03,0,0,0
2021-07-23,58.99,0,41.01,2038,5795420,62.32,8250,5325494,57.27,106,3156,0.03,0,0,0
2021-07-24,58.99,0,41,645,5796065,62.33,1485,5326979,57.28,7,3163,0.03,0,0,0
2021-07-25,59.1,0,40.89,4416,5800481,62.38,15499,5342478,57.45,223,3386,0.04,0,0,0
2021-07-26,59.24,0,40.75,5173,5805654,62.43,13533,5356011,57.6,325,3711,0.04,0,0,0
2021-07-27,59.37,0.01,40.62,5493,5811147,62.49,13579,5369590,57.74,414,4125,0.04,0,0,0
2021-07-28,59.5,0.01,40.49,3990,5815137,62.53,12345,5381935,57.87,472,4597,0.05,0,0,0
2021-07-29,59.65,0.01,40.33,4665,5819802,62.58,14199,5396134,58.03,532,5129,0.06,0,0,0
2021-07-30,59.74,0.02,40.25,2657,5822459,62.61,10855,5406989,58.14,4122,9251,0.1,0,0,0
2021-07-31,59.75,0.02,40.23,1407,5823866,62.63,3553,5410542,58.18,6159,15410,0.17,0,0,0
2021-08-01,59.91,0.02,40.06,3078,5826944,62.66,3366,5413908,58.22,31047,46457,0.5,0,0,0
2021-08-02,60.06,0.03,39.91,3134,5830078,62.69,3175,5417083,58.25,58514,104971,1.13,0,0,0
2021-08-03,60.21,0.03,39.76,3386,5833464,62.73,3330,5420413,58.29,78953,183924,1.98,0,0,0
2021-08-04,60.34,0.03,39.63,3534,5836998,62.77,3255,5423668,58.32,80764,264688,2.85,0,0,0
2021-08-05,60.49,0.04,39.47,4515,5841513,62.82,3570,5427238,58.36,88442,353130,3.8,0,0,0
2021-08-06,60.6,0.04,39.36,2437,5843950,62.84,1861,5429099,58.38,44744,397874,4.28,0,0,0
2021-08-07,60.63,0.04,39.32,1034,5844984,62.85,700,5429799,58.39,27353,425227,4.57,0,0,0
2021-08-08,60.68,0.04,39.28,4991,5849975,62.91,3082,5432881,58.42,80087,505314,5.43,0,0,0
2021-08-09,60.72,0.04,39.24,5341,5855316,62.97,3063,5435944,58.46,76489,581803,6.26,0,0,0
2021-08-10,60.75,0.04,39.2,5554,5860870,63.02,3206,5439150,58.49,75427,657230,7.07,0,0,0
2021-08-11,60.79,0.04,39.17,5695,5866565,63.09,2947,5442097,58.52,62641,719871,7.74,0,0,0
2021-08-12,60.83,0.04,39.12,7039,5873604,63.16,3290,5445387,58.56,59462,779333,8.38,0,0,0
2021-08-13,60.84,0.05,39.11,3821,5877425,63.2,2074,5447461,58.58,43870,823203,8.85,0,0,0
2021-08-14,60.85,0.05,39.1,2254,5879679,63.23,853,5448314,58.59,44486,867689,9.33,0,0,0
2021-08-15,60.89,0.05,39.06,7145,5886824,63.3,4530,5452844,58.64,97985,965674,10.38,0,0,0
2021-08-16,60.92,0.04,39.03,6991,5893815,63.38,4749,5457593,58.69,89521,1055195,11.35,0,0,0
2021-08-17,60.96,0.04,39,7573,5901388,63.46,5138,5462731,58.74,83320,1138515,12.24,0,0,0
2021-08-18,60.99,0.04,38.96,8643,5910031,63.55,4603,5467334,58.79,69267,1207782,12.99,0,0,0
2021-08-19,61.03,0.04,38.92,10082,5920113,63.66,5217,5472551,58.85,65975,1273757,13.7,0,0,0
2021-08-20,61.05,0.05,38.9,4768,5924881,63.71,2827,5475378,58.88,60453,1334210,14.35,0,0,0
2021-08-21,61.06,0.05,38.89,3499,5928380,63.75,1580,5476958,58.9,50725,1384935,14.89,0,0,0
2021-08-22,61.12,0.04,38.84,9823,5938203,63.86,4808,5481766,58.95,105110,1490045,16.02,0,0,0
2021-08-23,61.17,0.04,38.79,10923,5949126,63.97,4448,5486214,59,94033,1584078,17.03,0,0,0
2021-08-24,61.23,0.04,38.73,11723,5960849,64.1,4703,5490917,59.05,98554,1682632,18.09,0,0,0
2021-08-25,61.29,0.04,38.67,9613,5970462,64.2,4485,5495402,59.09,99554,1782186,19.16,0,0,0
2021-08-26,61.36,0.03,38.61,10109,5980571,64.31,5059,5500461,59.15,101231,1883417,20.25,0,0,0
2021-08-27,61.35,0.04,38.61,4326,5984897,64.36,2788,5503249,59.18,56695,1940112,20.86,0,0,0
2021-08-28,61.4,0.04,38.57,3702,5988599,64.4,1500,5504749,59.2,33539,1973651,21.22,0,0,0
2021-08-29,61.46,0.03,38.5,10322,5998921,64.51,5932,5510681,59.26,79550,2053201,22.08,0,0,0
2021-08-30,61.53,0.03,38.44,12335,6011256,64.64,7017,5517698,59.33,116008,2169209,23.33,0,0,0
2021-08-31,61.6,0.03,38.37,12077,6023333,64.77,6529,5524227,59.4,114878,2284087,24.56,0,0,0
2021-09-01,61.43,0.03,38.54,9033,6032366,64.87,6042,5530269,59.47,112492,2396579,25.77,0,0,0
2021-09-02,61.49,0.03,38.48,8785,6041151,64.96,7182,5537451,59.55,111544,2508123,26.97,0,0,0
2021-09-03,61.56,0.03,38.42,3751,6044902,65,4116,5541567,59.59,58885,2567008,27.6,0,0,0
2021-09-04,61.59,0.03,38.38,2691,6047593,65.03,2023,5543590,59.61,29953,2596961,27.93,0,0,0
2021-09-05,61.68,0.03,38.29,6991,6054584,65.11,6460,5550050,59.68,73326,2670287,28.71,0,0,0
2021-09-06,61.77,0.03,38.2,2836,6057420,65.14,2718,5552768,59.71,22798,2693085,28.96,0,0,0
2021-09-07,61.85,0.03,38.12,1201,6058621,65.15,879,5553647,59.72,5398,2698483,29.02,0,0,0
2021-09-08,61.93,0.03,38.05,1380,6060001,65.17,1196,5554843,59.73,6621,2705104,29.09,0,0,0
2021-09-09,62.02,0.03,37.95,7093,6067094,65.24,12573,5567416,59.87,73845,2778949,29.88,0,0,0
2021-09-10,62.06,0.03,37.91,3258,6070352,65.28,5016,5572432,59.92,37938,2816887,30.29,0,0,0
2021-09-11,62.08,0.03,37.89,2109,6072461,65.3,2509,5574941,59.95,14816,2831703,30.45,0,0,0
2021-09-12,62.16,0.03,37.81,6106,6078567,65.37,8589,5583530,60.04,54136,2885839,31.03,0,0,0
2021-09-13,62.15,0.03,37.82,5611,6084178,65.43,8264,5591794,60.13,47982,2933821,31.55,0,0,0
2021-09-14,62.2,0.03,37.77,4963,6089141,65.48,7424,5599218,60.21,48856,2982677,32.07,0,0,0
2021-09-15,62.25,0.03,37.72,1750,6090891,65.5,2718,5601936,60.24,16687,2999364,32.25,0,0,0
2021-09-16,62.37,0.03,37.6,343,6091234,65.5,549,5602485,60.25,1740,3001104,32.27,0,0,0
2021-09-17,62.42,0.03,37.54,3683,6094917,65.54,7022,5609507,60.32,42905,3044009,32.73,0,0,0
2021-09-18,62.45,0.03,37.52,2258,6097175,65.57,2946,5612453,60.35,12783,3056792,32.87,0,0,0
2021-09-19,62.55,0.03,37.42,5942,6103117,65.63,10711,5623164,60.47,44332,3101124,33.35,0,0,0
2021-09-20,62.63,0.03,37.34,3246,6106363,65.66,4646,5627810,60.52,16708,3117832,33.53,0,0,0
2021-09-21,62.69,0.03,37.28,1340,6107703,65.68,2066,5629876,60.54,3477,3121309,33.56,0,0,0
2021-09-22,62.72,0.03,37.25,4259,6111962,65.72,7250,5637126,60.62,25072,3146381,33.83,0,0,0
2021-09-23,62.75,0.03,37.22,4390,6116352,65.77,5916,5643042,60.68,27834,3174215,34.13,0,0,0
2021-09-24,62.82,0.03,37.15,3202,6119554,65.81,4185,5647227,60.73,27723,3201938,34.43,0,0,0
2021-09-25,62.85,0.03,37.12,2080,6121634,65.83,2263,5649490,60.75,10443,3212381,34.54,0,0,0
2021-09-26,62.96,0.03,37,5603,6127237,65.89,5973,5655463,60.82,36271,3248652,34.93,0,0,0
2021-09-27,63.02,0.03,36.94,4695,6131932,65.94,4469,5659932,60.86,30457,3279109,35.26,0,0,0
2021-09-28,63.06,0.04,36.91,1472,6133404,65.96,1184,5661116,60.88,6249,3285358,35.33,0,0,0
2021-09-29,63.13,0.03,36.84,9622,6143026,66.06,8349,5669465,60.97,60325,3345683,35.98,0,0,0
2021-09-30,63.18,0.03,36.79,10975,6154001,66.18,8579,5678044,61.06,79702,3425385,36.83,0,0,0
2021-10-01,63.23,0.03,36.73,5126,6159127,66.23,3875,5681919,61.1,46546,3471931,37.34,0,0,0
2021-10-02,63.26,0.03,36.71,2865,6161992,66.26,2127,5684046,61.12,22432,3494363,37.58,0,0,0
2021-10-03,63.35,0.03,36.62,11667,6173659,66.39,7276,5691322,61.2,70726,3565089,38.34,0,0,0
2021-10-04,63.4,0.03,36.57,10320,6183979,66.5,6759,5698081,61.27,51913,3617002,38.9,0,0,0
2021-10-05,63.41,0.03,36.55,8461,6192440,66.59,5314,5703395,61.33,40479,3657481,39.33,0,0,0
2021-10-06,63.52,0.03,36.45,7543,6199983,66.67,4185,5707580,61.38,34150,3691631,39.7,0,0,0
2021-10-07,63.63,0.03,36.34,6893,6206876,66.75,4009,5711589,61.42,34068,3725699,40.06,0,0,0
2021-10-08,63.68,0.03,36.29,3086,6209962,66.78,2643,5714232,61.45,19250,3744949,40.27,0,0,0
2021-10-09,63.71,0.03,36.26,1341,6211303,66.79,1444,5715676,61.46,7441,3752390,40.35,0,0,0
2021-10-10,63.82,0.04,36.14,4676,6215979,66.84,3747,5719423,61.5,21519,3773909,40.58,0,0,0
2021-10-11,63.91,0.04,36.05,4299,6220278,66.89,2944,5722367,61.54,17269,3791178,40.77,0,0,0
2021-10-12,63.99,0.05,35.96,3977,6224255,66.93,3007,5725374,61.57,15357,3806535,40.93,0,0,0
2021-10-13,64.09,0.05,35.86,3487,6227742,66.97,2451,5727825,61.59,13587,3820122,41.08,0,0,0
2021-10-14,64.19,0.06,35.75,3869,6231611,67.01,2685,5730510,61.62,16567,3836689,41.26,0,0,0
2021-10-15,64.23,0.07,35.7,1703,6233314,67.03,1685,5732195,61.64,9010,3845699,41.35,0,0,0
2021-10-16,64.25,0.08,35.67,727,6234041,67.04,956,5733151,61.65,4035,3849734,41.4,0,0,0
2021-10-17,64.36,0.09,35.56,3090,6237131,67.07,2525,5735676,61.68,12798,3862532,41.54,0,0,0
2021-10-18,64.43,0.1,35.47,2460,6239591,67.1,1690,5737366,61.7,10069,3872601,41.64,0,0,0
2021-10-19,64.49,0.1,35.4,2398,6241989,67.12,1284,5738650,61.71,9294,3881895,41.74,0,0,0
2021-10-20,64.14,0.52,35.34,2435,6244424,67.15,2305,5740955,61.74,10102,3891997,41.85,0,0,0
2021-10-21,54.23,10.41,35.36,3034,6247458,67.18,3097,5744052,61.77,12163,3904160,41.98,0,0,0
2021-10-22,54.36,10.26,35.38,1279,6248737,67.2,1437,5745489,61.78,5840,3910000,42.05,0,0,0
2021-10-23,54.42,10.19,35.39,574,6249311,67.2,1266,5746755,61.8,2564,3912564,42.07,0,0,0
2021-10-24,54.22,10.43,35.35,2516,6251827,67.23,2653,5749408,61.83,9855,3922419,42.18,0,0,0
2021-10-25,54.59,10.22,35.19,2638,6254465,67.26,2752,5752160,61.86,8511,3930930,42.27,0,0,0
2021-10-26,54.64,10.26,35.1,2381,6256846,67.28,2059,5754219,61.88,8528,3939458,42.36,0,0,0
2021-10-27,54.58,10.37,35.06,2292,6259138,67.31,2566,5756785,61.91,7959,3947417,42.45,0,0,0
2021-10-28,54.69,10.76,34.55,2503,6261641,67.33,2782,5759567,61.94,8674,3956091,42.54,0,0,0
2021-10-29,54.73,10.75,34.52,901,6262542,67.34,1154,5760721,61.95,4138,3960229,42.59,0,0,0
2021-10-30,54.68,10.81,34.52,366,6262908,67.35,530,5761251,61.95,1712,3961941,42.6,0,0,0
2021-10-31,54.83,10.7,34.47,2261,6265169,67.37,2495,5763746,61.98,8256,3970197,42.69,0,0,0
2021-11-01,54.95,10.63,34.42,1737,6266906,67.39,2093,5765839,62,6480,3976677,42.76,0,0,0
2021-11-02,54.89,10.69,34.42,2026,6268932,67.41,2048,5767887,62.02,6296,3982973,42.83,0,0,0
2021-11-03,54.86,10.75,34.39,1764,6270696,67.43,1897,5769784,62.05,5556,3988529,42.89,0,0,0
2021-11-04,54.85,10.81,34.33,2111,6272807,67.45,2802,5772586,62.08,7131,3995660,42.97,0,0,0
2021-11-05,54.85,10.83,34.32,790,6273597,67.46,905,5773491,62.09,3487,3999147,43,0,0,0
2021-11-06,54.82,10.86,34.32,347,6273944,67.47,389,5773880,62.09,1375,4000522,43.02,0,0,0
2021-11-07,54.92,10.8,34.28,1578,6275522,67.48,1769,5775649,62.11,6134,4006656,43.09,0,0,0
2021-11-08,55.01,10.75,34.24,1519,6277041,67.5,1603,5777252,62.13,5405,4012061,43.14,0,0,0
2021-11-09,55.05,10.74,34.21,1428,6278469,67.52,1611,5778863,62.14,5332,4017393,43.2,0,0,0
2021-11-10,55.08,10.73,34.19,1424,6279893,67.53,1661,5780524,62.16,4779,4022172,43.25,0,0,0
2021-11-11,55.15,10.69,34.15,1628,6281521,67.55,1947,5782471,62.18,5717,4027889,43.31,0,0,0
2021-11-12,55.17,10.69,34.14,637,6282158,67.56,826,5783297,62.19,2925,4030814,43.35,0,0,0
2021-11-13,55.14,10.72,34.14,257,6282415,67.56,290,5783587,62.19,1130,4031944,43.36,0,0,0
2021-11-14,55.21,10.68,34.11,1536,6283951,67.57,1639,5785226,62.21,5111,4037055,43.41,0,0,0
2021-11-15,55.28,10.63,34.09,1275,6285226,67.59,1626,5786852,62.23,4770,4041825,43.46,0,0,0
2021-11-16,55.32,10.62,34.07,1275,6286501,67.6,1417,5788269,62.24,4349,4046174,43.51,0,0,0
2021-11-17,55.35,10.6,34.05,1208,6287709,67.61,1566,5789835,62.26,3915,4050089,43.55,0,0,0
2021-11-18,55.41,10.58,34.02,1364,6289073,67.63,1692,5791527,62.28,5012,4055101,43.61,0,0,0
2021-11-19,55.42,10.57,34.01,588,6289661,67.64,763,5792290,62.29,2460,4057561,43.63,0,0,0
2021-11-20,55.41,10.58,34,238,6289899,67.64,258,5792548,62.29,929,4058490,43.64,0,0,0
2021-11-21,55.47,10.54,33.98,1409,6291308,67.65,1542,5794090,62.31,4881,4063371,43.7,0,0,0
2021-11-22,55.54,10.5,33.96,1680,6292988,67.67,1522,5795612,62.32,4238,4067609,43.74,0,0,0
2021-11-23,55.57,10.48,33.95,8622,6301610,67.76,1688,5797300,62.34,4011,4071620,43.78,0,0,0
2021-11-24,55.6,10.44,33.95,9350,6310960,67.86,1319,5798619,62.36,3924,4075544,43.83,0,0,0
2021-11-25,55.64,10.43,33.93,9812,6320772,67.97,1600,5800219,62.37,4841,4080385,43.88,0,0,0
2021-11-26,55.63,10.45,33.92,5610,6326382,68.03,748,5800967,62.38,2805,4083190,43.91,0,0,0
2021-11-27,55.62,10.46,33.92,4779,6331161,68.08,324,5801291,62.38,1164,4084354,43.92,0,0,0
2021-11-28,55.67,10.43,33.9,10152,6341313,68.19,1480,5802771,62.4,4904,4089258,43.97,0,0,0
2021-11-29,55.73,10.39,33.88,9043,6350356,68.29,1133,5803904,62.41,4376,4093634,44.02,0,0,0
2021-11-30,55.77,10.37,33.86,10044,6360400,68.4,1036,5804940,62.42,4084,4097718,44.06,0,0,0
2021-12-01,55.79,10.36,33.84,8632,6369032,68.49,1097,5806037,62.44,4444,4102162,44.11,5,5,0
2021-12-02,55.84,10.34,33.82,9177,6378209,68.59,1456,5807493,62.45,5125,4107287,44.17,6,11,0
2021-12-03,55.86,10.33,33.81,6333,6384542,68.66,673,5808166,62.46,2868,4110155,44.2,1,12,0
2021-12-04,55.85,10.34,33.81,2509,6387051,68.68,238,5808404,62.46,925,4111080,44.21,3,15,0
2021-12-05,55.9,10.31,33.79,8335,6395386,68.77,1254,5809658,62.47,4683,4115763,44.26,1,16,0
2021-12-06,55.95,10.27,33.78,6723,6402109,68.85,1200,5810858,62.49,4351,4120114,44.31,4,20,0
2021-12-07,55.99,10.25,33.76,5553,6407662,68.9,1505,5812363,62.5,3965,4124079,44.35,9,29,0
2021-12-08,56.03,10.22,33.75,4936,6412598,68.96,1200,5813563,62.52,3884,4127963,44.39,10,39,0
2021-12-09,56.08,10.19,33.73,6239,6418837,69.03,1241,5814804,62.53,4508,4132471,44.44,8,47,0
2021-12-10,56.1,10.18,33.72,3006,6421843,69.06,704,5815508,62.54,2687,4135158,44.47,4,51,0
2021-12-11,56.1,10.18,33.71,1491,6423334,69.07,255,5815763,62.54,1019,4136177,44.48,0,51,0
2021-12-12,56.16,10.15,33.69,7274,6430608,69.15,1444,5817207,62.56,5248,4141425,44.53,3,54,0
2021-12-13,56.21,10.11,33.67,6183,6436791,69.22,1377,5818584,62.57,4351,4145776,44.58,5,59,0
2021-12-14,56.27,10.09,33.65,7317,6444108,69.3,6101,5824685,62.64,4940,4150716,44.63,12,71,0
2021-12-15,56.34,10.06,33.6,7204,6451312,69.37,7408,5832093,62.72,5446,4156162,44.69,7,78,0
2021-12-16,56.53,10.05,33.42,8079,6459391,69.46,8613,5840706,62.81,6563,4162725,44.76,8,86,0
2021-12-17,56.64,10.05,33.3,4406,6463797,69.51,5140,5845846,62.86,3954,4166679,44.81,3,89,0
2021-12-18,56.73,10.07,33.2,3941,6467738,69.55,2914,5848760,62.89,1361,4168040,44.82,2,91,0
2021-12-19,56.92,10.04,33.04,6977,6474715,69.63,9332,5858092,63,6275,4174315,44.89,6,97,0
2021-12-20,57.07,10.02,32.91,7972,6482687,69.71,7518,5865610,63.08,5446,4179761,44.95,9,106,0
2021-12-21,57.27,10.01,32.71,9549,6492236,69.81,8649,5874259,63.17,6492,4186253,45.02,8,114,0
2021-12-22,57.49,10,32.52,9664,6501900,69.92,8155,5882414,63.26,6252,4192505,45.08,12,126,0
2021-12-23,57.7,9.97,32.33,11539,6513439,70.04,10265,5892679,63.37,8160,4200665,45.17,16,142,0
2021-12-24,57.83,9.96,32.21,5873,6519312,70.11,6242,5898921,63.43,5281,4205946,45.23,12,154,0
2021-12-25,57.9,9.96,32.15,3338,6522650,70.14,2566,5901487,63.46,2021,4207967,45.25,6,160,0
2021-12-26,58.1,9.92,31.98,10653,6533303,70.26,8910,5910397,63.56,8201,4216168,45.34,8,168,0
2021-12-27,58.27,9.9,31.83,10372,6543675,70.37,7145,5917542,63.63,8187,4224355,45.43,21,189,0
2021-12-28,58.46,9.88,31.66,11375,6555050,70.49,7453,5924995,63.71,9642,4233997,45.53,24,213,0
2021-12-29,58.64,9.85,31.51,9933,6564983,70.6,5964,5930959,63.78,8376,4242373,45.62,21,234,0
2021-12-30,58.84,9.82,31.34,11012,6575995,70.71,7735,5938694,63.86,12241,4254614,45.75,10,244,0
2021-12-31,58.9,9.79,31.3,4829,6580824,70.77,3672,5942366,63.9,7296,4261910,45.83,135,379,0
2022-01-01,58.93,9.79,31.28,1993,6582817,70.79,1592,5943958,63.92,2741,4264651,45.86,66,445,0
2022-01-02,59.14,9.76,31.1,10217,6593034,70.9,6487,5950445,63.99,13002,4277653,46,590,1035,0.01
2022-01-03,59.29,9.71,31,9384,6602418,71,5259,5955704,64.04,11341,4288994,46.12,25055,26090,0.28
2022-01-04,59.46,9.68,30.86,8966,6611384,71.1,5950,5961654,64.11,10526,4299520,46.23,50659,76749,0.83
2022-01-05,59.56,9.65,30.79,8553,6619937,71.19,5739,5967393,64.17,10494,4310014,46.35,59590,136339,1.47
2022-01-06,59.81,9.63,30.56,10339,6630276,71.3,7959,5975352,64.26,13530,4323544,46.49,64001,200340,2.15
2022-01-07,59.89,9.61,30.49,4760,6635036,71.35,4556,5979908,64.31,8166,4331710,46.58,31135,231475,2.49
2022-01-08,59.9,9.64,30.46,2750,6637786,71.38,2451,5982359,64.33,5502,4337212,46.64,27631,259106,2.79
2022-01-09,60.06,9.59,30.35,9306,6647092,71.48,7722,5990081,64.41,11869,4349081,46.77,66765,325871,3.5
2022-01-10,60.21,9.54,30.25,8349,6655441,71.57,7647,5997728,64.5,11882,4360963,46.9,64776,390647,4.2
2022-01-11,60.38,9.49,30.13,8100,6663541,71.66,8621,6006349,64.59,11974,4372937,47.02,56657,447304,4.81
2022-01-12,60.51,9.45,30.04,7277,6670818,71.73,8303,6014652,64.68,11114,4384051,47.14,44631,491935,5.29
2022-01-13,60.7,9.35,29.94,7509,6678327,71.82,9617,6024269,64.78,11544,4395595,47.27,34767,526702,5.66
2022-01-14,60.79,9.31,29.9,2555,6680882,71.84,4935,6029204,64.84,6145,4401740,47.33,11142,537844,5.78
2022-01-15,60.83,9.29,29.87,1469,6682351,71.86,3170,6032374,64.87,3884,4405624,47.38,5716,543560,5.85
2022-01-16,60.97,9.2,29.82,3818,6686169,71.9,8526,6040900,64.96,7682,4413306,47.46,19992,563552,6.06
2022-01-17,61.09,9.13,29.78,2808,6688977,71.93,7047,6047947,65.04,6173,4419479,47.52,17833,581385,6.25
2022-01-18,61.23,9.07,29.7,2476,6691453,71.96,7386,6055333,65.12,5534,4425013,47.58,14817,596202,6.41
2022-01-19,61.37,8.98,29.65,1915,6693368,71.98,6369,6061702,65.18,4521,4429534,47.63,8461,604663,6.5
2022-01-20,61.44,8.85,29.71,1777,6695145,72,6971,6068673,65.26,4793,4434327,47.68,8041,612704,6.59
2022-01-21,61.51,8.81,29.68,905,6696050,72.01,3725,6072398,65.3,2646,4436973,47.71,3358,616062,6.62
2022-01-22,61.51,8.75,29.74,328,6696378,72.01,1461,6073859,65.32,1066,4438039,47.72,1113,617175,6.64
2022-01-23,61.61,8.7,29.69,1068,6697446,72.02,5632,6079491,65.38,2879,4440918,47.76,6083,623258,6.7
2022-01-24,61.73,8.62,29.65,759,6698205,72.03,4480,6083971,65.42,2269,4443187,47.78,5055,628313,6.76
2022-01-25,61.9,8.51,29.59,744,6698949,72.04,4401,6088372,65.47,2185,4445372,47.8,7102,635415,6.83
2022-01-26,62.02,8.42,29.57,615,6699564,72.04,3285,6091657,65.51,1612,4446984,47.82,4262,639677,6.88
2022-01-27,62.12,8.35,29.52,798,6700362,72.05,4406,6096063,65.55,2005,4448989,47.84,5441,645118,6.94
2022-01-28,62.16,8.33,29.5,395,6700757,72.06,2376,6098439,65.58,1181,4450170,47.85,3452,648570,6.97
2022-01-29,62.23,8.29,29.48,124,6700881,72.06,1046,6099485,65.59,424,4450594,47.86,1162,649732,6.99
2022-01-30,62.3,8.24,29.46,769,6701650,72.07,4720,6104205,65.64,2020,4452614,47.88,8099,657831,7.07
2022-01-31,62.39,8.17,29.43,528,6702178,72.07,3184,6107389,65.68,1610,4454224,47.9,6472,664303,7.14
2022-02-01,62.45,8.15,29.4,482,6702660,72.08,2808,6110197,65.71,1526,4455750,47.91,5721,670024,7.21
2022-02-02,62.28,8.13,29.59,375,6703035,72.08,2395,6112592,65.73,1385,4457135,47.93,5074,675098,7.26
2022-02-03,62.34,8.08,29.57,446,6703481,72.09,2776,6115368,65.76,1462,4458597,47.95,5607,680705,7.32
2022-02-04,62.37,8.06,29.57,174,6703655,72.09,991,6116359,65.77,757,4459354,47.95,2455,683160,7.35
2022-02-05,62.34,8.09,29.56,62,6703717,72.09,342,6116701,65.78,221,4459575,47.96,420,683580,7.35
2022-02-06,62.41,8.05,29.55,407,6704124,72.09,2320,6119021,65.8,1344,4460919,47.97,5686,689266,7.41
2022-02-07,62.47,8.01,29.52,282,6704406,72.1,1308,6120329,65.81,983,4461902,47.98,5960,695226,7.48
2022-02-08,62.54,7.97,29.49,317,6704723,72.1,1498,6121827,65.83,1068,4462970,47.99,6137,701363,7.54
2022-02-09,62.6,7.95,29.45,254,6704977,72.1,1102,6122929,65.84,946,4463916,48,4570,705933,7.59
2022-02-10,62.63,7.93,29.44,273,6705250,72.1,1293,6124222,65.86,936,4464852,48.01,4815,710748,7.64
2022-02-11,62.67,7.91,29.42,211,6705461,72.11,557,6124779,65.86,518,4465370,48.02,2540,713288,7.67
2022-02-12,62.67,7.91,29.41,32,6705493,72.11,90,6124869,65.86,136,4465506,48.02,269,713557,7.67
2022-02-13,62.73,7.87,29.39,286,6705779,72.11,946,6125815,65.87,966,4466472,48.03,4998,718555,7.73
2022-02-14,62.89,7.74,29.36,179,6705958,72.11,629,6126444,65.88,760,4467232,48.04,3142,721697,7.76
2022-02-15,62.92,7.73,29.35,266,6706224,72.12,763,6127207,65.89,937,4468169,48.05,3819,725516,7.8
2022-02-16,62.95,7.72,29.34,179,6706403,72.12,577,6127784,65.9,803,4468972,48.06,2488,728004,7.83
2022-02-17,62.96,7.7,29.34,247,6706650,72.12,740,6128524,65.9,775,4469747,48.07,3061,731065,7.86
2022-02-18,62.98,7.69,29.33,130,6706780,72.12,343,6128867,65.91,439,4470186,48.07,1119,732184,7.87
2022-02-19,62.99,7.69,29.32,33,6706813,72.12,84,6128951,65.91,82,4470268,48.07,80,732264,7.87
2022-02-20,63.01,7.67,29.32,204,6707017,72.12,604,6129555,65.91,723,4470991,48.08,2574,734838,7.9
2022-02-21,63.04,7.65,29.31,173,6707190,72.13,413,6129968,65.92,489,4471480,48.08,1542,736380,7.92
2022-02-22,63.05,7.65,29.3,158,6707348,72.13,455,6130423,65.92,570,4472050,48.09,1871,738251,7.94
2022-02-23,63.06,7.65,29.29,109,6707457,72.13,353,6130776,65.93,453,4472503,48.1,1153,739404,7.95
2022-02-24,63.05,7.66,29.29,138,6707595,72.13,463,6131239,65.93,568,4473071,48.1,1493,740897,7.97
2022-02-25,63.06,7.66,29.28,59,6707654,72.13,144,6131383,65.93,192,4473263,48.1,456,741353,7.97
2022-02-26,63.05,7.67,29.28,17,6707671,72.13,28,6131411,65.93,161,4473424,48.1,35,741388,7.97
2022-02-27,63.05,7.67,29.28,112,6707783,72.13,341,6131752,65.94,448,4473872,48.11,1119,742507,7.98
2022-02-28,63.07,7.65,29.28,108,6707891,72.13,271,6132023,65.94,424,4474296,48.11,907,743414,7.99
2022-03-01,63.1,7.63,29.27,95,6707986,72.13,280,6132303,65.94,374,4474670,48.12,797,744211,8
2022-03-02,63.11,7.62,29.27,77,6708063,72.14,199,6132502,65.95,324,4474994,48.12,698,744909,8.01
2022-03-03,63.05,7.67,29.27,157,6708220,72.14,371,6132873,65.95,498,4475492,48.13,987,745896,8.02
2022-03-04,63.05,7.68,29.27,53,6708273,72.14,170,6133043,65.95,170,4475662,48.13,228,746124,8.02
2022-03-05,63.04,7.69,29.27,4,6708277,72.14,25,6133068,65.95,44,4475706,48.13,32,746156,8.02
2022-03-06,63.04,7.69,29.27,98,6708375,72.14,258,6133326,65.95,417,4476123,48.13,760,746916,8.03
2022-03-07,63.05,7.69,29.26,87,6708462,72.14,260,6133586,65.96,354,4476477,48.14,604,747520,8.04
2022-03-08,63.04,7.7,29.26,99,6708561,72.14,263,6133849,65.96,333,4476810,48.14,550,748070,8.04
2022-03-09,63.02,7.72,29.25,89,6708650,72.14,213,6134062,65.96,337,4477147,48.14,492,748562,8.05
2022-03-10,63.01,7.74,29.25,115,6708765,72.14,375,6134437,65.97,428,4477575,48.15,620,749182,8.06
2022-03-11,63,7.75,29.25,24,6708789,72.14,86,6134523,65.97,123,4477698,48.15,144,749326,8.06
2022-03-12,62.98,7.77,29.24,11,6708800,72.14,12,6134535,65.97,34,4477732,48.15,28,749354,8.06
2022-03-13,62.98,7.78,29.24,100,6708900,72.14,271,6134806,65.97,358,4478090,48.16,595,749949,8.06
2022-03-14,62.98,7.78,29.24,66,6708966,72.14,253,6135059,65.97,316,4478406,48.16,559,750508,8.07
2022-03-15,62.95,7.81,29.24,80,6709046,72.15,185,6135244,65.98,293,4478699,48.16,591,751099,8.08
2022-03-16,62.94,7.82,29.24,77,6709123,72.15,205,6135449,65.98,305,4479004,48.16,668,751767,8.08
2022-03-17,62.94,7.82,29.24,65,6709188,72.15,122,6135571,65.98,286,4479290,48.17,613,752380,8.09
2022-03-18,62.94,7.82,29.24,20,6709208,72.15,54,6135625,65.98,100,4479390,48.17,234,752614,8.09
2022-03-19,62.89,7.88,29.23,6,6709214,72.15,11,6135636,65.98,29,4479419,48.17,39,752653,8.09
2022-03-20,62.87,7.89,29.23,119,6709333,72.15,260,6135896,65.98,486,4479905,48.17,1431,754084,8.11
2022-03-21,62.87,7.9,29.23,97,6709430,72.15,247,6136143,65.99,379,4480284,48.18,1132,755216,8.12
2022-03-22,62.84,7.94,29.23,141,6709571,72.15,342,6136485,65.99,508,4480792,48.18,1770,756986,8.14
2022-03-23,62.81,7.97,29.22,108,6709679,72.15,212,6136697,65.99,463,4481255,48.19,1677,758663,8.16
2022-03-24,62.78,8,29.22,174,6709853,72.15,345,6137042,65.99,769,4482024,48.2,2362,761025,8.18
2022-03-25,62.78,8,29.23,39,6709892,72.15,82,6137124,66,159,4482183,48.2,630,761655,8.19
2022-03-26,62.77,8,29.22,12,6709904,72.16,13,6137137,66,34,4482217,48.2,91,761746,8.19
2022-03-27,62.75,8.02,29.22,167,6710071,72.16,344,6137481,66,758,4482975,48.21,3193,764939,8.23
2022-03-28,62.75,8.03,29.22,113,6710184,72.16,270,6137751,66,623,4483598,48.21,2416,767355,8.25
2022-03-29,62.7,8.07,29.22,125,6710309,72.16,258,6138009,66.01,641,4484239,48.22,2772,770127,8.28
2022-03-30,62.81,8.11,29.07,132,6710441,72.16,208,6138217,66.01,539,4484778,48.23,2370,772497,8.31
2022-03-31,62.79,8.11,29.1,166,6710607,72.16,302,6138519,66.01,730,4485508,48.23,2853,775350,8.34
2022-04-01,62.72,8.13,29.15,122,6710729,72.16,161,6138680,66.01,277,4485785,48.24,588,775938,8.34
2022-04-02,62.69,8.15,29.16,7,6710736,72.16,7,6138687,66.01,37,4485822,48.24,52,775990,8.34
2022-04-03,62.65,8.16,29.19,159,6710895,72.17,270,6138957,66.02,569,4486391,48.24,2478,778468,8.37
2022-04-04,62.62,8.16,29.22,103,6710998,72.17,208,6139165,66.02,484,4486875,48.25,2225,780693,8.4
2022-04-05,62.57,8.19,29.25,122,6711120,72.17,221,6139386,66.02,513,4487388,48.26,2243,782936,8.42
2022-04-06,62.55,8.2,29.25,91,6711211,72.17,157,6139543,66.02,382,4487770,48.26,2023,784959,8.44
2022-04-07,62.56,8.2,29.24,191,6711402,72.17,215,6139758,66.02,641,4488411,48.27,2556,787515,8.47
2022-04-08,62.54,8.22,29.23,30,6711432,72.17,61,6139819,66.02,154,4488565,48.27,482,787997,8.47
2022-04-09,62.52,8.25,29.23,6,6711438,72.17,17,6139836,66.02,28,4488593,48.27,47,788044,8.47
2022-04-10,62.51,8.26,29.23,103,6711541,72.17,264,6140100,66.03,429,4489022,48.27,1845,789889,8.49
2022-04-11,62.54,8.26,29.2,78,6711619,72.17,201,6140301,66.03,371,4489393,48.28,1425,791314,8.51
2022-04-12,62.58,8.29,29.12,204,6711823,72.18,168,6140469,66.03,376,4489769,48.28,1360,792674,8.52
2022-04-13,62.58,8.31,29.1,117,6711940,72.18,150,6140619,66.03,298,4490067,48.28,1218,793892,8.54
2022-04-14,62.57,8.33,29.1,85,6712025,72.18,221,6140840,66.04,321,4490388,48.29,1069,794961,8.55
2022-04-15,62.55,8.35,29.1,9,6712034,72.18,51,6140891,66.04,48,4490436,48.29,82,795043,8.55
2022-04-16,62.53,8.37,29.1,3,6712037,72.18,8,6140899,66.04,21,4490457,48.29,29,795072,8.55
2022-04-17,62.52,8.38,29.1,62,6712099,72.18,131,6141030,66.04,229,4490686,48.29,807,795879,8.56
2022-04-18,62.51,8.38,29.1,69,6712168,72.18,109,6141139,66.04,252,4490938,48.29,750,796629,8.57
2022-04-19,62.5,8.4,29.1,62,6712230,72.18,145,6141284,66.04,273,4491211,48.3,842,797471,8.58
2022-04-20,62.48,8.42,29.1,60,6712290,72.18,117,6141401,66.04,235,4491446,48.3,656,798127,8.58
2022-04-21,62.47,8.43,29.1,53,6712343,72.18,109,6141510,66.04,197,4491643,48.3,479,798606,8.59
2022-04-22,62.45,8.44,29.11,3,6712346,72.18,17,6141527,66.04,19,4491662,48.3,20,798626,8.59
2022-04-23,62.43,8.46,29.11,6,6712352,72.18,9,6141536,66.04,16,4491678,48.3,13,798639,8.59
2022-04-24,62.43,8.47,29.1,92,6712444,72.18,250,6141786,66.05,329,4492007,48.3,872,799511,8.6
2022-04-25,62.43,8.47,29.1,105,6712549,72.18,191,6141977,66.05,316,4492323,48.31,739,800250,8.61
2022-04-26,62.42,8.48,29.1,76,6712625,72.18,175,6142152,66.05,304,4492627,48.31,788,801038,8.61
2022-04-27,62.41,8.49,29.1,54,6712679,72.18,160,6142312,66.05,227,4492854,48.31,640,801678,8.62
2022-04-28,62.41,8.5,29.1,96,6712775,72.19,232,6142544,66.05,329,4493183,48.32,871,802549,8.63
2022-04-29,62.39,8.51,29.1,112,6712887,72.19,159,6142703,66.06,184,4493367,48.32,196,802745,8.63
2022-04-30,62.38,8.52,29.1,1,6712888,72.19,3,6142706,66.06,24,4493391,48.32,22,802767,8.63
2022-05-01,62.38,8.53,29.09,135,6713023,72.19,185,6142891,66.06,317,4493708,48.32,630,803397,8.64
2022-05-02,62.37,8.54,29.09,62,6713085,72.19,155,6143046,66.06,235,4493943,48.33,491,803888,8.64
2022-05-03,62.36,8.55,29.09,73,6713158,72.19,151,6143197,66.06,288,4494231,48.33,508,804396,8.65
2022-05-04,62.35,8.57,29.08,23,6713181,72.19,56,6143253,66.06,63,4494294,48.33,129,804525,8.65
2022-05-05,62.34,8.58,29.08,4,6713185,72.19,1,6143254,66.06,8,4494302,48.33,14,804539,8.65
2022-05-06,62.33,8.59,29.08,20,6713205,72.19,59,6143313,66.06,64,4494366,48.33,153,804692,8.65
2022-05-07,62.32,8.6,29.08,1,6713206,72.19,7,6143320,66.06,27,4494393,48.33,24,804716,8.65
2022-05-08,62.31,8.61,29.08,118,6713324,72.19,207,6143527,66.06,270,4494663,48.33,457,805173,8.66
2022-05-09,62.31,8.61,29.08,59,6713383,72.19,162,6143689,66.07,251,4494914,48.34,505,805678,8.66
2022-05-10,62.3,8.62,29.08,131,6713514,72.19,169,6143858,66.07,261,4495175,48.34,508,806186,8.67
2022-05-11,62.3,8.63,29.08,58,6713572,72.19,118,6143976,66.07,183,4495358,48.34,464,806650,8.67
2022-05-12,62.29,8.64,29.07,119,6713691,72.2,200,6144176,66.07,280,4495638,48.34,666,807316,8.68
2022-05-13,62.28,8.65,29.07,11,6713702,72.2,44,6144220,66.07,71,4495709,48.34,110,807426,8.68
2022-05-14,62.26,8.66,29.07,6,6713708,72.2,13,6144233,66.07,14,4495723,48.34,24,807450,8.68
2022-05-15,62.26,8.67,29.07,90,6713798,72.2,175,6144408,66.07,246,4495969,48.35,665,808115,8.69
2022-05-16,62.19,8.65,29.16,68,6713866,72.2,141,6144549,66.08,230,4496199,48.35,510,808625,8.7
2022-05-17,62.18,8.66,29.16,73,6713939,72.2,153,6144702,66.08,267,4496466,48.35,618,809243,8.7
2022-05-18,62.17,8.67,29.16,43,6713982,72.2,99,6144801,66.08,169,4496635,48.35,447,809690,8.71
2022-05-19,62.16,8.68,29.16,64,6714046,72.2,171,6144972,66.08,213,4496848,48.36,499,810189,8.71
2022-05-20,62.15,8.69,29.16,76,6714122,72.2,114,6145086,66.08,130,4496978,48.36,138,810327,8.71
2022-05-21,62.14,8.7,29.16,4,6714126,72.2,7,6145093,66.08,15,4496993,48.36,18,810345,8.71
2022-05-22,62.14,8.71,29.16,85,6714211,72.2,190,6145283,66.08,216,4497209,48.36,426,810771,8.72
2022-05-23,62.14,8.71,29.16,65,6714276,72.2,120,6145403,66.08,156,4497365,48.36,348,811119,8.72
2022-05-24,62.13,8.71,29.15,43,6714319,72.2,119,6145522,66.09,157,4497522,48.36,394,811513,8.73
2022-05-25,62.12,8.72,29.15,61,6714380,72.2,103,6145625,66.09,168,4497690,48.37,337,811850,8.73
2022-05-26,62.11,8.73,29.16,72,6714452,72.2,136,6145761,66.09,186,4497876,48.37,347,812197,8.73
2022-05-27,62.1,8.74,29.16,12,6714464,72.2,29,6145790,66.09,43,4497919,48.37,59,812256,8.73
2022-05-28,62.09,8.75,29.16,2,6714466,72.2,5,6145795,66.09,8,4497927,48.37,12,812268,8.73
2022-05-29,62.09,8.75,29.16,89,6714555,72.2,153,6145948,66.09,163,4498090,48.37,316,812584,8.74
2022-05-30,62.09,8.76,29.16,56,6714611,72.21,133,6146081,66.09,125,4498215,48.37,291,812875,8.74
2022-05-31,62.07,8.78,29.15,45,6714656,72.21,104,6146185,66.09,153,4498368,48.37,351,813226,8.75
2022-06-01,61.95,8.9,29.16,65,6714721,72.21,90,6146275,66.09,119,4498487,48.37,277,813503,8.75
2022-06-02,45.96,24.88,29.15,77,6714798,72.21,156,6146431,66.1,178,4498665,48.38,255,813758,8.75
2022-06-03,45.9,24.95,29.16,10,6714808,72.21,23,6146454,66.1,21,4498686,48.38,33,813791,8.75
2022-06-04,45.84,25,29.16,0,6714808,72.21,7,6146461,66.1,8,4498694,48.38,5,813796,8.75
2022-06-05,45.8,25.05,29.16,11,6714819,72.21,14,6146475,66.1,7,4498701,48.38,2,813798,8.75
2022-06-06,39.96,30.89,29.16,58,6714877,72.21,145,6146620,66.1,161,4498862,48.38,262,814060,8.75
2022-06-07,39.92,30.93,29.15,54,6714931,72.21,134,6146754,66.1,142,4499004,48.38,379,814439,8.76
2022-06-08,39.89,30.96,29.15,59,6714990,72.21,104,6146858,66.1,131,4499135,48.38,497,814936,8.76
2022-06-09,39.86,30.99,29.15,84,6715074,72.21,208,6147066,66.1,234,4499369,48.38,642,815578,8.77
2022-06-10,39.83,31.02,29.15,14,6715088,72.21,51,6147117,66.1,59,4499428,48.38,142,815720,8.77
2022-06-11,39.8,31.05,29.15,0,6715088,72.21,3,6147120,66.1,7,4499435,48.38,19,815739,8.77
2022-06-12,39.8,31.05,29.15,109,6715197,72.21,199,6147319,66.11,191,4499626,48.39,767,816506,8.78
2022-06-13,39.81,31.04,29.15,84,6715281,72.21,142,6147461,66.11,168,4499794,48.39,626,817132,8.79
2022-06-14,39.79,31.06,29.15,116,6715397,72.21,173,6147634,66.11,208,4500002,48.39,759,817891,8.8
2022-06-15,39.78,31.08,29.15,71,6715468,72.21,141,6147775,66.11,207,4500209,48.39,700,818591,8.8
2022-06-16,39.74,31.11,29.14,94,6715562,72.22,136,6147911,66.11,218,4500427,48.4,742,819333,8.81
2022-06-17,39.72,31.14,29.15,16,6715578,72.22,63,6147974,66.11,53,4500480,48.4,125,819458,8.81
2022-06-18,39.68,31.17,29.14,3,6715581,72.22,4,6147978,66.11,11,4500491,48.4,15,819473,8.81
2022-06-19,39.53,31.33,29.15,115,6715696,72.22,208,6148186,66.11,318,4500809,48.4,877,820350,8.82
2022-06-20,33.92,36.85,29.23,99,6715795,72.22,152,6148338,66.12,307,4501116,48.4,922,821272,8.83
2022-06-21,33.58,37.19,29.23,94,6715889,72.22,154,6148492,66.12,375,4501491,48.41,1229,822501,8.84
2022-06-22,33.28,37.49,29.23,110,6715999,72.22,136,6148628,66.12,339,4501830,48.41,894,823395,8.85
2022-06-23,32.84,37.92,29.23,132,6716131,72.22,217,6148845,66.12,525,4502355,48.42,1146,824541,8.87
2022-06-24,32.43,38.34,29.24,19,6716150,72.22,35,6148880,66.12,110,4502465,48.42,208,824749,8.87
2022-06-25,32.04,38.72,29.24,1,6716151,72.22,3,6148883,66.12,13,4502478,48.42,16,824765,8.87
2022-06-26,31.63,39.13,29.24,107,6716258,72.22,158,6149041,66.12,379,4502857,48.42,933,825698,8.88
2022-06-27,31.29,39.47,29.24,86,6716344,72.22,172,6149213,66.13,392,4503249,48.43,1028,826726,8.89
2022-06-28,30.86,39.91,29.24,84,6716428,72.23,151,6149364,66.13,364,4503613,48.43,932,827658,8.9
2022-06-29,30.48,40.28,29.24,76,6716504,72.23,108,6149472,66.13,265,4503878,48.43,816,828474,8.91
2022-06-30,30.05,40.71,29.24,86,6716590,72.23,165,6149637,66.13,355,4504233,48.44,1062,829536,8.92
2022-07-01,29.62,41.14,29.24,22,6716612,72.23,28,6149665,66.13,55,4504288,48.44,80,829616,8.92
2022-07-02,29.2,41.56,29.24,1,6716613,72.23,2,6149667,66.13,8,4504296,48.44,18,829634,8.92
2022-07-03,28.81,41.95,29.24,100,6716713,72.23,177,6149844,66.13,322,4504618,48.44,637,830271,8.93
2022-07-04,28.5,42.26,29.24,76,6716789,72.23,140,6149984,66.13,278,4504896,48.44,749,831020,8.94
2022-07-05,28.06,42.7,29.24,59,6716848,72.23,142,6150126,66.14,302,4505198,48.45,688,831708,8.94
2022-07-06,27.39,43.37,29.24,78,6716926,72.23,124,6150250,66.14,211,4505409,48.45,646,832354,8.95
2022-07-07,26.48,44.28,29.24,82,6717008,72.23,164,6150414,66.14,267,4505676,48.45,721,833075,8.96
2022-07-08,25.47,45.29,29.24,17,6717025,72.23,33,6150447,66.14,69,4505745,48.45,131,833206,8.96
2022-07-09,24.42,46.34,29.24,0,6717025,72.23,1,6150448,66.14,3,4505748,48.45,2,833208,8.96
2022-07-10,23.77,46.99,29.24,90,6717115,72.23,164,6150612,66.14,229,4505977,48.46,470,833678,8.97
2022-07-11,23.22,47.54,29.24,64,6717179,72.23,142,6150754,66.14,248,4506225,48.46,575,834253,8.97
2022-07-12,22.13,48.63,29.24,69,6717248,72.23,129,6150883,66.14,207,4506432,48.46,558,834811,8.98
2022-07-13,21.1,49.66,29.24,43,6717291,72.23,101,6150984,66.14,165,4506597,48.46,488,835299,8.98
2022-07-14,20.12,50.63,29.24,69,6717360,72.24,147,6151131,66.15,209,4506806,48.46,513,835812,8.99
2022-07-15,19.27,51.48,29.25,64,6717424,72.24,88,6151219,66.15,127,4506933,48.47,166,835978,8.99
2022-07-16,18.29,52.46,29.25,0,6717424,72.24,6,6151225,66.15,7,4506940,48.47,8,835986,8.99
2022-07-17,17.83,52.92,29.25,77,6717501,72.24,183,6151408,66.15,241,4507181,48.47,468,836454,8.99
2022-07-18,17.48,53.26,29.26,62,6717563,72.24,158,6151566,66.15,207,4507388,48.47,511,836965,9
2022-07-19,16.77,53.97,29.26,62,6717625,72.24,147,6151713,66.15,174,4507562,48.47,368,837333,9
2022-07-20,16.09,54.64,29.26,51,6717676,72.24,134,6151847,66.15,137,4507699,48.47,423,837756,9.01
2022-07-21,15.43,55.3,29.27,61,6717737,72.24,159,6152006,66.16,177,4507876,48.48,341,838097,9.01
2022-07-22,14.64,56.08,29.28,10,6717747,72.24,36,6152042,66.16,43,4507919,48.48,56,838153,9.01
2022-07-23,14.17,56.55,29.28,0,6717747,72.24,4,6152046,66.16,4,4507923,48.48,9,838162,9.01
2022-07-24,13.55,57.16,29.29,58,6717805,72.24,128,6152174,66.16,197,4508120,48.48,364,838526,9.02
2022-07-25,13.09,57.61,29.3,48,6717853,72.24,107,6152281,66.16,172,4508292,48.48,336,838862,9.02
2022-07-26,12.46,58.23,29.3,47,6717900,72.24,99,6152380,66.16,111,4508403,48.48,270,839132,9.02
2022-07-27,11.89,58.8,29.31,43,6717943,72.24,125,6152505,66.16,132,4508535,48.48,243,839375,9.03
2022-07-28,11.35,59.34,29.31,62,6718005,72.24,143,6152648,66.16,148,4508683,48.48,220,839595,9.03
2022-07-29,10.85,59.83,29.32,10,6718015,72.24,25,6152673,66.16,27,4508710,48.48,31,839626,9.03
2022-07-30,10.34,60.33,29.33,0,6718015,72.24,0,6152673,66.16,1,4508711,48.48,1,839627,9.03
2022-07-31,9.97,60.7,29.33,56,6718071,72.24,134,6152807,66.16,131,4508842,48.49,252,839879,9.03
2022-08-01,9.47,61.19,29.34,54,6718125,72.24,76,6152883,66.17,91,4508933,48.49,152,840031,9.03
2022-08-02,8.92,61.73,29.35,111,6718236,72.24,119,6153002,66.17,157,4509090,48.49,264,840295,9.04
2022-08-03,8.46,62.19,29.35,76,6718312,72.25,71,6153073,66.17,92,4509182,48.49,178,840473,9.04
2022-08-04,8.04,62.61,29.36,133,6718445,72.25,133,6153206,66.17,111,4509293,48.49,246,840719,9.04
2022-08-05,7.71,62.93,29.36,31,6718476,72.25,23,6153229,66.17,13,4509306,48.49,24,840743,9.04
2022-08-06,7.32,63.32,29.36,1,6718477,72.25,2,6153231,66.17,3,4509309,48.49,5,840748,9.04
2022-08-07,6.92,63.71,29.37,89,6718566,72.25,97,6153328,66.17,69,4509378,48.49,169,840917,9.04
2022-08-08,6.74,63.89,29.37,76,6718642,72.25,95,6153423,66.17,122,4509500,48.49,172,841089,9.04
2022-08-09,6.25,64.37,29.38,96,6718738,72.25,90,6153513,66.17,99,4509599,48.49,213,841302,9.05
2022-08-10,5.91,64.71,29.38,77,6718815,72.25,60,6153573,66.17,76,4509675,48.49,115,841417,9.05
2022-08-11,5.59,65.03,29.38,54,6718869,72.25,101,6153674,66.17,91,4509766,48.5,155,841572,9.05
2022-08-12,5.35,65.27,29.38,8,6718877,72.25,12,6153686,66.17,18,4509784,48.5,29,841601,9.05
2022-08-13,5.1,65.52,29.38,0,6718877,72.25,2,6153688,66.17,2,4509786,48.5,3,841604,9.05
2022-08-14,4.87,65.75,29.39,74,6718951,72.25,75,6153763,66.17,82,4509868,48.5,150,841754,9.05
2022-08-15,4.74,65.87,29.39,68,6719019,72.25,81,6153844,66.18,93,4509961,48.5,143,841897,9.05
2022-08-16,4.46,66.15,29.39,82,6719101,72.25,84,6153928,66.18,83,4510044,48.5,187,842084,9.06
2022-08-17,4.16,66.44,29.39,47,6719148,72.25,56,6153984,66.18,36,4510080,48.5,115,842199,9.06
2022-08-18,3.98,66.63,29.39,70,6719218,72.26,93,6154077,66.18,120,4510200,48.5,173,842372,9.06
2022-08-19,3.83,66.78,29.39,78,6719296,72.26,67,6154144,66.18,57,4510257,48.5,38,842410,9.06
2022-08-20,3.67,66.94,29.39,1,6719297,72.26,1,6154145,66.18,3,4510260,48.5,3,842413,9.06
2022-08-21,3.52,67.08,29.4,51,6719348,72.26,85,6154230,66.18,84,4510344,48.5,197,842610,9.06
2022-08-22,3.44,67.16,29.4,89,6719437,72.26,74,6154304,66.18,103,4510447,48.5,144,842754,9.06
2022-08-23,3.27,67.33,29.4,72,6719509,72.26,106,6154410,66.18,84,4510531,48.5,180,842934,9.06
2022-08-24,3.15,67.46,29.4,38,6719547,72.26,80,6154490,66.18,49,4510580,48.5,133,843067,9.07
2022-08-25,3.03,67.57,29.4,53,6719600,72.26,75,6154565,66.18,97,4510677,48.51,193,843260,9.07
2022-08-26,2.94,67.66,29.4,4,6719604,72.26,15,6154580,66.18,9,4510686,48.51,14,843274,9.07
2022-08-27,2.84,67.76,29.4,0,6719604,72.26,0,6154580,66.18,0,4510686,48.51,0,843274,9.07
2022-08-28,2.75,67.85,29.4,55,6719659,72.26,80,6154660,66.18,85,4510771,48.51,102,843376,9.07
2022-08-29,2.69,67.91,29.4,48,6719707,72.26,68,6154728,66.18,89,4510860,48.51,107,843483,9.07
2022-08-30,2.6,68,29.4,85,6719792,72.26,113,6154841,66.19,85,4510945,48.51,131,843614,9.07
2022-08-31,2.53,68.07,29.4,42,6719834,72.26,89,6154930,66.19,70,4511015,48.51,96,843710,9.07
2022-09-01,2.46,68.14,29.4,29,6719863,72.26,84,6155014,66.19,58,4511073,48.51,113,843823,9.07
2022-09-02,2.4,68.2,29.4,6,6719869,72.26,20,6155034,66.19,13,4511086,48.51,10,843833,9.07
2022-09-03,2.33,68.27,29.4,2,6719871,72.26,0,6155034,66.19,3,4511089,48.51,1,843834,9.07
2022-09-04,2.27,68.32,29.4,64,6719935,72.26,133,6155167,66.19,80,4511169,48.51,121,843955,9.08
2022-09-05,2.23,68.37,29.4,44,6719979,72.26,77,6155244,66.19,58,4511227,48.51,90,844045,9.08
2022-09-06,2.17,68.42,29.4,60,6720039,72.26,104,6155348,66.19,78,4511305,48.51,130,844175,9.08
2022-09-07,2.12,68.47,29.4,28,6720067,72.26,63,6155411,66.19,53,4511358,48.51,95,844270,9.08
2022-09-08,2.07,68.53,29.4,50,6720117,72.26,101,6155512,66.19,70,4511428,48.51,77,844347,9.08
2022-09-09,2.03,68.57,29.4,10,6720127,72.26,21,6155533,66.19,16,4511444,48.51,17,844364,9.08
2022-09-10,1.97,68.62,29.4,0,6720127,72.26,0,6155533,66.19,5,4511449,48.51,2,844366,9.08
2022-09-11,1.92,68.67,29.41,39,6720166,72.27,117,6155650,66.19,78,4511527,48.51,116,844482,9.08
2022-09-12,1.88,68.71,29.41,24,6720190,72.27,72,6155722,66.2,52,4511579,48.52,68,844550,9.08
2022-09-13,1.82,68.77,29.41,44,6720234,72.27,113,6155835,66.2,54,4511633,48.52,103,844653,9.08
2022-09-14,1.78,68.82,29.41,21,6720255,72.27,64,6155899,66.2,54,4511687,48.52,62,844715,9.08
2022-09-15,1.73,68.86,29.41,32,6720287,72.27,77,6155976,66.2,63,4511750,48.52,107,844822,9.08
2022-09-16,1.7,68.89,29.41,51,6720338,72.27,52,6156028,66.2,27,4511777,48.52,28,844850,9.09
2022-09-17,1.66,68.93,29.41,3,6720341,72.27,0,6156028,66.2,1,4511778,48.52,0,844850,9.09
2022-09-18,1.63,68.96,29.41,28,6720369,72.27,66,6156094,66.2,52,4511830,48.52,115,844965,9.09
2022-09-19,1.61,68.98,29.41,27,6720396,72.27,74,6156168,66.2,44,4511874,48.52,57,845022,9.09
2022-09-20,1.56,69.03,29.41,41,6720437,72.27,93,6156261,66.2,75,4511949,48.52,102,845124,9.09
2022-09-21,1.55,69.05,29.41,22,6720459,72.27,54,6156315,66.2,29,4511978,48.52,56,845180,9.09
2022-09-22,1.52,69.07,29.4,42,6720501,72.27,56,6156371,66.2,27,4512005,48.52,41,845221,9.09
2022-09-23,1.5,69.1,29.41,7,6720508,72.27,11,6156382,66.2,4,4512009,48.52,1,845222,9.09
2022-09-24,1.47,69.13,29.41,0,6720508,72.27,0,6156382,66.2,1,4512010,48.52,0,845222,9.09
2022-09-25,1.46,69.13,29.41,5,6720513,72.27,20,6156402,66.2,10,4512020,48.52,27,845249,9.09
2022-09-26,1.46,69.13,29.41,0,6720513,72.27,5,6156407,66.2,2,4512022,48.52,2,845251,9.09
2022-09-27,1.42,69.17,29.41,2,6720515,72.27,0,6156407,66.2,3,4512025,48.52,3,845254,9.09
2022-09-28,1.39,69.21,29.41,24,6720539,72.27,36,6156443,66.2,25,4512050,48.52,17,845271,9.09
2022-09-29,1.37,69.22,29.41,32,6720571,72.27,61,6156504,66.2,13,4512063,48.52,48,845319,9.09
2022-09-30,1.35,69.24,29.41,4,6720575,72.27,12,6156516,66.2,2,4512065,48.52,0,845319,9.09
2022-10-01,1.31,69.29,29.41,0,6720575,72.27,1,6156517,66.2,1,4512066,48.52,1,845320,9.09
2022-10-02,1.31,69.29,29.41,28,6720603,72.27,51,6156568,66.2,20,4512086,48.52,73,845393,9.09
2022-10-03,1.31,69.28,29.4,23,6720626,72.27,29,6156597,66.2,13,4512099,48.52,12,845405,9.09
2022-10-04,1.27,69.32,29.4,7,6720633,72.27,10,6156607,66.21,0,4512099,48.52,1,845406,9.09
2022-10-05,1.28,69.31,29.4,1,6720634,72.27,0,6156607,66.21,0,4512099,48.52,1,845407,9.09
2022-10-06,1.31,69.28,29.4,17,6720651,72.27,43,6156650,66.21,10,4512109,48.52,20,845427,9.09
2022-10-07,1.3,69.29,29.41,3,6720654,72.27,3,6156653,66.21,4,4512113,48.52,0,845427,9.09
2022-10-08,1.26,69.33,29.41,1,6720655,72.27,1,6156654,66.21,0,4512113,48.52,1,845428,9.09
2022-10-09,1.31,69.28,29.41,7,6720662,72.27,22,6156676,66.21,6,4512119,48.52,5,845433,9.09
2022-10-10,1.38,69.22,29.4,5,6720667,72.27,2,6156678,66.21,0,4512119,48.52,0,845433,9.09
2022-10-11,1.36,69.24,29.4,12,6720679,72.27,32,6156710,66.21,1,4512120,48.52,32,845465,9.09
2022-10-12,1.34,69.26,29.4,13,6720692,72.27,24,6156734,66.21,5,4512125,48.52,4,845469,9.09
2022-10-13,1.4,69.2,29.4,17,6720709,72.27,16,6156750,66.21,5,4512130,48.52,9,845478,9.09
2022-10-14,1.4,69.2,29.4,6,6720715,72.27,7,6156757,66.21,4,4512134,48.52,3,845481,9.09
2022-10-15,1.38,69.22,29.4,0,6720715,72.27,0,6156757,66.21,0,4512134,48.52,1,845482,9.09
2022-10-16,1.39,69.2,29.4,4,6720719,72.27,13,6156770,66.21,5,4512139,48.52,8,845490,9.09
2022-10-17,1.39,69.2,29.4,1,6720720,72.27,1,6156771,66.21,3,4512142,48.52,1,845491,9.09
2022-10-18,1.43,69.17,29.4,24,6720744,72.27,31,6156802,66.21,14,4512156,48.52,16,845507,9.09
2022-10-19,1.47,69.12,29.4,18,6720762,72.27,25,6156827,66.21,7,4512163,48.52,3,845510,9.09
2022-10-20,1.5,69.1,29.4,26,6720788,72.27,44,6156871,66.21,12,4512175,48.52,4,845514,9.09
2022-10-21,1.5,69.09,29.4,4,6720792,72.27,7,6156878,66.21,2,4512177,48.52,4,845518,9.09
2022-10-22,1.49,69.1,29.4,0,6720792,72.27,0,6156878,66.21,0,4512177,48.52,0,845518,9.09
2022-10-23,1.51,69.08,29.4,15,6720807,72.27,33,6156911,66.21,18,4512195,48.52,10,845528,9.09
2022-10-24,1.51,69.08,29.41,20,6720827,72.27,16,6156927,66.21,19,4512214,48.52,9,845537,9.09
2022-10-25,1.55,69.04,29.4,18,6720845,72.27,34,6156961,66.21,22,4512236,48.52,21,845558,9.09
2022-10-26,1.61,68.99,29.4,18,6720863,72.27,25,6156986,66.21,8,4512244,48.52,10,845568,9.09
2022-10-27,1.67,68.93,29.4,17,6720880,72.27,27,6157013,66.21,14,4512258,48.52,17,845585,9.09
2022-10-28,1.67,68.93,29.4,48,6720928,72.27,49,6157062,66.21,31,4512289,48.52,18,845603,9.09
2022-10-29,1.66,68.94,29.4,0,6720928,72.27,0,6157062,66.21,0,4512289,48.52,0,845603,9.09
2022-10-30,1.71,68.89,29.4,15,6720943,72.27,23,6157085,66.21,15,4512304,48.52,9,845612,9.09
2022-10-31,1.76,68.84,29.4,17,6720960,72.27,16,6157101,66.21,8,4512312,48.52,9,845621,9.09
2022-11-01,1.82,68.78,29.4,2,6720962,72.27,1,6157102,66.21,1,4512313,48.52,0,845621,9.09
2022-11-02,1.88,68.72,29.4,13,6720975,72.27,13,6157115,66.21,7,4512320,48.52,8,845629,9.09
2022-11-03,1.96,68.64,29.4,17,6720992,72.27,18,6157133,66.21,11,4512331,48.52,8,845637,9.09
2022-11-04,1.98,68.63,29.4,4,6720996,72.27,6,6157139,66.21,1,4512332,48.52,2,845639,9.09
2022-11-05,1.97,68.63,29.4,0,6720996,72.27,0,6157139,66.21,0,4512332,48.52,0,845639,9.09
2022-11-06,2.03,68.57,29.4,27,6721023,72.27,33,6157172,66.21,11,4512343,48.52,23,845662,9.09
2022-11-07,2.1,68.51,29.4,15,6721038,72.27,11,6157183,66.21,10,4512353,48.52,54,845716,9.09
2022-11-08,2.1,68.5,29.4,28,6721066,72.28,26,6157209,66.21,14,4512367,48.52,9,845725,9.09
2022-11-09,2.16,68.45,29.4,16,6721082,72.28,20,6157229,66.21,17,4512384,48.52,9,845734,9.09
2022-11-10,2.22,68.39,29.4,28,6721110,72.28,17,6157246,66.21,11,4512395,48.52,6,845740,9.09
2022-11-11,2.23,68.37,29.4,1,6721111,72.28,17,6157263,66.21,2,4512397,48.52,1,845741,9.09
2022-11-12,2.22,68.38,29.4,1,6721112,72.28,0,6157263,66.21,2,4512399,48.52,0,845741,9.09
2022-11-13,2.29,68.31,29.4,29,6721141,72.28,31,6157294,66.21,17,4512416,48.52,8,845749,9.09
2022-11-14,2.37,68.23,29.4,20,6721161,72.28,17,6157311,66.21,21,4512437,48.52,16,845765,9.09
2022-11-15,2.43,68.17,29.4,40,6721201,72.28,25,6157336,66.21,16,4512453,48.52,18,845783,9.1
2022-11-16,2.5,68.1,29.4,14,6721215,72.28,27,6157363,66.21,16,4512469,48.52,11,845794,9.1
2022-11-17,2.59,68.02,29.4,19,6721234,72.28,33,6157396,66.21,18,4512487,48.53,5,845799,9.1
2022-11-18,2.61,67.99,29.4,6,6721240,72.28,4,6157400,66.21,4,4512491,48.53,0,845799,9.1
2022-11-19,2.6,68,29.4,0,6721240,72.28,0,6157400,66.21,0,4512491,48.53,0,845799,9.1
2022-11-20,2.67,67.93,29.4,19,6721259,72.28,19,6157419,66.21,6,4512497,48.53,13,845812,9.1
2022-11-21,2.76,67.85,29.4,14,6721273,72.28,13,6157432,66.21,6,4512503,48.53,6,845818,9.1
2022-11-22,2.83,67.77,29.4,26,6721299,72.28,13,6157445,66.21,17,4512520,48.53,6,845824,9.1
2022-11-23,2.9,67.7,29.4,17,6721316,72.28,20,6157465,66.21,4,4512524,48.53,8,845832,9.1
2022-11-24,2.98,67.62,29.4,9,6721325,72.28,16,6157481,66.21,13,4512537,48.53,27,845859,9.1
2022-11-25,3,67.6,29.4,13,6721338,72.28,39,6157520,66.21,14,4512551,48.53,12,845871,9.1
2022-11-26,3,67.61,29.4,0,6721338,72.28,2,6157522,66.22,0,4512551,48.53,0,845871,9.1
2022-11-27,3.06,67.54,29.4,14,6721352,72.28,15,6157537,66.22,19,4512570,48.53,2,845873,9.1
2022-11-28,3.14,67.47,29.4,8,6721360,72.28,23,6157560,66.22,8,4512578,48.53,6,845879,9.1
2022-11-29,3.2,67.4,29.4,38,6721398,72.28,31,6157591,66.22,19,4512597,48.53,14,845893,9.1
2022-11-30,3.27,67.34,29.39,12,6721410,72.28,25,6157616,66.22,20,4512617,48.53,8,845901,9.1
2022-12-01,3.34,67.26,29.39,13,6721423,72.28,18,6157634,66.22,15,4512632,48.53,4,845905,9.1
2022-12-02,3.36,67.24,29.39,2,6721425,72.28,7,6157641,66.22,4,4512636,48.53,10,845915,9.1
2022-12-03,3.36,67.24,29.39,0,6721425,72.28,0,6157641,66.22,0,4512636,48.53,1,845916,9.1
2022-12-04,3.42,67.18,29.39,30,6721455,72.28,27,6157668,66.22,30,4512666,48.53,26,845942,9.1
2022-12-05,3.48,67.12,29.4,9,6721464,72.28,17,6157685,66.22,11,4512677,48.53,20,845962,9.1
2022-12-06,3.55,67.06,29.39,32,6721496,72.28,26,6157711,66.22,27,4512704,48.53,7,845969,9.1
2022-12-07,3.62,66.99,29.39,10,6721506,72.28,17,6157728,66.22,8,4512712,48.53,8,845977,9.1
2022-12-08,3.69,66.91,29.39,18,6721524,72.28,31,6157759,66.22,15,4512727,48.53,3,845980,9.1
2022-12-09,3.71,66.9,29.39,4,6721528,72.28,1,6157760,66.22,1,4512728,48.53,7,845987,9.1
2022-12-10,3.7,66.91,29.39,1,6721529,72.28,0,6157760,66.22,2,4512730,48.53,0,845987,9.1
2022-12-11,3.76,66.84,29.39,16,6721545,72.28,22,6157782,66.22,15,4512745,48.53,16,846003,9.1
2022-12-12,3.82,66.78,29.39,15,6721560,72.28,13,6157795,66.22,5,4512750,48.53,0,846003,9.1
2022-12-13,3.87,66.73,29.39,17,6721577,72.28,44,6157839,66.22,18,4512768,48.53,13,846016,9.1
2022-12-14,3.92,66.69,29.39,17,6721594,72.28,16,6157855,66.22,7,4512775,48.53,3,846019,9.1
2022-12-15,3.97,66.64,29.39,22,6721616,72.28,19,6157874,66.22,7,4512782,48.53,12,846031,9.1
2022-12-16,3.98,66.62,29.39,12,6721628,72.28,3,6157877,66.22,1,4512783,48.53,0,846031,9.1
2022-12-17,3.97,66.63,29.39,0,6721628,72.28,0,6157877,66.22,0,4512783,48.53,0,846031,9.1
2022-12-18,4.01,66.59,29.39,9,6721637,72.28,18,6157895,66.22,8,4512791,48.53,3,846034,9.1
2022-12-19,4.06,66.54,29.4,7,6721644,72.28,14,6157909,66.22,12,4512803,48.53,1,846035,9.1
2022-12-20,4.1,66.51,29.39,12,6721656,72.28,17,6157926,66.22,2,4512805,48.53,2,846037,9.1
2022-12-21,4.14,66.47,29.39,9,6721665,72.28,14,6157940,66.22,13,4512818,48.53,3,846040,9.1
2022-12-22,4.18,66.42,29.39,4,6721669,72.28,10,6157950,66.22,14,4512832,48.53,1,846041,9.1
2022-12-23,4.19,66.42,29.39,8,6721677,72.28,0,6157950,66.22,2,4512834,48.53,0,846041,9.1
2022-12-24,4.18,66.43,29.39,0,6721677,72.28,0,6157950,66.22,0,4512834,48.53,0,846041,9.1
2022-12-25,4.21,66.4,29.39,6,6721683,72.28,17,6157967,66.22,1,4512835,48.53,2,846043,9.1
2022-12-26,4.24,66.36,29.39,17,6721700,72.28,6,6157973,66.22,13,4512848,48.53,0,846043,9.1
2022-12-27,4.25,66.36,29.39,24,6721724,72.28,24,6157997,66.22,17,4512865,48.53,7,846050,9.1
2022-12-28,4.26,66.34,29.39,17,6721741,72.28,18,6158015,66.22,25,4512890,48.53,64,846114,9.1
2022-12-29,4.28,66.33,29.39,15,6721756,72.28,23,6158038,66.22,14,4512904,48.53,4,846118,9.1
2022-12-30,4.27,66.33,29.4,4,6721760,72.28,5,6158043,66.22,3,4512907,48.53,0,846118,9.1
2022-12-31,4.26,66.35,29.4,0,6721760,72.28,1,6158044,66.22,0,4512907,48.53,0,846118,9.1
2023-01-01,4.27,66.33,29.4,6,6721766,72.28,16,6158060,66.22,2,4512909,48.53,1,846119,9.1
2023-01-02,4.29,66.31,29.4,10,6721776,72.28,8,6158068,66.22,3,4512912,48.53,1,846120,9.1
2023-01-03,4.3,66.3,29.4,20,6721796,72.28,17,6158085,66.22,7,4512919,48.53,3,846123,9.1
2023-01-04,4.3,66.3,29.4,7,6721803,72.28,11,6158096,66.22,4,4512923,48.53,2,846125,9.1
2023-01-05,4.31,66.29,29.39,12,6721815,72.28,19,6158115,66.22,11,4512934,48.53,4,846129,9.1
2023-01-06,4.31,66.29,29.4,2,6721817,72.28,1,6158116,66.22,1,4512935,48.53,0,846129,9.1
2023-01-07,4.3,66.31,29.4,1,6721818,72.28,0,6158116,66.22,0,4512935,48.53,0,846129,9.1
2023-01-08,4.33,66.28,29.4,14,6721832,72.28,31,6158147,66.22,9,4512944,48.53,2,846131,9.1
2023-01-09,4.34,66.26,29.4,12,6721844,72.28,20,6158167,66.22,1,4512945,48.53,1,846132,9.1
2023-01-10,4.35,66.25,29.4,38,6721882,72.28,27,6158194,66.22,10,4512955,48.53,4,846136,9.1
2023-01-11,4.36,66.25,29.4,14,6721896,72.28,18,6158212,66.22,11,4512966,48.53,2,846138,9.1
2023-01-12,4.37,66.24,29.39,22,6721918,72.28,20,6158232,66.22,11,4512977,48.53,2,846140,9.1
2023-01-13,4.36,66.24,29.4,3,6721921,72.28,2,6158234,66.22,0,4512977,48.53,0,846140,9.1
2023-01-14,4.35,66.25,29.4,1,6721922,72.28,0,6158234,66.22,0,4512977,48.53,0,846140,9.1
2023-01-15,4.36,66.24,29.4,17,6721939,72.28,16,6158250,66.22,4,4512981,48.53,3,846143,9.1
2023-01-16,4.38,66.22,29.4,9,6721948,72.28,14,6158264,66.22,6,4512987,48.53,0,846143,9.1
2023-01-17,4.38,66.22,29.4,14,6721962,72.28,14,6158278,66.22,6,4512993,48.53,0,846143,9.1
2023-01-18,4.39,66.21,29.4,7,6721969,72.28,8,6158286,66.22,3,4512996,48.53,1,846144,9.1
2023-01-19,4.4,66.2,29.4,13,6721982,72.28,15,6158301,66.22,2,4512998,48.53,4,846148,9.1
2023-01-20,4.39,66.2,29.4,4,6721986,72.28,2,6158303,66.22,0,4512998,48.53,1,846149,9.1
2023-01-21,4.39,66.21,29.4,0,6721986,72.28,0,6158303,66.22,0,4512998,48.53,0,846149,9.1
2023-01-22,4.4,66.2,29.4,8,6721994,72.28,2,6158305,66.22,8,4513006,48.53,4,846153,9.1
2023-01-23,4.41,66.19,29.4,11,6722005,72.29,5,6158310,66.22,6,4513012,48.53,0,846153,9.1
2023-01-24,4.41,66.19,29.4,21,6722026,72.29,21,6158331,66.22,11,4513023,48.53,2,846155,9.1
2023-01-25,4.41,66.18,29.4,5,6722031,72.29,5,6158336,66.22,0,4513023,48.53,2,846157,9.1
2023-01-26,4.42,66.18,29.4,10,6722041,72.29,15,6158351,66.22,8,4513031,48.53,2,846159,9.1
2023-01-27,4.41,66.18,29.4,0,6722041,72.29,9,6158360,66.22,0,4513031,48.53,0,846159,9.1
2023-01-28,4.41,66.19,29.4,0,6722041,72.29,0,6158360,66.22,0,4513031,48.53,0,846159,9.1
2023-01-29,4.41,66.19,29.41,12,6722053,72.29,8,6158368,66.22,5,4513036,48.53,2,846161,9.1
2023-01-30,4.42,66.17,29.41,9,6722062,72.29,16,6158384,66.22,2,4513038,48.53,1,846162,9.1
2023-01-31,4.42,66.17,29.41,19,6722081,72.29,23,6158407,66.22,4,4513042,48.53,1,846163,9.1
2023-02-01,4.42,66.17,29.41,10,6722091,72.29,11,6158418,66.22,4,4513046,48.53,0,846163,9.1
2023-02-02,4.43,66.17,29.41,14,6722105,72.29,31,6158449,66.22,3,4513049,48.53,0,846163,9.1
2023-02-03,4.42,66.17,29.41,0,6722105,72.29,0,6158449,66.22,0,4513049,48.53,0,846163,9.1
