Date,Valid vaccinated pop. perc.,Expired vaccinated pop. perc.,Not vaccinated pop. perc.,Vaccinated (daily),Vaccinated (cumu),Vaccinated pop. perc.,Second dose (daily),Second dose (cumu),Second dose pop. perc.,Third dose (daily),Third dose (cumu),Third dose pop. perc.,Fourth dose (daily),Fourth dose (cumu),Fourth dose pop. perc.
2020-12-19,0,0,100,46,71,0,0,4,0,0,0,0,0,0,0
2020-12-20,0,0,100,7396,7467,0.08,0,4,0,0,0,0,0,0,0
2020-12-21,0,0,100,24923,32390,0.35,0,4,0,0,0,0,0,0,0
2020-12-22,0,0,100,44668,77058,0.83,0,4,0,0,0,0,0,0,0
2020-12-23,0,0,100,62919,139977,1.51,0,4,0,0,0,0,0,0,0
2020-12-24,0,0,100,73430,213407,2.29,0,4,0,0,0,0,0,0,0
2020-12-25,0,0,100,38517,251924,2.71,0,4,0,0,0,0,0,0,0
2020-12-26,0,0,100,32618,284542,3.06,0,4,0,0,0,0,0,0,0
2020-12-27,0,0,100,104575,389117,4.18,0,4,0,0,0,0,0,0,0
2020-12-28,0,0,100,135041,524158,5.64,0,4,0,0,0,0,0,0,0
2020-12-29,0,0,100,156341,680499,7.32,2,6,0,0,0,0,0,0,0
2020-12-30,0,0,100,153192,833691,8.97,0,6,0,0,0,0,0,0,0
2020-12-31,0,0,100,158601,992292,10.67,0,6,0,0,0,0,0,0,0
2021-01-01,0,0,100,71435,1063727,11.44,0,6,0,0,0,0,0,0,0
2021-01-02,0,0,100,71744,1135471,12.21,0,6,0,0,0,0,0,0,0
2021-01-03,0,0,100,149767,1285238,13.82,0,6,0,0,0,0,0,0,0
2021-01-04,0,0,100,152208,1437446,15.46,1,7,0,0,0,0,0,0,0
2021-01-05,0,0,100,125222,1562668,16.8,4,11,0,0,0,0,0,0,0
2021-01-06,0,0,100,103375,1666043,17.92,2,13,0,0,0,0,0,0,0
2021-01-07,0,0,100,116065,1782108,19.16,9,22,0,0,0,0,0,0,0
2021-01-08,0,0,100,66465,1848573,19.88,5,27,0,0,0,0,0,0,0
2021-01-09,0,0,100,44554,1893127,20.36,24,51,0,0,0,0,0,0,0
2021-01-10,0,0,100,37649,1930776,20.76,6001,6052,0.07,0,0,0,0,0,0
2021-01-11,0,0,100,21176,1951952,20.99,19264,25316,0.27,0,0,0,0,0,0
2021-01-12,0,0,100,24075,1976027,21.25,35674,60990,0.66,0,0,0,0,0,0
2021-01-13,0,0,100,52079,2028106,21.81,56874,117864,1.27,0,0,0,0,0,0
2021-01-14,0,0,100,56480,2084586,22.42,68838,186702,2.01,0,0,0,0,0,0
2021-01-15,0,0,100,30776,2115362,22.75,35942,222644,2.39,0,0,0,0,0,0
2021-01-16,0,0,100,29481,2144843,23.06,26007,248651,2.67,0,0,0,0,0,0
2021-01-17,0.31,0,99.69,68446,2213289,23.8,84598,333249,3.58,0,0,0,0,0,0
2021-01-18,0.58,0,99.42,69820,2283109,24.55,120437,453686,4.88,0,0,0,0,0,0
2021-01-19,1.09,0,98.91,72897,2356006,25.34,137851,591537,6.36,0,0,0,0,0,0
2021-01-20,1.9,0,98.1,76919,2432925,26.16,143769,735306,7.91,0,0,0,0,0,0
2021-01-21,2.88,0,97.12,70010,2502935,26.92,164477,899783,9.68,0,0,0,0,0,0
2021-01-22,3.39,0,96.61,37933,2540868,27.32,71134,970917,10.44,0,0,0,0,0,0
2021-01-23,3.77,0,96.23,39965,2580833,27.75,53596,1024513,11.02,0,0,0,0,0,0
2021-01-24,4.96,0,95.04,69147,2649980,28.5,140711,1165224,12.53,0,0,0,0,0,0
2021-01-25,6.61,0,93.39,80943,2730923,29.37,139523,1304747,14.03,0,0,0,0,0,0
2021-01-26,8.45,0,91.55,78737,2809660,30.21,126446,1431193,15.39,0,0,0,0,0,0
2021-01-27,10.34,0,89.66,77983,2887643,31.05,125073,1556266,16.74,0,0,0,0,0,0
2021-01-28,12.43,0,87.57,79570,2967213,31.91,130633,1686899,18.14,0,0,0,0,0,0
2021-01-29,13.34,0,86.66,36704,3003917,32.3,64794,1751693,18.84,0,0,0,0,0,0
2021-01-30,14.02,0,85.98,34395,3038312,32.67,42767,1794460,19.3,0,0,0,0,0,0
2021-01-31,15.76,0,84.24,73331,3111643,33.46,59504,1853964,19.94,0,0,0,0,0,0
2021-02-01,17.48,0,82.52,82514,3194157,34.35,35357,1889321,20.32,0,0,0,0,0,0
2021-02-02,19.01,0,80.99,70107,3264264,35.1,31074,1920395,20.65,0,0,0,0,0,0
2021-02-03,20.47,0,79.53,60308,3324572,35.75,51445,1971840,21.2,0,0,0,0,0,0
2021-02-04,22,0,78,72640,3397212,36.53,58096,2029936,21.83,0,0,0,0,0,0
2021-02-05,22.75,0,77.25,33947,3431159,36.9,28807,2058743,22.14,0,0,0,0,0,0
2021-02-06,23.23,0,76.77,21622,3452781,37.13,22233,2080976,22.38,0,0,0,0,0,0
2021-02-07,23.99,0,76.01,54081,3506862,37.71,68745,2149721,23.12,0,0,0,0,0,0
2021-02-08,24.52,0,75.48,58644,3565506,38.34,65468,2215189,23.82,0,0,0,0,0,0
2021-02-09,25.04,0,74.96,66360,3631866,39.06,67579,2282768,24.55,0,0,0,0,0,0
2021-02-10,25.77,0,74.23,70571,3702437,39.81,72316,2355084,25.33,0,0,0,0,0,0
2021-02-11,26.61,0,73.39,81175,3783612,40.69,72114,2427198,26.1,0,0,0,0,0,0
2021-02-12,27.02,0,72.98,39111,3822723,41.11,37600,2464798,26.51,0,0,0,0,0,0
2021-02-13,27.33,0,72.67,27465,3850188,41.4,30441,2495239,26.83,0,0,0,0,0,0
2021-02-14,28.25,0,71.75,74917,3925105,42.21,69085,2564324,27.58,0,0,0,0,0,0
2021-02-15,29.17,0,70.83,81549,4006654,43.09,75722,2640046,28.39,0,0,0,0,0,0
2021-02-16,30.11,0,69.89,83423,4090077,43.98,78301,2718347,29.23,0,0,0,0,0,0
2021-02-17,31.01,0,68.99,61984,4152061,44.65,75646,2793993,30.05,0,0,0,0,0,0
2021-02-18,31.94,0,68.06,69159,4221220,45.39,79739,2873732,30.9,0,0,0,0,0,0
2021-02-19,32.45,0,67.55,39676,4260896,45.82,38162,2911894,31.31,0,0,0,0,0,0
2021-02-20,32.85,0,67.15,31652,4292548,46.16,28723,2940617,31.62,0,0,0,0,0,0
2021-02-21,33.8,0,66.2,79436,4371984,47.01,78446,3019063,32.47,0,0,0,0,0,0
2021-02-22,34.83,0,65.17,85056,4457040,47.93,80600,3099663,33.33,0,0,0,0,0,0
2021-02-23,35.84,0,64.16,77332,4534372,48.76,70486,3170149,34.09,0,0,0,0,0,0
2021-02-24,36.76,0,63.24,61067,4595439,49.42,63144,3233293,34.77,0,0,0,0,0,0
2021-02-25,37.66,0,62.34,51730,4647169,49.97,64810,3298103,35.47,0,0,0,0,0,0
2021-02-26,38.1,0,61.9,25913,4673082,50.25,32046,3330149,35.81,0,0,0,0,0,0
2021-02-27,38.42,0,61.58,18353,4691435,50.45,21197,3351346,36.04,0,0,0,0,0,0
2021-02-28,39.24,0,60.76,40365,4731800,50.88,55874,3407220,36.64,0,0,0,0,0,0
2021-03-01,40.1,0,59.9,45752,4777552,51.38,61445,3468665,37.3,0,0,0,0,0,0
2021-03-02,40.85,0,59.15,41202,4818754,51.82,64802,3533467,38,0,0,0,0,0,0
2021-03-03,41.55,0,58.45,42035,4860789,52.27,66794,3600261,38.72,0,0,0,0,0,0
2021-03-04,42.24,0,57.76,39722,4900511,52.7,79126,3679387,39.57,0,0,0,0,0,0
2021-03-05,42.57,0,57.43,17369,4917880,52.88,40471,3719858,40,0,0,0,0,0,0
2021-03-06,42.78,0,57.22,10722,4928602,53,25349,3745207,40.27,0,0,0,0,0,0
2021-03-07,43.36,0,56.64,31156,4959758,53.33,72847,3818054,41.06,0,0,0,0,0,0
2021-03-08,43.97,0,56.03,27387,4987145,53.63,73296,3891350,41.85,0,0,0,0,0,0
2021-03-09,44.62,0,55.38,26756,5013901,53.92,76605,3967955,42.67,0,0,0,0,0,0
2021-03-10,45.27,0,54.73,23373,5037274,54.17,58685,4026640,43.3,0,0,0,0,0,0
2021-03-11,45.99,0,54.01,23308,5060582,54.42,69098,4095738,44.04,0,0,0,0,0,0
2021-03-12,46.34,0,53.66,11296,5071878,54.54,41418,4137156,44.49,0,0,0,0,0,0
2021-03-13,46.57,0,53.43,7954,5079832,54.63,25240,4162396,44.76,0,0,0,0,0,0
2021-03-14,47.2,0,52.8,20991,5100823,54.85,73936,4236332,45.56,0,0,0,0,0,0
2021-03-15,47.81,0,52.19,20152,5120975,55.07,78281,4314613,46.4,0,0,0,0,0,0
2021-03-16,48.43,0,51.57,18760,5139735,55.27,71481,4386094,47.17,0,0,0,0,0,0
2021-03-17,48.92,0,51.08,17705,5157440,55.46,59010,4445104,47.8,0,0,0,0,0,0
2021-03-18,49.45,0,50.55,16050,5173490,55.63,58126,4503230,48.43,0,0,0,0,0,0
2021-03-19,49.75,0,50.25,6958,5180448,55.71,27981,4531211,48.73,0,0,0,0,0,0
2021-03-20,49.93,0,50.07,5228,5185676,55.76,15302,4546513,48.89,0,0,0,0,0,0
2021-03-21,50.46,0,49.54,13172,5198848,55.91,40511,4587024,49.33,0,0,0,0,0,0
2021-03-22,51,0,49,13583,5212431,56.05,40542,4627566,49.76,0,0,0,0,0,0
2021-03-23,51.43,0,48.57,2846,5215277,56.08,7303,4634869,49.84,0,0,0,0,0,0
2021-03-24,51.84,0,48.16,11006,5226283,56.2,46560,4681429,50.34,0,0,0,0,0,0
2021-03-25,52.22,0,47.78,10274,5236557,56.31,35440,4716869,50.72,0,0,0,0,0,0
2021-03-26,52.4,0,47.6,4186,5240743,56.36,13334,4730203,50.87,0,0,0,0,0,0
2021-03-27,52.5,0,47.5,1787,5242530,56.38,4269,4734472,50.91,0,0,0,0,0,0
2021-03-28,52.74,0,47.26,2114,5244644,56.4,4611,4739083,50.96,0,0,0,0,0,0
2021-03-29,53,0,47,6918,5251562,56.47,30017,4769100,51.28,0,0,0,0,0,0
2021-03-30,53.08,0,46.92,7897,5259459,56.56,22455,4791555,51.53,0,0,0,0,0,0
2021-03-31,53.38,0,46.62,8154,5267613,56.65,19502,4811057,51.74,0,0,0,0,0,0
2021-04-01,53.62,0,46.38,8222,5275835,56.73,18704,4829761,51.94,0,0,0,0,0,0
2021-04-02,53.71,0,46.29,2946,5278781,56.77,8131,4837892,52.02,0,0,0,0,0,0
2021-04-03,53.74,0,46.26,1432,5280213,56.78,2983,4840875,52.06,0,0,0,0,0,0
2021-04-04,53.82,0,46.18,9618,5289831,56.88,22832,4863707,52.3,0,0,0,0,0,0
2021-04-05,54.04,0,45.96,10364,5300195,57,21278,4884985,52.53,0,0,0,0,0,0
2021-04-06,54.21,0,45.79,9035,5309230,57.09,16795,4901780,52.71,0,0,0,0,0,0
2021-04-07,54.36,0,45.64,8934,5318164,57.19,15314,4917094,52.88,0,0,0,0,0,0
2021-04-08,54.52,0,45.48,9430,5327594,57.29,17018,4934112,53.06,0,0,0,0,0,0
2021-04-09,54.58,0,45.42,3609,5331203,57.33,6259,4940371,53.13,0,0,0,0,0,0
2021-04-10,54.61,0,45.39,1636,5332839,57.35,3523,4943894,53.16,0,0,0,0,0,0
2021-04-11,54.78,0,45.22,9045,5341884,57.44,14249,4958143,53.32,0,0,0,0,0,0
2021-04-12,54.95,0,45.05,8937,5350821,57.54,13236,4971379,53.46,0,0,0,0,0,0
2021-04-13,55.08,0,44.92,5841,5356662,57.6,4960,4976339,53.51,0,0,0,0,0,0
2021-04-14,55.18,0,44.82,3650,5360312,57.64,5311,4981650,53.57,0,0,0,0,0,0
2021-04-15,55.27,0,44.73,698,5361010,57.65,583,4982233,53.58,0,0,0,0,0,0
2021-04-16,55.33,0,44.67,3420,5364430,57.69,6652,4988885,53.65,0,0,0,0,0,0
2021-04-17,55.35,0,44.65,822,5365252,57.7,1973,4990858,53.67,0,0,0,0,0,0
2021-04-18,55.47,0,44.53,7099,5372351,57.77,7433,4998291,53.75,0,0,0,0,0,0
2021-04-19,55.58,0,44.42,6407,5378758,57.84,7134,5005425,53.83,0,0,0,0,0,0
2021-04-20,55.65,0,44.35,6287,5385045,57.91,6889,5012314,53.9,0,0,0,0,0,0
2021-04-21,55.71,0,44.29,6381,5391426,57.98,7112,5019426,53.98,0,0,0,0,0,0
2021-04-22,55.75,0,44.25,5952,5397378,58.04,7691,5027117,54.06,0,0,0,0,0,0
2021-04-23,55.8,0,44.2,2768,5400146,58.07,3391,5030508,54.1,0,0,0,0,0,0
2021-04-24,55.82,0,44.18,768,5400914,58.08,1290,5031798,54.11,0,0,0,0,0,0
2021-04-25,55.89,0,44.11,4829,5405743,58.13,6925,5038723,54.18,0,0,0,0,0,0
2021-04-26,55.96,0,44.04,5479,5411222,58.19,7889,5046612,54.27,0,0,0,0,0,0
2021-04-27,56.03,0,43.97,4507,5415729,58.24,6627,5053239,54.34,0,0,0,0,0,0
2021-04-28,56.09,0,43.91,4501,5420230,58.29,7336,5060575,54.42,0,0,0,0,0,0
2021-04-29,56.16,0,43.84,4378,5424608,58.33,7296,5067871,54.5,0,0,0,0,0,0
2021-04-30,56.19,0,43.81,1925,5426533,58.35,3202,5071073,54.53,0,0,0,0,0,0
2021-05-01,56.2,0,43.8,458,5426991,58.36,895,5071968,54.54,0,0,0,0,0,0
2021-05-02,56.26,0,43.74,3225,5430216,58.39,6092,5078060,54.61,0,0,0,0,0,0
2021-05-03,56.32,0,43.68,3535,5433751,58.43,5835,5083895,54.67,0,0,0,0,0,0
2021-05-04,56.38,0,43.62,3593,5437344,58.47,4738,5088633,54.72,0,0,0,0,0,0
2021-05-05,56.44,0,43.56,3292,5440636,58.51,4093,5092726,54.76,0,0,0,0,0,0
2021-05-06,56.5,0,43.5,3646,5444282,58.55,3144,5095870,54.8,0,0,0,0,0,0
2021-05-07,56.52,0,43.48,1847,5446129,58.56,2509,5098379,54.83,0,0,0,0,0,0
2021-05-08,56.53,0,43.47,244,5446373,58.57,507,5098886,54.83,0,0,0,0,0,0
2021-05-09,56.58,0,43.42,2851,5449224,58.6,4751,5103637,54.88,0,0,0,0,0,0
2021-05-10,56.63,0,43.37,2897,5452121,58.63,4715,5108352,54.93,0,0,0,0,0,0
2021-05-11,56.67,0,43.33,2622,5454743,58.66,3881,5112233,54.97,0,0,0,0,0,0
2021-05-12,56.7,0,43.3,2034,5456777,58.68,3342,5115575,55.01,0,0,0,0,0,0
2021-05-13,56.73,0,43.27,2043,5458820,58.7,3688,5119263,55.05,0,0,0,0,0,0
2021-05-14,56.75,0,43.25,978,5459798,58.71,1495,5120758,55.07,0,0,0,0,0,0
2021-05-15,56.75,0,43.25,259,5460057,58.71,259,5121017,55.07,0,0,0,0,0,0
2021-05-16,56.78,0,43.22,529,5460586,58.72,1206,5122223,55.08,0,0,0,0,0,0
2021-05-17,56.81,0,43.19,303,5460889,58.72,848,5123071,55.09,0,0,0,0,0,0
2021-05-18,56.84,0,43.16,1963,5462852,58.74,4939,5128010,55.14,0,0,0,0,0,0
2021-05-19,56.87,0,43.13,2233,5465085,58.77,5042,5133052,55.2,0,0,0,0,0,0
2021-05-20,56.9,0,43.1,2312,5467397,58.79,3880,5136932,55.24,0,0,0,0,0,0
2021-05-21,56.92,0,43.08,1194,5468591,58.81,1414,5138346,55.26,0,0,0,0,0,0
2021-05-22,56.92,0,43.08,206,5468797,58.81,396,5138742,55.26,0,0,0,0,0,0
2021-05-23,56.94,0,43.06,2272,5471069,58.83,3216,5141958,55.29,0,0,0,0,0,0
2021-05-24,56.96,0,43.04,2140,5473209,58.86,3597,5145555,55.33,0,0,0,0,0,0
2021-05-25,56.99,0,43.01,1822,5475031,58.88,2588,5148143,55.36,0,0,0,0,0,0
2021-05-26,57.03,0,42.97,1415,5476446,58.89,2504,5150647,55.39,0,0,0,0,0,0
2021-05-27,57.06,0,42.94,1865,5478311,58.91,3189,5153836,55.42,0,0,0,0,0,0
2021-05-28,57.07,0,42.93,794,5479105,58.92,1406,5155242,55.44,0,0,0,0,0,0
2021-05-29,57.07,0,42.93,192,5479297,58.92,226,5155468,55.44,0,0,0,0,0,0
2021-05-30,57.1,0,42.9,1645,5480942,58.94,1937,5157405,55.46,0,0,0,0,0,0
2021-05-31,57.13,0,42.87,1740,5482682,58.96,2093,5159498,55.48,0,0,0,0,0,0
2021-06-01,57.47,0,42.53,1385,5484067,58.97,1823,5161321,55.5,0,0,0,0,0,0
2021-06-02,57.25,0,42.75,1514,5485581,58.99,1610,5162931,55.52,0,0,0,0,0,0
2021-06-03,57.27,0,42.73,1685,5487266,59.01,1495,5164426,55.54,0,0,0,0,0,0
2021-06-04,57.28,0,42.72,1102,5488368,59.02,784,5165210,55.54,0,0,0,0,0,0
2021-06-05,57.29,0,42.71,184,5488552,59.02,159,5165369,55.55,0,0,0,0,0,0
2021-06-06,57.31,0,42.69,4293,5492845,59.07,1002,5166371,55.56,0,0,0,0,0,0
2021-06-07,57.34,0,42.66,4440,5497285,59.12,814,5167185,55.57,0,0,0,0,0,0
2021-06-08,57.36,0,42.64,3739,5501024,59.16,1175,5168360,55.58,0,0,0,0,0,0
2021-06-09,57.4,0,42.6,3615,5504639,59.19,1331,5169691,55.59,0,0,0,0,0,0
2021-06-10,57.42,0,42.58,3364,5508003,59.23,1300,5170991,55.61,0,0,0,0,0,0
2021-06-11,57.43,0,42.57,1401,5509404,59.25,590,5171581,55.61,0,0,0,0,0,0
2021-06-12,57.43,0,42.57,222,5509626,59.25,173,5171754,55.61,0,0,0,0,0,0
2021-06-13,57.45,0,42.55,3101,5512727,59.28,1260,5173014,55.63,0,0,0,0,0,0
2021-06-14,57.46,0,42.54,3057,5515784,59.31,1534,5174548,55.64,0,0,0,0,0,0
2021-06-15,57.48,0,42.52,3137,5518921,59.35,1378,5175926,55.66,0,0,0,0,0,0
2021-06-16,57.49,0,42.51,2734,5521655,59.38,1004,5176930,55.67,0,0,0,0,0,0
2021-06-17,57.51,0,42.49,2733,5524388,59.41,1209,5178139,55.68,0,0,0,0,0,0
2021-06-18,57.52,0,42.48,1270,5525658,59.42,506,5178645,55.69,0,0,0,0,0,0
2021-06-19,57.52,0,42.48,242,5525900,59.42,139,5178784,55.69,0,0,0,0,0,0
2021-06-20,57.54,0,42.46,3316,5529216,59.46,1332,5180116,55.7,0,0,0,0,0,0
2021-06-21,57.56,0,42.44,5250,5534466,59.51,1218,5181334,55.72,0,0,0,0,0,0
2021-06-22,57.58,0,42.42,6935,5541401,59.59,1101,5182435,55.73,0,0,0,0,0,0
2021-06-23,57.6,0,42.4,10762,5552163,59.71,1303,5183738,55.74,0,0,0,0,0,0
2021-06-24,57.62,0,42.38,12051,5564214,59.83,1466,5185204,55.76,0,0,0,0,0,0
2021-06-25,57.62,0,42.38,7117,5571331,59.91,945,5186149,55.77,0,0,0,0,0,0
2021-06-26,57.63,0,42.37,2278,5573609,59.94,200,5186349,55.77,0,0,0,0,0,0
2021-06-27,57.65,0,42.35,13633,5587242,60.08,3438,5189787,55.81,0,0,0,0,0,0
2021-06-28,57.68,0,42.32,14518,5601760,60.24,3675,5193462,55.85,0,0,0,0,0,0
2021-06-29,57.69,0,42.31,16711,5618471,60.42,3745,5197207,55.89,0,0,0,0,0,0
2021-06-30,57.72,0,42.28,16487,5634958,60.6,3397,5200604,55.92,0,0,0,0,0,0
2021-07-01,57.78,0,42.22,16837,5651795,60.78,3381,5203985,55.96,121,121,0,0,0,0
2021-07-02,57.79,0,42.21,9836,5661631,60.88,1609,5205594,55.98,7,128,0,0,0,0
2021-07-03,57.79,0,42.21,2678,5664309,60.91,300,5205894,55.98,1,129,0,0,0,0
2021-07-04,57.85,0,42.15,17735,5682044,61.1,3161,5209055,56.02,2,131,0,0,0,0
2021-07-05,57.91,0,42.09,17850,5699894,61.29,3046,5212101,56.05,7,138,0,0,0,0
2021-07-06,57.99,0,42.01,17848,5717742,61.49,3412,5215513,56.09,11,149,0,0,0,0
2021-07-07,58.05,0,41.95,15533,5733275,61.65,2703,5218216,56.11,12,161,0,0,0,0
2021-07-08,58.12,0,41.88,16590,5749865,61.83,2881,5221097,56.15,17,178,0,0,0,0
2021-07-09,58.15,0,41.85,11125,5760990,61.95,1535,5222632,56.16,4,182,0,0,0,0
2021-07-10,58.15,0,41.85,4989,5765979,62,391,5223023,56.17,6,188,0,0,0,0
2021-07-11,58.22,0,41.78,1456,5767435,62.02,2847,5225870,56.2,9,197,0,0,0,0
2021-07-12,58.29,0,41.71,2427,5769862,62.05,3696,5229566,56.24,57,254,0,0,0,0
2021-07-13,58.36,0,41.64,2965,5772827,62.08,5460,5235026,56.29,124,378,0,0,0,0
2021-07-14,58.42,0,41.58,2747,5775574,62.11,7536,5242562,56.38,441,819,0.01,0,0,0
2021-07-15,58.5,0,41.5,3010,5778584,62.14,9302,5251864,56.48,374,1193,0.01,0,0,0
2021-07-16,58.54,0,41.46,1296,5779880,62.15,5898,5257762,56.54,66,1259,0.01,0,0,0
2021-07-17,58.55,0,41.44,372,5780252,62.16,1393,5259155,56.55,8,1267,0.01,0,0,0
2021-07-18,58.6,0,41.4,2074,5782326,62.18,9770,5268925,56.66,235,1502,0.02,0,0,0
2021-07-19,58.65,0,41.35,3212,5785538,62.21,11346,5280271,56.78,461,1963,0.02,0,0,0
2021-07-20,58.72,0,41.28,2690,5788228,62.24,11914,5292185,56.91,374,2337,0.03,0,0,0
2021-07-21,58.81,0,41.19,2408,5790636,62.27,11880,5304065,57.04,325,2662,0.03,0,0,0
2021-07-22,58.93,0,41.07,2878,5793514,62.3,13280,5317345,57.18,391,3053,0.03,0,0,0
2021-07-23,58.99,0,41.01,2038,5795552,62.32,8250,5325595,57.27,106,3159,0.03,0,0,0
2021-07-24,58.99,0,41,645,5796197,62.33,1486,5327081,57.28,7,3166,0.03,0,0,0
2021-07-25,59.1,0,40.89,4417,5800614,62.38,15499,5342580,57.45,223,3389,0.04,0,0,0
2021-07-26,59.24,0,40.75,5173,5805787,62.43,13533,5356113,57.6,325,3714,0.04,0,0,0
2021-07-27,59.37,0.01,40.62,5493,5811280,62.49,13579,5369692,57.74,414,4128,0.04,0,0,0
2021-07-28,59.5,0.01,40.49,3990,5815270,62.53,12345,5382037,57.88,472,4600,0.05,0,0,0
2021-07-29,59.65,0.01,40.33,4665,5819935,62.58,14203,5396240,58.03,532,5132,0.06,0,0,0
2021-07-30,59.74,0.02,40.25,2658,5822593,62.61,10856,5407096,58.15,4122,9254,0.1,0,0,0
2021-07-31,59.75,0.02,40.23,1407,5824000,62.63,3554,5410650,58.18,6159,15413,0.17,0,0,0
2021-08-01,59.91,0.02,40.06,3078,5827078,62.66,3366,5414016,58.22,31048,46461,0.5,0,0,0
2021-08-02,60.06,0.03,39.91,3134,5830212,62.7,3176,5417192,58.25,58514,104975,1.13,0,0,0
2021-08-03,60.21,0.03,39.76,3387,5833599,62.73,3330,5420522,58.29,78954,183929,1.98,0,0,0
2021-08-04,60.34,0.03,39.63,3534,5837133,62.77,3255,5423777,58.32,80765,264694,2.85,0,0,0
2021-08-05,60.49,0.04,39.47,4515,5841648,62.82,3570,5427347,58.36,88442,353136,3.8,0,0,0
2021-08-06,60.6,0.04,39.36,2437,5844085,62.84,1863,5429210,58.38,44744,397880,4.28,0,0,0
2021-08-07,60.63,0.04,39.32,1034,5845119,62.86,701,5429911,58.39,27353,425233,4.57,0,0,0
2021-08-08,60.68,0.04,39.28,4991,5850110,62.91,3082,5432993,58.42,80087,505320,5.43,0,0,0
2021-08-09,60.72,0.04,39.24,5341,5855451,62.97,3064,5436057,58.46,76489,581809,6.26,0,0,0
2021-08-10,60.75,0.04,39.2,5554,5861005,63.03,3208,5439265,58.49,75427,657236,7.07,0,0,0
2021-08-11,60.79,0.04,39.17,5696,5866701,63.09,2949,5442214,58.52,62642,719878,7.74,0,0,0
2021-08-12,60.83,0.04,39.12,7039,5873740,63.16,3291,5445505,58.56,59462,779340,8.38,0,0,0
2021-08-13,60.84,0.05,39.11,3821,5877561,63.2,2074,5447579,58.58,43870,823210,8.85,0,0,0
2021-08-14,60.85,0.05,39.1,2255,5879816,63.23,853,5448432,58.59,44486,867696,9.33,0,0,0
2021-08-15,60.89,0.05,39.06,7145,5886961,63.31,4531,5452963,58.64,97985,965681,10.38,0,0,0
2021-08-16,60.92,0.04,39.03,6991,5893952,63.38,4749,5457712,58.69,89522,1055203,11.35,0,0,0
2021-08-17,60.96,0.04,39,7573,5901525,63.46,5138,5462850,58.74,83320,1138523,12.24,0,0,0
2021-08-18,60.99,0.04,38.96,8642,5910167,63.55,4603,5467453,58.79,69269,1207792,12.99,0,0,0
2021-08-19,61.03,0.04,38.92,10082,5920249,63.66,5217,5472670,58.85,65976,1273768,13.7,0,0,0
2021-08-20,61.05,0.05,38.9,4768,5925017,63.71,2827,5475497,58.88,60454,1334222,14.35,0,0,0
2021-08-21,61.06,0.05,38.89,3499,5928516,63.75,1580,5477077,58.9,50725,1384947,14.89,0,0,0
2021-08-22,61.12,0.04,38.84,9824,5938340,63.86,4808,5481885,58.95,105111,1490058,16.02,0,0,0
2021-08-23,61.17,0.04,38.79,10923,5949263,63.98,4448,5486333,59,94034,1584092,17.03,0,0,0
2021-08-24,61.23,0.04,38.73,11724,5960987,64.1,4702,5491035,59.05,98557,1682649,18.09,0,0,0
2021-08-25,61.29,0.04,38.67,9612,5970599,64.2,4484,5495519,59.1,99559,1782208,19.16,0,0,0
2021-08-26,61.36,0.03,38.61,10110,5980709,64.31,5059,5500578,59.15,101231,1883439,20.25,0,0,0
2021-08-27,61.35,0.04,38.61,4325,5985034,64.36,2788,5503366,59.18,56696,1940135,20.86,0,0,0
2021-08-28,61.4,0.04,38.57,3702,5988736,64.4,1500,5504866,59.2,33540,1973675,21.22,0,0,0
2021-08-29,61.46,0.03,38.5,10323,5999059,64.51,5932,5510798,59.26,79550,2053225,22.08,0,0,0
2021-08-30,61.53,0.03,38.44,12334,6011393,64.64,7017,5517815,59.34,116009,2169234,23.33,0,0,0
2021-08-31,61.6,0.03,38.37,12076,6023469,64.77,6529,5524344,59.41,114881,2284115,24.56,0,0,0
2021-09-01,61.43,0.03,38.54,9034,6032503,64.87,6043,5530387,59.47,112492,2396607,25.77,0,0,0
2021-09-02,61.49,0.03,38.48,8784,6041287,64.96,7183,5537570,59.55,111545,2508152,26.97,0,0,0
2021-09-03,61.56,0.03,38.42,3751,6045038,65.01,4117,5541687,59.59,58886,2567038,27.6,0,0,0
2021-09-04,61.59,0.03,38.38,2691,6047729,65.03,2023,5543710,59.61,29953,2596991,27.93,0,0,0
2021-09-05,61.68,0.03,38.29,6991,6054720,65.11,6460,5550170,59.68,73326,2670317,28.72,0,0,0
2021-09-06,61.77,0.03,38.2,2836,6057556,65.14,2718,5552888,59.71,22800,2693117,28.96,0,0,0
2021-09-07,61.85,0.03,38.12,1202,6058758,65.15,879,5553767,59.72,5398,2698515,29.02,0,0,0
2021-09-08,61.93,0.03,38.05,1380,6060138,65.17,1196,5554963,59.74,6621,2705136,29.09,0,0,0
2021-09-09,62.02,0.03,37.95,7092,6067230,65.24,12573,5567536,59.87,73847,2778983,29.88,0,0,0
2021-09-10,62.06,0.03,37.91,3258,6070488,65.28,5016,5572552,59.92,37938,2816921,30.29,0,0,0
2021-09-11,62.08,0.03,37.89,2108,6072596,65.3,2509,5575061,59.95,14817,2831738,30.45,0,0,0
2021-09-12,62.16,0.03,37.81,6105,6078701,65.37,8589,5583650,60.04,54137,2885875,31.03,0,0,0
2021-09-13,62.15,0.03,37.82,5611,6084312,65.43,8265,5591915,60.13,47983,2933858,31.55,0,0,0
2021-09-14,62.2,0.03,37.77,4964,6089276,65.48,7424,5599339,60.21,48855,2982713,32.07,0,0,0
2021-09-15,62.25,0.03,37.72,1750,6091026,65.5,2718,5602057,60.24,16687,2999400,32.25,0,0,0
2021-09-16,62.37,0.03,37.6,343,6091369,65.5,550,5602607,60.25,1740,3001140,32.27,0,0,0
2021-09-17,62.42,0.03,37.54,3683,6095052,65.54,7022,5609629,60.32,42905,3044045,32.73,0,0,0
2021-09-18,62.45,0.03,37.52,2258,6097310,65.57,2946,5612575,60.35,12783,3056828,32.87,0,0,0
2021-09-19,62.55,0.03,37.42,5943,6103253,65.63,10712,5623287,60.47,44331,3101159,33.35,0,0,0
2021-09-20,62.63,0.03,37.34,3246,6106499,65.67,4646,5627933,60.52,16708,3117867,33.53,0,0,0
2021-09-21,62.69,0.03,37.28,1340,6107839,65.68,2066,5629999,60.54,3477,3121344,33.57,0,0,0
2021-09-22,62.72,0.03,37.25,4260,6112099,65.73,7250,5637249,60.62,25072,3146416,33.84,0,0,0
2021-09-23,62.75,0.03,37.22,4391,6116490,65.77,5916,5643165,60.68,27834,3174250,34.13,0,0,0
2021-09-24,62.82,0.03,37.15,3202,6119692,65.81,4185,5647350,60.73,27724,3201974,34.43,0,0,0
2021-09-25,62.85,0.03,37.12,2081,6121773,65.83,2263,5649613,60.75,10443,3212417,34.54,0,0,0
2021-09-26,62.96,0.03,37,5605,6127378,65.89,5973,5655586,60.82,36270,3248687,34.93,0,0,0
2021-09-27,63.02,0.03,36.94,4696,6132074,65.94,4469,5660055,60.87,30457,3279144,35.26,0,0,0
2021-09-28,63.06,0.04,36.91,1473,6133547,65.96,1185,5661240,60.88,6249,3285393,35.33,0,0,0
2021-09-29,63.13,0.03,36.84,9622,6143169,66.06,8349,5669589,60.97,60325,3345718,35.98,0,0,0
2021-09-30,63.18,0.03,36.79,10976,6154145,66.18,8579,5678168,61.06,79703,3425421,36.84,0,0,0
2021-10-01,63.23,0.03,36.73,5128,6159273,66.23,3875,5682043,61.1,46546,3471967,37.34,0,0,0
2021-10-02,63.26,0.03,36.71,2865,6162138,66.26,2127,5684170,61.12,22433,3494400,37.58,0,0,0
2021-10-03,63.35,0.03,36.62,11668,6173806,66.39,7275,5691445,61.2,70726,3565126,38.34,0,0,0
2021-10-04,63.4,0.03,36.57,10320,6184126,66.5,6759,5698204,61.28,51913,3617039,38.9,0,0,0
2021-10-05,63.41,0.03,36.55,8461,6192587,66.59,5314,5703518,61.33,40479,3657518,39.33,0,0,0
2021-10-06,63.52,0.03,36.45,7543,6200130,66.67,4185,5707703,61.38,34150,3691668,39.7,0,0,0
2021-10-07,63.63,0.03,36.34,6896,6207026,66.75,4010,5711713,61.42,34069,3725737,40.06,0,0,0
2021-10-08,63.68,0.03,36.29,3086,6210112,66.78,2644,5714357,61.45,19250,3744987,40.27,0,0,0
2021-10-09,63.71,0.03,36.26,1341,6211453,66.79,1444,5715801,61.46,7441,3752428,40.35,0,0,0
2021-10-10,63.82,0.04,36.14,4677,6216130,66.85,3748,5719549,61.51,21519,3773947,40.58,0,0,0
2021-10-11,63.91,0.04,36.05,4299,6220429,66.89,2946,5722495,61.54,17270,3791217,40.77,0,0,0
2021-10-12,63.99,0.05,35.96,3977,6224406,66.93,3007,5725502,61.57,15357,3806574,40.93,0,0,0
2021-10-13,64.09,0.05,35.86,3487,6227893,66.97,2451,5727953,61.6,13587,3820161,41.08,0,0,0
2021-10-14,64.19,0.06,35.75,3870,6231763,67.01,2685,5730638,61.62,16568,3836729,41.26,0,0,0
2021-10-15,64.23,0.07,35.7,1703,6233466,67.03,1685,5732323,61.64,9011,3845740,41.36,0,0,0
2021-10-16,64.25,0.08,35.67,729,6234195,67.04,957,5733280,61.65,4035,3849775,41.4,0,0,0
2021-10-17,64.36,0.09,35.56,3090,6237285,67.07,2526,5735806,61.68,12798,3862573,41.54,0,0,0
2021-10-18,64.43,0.1,35.47,2460,6239745,67.1,1693,5737499,61.7,10069,3872642,41.64,0,0,0
2021-10-19,64.49,0.1,35.4,2399,6242144,67.12,1284,5738783,61.71,9295,3881937,41.74,0,0,0
2021-10-20,64.14,0.52,35.34,2436,6244580,67.15,2304,5741087,61.74,10103,3892040,41.85,0,0,0
2021-10-21,54.23,10.41,35.36,3034,6247614,67.18,3097,5744184,61.77,12163,3904203,41.98,0,0,0
2021-10-22,54.36,10.26,35.38,1279,6248893,67.2,1437,5745621,61.79,5840,3910043,42.05,0,0,0
2021-10-23,54.42,10.19,35.39,575,6249468,67.2,1266,5746887,61.8,2564,3912607,42.07,0,0,0
2021-10-24,54.22,10.43,35.35,2518,6251986,67.23,2653,5749540,61.83,9855,3922462,42.18,0,0,0
2021-10-25,54.59,10.22,35.19,2639,6254625,67.26,2752,5752292,61.86,8511,3930973,42.27,0,0,0
2021-10-26,54.64,10.26,35.1,2381,6257006,67.28,2059,5754351,61.88,8529,3939502,42.36,0,0,0
2021-10-27,54.58,10.37,35.06,2292,6259298,67.31,2566,5756917,61.91,7959,3947461,42.45,0,0,0
2021-10-28,54.69,10.76,34.55,2506,6261804,67.34,2782,5759699,61.94,8675,3956136,42.54,0,0,0
2021-10-29,54.73,10.75,34.52,901,6262705,67.35,1154,5760853,61.95,4138,3960274,42.59,0,0,0
2021-10-30,54.68,10.81,34.52,366,6263071,67.35,530,5761383,61.96,1712,3961986,42.61,0,0,0
2021-10-31,54.83,10.7,34.47,2262,6265333,67.37,2495,5763878,61.98,8255,3970241,42.69,0,0,0
2021-11-01,54.95,10.63,34.42,1737,6267070,67.39,2094,5765972,62,6480,3976721,42.76,0,0,0
2021-11-02,54.89,10.69,34.42,2026,6269096,67.41,2050,5768022,62.03,6296,3983017,42.83,0,0,0
2021-11-03,54.86,10.75,34.39,1764,6270860,67.43,1897,5769919,62.05,5556,3988573,42.89,0,0,0
2021-11-04,54.85,10.81,34.33,2111,6272971,67.46,2802,5772721,62.08,7133,3995706,42.97,0,0,0
2021-11-05,54.85,10.83,34.32,790,6273761,67.46,906,5773627,62.09,3488,3999194,43.01,0,0,0
2021-11-06,54.82,10.86,34.32,347,6274108,67.47,389,5774016,62.09,1375,4000569,43.02,0,0,0
2021-11-07,54.92,10.8,34.28,1578,6275686,67.49,1770,5775786,62.11,6134,4006703,43.09,0,0,0
2021-11-08,55.01,10.75,34.24,1520,6277206,67.5,1603,5777389,62.13,5406,4012109,43.14,0,0,0
2021-11-09,55.05,10.74,34.21,1429,6278635,67.52,1611,5779000,62.14,5332,4017441,43.2,0,0,0
2021-11-10,55.08,10.73,34.19,1424,6280059,67.53,1662,5780662,62.16,4779,4022220,43.25,0,0,0
2021-11-11,55.15,10.69,34.15,1628,6281687,67.55,1947,5782609,62.18,5719,4027939,43.31,0,0,0
2021-11-12,55.17,10.69,34.14,637,6282324,67.56,826,5783435,62.19,2925,4030864,43.35,0,0,0
2021-11-13,55.14,10.72,34.14,258,6282582,67.56,290,5783725,62.2,1130,4031994,43.36,0,0,0
2021-11-14,55.21,10.68,34.11,1536,6284118,67.58,1639,5785364,62.21,5111,4037105,43.41,0,0,0
2021-11-15,55.28,10.63,34.09,1275,6285393,67.59,1627,5786991,62.23,4770,4041875,43.46,0,0,0
2021-11-16,55.32,10.62,34.07,1275,6286668,67.6,1419,5788410,62.25,4349,4046224,43.51,0,0,0
2021-11-17,55.35,10.6,34.05,1208,6287876,67.62,1567,5789977,62.26,3915,4050139,43.55,0,0,0
2021-11-18,55.41,10.58,34.02,1364,6289240,67.63,1693,5791670,62.28,5012,4055151,43.61,0,0,0
2021-11-19,55.42,10.57,34.01,588,6289828,67.64,763,5792433,62.29,2460,4057611,43.63,0,0,0
2021-11-20,55.41,10.58,34,238,6290066,67.64,258,5792691,62.29,929,4058540,43.64,0,0,0
2021-11-21,55.47,10.54,33.98,1409,6291475,67.66,1542,5794233,62.31,4881,4063421,43.7,0,0,0
2021-11-22,55.54,10.5,33.96,1681,6293156,67.67,1523,5795756,62.32,4238,4067659,43.74,0,0,0
2021-11-23,55.57,10.48,33.95,8616,6301772,67.77,1688,5797444,62.34,4012,4071671,43.78,0,0,0
2021-11-24,55.6,10.44,33.95,9348,6311120,67.87,1319,5798763,62.36,3924,4075595,43.83,0,0,0
2021-11-25,55.64,10.43,33.93,9808,6320928,67.97,1600,5800363,62.37,4841,4080436,43.88,0,0,0
2021-11-26,55.63,10.45,33.92,5610,6326538,68.03,748,5801111,62.38,2806,4083242,43.91,0,0,0
2021-11-27,55.62,10.46,33.92,4776,6331314,68.08,324,5801435,62.39,1164,4084406,43.92,0,0,0
2021-11-28,55.67,10.43,33.9,10145,6341459,68.19,1481,5802916,62.4,4905,4089311,43.97,0,0,0
2021-11-29,55.73,10.39,33.88,9043,6350502,68.29,1134,5804050,62.41,4376,4093687,44.02,0,0,0
2021-11-30,55.77,10.37,33.86,10043,6360545,68.4,1038,5805088,62.43,4084,4097771,44.07,0,0,0
2021-12-01,55.79,10.36,33.84,8630,6369175,68.49,1097,5806185,62.44,4445,4102216,44.11,5,5,0
2021-12-02,55.84,10.34,33.82,9173,6378348,68.59,1456,5807641,62.45,5125,4107341,44.17,6,11,0
2021-12-03,55.86,10.33,33.81,6329,6384677,68.66,673,5808314,62.46,2868,4110209,44.2,1,12,0
2021-12-04,55.85,10.34,33.81,2509,6387186,68.68,239,5808553,62.46,926,4111135,44.21,3,15,0
2021-12-05,55.9,10.31,33.79,8334,6395520,68.77,1254,5809807,62.48,4683,4115818,44.26,1,16,0
2021-12-06,55.95,10.27,33.78,6720,6402240,68.85,1200,5811007,62.49,4351,4120169,44.31,4,20,0
2021-12-07,55.99,10.25,33.76,5553,6407793,68.91,1506,5812513,62.5,3966,4124135,44.35,9,29,0
2021-12-08,56.03,10.22,33.75,4934,6412727,68.96,1200,5813713,62.52,3885,4128020,44.39,10,39,0
2021-12-09,56.08,10.19,33.73,6239,6418966,69.03,1241,5814954,62.53,4508,4132528,44.44,8,47,0
2021-12-10,56.1,10.18,33.72,3006,6421972,69.06,704,5815658,62.54,2687,4135215,44.47,4,51,0
2021-12-11,56.1,10.18,33.71,1491,6423463,69.07,255,5815913,62.54,1021,4136236,44.48,0,51,0
2021-12-12,56.16,10.15,33.69,7274,6430737,69.15,1444,5817357,62.56,5248,4141484,44.54,3,54,0
2021-12-13,56.21,10.11,33.67,6180,6436917,69.22,1377,5818734,62.57,4351,4145835,44.58,5,59,0
2021-12-14,56.27,10.09,33.65,7316,6444233,69.3,6098,5824832,62.64,4941,4150776,44.64,12,71,0
2021-12-15,56.34,10.06,33.6,7204,6451437,69.38,7404,5832236,62.72,5446,4156222,44.69,7,78,0
2021-12-16,56.53,10.05,33.42,8079,6459516,69.46,8609,5840845,62.81,6563,4162785,44.76,8,86,0
2021-12-17,56.64,10.05,33.3,4406,6463922,69.51,5141,5845986,62.86,3954,4166739,44.81,3,89,0
2021-12-18,56.73,10.07,33.2,3941,6467863,69.55,2913,5848899,62.9,1361,4168100,44.82,2,91,0
2021-12-19,56.92,10.04,33.04,6978,6474841,69.63,9328,5858227,63,6276,4174376,44.89,6,97,0
2021-12-20,57.07,10.02,32.91,7972,6482813,69.71,7519,5865746,63.08,5447,4179823,44.95,9,106,0
2021-12-21,57.27,10.01,32.71,9548,6492361,69.82,8647,5874393,63.17,6492,4186315,45.02,8,114,0
2021-12-22,57.49,10,32.52,9663,6502024,69.92,8151,5882544,63.26,6256,4192571,45.08,12,126,0
2021-12-23,57.7,9.97,32.33,11539,6513563,70.04,10261,5892805,63.37,8160,4200731,45.17,16,142,0
2021-12-24,57.83,9.96,32.21,5875,6519438,70.11,6241,5899046,63.44,5281,4206012,45.23,12,154,0
2021-12-25,57.9,9.96,32.15,3338,6522776,70.14,2566,5901612,63.46,2021,4208033,45.25,6,160,0
2021-12-26,58.1,9.92,31.98,10652,6533428,70.26,8908,5910520,63.56,8201,4216234,45.34,8,168,0
2021-12-27,58.27,9.9,31.83,10370,6543798,70.37,7142,5917662,63.64,8188,4224422,45.43,23,191,0
2021-12-28,58.46,9.88,31.66,11375,6555173,70.49,7451,5925113,63.72,9643,4234065,45.53,26,217,0
2021-12-29,58.64,9.85,31.51,9933,6565106,70.6,5964,5931077,63.78,8376,4242441,45.62,21,238,0
2021-12-30,58.84,9.82,31.34,11012,6576118,70.72,7735,5938812,63.86,12240,4254681,45.75,10,248,0
2021-12-31,58.9,9.79,31.3,4829,6580947,70.77,3672,5942484,63.9,7296,4261977,45.83,135,383,0
2022-01-01,58.93,9.79,31.28,1993,6582940,70.79,1592,5944076,63.92,2741,4264718,45.86,66,449,0
2022-01-02,59.14,9.76,31.1,10216,6593156,70.9,6487,5950563,63.99,13002,4277720,46,590,1039,0.01
2022-01-03,59.29,9.71,31,9384,6602540,71,5259,5955822,64.05,11342,4289062,46.12,25055,26094,0.28
2022-01-04,59.46,9.68,30.86,8964,6611504,71.1,5948,5961770,64.11,10525,4299587,46.24,50660,76754,0.83
2022-01-05,59.56,9.65,30.79,8552,6620056,71.19,5739,5967509,64.17,10494,4310081,46.35,59592,136346,1.47
2022-01-06,59.81,9.63,30.56,10339,6630395,71.3,7959,5975468,64.26,13531,4323612,46.49,64002,200348,2.15
2022-01-07,59.89,9.61,30.49,4759,6635154,71.35,4557,5980025,64.31,8166,4331778,46.58,31135,231483,2.49
2022-01-08,59.9,9.64,30.46,2749,6637903,71.38,2451,5982476,64.33,5501,4337279,46.64,27632,259115,2.79
2022-01-09,60.06,9.59,30.35,9305,6647208,71.48,7724,5990200,64.42,11871,4349150,46.77,66766,325881,3.5
2022-01-10,60.21,9.54,30.25,8347,6655555,71.57,7646,5997846,64.5,11884,4361034,46.9,64782,390663,4.2
2022-01-11,60.38,9.49,30.13,8099,6663654,71.66,8621,6006467,64.59,11974,4373008,47.03,56660,447323,4.81
2022-01-12,60.51,9.45,30.04,7275,6670929,71.74,8305,6014772,64.68,11114,4384122,47.14,44632,491955,5.29
2022-01-13,60.7,9.35,29.94,7509,6678438,71.82,9618,6024390,64.78,11547,4395669,47.27,34768,526723,5.66
2022-01-14,60.79,9.31,29.9,2554,6680992,71.84,4935,6029325,64.84,6146,4401815,47.33,11142,537865,5.78
2022-01-15,60.83,9.29,29.87,1469,6682461,71.86,3170,6032495,64.87,3884,4405699,47.38,5716,543581,5.85
2022-01-16,60.97,9.2,29.82,3817,6686278,71.9,8524,6041019,64.96,7682,4413381,47.46,19993,563574,6.06
2022-01-17,61.09,9.13,29.78,2808,6689086,71.93,7047,6048066,65.04,6173,4419554,47.53,17834,581408,6.25
2022-01-18,61.23,9.07,29.7,2475,6691561,71.96,7386,6055452,65.12,5535,4425089,47.59,14817,596225,6.41
2022-01-19,61.37,8.98,29.65,1915,6693476,71.98,6368,6061820,65.19,4522,4429611,47.63,8462,604687,6.5
2022-01-20,61.44,8.85,29.71,1777,6695253,72,6971,6068791,65.26,4793,4434404,47.69,8041,612728,6.59
2022-01-21,61.51,8.81,29.68,905,6696158,72.01,3725,6072516,65.3,2646,4437050,47.71,3358,616086,6.63
2022-01-22,61.51,8.75,29.74,328,6696486,72.01,1462,6073978,65.32,1067,4438117,47.73,1113,617199,6.64
2022-01-23,61.61,8.7,29.69,1068,6697554,72.02,5632,6079610,65.38,2879,4440996,47.76,6083,623282,6.7
2022-01-24,61.73,8.62,29.65,759,6698313,72.03,4481,6084091,65.43,2270,4443266,47.78,5057,628339,6.76
2022-01-25,61.9,8.51,29.59,744,6699057,72.04,4401,6088492,65.47,2187,4445453,47.8,7102,635441,6.83
2022-01-26,62.02,8.42,29.57,615,6699672,72.05,3286,6091778,65.51,1612,4447065,47.82,4262,639703,6.88
2022-01-27,62.12,8.35,29.52,797,6700469,72.05,4405,6096183,65.56,2006,4449071,47.84,5441,645144,6.94
2022-01-28,62.16,8.33,29.5,397,6700866,72.06,2376,6098559,65.58,1182,4450253,47.86,3452,648596,6.97
2022-01-29,62.23,8.29,29.48,124,6700990,72.06,1046,6099605,65.59,425,4450678,47.86,1162,649758,6.99
2022-01-30,62.3,8.24,29.46,769,6701759,72.07,4719,6104324,65.64,2020,4452698,47.88,8099,657857,7.07
2022-01-31,62.39,8.17,29.43,528,6702287,72.07,3183,6107507,65.68,1610,4454308,47.9,6472,664329,7.14
2022-02-01,62.45,8.15,29.4,482,6702769,72.08,2809,6110316,65.71,1526,4455834,47.92,5722,670051,7.21
2022-02-02,62.28,8.13,29.59,375,6703144,72.08,2394,6112710,65.73,1386,4457220,47.93,5073,675124,7.26
2022-02-03,62.34,8.08,29.57,446,6703590,72.09,2776,6115486,65.76,1462,4458682,47.95,5607,680731,7.32
2022-02-04,62.37,8.06,29.57,174,6703764,72.09,991,6116477,65.77,757,4459439,47.95,2455,683186,7.35
2022-02-05,62.34,8.09,29.56,62,6703826,72.09,342,6116819,65.78,221,4459660,47.96,420,683606,7.35
2022-02-06,62.41,8.05,29.55,407,6704233,72.09,2320,6119139,65.8,1344,4461004,47.97,5687,689293,7.41
2022-02-07,62.47,8.01,29.52,283,6704516,72.1,1308,6120447,65.82,983,4461987,47.98,5960,695253,7.48
2022-02-08,62.54,7.97,29.49,317,6704833,72.1,1498,6121945,65.83,1068,4463055,47.99,6138,701391,7.54
2022-02-09,62.6,7.95,29.45,254,6705087,72.1,1102,6123047,65.84,946,4464001,48,4570,705961,7.59
2022-02-10,62.63,7.93,29.44,273,6705360,72.11,1292,6124339,65.86,936,4464937,48.01,4815,710776,7.64
2022-02-11,62.67,7.91,29.42,211,6705571,72.11,557,6124896,65.86,518,4465455,48.02,2540,713316,7.67
2022-02-12,62.67,7.91,29.41,32,6705603,72.11,91,6124987,65.87,136,4465591,48.02,269,713585,7.67
2022-02-13,62.73,7.87,29.39,286,6705889,72.11,946,6125933,65.88,966,4466557,48.03,4998,718583,7.73
2022-02-14,62.89,7.74,29.36,179,6706068,72.11,628,6126561,65.88,760,4467317,48.04,3143,721726,7.76
2022-02-15,62.92,7.73,29.35,266,6706334,72.12,763,6127324,65.89,938,4468255,48.05,3819,725545,7.8
2022-02-16,62.95,7.72,29.34,179,6706513,72.12,577,6127901,65.9,803,4469058,48.06,2488,728033,7.83
2022-02-17,62.96,7.7,29.34,247,6706760,72.12,740,6128641,65.9,775,4469833,48.07,3061,731094,7.86
2022-02-18,62.98,7.69,29.33,130,6706890,72.12,343,6128984,65.91,439,4470272,48.07,1119,732213,7.87
2022-02-19,62.99,7.69,29.32,33,6706923,72.12,84,6129068,65.91,82,4470354,48.07,80,732293,7.87
2022-02-20,63.01,7.67,29.32,204,6707127,72.13,604,6129672,65.92,723,4471077,48.08,2574,734867,7.9
2022-02-21,63.04,7.65,29.31,173,6707300,72.13,413,6130085,65.92,490,4471567,48.09,1542,736409,7.92
2022-02-22,63.05,7.65,29.3,158,6707458,72.13,455,6130540,65.92,570,4472137,48.09,1871,738280,7.94
2022-02-23,63.06,7.65,29.29,109,6707567,72.13,353,6130893,65.93,453,4472590,48.1,1153,739433,7.95
2022-02-24,63.05,7.66,29.29,138,6707705,72.13,463,6131356,65.93,568,4473158,48.1,1493,740926,7.97
2022-02-25,63.06,7.66,29.28,59,6707764,72.13,144,6131500,65.94,193,4473351,48.1,456,741382,7.97
2022-02-26,63.05,7.67,29.28,17,6707781,72.13,28,6131528,65.94,161,4473512,48.11,35,741417,7.97
2022-02-27,63.05,7.67,29.28,112,6707893,72.13,341,6131869,65.94,448,4473960,48.11,1119,742536,7.98
2022-02-28,63.07,7.65,29.28,108,6708001,72.13,271,6132140,65.94,424,4474384,48.12,908,743444,7.99
2022-03-01,63.1,7.63,29.27,97,6708098,72.14,280,6132420,65.94,373,4474757,48.12,797,744241,8
2022-03-02,63.11,7.62,29.27,77,6708175,72.14,199,6132619,65.95,324,4475081,48.12,698,744939,8.01
2022-03-03,63.05,7.67,29.27,157,6708332,72.14,371,6132990,65.95,498,4475579,48.13,987,745926,8.02
2022-03-04,63.05,7.68,29.27,53,6708385,72.14,170,6133160,65.95,170,4475749,48.13,228,746154,8.02
2022-03-05,63.04,7.69,29.27,5,6708390,72.14,25,6133185,65.95,44,4475793,48.13,32,746186,8.02
2022-03-06,63.04,7.69,29.27,98,6708488,72.14,259,6133444,65.96,417,4476210,48.13,760,746946,8.03
2022-03-07,63.05,7.69,29.26,86,6708574,72.14,260,6133704,65.96,354,4476564,48.14,605,747551,8.04
2022-03-08,63.04,7.7,29.26,100,6708674,72.14,263,6133967,65.96,333,4476897,48.14,550,748101,8.04
2022-03-09,63.02,7.72,29.25,89,6708763,72.14,213,6134180,65.96,337,4477234,48.15,492,748593,8.05
2022-03-10,63.01,7.74,29.25,115,6708878,72.14,375,6134555,65.97,428,4477662,48.15,620,749213,8.06
2022-03-11,63,7.75,29.25,24,6708902,72.14,85,6134640,65.97,123,4477785,48.15,144,749357,8.06
2022-03-12,62.98,7.77,29.24,11,6708913,72.14,12,6134652,65.97,34,4477819,48.15,28,749385,8.06
2022-03-13,62.98,7.78,29.24,100,6709013,72.15,271,6134923,65.97,359,4478178,48.16,595,749980,8.06
2022-03-14,62.98,7.78,29.24,66,6709079,72.15,253,6135176,65.97,316,4478494,48.16,559,750539,8.07
2022-03-15,62.95,7.81,29.24,80,6709159,72.15,185,6135361,65.98,293,4478787,48.16,591,751130,8.08
2022-03-16,62.94,7.82,29.24,77,6709236,72.15,205,6135566,65.98,305,4479092,48.17,668,751798,8.08
2022-03-17,62.94,7.82,29.24,65,6709301,72.15,122,6135688,65.98,286,4479378,48.17,613,752411,8.09
2022-03-18,62.94,7.82,29.24,20,6709321,72.15,54,6135742,65.98,100,4479478,48.17,234,752645,8.09
2022-03-19,62.89,7.88,29.23,6,6709327,72.15,11,6135753,65.98,29,4479507,48.17,39,752684,8.09
2022-03-20,62.87,7.89,29.23,119,6709446,72.15,260,6136013,65.98,486,4479993,48.18,1431,754115,8.11
2022-03-21,62.87,7.9,29.23,97,6709543,72.15,247,6136260,65.99,379,4480372,48.18,1132,755247,8.12
2022-03-22,62.84,7.94,29.23,141,6709684,72.15,342,6136602,65.99,508,4480880,48.19,1770,757017,8.14
2022-03-23,62.81,7.97,29.22,108,6709792,72.15,212,6136814,65.99,463,4481343,48.19,1677,758694,8.16
2022-03-24,62.78,8,29.22,174,6709966,72.16,345,6137159,66,769,4482112,48.2,2363,761057,8.18
2022-03-25,62.78,8,29.23,39,6710005,72.16,82,6137241,66,159,4482271,48.2,630,761687,8.19
2022-03-26,62.77,8,29.22,12,6710017,72.16,13,6137254,66,34,4482305,48.2,91,761778,8.19
2022-03-27,62.75,8.02,29.22,167,6710184,72.16,344,6137598,66,760,4483065,48.21,3193,764971,8.23
2022-03-28,62.75,8.03,29.22,113,6710297,72.16,271,6137869,66,623,4483688,48.22,2416,767387,8.25
2022-03-29,62.7,8.07,29.22,125,6710422,72.16,258,6138127,66.01,641,4484329,48.22,2772,770159,8.28
2022-03-30,62.81,8.11,29.07,132,6710554,72.16,208,6138335,66.01,542,4484871,48.23,2370,772529,8.31
2022-03-31,62.79,8.11,29.1,166,6710720,72.16,302,6138637,66.01,730,4485601,48.24,2853,775382,8.34
2022-04-01,62.72,8.13,29.15,122,6710842,72.17,161,6138798,66.01,277,4485878,48.24,588,775970,8.34
2022-04-02,62.69,8.15,29.16,7,6710849,72.17,7,6138805,66.01,37,4485915,48.24,52,776022,8.35
2022-04-03,62.65,8.16,29.19,159,6711008,72.17,270,6139075,66.02,569,4486484,48.25,2478,778500,8.37
2022-04-04,62.62,8.16,29.22,103,6711111,72.17,208,6139283,66.02,484,4486968,48.25,2225,780725,8.4
2022-04-05,62.57,8.19,29.25,123,6711234,72.17,221,6139504,66.02,513,4487481,48.26,2243,782968,8.42
2022-04-06,62.55,8.2,29.25,91,6711325,72.17,157,6139661,66.02,382,4487863,48.26,2023,784991,8.44
2022-04-07,62.56,8.2,29.24,191,6711516,72.17,215,6139876,66.03,641,4488504,48.27,2556,787547,8.47
2022-04-08,62.54,8.22,29.23,30,6711546,72.17,61,6139937,66.03,154,4488658,48.27,482,788029,8.47
2022-04-09,62.52,8.25,29.23,6,6711552,72.17,17,6139954,66.03,28,4488686,48.27,47,788076,8.47
2022-04-10,62.51,8.26,29.23,103,6711655,72.17,264,6140218,66.03,429,4489115,48.27,1845,789921,8.49
2022-04-11,62.54,8.26,29.2,78,6711733,72.17,201,6140419,66.03,371,4489486,48.28,1425,791346,8.51
2022-04-12,62.58,8.29,29.12,204,6711937,72.18,168,6140587,66.03,376,4489862,48.28,1360,792706,8.52
2022-04-13,62.58,8.31,29.1,117,6712054,72.18,150,6140737,66.03,298,4490160,48.28,1218,793924,8.54
2022-04-14,62.57,8.33,29.1,85,6712139,72.18,221,6140958,66.04,321,4490481,48.29,1069,794993,8.55
2022-04-15,62.55,8.35,29.1,9,6712148,72.18,51,6141009,66.04,48,4490529,48.29,82,795075,8.55
2022-04-16,62.53,8.37,29.1,3,6712151,72.18,8,6141017,66.04,21,4490550,48.29,29,795104,8.55
2022-04-17,62.52,8.38,29.1,62,6712213,72.18,131,6141148,66.04,229,4490779,48.29,807,795911,8.56
2022-04-18,62.51,8.38,29.1,68,6712281,72.18,109,6141257,66.04,253,4491032,48.29,750,796661,8.57
2022-04-19,62.5,8.4,29.1,61,6712342,72.18,145,6141402,66.04,273,4491305,48.3,842,797503,8.58
2022-04-20,62.48,8.42,29.1,60,6712402,72.18,117,6141519,66.04,235,4491540,48.3,656,798159,8.58
2022-04-21,62.47,8.43,29.1,53,6712455,72.18,109,6141628,66.04,197,4491737,48.3,479,798638,8.59
2022-04-22,62.45,8.44,29.11,3,6712458,72.18,17,6141645,66.04,19,4491756,48.3,20,798658,8.59
2022-04-23,62.43,8.46,29.11,6,6712464,72.18,9,6141654,66.04,16,4491772,48.3,13,798671,8.59
2022-04-24,62.43,8.47,29.1,92,6712556,72.18,250,6141904,66.05,329,4492101,48.31,872,799543,8.6
2022-04-25,62.43,8.47,29.1,104,6712660,72.18,191,6142095,66.05,316,4492417,48.31,739,800282,8.61
2022-04-26,62.42,8.48,29.1,76,6712736,72.19,175,6142270,66.05,304,4492721,48.31,789,801071,8.61
2022-04-27,62.41,8.49,29.1,54,6712790,72.19,160,6142430,66.05,227,4492948,48.31,640,801711,8.62
2022-04-28,62.41,8.5,29.1,97,6712887,72.19,232,6142662,66.06,329,4493277,48.32,872,802583,8.63
2022-04-29,62.39,8.51,29.1,112,6712999,72.19,159,6142821,66.06,184,4493461,48.32,196,802779,8.63
2022-04-30,62.38,8.52,29.1,1,6713000,72.19,3,6142824,66.06,24,4493485,48.32,22,802801,8.63
2022-05-01,62.38,8.53,29.09,135,6713135,72.19,185,6143009,66.06,317,4493802,48.32,630,803431,8.64
2022-05-02,62.37,8.54,29.09,62,6713197,72.19,155,6143164,66.06,235,4494037,48.33,491,803922,8.65
2022-05-03,62.36,8.55,29.09,73,6713270,72.19,151,6143315,66.06,288,4494325,48.33,508,804430,8.65
2022-05-04,62.35,8.57,29.08,23,6713293,72.19,56,6143371,66.06,63,4494388,48.33,129,804559,8.65
2022-05-05,62.34,8.58,29.08,5,6713298,72.19,1,6143372,66.06,8,4494396,48.33,14,804573,8.65
2022-05-06,62.33,8.59,29.08,20,6713318,72.19,59,6143431,66.06,63,4494459,48.33,154,804727,8.65
2022-05-07,62.32,8.6,29.08,1,6713319,72.19,7,6143438,66.06,27,4494486,48.33,24,804751,8.65
2022-05-08,62.31,8.61,29.08,118,6713437,72.19,207,6143645,66.07,270,4494756,48.33,457,805208,8.66
2022-05-09,62.31,8.61,29.08,59,6713496,72.19,162,6143807,66.07,251,4495007,48.34,505,805713,8.66
2022-05-10,62.3,8.62,29.08,131,6713627,72.19,169,6143976,66.07,261,4495268,48.34,508,806221,8.67
2022-05-11,62.3,8.63,29.08,58,6713685,72.2,118,6144094,66.07,183,4495451,48.34,464,806685,8.67
2022-05-12,62.29,8.64,29.07,119,6713804,72.2,200,6144294,66.07,280,4495731,48.34,666,807351,8.68
2022-05-13,62.28,8.65,29.07,11,6713815,72.2,44,6144338,66.07,71,4495802,48.35,110,807461,8.68
2022-05-14,62.26,8.66,29.07,6,6713821,72.2,13,6144351,66.07,14,4495816,48.35,24,807485,8.68
2022-05-15,62.26,8.67,29.07,90,6713911,72.2,175,6144526,66.08,246,4496062,48.35,665,808150,8.69
2022-05-16,62.19,8.65,29.16,68,6713979,72.2,141,6144667,66.08,230,4496292,48.35,510,808660,8.7
2022-05-17,62.18,8.66,29.16,73,6714052,72.2,153,6144820,66.08,267,4496559,48.35,618,809278,8.7
2022-05-18,62.17,8.67,29.16,43,6714095,72.2,99,6144919,66.08,169,4496728,48.36,447,809725,8.71
2022-05-19,62.16,8.68,29.16,62,6714157,72.2,173,6145092,66.08,213,4496941,48.36,499,810224,8.71
2022-05-20,62.15,8.69,29.16,76,6714233,72.2,114,6145206,66.08,130,4497071,48.36,138,810362,8.71
2022-05-21,62.14,8.7,29.16,4,6714237,72.2,7,6145213,66.08,15,4497086,48.36,18,810380,8.71
2022-05-22,62.14,8.71,29.16,85,6714322,72.2,190,6145403,66.08,216,4497302,48.36,427,810807,8.72
2022-05-23,62.14,8.71,29.16,66,6714388,72.2,121,6145524,66.09,156,4497458,48.36,348,811155,8.72
2022-05-24,62.13,8.71,29.15,43,6714431,72.2,119,6145643,66.09,157,4497615,48.37,394,811549,8.73
2022-05-25,62.12,8.72,29.15,61,6714492,72.2,103,6145746,66.09,168,4497783,48.37,337,811886,8.73
2022-05-26,62.11,8.73,29.16,72,6714564,72.21,136,6145882,66.09,186,4497969,48.37,347,812233,8.73
2022-05-27,62.1,8.74,29.16,12,6714576,72.21,29,6145911,66.09,43,4498012,48.37,59,812292,8.74
2022-05-28,62.09,8.75,29.16,2,6714578,72.21,5,6145916,66.09,8,4498020,48.37,12,812304,8.74
2022-05-29,62.09,8.75,29.16,89,6714667,72.21,153,6146069,66.09,163,4498183,48.37,316,812620,8.74
2022-05-30,62.09,8.76,29.16,56,6714723,72.21,134,6146203,66.09,125,4498308,48.37,291,812911,8.74
2022-05-31,62.07,8.78,29.15,45,6714768,72.21,104,6146307,66.09,153,4498461,48.37,351,813262,8.75
2022-06-01,61.95,8.9,29.16,65,6714833,72.21,90,6146397,66.1,119,4498580,48.38,277,813539,8.75
2022-06-02,45.96,24.88,29.15,77,6714910,72.21,156,6146553,66.1,178,4498758,48.38,255,813794,8.75
2022-06-03,45.9,24.95,29.16,10,6714920,72.21,23,6146576,66.1,21,4498779,48.38,33,813827,8.75
2022-06-04,45.84,25,29.16,0,6714920,72.21,7,6146583,66.1,8,4498787,48.38,5,813832,8.75
2022-06-05,45.8,25.05,29.16,11,6714931,72.21,14,6146597,66.1,7,4498794,48.38,2,813834,8.75
2022-06-06,39.96,30.89,29.16,58,6714989,72.21,145,6146742,66.1,161,4498955,48.38,262,814096,8.75
2022-06-07,39.92,30.93,29.15,54,6715043,72.21,134,6146876,66.1,142,4499097,48.38,379,814475,8.76
2022-06-08,39.89,30.96,29.15,59,6715102,72.21,104,6146980,66.1,131,4499228,48.38,497,814972,8.76
2022-06-09,39.86,30.99,29.15,84,6715186,72.21,208,6147188,66.1,234,4499462,48.38,642,815614,8.77
2022-06-10,39.83,31.02,29.15,14,6715200,72.21,51,6147239,66.1,59,4499521,48.39,142,815756,8.77
2022-06-11,39.8,31.05,29.15,0,6715200,72.21,3,6147242,66.1,7,4499528,48.39,19,815775,8.77
2022-06-12,39.8,31.05,29.15,109,6715309,72.21,199,6147441,66.11,191,4499719,48.39,767,816542,8.78
2022-06-13,39.81,31.04,29.15,84,6715393,72.21,142,6147583,66.11,168,4499887,48.39,626,817168,8.79
2022-06-14,39.79,31.06,29.15,116,6715509,72.22,174,6147757,66.11,208,4500095,48.39,759,817927,8.8
2022-06-15,39.78,31.08,29.15,71,6715580,72.22,141,6147898,66.11,207,4500302,48.39,700,818627,8.8
2022-06-16,39.74,31.11,29.14,94,6715674,72.22,136,6148034,66.11,218,4500520,48.4,742,819369,8.81
2022-06-17,39.72,31.14,29.15,16,6715690,72.22,63,6148097,66.11,53,4500573,48.4,125,819494,8.81
2022-06-18,39.68,31.17,29.14,3,6715693,72.22,4,6148101,66.11,11,4500584,48.4,15,819509,8.81
2022-06-19,39.53,31.33,29.15,115,6715808,72.22,208,6148309,66.12,318,4500902,48.4,877,820386,8.82
2022-06-20,33.92,36.85,29.23,99,6715907,72.22,152,6148461,66.12,307,4501209,48.4,922,821308,8.83
2022-06-21,33.58,37.19,29.23,94,6716001,72.22,154,6148615,66.12,375,4501584,48.41,1229,822537,8.85
2022-06-22,33.28,37.49,29.23,110,6716111,72.22,136,6148751,66.12,339,4501923,48.41,894,823431,8.85
2022-06-23,32.84,37.92,29.23,132,6716243,72.22,217,6148968,66.12,525,4502448,48.42,1146,824577,8.87
2022-06-24,32.43,38.34,29.24,19,6716262,72.22,35,6149003,66.12,110,4502558,48.42,208,824785,8.87
2022-06-25,32.04,38.72,29.24,1,6716263,72.22,3,6149006,66.12,13,4502571,48.42,16,824801,8.87
2022-06-26,31.63,39.13,29.24,107,6716370,72.22,158,6149164,66.13,379,4502950,48.42,933,825734,8.88
2022-06-27,31.29,39.47,29.24,86,6716456,72.23,172,6149336,66.13,392,4503342,48.43,1028,826762,8.89
2022-06-28,30.86,39.91,29.24,85,6716541,72.23,151,6149487,66.13,363,4503705,48.43,932,827694,8.9
2022-06-29,30.48,40.28,29.24,76,6716617,72.23,108,6149595,66.13,265,4503970,48.43,816,828510,8.91
2022-06-30,30.05,40.71,29.24,86,6716703,72.23,165,6149760,66.13,355,4504325,48.44,1062,829572,8.92
2022-07-01,29.62,41.14,29.24,22,6716725,72.23,28,6149788,66.13,55,4504380,48.44,80,829652,8.92
2022-07-02,29.2,41.56,29.24,1,6716726,72.23,2,6149790,66.13,8,4504388,48.44,18,829670,8.92
2022-07-03,28.81,41.95,29.24,100,6716826,72.23,178,6149968,66.13,322,4504710,48.44,636,830306,8.93
2022-07-04,28.5,42.26,29.24,76,6716902,72.23,140,6150108,66.14,278,4504988,48.44,749,831055,8.94
2022-07-05,28.06,42.7,29.24,59,6716961,72.23,142,6150250,66.14,302,4505290,48.45,688,831743,8.94
2022-07-06,27.39,43.37,29.24,78,6717039,72.23,124,6150374,66.14,211,4505501,48.45,646,832389,8.95
2022-07-07,26.48,44.28,29.24,82,6717121,72.23,164,6150538,66.14,267,4505768,48.45,721,833110,8.96
2022-07-08,25.47,45.29,29.24,17,6717138,72.23,33,6150571,66.14,69,4505837,48.45,131,833241,8.96
2022-07-09,24.42,46.34,29.24,0,6717138,72.23,1,6150572,66.14,3,4505840,48.45,3,833244,8.96
2022-07-10,23.77,46.99,29.24,90,6717228,72.23,164,6150736,66.14,229,4506069,48.46,470,833714,8.97
2022-07-11,23.22,47.54,29.24,64,6717292,72.23,142,6150878,66.14,248,4506317,48.46,575,834289,8.97
2022-07-12,22.13,48.63,29.24,69,6717361,72.24,129,6151007,66.14,207,4506524,48.46,558,834847,8.98
2022-07-13,21.1,49.66,29.24,43,6717404,72.24,101,6151108,66.15,165,4506689,48.46,488,835335,8.98
2022-07-14,20.12,50.63,29.24,70,6717474,72.24,147,6151255,66.15,208,4506897,48.46,513,835848,8.99
2022-07-15,19.27,51.48,29.25,64,6717538,72.24,88,6151343,66.15,127,4507024,48.47,168,836016,8.99
2022-07-16,18.29,52.46,29.25,0,6717538,72.24,6,6151349,66.15,7,4507031,48.47,8,836024,8.99
2022-07-17,17.83,52.92,29.25,77,6717615,72.24,183,6151532,66.15,241,4507272,48.47,468,836492,9
2022-07-18,17.48,53.26,29.26,62,6717677,72.24,158,6151690,66.15,207,4507479,48.47,511,837003,9
2022-07-19,16.77,53.97,29.26,63,6717740,72.24,147,6151837,66.15,173,4507652,48.47,368,837371,9
2022-07-20,16.09,54.64,29.26,51,6717791,72.24,134,6151971,66.16,137,4507789,48.47,423,837794,9.01
2022-07-21,15.43,55.3,29.27,61,6717852,72.24,160,6152131,66.16,177,4507966,48.48,341,838135,9.01
2022-07-22,14.64,56.08,29.28,10,6717862,72.24,36,6152167,66.16,43,4508009,48.48,56,838191,9.01
2022-07-23,14.17,56.55,29.28,0,6717862,72.24,4,6152171,66.16,4,4508013,48.48,9,838200,9.01
2022-07-24,13.55,57.16,29.29,58,6717920,72.24,128,6152299,66.16,197,4508210,48.48,364,838564,9.02
2022-07-25,13.09,57.61,29.3,48,6717968,72.24,107,6152406,66.16,172,4508382,48.48,336,838900,9.02
2022-07-26,12.46,58.23,29.3,47,6718015,72.24,99,6152505,66.16,111,4508493,48.48,270,839170,9.02
2022-07-27,11.89,58.8,29.31,43,6718058,72.24,125,6152630,66.16,132,4508625,48.48,243,839413,9.03
2022-07-28,11.35,59.34,29.31,62,6718120,72.24,143,6152773,66.16,148,4508773,48.49,220,839633,9.03
2022-07-29,10.85,59.83,29.32,10,6718130,72.24,25,6152798,66.16,27,4508800,48.49,31,839664,9.03
2022-07-30,10.34,60.33,29.33,0,6718130,72.24,0,6152798,66.16,1,4508801,48.49,1,839665,9.03
2022-07-31,9.97,60.7,29.33,56,6718186,72.24,134,6152932,66.17,131,4508932,48.49,252,839917,9.03
2022-08-01,9.47,61.19,29.34,54,6718240,72.24,76,6153008,66.17,91,4509023,48.49,152,840069,9.03
2022-08-02,8.92,61.73,29.35,111,6718351,72.25,119,6153127,66.17,157,4509180,48.49,264,840333,9.04
2022-08-03,8.46,62.19,29.35,76,6718427,72.25,71,6153198,66.17,92,4509272,48.49,180,840513,9.04
2022-08-04,8.04,62.61,29.36,133,6718560,72.25,133,6153331,66.17,111,4509383,48.49,246,840759,9.04
2022-08-05,7.71,62.93,29.36,31,6718591,72.25,23,6153354,66.17,13,4509396,48.49,24,840783,9.04
2022-08-06,7.32,63.32,29.36,1,6718592,72.25,2,6153356,66.17,3,4509399,48.49,5,840788,9.04
2022-08-07,6.92,63.71,29.37,89,6718681,72.25,97,6153453,66.17,69,4509468,48.49,169,840957,9.04
2022-08-08,6.74,63.89,29.37,109,6718790,72.25,92,6153545,66.17,92,4509560,48.49,172,841129,9.05
2022-08-09,6.25,64.37,29.38,96,6718886,72.25,90,6153635,66.17,99,4509659,48.49,213,841342,9.05
2022-08-10,5.91,64.71,29.38,77,6718963,72.25,60,6153695,66.17,76,4509735,48.5,115,841457,9.05
2022-08-11,5.59,65.03,29.38,54,6719017,72.25,101,6153796,66.17,91,4509826,48.5,155,841612,9.05
2022-08-12,5.35,65.27,29.38,8,6719025,72.25,12,6153808,66.17,18,4509844,48.5,29,841641,9.05
2022-08-13,5.1,65.52,29.38,0,6719025,72.25,2,6153810,66.17,2,4509846,48.5,3,841644,9.05
2022-08-14,4.87,65.75,29.39,74,6719099,72.25,75,6153885,66.18,82,4509928,48.5,150,841794,9.05
2022-08-15,4.74,65.87,29.39,69,6719168,72.25,80,6153965,66.18,92,4510020,48.5,144,841938,9.05
2022-08-16,4.46,66.15,29.39,82,6719250,72.26,84,6154049,66.18,83,4510103,48.5,187,842125,9.06
2022-08-17,4.16,66.44,29.39,46,6719296,72.26,56,6154105,66.18,36,4510139,48.5,116,842241,9.06
2022-08-18,3.98,66.63,29.39,70,6719366,72.26,93,6154198,66.18,120,4510259,48.5,173,842414,9.06
2022-08-19,3.83,66.78,29.39,79,6719445,72.26,67,6154265,66.18,56,4510315,48.5,38,842452,9.06
2022-08-20,3.67,66.94,29.39,1,6719446,72.26,1,6154266,66.18,3,4510318,48.5,3,842455,9.06
2022-08-21,3.52,67.08,29.4,52,6719498,72.26,85,6154351,66.18,84,4510402,48.5,197,842652,9.06
2022-08-22,3.44,67.16,29.4,89,6719587,72.26,74,6154425,66.18,103,4510505,48.5,144,842796,9.06
2022-08-23,3.27,67.33,29.4,72,6719659,72.26,106,6154531,66.18,84,4510589,48.5,180,842976,9.06
2022-08-24,3.15,67.46,29.4,38,6719697,72.26,80,6154611,66.18,49,4510638,48.51,133,843109,9.07
2022-08-25,3.03,67.57,29.4,53,6719750,72.26,75,6154686,66.18,97,4510735,48.51,193,843302,9.07
2022-08-26,2.94,67.66,29.4,4,6719754,72.26,15,6154701,66.18,9,4510744,48.51,14,843316,9.07
2022-08-27,2.84,67.76,29.4,0,6719754,72.26,0,6154701,66.18,0,4510744,48.51,0,843316,9.07
2022-08-28,2.75,67.85,29.4,55,6719809,72.26,80,6154781,66.19,85,4510829,48.51,102,843418,9.07
2022-08-29,2.69,67.91,29.4,48,6719857,72.26,68,6154849,66.19,89,4510918,48.51,107,843525,9.07
2022-08-30,2.6,68,29.4,85,6719942,72.26,113,6154962,66.19,85,4511003,48.51,131,843656,9.07
2022-08-31,2.53,68.07,29.4,42,6719984,72.26,89,6155051,66.19,70,4511073,48.51,96,843752,9.07
2022-09-01,2.46,68.14,29.4,29,6720013,72.26,84,6155135,66.19,58,4511131,48.51,113,843865,9.07
2022-09-02,2.4,68.2,29.4,6,6720019,72.26,20,6155155,66.19,13,4511144,48.51,10,843875,9.07
2022-09-03,2.33,68.27,29.4,2,6720021,72.26,0,6155155,66.19,3,4511147,48.51,1,843876,9.07
2022-09-04,2.27,68.32,29.4,64,6720085,72.26,133,6155288,66.19,80,4511227,48.51,121,843997,9.08
2022-09-05,2.23,68.37,29.4,44,6720129,72.27,77,6155365,66.19,58,4511285,48.51,90,844087,9.08
2022-09-06,2.17,68.42,29.4,60,6720189,72.27,104,6155469,66.19,78,4511363,48.51,130,844217,9.08
2022-09-07,2.12,68.47,29.4,28,6720217,72.27,63,6155532,66.19,53,4511416,48.51,95,844312,9.08
2022-09-08,2.07,68.53,29.4,50,6720267,72.27,101,6155633,66.19,70,4511486,48.51,77,844389,9.08
2022-09-09,2.03,68.57,29.4,10,6720277,72.27,21,6155654,66.19,16,4511502,48.51,17,844406,9.08
2022-09-10,1.97,68.62,29.4,1,6720278,72.27,0,6155654,66.19,5,4511507,48.51,2,844408,9.08
2022-09-11,1.92,68.67,29.41,39,6720317,72.27,117,6155771,66.2,78,4511585,48.52,116,844524,9.08
2022-09-12,1.88,68.71,29.41,24,6720341,72.27,72,6155843,66.2,52,4511637,48.52,68,844592,9.08
2022-09-13,1.82,68.77,29.41,44,6720385,72.27,113,6155956,66.2,54,4511691,48.52,103,844695,9.08
2022-09-14,1.78,68.82,29.41,21,6720406,72.27,64,6156020,66.2,54,4511745,48.52,62,844757,9.08
2022-09-15,1.73,68.86,29.41,32,6720438,72.27,77,6156097,66.2,63,4511808,48.52,107,844864,9.09
2022-09-16,1.7,68.89,29.41,51,6720489,72.27,52,6156149,66.2,27,4511835,48.52,28,844892,9.09
2022-09-17,1.66,68.93,29.41,3,6720492,72.27,0,6156149,66.2,1,4511836,48.52,0,844892,9.09
2022-09-18,1.63,68.96,29.41,28,6720520,72.27,66,6156215,66.2,52,4511888,48.52,115,845007,9.09
2022-09-19,1.61,68.98,29.41,28,6720548,72.27,74,6156289,66.2,44,4511932,48.52,57,845064,9.09
2022-09-20,1.56,69.03,29.41,41,6720589,72.27,94,6156383,66.2,75,4512007,48.52,102,845166,9.09
2022-09-21,1.55,69.05,29.41,22,6720611,72.27,54,6156437,66.2,29,4512036,48.52,56,845222,9.09
2022-09-22,1.52,69.07,29.4,42,6720653,72.27,56,6156493,66.2,27,4512063,48.52,41,845263,9.09
2022-09-23,1.5,69.1,29.41,7,6720660,72.27,11,6156504,66.2,4,4512067,48.52,1,845264,9.09
2022-09-24,1.47,69.13,29.41,0,6720660,72.27,0,6156504,66.2,1,4512068,48.52,0,845264,9.09
2022-09-25,1.46,69.13,29.41,5,6720665,72.27,20,6156524,66.2,10,4512078,48.52,27,845291,9.09
2022-09-26,1.46,69.13,29.41,0,6720665,72.27,5,6156529,66.2,2,4512080,48.52,2,845293,9.09
2022-09-27,1.42,69.17,29.41,2,6720667,72.27,0,6156529,66.2,3,4512083,48.52,3,845296,9.09
2022-09-28,1.39,69.21,29.41,24,6720691,72.27,36,6156565,66.2,25,4512108,48.52,17,845313,9.09
2022-09-29,1.37,69.22,29.41,32,6720723,72.27,61,6156626,66.21,13,4512121,48.52,48,845361,9.09
2022-09-30,1.35,69.24,29.41,4,6720727,72.27,12,6156638,66.21,2,4512123,48.52,0,845361,9.09
2022-10-01,1.31,69.29,29.41,0,6720727,72.27,1,6156639,66.21,1,4512124,48.52,1,845362,9.09
2022-10-02,1.31,69.29,29.41,28,6720755,72.27,51,6156690,66.21,20,4512144,48.52,73,845435,9.09
2022-10-03,1.31,69.28,29.4,23,6720778,72.27,29,6156719,66.21,13,4512157,48.52,12,845447,9.09
2022-10-04,1.27,69.32,29.4,7,6720785,72.27,11,6156730,66.21,0,4512157,48.52,1,845448,9.09
2022-10-05,1.28,69.31,29.4,1,6720786,72.27,0,6156730,66.21,0,4512157,48.52,1,845449,9.09
2022-10-06,1.31,69.28,29.4,17,6720803,72.27,43,6156773,66.21,10,4512167,48.52,20,845469,9.09
2022-10-07,1.3,69.29,29.41,3,6720806,72.27,3,6156776,66.21,4,4512171,48.52,0,845469,9.09
2022-10-08,1.26,69.33,29.41,1,6720807,72.27,1,6156777,66.21,0,4512171,48.52,1,845470,9.09
2022-10-09,1.31,69.28,29.41,7,6720814,72.27,22,6156799,66.21,6,4512177,48.52,5,845475,9.09
2022-10-10,1.38,69.22,29.4,5,6720819,72.27,2,6156801,66.21,0,4512177,48.52,0,845475,9.09
2022-10-11,1.36,69.24,29.4,12,6720831,72.27,32,6156833,66.21,1,4512178,48.52,32,845507,9.09
2022-10-12,1.34,69.26,29.4,13,6720844,72.27,24,6156857,66.21,5,4512183,48.52,4,845511,9.09
2022-10-13,1.4,69.2,29.4,17,6720861,72.27,16,6156873,66.21,5,4512188,48.52,9,845520,9.09
2022-10-14,1.4,69.2,29.4,6,6720867,72.27,7,6156880,66.21,4,4512192,48.52,3,845523,9.09
2022-10-15,1.38,69.22,29.4,0,6720867,72.27,1,6156881,66.21,0,4512192,48.52,1,845524,9.09
2022-10-16,1.39,69.2,29.4,4,6720871,72.27,13,6156894,66.21,5,4512197,48.52,8,845532,9.09
2022-10-17,1.39,69.2,29.4,1,6720872,72.27,1,6156895,66.21,4,4512201,48.52,1,845533,9.09
2022-10-18,1.43,69.17,29.4,24,6720896,72.27,31,6156926,66.21,14,4512215,48.52,16,845549,9.09
2022-10-19,1.47,69.12,29.4,18,6720914,72.27,25,6156951,66.21,7,4512222,48.52,3,845552,9.09
2022-10-20,1.5,69.1,29.4,26,6720940,72.27,44,6156995,66.21,12,4512234,48.52,4,845556,9.09
2022-10-21,1.5,69.09,29.4,4,6720944,72.27,7,6157002,66.21,2,4512236,48.52,4,845560,9.09
2022-10-22,1.49,69.1,29.4,0,6720944,72.27,0,6157002,66.21,0,4512236,48.52,0,845560,9.09
2022-10-23,1.51,69.08,29.4,15,6720959,72.27,33,6157035,66.21,18,4512254,48.52,10,845570,9.09
2022-10-24,1.51,69.08,29.41,20,6720979,72.27,16,6157051,66.21,19,4512273,48.52,9,845579,9.09
2022-10-25,1.55,69.04,29.4,18,6720997,72.27,34,6157085,66.21,22,4512295,48.52,21,845600,9.09
2022-10-26,1.61,68.99,29.4,18,6721015,72.27,25,6157110,66.21,8,4512303,48.52,10,845610,9.09
2022-10-27,1.67,68.93,29.4,17,6721032,72.27,27,6157137,66.21,14,4512317,48.52,17,845627,9.09
2022-10-28,1.67,68.93,29.4,55,6721087,72.28,49,6157186,66.21,31,4512348,48.52,18,845645,9.09
2022-10-29,1.66,68.94,29.4,0,6721087,72.28,0,6157186,66.21,0,4512348,48.52,0,845645,9.09
2022-10-30,1.71,68.89,29.4,15,6721102,72.28,23,6157209,66.21,15,4512363,48.52,9,845654,9.09
2022-10-31,1.76,68.84,29.4,17,6721119,72.28,16,6157225,66.21,8,4512371,48.52,9,845663,9.09
2022-11-01,1.82,68.78,29.4,2,6721121,72.28,1,6157226,66.21,1,4512372,48.52,0,845663,9.09
2022-11-02,1.88,68.72,29.4,13,6721134,72.28,13,6157239,66.21,7,4512379,48.52,8,845671,9.09
2022-11-03,1.96,68.64,29.4,17,6721151,72.28,18,6157257,66.21,11,4512390,48.52,8,845679,9.09
2022-11-04,1.98,68.63,29.4,4,6721155,72.28,6,6157263,66.21,1,4512391,48.52,2,845681,9.09
2022-11-05,1.97,68.63,29.4,0,6721155,72.28,0,6157263,66.21,0,4512391,48.52,0,845681,9.09
2022-11-06,2.03,68.57,29.4,27,6721182,72.28,33,6157296,66.21,11,4512402,48.52,23,845704,9.09
2022-11-07,2.1,68.51,29.4,15,6721197,72.28,11,6157307,66.21,10,4512412,48.52,54,845758,9.09
2022-11-08,2.1,68.5,29.4,28,6721225,72.28,26,6157333,66.21,14,4512426,48.52,9,845767,9.1
2022-11-09,2.16,68.45,29.4,16,6721241,72.28,20,6157353,66.21,17,4512443,48.52,9,845776,9.1
2022-11-10,2.22,68.39,29.4,28,6721269,72.28,17,6157370,66.21,11,4512454,48.52,6,845782,9.1
2022-11-11,2.23,68.37,29.4,1,6721270,72.28,17,6157387,66.21,2,4512456,48.52,1,845783,9.1
2022-11-12,2.22,68.38,29.4,1,6721271,72.28,0,6157387,66.21,2,4512458,48.52,0,845783,9.1
2022-11-13,2.29,68.31,29.4,29,6721300,72.28,31,6157418,66.21,17,4512475,48.52,8,845791,9.1
2022-11-14,2.37,68.23,29.4,20,6721320,72.28,17,6157435,66.21,21,4512496,48.53,16,845807,9.1
2022-11-15,2.43,68.17,29.4,40,6721360,72.28,25,6157460,66.21,16,4512512,48.53,18,845825,9.1
2022-11-16,2.5,68.1,29.4,14,6721374,72.28,27,6157487,66.21,16,4512528,48.53,11,845836,9.1
2022-11-17,2.59,68.02,29.4,19,6721393,72.28,33,6157520,66.21,18,4512546,48.53,5,845841,9.1
2022-11-18,2.61,67.99,29.4,6,6721399,72.28,4,6157524,66.22,4,4512550,48.53,0,845841,9.1
2022-11-19,2.6,68,29.4,0,6721399,72.28,0,6157524,66.22,0,4512550,48.53,0,845841,9.1
2022-11-20,2.67,67.93,29.4,19,6721418,72.28,20,6157544,66.22,6,4512556,48.53,13,845854,9.1
2022-11-21,2.76,67.85,29.4,14,6721432,72.28,13,6157557,66.22,6,4512562,48.53,7,845861,9.1
2022-11-22,2.83,67.77,29.4,27,6721459,72.28,13,6157570,66.22,17,4512579,48.53,6,845867,9.1
2022-11-23,2.9,67.7,29.4,17,6721476,72.28,20,6157590,66.22,4,4512583,48.53,8,845875,9.1
2022-11-24,2.98,67.62,29.4,9,6721485,72.28,16,6157606,66.22,13,4512596,48.53,27,845902,9.1
2022-11-25,3,67.6,29.4,12,6721497,72.28,46,6157652,66.22,14,4512610,48.53,12,845914,9.1
2022-11-26,3,67.61,29.4,0,6721497,72.28,2,6157654,66.22,0,4512610,48.53,0,845914,9.1
2022-11-27,3.06,67.54,29.4,14,6721511,72.28,15,6157669,66.22,19,4512629,48.53,2,845916,9.1
2022-11-28,3.14,67.47,29.4,8,6721519,72.28,23,6157692,66.22,8,4512637,48.53,6,845922,9.1
2022-11-29,3.2,67.4,29.4,38,6721557,72.28,31,6157723,66.22,19,4512656,48.53,14,845936,9.1
2022-11-30,3.27,67.34,29.39,12,6721569,72.28,25,6157748,66.22,20,4512676,48.53,8,845944,9.1
2022-12-01,3.34,67.26,29.39,13,6721582,72.28,18,6157766,66.22,15,4512691,48.53,4,845948,9.1
2022-12-02,3.36,67.24,29.39,2,6721584,72.28,7,6157773,66.22,4,4512695,48.53,10,845958,9.1
2022-12-03,3.36,67.24,29.39,0,6721584,72.28,0,6157773,66.22,0,4512695,48.53,1,845959,9.1
2022-12-04,3.42,67.18,29.39,38,6721622,72.28,27,6157800,66.22,30,4512725,48.53,26,845985,9.1
2022-12-05,3.48,67.12,29.4,9,6721631,72.28,17,6157817,66.22,11,4512736,48.53,20,846005,9.1
2022-12-06,3.55,67.06,29.39,32,6721663,72.28,26,6157843,66.22,27,4512763,48.53,8,846013,9.1
2022-12-07,3.62,66.99,29.39,10,6721673,72.28,17,6157860,66.22,8,4512771,48.53,8,846021,9.1
2022-12-08,3.69,66.91,29.39,19,6721692,72.28,31,6157891,66.22,15,4512786,48.53,3,846024,9.1
2022-12-09,3.71,66.9,29.39,4,6721696,72.28,1,6157892,66.22,1,4512787,48.53,7,846031,9.1
2022-12-10,3.7,66.91,29.39,1,6721697,72.28,0,6157892,66.22,2,4512789,48.53,0,846031,9.1
2022-12-11,3.76,66.84,29.39,16,6721713,72.28,22,6157914,66.22,15,4512804,48.53,16,846047,9.1
2022-12-12,3.82,66.78,29.39,15,6721728,72.28,14,6157928,66.22,5,4512809,48.53,0,846047,9.1
2022-12-13,3.87,66.73,29.39,17,6721745,72.28,44,6157972,66.22,18,4512827,48.53,13,846060,9.1
2022-12-14,3.92,66.69,29.39,17,6721762,72.28,16,6157988,66.22,7,4512834,48.53,3,846063,9.1
2022-12-15,3.97,66.64,29.39,22,6721784,72.28,19,6158007,66.22,7,4512841,48.53,12,846075,9.1
2022-12-16,3.98,66.62,29.39,12,6721796,72.28,4,6158011,66.22,1,4512842,48.53,0,846075,9.1
2022-12-17,3.97,66.63,29.39,0,6721796,72.28,0,6158011,66.22,0,4512842,48.53,0,846075,9.1
2022-12-18,4.01,66.59,29.39,9,6721805,72.28,18,6158029,66.22,8,4512850,48.53,3,846078,9.1
2022-12-19,4.06,66.54,29.4,7,6721812,72.28,14,6158043,66.22,12,4512862,48.53,1,846079,9.1
2022-12-20,4.1,66.51,29.39,12,6721824,72.28,17,6158060,66.22,2,4512864,48.53,2,846081,9.1
2022-12-21,4.14,66.47,29.39,9,6721833,72.28,14,6158074,66.22,13,4512877,48.53,3,846084,9.1
2022-12-22,4.18,66.42,29.39,4,6721837,72.28,10,6158084,66.22,14,4512891,48.53,1,846085,9.1
2022-12-23,4.19,66.42,29.39,10,6721847,72.28,0,6158084,66.22,2,4512893,48.53,0,846085,9.1
2022-12-24,4.18,66.43,29.39,0,6721847,72.28,0,6158084,66.22,0,4512893,48.53,0,846085,9.1
2022-12-25,4.21,66.4,29.39,6,6721853,72.28,17,6158101,66.22,1,4512894,48.53,2,846087,9.1
2022-12-26,4.24,66.36,29.39,17,6721870,72.28,6,6158107,66.22,13,4512907,48.53,0,846087,9.1
2022-12-27,4.25,66.36,29.39,24,6721894,72.28,24,6158131,66.22,17,4512924,48.53,7,846094,9.1
2022-12-28,4.26,66.34,29.39,17,6721911,72.28,18,6158149,66.22,25,4512949,48.53,64,846158,9.1
2022-12-29,4.28,66.33,29.39,15,6721926,72.28,23,6158172,66.22,14,4512963,48.53,4,846162,9.1
2022-12-30,4.27,66.33,29.4,4,6721930,72.28,5,6158177,66.22,3,4512966,48.53,1,846163,9.1
2022-12-31,4.26,66.35,29.4,0,6721930,72.28,1,6158178,66.22,0,4512966,48.53,0,846163,9.1
2023-01-01,4.27,66.33,29.4,7,6721937,72.28,23,6158201,66.22,2,4512968,48.53,1,846164,9.1
2023-01-02,4.29,66.31,29.4,10,6721947,72.28,8,6158209,66.22,3,4512971,48.53,1,846165,9.1
2023-01-03,4.3,66.3,29.4,20,6721967,72.28,17,6158226,66.22,7,4512978,48.53,3,846168,9.1
2023-01-04,4.3,66.3,29.4,7,6721974,72.28,11,6158237,66.22,4,4512982,48.53,2,846170,9.1
2023-01-05,4.31,66.29,29.39,12,6721986,72.28,19,6158256,66.22,11,4512993,48.53,4,846174,9.1
2023-01-06,4.31,66.29,29.4,2,6721988,72.28,1,6158257,66.22,1,4512994,48.53,0,846174,9.1
2023-01-07,4.3,66.31,29.4,1,6721989,72.28,0,6158257,66.22,0,4512994,48.53,0,846174,9.1
2023-01-08,4.33,66.28,29.4,14,6722003,72.29,33,6158290,66.22,10,4513004,48.53,2,846176,9.1
2023-01-09,4.34,66.26,29.4,12,6722015,72.29,20,6158310,66.22,1,4513005,48.53,1,846177,9.1
2023-01-10,4.35,66.25,29.4,39,6722054,72.29,27,6158337,66.22,10,4513015,48.53,4,846181,9.1
2023-01-11,4.36,66.25,29.4,15,6722069,72.29,17,6158354,66.22,11,4513026,48.53,2,846183,9.1
2023-01-12,4.37,66.24,29.39,22,6722091,72.29,20,6158374,66.22,11,4513037,48.53,2,846185,9.1
2023-01-13,4.36,66.24,29.4,3,6722094,72.29,2,6158376,66.22,0,4513037,48.53,0,846185,9.1
2023-01-14,4.35,66.25,29.4,1,6722095,72.29,0,6158376,66.22,0,4513037,48.53,0,846185,9.1
2023-01-15,4.36,66.24,29.4,17,6722112,72.29,17,6158393,66.22,4,4513041,48.53,3,846188,9.1
2023-01-16,4.38,66.22,29.4,9,6722121,72.29,15,6158408,66.22,6,4513047,48.53,0,846188,9.1
2023-01-17,4.38,66.22,29.4,15,6722136,72.29,14,6158422,66.22,6,4513053,48.53,0,846188,9.1
2023-01-18,4.39,66.21,29.4,7,6722143,72.29,8,6158430,66.22,3,4513056,48.53,1,846189,9.1
2023-01-19,4.4,66.2,29.4,13,6722156,72.29,15,6158445,66.22,2,4513058,48.53,4,846193,9.1
2023-01-20,4.39,66.2,29.4,4,6722160,72.29,2,6158447,66.22,0,4513058,48.53,1,846194,9.1
2023-01-21,4.39,66.21,29.4,0,6722160,72.29,1,6158448,66.22,0,4513058,48.53,0,846194,9.1
2023-01-22,4.4,66.2,29.4,8,6722168,72.29,3,6158451,66.22,8,4513066,48.53,4,846198,9.1
2023-01-23,4.41,66.19,29.4,11,6722179,72.29,5,6158456,66.22,6,4513072,48.53,0,846198,9.1
2023-01-24,4.41,66.19,29.4,21,6722200,72.29,21,6158477,66.23,11,4513083,48.53,2,846200,9.1
2023-01-25,4.41,66.18,29.4,5,6722205,72.29,5,6158482,66.23,0,4513083,48.53,2,846202,9.1
2023-01-26,4.42,66.18,29.4,10,6722215,72.29,15,6158497,66.23,9,4513092,48.53,2,846204,9.1
2023-01-27,4.41,66.18,29.4,0,6722215,72.29,9,6158506,66.23,0,4513092,48.53,0,846204,9.1
2023-01-28,4.41,66.19,29.4,0,6722215,72.29,0,6158506,66.23,0,4513092,48.53,0,846204,9.1
2023-01-29,4.41,66.19,29.41,12,6722227,72.29,8,6158514,66.23,5,4513097,48.53,2,846206,9.1
2023-01-30,4.42,66.17,29.41,9,6722236,72.29,16,6158530,66.23,2,4513099,48.53,1,846207,9.1
2023-01-31,4.42,66.17,29.41,21,6722257,72.29,23,6158553,66.23,2,4513101,48.53,1,846208,9.1
2023-02-01,4.32,64.71,30.96,10,6722267,72.29,11,6158564,66.23,4,4513105,48.53,0,846208,9.1
2023-02-02,4.33,64.71,30.96,14,6722281,72.29,31,6158595,66.23,3,4513108,48.53,0,846208,9.1
2023-02-03,4.32,64.71,30.97,3,6722284,72.29,1,6158596,66.23,0,4513108,48.53,1,846209,9.1
2023-02-04,4.32,64.72,30.97,0,6722284,72.29,0,6158596,66.23,0,4513108,48.53,0,846209,9.1
2023-02-05,4.32,64.71,30.97,15,6722299,72.29,8,6158604,66.23,6,4513114,48.53,4,846213,9.1
2023-02-06,4.33,64.7,30.97,17,6722316,72.29,13,6158617,66.23,4,4513118,48.53,0,846213,9.1
2023-02-07,4.33,64.7,30.97,22,6722338,72.29,22,6158639,66.23,8,4513126,48.53,2,846215,9.1
2023-02-08,4.33,64.7,30.97,15,6722353,72.29,14,6158653,66.23,1,4513127,48.53,0,846215,9.1
2023-02-09,4.33,64.7,30.97,35,6722388,72.29,34,6158687,66.23,5,4513132,48.53,2,846217,9.1
2023-02-10,4.33,64.7,30.97,2,6722390,72.29,3,6158690,66.23,2,4513134,48.53,0,846217,9.1
2023-02-11,4.33,64.7,30.97,2,6722392,72.29,1,6158691,66.23,0,4513134,48.53,0,846217,9.1
2023-02-12,4.33,64.7,30.97,15,6722407,72.29,17,6158708,66.23,3,4513137,48.53,2,846219,9.1
2023-02-13,4.33,64.7,30.97,14,6722421,72.29,20,6158728,66.23,8,4513145,48.53,2,846221,9.1
2023-02-14,4.33,64.7,30.97,20,6722441,72.29,8,6158736,66.23,7,4513152,48.53,5,846226,9.1
2023-02-15,4.33,64.7,30.97,10,6722451,72.29,17,6158753,66.23,3,4513155,48.53,0,846226,9.1
2023-02-16,4.33,64.7,30.97,22,6722473,72.29,24,6158777,66.23,2,4513157,48.53,0,846226,9.1
2023-02-17,4.33,64.7,30.97,5,6722478,72.29,2,6158779,66.23,1,4513158,48.53,0,846226,9.1
2023-02-18,4.33,64.7,30.97,0,6722478,72.29,0,6158779,66.23,0,4513158,48.53,0,846226,9.1
2023-02-19,4.33,64.7,30.98,16,6722494,72.29,13,6158792,66.23,1,4513159,48.53,0,846226,9.1
2023-02-20,4.33,64.69,30.98,9,6722503,72.29,10,6158802,66.23,1,4513160,48.53,0,846226,9.1
2023-02-21,4.33,64.69,30.98,40,6722543,72.29,19,6158821,66.23,5,4513165,48.53,1,846227,9.1
2023-02-22,4.33,64.7,30.98,3,6722546,72.29,9,6158830,66.23,8,4513173,48.53,0,846227,9.1
2023-02-23,4.33,64.7,30.97,10,6722556,72.29,23,6158853,66.23,5,4513178,48.53,2,846229,9.1
2023-02-24,4.33,64.7,30.98,0,6722556,72.29,6,6158859,66.23,0,4513178,48.53,0,846229,9.1
2023-02-25,4.32,64.7,30.98,3,6722559,72.29,0,6158859,66.23,1,4513179,48.53,0,846229,9.1
2023-02-26,4.32,64.7,30.98,12,6722571,72.29,20,6158879,66.23,1,4513180,48.53,0,846229,9.1
2023-02-27,4.32,64.7,30.98,11,6722582,72.29,25,6158904,66.23,2,4513182,48.53,2,846231,9.1
2023-02-28,4.32,64.7,30.98,7,6722589,72.29,21,6158925,66.23,4,4513186,48.53,2,846233,9.1
2023-03-01,4.32,64.7,30.98,3,6722592,72.29,15,6158940,66.23,1,4513187,48.53,0,846233,9.1
2023-03-02,4.32,64.7,30.98,8,6722600,72.29,36,6158976,66.23,4,4513191,48.53,0,846233,9.1
2023-03-03,4.32,64.7,30.98,0,6722600,72.29,0,6158976,66.23,0,4513191,48.53,0,846233,9.1
