Date,Valid vaccinated pop. perc.,Expired vaccinated pop. perc.,Not vaccinated pop. perc.,Vaccinated (daily),Vaccinated (cumu),Vaccinated pop. perc.,Second dose (daily),Second dose (cumu),Second dose pop. perc.,Third dose (daily),Third dose (cumu),Third dose pop. perc.,Fourth dose (daily),Fourth dose (cumu),Fourth dose pop. perc.
2020-12-19,0,0,100,46,70,0,0,4,0,0,0,0,0,0,0
2020-12-20,0,0,100,7396,7466,0.08,0,4,0,0,0,0,0,0,0
2020-12-21,0,0,100,24923,32389,0.35,0,4,0,0,0,0,0,0,0
2020-12-22,0,0,100,44668,77057,0.83,0,4,0,0,0,0,0,0,0
2020-12-23,0,0,100,62919,139976,1.51,0,4,0,0,0,0,0,0,0
2020-12-24,0,0,100,73430,213406,2.29,0,4,0,0,0,0,0,0,0
2020-12-25,0,0,100,38517,251923,2.71,0,4,0,0,0,0,0,0,0
2020-12-26,0,0,100,32617,284540,3.06,0,4,0,0,0,0,0,0,0
2020-12-27,0,0,100,104574,389114,4.18,0,4,0,0,0,0,0,0,0
2020-12-28,0,0,100,135041,524155,5.64,0,4,0,0,0,0,0,0,0
2020-12-29,0,0,100,156337,680492,7.32,2,6,0,0,0,0,0,0,0
2020-12-30,0,0,100,153188,833680,8.96,0,6,0,0,0,0,0,0,0
2020-12-31,0,0,100,158599,992279,10.67,0,6,0,0,0,0,0,0,0
2021-01-01,0,0,100,71435,1063714,11.44,0,6,0,0,0,0,0,0,0
2021-01-02,0,0,100,71743,1135457,12.21,0,6,0,0,0,0,0,0,0
2021-01-03,0,0,100,149765,1285222,13.82,0,6,0,0,0,0,0,0,0
2021-01-04,0,0,100,152204,1437426,15.46,1,7,0,0,0,0,0,0,0
2021-01-05,0,0,100,125221,1562647,16.8,4,11,0,0,0,0,0,0,0
2021-01-06,0,0,100,103373,1666020,17.92,2,13,0,0,0,0,0,0,0
2021-01-07,0,0,100,116063,1782083,19.16,9,22,0,0,0,0,0,0,0
2021-01-08,0,0,100,66464,1848547,19.88,5,27,0,0,0,0,0,0,0
2021-01-09,0,0,100,44553,1893100,20.36,24,51,0,0,0,0,0,0,0
2021-01-10,0,0,100,37649,1930749,20.76,6001,6052,0.07,0,0,0,0,0,0
2021-01-11,0,0,100,21175,1951924,20.99,19264,25316,0.27,0,0,0,0,0,0
2021-01-12,0,0,100,24075,1975999,21.25,35674,60990,0.66,0,0,0,0,0,0
2021-01-13,0,0,100,52079,2028078,21.81,56874,117864,1.27,0,0,0,0,0,0
2021-01-14,0,0,100,56480,2084558,22.42,68838,186702,2.01,0,0,0,0,0,0
2021-01-15,0,0,100,30775,2115333,22.75,35942,222644,2.39,0,0,0,0,0,0
2021-01-16,0,0,100,29481,2144814,23.06,26006,248650,2.67,0,0,0,0,0,0
2021-01-17,0.31,0,99.69,68444,2213258,23.8,84598,333248,3.58,0,0,0,0,0,0
2021-01-18,0.58,0,99.42,69819,2283077,24.55,120437,453685,4.88,0,0,0,0,0,0
2021-01-19,1.09,0,98.91,72897,2355974,25.34,137848,591533,6.36,0,0,0,0,0,0
2021-01-20,1.9,0,98.1,76920,2432894,26.16,143766,735299,7.91,0,0,0,0,0,0
2021-01-21,2.88,0,97.12,70007,2502901,26.91,164475,899774,9.68,0,0,0,0,0,0
2021-01-22,3.39,0,96.61,37931,2540832,27.32,71134,970908,10.44,0,0,0,0,0,0
2021-01-23,3.77,0,96.23,39965,2580797,27.75,53595,1024503,11.02,0,0,0,0,0,0
2021-01-24,4.96,0,95.04,69148,2649945,28.5,140708,1165211,12.53,0,0,0,0,0,0
2021-01-25,6.61,0,93.39,80944,2730889,29.37,139521,1304732,14.03,0,0,0,0,0,0
2021-01-26,8.45,0,91.55,78737,2809626,30.21,126445,1431177,15.39,0,0,0,0,0,0
2021-01-27,10.34,0,89.66,77982,2887608,31.05,125071,1556248,16.74,0,0,0,0,0,0
2021-01-28,12.43,0,87.57,79570,2967178,31.91,130632,1686880,18.14,0,0,0,0,0,0
2021-01-29,13.34,0,86.66,36704,3003882,32.3,64793,1751673,18.84,0,0,0,0,0,0
2021-01-30,14.02,0,85.98,34396,3038278,32.67,42767,1794440,19.3,0,0,0,0,0,0
2021-01-31,15.76,0,84.24,73331,3111609,33.46,59503,1853943,19.94,0,0,0,0,0,0
2021-02-01,17.48,0,82.52,82510,3194119,34.35,35356,1889299,20.32,0,0,0,0,0,0
2021-02-02,19.01,0,80.99,70106,3264225,35.1,31073,1920372,20.65,0,0,0,0,0,0
2021-02-03,20.47,0,79.53,60308,3324533,35.75,51445,1971817,21.2,0,0,0,0,0,0
2021-02-04,22,0,78,72640,3397173,36.53,58096,2029913,21.83,0,0,0,0,0,0
2021-02-05,22.75,0,77.25,33947,3431120,36.9,28805,2058718,22.14,0,0,0,0,0,0
2021-02-06,23.23,0,76.77,21622,3452742,37.13,22233,2080951,22.38,0,0,0,0,0,0
2021-02-07,23.99,0,76.01,54081,3506823,37.71,68744,2149695,23.12,0,0,0,0,0,0
2021-02-08,24.52,0,75.48,58644,3565467,38.34,65467,2215162,23.82,0,0,0,0,0,0
2021-02-09,25.04,0,74.96,66358,3631825,39.05,67579,2282741,24.55,0,0,0,0,0,0
2021-02-10,25.77,0,74.23,70570,3702395,39.81,72315,2355056,25.33,0,0,0,0,0,0
2021-02-11,26.61,0,73.39,81175,3783570,40.69,72113,2427169,26.1,0,0,0,0,0,0
2021-02-12,27.02,0,72.98,39111,3822681,41.11,37598,2464767,26.5,0,0,0,0,0,0
2021-02-13,27.33,0,72.67,27465,3850146,41.4,30441,2495208,26.83,0,0,0,0,0,0
2021-02-14,28.25,0,71.75,74917,3925063,42.21,69085,2564293,27.58,0,0,0,0,0,0
2021-02-15,29.17,0,70.83,81548,4006611,43.09,75722,2640015,28.39,0,0,0,0,0,0
2021-02-16,30.11,0,69.89,83422,4090033,43.98,78301,2718316,29.23,0,0,0,0,0,0
2021-02-17,31.01,0,68.99,61984,4152017,44.65,75645,2793961,30.04,0,0,0,0,0,0
2021-02-18,31.94,0,68.06,69159,4221176,45.39,79739,2873700,30.9,0,0,0,0,0,0
2021-02-19,32.45,0,67.55,39676,4260852,45.82,38162,2911862,31.31,0,0,0,0,0,0
2021-02-20,32.85,0,67.15,31650,4292502,46.16,28724,2940586,31.62,0,0,0,0,0,0
2021-02-21,33.8,0,66.2,79435,4371937,47.01,78446,3019032,32.47,0,0,0,0,0,0
2021-02-22,34.83,0,65.17,85056,4456993,47.93,80596,3099628,33.33,0,0,0,0,0,0
2021-02-23,35.84,0,64.16,77332,4534325,48.76,70485,3170113,34.09,0,0,0,0,0,0
2021-02-24,36.76,0,63.24,61066,4595391,49.42,63144,3233257,34.77,0,0,0,0,0,0
2021-02-25,37.66,0,62.34,51729,4647120,49.97,64810,3298067,35.47,0,0,0,0,0,0
2021-02-26,38.1,0,61.9,25912,4673032,50.25,32046,3330113,35.81,0,0,0,0,0,0
2021-02-27,38.42,0,61.58,18353,4691385,50.45,21197,3351310,36.04,0,0,0,0,0,0
2021-02-28,39.24,0,60.76,40364,4731749,50.88,55874,3407184,36.64,0,0,0,0,0,0
2021-03-01,40.1,0,59.9,45752,4777501,51.37,61445,3468629,37.3,0,0,0,0,0,0
2021-03-02,40.85,0,59.15,41202,4818703,51.82,64800,3533429,38,0,0,0,0,0,0
2021-03-03,41.55,0,58.45,42035,4860738,52.27,66794,3600223,38.71,0,0,0,0,0,0
2021-03-04,42.24,0,57.76,39719,4900457,52.7,79126,3679349,39.57,0,0,0,0,0,0
2021-03-05,42.57,0,57.43,17369,4917826,52.88,40471,3719820,40,0,0,0,0,0,0
2021-03-06,42.78,0,57.22,10722,4928548,53,25349,3745169,40.27,0,0,0,0,0,0
2021-03-07,43.36,0,56.64,31156,4959704,53.33,72847,3818016,41.06,0,0,0,0,0,0
2021-03-08,43.97,0,56.03,27387,4987091,53.63,73295,3891311,41.85,0,0,0,0,0,0
2021-03-09,44.62,0,55.38,26756,5013847,53.92,76604,3967915,42.67,0,0,0,0,0,0
2021-03-10,45.27,0,54.73,23373,5037220,54.17,58685,4026600,43.3,0,0,0,0,0,0
2021-03-11,45.99,0,54.01,23307,5060527,54.42,69098,4095698,44.04,0,0,0,0,0,0
2021-03-12,46.34,0,53.66,11296,5071823,54.54,41418,4137116,44.49,0,0,0,0,0,0
2021-03-13,46.57,0,53.43,7952,5079775,54.63,25239,4162355,44.76,0,0,0,0,0,0
2021-03-14,47.2,0,52.8,20991,5100766,54.85,73935,4236290,45.55,0,0,0,0,0,0
2021-03-15,47.81,0,52.19,20151,5120917,55.07,78281,4314571,46.4,0,0,0,0,0,0
2021-03-16,48.43,0,51.57,18759,5139676,55.27,71480,4386051,47.17,0,0,0,0,0,0
2021-03-17,48.92,0,51.08,17704,5157380,55.46,59009,4445060,47.8,0,0,0,0,0,0
2021-03-18,49.45,0,50.55,16050,5173430,55.63,58125,4503185,48.43,0,0,0,0,0,0
2021-03-19,49.75,0,50.25,6956,5180386,55.71,27980,4531165,48.73,0,0,0,0,0,0
2021-03-20,49.93,0,50.07,5227,5185613,55.76,15302,4546467,48.89,0,0,0,0,0,0
2021-03-21,50.46,0,49.54,13172,5198785,55.91,40510,4586977,49.33,0,0,0,0,0,0
2021-03-22,51,0,49,13582,5212367,56.05,40542,4627519,49.76,0,0,0,0,0,0
2021-03-23,51.43,0,48.57,2846,5215213,56.08,7303,4634822,49.84,0,0,0,0,0,0
2021-03-24,51.84,0,48.16,11007,5226220,56.2,46560,4681382,50.34,0,0,0,0,0,0
2021-03-25,52.22,0,47.78,10273,5236493,56.31,35440,4716822,50.72,0,0,0,0,0,0
2021-03-26,52.4,0,47.6,4186,5240679,56.36,13333,4730155,50.87,0,0,0,0,0,0
2021-03-27,52.5,0,47.5,1787,5242466,56.37,4269,4734424,50.91,0,0,0,0,0,0
2021-03-28,52.74,0,47.26,2113,5244579,56.4,4611,4739035,50.96,0,0,0,0,0,0
2021-03-29,53,0,47,6918,5251497,56.47,30017,4769052,51.28,0,0,0,0,0,0
2021-03-30,53.08,0,46.92,7895,5259392,56.56,22454,4791506,51.53,0,0,0,0,0,0
2021-03-31,53.38,0,46.62,8154,5267546,56.64,19502,4811008,51.74,0,0,0,0,0,0
2021-04-01,53.62,0,46.38,8220,5275766,56.73,18703,4829711,51.94,0,0,0,0,0,0
2021-04-02,53.71,0,46.29,2946,5278712,56.76,8131,4837842,52.02,0,0,0,0,0,0
2021-04-03,53.74,0,46.26,1432,5280144,56.78,2983,4840825,52.06,0,0,0,0,0,0
2021-04-04,53.82,0,46.18,9618,5289762,56.88,22832,4863657,52.3,0,0,0,0,0,0
2021-04-05,54.04,0,45.96,10364,5300126,56.99,21277,4884934,52.53,0,0,0,0,0,0
2021-04-06,54.21,0,45.79,9034,5309160,57.09,16794,4901728,52.71,0,0,0,0,0,0
2021-04-07,54.36,0,45.64,8932,5318092,57.19,15313,4917041,52.88,0,0,0,0,0,0
2021-04-08,54.52,0,45.48,9430,5327522,57.29,17017,4934058,53.06,0,0,0,0,0,0
2021-04-09,54.58,0,45.42,3608,5331130,57.33,6259,4940317,53.13,0,0,0,0,0,0
2021-04-10,54.61,0,45.39,1636,5332766,57.35,3520,4943837,53.16,0,0,0,0,0,0
2021-04-11,54.78,0,45.22,9045,5341811,57.44,14249,4958086,53.32,0,0,0,0,0,0
2021-04-12,54.95,0,45.05,8936,5350747,57.54,13236,4971322,53.46,0,0,0,0,0,0
2021-04-13,55.08,0,44.92,5841,5356588,57.6,4960,4976282,53.51,0,0,0,0,0,0
2021-04-14,55.18,0,44.82,3651,5360239,57.64,5312,4981594,53.57,0,0,0,0,0,0
2021-04-15,55.27,0,44.73,698,5360937,57.65,582,4982176,53.58,0,0,0,0,0,0
2021-04-16,55.33,0,44.67,3419,5364356,57.69,6652,4988828,53.65,0,0,0,0,0,0
2021-04-17,55.35,0,44.65,822,5365178,57.69,1973,4990801,53.67,0,0,0,0,0,0
2021-04-18,55.47,0,44.53,7099,5372277,57.77,7433,4998234,53.75,0,0,0,0,0,0
2021-04-19,55.58,0,44.42,6407,5378684,57.84,7134,5005368,53.83,0,0,0,0,0,0
2021-04-20,55.65,0,44.35,6286,5384970,57.91,6889,5012257,53.9,0,0,0,0,0,0
2021-04-21,55.71,0,44.29,6381,5391351,57.98,7112,5019369,53.98,0,0,0,0,0,0
2021-04-22,55.75,0,44.25,5951,5397302,58.04,7690,5027059,54.06,0,0,0,0,0,0
2021-04-23,55.8,0,44.2,2768,5400070,58.07,3391,5030450,54.1,0,0,0,0,0,0
2021-04-24,55.82,0,44.18,768,5400838,58.08,1290,5031740,54.11,0,0,0,0,0,0
2021-04-25,55.89,0,44.11,4828,5405666,58.13,6925,5038665,54.18,0,0,0,0,0,0
2021-04-26,55.96,0,44.04,5479,5411145,58.19,7889,5046554,54.27,0,0,0,0,0,0
2021-04-27,56.03,0,43.97,4507,5415652,58.24,6627,5053181,54.34,0,0,0,0,0,0
2021-04-28,56.09,0,43.91,4501,5420153,58.29,7334,5060515,54.42,0,0,0,0,0,0
2021-04-29,56.16,0,43.84,4377,5424530,58.33,7295,5067810,54.5,0,0,0,0,0,0
2021-04-30,56.19,0,43.81,1924,5426454,58.35,3202,5071012,54.53,0,0,0,0,0,0
2021-05-01,56.2,0,43.8,458,5426912,58.36,895,5071907,54.54,0,0,0,0,0,0
2021-05-02,56.26,0,43.74,3225,5430137,58.39,6092,5077999,54.61,0,0,0,0,0,0
2021-05-03,56.32,0,43.68,3535,5433672,58.43,5835,5083834,54.67,0,0,0,0,0,0
2021-05-04,56.38,0,43.62,3593,5437265,58.47,4736,5088570,54.72,0,0,0,0,0,0
2021-05-05,56.44,0,43.56,3292,5440557,58.51,4093,5092663,54.76,0,0,0,0,0,0
2021-05-06,56.5,0,43.5,3644,5444201,58.54,3144,5095807,54.8,0,0,0,0,0,0
2021-05-07,56.52,0,43.48,1846,5446047,58.56,2509,5098316,54.82,0,0,0,0,0,0
2021-05-08,56.53,0,43.47,243,5446290,58.57,507,5098823,54.83,0,0,0,0,0,0
2021-05-09,56.58,0,43.42,2851,5449141,58.6,4751,5103574,54.88,0,0,0,0,0,0
2021-05-10,56.63,0,43.37,2897,5452038,58.63,4715,5108289,54.93,0,0,0,0,0,0
2021-05-11,56.67,0,43.33,2622,5454660,58.66,3881,5112170,54.97,0,0,0,0,0,0
2021-05-12,56.7,0,43.3,2033,5456693,58.68,3342,5115512,55.01,0,0,0,0,0,0
2021-05-13,56.73,0,43.27,2043,5458736,58.7,3687,5119199,55.05,0,0,0,0,0,0
2021-05-14,56.75,0,43.25,978,5459714,58.71,1494,5120693,55.07,0,0,0,0,0,0
2021-05-15,56.75,0,43.25,257,5459971,58.71,259,5120952,55.07,0,0,0,0,0,0
2021-05-16,56.78,0,43.22,529,5460500,58.72,1206,5122158,55.08,0,0,0,0,0,0
2021-05-17,56.81,0,43.19,302,5460802,58.72,848,5123006,55.09,0,0,0,0,0,0
2021-05-18,56.84,0,43.16,1963,5462765,58.74,4939,5127945,55.14,0,0,0,0,0,0
2021-05-19,56.87,0,43.13,2232,5464997,58.77,5042,5132987,55.2,0,0,0,0,0,0
2021-05-20,56.9,0,43.1,2312,5467309,58.79,3880,5136867,55.24,0,0,0,0,0,0
2021-05-21,56.92,0,43.08,1194,5468503,58.81,1414,5138281,55.25,0,0,0,0,0,0
2021-05-22,56.92,0,43.08,206,5468709,58.81,396,5138677,55.26,0,0,0,0,0,0
2021-05-23,56.94,0,43.06,2272,5470981,58.83,3216,5141893,55.29,0,0,0,0,0,0
2021-05-24,56.96,0,43.04,2139,5473120,58.86,3596,5145489,55.33,0,0,0,0,0,0
2021-05-25,56.99,0,43.01,1822,5474942,58.87,2588,5148077,55.36,0,0,0,0,0,0
2021-05-26,57.03,0,42.97,1413,5476355,58.89,2504,5150581,55.39,0,0,0,0,0,0
2021-05-27,57.06,0,42.94,1865,5478220,58.91,3188,5153769,55.42,0,0,0,0,0,0
2021-05-28,57.07,0,42.93,791,5479011,58.92,1406,5155175,55.44,0,0,0,0,0,0
2021-05-29,57.07,0,42.93,191,5479202,58.92,226,5155401,55.44,0,0,0,0,0,0
2021-05-30,57.1,0,42.9,1645,5480847,58.94,1937,5157338,55.46,0,0,0,0,0,0
2021-05-31,57.13,0,42.87,1740,5482587,58.96,2093,5159431,55.48,0,0,0,0,0,0
2021-06-01,57.47,0,42.53,1385,5483972,58.97,1823,5161254,55.5,0,0,0,0,0,0
2021-06-02,57.25,0,42.75,1514,5485486,58.99,1610,5162864,55.52,0,0,0,0,0,0
2021-06-03,57.27,0,42.73,1685,5487171,59.01,1493,5164357,55.53,0,0,0,0,0,0
2021-06-04,57.28,0,42.72,1102,5488273,59.02,784,5165141,55.54,0,0,0,0,0,0
2021-06-05,57.29,0,42.71,184,5488457,59.02,159,5165300,55.55,0,0,0,0,0,0
2021-06-06,57.31,0,42.69,4293,5492750,59.07,1002,5166302,55.56,0,0,0,0,0,0
2021-06-07,57.34,0,42.66,4439,5497189,59.11,814,5167116,55.56,0,0,0,0,0,0
2021-06-08,57.36,0,42.64,3739,5500928,59.15,1175,5168291,55.58,0,0,0,0,0,0
2021-06-09,57.4,0,42.6,3615,5504543,59.19,1331,5169622,55.59,0,0,0,0,0,0
2021-06-10,57.42,0,42.58,3364,5507907,59.23,1300,5170922,55.61,0,0,0,0,0,0
2021-06-11,57.43,0,42.57,1401,5509308,59.24,590,5171512,55.61,0,0,0,0,0,0
2021-06-12,57.43,0,42.57,222,5509530,59.25,173,5171685,55.61,0,0,0,0,0,0
2021-06-13,57.45,0,42.55,3101,5512631,59.28,1260,5172945,55.63,0,0,0,0,0,0
2021-06-14,57.46,0,42.54,3057,5515688,59.31,1532,5174477,55.64,0,0,0,0,0,0
2021-06-15,57.48,0,42.52,3136,5518824,59.35,1377,5175854,55.66,0,0,0,0,0,0
2021-06-16,57.49,0,42.51,2733,5521557,59.38,1003,5176857,55.67,0,0,0,0,0,0
2021-06-17,57.51,0,42.49,2733,5524290,59.41,1209,5178066,55.68,0,0,0,0,0,0
2021-06-18,57.52,0,42.48,1269,5525559,59.42,506,5178572,55.69,0,0,0,0,0,0
2021-06-19,57.52,0,42.48,242,5525801,59.42,139,5178711,55.69,0,0,0,0,0,0
2021-06-20,57.54,0,42.46,3317,5529118,59.46,1330,5180041,55.7,0,0,0,0,0,0
2021-06-21,57.56,0,42.44,5250,5534368,59.51,1218,5181259,55.72,0,0,0,0,0,0
2021-06-22,57.58,0,42.42,6935,5541303,59.59,1099,5182358,55.73,0,0,0,0,0,0
2021-06-23,57.6,0,42.4,10761,5552064,59.7,1304,5183662,55.74,0,0,0,0,0,0
2021-06-24,57.62,0,42.38,12051,5564115,59.83,1466,5185128,55.76,0,0,0,0,0,0
2021-06-25,57.62,0,42.38,7117,5571232,59.91,944,5186072,55.77,0,0,0,0,0,0
2021-06-26,57.63,0,42.37,2277,5573509,59.93,200,5186272,55.77,0,0,0,0,0,0
2021-06-27,57.65,0,42.35,13632,5587141,60.08,3437,5189709,55.81,0,0,0,0,0,0
2021-06-28,57.68,0,42.32,14518,5601659,60.24,3675,5193384,55.85,0,0,0,0,0,0
2021-06-29,57.69,0,42.31,16711,5618370,60.42,3745,5197129,55.89,0,0,0,0,0,0
2021-06-30,57.72,0,42.28,16486,5634856,60.59,3396,5200525,55.92,0,0,0,0,0,0
2021-07-01,57.78,0,42.22,16837,5651693,60.78,3380,5203905,55.96,121,121,0,0,0,0
2021-07-02,57.79,0,42.21,9836,5661529,60.88,1609,5205514,55.98,7,128,0,0,0,0
2021-07-03,57.79,0,42.21,2678,5664207,60.91,300,5205814,55.98,1,129,0,0,0,0
2021-07-04,57.85,0,42.15,17735,5681942,61.1,3161,5208975,56.01,2,131,0,0,0,0
2021-07-05,57.91,0,42.09,17850,5699792,61.29,3046,5212021,56.05,7,138,0,0,0,0
2021-07-06,57.99,0,42.01,17848,5717640,61.48,3410,5215431,56.08,11,149,0,0,0,0
2021-07-07,58.05,0,41.95,15531,5733171,61.65,2703,5218134,56.11,12,161,0,0,0,0
2021-07-08,58.12,0,41.88,16588,5749759,61.83,2882,5221016,56.14,17,178,0,0,0,0
2021-07-09,58.15,0,41.85,11125,5760884,61.95,1535,5222551,56.16,4,182,0,0,0,0
2021-07-10,58.15,0,41.85,4989,5765873,62,391,5222942,56.16,6,188,0,0,0,0
2021-07-11,58.22,0,41.78,1456,5767329,62.02,2847,5225789,56.2,8,196,0,0,0,0
2021-07-12,58.29,0,41.71,2427,5769756,62.05,3695,5229484,56.24,56,252,0,0,0,0
2021-07-13,58.36,0,41.64,2965,5772721,62.08,5460,5234944,56.29,124,376,0,0,0,0
2021-07-14,58.42,0,41.58,2747,5775468,62.11,7534,5242478,56.38,441,817,0.01,0,0,0
2021-07-15,58.5,0,41.5,3009,5778477,62.14,9302,5251780,56.48,374,1191,0.01,0,0,0
2021-07-16,58.54,0,41.46,1296,5779773,62.15,5898,5257678,56.54,66,1257,0.01,0,0,0
2021-07-17,58.55,0,41.44,372,5780145,62.16,1393,5259071,56.55,8,1265,0.01,0,0,0
2021-07-18,58.6,0,41.4,2074,5782219,62.18,9769,5268840,56.66,235,1500,0.02,0,0,0
2021-07-19,58.65,0,41.35,3211,5785430,62.21,11346,5280186,56.78,461,1961,0.02,0,0,0
2021-07-20,58.72,0,41.28,2690,5788120,62.24,11914,5292100,56.91,373,2334,0.03,0,0,0
2021-07-21,58.81,0,41.19,2408,5790528,62.27,11880,5303980,57.04,325,2659,0.03,0,0,0
2021-07-22,58.93,0,41.07,2877,5793405,62.3,13278,5317258,57.18,391,3050,0.03,0,0,0
2021-07-23,58.99,0,41.01,2038,5795443,62.32,8250,5325508,57.27,106,3156,0.03,0,0,0
2021-07-24,58.99,0,41,645,5796088,62.33,1486,5326994,57.28,7,3163,0.03,0,0,0
2021-07-25,59.1,0,40.89,4416,5800504,62.38,15499,5342493,57.45,223,3386,0.04,0,0,0
2021-07-26,59.24,0,40.75,5173,5805677,62.43,13533,5356026,57.6,325,3711,0.04,0,0,0
2021-07-27,59.37,0.01,40.62,5493,5811170,62.49,13579,5369605,57.74,414,4125,0.04,0,0,0
2021-07-28,59.5,0.01,40.49,3990,5815160,62.53,12345,5381950,57.87,472,4597,0.05,0,0,0
2021-07-29,59.65,0.01,40.33,4665,5819825,62.58,14200,5396150,58.03,532,5129,0.06,0,0,0
2021-07-30,59.74,0.02,40.25,2657,5822482,62.61,10856,5407006,58.14,4122,9251,0.1,0,0,0
2021-07-31,59.75,0.02,40.23,1407,5823889,62.63,3553,5410559,58.18,6159,15410,0.17,0,0,0
2021-08-01,59.91,0.02,40.06,3078,5826967,62.66,3366,5413925,58.22,31047,46457,0.5,0,0,0
2021-08-02,60.06,0.03,39.91,3134,5830101,62.69,3175,5417100,58.25,58514,104971,1.13,0,0,0
2021-08-03,60.21,0.03,39.76,3386,5833487,62.73,3330,5420430,58.29,78953,183924,1.98,0,0,0
2021-08-04,60.34,0.03,39.63,3534,5837021,62.77,3255,5423685,58.32,80764,264688,2.85,0,0,0
2021-08-05,60.49,0.04,39.47,4515,5841536,62.82,3570,5427255,58.36,88442,353130,3.8,0,0,0
2021-08-06,60.6,0.04,39.36,2437,5843973,62.84,1862,5429117,58.38,44744,397874,4.28,0,0,0
2021-08-07,60.63,0.04,39.32,1034,5845007,62.85,700,5429817,58.39,27353,425227,4.57,0,0,0
2021-08-08,60.68,0.04,39.28,4991,5849998,62.91,3082,5432899,58.42,80087,505314,5.43,0,0,0
2021-08-09,60.72,0.04,39.24,5341,5855339,62.97,3063,5435962,58.46,76489,581803,6.26,0,0,0
2021-08-10,60.75,0.04,39.2,5554,5860893,63.03,3206,5439168,58.49,75427,657230,7.07,0,0,0
2021-08-11,60.79,0.04,39.17,5695,5866588,63.09,2947,5442115,58.52,62641,719871,7.74,0,0,0
2021-08-12,60.83,0.04,39.12,7039,5873627,63.16,3290,5445405,58.56,59462,779333,8.38,0,0,0
2021-08-13,60.84,0.05,39.11,3821,5877448,63.2,2074,5447479,58.58,43870,823203,8.85,0,0,0
2021-08-14,60.85,0.05,39.1,2254,5879702,63.23,853,5448332,58.59,44486,867689,9.33,0,0,0
2021-08-15,60.89,0.05,39.06,7145,5886847,63.3,4530,5452862,58.64,97985,965674,10.38,0,0,0
2021-08-16,60.92,0.04,39.03,6991,5893838,63.38,4749,5457611,58.69,89521,1055195,11.35,0,0,0
2021-08-17,60.96,0.04,39,7573,5901411,63.46,5138,5462749,58.74,83320,1138515,12.24,0,0,0
2021-08-18,60.99,0.04,38.96,8643,5910054,63.55,4603,5467352,58.79,69267,1207782,12.99,0,0,0
2021-08-19,61.03,0.04,38.92,10082,5920136,63.66,5217,5472569,58.85,65975,1273757,13.7,0,0,0
2021-08-20,61.05,0.05,38.9,4768,5924904,63.71,2827,5475396,58.88,60453,1334210,14.35,0,0,0
2021-08-21,61.06,0.05,38.89,3499,5928403,63.75,1580,5476976,58.9,50725,1384935,14.89,0,0,0
2021-08-22,61.12,0.04,38.84,9824,5938227,63.86,4808,5481784,58.95,105110,1490045,16.02,0,0,0
2021-08-23,61.17,0.04,38.79,10923,5949150,63.97,4448,5486232,59,94033,1584078,17.03,0,0,0
2021-08-24,61.23,0.04,38.73,11723,5960873,64.1,4703,5490935,59.05,98555,1682633,18.09,0,0,0
2021-08-25,61.29,0.04,38.67,9613,5970486,64.2,4485,5495420,59.09,99556,1782189,19.16,0,0,0
2021-08-26,61.36,0.03,38.61,10109,5980595,64.31,5059,5500479,59.15,101231,1883420,20.25,0,0,0
2021-08-27,61.35,0.04,38.61,4326,5984921,64.36,2788,5503267,59.18,56695,1940115,20.86,0,0,0
2021-08-28,61.4,0.04,38.57,3702,5988623,64.4,1500,5504767,59.2,33539,1973654,21.22,0,0,0
2021-08-29,61.46,0.03,38.5,10322,5998945,64.51,5932,5510699,59.26,79550,2053204,22.08,0,0,0
2021-08-30,61.53,0.03,38.44,12335,6011280,64.64,7017,5517716,59.33,116008,2169212,23.33,0,0,0
2021-08-31,61.6,0.03,38.37,12077,6023357,64.77,6529,5524245,59.4,114878,2284090,24.56,0,0,0
2021-09-01,61.43,0.03,38.54,9033,6032390,64.87,6043,5530288,59.47,112492,2396582,25.77,0,0,0
2021-09-02,61.49,0.03,38.48,8785,6041175,64.96,7182,5537470,59.55,111545,2508127,26.97,0,0,0
2021-09-03,61.56,0.03,38.42,3751,6044926,65,4116,5541586,59.59,58885,2567012,27.6,0,0,0
2021-09-04,61.59,0.03,38.38,2691,6047617,65.03,2023,5543609,59.61,29953,2596965,27.93,0,0,0
2021-09-05,61.68,0.03,38.29,6991,6054608,65.11,6460,5550069,59.68,73326,2670291,28.72,0,0,0
2021-09-06,61.77,0.03,38.2,2836,6057444,65.14,2718,5552787,59.71,22798,2693089,28.96,0,0,0
2021-09-07,61.85,0.03,38.12,1201,6058645,65.15,879,5553666,59.72,5398,2698487,29.02,0,0,0
2021-09-08,61.93,0.03,38.05,1380,6060025,65.17,1196,5554862,59.73,6621,2705108,29.09,0,0,0
2021-09-09,62.02,0.03,37.95,7093,6067118,65.24,12573,5567435,59.87,73845,2778953,29.88,0,0,0
2021-09-10,62.06,0.03,37.91,3258,6070376,65.28,5016,5572451,59.92,37938,2816891,30.29,0,0,0
2021-09-11,62.08,0.03,37.89,2109,6072485,65.3,2509,5574960,59.95,14816,2831707,30.45,0,0,0
2021-09-12,62.16,0.03,37.81,6106,6078591,65.37,8589,5583549,60.04,54136,2885843,31.03,0,0,0
2021-09-13,62.15,0.03,37.82,5611,6084202,65.43,8265,5591814,60.13,47983,2933826,31.55,0,0,0
2021-09-14,62.2,0.03,37.77,4963,6089165,65.48,7424,5599238,60.21,48856,2982682,32.07,0,0,0
2021-09-15,62.25,0.03,37.72,1750,6090915,65.5,2718,5601956,60.24,16687,2999369,32.25,0,0,0
2021-09-16,62.37,0.03,37.6,343,6091258,65.5,549,5602505,60.25,1740,3001109,32.27,0,0,0
2021-09-17,62.42,0.03,37.54,3683,6094941,65.54,7022,5609527,60.32,42905,3044014,32.73,0,0,0
2021-09-18,62.45,0.03,37.52,2258,6097199,65.57,2946,5612473,60.35,12783,3056797,32.87,0,0,0
2021-09-19,62.55,0.03,37.42,5942,6103141,65.63,10712,5623185,60.47,44332,3101129,33.35,0,0,0
2021-09-20,62.63,0.03,37.34,3246,6106387,65.67,4646,5627831,60.52,16708,3117837,33.53,0,0,0
2021-09-21,62.69,0.03,37.28,1340,6107727,65.68,2066,5629897,60.54,3477,3121314,33.57,0,0,0
2021-09-22,62.72,0.03,37.25,4260,6111987,65.73,7250,5637147,60.62,25072,3146386,33.83,0,0,0
2021-09-23,62.75,0.03,37.22,4390,6116377,65.77,5916,5643063,60.68,27834,3174220,34.13,0,0,0
2021-09-24,62.82,0.03,37.15,3202,6119579,65.81,4185,5647248,60.73,27723,3201943,34.43,0,0,0
2021-09-25,62.85,0.03,37.12,2080,6121659,65.83,2263,5649511,60.75,10443,3212386,34.54,0,0,0
2021-09-26,62.96,0.03,37,5603,6127262,65.89,5973,5655484,60.82,36271,3248657,34.93,0,0,0
2021-09-27,63.02,0.03,36.94,4695,6131957,65.94,4469,5659953,60.86,30457,3279114,35.26,0,0,0
2021-09-28,63.06,0.04,36.91,1472,6133429,65.96,1184,5661137,60.88,6249,3285363,35.33,0,0,0
2021-09-29,63.13,0.03,36.84,9622,6143051,66.06,8349,5669486,60.97,60325,3345688,35.98,0,0,0
2021-09-30,63.18,0.03,36.79,10976,6154027,66.18,8579,5678065,61.06,79702,3425390,36.84,0,0,0
2021-10-01,63.23,0.03,36.73,5126,6159153,66.23,3875,5681940,61.1,46546,3471936,37.34,0,0,0
2021-10-02,63.26,0.03,36.71,2865,6162018,66.26,2127,5684067,61.12,22432,3494368,37.58,0,0,0
2021-10-03,63.35,0.03,36.62,11667,6173685,66.39,7276,5691343,61.2,70726,3565094,38.34,0,0,0
2021-10-04,63.4,0.03,36.57,10320,6184005,66.5,6759,5698102,61.27,51913,3617007,38.9,0,0,0
2021-10-05,63.41,0.03,36.55,8461,6192466,66.59,5314,5703416,61.33,40479,3657486,39.33,0,0,0
2021-10-06,63.52,0.03,36.45,7543,6200009,66.67,4185,5707601,61.38,34150,3691636,39.7,0,0,0
2021-10-07,63.63,0.03,36.34,6894,6206903,66.75,4009,5711610,61.42,34068,3725704,40.06,0,0,0
2021-10-08,63.68,0.03,36.29,3086,6209989,66.78,2643,5714253,61.45,19250,3744954,40.27,0,0,0
2021-10-09,63.71,0.03,36.26,1341,6211330,66.79,1444,5715697,61.46,7441,3752395,40.35,0,0,0
2021-10-10,63.82,0.04,36.14,4676,6216006,66.84,3747,5719444,61.5,21519,3773914,40.58,0,0,0
2021-10-11,63.91,0.04,36.05,4299,6220305,66.89,2944,5722388,61.54,17269,3791183,40.77,0,0,0
2021-10-12,63.99,0.05,35.96,3977,6224282,66.93,3007,5725395,61.57,15357,3806540,40.93,0,0,0
2021-10-13,64.09,0.05,35.86,3487,6227769,66.97,2451,5727846,61.59,13587,3820127,41.08,0,0,0
2021-10-14,64.19,0.06,35.75,3870,6231639,67.01,2685,5730531,61.62,16567,3836694,41.26,0,0,0
2021-10-15,64.23,0.07,35.7,1703,6233342,67.03,1685,5732216,61.64,9010,3845704,41.35,0,0,0
2021-10-16,64.25,0.08,35.67,727,6234069,67.04,956,5733172,61.65,4035,3849739,41.4,0,0,0
2021-10-17,64.36,0.09,35.56,3090,6237159,67.07,2525,5735697,61.68,12798,3862537,41.54,0,0,0
2021-10-18,64.43,0.1,35.47,2460,6239619,67.1,1691,5737388,61.7,10069,3872606,41.64,0,0,0
2021-10-19,64.49,0.1,35.4,2398,6242017,67.12,1284,5738672,61.71,9294,3881900,41.74,0,0,0
2021-10-20,64.14,0.52,35.34,2435,6244452,67.15,2305,5740977,61.74,10102,3892002,41.85,0,0,0
2021-10-21,54.23,10.41,35.36,3034,6247486,67.18,3097,5744074,61.77,12163,3904165,41.98,0,0,0
2021-10-22,54.36,10.26,35.38,1279,6248765,67.2,1437,5745511,61.78,5840,3910005,42.05,0,0,0
2021-10-23,54.42,10.19,35.39,574,6249339,67.2,1266,5746777,61.8,2564,3912569,42.07,0,0,0
2021-10-24,54.22,10.43,35.35,2517,6251856,67.23,2653,5749430,61.83,9855,3922424,42.18,0,0,0
2021-10-25,54.59,10.22,35.19,2638,6254494,67.26,2752,5752182,61.86,8511,3930935,42.27,0,0,0
2021-10-26,54.64,10.26,35.1,2381,6256875,67.28,2059,5754241,61.88,8529,3939464,42.36,0,0,0
2021-10-27,54.58,10.37,35.06,2292,6259167,67.31,2566,5756807,61.91,7959,3947423,42.45,0,0,0
2021-10-28,54.69,10.76,34.55,2503,6261670,67.33,2782,5759589,61.94,8674,3956097,42.54,0,0,0
2021-10-29,54.73,10.75,34.52,901,6262571,67.34,1154,5760743,61.95,4138,3960235,42.59,0,0,0
2021-10-30,54.68,10.81,34.52,366,6262937,67.35,530,5761273,61.95,1712,3961947,42.6,0,0,0
2021-10-31,54.83,10.7,34.47,2261,6265198,67.37,2495,5763768,61.98,8256,3970203,42.69,0,0,0
2021-11-01,54.95,10.63,34.42,1737,6266935,67.39,2093,5765861,62,6480,3976683,42.76,0,0,0
2021-11-02,54.89,10.69,34.42,2026,6268961,67.41,2048,5767909,62.03,6296,3982979,42.83,0,0,0
2021-11-03,54.86,10.75,34.39,1764,6270725,67.43,1897,5769806,62.05,5556,3988535,42.89,0,0,0
2021-11-04,54.85,10.81,34.33,2111,6272836,67.45,2802,5772608,62.08,7132,3995667,42.97,0,0,0
2021-11-05,54.85,10.83,34.32,790,6273626,67.46,905,5773513,62.09,3487,3999154,43,0,0,0
2021-11-06,54.82,10.86,34.32,347,6273973,67.47,389,5773902,62.09,1375,4000529,43.02,0,0,0
2021-11-07,54.92,10.8,34.28,1578,6275551,67.48,1769,5775671,62.11,6134,4006663,43.09,0,0,0
2021-11-08,55.01,10.75,34.24,1519,6277070,67.5,1603,5777274,62.13,5406,4012069,43.14,0,0,0
2021-11-09,55.05,10.74,34.21,1428,6278498,67.52,1611,5778885,62.14,5332,4017401,43.2,0,0,0
2021-11-10,55.08,10.73,34.19,1424,6279922,67.53,1661,5780546,62.16,4779,4022180,43.25,0,0,0
2021-11-11,55.15,10.69,34.15,1628,6281550,67.55,1947,5782493,62.18,5717,4027897,43.31,0,0,0
2021-11-12,55.17,10.69,34.14,637,6282187,67.56,826,5783319,62.19,2925,4030822,43.35,0,0,0
2021-11-13,55.14,10.72,34.14,257,6282444,67.56,290,5783609,62.19,1130,4031952,43.36,0,0,0
2021-11-14,55.21,10.68,34.11,1536,6283980,67.57,1639,5785248,62.21,5111,4037063,43.41,0,0,0
2021-11-15,55.28,10.63,34.09,1275,6285255,67.59,1626,5786874,62.23,4770,4041833,43.46,0,0,0
2021-11-16,55.32,10.62,34.07,1275,6286530,67.6,1417,5788291,62.24,4349,4046182,43.51,0,0,0
2021-11-17,55.35,10.6,34.05,1208,6287738,67.62,1566,5789857,62.26,3915,4050097,43.55,0,0,0
2021-11-18,55.41,10.58,34.02,1364,6289102,67.63,1692,5791549,62.28,5012,4055109,43.61,0,0,0
2021-11-19,55.42,10.57,34.01,588,6289690,67.64,763,5792312,62.29,2460,4057569,43.63,0,0,0
2021-11-20,55.41,10.58,34,238,6289928,67.64,258,5792570,62.29,929,4058498,43.64,0,0,0
2021-11-21,55.47,10.54,33.98,1409,6291337,67.65,1542,5794112,62.31,4881,4063379,43.7,0,0,0
2021-11-22,55.54,10.5,33.96,1680,6293017,67.67,1523,5795635,62.32,4238,4067617,43.74,0,0,0
2021-11-23,55.57,10.48,33.95,8622,6301639,67.76,1688,5797323,62.34,4011,4071628,43.78,0,0,0
2021-11-24,55.6,10.44,33.95,9350,6310989,67.87,1319,5798642,62.36,3924,4075552,43.83,0,0,0
2021-11-25,55.64,10.43,33.93,9812,6320801,67.97,1600,5800242,62.37,4841,4080393,43.88,0,0,0
2021-11-26,55.63,10.45,33.92,5610,6326411,68.03,748,5800990,62.38,2805,4083198,43.91,0,0,0
2021-11-27,55.62,10.46,33.92,4779,6331190,68.08,324,5801314,62.38,1164,4084362,43.92,0,0,0
2021-11-28,55.67,10.43,33.9,10152,6341342,68.19,1481,5802795,62.4,4904,4089266,43.97,0,0,0
2021-11-29,55.73,10.39,33.88,9043,6350385,68.29,1133,5803928,62.41,4376,4093642,44.02,0,0,0
2021-11-30,55.77,10.37,33.86,10044,6360429,68.4,1036,5804964,62.42,4084,4097726,44.06,0,0,0
2021-12-01,55.79,10.36,33.84,8632,6369061,68.49,1097,5806061,62.44,4444,4102170,44.11,5,5,0
2021-12-02,55.84,10.34,33.82,9178,6378239,68.59,1456,5807517,62.45,5125,4107295,44.17,6,11,0
2021-12-03,55.86,10.33,33.81,6333,6384572,68.66,673,5808190,62.46,2868,4110163,44.2,1,12,0
2021-12-04,55.85,10.34,33.81,2509,6387081,68.68,238,5808428,62.46,925,4111088,44.21,3,15,0
2021-12-05,55.9,10.31,33.79,8335,6395416,68.77,1254,5809682,62.47,4683,4115771,44.26,1,16,0
2021-12-06,55.95,10.27,33.78,6723,6402139,68.85,1200,5810882,62.49,4351,4120122,44.31,4,20,0
2021-12-07,55.99,10.25,33.76,5553,6407692,68.91,1505,5812387,62.5,3965,4124087,44.35,9,29,0
2021-12-08,56.03,10.22,33.75,4936,6412628,68.96,1200,5813587,62.52,3884,4127971,44.39,10,39,0
2021-12-09,56.08,10.19,33.73,6239,6418867,69.03,1241,5814828,62.53,4508,4132479,44.44,8,47,0
2021-12-10,56.1,10.18,33.72,3006,6421873,69.06,704,5815532,62.54,2687,4135166,44.47,4,51,0
2021-12-11,56.1,10.18,33.71,1491,6423364,69.07,255,5815787,62.54,1019,4136185,44.48,0,51,0
2021-12-12,56.16,10.15,33.69,7274,6430638,69.15,1444,5817231,62.56,5248,4141433,44.53,3,54,0
2021-12-13,56.21,10.11,33.67,6183,6436821,69.22,1377,5818608,62.57,4351,4145784,44.58,5,59,0
2021-12-14,56.27,10.09,33.65,7317,6444138,69.3,6101,5824709,62.64,4940,4150724,44.63,12,71,0
2021-12-15,56.34,10.06,33.6,7204,6451342,69.37,7408,5832117,62.72,5446,4156170,44.69,7,78,0
2021-12-16,56.53,10.05,33.42,8079,6459421,69.46,8613,5840730,62.81,6563,4162733,44.76,8,86,0
2021-12-17,56.64,10.05,33.3,4406,6463827,69.51,5140,5845870,62.86,3954,4166687,44.81,3,89,0
2021-12-18,56.73,10.07,33.2,3941,6467768,69.55,2914,5848784,62.89,1361,4168048,44.82,2,91,0
2021-12-19,56.92,10.04,33.04,6977,6474745,69.63,9332,5858116,63,6275,4174323,44.89,6,97,0
2021-12-20,57.07,10.02,32.91,7972,6482717,69.71,7518,5865634,63.08,5446,4179769,44.95,9,106,0
2021-12-21,57.27,10.01,32.71,9549,6492266,69.81,8649,5874283,63.17,6492,4186261,45.02,8,114,0
2021-12-22,57.49,10,32.52,9664,6501930,69.92,8155,5882438,63.26,6254,4192515,45.08,12,126,0
2021-12-23,57.7,9.97,32.33,11539,6513469,70.04,10265,5892703,63.37,8160,4200675,45.17,16,142,0
2021-12-24,57.83,9.96,32.21,5873,6519342,70.11,6243,5898946,63.43,5281,4205956,45.23,12,154,0
2021-12-25,57.9,9.96,32.15,3338,6522680,70.14,2566,5901512,63.46,2021,4207977,45.25,6,160,0
2021-12-26,58.1,9.92,31.98,10653,6533333,70.26,8910,5910422,63.56,8201,4216178,45.34,8,168,0
2021-12-27,58.27,9.9,31.83,10372,6543705,70.37,7145,5917567,63.63,8188,4224366,45.43,21,189,0
2021-12-28,58.46,9.88,31.66,11375,6555080,70.49,7453,5925020,63.71,9642,4234008,45.53,24,213,0
2021-12-29,58.64,9.85,31.51,9933,6565013,70.6,5964,5930984,63.78,8376,4242384,45.62,21,234,0
2021-12-30,58.84,9.82,31.34,11012,6576025,70.72,7735,5938719,63.86,12241,4254625,45.75,10,244,0
2021-12-31,58.9,9.79,31.3,4829,6580854,70.77,3672,5942391,63.9,7296,4261921,45.83,135,379,0
2022-01-01,58.93,9.79,31.28,1993,6582847,70.79,1592,5943983,63.92,2741,4264662,45.86,66,445,0
2022-01-02,59.14,9.76,31.1,10217,6593064,70.9,6487,5950470,63.99,13002,4277664,46,590,1035,0.01
2022-01-03,59.29,9.71,31,9384,6602448,71,5259,5955729,64.05,11341,4289005,46.12,25055,26090,0.28
2022-01-04,59.46,9.68,30.86,8966,6611414,71.1,5950,5961679,64.11,10526,4299531,46.23,50659,76749,0.83
2022-01-05,59.56,9.65,30.79,8553,6619967,71.19,5739,5967418,64.17,10494,4310025,46.35,59590,136339,1.47
2022-01-06,59.81,9.63,30.56,10339,6630306,71.3,7959,5975377,64.26,13530,4323555,46.49,64001,200340,2.15
2022-01-07,59.89,9.61,30.49,4761,6635067,71.35,4556,5979933,64.31,8166,4331721,46.58,31135,231475,2.49
2022-01-08,59.9,9.64,30.46,2750,6637817,71.38,2451,5982384,64.33,5502,4337223,46.64,27631,259106,2.79
2022-01-09,60.06,9.59,30.35,9306,6647123,71.48,7722,5990106,64.41,11869,4349092,46.77,66765,325871,3.5
2022-01-10,60.21,9.54,30.25,8349,6655472,71.57,7647,5997753,64.5,11882,4360974,46.9,64776,390647,4.2
2022-01-11,60.38,9.49,30.13,8100,6663572,71.66,8621,6006374,64.59,11974,4372948,47.02,56657,447304,4.81
2022-01-12,60.51,9.45,30.04,7277,6670849,71.73,8303,6014677,64.68,11114,4384062,47.14,44631,491935,5.29
2022-01-13,60.7,9.35,29.94,7509,6678358,71.82,9617,6024294,64.78,11544,4395606,47.27,34767,526702,5.66
2022-01-14,60.79,9.31,29.9,2555,6680913,71.84,4935,6029229,64.84,6145,4401751,47.33,11142,537844,5.78
2022-01-15,60.83,9.29,29.87,1469,6682382,71.86,3170,6032399,64.87,3884,4405635,47.38,5716,543560,5.85
2022-01-16,60.97,9.2,29.82,3818,6686200,71.9,8526,6040925,64.96,7682,4413317,47.46,19992,563552,6.06
2022-01-17,61.09,9.13,29.78,2808,6689008,71.93,7047,6047972,65.04,6173,4419490,47.52,17833,581385,6.25
2022-01-18,61.23,9.07,29.7,2476,6691484,71.96,7386,6055358,65.12,5534,4425024,47.58,14817,596202,6.41
2022-01-19,61.37,8.98,29.65,1915,6693399,71.98,6369,6061727,65.18,4521,4429545,47.63,8461,604663,6.5
2022-01-20,61.44,8.85,29.71,1777,6695176,72,6971,6068698,65.26,4793,4434338,47.68,8041,612704,6.59
2022-01-21,61.51,8.81,29.68,905,6696081,72.01,3725,6072423,65.3,2646,4436984,47.71,3358,616062,6.62
2022-01-22,61.51,8.75,29.74,328,6696409,72.01,1461,6073884,65.32,1066,4438050,47.72,1113,617175,6.64
2022-01-23,61.61,8.7,29.69,1068,6697477,72.02,5632,6079516,65.38,2879,4440929,47.76,6083,623258,6.7
2022-01-24,61.73,8.62,29.65,760,6698237,72.03,4480,6083996,65.42,2270,4443199,47.78,5055,628313,6.76
2022-01-25,61.9,8.51,29.59,744,6698981,72.04,4401,6088397,65.47,2185,4445384,47.8,7102,635415,6.83
2022-01-26,62.02,8.42,29.57,615,6699596,72.04,3285,6091682,65.51,1612,4446996,47.82,4262,639677,6.88
2022-01-27,62.12,8.35,29.52,798,6700394,72.05,4406,6096088,65.55,2005,4449001,47.84,5441,645118,6.94
2022-01-28,62.16,8.33,29.5,395,6700789,72.06,2376,6098464,65.58,1181,4450182,47.86,3452,648570,6.97
2022-01-29,62.23,8.29,29.48,124,6700913,72.06,1046,6099510,65.59,424,4450606,47.86,1162,649732,6.99
2022-01-30,62.3,8.24,29.46,769,6701682,72.07,4720,6104230,65.64,2020,4452626,47.88,8099,657831,7.07
2022-01-31,62.39,8.17,29.43,528,6702210,72.07,3184,6107414,65.68,1610,4454236,47.9,6472,664303,7.14
2022-02-01,62.45,8.15,29.4,482,6702692,72.08,2808,6110222,65.71,1526,4455762,47.92,5722,670025,7.21
2022-02-02,62.28,8.13,29.59,375,6703067,72.08,2395,6112617,65.73,1385,4457147,47.93,5073,675098,7.26
2022-02-03,62.34,8.08,29.57,446,6703513,72.09,2776,6115393,65.76,1462,4458609,47.95,5607,680705,7.32
2022-02-04,62.37,8.06,29.57,174,6703687,72.09,991,6116384,65.77,757,4459366,47.95,2455,683160,7.35
2022-02-05,62.34,8.09,29.56,62,6703749,72.09,342,6116726,65.78,221,4459587,47.96,420,683580,7.35
2022-02-06,62.41,8.05,29.55,407,6704156,72.09,2320,6119046,65.8,1344,4460931,47.97,5686,689266,7.41
2022-02-07,62.47,8.01,29.52,283,6704439,72.1,1308,6120354,65.82,983,4461914,47.98,5960,695226,7.48
2022-02-08,62.54,7.97,29.49,317,6704756,72.1,1498,6121852,65.83,1068,4462982,47.99,6137,701363,7.54
2022-02-09,62.6,7.95,29.45,254,6705010,72.1,1102,6122954,65.84,946,4463928,48,4570,705933,7.59
2022-02-10,62.63,7.93,29.44,273,6705283,72.11,1293,6124247,65.86,936,4464864,48.01,4815,710748,7.64
2022-02-11,62.67,7.91,29.42,211,6705494,72.11,557,6124804,65.86,518,4465382,48.02,2540,713288,7.67
2022-02-12,62.67,7.91,29.41,32,6705526,72.11,90,6124894,65.86,136,4465518,48.02,269,713557,7.67
2022-02-13,62.73,7.87,29.39,286,6705812,72.11,946,6125840,65.87,966,4466484,48.03,4998,718555,7.73
2022-02-14,62.89,7.74,29.36,179,6705991,72.11,629,6126469,65.88,760,4467244,48.04,3142,721697,7.76
2022-02-15,62.92,7.73,29.35,266,6706257,72.12,763,6127232,65.89,937,4468181,48.05,3819,725516,7.8
2022-02-16,62.95,7.72,29.34,179,6706436,72.12,577,6127809,65.9,803,4468984,48.06,2488,728004,7.83
2022-02-17,62.96,7.7,29.34,247,6706683,72.12,740,6128549,65.9,775,4469759,48.07,3061,731065,7.86
2022-02-18,62.98,7.69,29.33,130,6706813,72.12,344,6128893,65.91,439,4470198,48.07,1119,732184,7.87
2022-02-19,62.99,7.69,29.32,33,6706846,72.12,84,6128977,65.91,82,4470280,48.07,80,732264,7.87
2022-02-20,63.01,7.67,29.32,204,6707050,72.12,604,6129581,65.91,723,4471003,48.08,2574,734838,7.9
2022-02-21,63.04,7.65,29.31,173,6707223,72.13,413,6129994,65.92,489,4471492,48.08,1542,736380,7.92
2022-02-22,63.05,7.65,29.3,158,6707381,72.13,455,6130449,65.92,570,4472062,48.09,1871,738251,7.94
2022-02-23,63.06,7.65,29.29,109,6707490,72.13,353,6130802,65.93,453,4472515,48.1,1153,739404,7.95
2022-02-24,63.05,7.66,29.29,138,6707628,72.13,463,6131265,65.93,568,4473083,48.1,1493,740897,7.97
2022-02-25,63.06,7.66,29.28,59,6707687,72.13,144,6131409,65.93,192,4473275,48.1,456,741353,7.97
2022-02-26,63.05,7.67,29.28,17,6707704,72.13,28,6131437,65.93,161,4473436,48.11,35,741388,7.97
2022-02-27,63.05,7.67,29.28,112,6707816,72.13,341,6131778,65.94,448,4473884,48.11,1119,742507,7.98
2022-02-28,63.07,7.65,29.28,108,6707924,72.13,271,6132049,65.94,424,4474308,48.11,908,743415,7.99
2022-03-01,63.1,7.63,29.27,95,6708019,72.13,280,6132329,65.94,374,4474682,48.12,797,744212,8
2022-03-02,63.11,7.62,29.27,77,6708096,72.14,199,6132528,65.95,324,4475006,48.12,698,744910,8.01
2022-03-03,63.05,7.67,29.27,157,6708253,72.14,371,6132899,65.95,498,4475504,48.13,987,745897,8.02
2022-03-04,63.05,7.68,29.27,53,6708306,72.14,170,6133069,65.95,170,4475674,48.13,228,746125,8.02
2022-03-05,63.04,7.69,29.27,4,6708310,72.14,25,6133094,65.95,44,4475718,48.13,32,746157,8.02
2022-03-06,63.04,7.69,29.27,98,6708408,72.14,258,6133352,65.95,417,4476135,48.13,760,746917,8.03
2022-03-07,63.05,7.69,29.26,86,6708494,72.14,260,6133612,65.96,354,4476489,48.14,605,747522,8.04
2022-03-08,63.04,7.7,29.26,99,6708593,72.14,263,6133875,65.96,333,4476822,48.14,550,748072,8.04
2022-03-09,63.02,7.72,29.25,89,6708682,72.14,213,6134088,65.96,337,4477159,48.15,492,748564,8.05
2022-03-10,63.01,7.74,29.25,115,6708797,72.14,375,6134463,65.97,428,4477587,48.15,620,749184,8.06
2022-03-11,63,7.75,29.25,24,6708821,72.14,86,6134549,65.97,123,4477710,48.15,144,749328,8.06
2022-03-12,62.98,7.77,29.24,11,6708832,72.14,12,6134561,65.97,34,4477744,48.15,28,749356,8.06
2022-03-13,62.98,7.78,29.24,100,6708932,72.14,271,6134832,65.97,358,4478102,48.16,595,749951,8.06
2022-03-14,62.98,7.78,29.24,66,6708998,72.15,253,6135085,65.97,316,4478418,48.16,559,750510,8.07
2022-03-15,62.95,7.81,29.24,80,6709078,72.15,185,6135270,65.98,293,4478711,48.16,591,751101,8.08
2022-03-16,62.94,7.82,29.24,77,6709155,72.15,205,6135475,65.98,305,4479016,48.17,668,751769,8.08
2022-03-17,62.94,7.82,29.24,65,6709220,72.15,122,6135597,65.98,286,4479302,48.17,613,752382,8.09
2022-03-18,62.94,7.82,29.24,20,6709240,72.15,54,6135651,65.98,100,4479402,48.17,234,752616,8.09
2022-03-19,62.89,7.88,29.23,6,6709246,72.15,11,6135662,65.98,29,4479431,48.17,39,752655,8.09
2022-03-20,62.87,7.89,29.23,119,6709365,72.15,260,6135922,65.98,486,4479917,48.17,1431,754086,8.11
2022-03-21,62.87,7.9,29.23,97,6709462,72.15,247,6136169,65.99,379,4480296,48.18,1132,755218,8.12
2022-03-22,62.84,7.94,29.23,141,6709603,72.15,342,6136511,65.99,508,4480804,48.18,1770,756988,8.14
2022-03-23,62.81,7.97,29.22,108,6709711,72.15,212,6136723,65.99,463,4481267,48.19,1677,758665,8.16
2022-03-24,62.78,8,29.22,174,6709885,72.15,345,6137068,66,769,4482036,48.2,2363,761028,8.18
2022-03-25,62.78,8,29.23,39,6709924,72.16,82,6137150,66,159,4482195,48.2,630,761658,8.19
2022-03-26,62.77,8,29.22,12,6709936,72.16,13,6137163,66,34,4482229,48.2,91,761749,8.19
2022-03-27,62.75,8.02,29.22,167,6710103,72.16,344,6137507,66,758,4482987,48.21,3193,764942,8.23
2022-03-28,62.75,8.03,29.22,113,6710216,72.16,270,6137777,66,623,4483610,48.21,2416,767358,8.25
2022-03-29,62.7,8.07,29.22,125,6710341,72.16,258,6138035,66.01,641,4484251,48.22,2772,770130,8.28
2022-03-30,62.81,8.11,29.07,132,6710473,72.16,208,6138243,66.01,541,4484792,48.23,2370,772500,8.31
2022-03-31,62.79,8.11,29.1,166,6710639,72.16,302,6138545,66.01,730,4485522,48.24,2853,775353,8.34
2022-04-01,62.72,8.13,29.15,122,6710761,72.16,161,6138706,66.01,277,4485799,48.24,588,775941,8.34
2022-04-02,62.69,8.15,29.16,7,6710768,72.16,7,6138713,66.01,37,4485836,48.24,52,775993,8.34
2022-04-03,62.65,8.16,29.19,159,6710927,72.17,270,6138983,66.02,569,4486405,48.24,2478,778471,8.37
2022-04-04,62.62,8.16,29.22,103,6711030,72.17,208,6139191,66.02,484,4486889,48.25,2225,780696,8.4
2022-04-05,62.57,8.19,29.25,122,6711152,72.17,221,6139412,66.02,513,4487402,48.26,2243,782939,8.42
2022-04-06,62.55,8.2,29.25,91,6711243,72.17,157,6139569,66.02,382,4487784,48.26,2023,784962,8.44
2022-04-07,62.56,8.2,29.24,191,6711434,72.17,215,6139784,66.02,641,4488425,48.27,2556,787518,8.47
2022-04-08,62.54,8.22,29.23,30,6711464,72.17,61,6139845,66.02,154,4488579,48.27,482,788000,8.47
2022-04-09,62.52,8.25,29.23,6,6711470,72.17,17,6139862,66.03,28,4488607,48.27,47,788047,8.47
2022-04-10,62.51,8.26,29.23,103,6711573,72.17,264,6140126,66.03,429,4489036,48.27,1845,789892,8.49
2022-04-11,62.54,8.26,29.2,78,6711651,72.17,201,6140327,66.03,371,4489407,48.28,1425,791317,8.51
2022-04-12,62.58,8.29,29.12,204,6711855,72.18,168,6140495,66.03,376,4489783,48.28,1360,792677,8.52
2022-04-13,62.58,8.31,29.1,117,6711972,72.18,150,6140645,66.03,298,4490081,48.28,1218,793895,8.54
2022-04-14,62.57,8.33,29.1,85,6712057,72.18,221,6140866,66.04,321,4490402,48.29,1069,794964,8.55
2022-04-15,62.55,8.35,29.1,9,6712066,72.18,51,6140917,66.04,48,4490450,48.29,82,795046,8.55
2022-04-16,62.53,8.37,29.1,3,6712069,72.18,8,6140925,66.04,21,4490471,48.29,29,795075,8.55
2022-04-17,62.52,8.38,29.1,62,6712131,72.18,131,6141056,66.04,229,4490700,48.29,807,795882,8.56
2022-04-18,62.51,8.38,29.1,69,6712200,72.18,109,6141165,66.04,252,4490952,48.29,750,796632,8.57
2022-04-19,62.5,8.4,29.1,62,6712262,72.18,145,6141310,66.04,273,4491225,48.3,842,797474,8.58
2022-04-20,62.48,8.42,29.1,60,6712322,72.18,117,6141427,66.04,235,4491460,48.3,656,798130,8.58
2022-04-21,62.47,8.43,29.1,53,6712375,72.18,109,6141536,66.04,197,4491657,48.3,479,798609,8.59
2022-04-22,62.45,8.44,29.11,3,6712378,72.18,17,6141553,66.04,19,4491676,48.3,20,798629,8.59
2022-04-23,62.43,8.46,29.11,6,6712384,72.18,9,6141562,66.04,16,4491692,48.3,13,798642,8.59
2022-04-24,62.43,8.47,29.1,92,6712476,72.18,250,6141812,66.05,329,4492021,48.3,872,799514,8.6
2022-04-25,62.43,8.47,29.1,105,6712581,72.18,191,6142003,66.05,316,4492337,48.31,739,800253,8.61
2022-04-26,62.42,8.48,29.1,76,6712657,72.18,175,6142178,66.05,304,4492641,48.31,788,801041,8.61
2022-04-27,62.41,8.49,29.1,54,6712711,72.19,160,6142338,66.05,227,4492868,48.31,640,801681,8.62
2022-04-28,62.41,8.5,29.1,96,6712807,72.19,232,6142570,66.05,329,4493197,48.32,871,802552,8.63
2022-04-29,62.39,8.51,29.1,112,6712919,72.19,159,6142729,66.06,184,4493381,48.32,196,802748,8.63
2022-04-30,62.38,8.52,29.1,1,6712920,72.19,3,6142732,66.06,24,4493405,48.32,22,802770,8.63
2022-05-01,62.38,8.53,29.09,135,6713055,72.19,185,6142917,66.06,317,4493722,48.32,630,803400,8.64
2022-05-02,62.37,8.54,29.09,62,6713117,72.19,155,6143072,66.06,235,4493957,48.33,491,803891,8.64
2022-05-03,62.36,8.55,29.09,73,6713190,72.19,151,6143223,66.06,288,4494245,48.33,508,804399,8.65
2022-05-04,62.35,8.57,29.08,23,6713213,72.19,56,6143279,66.06,63,4494308,48.33,129,804528,8.65
2022-05-05,62.34,8.58,29.08,5,6713218,72.19,1,6143280,66.06,8,4494316,48.33,14,804542,8.65
2022-05-06,62.33,8.59,29.08,20,6713238,72.19,59,6143339,66.06,64,4494380,48.33,153,804695,8.65
2022-05-07,62.32,8.6,29.08,1,6713239,72.19,7,6143346,66.06,27,4494407,48.33,24,804719,8.65
2022-05-08,62.31,8.61,29.08,118,6713357,72.19,207,6143553,66.06,270,4494677,48.33,457,805176,8.66
2022-05-09,62.31,8.61,29.08,59,6713416,72.19,162,6143715,66.07,251,4494928,48.34,505,805681,8.66
2022-05-10,62.3,8.62,29.08,131,6713547,72.19,169,6143884,66.07,261,4495189,48.34,508,806189,8.67
2022-05-11,62.3,8.63,29.08,58,6713605,72.19,118,6144002,66.07,183,4495372,48.34,464,806653,8.67
2022-05-12,62.29,8.64,29.07,119,6713724,72.2,200,6144202,66.07,280,4495652,48.34,666,807319,8.68
2022-05-13,62.28,8.65,29.07,11,6713735,72.2,44,6144246,66.07,71,4495723,48.34,110,807429,8.68
2022-05-14,62.26,8.66,29.07,6,6713741,72.2,13,6144259,66.07,14,4495737,48.34,24,807453,8.68
2022-05-15,62.26,8.67,29.07,90,6713831,72.2,175,6144434,66.07,246,4495983,48.35,665,808118,8.69
2022-05-16,62.19,8.65,29.16,68,6713899,72.2,141,6144575,66.08,230,4496213,48.35,510,808628,8.7
2022-05-17,62.18,8.66,29.16,73,6713972,72.2,153,6144728,66.08,267,4496480,48.35,618,809246,8.7
2022-05-18,62.17,8.67,29.16,43,6714015,72.2,99,6144827,66.08,169,4496649,48.35,447,809693,8.71
2022-05-19,62.16,8.68,29.16,64,6714079,72.2,171,6144998,66.08,213,4496862,48.36,499,810192,8.71
2022-05-20,62.15,8.69,29.16,76,6714155,72.2,114,6145112,66.08,130,4496992,48.36,138,810330,8.71
2022-05-21,62.14,8.7,29.16,4,6714159,72.2,7,6145119,66.08,15,4497007,48.36,18,810348,8.71
2022-05-22,62.14,8.71,29.16,85,6714244,72.2,190,6145309,66.08,216,4497223,48.36,426,810774,8.72
2022-05-23,62.14,8.71,29.16,65,6714309,72.2,120,6145429,66.08,156,4497379,48.36,348,811122,8.72
2022-05-24,62.13,8.71,29.15,43,6714352,72.2,119,6145548,66.09,157,4497536,48.36,394,811516,8.73
2022-05-25,62.12,8.72,29.15,61,6714413,72.2,103,6145651,66.09,168,4497704,48.37,337,811853,8.73
2022-05-26,62.11,8.73,29.16,72,6714485,72.2,136,6145787,66.09,186,4497890,48.37,347,812200,8.73
2022-05-27,62.1,8.74,29.16,12,6714497,72.2,29,6145816,66.09,43,4497933,48.37,59,812259,8.73
2022-05-28,62.09,8.75,29.16,2,6714499,72.2,5,6145821,66.09,8,4497941,48.37,12,812271,8.73
2022-05-29,62.09,8.75,29.16,89,6714588,72.21,153,6145974,66.09,163,4498104,48.37,316,812587,8.74
2022-05-30,62.09,8.76,29.16,56,6714644,72.21,134,6146108,66.09,125,4498229,48.37,291,812878,8.74
2022-05-31,62.07,8.78,29.15,45,6714689,72.21,104,6146212,66.09,153,4498382,48.37,351,813229,8.75
2022-06-01,61.95,8.9,29.16,65,6714754,72.21,90,6146302,66.09,119,4498501,48.37,277,813506,8.75
2022-06-02,45.96,24.88,29.15,77,6714831,72.21,156,6146458,66.1,178,4498679,48.38,255,813761,8.75
2022-06-03,45.9,24.95,29.16,10,6714841,72.21,23,6146481,66.1,21,4498700,48.38,33,813794,8.75
2022-06-04,45.84,25,29.16,0,6714841,72.21,7,6146488,66.1,8,4498708,48.38,5,813799,8.75
2022-06-05,45.8,25.05,29.16,11,6714852,72.21,14,6146502,66.1,7,4498715,48.38,2,813801,8.75
2022-06-06,39.96,30.89,29.16,58,6714910,72.21,145,6146647,66.1,161,4498876,48.38,262,814063,8.75
2022-06-07,39.92,30.93,29.15,54,6714964,72.21,134,6146781,66.1,142,4499018,48.38,379,814442,8.76
2022-06-08,39.89,30.96,29.15,59,6715023,72.21,104,6146885,66.1,131,4499149,48.38,497,814939,8.76
2022-06-09,39.86,30.99,29.15,84,6715107,72.21,208,6147093,66.1,234,4499383,48.38,642,815581,8.77
2022-06-10,39.83,31.02,29.15,14,6715121,72.21,51,6147144,66.1,59,4499442,48.38,142,815723,8.77
2022-06-11,39.8,31.05,29.15,0,6715121,72.21,3,6147147,66.1,7,4499449,48.38,19,815742,8.77
2022-06-12,39.8,31.05,29.15,109,6715230,72.21,199,6147346,66.11,191,4499640,48.39,767,816509,8.78
2022-06-13,39.81,31.04,29.15,84,6715314,72.21,142,6147488,66.11,168,4499808,48.39,626,817135,8.79
2022-06-14,39.79,31.06,29.15,116,6715430,72.21,173,6147661,66.11,208,4500016,48.39,759,817894,8.8
2022-06-15,39.78,31.08,29.15,71,6715501,72.22,141,6147802,66.11,207,4500223,48.39,700,818594,8.8
2022-06-16,39.74,31.11,29.14,94,6715595,72.22,136,6147938,66.11,218,4500441,48.4,742,819336,8.81
2022-06-17,39.72,31.14,29.15,16,6715611,72.22,63,6148001,66.11,53,4500494,48.4,125,819461,8.81
2022-06-18,39.68,31.17,29.14,3,6715614,72.22,4,6148005,66.11,11,4500505,48.4,15,819476,8.81
2022-06-19,39.53,31.33,29.15,115,6715729,72.22,208,6148213,66.11,318,4500823,48.4,877,820353,8.82
2022-06-20,33.92,36.85,29.23,99,6715828,72.22,152,6148365,66.12,307,4501130,48.4,922,821275,8.83
2022-06-21,33.58,37.19,29.23,94,6715922,72.22,154,6148519,66.12,375,4501505,48.41,1229,822504,8.84
2022-06-22,33.28,37.49,29.23,110,6716032,72.22,136,6148655,66.12,339,4501844,48.41,894,823398,8.85
2022-06-23,32.84,37.92,29.23,132,6716164,72.22,217,6148872,66.12,525,4502369,48.42,1146,824544,8.87
2022-06-24,32.43,38.34,29.24,19,6716183,72.22,35,6148907,66.12,110,4502479,48.42,208,824752,8.87
2022-06-25,32.04,38.72,29.24,1,6716184,72.22,3,6148910,66.12,13,4502492,48.42,16,824768,8.87
2022-06-26,31.63,39.13,29.24,107,6716291,72.22,158,6149068,66.12,379,4502871,48.42,933,825701,8.88
2022-06-27,31.29,39.47,29.24,86,6716377,72.22,172,6149240,66.13,392,4503263,48.43,1028,826729,8.89
2022-06-28,30.86,39.91,29.24,84,6716461,72.23,151,6149391,66.13,364,4503627,48.43,932,827661,8.9
2022-06-29,30.48,40.28,29.24,76,6716537,72.23,108,6149499,66.13,265,4503892,48.43,816,828477,8.91
2022-06-30,30.05,40.71,29.24,86,6716623,72.23,165,6149664,66.13,355,4504247,48.44,1062,829539,8.92
2022-07-01,29.62,41.14,29.24,22,6716645,72.23,28,6149692,66.13,55,4504302,48.44,80,829619,8.92
2022-07-02,29.2,41.56,29.24,1,6716646,72.23,2,6149694,66.13,8,4504310,48.44,18,829637,8.92
2022-07-03,28.81,41.95,29.24,100,6716746,72.23,177,6149871,66.13,322,4504632,48.44,637,830274,8.93
2022-07-04,28.5,42.26,29.24,76,6716822,72.23,140,6150011,66.13,278,4504910,48.44,749,831023,8.94
2022-07-05,28.06,42.7,29.24,59,6716881,72.23,142,6150153,66.14,302,4505212,48.45,688,831711,8.94
2022-07-06,27.39,43.37,29.24,78,6716959,72.23,124,6150277,66.14,211,4505423,48.45,646,832357,8.95
2022-07-07,26.48,44.28,29.24,82,6717041,72.23,164,6150441,66.14,267,4505690,48.45,721,833078,8.96
2022-07-08,25.47,45.29,29.24,17,6717058,72.23,33,6150474,66.14,69,4505759,48.45,131,833209,8.96
2022-07-09,24.42,46.34,29.24,0,6717058,72.23,1,6150475,66.14,3,4505762,48.45,2,833211,8.96
2022-07-10,23.77,46.99,29.24,90,6717148,72.23,164,6150639,66.14,229,4505991,48.46,470,833681,8.97
2022-07-11,23.22,47.54,29.24,64,6717212,72.23,142,6150781,66.14,248,4506239,48.46,575,834256,8.97
2022-07-12,22.13,48.63,29.24,69,6717281,72.23,129,6150910,66.14,207,4506446,48.46,558,834814,8.98
2022-07-13,21.1,49.66,29.24,43,6717324,72.23,101,6151011,66.14,165,4506611,48.46,488,835302,8.98
2022-07-14,20.12,50.63,29.24,69,6717393,72.24,147,6151158,66.15,209,4506820,48.46,513,835815,8.99
2022-07-15,19.27,51.48,29.25,64,6717457,72.24,88,6151246,66.15,127,4506947,48.47,166,835981,8.99
2022-07-16,18.29,52.46,29.25,0,6717457,72.24,6,6151252,66.15,7,4506954,48.47,8,835989,8.99
2022-07-17,17.83,52.92,29.25,77,6717534,72.24,183,6151435,66.15,241,4507195,48.47,468,836457,8.99
2022-07-18,17.48,53.26,29.26,62,6717596,72.24,158,6151593,66.15,207,4507402,48.47,511,836968,9
2022-07-19,16.77,53.97,29.26,62,6717658,72.24,147,6151740,66.15,174,4507576,48.47,368,837336,9
2022-07-20,16.09,54.64,29.26,51,6717709,72.24,134,6151874,66.15,137,4507713,48.47,423,837759,9.01
2022-07-21,15.43,55.3,29.27,61,6717770,72.24,160,6152034,66.16,177,4507890,48.48,341,838100,9.01
2022-07-22,14.64,56.08,29.28,10,6717780,72.24,36,6152070,66.16,43,4507933,48.48,56,838156,9.01
2022-07-23,14.17,56.55,29.28,0,6717780,72.24,4,6152074,66.16,4,4507937,48.48,9,838165,9.01
2022-07-24,13.55,57.16,29.29,58,6717838,72.24,128,6152202,66.16,197,4508134,48.48,364,838529,9.02
2022-07-25,13.09,57.61,29.3,48,6717886,72.24,107,6152309,66.16,172,4508306,48.48,336,838865,9.02
2022-07-26,12.46,58.23,29.3,47,6717933,72.24,99,6152408,66.16,111,4508417,48.48,270,839135,9.02
2022-07-27,11.89,58.8,29.31,43,6717976,72.24,125,6152533,66.16,132,4508549,48.48,243,839378,9.03
2022-07-28,11.35,59.34,29.31,62,6718038,72.24,143,6152676,66.16,148,4508697,48.48,220,839598,9.03
2022-07-29,10.85,59.83,29.32,10,6718048,72.24,25,6152701,66.16,27,4508724,48.48,31,839629,9.03
2022-07-30,10.34,60.33,29.33,0,6718048,72.24,0,6152701,66.16,1,4508725,48.48,1,839630,9.03
2022-07-31,9.97,60.7,29.33,56,6718104,72.24,134,6152835,66.16,131,4508856,48.49,252,839882,9.03
2022-08-01,9.47,61.19,29.34,54,6718158,72.24,76,6152911,66.17,91,4508947,48.49,152,840034,9.03
2022-08-02,8.92,61.73,29.35,111,6718269,72.25,119,6153030,66.17,157,4509104,48.49,264,840298,9.04
2022-08-03,8.46,62.19,29.35,76,6718345,72.25,71,6153101,66.17,92,4509196,48.49,178,840476,9.04
2022-08-04,8.04,62.61,29.36,133,6718478,72.25,133,6153234,66.17,111,4509307,48.49,246,840722,9.04
2022-08-05,7.71,62.93,29.36,31,6718509,72.25,23,6153257,66.17,13,4509320,48.49,24,840746,9.04
2022-08-06,7.32,63.32,29.36,1,6718510,72.25,2,6153259,66.17,3,4509323,48.49,5,840751,9.04
2022-08-07,6.92,63.71,29.37,89,6718599,72.25,97,6153356,66.17,69,4509392,48.49,169,840920,9.04
2022-08-08,6.74,63.89,29.37,76,6718675,72.25,95,6153451,66.17,122,4509514,48.49,172,841092,9.04
2022-08-09,6.25,64.37,29.38,96,6718771,72.25,90,6153541,66.17,99,4509613,48.49,213,841305,9.05
2022-08-10,5.91,64.71,29.38,77,6718848,72.25,60,6153601,66.17,76,4509689,48.49,115,841420,9.05
2022-08-11,5.59,65.03,29.38,54,6718902,72.25,101,6153702,66.17,91,4509780,48.5,155,841575,9.05
2022-08-12,5.35,65.27,29.38,8,6718910,72.25,12,6153714,66.17,18,4509798,48.5,29,841604,9.05
2022-08-13,5.1,65.52,29.38,0,6718910,72.25,2,6153716,66.17,2,4509800,48.5,3,841607,9.05
2022-08-14,4.87,65.75,29.39,74,6718984,72.25,75,6153791,66.17,82,4509882,48.5,150,841757,9.05
2022-08-15,4.74,65.87,29.39,68,6719052,72.25,81,6153872,66.18,93,4509975,48.5,143,841900,9.05
2022-08-16,4.46,66.15,29.39,82,6719134,72.25,84,6153956,66.18,83,4510058,48.5,187,842087,9.06
2022-08-17,4.16,66.44,29.39,47,6719181,72.25,56,6154012,66.18,36,4510094,48.5,115,842202,9.06
2022-08-18,3.98,66.63,29.39,70,6719251,72.26,93,6154105,66.18,120,4510214,48.5,173,842375,9.06
2022-08-19,3.83,66.78,29.39,78,6719329,72.26,67,6154172,66.18,57,4510271,48.5,38,842413,9.06
2022-08-20,3.67,66.94,29.39,1,6719330,72.26,1,6154173,66.18,3,4510274,48.5,3,842416,9.06
2022-08-21,3.52,67.08,29.4,52,6719382,72.26,85,6154258,66.18,84,4510358,48.5,197,842613,9.06
2022-08-22,3.44,67.16,29.4,89,6719471,72.26,74,6154332,66.18,103,4510461,48.5,144,842757,9.06
2022-08-23,3.27,67.33,29.4,72,6719543,72.26,106,6154438,66.18,84,4510545,48.5,180,842937,9.06
2022-08-24,3.15,67.46,29.4,38,6719581,72.26,80,6154518,66.18,49,4510594,48.5,133,843070,9.07
2022-08-25,3.03,67.57,29.4,53,6719634,72.26,75,6154593,66.18,97,4510691,48.51,193,843263,9.07
2022-08-26,2.94,67.66,29.4,4,6719638,72.26,15,6154608,66.18,9,4510700,48.51,14,843277,9.07
2022-08-27,2.84,67.76,29.4,0,6719638,72.26,0,6154608,66.18,0,4510700,48.51,0,843277,9.07
2022-08-28,2.75,67.85,29.4,55,6719693,72.26,80,6154688,66.18,85,4510785,48.51,102,843379,9.07
2022-08-29,2.69,67.91,29.4,48,6719741,72.26,68,6154756,66.19,89,4510874,48.51,107,843486,9.07
2022-08-30,2.6,68,29.4,85,6719826,72.26,113,6154869,66.19,85,4510959,48.51,131,843617,9.07
2022-08-31,2.53,68.07,29.4,42,6719868,72.26,89,6154958,66.19,70,4511029,48.51,96,843713,9.07
2022-09-01,2.46,68.14,29.4,29,6719897,72.26,84,6155042,66.19,58,4511087,48.51,113,843826,9.07
2022-09-02,2.4,68.2,29.4,6,6719903,72.26,20,6155062,66.19,13,4511100,48.51,10,843836,9.07
2022-09-03,2.33,68.27,29.4,2,6719905,72.26,0,6155062,66.19,3,4511103,48.51,1,843837,9.07
2022-09-04,2.27,68.32,29.4,64,6719969,72.26,133,6155195,66.19,80,4511183,48.51,121,843958,9.08
2022-09-05,2.23,68.37,29.4,44,6720013,72.26,77,6155272,66.19,58,4511241,48.51,90,844048,9.08
2022-09-06,2.17,68.42,29.4,60,6720073,72.26,104,6155376,66.19,78,4511319,48.51,130,844178,9.08
2022-09-07,2.12,68.47,29.4,28,6720101,72.26,63,6155439,66.19,53,4511372,48.51,95,844273,9.08
2022-09-08,2.07,68.53,29.4,50,6720151,72.27,101,6155540,66.19,70,4511442,48.51,77,844350,9.08
2022-09-09,2.03,68.57,29.4,10,6720161,72.27,21,6155561,66.19,16,4511458,48.51,17,844367,9.08
2022-09-10,1.97,68.62,29.4,0,6720161,72.27,0,6155561,66.19,5,4511463,48.51,2,844369,9.08
2022-09-11,1.92,68.67,29.41,39,6720200,72.27,117,6155678,66.2,78,4511541,48.51,116,844485,9.08
2022-09-12,1.88,68.71,29.41,24,6720224,72.27,72,6155750,66.2,52,4511593,48.52,68,844553,9.08
2022-09-13,1.82,68.77,29.41,44,6720268,72.27,113,6155863,66.2,54,4511647,48.52,103,844656,9.08
2022-09-14,1.78,68.82,29.41,21,6720289,72.27,64,6155927,66.2,54,4511701,48.52,62,844718,9.08
2022-09-15,1.73,68.86,29.41,32,6720321,72.27,77,6156004,66.2,63,4511764,48.52,107,844825,9.08
2022-09-16,1.7,68.89,29.41,51,6720372,72.27,52,6156056,66.2,28,4511792,48.52,28,844853,9.09
2022-09-17,1.66,68.93,29.41,3,6720375,72.27,0,6156056,66.2,1,4511793,48.52,0,844853,9.09
2022-09-18,1.63,68.96,29.41,28,6720403,72.27,66,6156122,66.2,52,4511845,48.52,115,844968,9.09
2022-09-19,1.61,68.98,29.41,27,6720430,72.27,74,6156196,66.2,44,4511889,48.52,57,845025,9.09
2022-09-20,1.56,69.03,29.41,41,6720471,72.27,93,6156289,66.2,75,4511964,48.52,102,845127,9.09
2022-09-21,1.55,69.05,29.41,22,6720493,72.27,54,6156343,66.2,29,4511993,48.52,56,845183,9.09
2022-09-22,1.52,69.07,29.4,42,6720535,72.27,56,6156399,66.2,27,4512020,48.52,41,845224,9.09
2022-09-23,1.5,69.1,29.41,7,6720542,72.27,11,6156410,66.2,4,4512024,48.52,1,845225,9.09
2022-09-24,1.47,69.13,29.41,0,6720542,72.27,0,6156410,66.2,1,4512025,48.52,0,845225,9.09
2022-09-25,1.46,69.13,29.41,5,6720547,72.27,20,6156430,66.2,10,4512035,48.52,27,845252,9.09
2022-09-26,1.46,69.13,29.41,0,6720547,72.27,5,6156435,66.2,2,4512037,48.52,2,845254,9.09
2022-09-27,1.42,69.17,29.41,2,6720549,72.27,0,6156435,66.2,3,4512040,48.52,3,845257,9.09
2022-09-28,1.39,69.21,29.41,24,6720573,72.27,36,6156471,66.2,25,4512065,48.52,17,845274,9.09
2022-09-29,1.37,69.22,29.41,32,6720605,72.27,61,6156532,66.2,13,4512078,48.52,48,845322,9.09
2022-09-30,1.35,69.24,29.41,4,6720609,72.27,12,6156544,66.2,2,4512080,48.52,0,845322,9.09
2022-10-01,1.31,69.29,29.41,0,6720609,72.27,1,6156545,66.2,1,4512081,48.52,1,845323,9.09
2022-10-02,1.31,69.29,29.41,28,6720637,72.27,51,6156596,66.2,20,4512101,48.52,73,845396,9.09
2022-10-03,1.31,69.28,29.4,23,6720660,72.27,29,6156625,66.21,13,4512114,48.52,12,845408,9.09
2022-10-04,1.27,69.32,29.4,7,6720667,72.27,10,6156635,66.21,0,4512114,48.52,1,845409,9.09
2022-10-05,1.28,69.31,29.4,1,6720668,72.27,0,6156635,66.21,0,4512114,48.52,1,845410,9.09
2022-10-06,1.31,69.28,29.4,17,6720685,72.27,43,6156678,66.21,10,4512124,48.52,20,845430,9.09
2022-10-07,1.3,69.29,29.41,3,6720688,72.27,3,6156681,66.21,4,4512128,48.52,0,845430,9.09
2022-10-08,1.26,69.33,29.41,1,6720689,72.27,1,6156682,66.21,0,4512128,48.52,1,845431,9.09
2022-10-09,1.31,69.28,29.41,7,6720696,72.27,22,6156704,66.21,6,4512134,48.52,5,845436,9.09
2022-10-10,1.38,69.22,29.4,5,6720701,72.27,2,6156706,66.21,0,4512134,48.52,0,845436,9.09
2022-10-11,1.36,69.24,29.4,12,6720713,72.27,32,6156738,66.21,1,4512135,48.52,32,845468,9.09
2022-10-12,1.34,69.26,29.4,13,6720726,72.27,24,6156762,66.21,5,4512140,48.52,4,845472,9.09
2022-10-13,1.4,69.2,29.4,17,6720743,72.27,16,6156778,66.21,5,4512145,48.52,9,845481,9.09
2022-10-14,1.4,69.2,29.4,6,6720749,72.27,7,6156785,66.21,4,4512149,48.52,3,845484,9.09
2022-10-15,1.38,69.22,29.4,0,6720749,72.27,0,6156785,66.21,0,4512149,48.52,1,845485,9.09
2022-10-16,1.39,69.2,29.4,4,6720753,72.27,13,6156798,66.21,5,4512154,48.52,8,845493,9.09
2022-10-17,1.39,69.2,29.4,1,6720754,72.27,1,6156799,66.21,3,4512157,48.52,1,845494,9.09
2022-10-18,1.43,69.17,29.4,24,6720778,72.27,31,6156830,66.21,14,4512171,48.52,16,845510,9.09
2022-10-19,1.47,69.12,29.4,18,6720796,72.27,25,6156855,66.21,7,4512178,48.52,3,845513,9.09
2022-10-20,1.5,69.1,29.4,26,6720822,72.27,44,6156899,66.21,12,4512190,48.52,4,845517,9.09
2022-10-21,1.5,69.09,29.4,4,6720826,72.27,7,6156906,66.21,2,4512192,48.52,4,845521,9.09
2022-10-22,1.49,69.1,29.4,0,6720826,72.27,0,6156906,66.21,0,4512192,48.52,0,845521,9.09
2022-10-23,1.51,69.08,29.4,15,6720841,72.27,33,6156939,66.21,18,4512210,48.52,10,845531,9.09
2022-10-24,1.51,69.08,29.41,20,6720861,72.27,16,6156955,66.21,19,4512229,48.52,9,845540,9.09
2022-10-25,1.55,69.04,29.4,18,6720879,72.27,34,6156989,66.21,22,4512251,48.52,21,845561,9.09
2022-10-26,1.61,68.99,29.4,18,6720897,72.27,25,6157014,66.21,8,4512259,48.52,10,845571,9.09
2022-10-27,1.67,68.93,29.4,17,6720914,72.27,27,6157041,66.21,14,4512273,48.52,17,845588,9.09
2022-10-28,1.67,68.93,29.4,48,6720962,72.27,49,6157090,66.21,31,4512304,48.52,18,845606,9.09
2022-10-29,1.66,68.94,29.4,0,6720962,72.27,0,6157090,66.21,0,4512304,48.52,0,845606,9.09
2022-10-30,1.71,68.89,29.4,15,6720977,72.27,23,6157113,66.21,15,4512319,48.52,9,845615,9.09
2022-10-31,1.76,68.84,29.4,17,6720994,72.27,16,6157129,66.21,8,4512327,48.52,9,845624,9.09
2022-11-01,1.82,68.78,29.4,2,6720996,72.27,1,6157130,66.21,1,4512328,48.52,0,845624,9.09
2022-11-02,1.88,68.72,29.4,13,6721009,72.27,13,6157143,66.21,7,4512335,48.52,8,845632,9.09
2022-11-03,1.96,68.64,29.4,17,6721026,72.27,18,6157161,66.21,11,4512346,48.52,8,845640,9.09
2022-11-04,1.98,68.63,29.4,4,6721030,72.27,6,6157167,66.21,1,4512347,48.52,2,845642,9.09
2022-11-05,1.97,68.63,29.4,0,6721030,72.27,0,6157167,66.21,0,4512347,48.52,0,845642,9.09
2022-11-06,2.03,68.57,29.4,27,6721057,72.27,33,6157200,66.21,11,4512358,48.52,23,845665,9.09
2022-11-07,2.1,68.51,29.4,15,6721072,72.28,11,6157211,66.21,10,4512368,48.52,54,845719,9.09
2022-11-08,2.1,68.5,29.4,28,6721100,72.28,26,6157237,66.21,14,4512382,48.52,9,845728,9.09
2022-11-09,2.16,68.45,29.4,16,6721116,72.28,20,6157257,66.21,17,4512399,48.52,9,845737,9.09
2022-11-10,2.22,68.39,29.4,28,6721144,72.28,17,6157274,66.21,11,4512410,48.52,6,845743,9.09
2022-11-11,2.23,68.37,29.4,1,6721145,72.28,17,6157291,66.21,2,4512412,48.52,1,845744,9.09
2022-11-12,2.22,68.38,29.4,1,6721146,72.28,0,6157291,66.21,2,4512414,48.52,0,845744,9.09
2022-11-13,2.29,68.31,29.4,29,6721175,72.28,31,6157322,66.21,17,4512431,48.52,8,845752,9.09
2022-11-14,2.37,68.23,29.4,20,6721195,72.28,17,6157339,66.21,21,4512452,48.52,16,845768,9.1
2022-11-15,2.43,68.17,29.4,40,6721235,72.28,25,6157364,66.21,16,4512468,48.52,18,845786,9.1
2022-11-16,2.5,68.1,29.4,14,6721249,72.28,27,6157391,66.21,16,4512484,48.52,11,845797,9.1
2022-11-17,2.59,68.02,29.4,19,6721268,72.28,33,6157424,66.21,18,4512502,48.53,5,845802,9.1
2022-11-18,2.61,67.99,29.4,6,6721274,72.28,4,6157428,66.21,4,4512506,48.53,0,845802,9.1
2022-11-19,2.6,68,29.4,0,6721274,72.28,0,6157428,66.21,0,4512506,48.53,0,845802,9.1
2022-11-20,2.67,67.93,29.4,19,6721293,72.28,19,6157447,66.21,6,4512512,48.53,13,845815,9.1
2022-11-21,2.76,67.85,29.4,14,6721307,72.28,13,6157460,66.21,6,4512518,48.53,6,845821,9.1
2022-11-22,2.83,67.77,29.4,26,6721333,72.28,13,6157473,66.21,17,4512535,48.53,6,845827,9.1
2022-11-23,2.9,67.7,29.4,17,6721350,72.28,20,6157493,66.21,4,4512539,48.53,8,845835,9.1
2022-11-24,2.98,67.62,29.4,9,6721359,72.28,16,6157509,66.21,13,4512552,48.53,27,845862,9.1
2022-11-25,3,67.6,29.4,14,6721373,72.28,39,6157548,66.22,14,4512566,48.53,12,845874,9.1
2022-11-26,3,67.61,29.4,0,6721373,72.28,2,6157550,66.22,0,4512566,48.53,0,845874,9.1
2022-11-27,3.06,67.54,29.4,14,6721387,72.28,15,6157565,66.22,19,4512585,48.53,2,845876,9.1
2022-11-28,3.14,67.47,29.4,8,6721395,72.28,23,6157588,66.22,8,4512593,48.53,6,845882,9.1
2022-11-29,3.2,67.4,29.4,38,6721433,72.28,31,6157619,66.22,19,4512612,48.53,14,845896,9.1
2022-11-30,3.27,67.34,29.39,12,6721445,72.28,25,6157644,66.22,20,4512632,48.53,8,845904,9.1
2022-12-01,3.34,67.26,29.39,13,6721458,72.28,18,6157662,66.22,15,4512647,48.53,4,845908,9.1
2022-12-02,3.36,67.24,29.39,2,6721460,72.28,7,6157669,66.22,4,4512651,48.53,10,845918,9.1
2022-12-03,3.36,67.24,29.39,0,6721460,72.28,0,6157669,66.22,0,4512651,48.53,1,845919,9.1
2022-12-04,3.42,67.18,29.39,35,6721495,72.28,27,6157696,66.22,30,4512681,48.53,26,845945,9.1
2022-12-05,3.48,67.12,29.4,9,6721504,72.28,17,6157713,66.22,11,4512692,48.53,20,845965,9.1
2022-12-06,3.55,67.06,29.39,32,6721536,72.28,26,6157739,66.22,27,4512719,48.53,7,845972,9.1
2022-12-07,3.62,66.99,29.39,10,6721546,72.28,17,6157756,66.22,8,4512727,48.53,8,845980,9.1
2022-12-08,3.69,66.91,29.39,18,6721564,72.28,31,6157787,66.22,15,4512742,48.53,3,845983,9.1
2022-12-09,3.71,66.9,29.39,4,6721568,72.28,1,6157788,66.22,1,4512743,48.53,7,845990,9.1
2022-12-10,3.7,66.91,29.39,1,6721569,72.28,0,6157788,66.22,2,4512745,48.53,0,845990,9.1
2022-12-11,3.76,66.84,29.39,16,6721585,72.28,22,6157810,66.22,15,4512760,48.53,16,846006,9.1
2022-12-12,3.82,66.78,29.39,15,6721600,72.28,13,6157823,66.22,5,4512765,48.53,0,846006,9.1
2022-12-13,3.87,66.73,29.39,17,6721617,72.28,44,6157867,66.22,18,4512783,48.53,13,846019,9.1
2022-12-14,3.92,66.69,29.39,17,6721634,72.28,16,6157883,66.22,7,4512790,48.53,3,846022,9.1
2022-12-15,3.97,66.64,29.39,22,6721656,72.28,19,6157902,66.22,7,4512797,48.53,12,846034,9.1
2022-12-16,3.98,66.62,29.39,12,6721668,72.28,3,6157905,66.22,1,4512798,48.53,0,846034,9.1
2022-12-17,3.97,66.63,29.39,0,6721668,72.28,0,6157905,66.22,0,4512798,48.53,0,846034,9.1
2022-12-18,4.01,66.59,29.39,9,6721677,72.28,18,6157923,66.22,8,4512806,48.53,3,846037,9.1
2022-12-19,4.06,66.54,29.4,7,6721684,72.28,14,6157937,66.22,12,4512818,48.53,1,846038,9.1
2022-12-20,4.1,66.51,29.39,12,6721696,72.28,17,6157954,66.22,2,4512820,48.53,2,846040,9.1
2022-12-21,4.14,66.47,29.39,9,6721705,72.28,14,6157968,66.22,13,4512833,48.53,3,846043,9.1
2022-12-22,4.18,66.42,29.39,4,6721709,72.28,10,6157978,66.22,14,4512847,48.53,1,846044,9.1
2022-12-23,4.19,66.42,29.39,8,6721717,72.28,0,6157978,66.22,2,4512849,48.53,0,846044,9.1
2022-12-24,4.18,66.43,29.39,0,6721717,72.28,0,6157978,66.22,0,4512849,48.53,0,846044,9.1
2022-12-25,4.21,66.4,29.39,6,6721723,72.28,17,6157995,66.22,1,4512850,48.53,2,846046,9.1
2022-12-26,4.24,66.36,29.39,17,6721740,72.28,6,6158001,66.22,13,4512863,48.53,0,846046,9.1
2022-12-27,4.25,66.36,29.39,24,6721764,72.28,24,6158025,66.22,17,4512880,48.53,7,846053,9.1
2022-12-28,4.26,66.34,29.39,17,6721781,72.28,18,6158043,66.22,25,4512905,48.53,64,846117,9.1
2022-12-29,4.28,66.33,29.39,15,6721796,72.28,23,6158066,66.22,14,4512919,48.53,4,846121,9.1
2022-12-30,4.27,66.33,29.4,4,6721800,72.28,5,6158071,66.22,3,4512922,48.53,0,846121,9.1
2022-12-31,4.26,66.35,29.4,0,6721800,72.28,1,6158072,66.22,0,4512922,48.53,0,846121,9.1
2023-01-01,4.27,66.33,29.4,6,6721806,72.28,21,6158093,66.22,2,4512924,48.53,1,846122,9.1
2023-01-02,4.29,66.31,29.4,10,6721816,72.28,8,6158101,66.22,3,4512927,48.53,1,846123,9.1
2023-01-03,4.3,66.3,29.4,20,6721836,72.28,17,6158118,66.22,7,4512934,48.53,3,846126,9.1
2023-01-04,4.3,66.3,29.4,7,6721843,72.28,11,6158129,66.22,4,4512938,48.53,2,846128,9.1
2023-01-05,4.31,66.29,29.39,12,6721855,72.28,19,6158148,66.22,11,4512949,48.53,4,846132,9.1
2023-01-06,4.31,66.29,29.4,2,6721857,72.28,1,6158149,66.22,1,4512950,48.53,0,846132,9.1
2023-01-07,4.3,66.31,29.4,1,6721858,72.28,0,6158149,66.22,0,4512950,48.53,0,846132,9.1
2023-01-08,4.33,66.28,29.4,14,6721872,72.28,31,6158180,66.22,9,4512959,48.53,2,846134,9.1
2023-01-09,4.34,66.26,29.4,12,6721884,72.28,20,6158200,66.22,1,4512960,48.53,1,846135,9.1
2023-01-10,4.35,66.25,29.4,38,6721922,72.28,27,6158227,66.22,10,4512970,48.53,4,846139,9.1
2023-01-11,4.36,66.25,29.4,14,6721936,72.28,18,6158245,66.22,11,4512981,48.53,2,846141,9.1
2023-01-12,4.37,66.24,29.39,22,6721958,72.28,20,6158265,66.22,11,4512992,48.53,2,846143,9.1
2023-01-13,4.36,66.24,29.4,3,6721961,72.28,2,6158267,66.22,0,4512992,48.53,0,846143,9.1
2023-01-14,4.35,66.25,29.4,1,6721962,72.28,0,6158267,66.22,0,4512992,48.53,0,846143,9.1
2023-01-15,4.36,66.24,29.4,17,6721979,72.28,16,6158283,66.22,4,4512996,48.53,3,846146,9.1
2023-01-16,4.38,66.22,29.4,9,6721988,72.28,14,6158297,66.22,6,4513002,48.53,0,846146,9.1
2023-01-17,4.38,66.22,29.4,14,6722002,72.29,14,6158311,66.22,6,4513008,48.53,0,846146,9.1
2023-01-18,4.39,66.21,29.4,7,6722009,72.29,8,6158319,66.22,3,4513011,48.53,1,846147,9.1
2023-01-19,4.4,66.2,29.4,13,6722022,72.29,15,6158334,66.22,2,4513013,48.53,4,846151,9.1
2023-01-20,4.39,66.2,29.4,4,6722026,72.29,2,6158336,66.22,0,4513013,48.53,1,846152,9.1
2023-01-21,4.39,66.21,29.4,0,6722026,72.29,0,6158336,66.22,0,4513013,48.53,0,846152,9.1
2023-01-22,4.4,66.2,29.4,8,6722034,72.29,3,6158339,66.22,8,4513021,48.53,4,846156,9.1
2023-01-23,4.41,66.19,29.4,11,6722045,72.29,5,6158344,66.22,6,4513027,48.53,0,846156,9.1
2023-01-24,4.41,66.19,29.4,21,6722066,72.29,21,6158365,66.22,11,4513038,48.53,2,846158,9.1
2023-01-25,4.41,66.18,29.4,5,6722071,72.29,5,6158370,66.22,0,4513038,48.53,2,846160,9.1
2023-01-26,4.42,66.18,29.4,10,6722081,72.29,15,6158385,66.22,8,4513046,48.53,2,846162,9.1
2023-01-27,4.41,66.18,29.4,0,6722081,72.29,9,6158394,66.22,0,4513046,48.53,0,846162,9.1
2023-01-28,4.41,66.19,29.4,0,6722081,72.29,0,6158394,66.22,0,4513046,48.53,0,846162,9.1
2023-01-29,4.41,66.19,29.41,12,6722093,72.29,8,6158402,66.22,5,4513051,48.53,2,846164,9.1
2023-01-30,4.42,66.17,29.41,9,6722102,72.29,16,6158418,66.22,2,4513053,48.53,1,846165,9.1
2023-01-31,4.42,66.17,29.41,19,6722121,72.29,23,6158441,66.22,4,4513057,48.53,1,846166,9.1
2023-02-01,4.42,66.17,29.41,10,6722131,72.29,11,6158452,66.22,4,4513061,48.53,0,846166,9.1
2023-02-02,4.43,66.17,29.41,14,6722145,72.29,31,6158483,66.23,3,4513064,48.53,0,846166,9.1
2023-02-03,4.42,66.17,29.41,3,6722148,72.29,1,6158484,66.23,0,4513064,48.53,0,846166,9.1
2023-02-04,4.42,66.18,29.41,0,6722148,72.29,0,6158484,66.23,0,4513064,48.53,0,846166,9.1
2023-02-05,4.42,66.17,29.41,13,6722161,72.29,8,6158492,66.23,6,4513070,48.53,4,846170,9.1
2023-02-06,4.43,66.16,29.41,17,6722178,72.29,13,6158505,66.23,4,4513074,48.53,0,846170,9.1
2023-02-07,4.43,66.16,29.41,11,6722189,72.29,16,6158521,66.23,1,4513075,48.53,2,846172,9.1
