Date,Valid vaccinated pop. perc.,Expired vaccinated pop. perc.,Not vaccinated pop. perc.,Vaccinated (daily),Vaccinated (cumu),Vaccinated pop. perc.,Second dose (daily),Second dose (cumu),Second dose pop. perc.,Third dose (daily),Third dose (cumu),Third dose pop. perc.,Fourth dose (daily),Fourth dose (cumu),Fourth dose pop. perc.
2020-12-19,0,0,100,46,70,0,0,4,0,0,0,0,0,0,0
2020-12-20,0,0,100,7395,7465,0.08,0,4,0,0,0,0,0,0,0
2020-12-21,0,0,100,24923,32388,0.35,0,4,0,0,0,0,0,0,0
2020-12-22,0,0,100,44666,77054,0.83,0,4,0,0,0,0,0,0,0
2020-12-23,0,0,100,62917,139971,1.51,0,4,0,0,0,0,0,0,0
2020-12-24,0,0,100,73428,213399,2.29,0,4,0,0,0,0,0,0,0
2020-12-25,0,0,100,38515,251914,2.71,0,4,0,0,0,0,0,0,0
2020-12-26,0,0,100,32617,284531,3.06,0,4,0,0,0,0,0,0,0
2020-12-27,0,0,100,104571,389102,4.18,0,4,0,0,0,0,0,0,0
2020-12-28,0,0,100,135035,524137,5.64,0,4,0,0,0,0,0,0,0
2020-12-29,0,0,100,156333,680470,7.32,2,6,0,0,0,0,0,0,0
2020-12-30,0,0,100,153178,833648,8.96,0,6,0,0,0,0,0,0,0
2020-12-31,0,0,100,158591,992239,10.67,0,6,0,0,0,0,0,0,0
2021-01-01,0,0,100,71435,1063674,11.44,0,6,0,0,0,0,0,0,0
2021-01-02,0,0,100,71742,1135416,12.21,0,6,0,0,0,0,0,0,0
2021-01-03,0,0,100,149760,1285176,13.82,0,6,0,0,0,0,0,0,0
2021-01-04,0,0,100,152198,1437374,15.46,1,7,0,0,0,0,0,0,0
2021-01-05,0,0,100,125214,1562588,16.8,4,11,0,0,0,0,0,0,0
2021-01-06,0,0,100,103369,1665957,17.91,2,13,0,0,0,0,0,0,0
2021-01-07,0,0,100,116062,1782019,19.16,9,22,0,0,0,0,0,0,0
2021-01-08,0,0,100,66460,1848479,19.88,5,27,0,0,0,0,0,0,0
2021-01-09,0,0,100,44550,1893029,20.36,24,51,0,0,0,0,0,0,0
2021-01-10,0,0,100,37648,1930677,20.76,6000,6051,0.07,0,0,0,0,0,0
2021-01-11,0,0,100,21175,1951852,20.99,19264,25315,0.27,0,0,0,0,0,0
2021-01-12,0,0,100,24075,1975927,21.25,35673,60988,0.66,0,0,0,0,0,0
2021-01-13,0,0,100,52074,2028001,21.81,56874,117862,1.27,0,0,0,0,0,0
2021-01-14,0,0,100,56476,2084477,22.42,68836,186698,2.01,0,0,0,0,0,0
2021-01-15,0,0,100,30775,2115252,22.75,35940,222638,2.39,0,0,0,0,0,0
2021-01-16,0,0,100,29479,2144731,23.06,26006,248644,2.67,0,0,0,0,0,0
2021-01-17,0.31,0,99.69,68441,2213172,23.8,84596,333240,3.58,0,0,0,0,0,0
2021-01-18,0.58,0,99.42,69816,2282988,24.55,120434,453674,4.88,0,0,0,0,0,0
2021-01-19,1.09,0,98.91,72893,2355881,25.33,137845,591519,6.36,0,0,0,0,0,0
2021-01-20,1.9,0,98.1,76916,2432797,26.16,143760,735279,7.91,0,0,0,0,0,0
2021-01-21,2.88,0,97.12,70001,2502798,26.91,164471,899750,9.68,0,0,0,0,0,0
2021-01-22,3.39,0,96.61,37928,2540726,27.32,71131,970881,10.44,0,0,0,0,0,0
2021-01-23,3.77,0,96.23,39964,2580690,27.75,53594,1024475,11.02,0,0,0,0,0,0
2021-01-24,4.96,0,95.04,69146,2649836,28.49,140706,1165181,12.53,0,0,0,0,0,0
2021-01-25,6.61,0,93.39,80945,2730781,29.37,139519,1304700,14.03,0,0,0,0,0,0
2021-01-26,8.45,0,91.55,78729,2809510,30.21,126441,1431141,15.39,0,0,0,0,0,0
2021-01-27,10.34,0,89.66,77978,2887488,31.05,125066,1556207,16.73,0,0,0,0,0,0
2021-01-28,12.43,0,87.57,79569,2967057,31.91,130627,1686834,18.14,0,0,0,0,0,0
2021-01-29,13.34,0,86.66,36703,3003760,32.3,64792,1751626,18.84,0,0,0,0,0,0
2021-01-30,14.02,0,85.98,34394,3038154,32.67,42764,1794390,19.3,0,0,0,0,0,0
2021-01-31,15.76,0,84.24,73330,3111484,33.46,59502,1853892,19.94,0,0,0,0,0,0
2021-02-01,17.48,0,82.52,82505,3193989,34.35,35356,1889248,20.32,0,0,0,0,0,0
2021-02-02,19.01,0,80.99,70101,3264090,35.1,31071,1920319,20.65,0,0,0,0,0,0
2021-02-03,20.47,0,79.53,60307,3324397,35.75,51443,1971762,21.2,0,0,0,0,0,0
2021-02-04,22,0,78,72631,3397028,36.53,58096,2029858,21.83,0,0,0,0,0,0
2021-02-05,22.75,0,77.25,33943,3430971,36.9,28805,2058663,22.14,0,0,0,0,0,0
2021-02-06,23.23,0,76.77,21621,3452592,37.13,22231,2080894,22.38,0,0,0,0,0,0
2021-02-07,23.99,0,76.01,54080,3506672,37.71,68739,2149633,23.12,0,0,0,0,0,0
2021-02-08,24.52,0,75.48,58639,3565311,38.34,65467,2215100,23.82,0,0,0,0,0,0
2021-02-09,25.04,0,74.96,66352,3631663,39.05,67576,2282676,24.55,0,0,0,0,0,0
2021-02-10,25.77,0,74.23,70569,3702232,39.81,72309,2354985,25.32,0,0,0,0,0,0
2021-02-11,26.61,0,73.39,81173,3783405,40.68,72106,2427091,26.1,0,0,0,0,0,0
2021-02-12,27.02,0,72.98,39104,3822509,41.11,37596,2464687,26.5,0,0,0,0,0,0
2021-02-13,27.33,0,72.67,27463,3849972,41.4,30440,2495127,26.83,0,0,0,0,0,0
2021-02-14,28.25,0,71.75,74913,3924885,42.21,69083,2564210,27.57,0,0,0,0,0,0
2021-02-15,29.17,0,70.83,81544,4006429,43.08,75721,2639931,28.39,0,0,0,0,0,0
2021-02-16,30.11,0,69.89,83416,4089845,43.98,78297,2718228,29.23,0,0,0,0,0,0
2021-02-17,31.01,0,68.99,61981,4151826,44.65,75641,2793869,30.04,0,0,0,0,0,0
2021-02-18,31.94,0,68.06,69156,4220982,45.39,79738,2873607,30.9,0,0,0,0,0,0
2021-02-19,32.45,0,67.55,39674,4260656,45.82,38161,2911768,31.31,0,0,0,0,0,0
2021-02-20,32.85,0,67.15,31650,4292306,46.16,28723,2940491,31.62,0,0,0,0,0,0
2021-02-21,33.8,0,66.2,79434,4371740,47.01,78444,3018935,32.46,0,0,0,0,0,0
2021-02-22,34.83,0,65.17,85058,4456798,47.93,80592,3099527,33.33,0,0,0,0,0,0
2021-02-23,35.84,0,64.16,77328,4534126,48.76,70484,3170011,34.09,0,0,0,0,0,0
2021-02-24,36.76,0,63.24,61066,4595192,49.41,63143,3233154,34.77,0,0,0,0,0,0
2021-02-25,37.66,0,62.34,51727,4646919,49.97,64805,3297959,35.46,0,0,0,0,0,0
2021-02-26,38.1,0,61.9,25911,4672830,50.25,32041,3330000,35.81,0,0,0,0,0,0
2021-02-27,38.42,0,61.58,18351,4691181,50.45,21196,3351196,36.04,0,0,0,0,0,0
2021-02-28,39.24,0,60.76,40364,4731545,50.88,55873,3407069,36.64,0,0,0,0,0,0
2021-03-01,40.1,0,59.9,45748,4777293,51.37,61438,3468507,37.3,0,0,0,0,0,0
2021-03-02,40.85,0,59.15,41200,4818493,51.82,64797,3533304,38,0,0,0,0,0,0
2021-03-03,41.55,0,58.45,42032,4860525,52.27,66789,3600093,38.71,0,0,0,0,0,0
2021-03-04,42.24,0,57.76,39718,4900243,52.69,79124,3679217,39.56,0,0,0,0,0,0
2021-03-05,42.57,0,57.43,17365,4917608,52.88,40466,3719683,40,0,0,0,0,0,0
2021-03-06,42.78,0,57.22,10722,4928330,53,25347,3745030,40.27,0,0,0,0,0,0
2021-03-07,43.36,0,56.64,31155,4959485,53.33,72845,3817875,41.06,0,0,0,0,0,0
2021-03-08,43.97,0,56.03,27387,4986872,53.63,73295,3891170,41.84,0,0,0,0,0,0
2021-03-09,44.62,0,55.38,26756,5013628,53.91,76599,3967769,42.67,0,0,0,0,0,0
2021-03-10,45.27,0,54.73,23371,5036999,54.17,58684,4026453,43.3,0,0,0,0,0,0
2021-03-11,45.99,0,54.01,23304,5060303,54.42,69094,4095547,44.04,0,0,0,0,0,0
2021-03-12,46.34,0,53.66,11296,5071599,54.54,41413,4136960,44.49,0,0,0,0,0,0
2021-03-13,46.57,0,53.43,7952,5079551,54.62,25239,4162199,44.76,0,0,0,0,0,0
2021-03-14,47.2,0,52.8,20989,5100540,54.85,73935,4236134,45.55,0,0,0,0,0,0
2021-03-15,47.81,0,52.19,20150,5120690,55.07,78281,4314415,46.4,0,0,0,0,0,0
2021-03-16,48.43,0,51.57,18755,5139445,55.27,71479,4385894,47.16,0,0,0,0,0,0
2021-03-17,48.92,0,51.08,17703,5157148,55.46,59008,4444902,47.8,0,0,0,0,0,0
2021-03-18,49.45,0,50.55,16048,5173196,55.63,58125,4503027,48.42,0,0,0,0,0,0
2021-03-19,49.75,0,50.25,6955,5180151,55.7,27979,4531006,48.72,0,0,0,0,0,0
2021-03-20,49.93,0,50.07,5226,5185377,55.76,15301,4546307,48.89,0,0,0,0,0,0
2021-03-21,50.46,0,49.54,13171,5198548,55.9,40510,4586817,49.32,0,0,0,0,0,0
2021-03-22,51,0,49,13577,5212125,56.05,40541,4627358,49.76,0,0,0,0,0,0
2021-03-23,51.43,0,48.57,2844,5214969,56.08,7302,4634660,49.84,0,0,0,0,0,0
2021-03-24,51.84,0,48.16,11001,5225970,56.2,46556,4681216,50.34,0,0,0,0,0,0
2021-03-25,52.22,0,47.78,10270,5236240,56.31,35438,4716654,50.72,0,0,0,0,0,0
2021-03-26,52.4,0,47.6,4186,5240426,56.35,13333,4729987,50.86,0,0,0,0,0,0
2021-03-27,52.5,0,47.5,1786,5242212,56.37,4268,4734255,50.91,0,0,0,0,0,0
2021-03-28,52.74,0,47.26,2112,5244324,56.39,4611,4738866,50.96,0,0,0,0,0,0
2021-03-29,53,0,47,6914,5251238,56.47,30016,4768882,51.28,0,0,0,0,0,0
2021-03-30,53.08,0,46.92,7889,5259127,56.55,22454,4791336,51.52,0,0,0,0,0,0
2021-03-31,53.38,0,46.62,8153,5267280,56.64,19501,4810837,51.73,0,0,0,0,0,0
2021-04-01,53.62,0,46.38,8210,5275490,56.73,18701,4829538,51.93,0,0,0,0,0,0
2021-04-02,53.71,0,46.29,2939,5278429,56.76,8130,4837668,52.02,0,0,0,0,0,0
2021-04-03,53.74,0,46.26,1433,5279862,56.78,2982,4840650,52.05,0,0,0,0,0,0
2021-04-04,53.82,0,46.18,9618,5289480,56.88,22832,4863482,52.3,0,0,0,0,0,0
2021-04-05,54.04,0,45.96,10362,5299842,56.99,21275,4884757,52.53,0,0,0,0,0,0
2021-04-06,54.21,0,45.79,9028,5308870,57.09,16793,4901550,52.71,0,0,0,0,0,0
2021-04-07,54.36,0,45.64,8928,5317798,57.18,15310,4916860,52.87,0,0,0,0,0,0
2021-04-08,54.52,0,45.48,9428,5327226,57.29,17014,4933874,53.06,0,0,0,0,0,0
2021-04-09,54.58,0,45.42,3607,5330833,57.33,6256,4940130,53.12,0,0,0,0,0,0
2021-04-10,54.61,0,45.39,1634,5332467,57.34,3520,4943650,53.16,0,0,0,0,0,0
2021-04-11,54.78,0,45.22,9044,5341511,57.44,14248,4957898,53.31,0,0,0,0,0,0
2021-04-12,54.95,0,45.05,8935,5350446,57.54,13233,4971131,53.46,0,0,0,0,0,0
2021-04-13,55.08,0,44.92,5840,5356286,57.6,4959,4976090,53.51,0,0,0,0,0,0
2021-04-14,55.18,0,44.82,3648,5359934,57.64,5309,4981399,53.57,0,0,0,0,0,0
2021-04-15,55.27,0,44.73,695,5360629,57.65,581,4981980,53.57,0,0,0,0,0,0
2021-04-16,55.33,0,44.67,3414,5364043,57.68,6648,4988628,53.65,0,0,0,0,0,0
2021-04-17,55.35,0,44.65,822,5364865,57.69,1972,4990600,53.67,0,0,0,0,0,0
2021-04-18,55.47,0,44.53,7097,5371962,57.77,7432,4998032,53.75,0,0,0,0,0,0
2021-04-19,55.58,0,44.42,6404,5378366,57.84,7131,5005163,53.82,0,0,0,0,0,0
2021-04-20,55.65,0,44.35,6279,5384645,57.9,6886,5012049,53.9,0,0,0,0,0,0
2021-04-21,55.71,0,44.29,6380,5391025,57.97,7108,5019157,53.97,0,0,0,0,0,0
2021-04-22,55.75,0,44.25,5948,5396973,58.04,7687,5026844,54.06,0,0,0,0,0,0
2021-04-23,55.8,0,44.2,2765,5399738,58.07,3387,5030231,54.09,0,0,0,0,0,0
2021-04-24,55.82,0,44.18,767,5400505,58.07,1290,5031521,54.11,0,0,0,0,0,0
2021-04-25,55.89,0,44.11,4828,5405333,58.13,6924,5038445,54.18,0,0,0,0,0,0
2021-04-26,55.96,0,44.04,5478,5410811,58.19,7889,5046334,54.27,0,0,0,0,0,0
2021-04-27,56.03,0,43.97,4506,5415317,58.23,6624,5052958,54.34,0,0,0,0,0,0
2021-04-28,56.09,0,43.91,4499,5419816,58.28,7331,5060289,54.42,0,0,0,0,0,0
2021-04-29,56.16,0,43.84,4376,5424192,58.33,7292,5067581,54.49,0,0,0,0,0,0
2021-04-30,56.19,0,43.81,1923,5426115,58.35,3200,5070781,54.53,0,0,0,0,0,0
2021-05-01,56.2,0,43.8,458,5426573,58.35,895,5071676,54.54,0,0,0,0,0,0
2021-05-02,56.26,0,43.74,3225,5429798,58.39,6090,5077766,54.6,0,0,0,0,0,0
2021-05-03,56.32,0,43.68,3535,5433333,58.43,5831,5083597,54.67,0,0,0,0,0,0
2021-05-04,56.38,0,43.62,3591,5436924,58.47,4735,5088332,54.72,0,0,0,0,0,0
2021-05-05,56.44,0,43.56,3290,5440214,58.5,4092,5092424,54.76,0,0,0,0,0,0
2021-05-06,56.5,0,43.5,3641,5443855,58.54,3143,5095567,54.8,0,0,0,0,0,0
2021-05-07,56.52,0,43.48,1842,5445697,58.56,2508,5098075,54.82,0,0,0,0,0,0
2021-05-08,56.53,0,43.47,241,5445938,58.56,507,5098582,54.83,0,0,0,0,0,0
2021-05-09,56.58,0,43.42,2851,5448789,58.59,4749,5103331,54.88,0,0,0,0,0,0
2021-05-10,56.63,0,43.37,2894,5451683,58.62,4710,5108041,54.93,0,0,0,0,0,0
2021-05-11,56.67,0,43.33,2622,5454305,58.65,3879,5111920,54.97,0,0,0,0,0,0
2021-05-12,56.7,0,43.3,2030,5456335,58.67,3338,5115258,55.01,0,0,0,0,0,0
2021-05-13,56.73,0,43.27,2041,5458376,58.7,3684,5118942,55.05,0,0,0,0,0,0
2021-05-14,56.75,0,43.25,977,5459353,58.71,1493,5120435,55.06,0,0,0,0,0,0
2021-05-15,56.75,0,43.25,255,5459608,58.71,259,5120694,55.07,0,0,0,0,0,0
2021-05-16,56.78,0,43.22,529,5460137,58.72,1206,5121900,55.08,0,0,0,0,0,0
2021-05-17,56.81,0,43.19,299,5460436,58.72,846,5122746,55.09,0,0,0,0,0,0
2021-05-18,56.84,0,43.16,1961,5462397,58.74,4937,5127683,55.14,0,0,0,0,0,0
2021-05-19,56.87,0,43.13,2232,5464629,58.76,5041,5132724,55.19,0,0,0,0,0,0
2021-05-20,56.9,0,43.1,2311,5466940,58.79,3879,5136603,55.24,0,0,0,0,0,0
2021-05-21,56.92,0,43.08,1190,5468130,58.8,1414,5138017,55.25,0,0,0,0,0,0
2021-05-22,56.92,0,43.08,206,5468336,58.8,395,5138412,55.26,0,0,0,0,0,0
2021-05-23,56.94,0,43.06,2271,5470607,58.83,3216,5141628,55.29,0,0,0,0,0,0
2021-05-24,56.96,0,43.04,2136,5472743,58.85,3596,5145224,55.33,0,0,0,0,0,0
2021-05-25,56.99,0,43.01,1819,5474562,58.87,2586,5147810,55.36,0,0,0,0,0,0
2021-05-26,57.03,0,42.97,1410,5475972,58.89,2502,5150312,55.38,0,0,0,0,0,0
2021-05-27,57.06,0,42.94,1858,5477830,58.91,3186,5153498,55.42,0,0,0,0,0,0
2021-05-28,57.07,0,42.93,789,5478619,58.91,1405,5154903,55.43,0,0,0,0,0,0
2021-05-29,57.07,0,42.93,190,5478809,58.92,224,5155127,55.44,0,0,0,0,0,0
2021-05-30,57.1,0,42.9,1644,5480453,58.93,1937,5157064,55.46,0,0,0,0,0,0
2021-05-31,57.13,0,42.87,1738,5482191,58.95,2093,5159157,55.48,0,0,0,0,0,0
2021-06-01,57.47,0,42.53,1380,5483571,58.97,1822,5160979,55.5,0,0,0,0,0,0
2021-06-02,57.25,0,42.75,1513,5485084,58.98,1607,5162586,55.52,0,0,0,0,0,0
2021-06-03,57.27,0,42.73,1684,5486768,59,1490,5164076,55.53,0,0,0,0,0,0
2021-06-04,57.28,0,42.72,1101,5487869,59.01,782,5164858,55.54,0,0,0,0,0,0
2021-06-05,57.29,0,42.71,183,5488052,59.02,159,5165017,55.54,0,0,0,0,0,0
2021-06-06,57.31,0,42.69,4290,5492342,59.06,1002,5166019,55.55,0,0,0,0,0,0
2021-06-07,57.34,0,42.66,4438,5496780,59.11,811,5166830,55.56,0,0,0,0,0,0
2021-06-08,57.36,0,42.64,3737,5500517,59.15,1174,5168004,55.57,0,0,0,0,0,0
2021-06-09,57.4,0,42.6,3614,5504131,59.19,1327,5169331,55.59,0,0,0,0,0,0
2021-06-10,57.42,0,42.58,3359,5507490,59.22,1299,5170630,55.6,0,0,0,0,0,0
2021-06-11,57.43,0,42.57,1397,5508887,59.24,587,5171217,55.61,0,0,0,0,0,0
2021-06-12,57.43,0,42.57,218,5509105,59.24,173,5171390,55.61,0,0,0,0,0,0
2021-06-13,57.45,0,42.55,3101,5512206,59.28,1260,5172650,55.62,0,0,0,0,0,0
2021-06-14,57.46,0,42.54,3056,5515262,59.31,1531,5174181,55.64,0,0,0,0,0,0
2021-06-15,57.48,0,42.52,3137,5518399,59.34,1375,5175556,55.66,0,0,0,0,0,0
2021-06-16,57.49,0,42.51,2729,5521128,59.37,999,5176555,55.67,0,0,0,0,0,0
2021-06-17,57.51,0,42.49,2729,5523857,59.4,1205,5177760,55.68,0,0,0,0,0,0
2021-06-18,57.52,0,42.48,1265,5525122,59.41,505,5178265,55.68,0,0,0,0,0,0
2021-06-19,57.52,0,42.48,242,5525364,59.42,139,5178404,55.69,0,0,0,0,0,0
2021-06-20,57.54,0,42.46,3315,5528679,59.45,1330,5179734,55.7,0,0,0,0,0,0
2021-06-21,57.56,0,42.44,5245,5533924,59.51,1216,5180950,55.71,0,0,0,0,0,0
2021-06-22,57.58,0,42.42,6933,5540857,59.58,1099,5182049,55.73,0,0,0,0,0,0
2021-06-23,57.6,0,42.4,10755,5551612,59.7,1304,5183353,55.74,0,0,0,0,0,0
2021-06-24,57.62,0,42.38,12045,5563657,59.83,1466,5184819,55.75,0,0,0,0,0,0
2021-06-25,57.62,0,42.38,7114,5570771,59.91,944,5185763,55.77,0,0,0,0,0,0
2021-06-26,57.63,0,42.37,2273,5573044,59.93,199,5185962,55.77,0,0,0,0,0,0
2021-06-27,57.65,0,42.35,13631,5586675,60.08,3436,5189398,55.8,0,0,0,0,0,0
2021-06-28,57.68,0,42.32,14518,5601193,60.23,3675,5193073,55.84,0,0,0,0,0,0
2021-06-29,57.69,0,42.31,16710,5617903,60.41,3743,5196816,55.88,0,0,0,0,0,0
2021-06-30,57.72,0,42.28,16484,5634387,60.59,3396,5200212,55.92,0,0,0,0,0,0
2021-07-01,57.78,0,42.22,16835,5651222,60.77,3374,5203586,55.96,121,121,0,0,0,0
2021-07-02,57.79,0,42.21,9836,5661058,60.88,1603,5205189,55.97,7,128,0,0,0,0
2021-07-03,57.79,0,42.21,2677,5663735,60.91,296,5205485,55.98,1,129,0,0,0,0
2021-07-04,57.85,0,42.15,17735,5681470,61.1,3161,5208646,56.01,2,131,0,0,0,0
2021-07-05,57.91,0,42.09,17848,5699318,61.29,3043,5211689,56.04,7,138,0,0,0,0
2021-07-06,57.99,0,42.01,17847,5717165,61.48,3407,5215096,56.08,11,149,0,0,0,0
2021-07-07,58.05,0,41.95,15526,5732691,61.65,2701,5217797,56.11,12,161,0,0,0,0
2021-07-08,58.12,0,41.88,16585,5749276,61.82,2879,5220676,56.14,17,178,0,0,0,0
2021-07-09,58.15,0,41.85,11124,5760400,61.94,1534,5222210,56.16,4,182,0,0,0,0
2021-07-10,58.15,0,41.85,4988,5765388,62,389,5222599,56.16,6,188,0,0,0,0
2021-07-11,58.22,0,41.78,1456,5766844,62.01,2848,5225447,56.19,8,196,0,0,0,0
2021-07-12,58.29,0,41.71,2425,5769269,62.04,3689,5229136,56.23,56,252,0,0,0,0
2021-07-13,58.36,0,41.64,2964,5772233,62.07,5458,5234594,56.29,124,376,0,0,0,0
2021-07-14,58.42,0,41.58,2746,5774979,62.1,7531,5242125,56.37,441,817,0.01,0,0,0
2021-07-15,58.5,0,41.5,3003,5777982,62.13,9295,5251420,56.47,374,1191,0.01,0,0,0
2021-07-16,58.54,0,41.46,1293,5779275,62.15,5897,5257317,56.53,66,1257,0.01,0,0,0
2021-07-17,58.55,0,41.44,370,5779645,62.15,1391,5258708,56.55,8,1265,0.01,0,0,0
2021-07-18,58.6,0,41.4,2073,5781718,62.17,9768,5268476,56.65,235,1500,0.02,0,0,0
2021-07-19,58.65,0,41.35,3209,5784927,62.21,11345,5279821,56.78,461,1961,0.02,0,0,0
2021-07-20,58.72,0,41.28,2684,5787611,62.24,11912,5291733,56.9,373,2334,0.03,0,0,0
2021-07-21,58.81,0,41.19,2405,5790016,62.26,11880,5303613,57.03,325,2659,0.03,0,0,0
2021-07-22,58.93,0,41.07,2874,5792890,62.29,13275,5316888,57.18,391,3050,0.03,0,0,0
2021-07-23,58.99,0,41.01,2035,5794925,62.32,8248,5325136,57.26,106,3156,0.03,0,0,0
2021-07-24,58.99,0,41,642,5795567,62.32,1485,5326621,57.28,7,3163,0.03,0,0,0
2021-07-25,59.1,0,40.89,4416,5799983,62.37,15497,5342118,57.45,223,3386,0.04,0,0,0
2021-07-26,59.24,0,40.75,5169,5805152,62.43,13533,5355651,57.59,325,3711,0.04,0,0,0
2021-07-27,59.37,0.01,40.62,5491,5810643,62.48,13576,5369227,57.74,414,4125,0.04,0,0,0
2021-07-28,59.5,0.01,40.49,3987,5814630,62.53,12342,5381569,57.87,472,4597,0.05,0,0,0
2021-07-29,59.65,0.01,40.33,4661,5819291,62.58,14198,5395767,58.02,532,5129,0.06,0,0,0
2021-07-30,59.74,0.02,40.25,2652,5821943,62.61,10854,5406621,58.14,4122,9251,0.1,0,0,0
2021-07-31,59.75,0.02,40.23,1405,5823348,62.62,3551,5410172,58.18,6159,15410,0.17,0,0,0
2021-08-01,59.91,0.02,40.06,3075,5826423,62.65,3364,5413536,58.21,31047,46457,0.5,0,0,0
2021-08-02,60.06,0.03,39.91,3132,5829555,62.69,3173,5416709,58.25,58514,104971,1.13,0,0,0
2021-08-03,60.21,0.03,39.76,3384,5832939,62.72,3328,5420037,58.28,78953,183924,1.98,0,0,0
2021-08-04,60.34,0.03,39.63,3527,5836466,62.76,3255,5423292,58.32,80764,264688,2.85,0,0,0
2021-08-05,60.49,0.04,39.47,4513,5840979,62.81,3569,5426861,58.36,88442,353130,3.8,0,0,0
2021-08-06,60.6,0.04,39.36,2434,5843413,62.84,1858,5428719,58.38,44743,397873,4.28,0,0,0
2021-08-07,60.63,0.04,39.32,1032,5844445,62.85,698,5429417,58.39,27353,425226,4.57,0,0,0
2021-08-08,60.68,0.04,39.28,4989,5849434,62.9,3082,5432499,58.42,80087,505313,5.43,0,0,0
2021-08-09,60.72,0.04,39.24,5340,5854774,62.96,3058,5435557,58.45,76489,581802,6.26,0,0,0
2021-08-10,60.75,0.04,39.2,5552,5860326,63.02,3202,5438759,58.49,75427,657229,7.07,0,0,0
2021-08-11,60.79,0.04,39.17,5694,5866020,63.08,2946,5441705,58.52,62639,719868,7.74,0,0,0
2021-08-12,60.83,0.04,39.12,7039,5873059,63.16,3287,5444992,58.55,59461,779329,8.38,0,0,0
2021-08-13,60.84,0.05,39.11,3817,5876876,63.2,2068,5447060,58.58,43869,823198,8.85,0,0,0
2021-08-14,60.85,0.05,39.1,2252,5879128,63.22,850,5447910,58.58,44486,867684,9.33,0,0,0
2021-08-15,60.89,0.05,39.06,7143,5886271,63.3,4530,5452440,58.63,97983,965667,10.38,0,0,0
2021-08-16,60.92,0.04,39.03,6988,5893259,63.37,4745,5457185,58.68,89518,1055185,11.35,0,0,0
2021-08-17,60.96,0.04,39,7572,5900831,63.45,5134,5462319,58.74,83319,1138504,12.24,0,0,0
2021-08-18,60.99,0.04,38.96,8643,5909474,63.55,4603,5466922,58.79,69267,1207771,12.99,0,0,0
2021-08-19,61.03,0.04,38.92,10079,5919553,63.66,5216,5472138,58.84,65974,1273745,13.7,0,0,0
2021-08-20,61.05,0.05,38.9,4768,5924321,63.71,2825,5474963,58.88,60452,1334197,14.35,0,0,0
2021-08-21,61.06,0.05,38.89,3497,5927818,63.74,1580,5476543,58.89,50725,1384922,14.89,0,0,0
2021-08-22,61.12,0.04,38.84,9820,5937638,63.85,4806,5481349,58.94,105106,1490028,16.02,0,0,0
2021-08-23,61.17,0.04,38.79,10925,5948563,63.97,4447,5485796,58.99,94030,1584058,17.03,0,0,0
2021-08-24,61.23,0.04,38.73,11721,5960284,64.09,4703,5490499,59.04,98551,1682609,18.09,0,0,0
2021-08-25,61.29,0.04,38.67,9613,5969897,64.2,4482,5494981,59.09,99546,1782155,19.16,0,0,0
2021-08-26,61.36,0.03,38.61,10107,5980004,64.31,5057,5500038,59.14,101228,1883383,20.25,0,0,0
2021-08-27,61.35,0.04,38.61,4325,5984329,64.35,2783,5502821,59.17,56694,1940077,20.86,0,0,0
2021-08-28,61.4,0.04,38.57,3698,5988027,64.39,1497,5504318,59.19,33538,1973615,21.22,0,0,0
2021-08-29,61.46,0.03,38.5,10321,5998348,64.5,5931,5510249,59.25,79547,2053162,22.08,0,0,0
2021-08-30,61.53,0.03,38.44,12334,6010682,64.64,7015,5517264,59.33,116003,2169165,23.33,0,0,0
2021-08-31,61.6,0.03,38.37,12075,6022757,64.77,6527,5523791,59.4,114873,2284038,24.56,0,0,0
2021-09-01,61.43,0.03,38.54,9034,6031791,64.86,6038,5529829,59.47,112488,2396526,25.77,0,0,0
2021-09-02,61.49,0.03,38.48,8783,6040574,64.96,7180,5537009,59.54,111542,2508068,26.97,0,0,0
2021-09-03,61.56,0.03,38.42,3749,6044323,65,4115,5541124,59.59,58884,2566952,27.6,0,0,0
2021-09-04,61.59,0.03,38.38,2692,6047015,65.03,2020,5543144,59.61,29950,2596902,27.93,0,0,0
2021-09-05,61.68,0.03,38.29,6990,6054005,65.1,6460,5549604,59.68,73327,2670229,28.71,0,0,0
2021-09-06,61.77,0.03,38.2,2832,6056837,65.13,2710,5552314,59.71,22797,2693026,28.96,0,0,0
2021-09-07,61.85,0.03,38.12,1199,6058036,65.15,879,5553193,59.72,5398,2698424,29.02,0,0,0
2021-09-08,61.93,0.03,38.05,1380,6059416,65.16,1195,5554388,59.73,6621,2705045,29.09,0,0,0
2021-09-09,62.02,0.03,37.95,7089,6066505,65.24,12573,5566961,59.86,73844,2778889,29.88,0,0,0
2021-09-10,62.06,0.03,37.91,3258,6069763,65.27,5015,5571976,59.92,37936,2816825,30.29,0,0,0
2021-09-11,62.08,0.03,37.89,2109,6071872,65.29,2505,5574481,59.95,14816,2831641,30.45,0,0,0
2021-09-12,62.16,0.03,37.81,6107,6077979,65.36,8586,5583067,60.04,54135,2885776,31.03,0,0,0
2021-09-13,62.15,0.03,37.82,5610,6083589,65.42,8260,5591327,60.13,47981,2933757,31.55,0,0,0
2021-09-14,62.2,0.03,37.77,4961,6088550,65.47,7420,5598747,60.21,48854,2982611,32.07,0,0,0
2021-09-15,62.25,0.03,37.72,1750,6090300,65.49,2716,5601463,60.24,16686,2999297,32.25,0,0,0
2021-09-16,62.37,0.03,37.6,343,6090643,65.5,548,5602011,60.24,1740,3001037,32.27,0,0,0
2021-09-17,62.42,0.03,37.54,3682,6094325,65.54,7019,5609030,60.32,42904,3043941,32.73,0,0,0
2021-09-18,62.45,0.03,37.52,2258,6096583,65.56,2943,5611973,60.35,12783,3056724,32.87,0,0,0
2021-09-19,62.55,0.03,37.42,5941,6102524,65.62,10710,5622683,60.46,44332,3101056,33.35,0,0,0
2021-09-20,62.63,0.03,37.34,3245,6105769,65.66,4645,5627328,60.51,16707,3117763,33.53,0,0,0
2021-09-21,62.69,0.03,37.28,1339,6107108,65.67,2059,5629387,60.54,3476,3121239,33.56,0,0,0
2021-09-22,62.72,0.03,37.25,4257,6111365,65.72,7250,5636637,60.61,25072,3146311,33.83,0,0,0
2021-09-23,62.75,0.03,37.22,4389,6115754,65.77,5912,5642549,60.68,27833,3174144,34.13,0,0,0
2021-09-24,62.82,0.03,37.15,3202,6118956,65.8,4184,5646733,60.72,27721,3201865,34.43,0,0,0
2021-09-25,62.85,0.03,37.12,2079,6121035,65.82,2260,5648993,60.75,10443,3212308,34.54,0,0,0
2021-09-26,62.96,0.03,37,5604,6126639,65.88,5971,5654964,60.81,36269,3248577,34.93,0,0,0
2021-09-27,63.02,0.03,36.94,4693,6131332,65.93,4468,5659432,60.86,30453,3279030,35.26,0,0,0
2021-09-28,63.06,0.04,36.91,1471,6132803,65.95,1180,5660612,60.87,6249,3285279,35.33,0,0,0
2021-09-29,63.13,0.03,36.84,9620,6142423,66.05,8346,5668958,60.96,60324,3345603,35.98,0,0,0
2021-09-30,63.18,0.03,36.79,10974,6153397,66.17,8574,5677532,61.05,79697,3425300,36.83,0,0,0
2021-10-01,63.23,0.03,36.73,5124,6158521,66.23,3875,5681407,61.09,46544,3471844,37.33,0,0,0
2021-10-02,63.26,0.03,36.71,2862,6161383,66.26,2127,5683534,61.12,22432,3494276,37.58,0,0,0
2021-10-03,63.35,0.03,36.62,11667,6173050,66.38,7273,5690807,61.2,70725,3565001,38.34,0,0,0
2021-10-04,63.4,0.03,36.57,10320,6183370,66.49,6757,5697564,61.27,51907,3616908,38.89,0,0,0
2021-10-05,63.41,0.03,36.55,8459,6191829,66.58,5314,5702878,61.33,40479,3657387,39.33,0,0,0
2021-10-06,63.52,0.03,36.45,7542,6199371,66.66,4183,5707061,61.37,34147,3691534,39.7,0,0,0
2021-10-07,63.63,0.03,36.34,6892,6206263,66.74,4008,5711069,61.41,34066,3725600,40.06,0,0,0
2021-10-08,63.68,0.03,36.29,3085,6209348,66.77,2643,5713712,61.44,19250,3744850,40.27,0,0,0
2021-10-09,63.71,0.03,36.26,1337,6210685,66.79,1443,5715155,61.46,7441,3752291,40.35,0,0,0
2021-10-10,63.82,0.04,36.14,4675,6215360,66.84,3747,5718902,61.5,21518,3773809,40.58,0,0,0
2021-10-11,63.91,0.04,36.05,4299,6219659,66.88,2942,5721844,61.53,17264,3791073,40.77,0,0,0
2021-10-12,63.99,0.05,35.96,3973,6223632,66.93,3003,5724847,61.56,15356,3806429,40.93,0,0,0
2021-10-13,64.09,0.05,35.86,3487,6227119,66.96,2451,5727298,61.59,13586,3820015,41.08,0,0,0
2021-10-14,64.19,0.06,35.75,3867,6230986,67.01,2685,5729983,61.62,16567,3836582,41.26,0,0,0
2021-10-15,64.23,0.07,35.7,1702,6232688,67.02,1682,5731665,61.64,9007,3845589,41.35,0,0,0
2021-10-16,64.25,0.08,35.67,727,6233415,67.03,955,5732620,61.65,4034,3849623,41.4,0,0,0
2021-10-17,64.36,0.09,35.56,3088,6236503,67.06,2525,5735145,61.67,12798,3862421,41.53,0,0,0
2021-10-18,64.43,0.1,35.47,2460,6238963,67.09,1689,5736834,61.69,10069,3872490,41.64,0,0,0
2021-10-19,64.49,0.1,35.4,2397,6241360,67.12,1282,5738116,61.7,9295,3881785,41.74,0,0,0
2021-10-20,64.14,0.52,35.34,2434,6243794,67.14,2304,5740420,61.73,10099,3891884,41.85,0,0,0
2021-10-21,54.23,10.41,35.36,3032,6246826,67.18,3094,5743514,61.76,12163,3904047,41.98,0,0,0
2021-10-22,54.36,10.26,35.38,1279,6248105,67.19,1435,5744949,61.78,5834,3909881,42.04,0,0,0
2021-10-23,54.42,10.19,35.39,572,6248677,67.2,1266,5746215,61.79,2564,3912445,42.07,0,0,0
2021-10-24,54.22,10.43,35.35,2515,6251192,67.22,2653,5748868,61.82,9855,3922300,42.18,0,0,0
2021-10-25,54.59,10.22,35.19,2635,6253827,67.25,2749,5751617,61.85,8509,3930809,42.27,0,0,0
2021-10-26,54.64,10.26,35.1,2380,6256207,67.28,2056,5753673,61.87,8522,3939331,42.36,0,0,0
2021-10-27,54.58,10.37,35.06,2289,6258496,67.3,2566,5756239,61.9,7953,3947284,42.45,0,0,0
2021-10-28,54.69,10.76,34.55,2504,6261000,67.33,2777,5759016,61.93,8670,3955954,42.54,0,0,0
2021-10-29,54.73,10.75,34.52,900,6261900,67.34,1151,5760167,61.94,4136,3960090,42.58,0,0,0
2021-10-30,54.68,10.81,34.52,365,6262265,67.34,530,5760697,61.95,1711,3961801,42.6,0,0,0
2021-10-31,54.83,10.7,34.47,2261,6264526,67.37,2495,5763192,61.97,8254,3970055,42.69,0,0,0
2021-11-01,54.95,10.63,34.42,1736,6266262,67.38,2091,5765283,62,6479,3976534,42.76,0,0,0
2021-11-02,54.89,10.69,34.42,2026,6268288,67.41,2044,5767327,62.02,6294,3982828,42.83,0,0,0
2021-11-03,54.86,10.75,34.39,1763,6270051,67.42,1897,5769224,62.04,5556,3988384,42.89,0,0,0
2021-11-04,54.85,10.81,34.33,2111,6272162,67.45,2802,5772026,62.07,7126,3995510,42.97,0,0,0
2021-11-05,54.85,10.83,34.32,789,6272951,67.46,904,5772930,62.08,3484,3998994,43,0,0,0
2021-11-06,54.82,10.86,34.32,346,6273297,67.46,385,5773315,62.08,1373,4000367,43.02,0,0,0
2021-11-07,54.92,10.8,34.28,1578,6274875,67.48,1769,5775084,62.1,6134,4006501,43.08,0,0,0
2021-11-08,55.01,10.75,34.24,1519,6276394,67.49,1602,5776686,62.12,5405,4011906,43.14,0,0,0
2021-11-09,55.05,10.74,34.21,1428,6277822,67.51,1608,5778294,62.14,5331,4017237,43.2,0,0,0
2021-11-10,55.08,10.73,34.19,1423,6279245,67.52,1659,5779953,62.15,4777,4022014,43.25,0,0,0
2021-11-11,55.15,10.69,34.15,1627,6280872,67.54,1944,5781897,62.18,5714,4027728,43.31,0,0,0
2021-11-12,55.17,10.69,34.14,633,6281505,67.55,825,5782722,62.18,2922,4030650,43.34,0,0,0
2021-11-13,55.14,10.72,34.14,256,6281761,67.55,286,5783008,62.19,1130,4031780,43.36,0,0,0
2021-11-14,55.21,10.68,34.11,1536,6283297,67.57,1637,5784645,62.21,5109,4036889,43.41,0,0,0
2021-11-15,55.28,10.63,34.09,1274,6284571,67.58,1622,5786267,62.22,4769,4041658,43.46,0,0,0
2021-11-16,55.32,10.62,34.07,1273,6285844,67.59,1415,5787682,62.24,4347,4046005,43.51,0,0,0
2021-11-17,55.35,10.6,34.05,1204,6287048,67.61,1565,5789247,62.25,3914,4049919,43.55,0,0,0
2021-11-18,55.41,10.58,34.02,1361,6288409,67.62,1692,5790939,62.27,5010,4054929,43.6,0,0,0
2021-11-19,55.42,10.57,34.01,588,6288997,67.63,763,5791702,62.28,2456,4057385,43.63,0,0,0
2021-11-20,55.41,10.58,34,237,6289234,67.63,255,5791957,62.28,929,4058314,43.64,0,0,0
2021-11-21,55.47,10.54,33.98,1408,6290642,67.65,1541,5793498,62.3,4879,4063193,43.69,0,0,0
2021-11-22,55.54,10.5,33.96,1680,6292322,67.66,1522,5795020,62.32,4238,4067431,43.74,0,0,0
2021-11-23,55.57,10.48,33.95,8622,6300944,67.76,1687,5796707,62.33,4006,4071437,43.78,0,0,0
2021-11-24,55.6,10.44,33.95,9349,6310293,67.86,1317,5798024,62.35,3922,4075359,43.82,0,0,0
2021-11-25,55.64,10.43,33.93,9812,6320105,67.96,1601,5799625,62.37,4839,4080198,43.88,0,0,0
2021-11-26,55.63,10.45,33.92,5610,6325715,68.02,748,5800373,62.37,2799,4082997,43.91,0,0,0
2021-11-27,55.62,10.46,33.92,4779,6330494,68.08,323,5800696,62.38,1163,4084160,43.92,0,0,0
2021-11-28,55.67,10.43,33.9,10152,6340646,68.18,1477,5802173,62.39,4901,4089061,43.97,0,0,0
2021-11-29,55.73,10.39,33.88,9042,6349688,68.28,1131,5803304,62.41,4375,4093436,44.02,0,0,0
2021-11-30,55.77,10.37,33.86,10044,6359732,68.39,1035,5804339,62.42,4084,4097520,44.06,0,0,0
2021-12-01,55.79,10.36,33.84,8630,6368362,68.48,1095,5805434,62.43,4441,4101961,44.11,6,6,0
2021-12-02,55.84,10.34,33.82,9176,6377538,68.58,1454,5806888,62.44,5122,4107083,44.17,6,12,0
2021-12-03,55.86,10.33,33.81,6331,6383869,68.65,673,5807561,62.45,2867,4109950,44.2,1,13,0
2021-12-04,55.85,10.34,33.81,2509,6386378,68.68,235,5807796,62.45,921,4110871,44.21,3,16,0
2021-12-05,55.9,10.31,33.79,8335,6394713,68.77,1253,5809049,62.47,4683,4115554,44.26,1,17,0
2021-12-06,55.95,10.27,33.78,6723,6401436,68.84,1198,5810247,62.48,4350,4119904,44.3,4,21,0
2021-12-07,55.99,10.25,33.76,5553,6406989,68.9,1503,5811750,62.5,3965,4123869,44.35,9,30,0
2021-12-08,56.03,10.22,33.75,4935,6411924,68.95,1199,5812949,62.51,3883,4127752,44.39,10,40,0
2021-12-09,56.08,10.19,33.73,6237,6418161,69.02,1239,5814188,62.52,4506,4132258,44.44,8,48,0
2021-12-10,56.1,10.18,33.72,3005,6421166,69.05,703,5814891,62.53,2685,4134943,44.47,4,52,0
2021-12-11,56.1,10.18,33.71,1491,6422657,69.07,252,5815143,62.53,1016,4135959,44.48,0,52,0
2021-12-12,56.16,10.15,33.69,7273,6429930,69.14,1444,5816587,62.55,5247,4141206,44.53,3,55,0
2021-12-13,56.21,10.11,33.67,6180,6436110,69.21,1374,5817961,62.56,4350,4145556,44.58,5,60,0
2021-12-14,56.27,10.09,33.65,7317,6443427,69.29,6100,5824061,62.63,4937,4150493,44.63,12,72,0
2021-12-15,56.34,10.06,33.6,7203,6450630,69.37,7403,5831464,62.71,5443,4155936,44.69,7,79,0
2021-12-16,56.53,10.05,33.42,8079,6458709,69.45,8613,5840077,62.8,6563,4162499,44.76,8,87,0
2021-12-17,56.64,10.05,33.3,4406,6463115,69.5,5140,5845217,62.86,3952,4166451,44.8,3,90,0
2021-12-18,56.73,10.07,33.2,3940,6467055,69.54,2913,5848130,62.89,1360,4167811,44.82,2,92,0
2021-12-19,56.92,10.04,33.04,6980,6474035,69.62,9331,5857461,62.99,6273,4174084,44.89,6,98,0
2021-12-20,57.07,10.02,32.91,7969,6482004,69.7,7517,5864978,63.07,5443,4179527,44.94,9,107,0
2021-12-21,57.27,10.01,32.71,9549,6491553,69.81,8649,5873627,63.16,6490,4186017,45.01,8,115,0
2021-12-22,57.49,10,32.52,9664,6501217,69.91,8155,5881782,63.25,6248,4192265,45.08,12,127,0
2021-12-23,57.7,9.97,32.33,11538,6512755,70.03,10264,5892046,63.36,8158,4200423,45.17,16,143,0
2021-12-24,57.83,9.96,32.21,5873,6518628,70.1,6240,5898286,63.43,5280,4205703,45.23,12,155,0
2021-12-25,57.9,9.96,32.15,3338,6521966,70.13,2566,5900852,63.45,2021,4207724,45.25,6,161,0
2021-12-26,58.1,9.92,31.98,10653,6532619,70.25,8910,5909762,63.55,8201,4215925,45.34,8,169,0
2021-12-27,58.27,9.9,31.83,10371,6542990,70.36,7145,5916907,63.63,8185,4224110,45.42,21,190,0
2021-12-28,58.46,9.88,31.66,11374,6554364,70.48,7452,5924359,63.71,9639,4233749,45.53,24,214,0
2021-12-29,58.64,9.85,31.51,9932,6564296,70.59,5963,5930322,63.77,8375,4242124,45.62,20,234,0
2021-12-30,58.84,9.82,31.34,11011,6575307,70.71,7735,5938057,63.85,12241,4254365,45.75,10,244,0
2021-12-31,58.9,9.79,31.3,4829,6580136,70.76,3672,5941729,63.89,7294,4261659,45.83,135,379,0
2022-01-01,58.93,9.79,31.28,1992,6582128,70.78,1591,5943320,63.91,2741,4264400,45.86,66,445,0
2022-01-02,59.14,9.76,31.1,10217,6592345,70.89,6487,5949807,63.98,13003,4277403,46,590,1035,0.01
2022-01-03,59.29,9.71,31,9383,6601728,70.99,5258,5955065,64.04,11336,4288739,46.12,25055,26090,0.28
2022-01-04,59.46,9.68,30.86,8966,6610694,71.09,5949,5961014,64.1,10523,4299262,46.23,50659,76749,0.83
2022-01-05,59.56,9.65,30.79,8553,6619247,71.18,5739,5966753,64.16,10491,4309753,46.34,59589,136338,1.47
2022-01-06,59.81,9.63,30.56,10340,6629587,71.29,7959,5974712,64.25,13530,4323283,46.49,63999,200337,2.15
2022-01-07,59.89,9.61,30.49,4760,6634347,71.34,4556,5979268,64.3,8160,4331443,46.58,31135,231472,2.49
2022-01-08,59.9,9.64,30.46,2750,6637097,71.37,2450,5981718,64.32,5501,4336944,46.64,27631,259103,2.79
2022-01-09,60.06,9.59,30.35,9306,6646403,71.47,7722,5989440,64.41,11868,4348812,46.77,66765,325868,3.5
2022-01-10,60.21,9.54,30.25,8350,6654753,71.56,7645,5997085,64.49,11877,4360689,46.89,64774,390642,4.2
2022-01-11,60.38,9.49,30.13,8101,6662854,71.65,8621,6005706,64.58,11968,4372657,47.02,56657,447299,4.81
2022-01-12,60.51,9.45,30.04,7275,6670129,71.73,8303,6014009,64.67,11115,4383772,47.14,44630,491929,5.29
2022-01-13,60.7,9.35,29.94,7508,6677637,71.81,9616,6023625,64.78,11542,4395314,47.27,34765,526694,5.66
2022-01-14,60.79,9.31,29.9,2555,6680192,71.84,4935,6028560,64.83,6142,4401456,47.33,11141,537835,5.78
2022-01-15,60.83,9.29,29.87,1469,6681661,71.85,3170,6031730,64.86,3884,4405340,47.37,5716,543551,5.85
2022-01-16,60.97,9.2,29.82,3818,6685479,71.89,8524,6040254,64.95,7681,4413021,47.46,19992,563543,6.06
2022-01-17,61.09,9.13,29.78,2809,6688288,71.92,7045,6047299,65.03,6170,4419191,47.52,17832,581375,6.25
2022-01-18,61.23,9.07,29.7,2475,6690763,71.95,7385,6054684,65.11,5534,4424725,47.58,14817,596192,6.41
2022-01-19,61.37,8.98,29.65,1915,6692678,71.97,6369,6061053,65.18,4520,4429245,47.63,8460,604652,6.5
2022-01-20,61.44,8.85,29.71,1778,6694456,71.99,6968,6068021,65.25,4791,4434036,47.68,8041,612693,6.59
2022-01-21,61.51,8.81,29.68,905,6695361,72,3725,6071746,65.29,2643,4436679,47.71,3358,616051,6.62
2022-01-22,61.51,8.75,29.74,328,6695689,72,1461,6073207,65.31,1066,4437745,47.72,1113,617164,6.64
2022-01-23,61.61,8.7,29.69,1068,6696757,72.01,5632,6078839,65.37,2878,4440623,47.75,6083,623247,6.7
2022-01-24,61.73,8.62,29.65,758,6697515,72.02,4481,6083320,65.42,2267,4442890,47.78,5054,628301,6.76
2022-01-25,61.9,8.51,29.59,743,6698258,72.03,4400,6087720,65.46,2181,4445071,47.8,7102,635403,6.83
2022-01-26,62.02,8.42,29.57,614,6698872,72.04,3285,6091005,65.5,1611,4446682,47.82,4262,639665,6.88
2022-01-27,62.12,8.35,29.52,797,6699669,72.04,4406,6095411,65.55,2004,4448686,47.84,5441,645106,6.94
2022-01-28,62.16,8.33,29.5,395,6700064,72.05,2376,6097787,65.57,1177,4449863,47.85,3451,648557,6.97
2022-01-29,62.23,8.29,29.48,124,6700188,72.05,1046,6098833,65.58,424,4450287,47.86,1162,649719,6.99
2022-01-30,62.3,8.24,29.46,769,6700957,72.06,4719,6103552,65.63,2020,4452307,47.88,8099,657818,7.07
2022-01-31,62.39,8.17,29.43,528,6701485,72.06,3184,6106736,65.67,1609,4453916,47.9,6472,664290,7.14
2022-02-01,62.45,8.15,29.4,480,6701965,72.07,2807,6109543,65.7,1525,4455441,47.91,5721,670011,7.21
2022-02-02,62.28,8.13,29.59,375,6702340,72.07,2394,6111937,65.72,1381,4456822,47.93,5074,675085,7.26
2022-02-03,62.34,8.08,29.57,446,6702786,72.08,2776,6114713,65.75,1461,4458283,47.94,5607,680692,7.32
2022-02-04,62.37,8.06,29.57,174,6702960,72.08,991,6115704,65.77,755,4459038,47.95,2455,683147,7.35
2022-02-05,62.34,8.09,29.56,62,6703022,72.08,342,6116046,65.77,221,4459259,47.95,420,683567,7.35
2022-02-06,62.41,8.05,29.55,406,6703428,72.09,2320,6118366,65.79,1343,4460602,47.97,5686,689253,7.41
2022-02-07,62.47,8.01,29.52,282,6703710,72.09,1307,6119673,65.81,983,4461585,47.98,5960,695213,7.48
2022-02-08,62.54,7.97,29.49,317,6704027,72.09,1498,6121171,65.82,1068,4462653,47.99,6137,701350,7.54
2022-02-09,62.6,7.95,29.45,254,6704281,72.09,1102,6122273,65.84,945,4463598,48,4570,705920,7.59
2022-02-10,62.63,7.93,29.44,273,6704554,72.1,1293,6123566,65.85,936,4464534,48.01,4815,710735,7.64
2022-02-11,62.67,7.91,29.42,211,6704765,72.1,557,6124123,65.86,517,4465051,48.02,2539,713274,7.67
2022-02-12,62.67,7.91,29.41,32,6704797,72.1,90,6124213,65.86,133,4465184,48.02,269,713543,7.67
2022-02-13,62.73,7.87,29.39,286,6705083,72.1,946,6125159,65.87,966,4466150,48.03,4998,718541,7.73
2022-02-14,62.89,7.74,29.36,180,6705263,72.11,627,6125786,65.87,760,4466910,48.03,3142,721683,7.76
2022-02-15,62.92,7.73,29.35,266,6705529,72.11,763,6126549,65.88,934,4467844,48.05,3818,725501,7.8
2022-02-16,62.95,7.72,29.34,179,6705708,72.11,577,6127126,65.89,803,4468647,48.05,2487,727988,7.83
2022-02-17,62.96,7.7,29.34,246,6705954,72.11,739,6127865,65.9,773,4469420,48.06,3061,731049,7.86
2022-02-18,62.98,7.69,29.33,131,6706085,72.11,342,6128207,65.9,436,4469856,48.07,1118,732167,7.87
2022-02-19,62.99,7.69,29.32,33,6706118,72.11,84,6128291,65.9,82,4469938,48.07,79,732246,7.87
2022-02-20,63.01,7.67,29.32,203,6706321,72.12,604,6128895,65.91,721,4470659,48.08,2574,734820,7.9
2022-02-21,63.04,7.65,29.31,173,6706494,72.12,413,6129308,65.91,488,4471147,48.08,1542,736362,7.92
2022-02-22,63.05,7.65,29.3,158,6706652,72.12,454,6129762,65.92,567,4471714,48.09,1871,738233,7.94
2022-02-23,63.06,7.65,29.29,109,6706761,72.12,353,6130115,65.92,451,4472165,48.09,1153,739386,7.95
2022-02-24,63.05,7.66,29.29,138,6706899,72.12,462,6130577,65.93,568,4472733,48.1,1492,740878,7.97
2022-02-25,63.06,7.66,29.28,59,6706958,72.12,142,6130719,65.93,188,4472921,48.1,456,741334,7.97
2022-02-26,63.05,7.67,29.28,17,6706975,72.12,28,6130747,65.93,161,4473082,48.1,35,741369,7.97
2022-02-27,63.05,7.67,29.28,112,6707087,72.12,341,6131088,65.93,448,4473530,48.11,1119,742488,7.98
2022-02-28,63.07,7.65,29.28,108,6707195,72.13,271,6131359,65.93,421,4473951,48.11,907,743395,7.99
2022-03-01,63.1,7.63,29.27,95,6707290,72.13,280,6131639,65.94,372,4474323,48.11,797,744192,8
2022-03-02,63.11,7.62,29.27,77,6707367,72.13,199,6131838,65.94,324,4474647,48.12,697,744889,8.01
2022-03-03,63.05,7.67,29.27,156,6707523,72.13,371,6132209,65.94,496,4475143,48.12,987,745876,8.02
2022-03-04,63.05,7.68,29.27,53,6707576,72.13,170,6132379,65.94,168,4475311,48.13,227,746103,8.02
2022-03-05,63.04,7.69,29.27,4,6707580,72.13,25,6132404,65.94,43,4475354,48.13,32,746135,8.02
2022-03-06,63.04,7.69,29.27,97,6707677,72.13,258,6132662,65.95,418,4475772,48.13,760,746895,8.03
2022-03-07,63.05,7.69,29.26,87,6707764,72.13,260,6132922,65.95,353,4476125,48.13,604,747499,8.04
2022-03-08,63.04,7.7,29.26,98,6707862,72.13,263,6133185,65.95,333,4476458,48.14,550,748049,8.04
2022-03-09,63.02,7.72,29.25,89,6707951,72.13,213,6133398,65.96,337,4476795,48.14,492,748541,8.05
2022-03-10,63.01,7.74,29.25,115,6708066,72.14,373,6133771,65.96,427,4477222,48.15,620,749161,8.06
2022-03-11,63,7.75,29.25,24,6708090,72.14,86,6133857,65.96,122,4477344,48.15,144,749305,8.06
2022-03-12,62.98,7.77,29.24,11,6708101,72.14,12,6133869,65.96,33,4477377,48.15,28,749333,8.06
2022-03-13,62.98,7.78,29.24,100,6708201,72.14,271,6134140,65.96,358,4477735,48.15,595,749928,8.06
2022-03-14,62.98,7.78,29.24,65,6708266,72.14,252,6134392,65.97,316,4478051,48.15,559,750487,8.07
2022-03-15,62.95,7.81,29.24,79,6708345,72.14,185,6134577,65.97,293,4478344,48.16,591,751078,8.08
2022-03-16,62.94,7.82,29.24,76,6708421,72.14,205,6134782,65.97,302,4478646,48.16,668,751746,8.08
2022-03-17,62.94,7.82,29.24,65,6708486,72.14,121,6134903,65.97,286,4478932,48.16,613,752359,8.09
2022-03-18,62.94,7.82,29.24,19,6708505,72.14,54,6134957,65.97,100,4479032,48.17,234,752593,8.09
2022-03-19,62.89,7.88,29.23,5,6708510,72.14,11,6134968,65.97,28,4479060,48.17,39,752632,8.09
2022-03-20,62.87,7.89,29.23,119,6708629,72.14,260,6135228,65.98,486,4479546,48.17,1431,754063,8.11
2022-03-21,62.87,7.9,29.23,97,6708726,72.14,247,6135475,65.98,379,4479925,48.17,1132,755195,8.12
2022-03-22,62.84,7.94,29.23,141,6708867,72.14,342,6135817,65.98,507,4480432,48.18,1770,756965,8.14
2022-03-23,62.81,7.97,29.22,108,6708975,72.15,212,6136029,65.98,463,4480895,48.19,1676,758641,8.16
2022-03-24,62.78,8,29.22,174,6709149,72.15,345,6136374,65.99,768,4481663,48.19,2361,761002,8.18
2022-03-25,62.78,8,29.23,39,6709188,72.15,82,6136456,65.99,156,4481819,48.2,629,761631,8.19
2022-03-26,62.77,8,29.22,12,6709200,72.15,13,6136469,65.99,34,4481853,48.2,91,761722,8.19
2022-03-27,62.75,8.02,29.22,167,6709367,72.15,344,6136813,65.99,758,4482611,48.2,3193,764915,8.23
2022-03-28,62.75,8.03,29.22,113,6709480,72.15,270,6137083,66,623,4483234,48.21,2416,767331,8.25
2022-03-29,62.7,8.07,29.22,125,6709605,72.15,258,6137341,66,641,4483875,48.22,2771,770102,8.28
2022-03-30,62.81,8.11,29.07,132,6709737,72.15,207,6137548,66,539,4484414,48.22,2370,772472,8.31
2022-03-31,62.79,8.11,29.1,166,6709903,72.16,302,6137850,66,730,4485144,48.23,2852,775324,8.34
2022-04-01,62.72,8.13,29.15,122,6710025,72.16,160,6138010,66.01,277,4485421,48.23,585,775909,8.34
2022-04-02,62.69,8.15,29.16,6,6710031,72.16,7,6138017,66.01,37,4485458,48.23,52,775961,8.34
2022-04-03,62.65,8.16,29.19,159,6710190,72.16,270,6138287,66.01,569,4486027,48.24,2478,778439,8.37
2022-04-04,62.62,8.16,29.22,103,6710293,72.16,207,6138494,66.01,484,4486511,48.25,2222,780661,8.39
2022-04-05,62.57,8.19,29.25,122,6710415,72.16,219,6138713,66.01,513,4487024,48.25,2242,782903,8.42
2022-04-06,62.55,8.2,29.25,92,6710507,72.16,155,6138868,66.01,381,4487405,48.26,2021,784924,8.44
2022-04-07,62.56,8.2,29.24,191,6710698,72.16,215,6139083,66.02,641,4488046,48.26,2556,787480,8.47
2022-04-08,62.54,8.22,29.23,30,6710728,72.16,60,6139143,66.02,153,4488199,48.26,482,787962,8.47
2022-04-09,62.52,8.25,29.23,6,6710734,72.16,17,6139160,66.02,27,4488226,48.26,47,788009,8.47
2022-04-10,62.51,8.26,29.23,103,6710837,72.17,264,6139424,66.02,429,4488655,48.27,1845,789854,8.49
2022-04-11,62.54,8.26,29.2,78,6710915,72.17,201,6139625,66.02,371,4489026,48.27,1425,791279,8.51
2022-04-12,62.58,8.29,29.12,204,6711119,72.17,168,6139793,66.02,374,4489400,48.28,1360,792639,8.52
2022-04-13,62.58,8.31,29.1,119,6711238,72.17,150,6139943,66.03,296,4489696,48.28,1217,793856,8.54
2022-04-14,62.57,8.33,29.1,85,6711323,72.17,221,6140164,66.03,320,4490016,48.28,1069,794925,8.55
2022-04-15,62.55,8.35,29.1,9,6711332,72.17,51,6140215,66.03,47,4490063,48.28,82,795007,8.55
2022-04-16,62.53,8.37,29.1,3,6711335,72.17,8,6140223,66.03,21,4490084,48.28,29,795036,8.55
2022-04-17,62.52,8.38,29.1,62,6711397,72.17,131,6140354,66.03,229,4490313,48.29,807,795843,8.56
2022-04-18,62.51,8.38,29.1,69,6711466,72.17,109,6140463,66.03,252,4490565,48.29,749,796592,8.57
2022-04-19,62.5,8.4,29.1,62,6711528,72.17,144,6140607,66.03,273,4490838,48.29,842,797434,8.58
2022-04-20,62.48,8.42,29.1,60,6711588,72.17,117,6140724,66.03,235,4491073,48.29,654,798088,8.58
2022-04-21,62.47,8.43,29.1,53,6711641,72.17,109,6140833,66.04,196,4491269,48.3,479,798567,8.59
2022-04-22,62.45,8.44,29.11,3,6711644,72.17,16,6140849,66.04,19,4491288,48.3,19,798586,8.59
2022-04-23,62.43,8.46,29.11,6,6711650,72.17,9,6140858,66.04,15,4491303,48.3,13,798599,8.59
2022-04-24,62.43,8.47,29.1,92,6711742,72.17,250,6141108,66.04,329,4491632,48.3,872,799471,8.6
2022-04-25,62.43,8.47,29.1,105,6711847,72.18,191,6141299,66.04,316,4491948,48.3,738,800209,8.61
2022-04-26,62.42,8.48,29.1,75,6711922,72.18,175,6141474,66.04,303,4492251,48.31,787,800996,8.61
2022-04-27,62.41,8.49,29.1,54,6711976,72.18,160,6141634,66.04,227,4492478,48.31,640,801636,8.62
2022-04-28,62.41,8.5,29.1,96,6712072,72.18,232,6141866,66.05,329,4492807,48.31,869,802505,8.63
2022-04-29,62.39,8.51,29.1,112,6712184,72.18,159,6142025,66.05,183,4492990,48.32,195,802700,8.63
2022-04-30,62.38,8.52,29.1,1,6712185,72.18,3,6142028,66.05,24,4493014,48.32,22,802722,8.63
2022-05-01,62.38,8.53,29.09,135,6712320,72.18,185,6142213,66.05,316,4493330,48.32,630,803352,8.64
2022-05-02,62.37,8.54,29.09,62,6712382,72.18,153,6142366,66.05,235,4493565,48.32,491,803843,8.64
2022-05-03,62.36,8.55,29.09,72,6712454,72.18,151,6142517,66.05,288,4493853,48.32,507,804350,8.65
2022-05-04,62.35,8.57,29.08,23,6712477,72.18,56,6142573,66.05,63,4493916,48.33,126,804476,8.65
2022-05-05,62.34,8.58,29.08,4,6712481,72.18,1,6142574,66.05,8,4493924,48.33,13,804489,8.65
2022-05-06,62.33,8.59,29.08,20,6712501,72.18,59,6142633,66.05,64,4493988,48.33,151,804640,8.65
2022-05-07,62.32,8.6,29.08,1,6712502,72.18,7,6142640,66.05,27,4494015,48.33,24,804664,8.65
2022-05-08,62.31,8.61,29.08,118,6712620,72.18,207,6142847,66.06,270,4494285,48.33,457,805121,8.66
2022-05-09,62.31,8.61,29.08,59,6712679,72.18,162,6143009,66.06,251,4494536,48.33,504,805625,8.66
2022-05-10,62.3,8.62,29.08,131,6712810,72.19,169,6143178,66.06,260,4494796,48.33,508,806133,8.67
2022-05-11,62.3,8.63,29.08,58,6712868,72.19,118,6143296,66.06,182,4494978,48.34,464,806597,8.67
2022-05-12,62.29,8.64,29.07,119,6712987,72.19,200,6143496,66.06,277,4495255,48.34,665,807262,8.68
2022-05-13,62.28,8.65,29.07,11,6712998,72.19,43,6143539,66.06,71,4495326,48.34,110,807372,8.68
2022-05-14,62.26,8.66,29.07,6,6713004,72.19,13,6143552,66.06,11,4495337,48.34,23,807395,8.68
2022-05-15,62.26,8.67,29.07,89,6713093,72.19,175,6143727,66.07,246,4495583,48.34,665,808060,8.69
2022-05-16,62.19,8.65,29.16,68,6713161,72.19,141,6143868,66.07,230,4495813,48.35,508,808568,8.69
2022-05-17,62.18,8.66,29.16,73,6713234,72.19,153,6144021,66.07,269,4496082,48.35,617,809185,8.7
2022-05-18,62.17,8.67,29.16,43,6713277,72.19,99,6144120,66.07,169,4496251,48.35,445,809630,8.71
2022-05-19,62.16,8.68,29.16,64,6713341,72.19,170,6144290,66.07,212,4496463,48.35,499,810129,8.71
2022-05-20,62.15,8.69,29.16,75,6713416,72.19,114,6144404,66.07,130,4496593,48.35,138,810267,8.71
2022-05-21,62.14,8.7,29.16,4,6713420,72.19,7,6144411,66.07,14,4496607,48.35,18,810285,8.71
2022-05-22,62.14,8.71,29.16,87,6713507,72.19,188,6144599,66.08,216,4496823,48.36,426,810711,8.72
2022-05-23,62.14,8.71,29.16,64,6713571,72.19,120,6144719,66.08,156,4496979,48.36,346,811057,8.72
2022-05-24,62.13,8.71,29.15,43,6713614,72.19,119,6144838,66.08,156,4497135,48.36,394,811451,8.73
2022-05-25,62.12,8.72,29.15,61,6713675,72.2,103,6144941,66.08,166,4497301,48.36,337,811788,8.73
2022-05-26,62.11,8.73,29.16,72,6713747,72.2,136,6145077,66.08,186,4497487,48.36,348,812136,8.73
2022-05-27,62.1,8.74,29.16,12,6713759,72.2,29,6145106,66.08,43,4497530,48.36,59,812195,8.73
2022-05-28,62.09,8.75,29.16,2,6713761,72.2,5,6145111,66.08,8,4497538,48.36,12,812207,8.73
2022-05-29,62.09,8.75,29.16,89,6713850,72.2,153,6145264,66.08,163,4497701,48.37,315,812522,8.74
2022-05-30,62.09,8.76,29.16,56,6713906,72.2,133,6145397,66.08,125,4497826,48.37,291,812813,8.74
2022-05-31,62.07,8.78,29.15,45,6713951,72.2,104,6145501,66.09,153,4497979,48.37,351,813164,8.74
2022-06-01,61.95,8.9,29.16,63,6714014,72.2,90,6145591,66.09,117,4498096,48.37,276,813440,8.75
2022-06-02,45.96,24.88,29.15,77,6714091,72.2,156,6145747,66.09,177,4498273,48.37,255,813695,8.75
2022-06-03,45.9,24.95,29.16,10,6714101,72.2,23,6145770,66.09,21,4498294,48.37,33,813728,8.75
2022-06-04,45.84,25,29.16,0,6714101,72.2,7,6145777,66.09,8,4498302,48.37,5,813733,8.75
2022-06-05,45.8,25.05,29.16,11,6714112,72.2,14,6145791,66.09,7,4498309,48.37,2,813735,8.75
2022-06-06,39.96,30.89,29.16,58,6714170,72.2,144,6145935,66.09,161,4498470,48.37,262,813997,8.75
2022-06-07,39.92,30.93,29.15,54,6714224,72.2,134,6146069,66.09,142,4498612,48.38,379,814376,8.76
2022-06-08,39.89,30.96,29.15,57,6714281,72.2,104,6146173,66.09,131,4498743,48.38,497,814873,8.76
2022-06-09,39.86,30.99,29.15,84,6714365,72.2,207,6146380,66.1,234,4498977,48.38,641,815514,8.77
2022-06-10,39.83,31.02,29.15,14,6714379,72.2,51,6146431,66.1,59,4499036,48.38,141,815655,8.77
2022-06-11,39.8,31.05,29.15,0,6714379,72.2,3,6146434,66.1,7,4499043,48.38,19,815674,8.77
2022-06-12,39.8,31.05,29.15,109,6714488,72.2,199,6146633,66.1,191,4499234,48.38,767,816441,8.78
2022-06-13,39.81,31.04,29.15,84,6714572,72.21,142,6146775,66.1,168,4499402,48.38,625,817066,8.79
2022-06-14,39.79,31.06,29.15,116,6714688,72.21,173,6146948,66.1,208,4499610,48.39,759,817825,8.79
2022-06-15,39.78,31.08,29.15,71,6714759,72.21,141,6147089,66.1,207,4499817,48.39,699,818524,8.8
2022-06-16,39.74,31.11,29.14,94,6714853,72.21,136,6147225,66.1,218,4500035,48.39,742,819266,8.81
2022-06-17,39.72,31.14,29.15,16,6714869,72.21,63,6147288,66.1,53,4500088,48.39,124,819390,8.81
2022-06-18,39.68,31.17,29.14,3,6714872,72.21,4,6147292,66.1,11,4500099,48.39,15,819405,8.81
2022-06-19,39.53,31.33,29.15,115,6714987,72.21,207,6147499,66.11,318,4500417,48.4,877,820282,8.82
2022-06-20,33.92,36.85,29.23,99,6715086,72.21,152,6147651,66.11,307,4500724,48.4,922,821204,8.83
2022-06-21,33.58,37.19,29.23,94,6715180,72.21,154,6147805,66.11,375,4501099,48.4,1229,822433,8.84
2022-06-22,33.28,37.49,29.23,110,6715290,72.21,135,6147940,66.11,339,4501438,48.41,894,823327,8.85
2022-06-23,32.84,37.92,29.23,133,6715423,72.21,217,6148157,66.11,524,4501962,48.41,1146,824473,8.87
2022-06-24,32.43,38.34,29.24,19,6715442,72.21,35,6148192,66.11,110,4502072,48.41,207,824680,8.87
2022-06-25,32.04,38.72,29.24,1,6715443,72.21,3,6148195,66.11,12,4502084,48.41,16,824696,8.87
2022-06-26,31.63,39.13,29.24,107,6715550,72.22,158,6148353,66.12,379,4502463,48.42,933,825629,8.88
2022-06-27,31.29,39.47,29.24,86,6715636,72.22,172,6148525,66.12,392,4502855,48.42,1028,826657,8.89
2022-06-28,30.86,39.91,29.24,84,6715720,72.22,151,6148676,66.12,364,4503219,48.43,932,827589,8.9
2022-06-29,30.48,40.28,29.24,76,6715796,72.22,106,6148782,66.12,265,4503484,48.43,816,828405,8.91
2022-06-30,30.05,40.71,29.24,86,6715882,72.22,165,6148947,66.12,356,4503840,48.43,1059,829464,8.92
2022-07-01,29.62,41.14,29.24,22,6715904,72.22,28,6148975,66.12,55,4503895,48.43,80,829544,8.92
2022-07-02,29.2,41.56,29.24,1,6715905,72.22,2,6148977,66.12,8,4503903,48.43,18,829562,8.92
2022-07-03,28.81,41.95,29.24,100,6716005,72.22,177,6149154,66.13,322,4504225,48.44,637,830199,8.93
2022-07-04,28.5,42.26,29.24,76,6716081,72.22,140,6149294,66.13,278,4504503,48.44,749,830948,8.94
2022-07-05,28.06,42.7,29.24,59,6716140,72.22,142,6149436,66.13,302,4504805,48.44,688,831636,8.94
2022-07-06,27.39,43.37,29.24,78,6716218,72.22,124,6149560,66.13,211,4505016,48.44,646,832282,8.95
2022-07-07,26.48,44.28,29.24,82,6716300,72.22,164,6149724,66.13,267,4505283,48.45,721,833003,8.96
2022-07-08,25.47,45.29,29.24,17,6716317,72.22,33,6149757,66.13,69,4505352,48.45,131,833134,8.96
2022-07-09,24.42,46.34,29.24,0,6716317,72.22,1,6149758,66.13,2,4505354,48.45,2,833136,8.96
2022-07-10,23.77,46.99,29.24,90,6716407,72.22,164,6149922,66.13,229,4505583,48.45,470,833606,8.96
2022-07-11,23.22,47.54,29.24,64,6716471,72.23,142,6150064,66.13,248,4505831,48.45,575,834181,8.97
2022-07-12,22.13,48.63,29.24,69,6716540,72.23,129,6150193,66.14,207,4506038,48.46,557,834738,8.98
2022-07-13,21.1,49.66,29.24,43,6716583,72.23,101,6150294,66.14,164,4506202,48.46,488,835226,8.98
2022-07-14,20.12,50.63,29.24,69,6716652,72.23,147,6150441,66.14,209,4506411,48.46,512,835738,8.99
2022-07-15,19.27,51.48,29.25,64,6716716,72.23,88,6150529,66.14,127,4506538,48.46,166,835904,8.99
2022-07-16,18.29,52.46,29.25,0,6716716,72.23,6,6150535,66.14,7,4506545,48.46,8,835912,8.99
2022-07-17,17.83,52.92,29.25,76,6716792,72.23,183,6150718,66.14,241,4506786,48.46,468,836380,8.99
2022-07-18,17.48,53.26,29.26,62,6716854,72.23,158,6150876,66.14,207,4506993,48.47,511,836891,9
2022-07-19,16.77,53.97,29.26,62,6716916,72.23,147,6151023,66.15,174,4507167,48.47,368,837259,9
2022-07-20,16.09,54.64,29.26,52,6716968,72.23,133,6151156,66.15,137,4507304,48.47,423,837682,9.01
2022-07-21,15.43,55.3,29.27,61,6717029,72.23,158,6151314,66.15,176,4507480,48.47,341,838023,9.01
2022-07-22,14.64,56.08,29.28,10,6717039,72.23,36,6151350,66.15,43,4507523,48.47,56,838079,9.01
2022-07-23,14.17,56.55,29.28,0,6717039,72.23,4,6151354,66.15,4,4507527,48.47,9,838088,9.01
2022-07-24,13.55,57.16,29.29,58,6717097,72.23,128,6151482,66.15,197,4507724,48.47,364,838452,9.02
2022-07-25,13.09,57.61,29.3,48,6717145,72.23,107,6151589,66.15,172,4507896,48.48,336,838788,9.02
2022-07-26,12.46,58.23,29.3,47,6717192,72.23,99,6151688,66.15,111,4508007,48.48,270,839058,9.02
2022-07-27,11.89,58.8,29.31,43,6717235,72.23,125,6151813,66.15,132,4508139,48.48,243,839301,9.03
2022-07-28,11.35,59.34,29.31,62,6717297,72.23,142,6151955,66.16,147,4508286,48.48,220,839521,9.03
2022-07-29,10.85,59.83,29.32,10,6717307,72.23,25,6151980,66.16,27,4508313,48.48,31,839552,9.03
2022-07-30,10.34,60.33,29.33,0,6717307,72.23,0,6151980,66.16,1,4508314,48.48,1,839553,9.03
2022-07-31,9.97,60.7,29.33,56,6717363,72.24,134,6152114,66.16,131,4508445,48.48,252,839805,9.03
2022-08-01,9.47,61.19,29.34,54,6717417,72.24,76,6152190,66.16,89,4508534,48.48,152,839957,9.03
2022-08-02,8.92,61.73,29.35,111,6717528,72.24,119,6152309,66.16,157,4508691,48.48,264,840221,9.04
2022-08-03,8.46,62.19,29.35,76,6717604,72.24,71,6152380,66.16,92,4508783,48.49,178,840399,9.04
2022-08-04,8.04,62.61,29.36,133,6717737,72.24,133,6152513,66.16,111,4508894,48.49,246,840645,9.04
2022-08-05,7.71,62.93,29.36,30,6717767,72.24,23,6152536,66.16,13,4508907,48.49,24,840669,9.04
2022-08-06,7.32,63.32,29.36,1,6717768,72.24,2,6152538,66.16,1,4508908,48.49,5,840674,9.04
2022-08-07,6.92,63.71,29.37,89,6717857,72.24,97,6152635,66.16,69,4508977,48.49,169,840843,9.04
2022-08-08,6.74,63.89,29.37,76,6717933,72.24,95,6152730,66.16,122,4509099,48.49,172,841015,9.04
2022-08-09,6.25,64.37,29.38,96,6718029,72.24,88,6152818,66.16,99,4509198,48.49,213,841228,9.05
2022-08-10,5.91,64.71,29.38,77,6718106,72.24,59,6152877,66.16,76,4509274,48.49,115,841343,9.05
2022-08-11,5.59,65.03,29.38,54,6718160,72.24,101,6152978,66.17,91,4509365,48.49,155,841498,9.05
2022-08-12,5.35,65.27,29.38,8,6718168,72.24,12,6152990,66.17,18,4509383,48.49,29,841527,9.05
2022-08-13,5.1,65.52,29.38,0,6718168,72.24,2,6152992,66.17,2,4509385,48.49,3,841530,9.05
2022-08-14,4.87,65.75,29.39,74,6718242,72.24,75,6153067,66.17,82,4509467,48.49,150,841680,9.05
2022-08-15,4.74,65.87,29.39,68,6718310,72.25,81,6153148,66.17,93,4509560,48.49,143,841823,9.05
2022-08-16,4.46,66.15,29.39,82,6718392,72.25,84,6153232,66.17,84,4509644,48.49,187,842010,9.05
2022-08-17,4.16,66.44,29.39,47,6718439,72.25,55,6153287,66.17,36,4509680,48.49,115,842125,9.06
2022-08-18,3.98,66.63,29.39,68,6718507,72.25,93,6153380,66.17,120,4509800,48.5,173,842298,9.06
2022-08-19,3.83,66.78,29.39,77,6718584,72.25,67,6153447,66.17,56,4509856,48.5,38,842336,9.06
2022-08-20,3.67,66.94,29.39,1,6718585,72.25,1,6153448,66.17,3,4509859,48.5,3,842339,9.06
2022-08-21,3.52,67.08,29.4,51,6718636,72.25,85,6153533,66.17,84,4509943,48.5,197,842536,9.06
2022-08-22,3.44,67.16,29.4,89,6718725,72.25,74,6153607,66.17,103,4510046,48.5,143,842679,9.06
2022-08-23,3.27,67.33,29.4,72,6718797,72.25,106,6153713,66.17,84,4510130,48.5,180,842859,9.06
2022-08-24,3.15,67.46,29.4,38,6718835,72.25,80,6153793,66.17,49,4510179,48.5,133,842992,9.07
2022-08-25,3.03,67.57,29.4,53,6718888,72.25,75,6153868,66.18,97,4510276,48.5,193,843185,9.07
2022-08-26,2.94,67.66,29.4,4,6718892,72.25,15,6153883,66.18,9,4510285,48.5,14,843199,9.07
2022-08-27,2.84,67.76,29.4,0,6718892,72.25,0,6153883,66.18,0,4510285,48.5,0,843199,9.07
2022-08-28,2.75,67.85,29.4,55,6718947,72.25,80,6153963,66.18,85,4510370,48.5,102,843301,9.07
2022-08-29,2.69,67.91,29.4,48,6718995,72.25,68,6154031,66.18,89,4510459,48.5,107,843408,9.07
2022-08-30,2.6,68,29.4,85,6719080,72.25,112,6154143,66.18,85,4510544,48.5,130,843538,9.07
2022-08-31,2.53,68.07,29.4,42,6719122,72.25,88,6154231,66.18,70,4510614,48.5,95,843633,9.07
2022-09-01,2.46,68.14,29.4,29,6719151,72.25,84,6154315,66.18,58,4510672,48.51,113,843746,9.07
2022-09-02,2.4,68.2,29.4,6,6719157,72.25,20,6154335,66.18,13,4510685,48.51,10,843756,9.07
2022-09-03,2.33,68.27,29.4,2,6719159,72.25,0,6154335,66.18,3,4510688,48.51,1,843757,9.07
2022-09-04,2.27,68.32,29.4,64,6719223,72.26,133,6154468,66.18,80,4510768,48.51,121,843878,9.07
2022-09-05,2.23,68.37,29.4,44,6719267,72.26,77,6154545,66.18,58,4510826,48.51,90,843968,9.08
2022-09-06,2.17,68.42,29.4,60,6719327,72.26,104,6154649,66.18,78,4510904,48.51,130,844098,9.08
2022-09-07,2.12,68.47,29.4,27,6719354,72.26,63,6154712,66.18,53,4510957,48.51,94,844192,9.08
2022-09-08,2.07,68.53,29.4,50,6719404,72.26,101,6154813,66.19,70,4511027,48.51,77,844269,9.08
2022-09-09,2.03,68.57,29.4,10,6719414,72.26,21,6154834,66.19,16,4511043,48.51,17,844286,9.08
2022-09-10,1.97,68.62,29.4,0,6719414,72.26,0,6154834,66.19,5,4511048,48.51,2,844288,9.08
2022-09-11,1.92,68.67,29.41,39,6719453,72.26,117,6154951,66.19,78,4511126,48.51,116,844404,9.08
2022-09-12,1.88,68.71,29.41,24,6719477,72.26,72,6155023,66.19,52,4511178,48.51,68,844472,9.08
2022-09-13,1.82,68.77,29.41,44,6719521,72.26,112,6155135,66.19,54,4511232,48.51,103,844575,9.08
2022-09-14,1.78,68.82,29.41,21,6719542,72.26,64,6155199,66.19,53,4511285,48.51,62,844637,9.08
2022-09-15,1.73,68.86,29.41,32,6719574,72.26,77,6155276,66.19,63,4511348,48.51,107,844744,9.08
2022-09-16,1.7,68.89,29.41,48,6719622,72.26,52,6155328,66.19,27,4511375,48.51,28,844772,9.08
2022-09-17,1.66,68.93,29.41,3,6719625,72.26,0,6155328,66.19,1,4511376,48.51,0,844772,9.08
2022-09-18,1.63,68.96,29.41,28,6719653,72.26,66,6155394,66.19,52,4511428,48.51,114,844886,9.09
2022-09-19,1.61,68.98,29.41,27,6719680,72.26,74,6155468,66.19,44,4511472,48.51,57,844943,9.09
2022-09-20,1.56,69.03,29.41,41,6719721,72.26,93,6155561,66.19,75,4511547,48.52,102,845045,9.09
2022-09-21,1.55,69.05,29.41,22,6719743,72.26,54,6155615,66.19,29,4511576,48.52,56,845101,9.09
2022-09-22,1.52,69.07,29.4,40,6719783,72.26,56,6155671,66.2,27,4511603,48.52,41,845142,9.09
2022-09-23,1.5,69.1,29.41,6,6719789,72.26,11,6155682,66.2,4,4511607,48.52,1,845143,9.09
2022-09-24,1.47,69.13,29.41,0,6719789,72.26,0,6155682,66.2,0,4511607,48.52,0,845143,9.09
2022-09-25,1.46,69.13,29.41,5,6719794,72.26,20,6155702,66.2,10,4511617,48.52,27,845170,9.09
2022-09-26,1.46,69.13,29.41,0,6719794,72.26,5,6155707,66.2,2,4511619,48.52,2,845172,9.09
2022-09-27,1.42,69.17,29.41,2,6719796,72.26,0,6155707,66.2,3,4511622,48.52,3,845175,9.09
2022-09-28,1.39,69.21,29.41,24,6719820,72.26,36,6155743,66.2,25,4511647,48.52,16,845191,9.09
2022-09-29,1.37,69.22,29.41,32,6719852,72.26,61,6155804,66.2,13,4511660,48.52,48,845239,9.09
2022-09-30,1.35,69.24,29.41,3,6719855,72.26,12,6155816,66.2,2,4511662,48.52,0,845239,9.09
2022-10-01,1.31,69.29,29.41,0,6719855,72.26,1,6155817,66.2,1,4511663,48.52,1,845240,9.09
2022-10-02,1.31,69.29,29.41,23,6719878,72.26,51,6155868,66.2,20,4511683,48.52,73,845313,9.09
2022-10-03,1.31,69.28,29.4,23,6719901,72.26,29,6155897,66.2,13,4511696,48.52,12,845325,9.09
2022-10-04,1.27,69.32,29.4,7,6719908,72.26,10,6155907,66.2,0,4511696,48.52,1,845326,9.09
2022-10-05,1.28,69.31,29.4,0,6719908,72.26,0,6155907,66.2,0,4511696,48.52,0,845326,9.09
2022-10-06,1.31,69.28,29.4,17,6719925,72.26,43,6155950,66.2,10,4511706,48.52,20,845346,9.09
2022-10-07,1.3,69.29,29.41,3,6719928,72.26,3,6155953,66.2,3,4511709,48.52,0,845346,9.09
2022-10-08,1.26,69.33,29.41,1,6719929,72.26,1,6155954,66.2,0,4511709,48.52,1,845347,9.09
2022-10-09,1.31,69.28,29.41,7,6719936,72.26,22,6155976,66.2,6,4511715,48.52,5,845352,9.09
2022-10-10,1.38,69.22,29.4,5,6719941,72.26,2,6155978,66.2,0,4511715,48.52,0,845352,9.09
2022-10-11,1.36,69.24,29.4,12,6719953,72.26,32,6156010,66.2,1,4511716,48.52,32,845384,9.09
2022-10-12,1.34,69.26,29.4,13,6719966,72.26,24,6156034,66.2,5,4511721,48.52,4,845388,9.09
2022-10-13,1.4,69.2,29.4,17,6719983,72.26,16,6156050,66.2,5,4511726,48.52,9,845397,9.09
2022-10-14,1.4,69.2,29.4,6,6719989,72.26,7,6156057,66.2,4,4511730,48.52,3,845400,9.09
2022-10-15,1.38,69.22,29.4,0,6719989,72.26,0,6156057,66.2,0,4511730,48.52,1,845401,9.09
2022-10-16,1.39,69.2,29.4,4,6719993,72.26,13,6156070,66.2,5,4511735,48.52,8,845409,9.09
2022-10-17,1.39,69.2,29.4,1,6719994,72.26,1,6156071,66.2,1,4511736,48.52,0,845409,9.09
2022-10-18,1.43,69.17,29.4,24,6720018,72.26,31,6156102,66.2,14,4511750,48.52,16,845425,9.09
2022-10-19,1.47,69.12,29.4,18,6720036,72.26,25,6156127,66.2,7,4511757,48.52,3,845428,9.09
2022-10-20,1.5,69.1,29.4,25,6720061,72.26,44,6156171,66.2,12,4511769,48.52,4,845432,9.09
2022-10-21,1.5,69.09,29.4,4,6720065,72.26,7,6156178,66.2,2,4511771,48.52,2,845434,9.09
2022-10-22,1.49,69.1,29.4,0,6720065,72.26,0,6156178,66.2,0,4511771,48.52,0,845434,9.09
2022-10-23,1.51,69.08,29.4,15,6720080,72.26,33,6156211,66.2,18,4511789,48.52,10,845444,9.09
2022-10-24,1.51,69.08,29.41,20,6720100,72.26,16,6156227,66.2,19,4511808,48.52,9,845453,9.09
2022-10-25,1.55,69.04,29.4,18,6720118,72.26,34,6156261,66.2,22,4511830,48.52,21,845474,9.09
2022-10-26,1.61,68.99,29.4,18,6720136,72.27,25,6156286,66.2,8,4511838,48.52,9,845483,9.09
2022-10-27,1.67,68.93,29.4,18,6720154,72.27,26,6156312,66.2,14,4511852,48.52,16,845499,9.09
2022-10-28,1.67,68.93,29.4,44,6720198,72.27,47,6156359,66.2,31,4511883,48.52,18,845517,9.09
2022-10-29,1.66,68.94,29.4,0,6720198,72.27,0,6156359,66.2,0,4511883,48.52,0,845517,9.09
2022-10-30,1.71,68.89,29.4,15,6720213,72.27,23,6156382,66.2,15,4511898,48.52,9,845526,9.09
2022-10-31,1.76,68.84,29.4,17,6720230,72.27,16,6156398,66.2,8,4511906,48.52,9,845535,9.09
2022-11-01,1.82,68.78,29.4,2,6720232,72.27,1,6156399,66.2,1,4511907,48.52,0,845535,9.09
2022-11-02,1.88,68.72,29.4,13,6720245,72.27,13,6156412,66.2,7,4511914,48.52,8,845543,9.09
2022-11-03,1.96,68.64,29.4,16,6720261,72.27,18,6156430,66.2,11,4511925,48.52,8,845551,9.09
2022-11-04,1.98,68.63,29.4,4,6720265,72.27,6,6156436,66.2,1,4511926,48.52,2,845553,9.09
2022-11-05,1.97,68.63,29.4,0,6720265,72.27,0,6156436,66.2,0,4511926,48.52,0,845553,9.09
2022-11-06,2.03,68.57,29.4,24,6720289,72.27,30,6156466,66.2,11,4511937,48.52,23,845576,9.09
2022-11-07,2.1,68.51,29.4,15,6720304,72.27,11,6156477,66.2,10,4511947,48.52,54,845630,9.09
2022-11-08,2.1,68.5,29.4,28,6720332,72.27,26,6156503,66.2,14,4511961,48.52,9,845639,9.09
2022-11-09,2.16,68.45,29.4,16,6720348,72.27,20,6156523,66.2,17,4511978,48.52,9,845648,9.09
2022-11-10,2.22,68.39,29.4,26,6720374,72.27,14,6156537,66.2,11,4511989,48.52,4,845652,9.09
2022-11-11,2.23,68.37,29.4,1,6720375,72.27,17,6156554,66.2,2,4511991,48.52,1,845653,9.09
2022-11-12,2.22,68.38,29.4,1,6720376,72.27,0,6156554,66.2,1,4511992,48.52,0,845653,9.09
2022-11-13,2.29,68.31,29.4,24,6720400,72.27,28,6156582,66.2,17,4512009,48.52,8,845661,9.09
2022-11-14,2.37,68.23,29.4,20,6720420,72.27,17,6156599,66.2,21,4512030,48.52,16,845677,9.09
2022-11-15,2.43,68.17,29.4,39,6720459,72.27,26,6156625,66.21,15,4512045,48.52,17,845694,9.09
2022-11-16,2.5,68.1,29.4,14,6720473,72.27,26,6156651,66.21,16,4512061,48.52,11,845705,9.09
2022-11-17,2.59,68.02,29.4,19,6720492,72.27,33,6156684,66.21,18,4512079,48.52,4,845709,9.09
2022-11-18,2.61,67.99,29.4,6,6720498,72.27,4,6156688,66.21,4,4512083,48.52,0,845709,9.09
2022-11-19,2.6,68,29.4,0,6720498,72.27,0,6156688,66.21,0,4512083,48.52,0,845709,9.09
2022-11-20,2.67,67.93,29.4,19,6720517,72.27,19,6156707,66.21,6,4512089,48.52,13,845722,9.09
2022-11-21,2.76,67.85,29.4,15,6720532,72.27,12,6156719,66.21,6,4512095,48.52,6,845728,9.09
2022-11-22,2.83,67.77,29.4,25,6720557,72.27,13,6156732,66.21,17,4512112,48.52,6,845734,9.09
2022-11-23,2.9,67.7,29.4,17,6720574,72.27,20,6156752,66.21,4,4512116,48.52,8,845742,9.09
2022-11-24,2.98,67.62,29.4,9,6720583,72.27,16,6156768,66.21,13,4512129,48.52,27,845769,9.1
2022-11-25,3,67.6,29.4,17,6720600,72.27,31,6156799,66.21,14,4512143,48.52,12,845781,9.1
2022-11-26,3,67.61,29.4,0,6720600,72.27,2,6156801,66.21,0,4512143,48.52,0,845781,9.1
2022-11-27,3.06,67.54,29.4,14,6720614,72.27,14,6156815,66.21,19,4512162,48.52,2,845783,9.1
2022-11-28,3.14,67.47,29.4,8,6720622,72.27,23,6156838,66.21,8,4512170,48.52,6,845789,9.1
2022-11-29,3.2,67.4,29.4,37,6720659,72.27,31,6156869,66.21,19,4512189,48.52,14,845803,9.1
2022-11-30,3.27,67.34,29.39,12,6720671,72.27,25,6156894,66.21,20,4512209,48.52,8,845811,9.1
2022-12-01,3.34,67.26,29.39,13,6720684,72.27,16,6156910,66.21,15,4512224,48.52,4,845815,9.1
2022-12-02,3.36,67.24,29.39,2,6720686,72.27,7,6156917,66.21,4,4512228,48.52,10,845825,9.1
2022-12-03,3.36,67.24,29.39,0,6720686,72.27,0,6156917,66.21,0,4512228,48.52,1,845826,9.1
2022-12-04,3.42,67.18,29.39,25,6720711,72.27,23,6156940,66.21,29,4512257,48.52,23,845849,9.1
2022-12-05,3.48,67.12,29.4,9,6720720,72.27,17,6156957,66.21,11,4512268,48.52,18,845867,9.1
2022-12-06,3.55,67.05,29.39,32,6720752,72.27,24,6156981,66.21,27,4512295,48.52,9,845876,9.1
2022-12-07,3.62,66.99,29.39,10,6720762,72.27,17,6156998,66.21,8,4512303,48.52,7,845883,9.1
2022-12-08,3.69,66.91,29.39,18,6720780,72.27,26,6157024,66.21,15,4512318,48.52,3,845886,9.1
2022-12-09,3.71,66.9,29.39,4,6720784,72.27,1,6157025,66.21,1,4512319,48.52,7,845893,9.1
2022-12-10,3.7,66.91,29.39,1,6720785,72.27,0,6157025,66.21,2,4512321,48.52,0,845893,9.1
2022-12-11,3.76,66.84,29.39,14,6720799,72.27,19,6157044,66.21,15,4512336,48.52,16,845909,9.1
2022-12-12,3.82,66.78,29.39,14,6720813,72.27,11,6157055,66.21,5,4512341,48.52,0,845909,9.1
2022-12-13,3.87,66.73,29.39,17,6720830,72.27,45,6157100,66.21,18,4512359,48.52,12,845921,9.1
2022-12-14,3.92,66.69,29.39,17,6720847,72.27,16,6157116,66.21,7,4512366,48.52,3,845924,9.1
2022-12-15,3.97,66.64,29.39,21,6720868,72.27,16,6157132,66.21,7,4512373,48.52,3,845927,9.1
2022-12-16,3.98,66.63,29.39,6,6720874,72.27,2,6157134,66.21,1,4512374,48.52,0,845927,9.1
