Date,Valid vaccinated pop. perc.,Expired vaccinated pop. perc.,Not vaccinated pop. perc.,Vaccinated (daily),Vaccinated (cumu),Vaccinated pop. perc.,Second dose (daily),Second dose (cumu),Second dose pop. perc.,Third dose (daily),Third dose (cumu),Third dose pop. perc.,Fourth dose (daily),Fourth dose (cumu),Fourth dose pop. perc.
2020-12-19,0,0,100,46,70,0,0,4,0,0,0,0,0,0,0
2020-12-20,0,0,100,7396,7466,0.08,0,4,0,0,0,0,0,0,0
2020-12-21,0,0,100,24923,32389,0.35,0,4,0,0,0,0,0,0,0
2020-12-22,0,0,100,44668,77057,0.83,0,4,0,0,0,0,0,0,0
2020-12-23,0,0,100,62919,139976,1.51,0,4,0,0,0,0,0,0,0
2020-12-24,0,0,100,73430,213406,2.29,0,4,0,0,0,0,0,0,0
2020-12-25,0,0,100,38517,251923,2.71,0,4,0,0,0,0,0,0,0
2020-12-26,0,0,100,32618,284541,3.06,0,4,0,0,0,0,0,0,0
2020-12-27,0,0,100,104575,389116,4.18,0,4,0,0,0,0,0,0,0
2020-12-28,0,0,100,135041,524157,5.64,0,4,0,0,0,0,0,0,0
2020-12-29,0,0,100,156340,680497,7.32,2,6,0,0,0,0,0,0,0
2020-12-30,0,0,100,153191,833688,8.97,0,6,0,0,0,0,0,0,0
2020-12-31,0,0,100,158601,992289,10.67,0,6,0,0,0,0,0,0,0
2021-01-01,0,0,100,71435,1063724,11.44,0,6,0,0,0,0,0,0,0
2021-01-02,0,0,100,71744,1135468,12.21,0,6,0,0,0,0,0,0,0
2021-01-03,0,0,100,149767,1285235,13.82,0,6,0,0,0,0,0,0,0
2021-01-04,0,0,100,152207,1437442,15.46,1,7,0,0,0,0,0,0,0
2021-01-05,0,0,100,125222,1562664,16.8,4,11,0,0,0,0,0,0,0
2021-01-06,0,0,100,103374,1666038,17.92,2,13,0,0,0,0,0,0,0
2021-01-07,0,0,100,116064,1782102,19.16,9,22,0,0,0,0,0,0,0
2021-01-08,0,0,100,66465,1848567,19.88,5,27,0,0,0,0,0,0,0
2021-01-09,0,0,100,44554,1893121,20.36,24,51,0,0,0,0,0,0,0
2021-01-10,0,0,100,37649,1930770,20.76,6001,6052,0.07,0,0,0,0,0,0
2021-01-11,0,0,100,21176,1951946,20.99,19264,25316,0.27,0,0,0,0,0,0
2021-01-12,0,0,100,24075,1976021,21.25,35674,60990,0.66,0,0,0,0,0,0
2021-01-13,0,0,100,52079,2028100,21.81,56874,117864,1.27,0,0,0,0,0,0
2021-01-14,0,0,100,56480,2084580,22.42,68838,186702,2.01,0,0,0,0,0,0
2021-01-15,0,0,100,30776,2115356,22.75,35942,222644,2.39,0,0,0,0,0,0
2021-01-16,0,0,100,29481,2144837,23.06,26007,248651,2.67,0,0,0,0,0,0
2021-01-17,0.31,0,99.69,68445,2213282,23.8,84598,333249,3.58,0,0,0,0,0,0
2021-01-18,0.58,0,99.42,69820,2283102,24.55,120437,453686,4.88,0,0,0,0,0,0
2021-01-19,1.09,0,98.91,72897,2355999,25.34,137851,591537,6.36,0,0,0,0,0,0
2021-01-20,1.9,0,98.1,76919,2432918,26.16,143768,735305,7.91,0,0,0,0,0,0
2021-01-21,2.88,0,97.12,70009,2502927,26.92,164477,899782,9.68,0,0,0,0,0,0
2021-01-22,3.39,0,96.61,37933,2540860,27.32,71134,970916,10.44,0,0,0,0,0,0
2021-01-23,3.77,0,96.23,39965,2580825,27.75,53596,1024512,11.02,0,0,0,0,0,0
2021-01-24,4.96,0,95.04,69147,2649972,28.5,140711,1165223,12.53,0,0,0,0,0,0
2021-01-25,6.61,0,93.39,80944,2730916,29.37,139522,1304745,14.03,0,0,0,0,0,0
2021-01-26,8.45,0,91.55,78737,2809653,30.21,126446,1431191,15.39,0,0,0,0,0,0
2021-01-27,10.34,0,89.66,77982,2887635,31.05,125073,1556264,16.74,0,0,0,0,0,0
2021-01-28,12.43,0,87.57,79570,2967205,31.91,130632,1686896,18.14,0,0,0,0,0,0
2021-01-29,13.34,0,86.66,36704,3003909,32.3,64794,1751690,18.84,0,0,0,0,0,0
2021-01-30,14.02,0,85.98,34396,3038305,32.67,42767,1794457,19.3,0,0,0,0,0,0
2021-01-31,15.76,0,84.24,73331,3111636,33.46,59504,1853961,19.94,0,0,0,0,0,0
2021-02-01,17.48,0,82.52,82512,3194148,34.35,35357,1889318,20.32,0,0,0,0,0,0
2021-02-02,19.01,0,80.99,70107,3264255,35.1,31074,1920392,20.65,0,0,0,0,0,0
2021-02-03,20.47,0,79.53,60308,3324563,35.75,51445,1971837,21.2,0,0,0,0,0,0
2021-02-04,22,0,78,72640,3397203,36.53,58096,2029933,21.83,0,0,0,0,0,0
2021-02-05,22.75,0,77.25,33947,3431150,36.9,28807,2058740,22.14,0,0,0,0,0,0
2021-02-06,23.23,0,76.77,21622,3452772,37.13,22233,2080973,22.38,0,0,0,0,0,0
2021-02-07,23.99,0,76.01,54081,3506853,37.71,68744,2149717,23.12,0,0,0,0,0,0
2021-02-08,24.52,0,75.48,58644,3565497,38.34,65468,2215185,23.82,0,0,0,0,0,0
2021-02-09,25.04,0,74.96,66360,3631857,39.06,67579,2282764,24.55,0,0,0,0,0,0
2021-02-10,25.77,0,74.23,70571,3702428,39.81,72316,2355080,25.33,0,0,0,0,0,0
2021-02-11,26.61,0,73.39,81175,3783603,40.69,72113,2427193,26.1,0,0,0,0,0,0
2021-02-12,27.02,0,72.98,39111,3822714,41.11,37600,2464793,26.51,0,0,0,0,0,0
2021-02-13,27.33,0,72.67,27465,3850179,41.4,30441,2495234,26.83,0,0,0,0,0,0
2021-02-14,28.25,0,71.75,74917,3925096,42.21,69085,2564319,27.58,0,0,0,0,0,0
2021-02-15,29.17,0,70.83,81548,4006644,43.09,75722,2640041,28.39,0,0,0,0,0,0
2021-02-16,30.11,0,69.89,83423,4090067,43.98,78301,2718342,29.23,0,0,0,0,0,0
2021-02-17,31.01,0,68.99,61984,4152051,44.65,75645,2793987,30.05,0,0,0,0,0,0
2021-02-18,31.94,0,68.06,69159,4221210,45.39,79739,2873726,30.9,0,0,0,0,0,0
2021-02-19,32.45,0,67.55,39676,4260886,45.82,38162,2911888,31.31,0,0,0,0,0,0
2021-02-20,32.85,0,67.15,31651,4292537,46.16,28724,2940612,31.62,0,0,0,0,0,0
2021-02-21,33.8,0,66.2,79436,4371973,47.01,78446,3019058,32.47,0,0,0,0,0,0
2021-02-22,34.83,0,65.17,85056,4457029,47.93,80598,3099656,33.33,0,0,0,0,0,0
2021-02-23,35.84,0,64.16,77332,4534361,48.76,70486,3170142,34.09,0,0,0,0,0,0
2021-02-24,36.76,0,63.24,61067,4595428,49.42,63144,3233286,34.77,0,0,0,0,0,0
2021-02-25,37.66,0,62.34,51730,4647158,49.97,64810,3298096,35.47,0,0,0,0,0,0
2021-02-26,38.1,0,61.9,25913,4673071,50.25,32046,3330142,35.81,0,0,0,0,0,0
2021-02-27,38.42,0,61.58,18353,4691424,50.45,21197,3351339,36.04,0,0,0,0,0,0
2021-02-28,39.24,0,60.76,40365,4731789,50.88,55874,3407213,36.64,0,0,0,0,0,0
2021-03-01,40.1,0,59.9,45751,4777540,51.38,61445,3468658,37.3,0,0,0,0,0,0
2021-03-02,40.85,0,59.15,41202,4818742,51.82,64802,3533460,38,0,0,0,0,0,0
2021-03-03,41.55,0,58.45,42035,4860777,52.27,66794,3600254,38.72,0,0,0,0,0,0
2021-03-04,42.24,0,57.76,39722,4900499,52.7,79126,3679380,39.57,0,0,0,0,0,0
2021-03-05,42.57,0,57.43,17369,4917868,52.88,40471,3719851,40,0,0,0,0,0,0
2021-03-06,42.78,0,57.22,10722,4928590,53,25349,3745200,40.27,0,0,0,0,0,0
2021-03-07,43.36,0,56.64,31156,4959746,53.33,72847,3818047,41.06,0,0,0,0,0,0
2021-03-08,43.97,0,56.03,27387,4987133,53.63,73295,3891342,41.85,0,0,0,0,0,0
2021-03-09,44.62,0,55.38,26756,5013889,53.92,76605,3967947,42.67,0,0,0,0,0,0
2021-03-10,45.27,0,54.73,23373,5037262,54.17,58685,4026632,43.3,0,0,0,0,0,0
2021-03-11,45.99,0,54.01,23307,5060569,54.42,69098,4095730,44.04,0,0,0,0,0,0
2021-03-12,46.34,0,53.66,11296,5071865,54.54,41418,4137148,44.49,0,0,0,0,0,0
2021-03-13,46.57,0,53.43,7954,5079819,54.63,25239,4162387,44.76,0,0,0,0,0,0
2021-03-14,47.2,0,52.8,20991,5100810,54.85,73936,4236323,45.56,0,0,0,0,0,0
2021-03-15,47.81,0,52.19,20152,5120962,55.07,78281,4314604,46.4,0,0,0,0,0,0
2021-03-16,48.43,0,51.57,18759,5139721,55.27,71481,4386085,47.17,0,0,0,0,0,0
2021-03-17,48.92,0,51.08,17705,5157426,55.46,59010,4445095,47.8,0,0,0,0,0,0
2021-03-18,49.45,0,50.55,16050,5173476,55.63,58126,4503221,48.43,0,0,0,0,0,0
2021-03-19,49.75,0,50.25,6957,5180433,55.71,27981,4531202,48.73,0,0,0,0,0,0
2021-03-20,49.93,0,50.07,5227,5185660,55.76,15302,4546504,48.89,0,0,0,0,0,0
2021-03-21,50.46,0,49.54,13172,5198832,55.91,40511,4587015,49.33,0,0,0,0,0,0
2021-03-22,51,0,49,13583,5212415,56.05,40542,4627557,49.76,0,0,0,0,0,0
2021-03-23,51.43,0,48.57,2846,5215261,56.08,7303,4634860,49.84,0,0,0,0,0,0
2021-03-24,51.84,0,48.16,11006,5226267,56.2,46560,4681420,50.34,0,0,0,0,0,0
2021-03-25,52.22,0,47.78,10273,5236540,56.31,35440,4716860,50.72,0,0,0,0,0,0
2021-03-26,52.4,0,47.6,4186,5240726,56.36,13334,4730194,50.87,0,0,0,0,0,0
2021-03-27,52.5,0,47.5,1787,5242513,56.38,4269,4734463,50.91,0,0,0,0,0,0
2021-03-28,52.74,0,47.26,2114,5244627,56.4,4611,4739074,50.96,0,0,0,0,0,0
2021-03-29,53,0,47,6918,5251545,56.47,30017,4769091,51.28,0,0,0,0,0,0
2021-03-30,53.08,0,46.92,7897,5259442,56.56,22454,4791545,51.53,0,0,0,0,0,0
2021-03-31,53.38,0,46.62,8154,5267596,56.65,19502,4811047,51.74,0,0,0,0,0,0
2021-04-01,53.62,0,46.38,8222,5275818,56.73,18703,4829750,51.94,0,0,0,0,0,0
2021-04-02,53.71,0,46.29,2946,5278764,56.77,8131,4837881,52.02,0,0,0,0,0,0
2021-04-03,53.74,0,46.26,1432,5280196,56.78,2983,4840864,52.06,0,0,0,0,0,0
2021-04-04,53.82,0,46.18,9618,5289814,56.88,22832,4863696,52.3,0,0,0,0,0,0
2021-04-05,54.04,0,45.96,10365,5300179,57,21278,4884974,52.53,0,0,0,0,0,0
2021-04-06,54.21,0,45.79,9035,5309214,57.09,16794,4901768,52.71,0,0,0,0,0,0
2021-04-07,54.36,0,45.64,8934,5318148,57.19,15314,4917082,52.88,0,0,0,0,0,0
2021-04-08,54.52,0,45.48,9431,5327579,57.29,17017,4934099,53.06,0,0,0,0,0,0
2021-04-09,54.58,0,45.42,3609,5331188,57.33,6259,4940358,53.13,0,0,0,0,0,0
2021-04-10,54.61,0,45.39,1636,5332824,57.35,3522,4943880,53.16,0,0,0,0,0,0
2021-04-11,54.78,0,45.22,9045,5341869,57.44,14249,4958129,53.32,0,0,0,0,0,0
2021-04-12,54.95,0,45.05,8936,5350805,57.54,13236,4971365,53.46,0,0,0,0,0,0
2021-04-13,55.08,0,44.92,5841,5356646,57.6,4960,4976325,53.51,0,0,0,0,0,0
2021-04-14,55.18,0,44.82,3650,5360296,57.64,5311,4981636,53.57,0,0,0,0,0,0
2021-04-15,55.27,0,44.73,698,5360994,57.65,582,4982218,53.58,0,0,0,0,0,0
2021-04-16,55.33,0,44.67,3419,5364413,57.69,6652,4988870,53.65,0,0,0,0,0,0
2021-04-17,55.35,0,44.65,822,5365235,57.7,1973,4990843,53.67,0,0,0,0,0,0
2021-04-18,55.47,0,44.53,7099,5372334,57.77,7433,4998276,53.75,0,0,0,0,0,0
2021-04-19,55.58,0,44.42,6407,5378741,57.84,7134,5005410,53.83,0,0,0,0,0,0
2021-04-20,55.65,0,44.35,6287,5385028,57.91,6889,5012299,53.9,0,0,0,0,0,0
2021-04-21,55.71,0,44.29,6381,5391409,57.98,7112,5019411,53.98,0,0,0,0,0,0
2021-04-22,55.75,0,44.25,5952,5397361,58.04,7691,5027102,54.06,0,0,0,0,0,0
2021-04-23,55.8,0,44.2,2768,5400129,58.07,3391,5030493,54.1,0,0,0,0,0,0
2021-04-24,55.82,0,44.18,768,5400897,58.08,1290,5031783,54.11,0,0,0,0,0,0
2021-04-25,55.89,0,44.11,4829,5405726,58.13,6925,5038708,54.18,0,0,0,0,0,0
2021-04-26,55.96,0,44.04,5479,5411205,58.19,7889,5046597,54.27,0,0,0,0,0,0
2021-04-27,56.03,0,43.97,4507,5415712,58.24,6627,5053224,54.34,0,0,0,0,0,0
2021-04-28,56.09,0,43.91,4501,5420213,58.29,7336,5060560,54.42,0,0,0,0,0,0
2021-04-29,56.16,0,43.84,4378,5424591,58.33,7296,5067856,54.5,0,0,0,0,0,0
2021-04-30,56.19,0,43.81,1925,5426516,58.35,3202,5071058,54.53,0,0,0,0,0,0
2021-05-01,56.2,0,43.8,458,5426974,58.36,895,5071953,54.54,0,0,0,0,0,0
2021-05-02,56.26,0,43.74,3225,5430199,58.39,6092,5078045,54.61,0,0,0,0,0,0
2021-05-03,56.32,0,43.68,3535,5433734,58.43,5835,5083880,54.67,0,0,0,0,0,0
2021-05-04,56.38,0,43.62,3593,5437327,58.47,4737,5088617,54.72,0,0,0,0,0,0
2021-05-05,56.44,0,43.56,3292,5440619,58.51,4093,5092710,54.76,0,0,0,0,0,0
2021-05-06,56.5,0,43.5,3646,5444265,58.54,3144,5095854,54.8,0,0,0,0,0,0
2021-05-07,56.52,0,43.48,1847,5446112,58.56,2509,5098363,54.83,0,0,0,0,0,0
2021-05-08,56.53,0,43.47,244,5446356,58.57,507,5098870,54.83,0,0,0,0,0,0
2021-05-09,56.58,0,43.42,2851,5449207,58.6,4751,5103621,54.88,0,0,0,0,0,0
2021-05-10,56.63,0,43.37,2897,5452104,58.63,4715,5108336,54.93,0,0,0,0,0,0
2021-05-11,56.67,0,43.33,2622,5454726,58.66,3881,5112217,54.97,0,0,0,0,0,0
2021-05-12,56.7,0,43.3,2034,5456760,58.68,3342,5115559,55.01,0,0,0,0,0,0
2021-05-13,56.73,0,43.27,2043,5458803,58.7,3688,5119247,55.05,0,0,0,0,0,0
2021-05-14,56.75,0,43.25,978,5459781,58.71,1494,5120741,55.07,0,0,0,0,0,0
2021-05-15,56.75,0,43.25,259,5460040,58.71,259,5121000,55.07,0,0,0,0,0,0
2021-05-16,56.78,0,43.22,529,5460569,58.72,1206,5122206,55.08,0,0,0,0,0,0
2021-05-17,56.81,0,43.19,303,5460872,58.72,848,5123054,55.09,0,0,0,0,0,0
2021-05-18,56.84,0,43.16,1963,5462835,58.74,4939,5127993,55.14,0,0,0,0,0,0
2021-05-19,56.87,0,43.13,2233,5465068,58.77,5042,5133035,55.2,0,0,0,0,0,0
2021-05-20,56.9,0,43.1,2312,5467380,58.79,3880,5136915,55.24,0,0,0,0,0,0
2021-05-21,56.92,0,43.08,1194,5468574,58.81,1414,5138329,55.26,0,0,0,0,0,0
2021-05-22,56.92,0,43.08,206,5468780,58.81,396,5138725,55.26,0,0,0,0,0,0
2021-05-23,56.94,0,43.06,2272,5471052,58.83,3216,5141941,55.29,0,0,0,0,0,0
2021-05-24,56.96,0,43.04,2140,5473192,58.86,3597,5145538,55.33,0,0,0,0,0,0
2021-05-25,56.99,0,43.01,1822,5475014,58.88,2588,5148126,55.36,0,0,0,0,0,0
2021-05-26,57.03,0,42.97,1415,5476429,58.89,2504,5150630,55.39,0,0,0,0,0,0
2021-05-27,57.06,0,42.94,1865,5478294,58.91,3189,5153819,55.42,0,0,0,0,0,0
2021-05-28,57.07,0,42.93,794,5479088,58.92,1406,5155225,55.44,0,0,0,0,0,0
2021-05-29,57.07,0,42.93,192,5479280,58.92,226,5155451,55.44,0,0,0,0,0,0
2021-05-30,57.1,0,42.9,1645,5480925,58.94,1937,5157388,55.46,0,0,0,0,0,0
2021-05-31,57.13,0,42.87,1740,5482665,58.96,2093,5159481,55.48,0,0,0,0,0,0
2021-06-01,57.47,0,42.53,1385,5484050,58.97,1823,5161304,55.5,0,0,0,0,0,0
2021-06-02,57.25,0,42.75,1514,5485564,58.99,1610,5162914,55.52,0,0,0,0,0,0
2021-06-03,57.27,0,42.73,1685,5487249,59.01,1495,5164409,55.54,0,0,0,0,0,0
2021-06-04,57.28,0,42.72,1102,5488351,59.02,784,5165193,55.54,0,0,0,0,0,0
2021-06-05,57.29,0,42.71,184,5488535,59.02,159,5165352,55.55,0,0,0,0,0,0
2021-06-06,57.31,0,42.69,4293,5492828,59.07,1002,5166354,55.56,0,0,0,0,0,0
2021-06-07,57.34,0,42.66,4439,5497267,59.11,814,5167168,55.57,0,0,0,0,0,0
2021-06-08,57.36,0,42.64,3739,5501006,59.16,1175,5168343,55.58,0,0,0,0,0,0
2021-06-09,57.4,0,42.6,3615,5504621,59.19,1331,5169674,55.59,0,0,0,0,0,0
2021-06-10,57.42,0,42.58,3364,5507985,59.23,1300,5170974,55.61,0,0,0,0,0,0
2021-06-11,57.43,0,42.57,1401,5509386,59.25,590,5171564,55.61,0,0,0,0,0,0
2021-06-12,57.43,0,42.57,222,5509608,59.25,173,5171737,55.61,0,0,0,0,0,0
2021-06-13,57.45,0,42.55,3101,5512709,59.28,1260,5172997,55.63,0,0,0,0,0,0
2021-06-14,57.46,0,42.54,3057,5515766,59.31,1534,5174531,55.64,0,0,0,0,0,0
2021-06-15,57.48,0,42.52,3138,5518904,59.35,1378,5175909,55.66,0,0,0,0,0,0
2021-06-16,57.49,0,42.51,2734,5521638,59.38,1004,5176913,55.67,0,0,0,0,0,0
2021-06-17,57.51,0,42.49,2733,5524371,59.41,1209,5178122,55.68,0,0,0,0,0,0
2021-06-18,57.52,0,42.48,1270,5525641,59.42,506,5178628,55.69,0,0,0,0,0,0
2021-06-19,57.52,0,42.48,242,5525883,59.42,139,5178767,55.69,0,0,0,0,0,0
2021-06-20,57.54,0,42.46,3316,5529199,59.46,1332,5180099,55.7,0,0,0,0,0,0
2021-06-21,57.56,0,42.44,5250,5534449,59.51,1218,5181317,55.72,0,0,0,0,0,0
2021-06-22,57.58,0,42.42,6935,5541384,59.59,1101,5182418,55.73,0,0,0,0,0,0
2021-06-23,57.6,0,42.4,10762,5552146,59.7,1303,5183721,55.74,0,0,0,0,0,0
2021-06-24,57.62,0,42.38,12051,5564197,59.83,1466,5185187,55.76,0,0,0,0,0,0
2021-06-25,57.62,0,42.38,7117,5571314,59.91,945,5186132,55.77,0,0,0,0,0,0
2021-06-26,57.63,0,42.37,2278,5573592,59.94,200,5186332,55.77,0,0,0,0,0,0
2021-06-27,57.65,0,42.35,13633,5587225,60.08,3438,5189770,55.81,0,0,0,0,0,0
2021-06-28,57.68,0,42.32,14518,5601743,60.24,3675,5193445,55.85,0,0,0,0,0,0
2021-06-29,57.69,0,42.31,16711,5618454,60.42,3745,5197190,55.89,0,0,0,0,0,0
2021-06-30,57.72,0,42.28,16487,5634941,60.6,3397,5200587,55.92,0,0,0,0,0,0
2021-07-01,57.78,0,42.22,16837,5651778,60.78,3381,5203968,55.96,121,121,0,0,0,0
2021-07-02,57.79,0,42.21,9836,5661614,60.88,1609,5205577,55.98,7,128,0,0,0,0
2021-07-03,57.79,0,42.21,2678,5664292,60.91,300,5205877,55.98,1,129,0,0,0,0
2021-07-04,57.85,0,42.15,17735,5682027,61.1,3161,5209038,56.02,2,131,0,0,0,0
2021-07-05,57.91,0,42.09,17850,5699877,61.29,3046,5212084,56.05,7,138,0,0,0,0
2021-07-06,57.99,0,42.01,17848,5717725,61.49,3412,5215496,56.08,11,149,0,0,0,0
2021-07-07,58.05,0,41.95,15533,5733258,61.65,2703,5218199,56.11,12,161,0,0,0,0
2021-07-08,58.12,0,41.88,16589,5749847,61.83,2881,5221080,56.14,17,178,0,0,0,0
2021-07-09,58.15,0,41.85,11125,5760972,61.95,1536,5222616,56.16,4,182,0,0,0,0
2021-07-10,58.15,0,41.85,4989,5765961,62,391,5223007,56.17,6,188,0,0,0,0
2021-07-11,58.22,0,41.78,1456,5767417,62.02,2847,5225854,56.2,9,197,0,0,0,0
2021-07-12,58.29,0,41.71,2427,5769844,62.05,3696,5229550,56.24,57,254,0,0,0,0
2021-07-13,58.36,0,41.64,2965,5772809,62.08,5460,5235010,56.29,124,378,0,0,0,0
2021-07-14,58.42,0,41.58,2747,5775556,62.11,7536,5242546,56.38,441,819,0.01,0,0,0
2021-07-15,58.5,0,41.5,3010,5778566,62.14,9302,5251848,56.48,374,1193,0.01,0,0,0
2021-07-16,58.54,0,41.46,1296,5779862,62.15,5898,5257746,56.54,66,1259,0.01,0,0,0
2021-07-17,58.55,0,41.44,372,5780234,62.16,1393,5259139,56.55,8,1267,0.01,0,0,0
2021-07-18,58.6,0,41.4,2074,5782308,62.18,9770,5268909,56.66,235,1502,0.02,0,0,0
2021-07-19,58.65,0,41.35,3212,5785520,62.21,11346,5280255,56.78,461,1963,0.02,0,0,0
2021-07-20,58.72,0,41.28,2690,5788210,62.24,11914,5292169,56.91,374,2337,0.03,0,0,0
2021-07-21,58.81,0,41.19,2408,5790618,62.27,11880,5304049,57.04,325,2662,0.03,0,0,0
2021-07-22,58.93,0,41.07,2878,5793496,62.3,13279,5317328,57.18,391,3053,0.03,0,0,0
2021-07-23,58.99,0,41.01,2038,5795534,62.32,8250,5325578,57.27,106,3159,0.03,0,0,0
2021-07-24,58.99,0,41,645,5796179,62.33,1486,5327064,57.28,7,3166,0.03,0,0,0
2021-07-25,59.1,0,40.89,4416,5800595,62.38,15499,5342563,57.45,223,3389,0.04,0,0,0
2021-07-26,59.24,0,40.75,5173,5805768,62.43,13533,5356096,57.6,325,3714,0.04,0,0,0
2021-07-27,59.37,0.01,40.62,5493,5811261,62.49,13579,5369675,57.74,414,4128,0.04,0,0,0
2021-07-28,59.5,0.01,40.49,3990,5815251,62.53,12345,5382020,57.88,472,4600,0.05,0,0,0
2021-07-29,59.65,0.01,40.33,4665,5819916,62.58,14203,5396223,58.03,532,5132,0.06,0,0,0
2021-07-30,59.74,0.02,40.25,2657,5822573,62.61,10856,5407079,58.15,4122,9254,0.1,0,0,0
2021-07-31,59.75,0.02,40.23,1407,5823980,62.63,3554,5410633,58.18,6159,15413,0.17,0,0,0
2021-08-01,59.91,0.02,40.06,3078,5827058,62.66,3366,5413999,58.22,31047,46460,0.5,0,0,0
2021-08-02,60.06,0.03,39.91,3134,5830192,62.7,3176,5417175,58.25,58514,104974,1.13,0,0,0
2021-08-03,60.21,0.03,39.76,3386,5833578,62.73,3330,5420505,58.29,78954,183928,1.98,0,0,0
2021-08-04,60.34,0.03,39.63,3534,5837112,62.77,3255,5423760,58.32,80765,264693,2.85,0,0,0
2021-08-05,60.49,0.04,39.47,4515,5841627,62.82,3570,5427330,58.36,88442,353135,3.8,0,0,0
2021-08-06,60.6,0.04,39.36,2437,5844064,62.84,1863,5429193,58.38,44744,397879,4.28,0,0,0
2021-08-07,60.63,0.04,39.32,1034,5845098,62.86,701,5429894,58.39,27353,425232,4.57,0,0,0
2021-08-08,60.68,0.04,39.28,4991,5850089,62.91,3082,5432976,58.42,80087,505319,5.43,0,0,0
2021-08-09,60.72,0.04,39.24,5341,5855430,62.97,3064,5436040,58.46,76489,581808,6.26,0,0,0
2021-08-10,60.75,0.04,39.2,5554,5860984,63.03,3208,5439248,58.49,75427,657235,7.07,0,0,0
2021-08-11,60.79,0.04,39.17,5695,5866679,63.09,2949,5442197,58.52,62642,719877,7.74,0,0,0
2021-08-12,60.83,0.04,39.12,7039,5873718,63.16,3291,5445488,58.56,59462,779339,8.38,0,0,0
2021-08-13,60.84,0.05,39.11,3821,5877539,63.2,2074,5447562,58.58,43870,823209,8.85,0,0,0
2021-08-14,60.85,0.05,39.1,2255,5879794,63.23,853,5448415,58.59,44486,867695,9.33,0,0,0
2021-08-15,60.89,0.05,39.06,7145,5886939,63.31,4530,5452945,58.64,97985,965680,10.38,0,0,0
2021-08-16,60.92,0.04,39.03,6991,5893930,63.38,4749,5457694,58.69,89522,1055202,11.35,0,0,0
2021-08-17,60.96,0.04,39,7573,5901503,63.46,5138,5462832,58.74,83320,1138522,12.24,0,0,0
2021-08-18,60.99,0.04,38.96,8642,5910145,63.55,4603,5467435,58.79,69269,1207791,12.99,0,0,0
2021-08-19,61.03,0.04,38.92,10082,5920227,63.66,5218,5472653,58.85,65976,1273767,13.7,0,0,0
2021-08-20,61.05,0.05,38.9,4768,5924995,63.71,2827,5475480,58.88,60454,1334221,14.35,0,0,0
2021-08-21,61.06,0.05,38.89,3499,5928494,63.75,1580,5477060,58.9,50725,1384946,14.89,0,0,0
2021-08-22,61.12,0.04,38.84,9824,5938318,63.86,4808,5481868,58.95,105111,1490057,16.02,0,0,0
2021-08-23,61.17,0.04,38.79,10923,5949241,63.98,4448,5486316,59,94034,1584091,17.03,0,0,0
2021-08-24,61.23,0.04,38.73,11724,5960965,64.1,4702,5491018,59.05,98557,1682648,18.09,0,0,0
2021-08-25,61.29,0.04,38.67,9612,5970577,64.2,4484,5495502,59.1,99558,1782206,19.16,0,0,0
2021-08-26,61.36,0.03,38.61,10110,5980687,64.31,5059,5500561,59.15,101231,1883437,20.25,0,0,0
2021-08-27,61.35,0.04,38.61,4325,5985012,64.36,2788,5503349,59.18,56696,1940133,20.86,0,0,0
2021-08-28,61.4,0.04,38.57,3702,5988714,64.4,1500,5504849,59.2,33540,1973673,21.22,0,0,0
2021-08-29,61.46,0.03,38.5,10323,5999037,64.51,5932,5510781,59.26,79550,2053223,22.08,0,0,0
2021-08-30,61.53,0.03,38.44,12334,6011371,64.64,7017,5517798,59.34,116009,2169232,23.33,0,0,0
2021-08-31,61.6,0.03,38.37,12076,6023447,64.77,6529,5524327,59.41,114881,2284113,24.56,0,0,0
2021-09-01,61.43,0.03,38.54,9034,6032481,64.87,6043,5530370,59.47,112492,2396605,25.77,0,0,0
2021-09-02,61.49,0.03,38.48,8784,6041265,64.96,7182,5537552,59.55,111545,2508150,26.97,0,0,0
2021-09-03,61.56,0.03,38.42,3751,6045016,65.01,4116,5541668,59.59,58886,2567036,27.6,0,0,0
2021-09-04,61.59,0.03,38.38,2691,6047707,65.03,2023,5543691,59.61,29953,2596989,27.93,0,0,0
2021-09-05,61.68,0.03,38.29,6991,6054698,65.11,6460,5550151,59.68,73326,2670315,28.72,0,0,0
2021-09-06,61.77,0.03,38.2,2836,6057534,65.14,2718,5552869,59.71,22800,2693115,28.96,0,0,0
2021-09-07,61.85,0.03,38.12,1202,6058736,65.15,879,5553748,59.72,5398,2698513,29.02,0,0,0
2021-09-08,61.93,0.03,38.05,1380,6060116,65.17,1196,5554944,59.74,6621,2705134,29.09,0,0,0
2021-09-09,62.02,0.03,37.95,7093,6067209,65.24,12573,5567517,59.87,73845,2778979,29.88,0,0,0
2021-09-10,62.06,0.03,37.91,3258,6070467,65.28,5016,5572533,59.92,37938,2816917,30.29,0,0,0
2021-09-11,62.08,0.03,37.89,2108,6072575,65.3,2509,5575042,59.95,14817,2831734,30.45,0,0,0
2021-09-12,62.16,0.03,37.81,6106,6078681,65.37,8589,5583631,60.04,54136,2885870,31.03,0,0,0
2021-09-13,62.15,0.03,37.82,5611,6084292,65.43,8265,5591896,60.13,47983,2933853,31.55,0,0,0
2021-09-14,62.2,0.03,37.77,4963,6089255,65.48,7424,5599320,60.21,48856,2982709,32.07,0,0,0
2021-09-15,62.25,0.03,37.72,1750,6091005,65.5,2718,5602038,60.24,16687,2999396,32.25,0,0,0
2021-09-16,62.37,0.03,37.6,343,6091348,65.5,550,5602588,60.25,1740,3001136,32.27,0,0,0
2021-09-17,62.42,0.03,37.54,3683,6095031,65.54,7022,5609610,60.32,42905,3044041,32.73,0,0,0
2021-09-18,62.45,0.03,37.52,2258,6097289,65.57,2946,5612556,60.35,12783,3056824,32.87,0,0,0
2021-09-19,62.55,0.03,37.42,5942,6103231,65.63,10712,5623268,60.47,44332,3101156,33.35,0,0,0
2021-09-20,62.63,0.03,37.34,3246,6106477,65.67,4646,5627914,60.52,16708,3117864,33.53,0,0,0
2021-09-21,62.69,0.03,37.28,1340,6107817,65.68,2066,5629980,60.54,3477,3121341,33.57,0,0,0
2021-09-22,62.72,0.03,37.25,4260,6112077,65.73,7250,5637230,60.62,25072,3146413,33.84,0,0,0
2021-09-23,62.75,0.03,37.22,4391,6116468,65.77,5916,5643146,60.68,27834,3174247,34.13,0,0,0
2021-09-24,62.82,0.03,37.15,3202,6119670,65.81,4185,5647331,60.73,27723,3201970,34.43,0,0,0
2021-09-25,62.85,0.03,37.12,2081,6121751,65.83,2263,5649594,60.75,10443,3212413,34.54,0,0,0
2021-09-26,62.96,0.03,37,5605,6127356,65.89,5973,5655567,60.82,36270,3248683,34.93,0,0,0
2021-09-27,63.02,0.03,36.94,4696,6132052,65.94,4469,5660036,60.87,30457,3279140,35.26,0,0,0
2021-09-28,63.06,0.04,36.91,1472,6133524,65.96,1185,5661221,60.88,6249,3285389,35.33,0,0,0
2021-09-29,63.13,0.03,36.84,9622,6143146,66.06,8349,5669570,60.97,60325,3345714,35.98,0,0,0
2021-09-30,63.18,0.03,36.79,10976,6154122,66.18,8579,5678149,61.06,79703,3425417,36.84,0,0,0
2021-10-01,63.23,0.03,36.73,5128,6159250,66.23,3875,5682024,61.1,46546,3471963,37.34,0,0,0
2021-10-02,63.26,0.03,36.71,2865,6162115,66.26,2127,5684151,61.12,22433,3494396,37.58,0,0,0
2021-10-03,63.35,0.03,36.62,11667,6173782,66.39,7276,5691427,61.2,70726,3565122,38.34,0,0,0
2021-10-04,63.4,0.03,36.57,10320,6184102,66.5,6759,5698186,61.28,51913,3617035,38.9,0,0,0
2021-10-05,63.41,0.03,36.55,8461,6192563,66.59,5314,5703500,61.33,40479,3657514,39.33,0,0,0
2021-10-06,63.52,0.03,36.45,7543,6200106,66.67,4185,5707685,61.38,34150,3691664,39.7,0,0,0
2021-10-07,63.63,0.03,36.34,6896,6207002,66.75,4010,5711695,61.42,34069,3725733,40.06,0,0,0
2021-10-08,63.68,0.03,36.29,3086,6210088,66.78,2644,5714339,61.45,19250,3744983,40.27,0,0,0
2021-10-09,63.71,0.03,36.26,1341,6211429,66.79,1444,5715783,61.46,7441,3752424,40.35,0,0,0
2021-10-10,63.82,0.04,36.14,4677,6216106,66.84,3748,5719531,61.5,21519,3773943,40.58,0,0,0
2021-10-11,63.91,0.04,36.05,4299,6220405,66.89,2946,5722477,61.54,17269,3791212,40.77,0,0,0
2021-10-12,63.99,0.05,35.96,3977,6224382,66.93,3007,5725484,61.57,15357,3806569,40.93,0,0,0
2021-10-13,64.09,0.05,35.86,3487,6227869,66.97,2451,5727935,61.6,13587,3820156,41.08,0,0,0
2021-10-14,64.19,0.06,35.75,3870,6231739,67.01,2685,5730620,61.62,16568,3836724,41.26,0,0,0
2021-10-15,64.23,0.07,35.7,1703,6233442,67.03,1685,5732305,61.64,9011,3845735,41.36,0,0,0
2021-10-16,64.25,0.08,35.67,729,6234171,67.04,957,5733262,61.65,4035,3849770,41.4,0,0,0
2021-10-17,64.36,0.09,35.56,3090,6237261,67.07,2526,5735788,61.68,12798,3862568,41.54,0,0,0
2021-10-18,64.43,0.1,35.47,2460,6239721,67.1,1693,5737481,61.7,10069,3872637,41.64,0,0,0
2021-10-19,64.49,0.1,35.4,2399,6242120,67.12,1284,5738765,61.71,9294,3881931,41.74,0,0,0
2021-10-20,64.14,0.52,35.34,2436,6244556,67.15,2304,5741069,61.74,10103,3892034,41.85,0,0,0
2021-10-21,54.23,10.41,35.36,3034,6247590,67.18,3097,5744166,61.77,12163,3904197,41.98,0,0,0
2021-10-22,54.36,10.26,35.38,1279,6248869,67.2,1437,5745603,61.79,5840,3910037,42.05,0,0,0
2021-10-23,54.42,10.19,35.39,575,6249444,67.2,1266,5746869,61.8,2564,3912601,42.07,0,0,0
2021-10-24,54.22,10.43,35.35,2518,6251962,67.23,2653,5749522,61.83,9855,3922456,42.18,0,0,0
2021-10-25,54.59,10.22,35.19,2639,6254601,67.26,2752,5752274,61.86,8511,3930967,42.27,0,0,0
2021-10-26,54.64,10.26,35.1,2381,6256982,67.28,2059,5754333,61.88,8529,3939496,42.36,0,0,0
2021-10-27,54.58,10.37,35.06,2292,6259274,67.31,2566,5756899,61.91,7959,3947455,42.45,0,0,0
2021-10-28,54.69,10.76,34.55,2505,6261779,67.34,2782,5759681,61.94,8675,3956130,42.54,0,0,0
2021-10-29,54.73,10.75,34.52,901,6262680,67.35,1154,5760835,61.95,4138,3960268,42.59,0,0,0
2021-10-30,54.68,10.81,34.52,366,6263046,67.35,530,5761365,61.95,1712,3961980,42.61,0,0,0
2021-10-31,54.83,10.7,34.47,2261,6265307,67.37,2495,5763860,61.98,8256,3970236,42.69,0,0,0
2021-11-01,54.95,10.63,34.42,1737,6267044,67.39,2094,5765954,62,6480,3976716,42.76,0,0,0
2021-11-02,54.89,10.69,34.42,2026,6269070,67.41,2050,5768004,62.03,6296,3983012,42.83,0,0,0
2021-11-03,54.86,10.75,34.39,1764,6270834,67.43,1897,5769901,62.05,5556,3988568,42.89,0,0,0
2021-11-04,54.85,10.81,34.33,2111,6272945,67.46,2802,5772703,62.08,7133,3995701,42.97,0,0,0
2021-11-05,54.85,10.83,34.32,790,6273735,67.46,905,5773608,62.09,3488,3999189,43.01,0,0,0
2021-11-06,54.82,10.86,34.32,347,6274082,67.47,389,5773997,62.09,1375,4000564,43.02,0,0,0
2021-11-07,54.92,10.8,34.28,1578,6275660,67.49,1770,5775767,62.11,6134,4006698,43.09,0,0,0
2021-11-08,55.01,10.75,34.24,1520,6277180,67.5,1603,5777370,62.13,5406,4012104,43.14,0,0,0
2021-11-09,55.05,10.74,34.21,1429,6278609,67.52,1611,5778981,62.14,5333,4017437,43.2,0,0,0
2021-11-10,55.08,10.73,34.19,1424,6280033,67.53,1662,5780643,62.16,4779,4022216,43.25,0,0,0
2021-11-11,55.15,10.69,34.15,1628,6281661,67.55,1947,5782590,62.18,5718,4027934,43.31,0,0,0
2021-11-12,55.17,10.69,34.14,637,6282298,67.56,826,5783416,62.19,2925,4030859,43.35,0,0,0
2021-11-13,55.14,10.72,34.14,257,6282555,67.56,290,5783706,62.2,1130,4031989,43.36,0,0,0
2021-11-14,55.21,10.68,34.11,1536,6284091,67.58,1639,5785345,62.21,5111,4037100,43.41,0,0,0
2021-11-15,55.28,10.63,34.09,1275,6285366,67.59,1627,5786972,62.23,4770,4041870,43.46,0,0,0
2021-11-16,55.32,10.62,34.07,1275,6286641,67.6,1419,5788391,62.25,4349,4046219,43.51,0,0,0
2021-11-17,55.35,10.6,34.05,1208,6287849,67.62,1567,5789958,62.26,3915,4050134,43.55,0,0,0
2021-11-18,55.41,10.58,34.02,1364,6289213,67.63,1693,5791651,62.28,5012,4055146,43.61,0,0,0
2021-11-19,55.42,10.57,34.01,588,6289801,67.64,763,5792414,62.29,2460,4057606,43.63,0,0,0
2021-11-20,55.41,10.58,34,238,6290039,67.64,258,5792672,62.29,929,4058535,43.64,0,0,0
2021-11-21,55.47,10.54,33.98,1409,6291448,67.66,1542,5794214,62.31,4881,4063416,43.7,0,0,0
2021-11-22,55.54,10.5,33.96,1681,6293129,67.67,1523,5795737,62.32,4238,4067654,43.74,0,0,0
2021-11-23,55.57,10.48,33.95,8616,6301745,67.77,1688,5797425,62.34,4012,4071666,43.78,0,0,0
2021-11-24,55.6,10.44,33.95,9348,6311093,67.87,1319,5798744,62.36,3924,4075590,43.83,0,0,0
2021-11-25,55.64,10.43,33.93,9808,6320901,67.97,1600,5800344,62.37,4841,4080431,43.88,0,0,0
2021-11-26,55.63,10.45,33.92,5610,6326511,68.03,748,5801092,62.38,2805,4083236,43.91,0,0,0
2021-11-27,55.62,10.46,33.92,4776,6331287,68.08,324,5801416,62.39,1164,4084400,43.92,0,0,0
2021-11-28,55.67,10.43,33.9,10145,6341432,68.19,1481,5802897,62.4,4905,4089305,43.97,0,0,0
2021-11-29,55.73,10.39,33.88,9043,6350475,68.29,1134,5804031,62.41,4376,4093681,44.02,0,0,0
2021-11-30,55.77,10.37,33.86,10043,6360518,68.4,1038,5805069,62.42,4084,4097765,44.07,0,0,0
2021-12-01,55.79,10.36,33.84,8630,6369148,68.49,1097,5806166,62.44,4444,4102209,44.11,5,5,0
2021-12-02,55.84,10.34,33.82,9173,6378321,68.59,1456,5807622,62.45,5125,4107334,44.17,6,11,0
2021-12-03,55.86,10.33,33.81,6329,6384650,68.66,673,5808295,62.46,2868,4110202,44.2,1,12,0
2021-12-04,55.85,10.34,33.81,2509,6387159,68.68,238,5808533,62.46,926,4111128,44.21,3,15,0
2021-12-05,55.9,10.31,33.79,8334,6395493,68.77,1254,5809787,62.48,4683,4115811,44.26,1,16,0
2021-12-06,55.95,10.27,33.78,6720,6402213,68.85,1200,5810987,62.49,4351,4120162,44.31,4,20,0
2021-12-07,55.99,10.25,33.76,5553,6407766,68.91,1506,5812493,62.5,3966,4124128,44.35,9,29,0
2021-12-08,56.03,10.22,33.75,4935,6412701,68.96,1200,5813693,62.52,3885,4128013,44.39,10,39,0
2021-12-09,56.08,10.19,33.73,6239,6418940,69.03,1241,5814934,62.53,4508,4132521,44.44,8,47,0
2021-12-10,56.1,10.18,33.72,3006,6421946,69.06,704,5815638,62.54,2687,4135208,44.47,4,51,0
2021-12-11,56.1,10.18,33.71,1491,6423437,69.07,255,5815893,62.54,1021,4136229,44.48,0,51,0
2021-12-12,56.16,10.15,33.69,7274,6430711,69.15,1444,5817337,62.56,5248,4141477,44.54,3,54,0
2021-12-13,56.21,10.11,33.67,6180,6436891,69.22,1377,5818714,62.57,4351,4145828,44.58,5,59,0
2021-12-14,56.27,10.09,33.65,7316,6444207,69.3,6098,5824812,62.64,4941,4150769,44.64,12,71,0
2021-12-15,56.34,10.06,33.6,7204,6451411,69.38,7404,5832216,62.72,5446,4156215,44.69,7,78,0
2021-12-16,56.53,10.05,33.42,8079,6459490,69.46,8609,5840825,62.81,6564,4162779,44.76,8,86,0
2021-12-17,56.64,10.05,33.3,4406,6463896,69.51,5141,5845966,62.86,3954,4166733,44.81,3,89,0
2021-12-18,56.73,10.07,33.2,3941,6467837,69.55,2913,5848879,62.9,1361,4168094,44.82,2,91,0
2021-12-19,56.92,10.04,33.04,6978,6474815,69.63,9328,5858207,63,6276,4174370,44.89,6,97,0
2021-12-20,57.07,10.02,32.91,7972,6482787,69.71,7518,5865725,63.08,5447,4179817,44.95,9,106,0
2021-12-21,57.27,10.01,32.71,9548,6492335,69.82,8647,5874372,63.17,6492,4186309,45.02,8,114,0
2021-12-22,57.49,10,32.52,9663,6501998,69.92,8151,5882523,63.26,6255,4192564,45.08,12,126,0
2021-12-23,57.7,9.97,32.33,11539,6513537,70.04,10261,5892784,63.37,8160,4200724,45.17,16,142,0
2021-12-24,57.83,9.96,32.21,5875,6519412,70.11,6241,5899025,63.44,5281,4206005,45.23,12,154,0
2021-12-25,57.9,9.96,32.15,3338,6522750,70.14,2566,5901591,63.46,2021,4208026,45.25,6,160,0
2021-12-26,58.1,9.92,31.98,10652,6533402,70.26,8908,5910499,63.56,8201,4216227,45.34,8,168,0
2021-12-27,58.27,9.9,31.83,10370,6543772,70.37,7142,5917641,63.64,8188,4224415,45.43,23,191,0
2021-12-28,58.46,9.88,31.66,11375,6555147,70.49,7451,5925092,63.72,9643,4234058,45.53,26,217,0
2021-12-29,58.64,9.85,31.51,9933,6565080,70.6,5964,5931056,63.78,8376,4242434,45.62,21,238,0
2021-12-30,58.84,9.82,31.34,11012,6576092,70.72,7735,5938791,63.86,12240,4254674,45.75,10,248,0
2021-12-31,58.9,9.79,31.3,4829,6580921,70.77,3672,5942463,63.9,7296,4261970,45.83,135,383,0
2022-01-01,58.93,9.79,31.28,1993,6582914,70.79,1592,5944055,63.92,2741,4264711,45.86,66,449,0
2022-01-02,59.14,9.76,31.1,10216,6593130,70.9,6487,5950542,63.99,13002,4277713,46,590,1039,0.01
2022-01-03,59.29,9.71,31,9384,6602514,71,5259,5955801,64.05,11342,4289055,46.12,25055,26094,0.28
2022-01-04,59.46,9.68,30.86,8964,6611478,71.1,5948,5961749,64.11,10525,4299580,46.24,50660,76754,0.83
2022-01-05,59.56,9.65,30.79,8553,6620031,71.19,5739,5967488,64.17,10494,4310074,46.35,59590,136344,1.47
2022-01-06,59.81,9.63,30.56,10339,6630370,71.3,7959,5975447,64.26,13531,4323605,46.49,64001,200345,2.15
2022-01-07,59.89,9.61,30.49,4759,6635129,71.35,4557,5980004,64.31,8166,4331771,46.58,31135,231480,2.49
2022-01-08,59.9,9.64,30.46,2749,6637878,71.38,2451,5982455,64.33,5501,4337272,46.64,27632,259112,2.79
2022-01-09,60.06,9.59,30.35,9305,6647183,71.48,7724,5990179,64.42,11871,4349143,46.77,66765,325877,3.5
2022-01-10,60.21,9.54,30.25,8347,6655530,71.57,7646,5997825,64.5,11884,4361027,46.9,64780,390657,4.2
2022-01-11,60.38,9.49,30.13,8099,6663629,71.66,8621,6006446,64.59,11974,4373001,47.03,56660,447317,4.81
2022-01-12,60.51,9.45,30.04,7275,6670904,71.74,8305,6014751,64.68,11114,4384115,47.14,44632,491949,5.29
2022-01-13,60.7,9.35,29.94,7509,6678413,71.82,9617,6024368,64.78,11547,4395662,47.27,34768,526717,5.66
2022-01-14,60.79,9.31,29.9,2554,6680967,71.84,4935,6029303,64.84,6146,4401808,47.33,11142,537859,5.78
2022-01-15,60.83,9.29,29.87,1469,6682436,71.86,3170,6032473,64.87,3884,4405692,47.38,5716,543575,5.85
2022-01-16,60.97,9.2,29.82,3817,6686253,71.9,8524,6040997,64.96,7682,4413374,47.46,19993,563568,6.06
2022-01-17,61.09,9.13,29.78,2808,6689061,71.93,7047,6048044,65.04,6173,4419547,47.53,17833,581401,6.25
2022-01-18,61.23,9.07,29.7,2475,6691536,71.96,7386,6055430,65.12,5535,4425082,47.59,14817,596218,6.41
2022-01-19,61.37,8.98,29.65,1915,6693451,71.98,6369,6061799,65.19,4522,4429604,47.63,8461,604679,6.5
2022-01-20,61.44,8.85,29.71,1777,6695228,72,6971,6068770,65.26,4793,4434397,47.69,8041,612720,6.59
2022-01-21,61.51,8.81,29.68,905,6696133,72.01,3725,6072495,65.3,2646,4437043,47.71,3358,616078,6.63
2022-01-22,61.51,8.75,29.74,328,6696461,72.01,1462,6073957,65.32,1067,4438110,47.73,1113,617191,6.64
2022-01-23,61.61,8.7,29.69,1068,6697529,72.02,5632,6079589,65.38,2879,4440989,47.76,6083,623274,6.7
2022-01-24,61.73,8.62,29.65,759,6698288,72.03,4481,6084070,65.43,2270,4443259,47.78,5057,628331,6.76
2022-01-25,61.9,8.51,29.59,744,6699032,72.04,4401,6088471,65.47,2187,4445446,47.8,7102,635433,6.83
2022-01-26,62.02,8.42,29.57,615,6699647,72.04,3285,6091756,65.51,1612,4447058,47.82,4262,639695,6.88
2022-01-27,62.12,8.35,29.52,798,6700445,72.05,4405,6096161,65.56,2005,4449063,47.84,5441,645136,6.94
2022-01-28,62.16,8.33,29.5,397,6700842,72.06,2376,6098537,65.58,1181,4450244,47.86,3452,648588,6.97
2022-01-29,62.23,8.29,29.48,124,6700966,72.06,1046,6099583,65.59,425,4450669,47.86,1162,649750,6.99
2022-01-30,62.3,8.24,29.46,769,6701735,72.07,4719,6104302,65.64,2020,4452689,47.88,8099,657849,7.07
2022-01-31,62.39,8.17,29.43,528,6702263,72.07,3183,6107485,65.68,1610,4454299,47.9,6472,664321,7.14
2022-02-01,62.45,8.15,29.4,482,6702745,72.08,2809,6110294,65.71,1526,4455825,47.92,5722,670043,7.21
2022-02-02,62.28,8.13,29.59,375,6703120,72.08,2394,6112688,65.73,1386,4457211,47.93,5073,675116,7.26
2022-02-03,62.34,8.08,29.57,446,6703566,72.09,2776,6115464,65.76,1462,4458673,47.95,5607,680723,7.32
2022-02-04,62.37,8.06,29.57,174,6703740,72.09,991,6116455,65.77,757,4459430,47.95,2455,683178,7.35
2022-02-05,62.34,8.09,29.56,62,6703802,72.09,342,6116797,65.78,221,4459651,47.96,420,683598,7.35
2022-02-06,62.41,8.05,29.55,407,6704209,72.09,2320,6119117,65.8,1344,4460995,47.97,5687,689285,7.41
2022-02-07,62.47,8.01,29.52,283,6704492,72.1,1308,6120425,65.82,983,4461978,47.98,5960,695245,7.48
2022-02-08,62.54,7.97,29.49,317,6704809,72.1,1498,6121923,65.83,1068,4463046,47.99,6138,701383,7.54
2022-02-09,62.6,7.95,29.45,254,6705063,72.1,1102,6123025,65.84,946,4463992,48,4570,705953,7.59
2022-02-10,62.63,7.93,29.44,273,6705336,72.11,1292,6124317,65.86,936,4464928,48.01,4815,710768,7.64
2022-02-11,62.67,7.91,29.42,211,6705547,72.11,557,6124874,65.86,518,4465446,48.02,2540,713308,7.67
2022-02-12,62.67,7.91,29.41,32,6705579,72.11,91,6124965,65.86,136,4465582,48.02,269,713577,7.67
2022-02-13,62.73,7.87,29.39,286,6705865,72.11,946,6125911,65.88,966,4466548,48.03,4998,718575,7.73
2022-02-14,62.89,7.74,29.36,179,6706044,72.11,628,6126539,65.88,760,4467308,48.04,3143,721718,7.76
2022-02-15,62.92,7.73,29.35,265,6706309,72.12,763,6127302,65.89,938,4468246,48.05,3819,725537,7.8
2022-02-16,62.95,7.72,29.34,179,6706488,72.12,577,6127879,65.9,803,4469049,48.06,2488,728025,7.83
2022-02-17,62.96,7.7,29.34,247,6706735,72.12,740,6128619,65.9,775,4469824,48.07,3061,731086,7.86
2022-02-18,62.98,7.69,29.33,130,6706865,72.12,343,6128962,65.91,439,4470263,48.07,1119,732205,7.87
2022-02-19,62.99,7.69,29.32,33,6706898,72.12,84,6129046,65.91,82,4470345,48.07,80,732285,7.87
2022-02-20,63.01,7.67,29.32,204,6707102,72.12,604,6129650,65.92,723,4471068,48.08,2574,734859,7.9
2022-02-21,63.04,7.65,29.31,173,6707275,72.13,413,6130063,65.92,490,4471558,48.08,1542,736401,7.92
2022-02-22,63.05,7.65,29.3,158,6707433,72.13,455,6130518,65.92,570,4472128,48.09,1871,738272,7.94
2022-02-23,63.06,7.65,29.29,109,6707542,72.13,353,6130871,65.93,453,4472581,48.1,1153,739425,7.95
2022-02-24,63.05,7.66,29.29,138,6707680,72.13,463,6131334,65.93,568,4473149,48.1,1493,740918,7.97
2022-02-25,63.06,7.66,29.28,59,6707739,72.13,144,6131478,65.93,193,4473342,48.1,456,741374,7.97
2022-02-26,63.05,7.67,29.28,17,6707756,72.13,28,6131506,65.94,161,4473503,48.11,35,741409,7.97
2022-02-27,63.05,7.67,29.28,112,6707868,72.13,341,6131847,65.94,448,4473951,48.11,1119,742528,7.98
2022-02-28,63.07,7.65,29.28,108,6707976,72.13,271,6132118,65.94,424,4474375,48.12,908,743436,7.99
2022-03-01,63.1,7.63,29.27,97,6708073,72.14,280,6132398,65.94,373,4474748,48.12,797,744233,8
2022-03-02,63.11,7.62,29.27,77,6708150,72.14,199,6132597,65.95,324,4475072,48.12,698,744931,8.01
2022-03-03,63.05,7.67,29.27,157,6708307,72.14,371,6132968,65.95,498,4475570,48.13,987,745918,8.02
2022-03-04,63.05,7.68,29.27,53,6708360,72.14,170,6133138,65.95,170,4475740,48.13,228,746146,8.02
2022-03-05,63.04,7.69,29.27,5,6708365,72.14,25,6133163,65.95,44,4475784,48.13,32,746178,8.02
2022-03-06,63.04,7.69,29.27,98,6708463,72.14,259,6133422,65.96,417,4476201,48.13,760,746938,8.03
2022-03-07,63.05,7.69,29.26,86,6708549,72.14,260,6133682,65.96,354,4476555,48.14,605,747543,8.04
2022-03-08,63.04,7.7,29.26,99,6708648,72.14,263,6133945,65.96,333,4476888,48.14,550,748093,8.04
2022-03-09,63.02,7.72,29.25,89,6708737,72.14,213,6134158,65.96,337,4477225,48.15,492,748585,8.05
2022-03-10,63.01,7.74,29.25,115,6708852,72.14,375,6134533,65.97,428,4477653,48.15,620,749205,8.06
2022-03-11,63,7.75,29.25,24,6708876,72.14,85,6134618,65.97,123,4477776,48.15,144,749349,8.06
2022-03-12,62.98,7.77,29.24,11,6708887,72.14,12,6134630,65.97,34,4477810,48.15,28,749377,8.06
2022-03-13,62.98,7.78,29.24,100,6708987,72.15,271,6134901,65.97,358,4478168,48.16,595,749972,8.06
2022-03-14,62.98,7.78,29.24,66,6709053,72.15,253,6135154,65.97,316,4478484,48.16,559,750531,8.07
2022-03-15,62.95,7.81,29.24,80,6709133,72.15,185,6135339,65.98,293,4478777,48.16,591,751122,8.08
2022-03-16,62.94,7.82,29.24,77,6709210,72.15,205,6135544,65.98,305,4479082,48.17,668,751790,8.08
2022-03-17,62.94,7.82,29.24,65,6709275,72.15,122,6135666,65.98,286,4479368,48.17,613,752403,8.09
2022-03-18,62.94,7.82,29.24,20,6709295,72.15,54,6135720,65.98,100,4479468,48.17,234,752637,8.09
2022-03-19,62.89,7.88,29.23,6,6709301,72.15,11,6135731,65.98,29,4479497,48.17,39,752676,8.09
2022-03-20,62.87,7.89,29.23,119,6709420,72.15,260,6135991,65.98,486,4479983,48.18,1431,754107,8.11
2022-03-21,62.87,7.9,29.23,97,6709517,72.15,247,6136238,65.99,379,4480362,48.18,1132,755239,8.12
2022-03-22,62.84,7.94,29.23,141,6709658,72.15,342,6136580,65.99,508,4480870,48.19,1770,757009,8.14
2022-03-23,62.81,7.97,29.22,108,6709766,72.15,212,6136792,65.99,463,4481333,48.19,1677,758686,8.16
2022-03-24,62.78,8,29.22,174,6709940,72.16,345,6137137,66,769,4482102,48.2,2363,761049,8.18
2022-03-25,62.78,8,29.23,39,6709979,72.16,82,6137219,66,159,4482261,48.2,630,761679,8.19
2022-03-26,62.77,8,29.22,12,6709991,72.16,13,6137232,66,34,4482295,48.2,91,761770,8.19
2022-03-27,62.75,8.02,29.22,167,6710158,72.16,344,6137576,66,760,4483055,48.21,3193,764963,8.23
2022-03-28,62.75,8.03,29.22,113,6710271,72.16,271,6137847,66,623,4483678,48.22,2416,767379,8.25
2022-03-29,62.7,8.07,29.22,125,6710396,72.16,258,6138105,66.01,641,4484319,48.22,2772,770151,8.28
2022-03-30,62.81,8.11,29.07,132,6710528,72.16,208,6138313,66.01,542,4484861,48.23,2370,772521,8.31
2022-03-31,62.79,8.11,29.1,166,6710694,72.16,302,6138615,66.01,730,4485591,48.24,2853,775374,8.34
2022-04-01,62.72,8.13,29.15,122,6710816,72.16,161,6138776,66.01,277,4485868,48.24,588,775962,8.34
2022-04-02,62.69,8.15,29.16,7,6710823,72.16,7,6138783,66.01,37,4485905,48.24,52,776014,8.34
2022-04-03,62.65,8.16,29.19,159,6710982,72.17,270,6139053,66.02,569,4486474,48.25,2478,778492,8.37
2022-04-04,62.62,8.16,29.22,103,6711085,72.17,208,6139261,66.02,484,4486958,48.25,2225,780717,8.4
2022-04-05,62.57,8.19,29.25,122,6711207,72.17,221,6139482,66.02,513,4487471,48.26,2243,782960,8.42
2022-04-06,62.55,8.2,29.25,91,6711298,72.17,157,6139639,66.02,382,4487853,48.26,2023,784983,8.44
2022-04-07,62.56,8.2,29.24,191,6711489,72.17,215,6139854,66.03,641,4488494,48.27,2556,787539,8.47
2022-04-08,62.54,8.22,29.23,30,6711519,72.17,61,6139915,66.03,154,4488648,48.27,482,788021,8.47
2022-04-09,62.52,8.25,29.23,6,6711525,72.17,17,6139932,66.03,28,4488676,48.27,47,788068,8.47
2022-04-10,62.51,8.26,29.23,103,6711628,72.17,264,6140196,66.03,429,4489105,48.27,1845,789913,8.49
2022-04-11,62.54,8.26,29.2,78,6711706,72.17,201,6140397,66.03,371,4489476,48.28,1425,791338,8.51
2022-04-12,62.58,8.29,29.12,204,6711910,72.18,168,6140565,66.03,376,4489852,48.28,1360,792698,8.52
2022-04-13,62.58,8.31,29.1,117,6712027,72.18,150,6140715,66.03,298,4490150,48.28,1218,793916,8.54
2022-04-14,62.57,8.33,29.1,85,6712112,72.18,221,6140936,66.04,321,4490471,48.29,1069,794985,8.55
2022-04-15,62.55,8.35,29.1,9,6712121,72.18,51,6140987,66.04,48,4490519,48.29,82,795067,8.55
2022-04-16,62.53,8.37,29.1,3,6712124,72.18,8,6140995,66.04,21,4490540,48.29,29,795096,8.55
2022-04-17,62.52,8.38,29.1,62,6712186,72.18,131,6141126,66.04,229,4490769,48.29,807,795903,8.56
2022-04-18,62.51,8.38,29.1,68,6712254,72.18,109,6141235,66.04,253,4491022,48.29,750,796653,8.57
2022-04-19,62.5,8.4,29.1,61,6712315,72.18,145,6141380,66.04,273,4491295,48.3,842,797495,8.58
2022-04-20,62.48,8.42,29.1,60,6712375,72.18,117,6141497,66.04,235,4491530,48.3,656,798151,8.58
2022-04-21,62.47,8.43,29.1,53,6712428,72.18,109,6141606,66.04,197,4491727,48.3,479,798630,8.59
2022-04-22,62.45,8.44,29.11,3,6712431,72.18,17,6141623,66.04,19,4491746,48.3,20,798650,8.59
2022-04-23,62.43,8.46,29.11,6,6712437,72.18,9,6141632,66.04,16,4491762,48.3,13,798663,8.59
2022-04-24,62.43,8.47,29.1,92,6712529,72.18,250,6141882,66.05,329,4492091,48.31,872,799535,8.6
2022-04-25,62.43,8.47,29.1,104,6712633,72.18,191,6142073,66.05,316,4492407,48.31,739,800274,8.61
2022-04-26,62.42,8.48,29.1,76,6712709,72.19,175,6142248,66.05,304,4492711,48.31,789,801063,8.61
2022-04-27,62.41,8.49,29.1,54,6712763,72.19,160,6142408,66.05,227,4492938,48.31,640,801703,8.62
2022-04-28,62.41,8.5,29.1,97,6712860,72.19,232,6142640,66.05,329,4493267,48.32,872,802575,8.63
2022-04-29,62.39,8.51,29.1,112,6712972,72.19,159,6142799,66.06,184,4493451,48.32,196,802771,8.63
2022-04-30,62.38,8.52,29.1,1,6712973,72.19,3,6142802,66.06,24,4493475,48.32,22,802793,8.63
2022-05-01,62.38,8.53,29.09,135,6713108,72.19,185,6142987,66.06,317,4493792,48.32,630,803423,8.64
2022-05-02,62.37,8.54,29.09,62,6713170,72.19,155,6143142,66.06,235,4494027,48.33,491,803914,8.64
2022-05-03,62.36,8.55,29.09,73,6713243,72.19,151,6143293,66.06,288,4494315,48.33,508,804422,8.65
2022-05-04,62.35,8.57,29.08,23,6713266,72.19,56,6143349,66.06,63,4494378,48.33,129,804551,8.65
2022-05-05,62.34,8.58,29.08,5,6713271,72.19,1,6143350,66.06,8,4494386,48.33,14,804565,8.65
2022-05-06,62.33,8.59,29.08,20,6713291,72.19,59,6143409,66.06,63,4494449,48.33,154,804719,8.65
2022-05-07,62.32,8.6,29.08,1,6713292,72.19,7,6143416,66.06,27,4494476,48.33,24,804743,8.65
2022-05-08,62.31,8.61,29.08,118,6713410,72.19,207,6143623,66.07,270,4494746,48.33,457,805200,8.66
2022-05-09,62.31,8.61,29.08,59,6713469,72.19,162,6143785,66.07,251,4494997,48.34,505,805705,8.66
2022-05-10,62.3,8.62,29.08,131,6713600,72.19,169,6143954,66.07,261,4495258,48.34,508,806213,8.67
2022-05-11,62.3,8.63,29.08,58,6713658,72.2,118,6144072,66.07,183,4495441,48.34,464,806677,8.67
2022-05-12,62.29,8.64,29.07,119,6713777,72.2,200,6144272,66.07,280,4495721,48.34,666,807343,8.68
2022-05-13,62.28,8.65,29.07,11,6713788,72.2,44,6144316,66.07,71,4495792,48.35,110,807453,8.68
2022-05-14,62.26,8.66,29.07,6,6713794,72.2,13,6144329,66.07,14,4495806,48.35,24,807477,8.68
2022-05-15,62.26,8.67,29.07,90,6713884,72.2,175,6144504,66.07,246,4496052,48.35,665,808142,8.69
2022-05-16,62.19,8.65,29.16,68,6713952,72.2,141,6144645,66.08,230,4496282,48.35,510,808652,8.7
2022-05-17,62.18,8.66,29.16,73,6714025,72.2,153,6144798,66.08,267,4496549,48.35,618,809270,8.7
2022-05-18,62.17,8.67,29.16,43,6714068,72.2,99,6144897,66.08,169,4496718,48.36,447,809717,8.71
2022-05-19,62.16,8.68,29.16,62,6714130,72.2,173,6145070,66.08,213,4496931,48.36,499,810216,8.71
2022-05-20,62.15,8.69,29.16,76,6714206,72.2,114,6145184,66.08,130,4497061,48.36,138,810354,8.71
2022-05-21,62.14,8.7,29.16,4,6714210,72.2,7,6145191,66.08,15,4497076,48.36,18,810372,8.71
2022-05-22,62.14,8.71,29.16,85,6714295,72.2,190,6145381,66.08,216,4497292,48.36,427,810799,8.72
2022-05-23,62.14,8.71,29.16,65,6714360,72.2,121,6145502,66.09,156,4497448,48.36,348,811147,8.72
2022-05-24,62.13,8.71,29.15,43,6714403,72.2,119,6145621,66.09,157,4497605,48.37,394,811541,8.73
2022-05-25,62.12,8.72,29.15,61,6714464,72.2,103,6145724,66.09,168,4497773,48.37,337,811878,8.73
2022-05-26,62.11,8.73,29.16,72,6714536,72.2,136,6145860,66.09,186,4497959,48.37,347,812225,8.73
2022-05-27,62.1,8.74,29.16,12,6714548,72.2,29,6145889,66.09,43,4498002,48.37,59,812284,8.73
2022-05-28,62.09,8.75,29.16,2,6714550,72.2,5,6145894,66.09,8,4498010,48.37,12,812296,8.74
2022-05-29,62.09,8.75,29.16,89,6714639,72.21,153,6146047,66.09,163,4498173,48.37,316,812612,8.74
2022-05-30,62.09,8.76,29.16,56,6714695,72.21,134,6146181,66.09,125,4498298,48.37,291,812903,8.74
2022-05-31,62.07,8.78,29.15,45,6714740,72.21,104,6146285,66.09,153,4498451,48.37,351,813254,8.75
2022-06-01,61.95,8.9,29.16,65,6714805,72.21,90,6146375,66.1,119,4498570,48.38,277,813531,8.75
2022-06-02,45.96,24.88,29.15,77,6714882,72.21,156,6146531,66.1,178,4498748,48.38,255,813786,8.75
2022-06-03,45.9,24.95,29.16,10,6714892,72.21,23,6146554,66.1,21,4498769,48.38,33,813819,8.75
2022-06-04,45.84,25,29.16,0,6714892,72.21,7,6146561,66.1,8,4498777,48.38,5,813824,8.75
2022-06-05,45.8,25.05,29.16,11,6714903,72.21,14,6146575,66.1,7,4498784,48.38,2,813826,8.75
2022-06-06,39.96,30.89,29.16,58,6714961,72.21,145,6146720,66.1,161,4498945,48.38,262,814088,8.75
2022-06-07,39.92,30.93,29.15,54,6715015,72.21,134,6146854,66.1,142,4499087,48.38,379,814467,8.76
2022-06-08,39.89,30.96,29.15,59,6715074,72.21,104,6146958,66.1,131,4499218,48.38,497,814964,8.76
2022-06-09,39.86,30.99,29.15,84,6715158,72.21,208,6147166,66.1,234,4499452,48.38,642,815606,8.77
2022-06-10,39.83,31.02,29.15,14,6715172,72.21,51,6147217,66.1,59,4499511,48.39,142,815748,8.77
2022-06-11,39.8,31.05,29.15,0,6715172,72.21,3,6147220,66.1,7,4499518,48.39,19,815767,8.77
2022-06-12,39.8,31.05,29.15,109,6715281,72.21,199,6147419,66.11,191,4499709,48.39,767,816534,8.78
2022-06-13,39.81,31.04,29.15,84,6715365,72.21,142,6147561,66.11,168,4499877,48.39,626,817160,8.79
2022-06-14,39.79,31.06,29.15,116,6715481,72.21,173,6147734,66.11,208,4500085,48.39,759,817919,8.8
2022-06-15,39.78,31.08,29.15,71,6715552,72.22,141,6147875,66.11,207,4500292,48.39,700,818619,8.8
2022-06-16,39.74,31.11,29.14,94,6715646,72.22,136,6148011,66.11,218,4500510,48.4,742,819361,8.81
2022-06-17,39.72,31.14,29.15,16,6715662,72.22,63,6148074,66.11,53,4500563,48.4,125,819486,8.81
2022-06-18,39.68,31.17,29.14,3,6715665,72.22,4,6148078,66.11,11,4500574,48.4,15,819501,8.81
2022-06-19,39.53,31.33,29.15,115,6715780,72.22,208,6148286,66.12,318,4500892,48.4,877,820378,8.82
2022-06-20,33.92,36.85,29.23,99,6715879,72.22,152,6148438,66.12,307,4501199,48.4,922,821300,8.83
2022-06-21,33.58,37.19,29.23,94,6715973,72.22,154,6148592,66.12,375,4501574,48.41,1229,822529,8.85
2022-06-22,33.28,37.49,29.23,110,6716083,72.22,136,6148728,66.12,339,4501913,48.41,894,823423,8.85
2022-06-23,32.84,37.92,29.23,132,6716215,72.22,217,6148945,66.12,525,4502438,48.42,1146,824569,8.87
2022-06-24,32.43,38.34,29.24,19,6716234,72.22,35,6148980,66.12,110,4502548,48.42,208,824777,8.87
2022-06-25,32.04,38.72,29.24,1,6716235,72.22,3,6148983,66.12,13,4502561,48.42,16,824793,8.87
2022-06-26,31.63,39.13,29.24,107,6716342,72.22,158,6149141,66.12,379,4502940,48.42,933,825726,8.88
2022-06-27,31.29,39.47,29.24,86,6716428,72.23,172,6149313,66.13,392,4503332,48.43,1028,826754,8.89
2022-06-28,30.86,39.91,29.24,85,6716513,72.23,151,6149464,66.13,363,4503695,48.43,932,827686,8.9
2022-06-29,30.48,40.28,29.24,76,6716589,72.23,108,6149572,66.13,265,4503960,48.43,816,828502,8.91
2022-06-30,30.05,40.71,29.24,86,6716675,72.23,165,6149737,66.13,355,4504315,48.44,1062,829564,8.92
2022-07-01,29.62,41.14,29.24,22,6716697,72.23,28,6149765,66.13,55,4504370,48.44,80,829644,8.92
2022-07-02,29.2,41.56,29.24,1,6716698,72.23,2,6149767,66.13,8,4504378,48.44,18,829662,8.92
2022-07-03,28.81,41.95,29.24,100,6716798,72.23,177,6149944,66.13,322,4504700,48.44,637,830299,8.93
2022-07-04,28.5,42.26,29.24,76,6716874,72.23,140,6150084,66.14,278,4504978,48.44,749,831048,8.94
2022-07-05,28.06,42.7,29.24,59,6716933,72.23,142,6150226,66.14,302,4505280,48.45,688,831736,8.94
2022-07-06,27.39,43.37,29.24,78,6717011,72.23,124,6150350,66.14,211,4505491,48.45,646,832382,8.95
2022-07-07,26.48,44.28,29.24,82,6717093,72.23,164,6150514,66.14,267,4505758,48.45,721,833103,8.96
2022-07-08,25.47,45.29,29.24,17,6717110,72.23,33,6150547,66.14,69,4505827,48.45,131,833234,8.96
2022-07-09,24.42,46.34,29.24,0,6717110,72.23,1,6150548,66.14,3,4505830,48.45,3,833237,8.96
2022-07-10,23.77,46.99,29.24,90,6717200,72.23,164,6150712,66.14,229,4506059,48.46,470,833707,8.97
2022-07-11,23.22,47.54,29.24,64,6717264,72.23,142,6150854,66.14,248,4506307,48.46,575,834282,8.97
2022-07-12,22.13,48.63,29.24,69,6717333,72.23,129,6150983,66.14,207,4506514,48.46,558,834840,8.98
2022-07-13,21.1,49.66,29.24,43,6717376,72.24,101,6151084,66.15,165,4506679,48.46,488,835328,8.98
2022-07-14,20.12,50.63,29.24,70,6717446,72.24,147,6151231,66.15,208,4506887,48.46,513,835841,8.99
2022-07-15,19.27,51.48,29.25,64,6717510,72.24,88,6151319,66.15,127,4507014,48.47,168,836009,8.99
2022-07-16,18.29,52.46,29.25,0,6717510,72.24,6,6151325,66.15,7,4507021,48.47,8,836017,8.99
2022-07-17,17.83,52.92,29.25,77,6717587,72.24,183,6151508,66.15,241,4507262,48.47,468,836485,9
2022-07-18,17.48,53.26,29.26,62,6717649,72.24,158,6151666,66.15,207,4507469,48.47,511,836996,9
2022-07-19,16.77,53.97,29.26,63,6717712,72.24,147,6151813,66.15,173,4507642,48.47,368,837364,9
2022-07-20,16.09,54.64,29.26,51,6717763,72.24,134,6151947,66.16,137,4507779,48.47,423,837787,9.01
2022-07-21,15.43,55.3,29.27,61,6717824,72.24,160,6152107,66.16,177,4507956,48.48,341,838128,9.01
2022-07-22,14.64,56.08,29.28,10,6717834,72.24,36,6152143,66.16,43,4507999,48.48,56,838184,9.01
2022-07-23,14.17,56.55,29.28,0,6717834,72.24,4,6152147,66.16,4,4508003,48.48,9,838193,9.01
2022-07-24,13.55,57.16,29.29,58,6717892,72.24,128,6152275,66.16,197,4508200,48.48,364,838557,9.02
2022-07-25,13.09,57.61,29.3,48,6717940,72.24,107,6152382,66.16,172,4508372,48.48,336,838893,9.02
2022-07-26,12.46,58.23,29.3,47,6717987,72.24,99,6152481,66.16,111,4508483,48.48,270,839163,9.02
2022-07-27,11.89,58.8,29.31,43,6718030,72.24,125,6152606,66.16,132,4508615,48.48,243,839406,9.03
2022-07-28,11.35,59.34,29.31,62,6718092,72.24,143,6152749,66.16,148,4508763,48.48,220,839626,9.03
2022-07-29,10.85,59.83,29.32,10,6718102,72.24,25,6152774,66.16,27,4508790,48.49,31,839657,9.03
2022-07-30,10.34,60.33,29.33,0,6718102,72.24,0,6152774,66.16,1,4508791,48.49,1,839658,9.03
2022-07-31,9.97,60.7,29.33,56,6718158,72.24,134,6152908,66.17,131,4508922,48.49,252,839910,9.03
2022-08-01,9.47,61.19,29.34,54,6718212,72.24,76,6152984,66.17,91,4509013,48.49,152,840062,9.03
2022-08-02,8.92,61.73,29.35,111,6718323,72.25,119,6153103,66.17,157,4509170,48.49,264,840326,9.04
2022-08-03,8.46,62.19,29.35,76,6718399,72.25,71,6153174,66.17,92,4509262,48.49,180,840506,9.04
2022-08-04,8.04,62.61,29.36,133,6718532,72.25,133,6153307,66.17,111,4509373,48.49,246,840752,9.04
2022-08-05,7.71,62.93,29.36,31,6718563,72.25,23,6153330,66.17,13,4509386,48.49,24,840776,9.04
2022-08-06,7.32,63.32,29.36,1,6718564,72.25,2,6153332,66.17,3,4509389,48.49,5,840781,9.04
2022-08-07,6.92,63.71,29.37,89,6718653,72.25,97,6153429,66.17,69,4509458,48.49,169,840950,9.04
2022-08-08,6.74,63.89,29.37,109,6718762,72.25,92,6153521,66.17,92,4509550,48.49,172,841122,9.05
2022-08-09,6.25,64.37,29.38,96,6718858,72.25,90,6153611,66.17,99,4509649,48.49,213,841335,9.05
2022-08-10,5.91,64.71,29.38,77,6718935,72.25,60,6153671,66.17,76,4509725,48.5,115,841450,9.05
2022-08-11,5.59,65.03,29.38,54,6718989,72.25,101,6153772,66.17,91,4509816,48.5,155,841605,9.05
2022-08-12,5.35,65.27,29.38,8,6718997,72.25,12,6153784,66.17,18,4509834,48.5,29,841634,9.05
2022-08-13,5.1,65.52,29.38,0,6718997,72.25,2,6153786,66.17,2,4509836,48.5,3,841637,9.05
2022-08-14,4.87,65.75,29.39,74,6719071,72.25,75,6153861,66.18,82,4509918,48.5,150,841787,9.05
2022-08-15,4.74,65.87,29.39,69,6719140,72.25,81,6153942,66.18,92,4510010,48.5,143,841930,9.05
2022-08-16,4.46,66.15,29.39,82,6719222,72.26,84,6154026,66.18,83,4510093,48.5,187,842117,9.06
2022-08-17,4.16,66.44,29.39,47,6719269,72.26,56,6154082,66.18,36,4510129,48.5,115,842232,9.06
2022-08-18,3.98,66.63,29.39,70,6719339,72.26,93,6154175,66.18,120,4510249,48.5,173,842405,9.06
2022-08-19,3.83,66.78,29.39,78,6719417,72.26,67,6154242,66.18,57,4510306,48.5,38,842443,9.06
2022-08-20,3.67,66.94,29.39,1,6719418,72.26,1,6154243,66.18,3,4510309,48.5,3,842446,9.06
2022-08-21,3.52,67.08,29.4,52,6719470,72.26,85,6154328,66.18,84,4510393,48.5,197,842643,9.06
2022-08-22,3.44,67.16,29.4,89,6719559,72.26,74,6154402,66.18,103,4510496,48.5,144,842787,9.06
2022-08-23,3.27,67.33,29.4,72,6719631,72.26,106,6154508,66.18,84,4510580,48.5,180,842967,9.06
2022-08-24,3.15,67.46,29.4,38,6719669,72.26,80,6154588,66.18,49,4510629,48.51,133,843100,9.07
2022-08-25,3.03,67.57,29.4,53,6719722,72.26,75,6154663,66.18,97,4510726,48.51,193,843293,9.07
2022-08-26,2.94,67.66,29.4,4,6719726,72.26,15,6154678,66.18,9,4510735,48.51,14,843307,9.07
2022-08-27,2.84,67.76,29.4,0,6719726,72.26,0,6154678,66.18,0,4510735,48.51,0,843307,9.07
2022-08-28,2.75,67.85,29.4,55,6719781,72.26,80,6154758,66.19,85,4510820,48.51,102,843409,9.07
2022-08-29,2.69,67.91,29.4,48,6719829,72.26,68,6154826,66.19,89,4510909,48.51,107,843516,9.07
2022-08-30,2.6,68,29.4,85,6719914,72.26,113,6154939,66.19,85,4510994,48.51,131,843647,9.07
2022-08-31,2.53,68.07,29.4,42,6719956,72.26,89,6155028,66.19,70,4511064,48.51,96,843743,9.07
2022-09-01,2.46,68.14,29.4,29,6719985,72.26,84,6155112,66.19,58,4511122,48.51,113,843856,9.07
2022-09-02,2.4,68.2,29.4,6,6719991,72.26,20,6155132,66.19,13,4511135,48.51,10,843866,9.07
2022-09-03,2.33,68.27,29.4,2,6719993,72.26,0,6155132,66.19,3,4511138,48.51,1,843867,9.07
2022-09-04,2.27,68.32,29.4,64,6720057,72.26,133,6155265,66.19,80,4511218,48.51,121,843988,9.08
2022-09-05,2.23,68.37,29.4,44,6720101,72.26,77,6155342,66.19,58,4511276,48.51,90,844078,9.08
2022-09-06,2.17,68.42,29.4,60,6720161,72.27,104,6155446,66.19,78,4511354,48.51,130,844208,9.08
2022-09-07,2.12,68.47,29.4,28,6720189,72.27,63,6155509,66.19,53,4511407,48.51,95,844303,9.08
2022-09-08,2.07,68.53,29.4,50,6720239,72.27,101,6155610,66.19,70,4511477,48.51,77,844380,9.08
2022-09-09,2.03,68.57,29.4,10,6720249,72.27,21,6155631,66.19,16,4511493,48.51,17,844397,9.08
2022-09-10,1.97,68.62,29.4,1,6720250,72.27,0,6155631,66.19,5,4511498,48.51,2,844399,9.08
2022-09-11,1.92,68.67,29.41,39,6720289,72.27,117,6155748,66.2,78,4511576,48.52,116,844515,9.08
2022-09-12,1.88,68.71,29.41,24,6720313,72.27,72,6155820,66.2,52,4511628,48.52,68,844583,9.08
2022-09-13,1.82,68.77,29.41,44,6720357,72.27,113,6155933,66.2,54,4511682,48.52,103,844686,9.08
2022-09-14,1.78,68.82,29.41,21,6720378,72.27,64,6155997,66.2,54,4511736,48.52,62,844748,9.08
2022-09-15,1.73,68.86,29.41,32,6720410,72.27,77,6156074,66.2,63,4511799,48.52,107,844855,9.09
2022-09-16,1.7,68.89,29.41,51,6720461,72.27,52,6156126,66.2,27,4511826,48.52,28,844883,9.09
2022-09-17,1.66,68.93,29.41,3,6720464,72.27,0,6156126,66.2,1,4511827,48.52,0,844883,9.09
2022-09-18,1.63,68.96,29.41,28,6720492,72.27,66,6156192,66.2,52,4511879,48.52,115,844998,9.09
2022-09-19,1.61,68.98,29.41,28,6720520,72.27,74,6156266,66.2,44,4511923,48.52,57,845055,9.09
2022-09-20,1.56,69.03,29.41,41,6720561,72.27,94,6156360,66.2,75,4511998,48.52,102,845157,9.09
2022-09-21,1.55,69.05,29.41,22,6720583,72.27,54,6156414,66.2,29,4512027,48.52,56,845213,9.09
2022-09-22,1.52,69.07,29.4,42,6720625,72.27,56,6156470,66.2,27,4512054,48.52,41,845254,9.09
2022-09-23,1.5,69.1,29.41,7,6720632,72.27,11,6156481,66.2,4,4512058,48.52,1,845255,9.09
2022-09-24,1.47,69.13,29.41,0,6720632,72.27,0,6156481,66.2,1,4512059,48.52,0,845255,9.09
2022-09-25,1.46,69.13,29.41,5,6720637,72.27,20,6156501,66.2,10,4512069,48.52,27,845282,9.09
2022-09-26,1.46,69.13,29.41,0,6720637,72.27,5,6156506,66.2,2,4512071,48.52,2,845284,9.09
2022-09-27,1.42,69.17,29.41,2,6720639,72.27,0,6156506,66.2,3,4512074,48.52,3,845287,9.09
2022-09-28,1.39,69.21,29.41,24,6720663,72.27,36,6156542,66.2,25,4512099,48.52,17,845304,9.09
2022-09-29,1.37,69.22,29.41,32,6720695,72.27,61,6156603,66.21,13,4512112,48.52,48,845352,9.09
2022-09-30,1.35,69.24,29.41,4,6720699,72.27,12,6156615,66.21,2,4512114,48.52,0,845352,9.09
2022-10-01,1.31,69.29,29.41,0,6720699,72.27,1,6156616,66.21,1,4512115,48.52,1,845353,9.09
2022-10-02,1.31,69.29,29.41,28,6720727,72.27,51,6156667,66.21,20,4512135,48.52,73,845426,9.09
2022-10-03,1.31,69.28,29.4,23,6720750,72.27,29,6156696,66.21,13,4512148,48.52,12,845438,9.09
2022-10-04,1.27,69.32,29.4,7,6720757,72.27,11,6156707,66.21,0,4512148,48.52,1,845439,9.09
2022-10-05,1.28,69.31,29.4,1,6720758,72.27,0,6156707,66.21,0,4512148,48.52,1,845440,9.09
2022-10-06,1.31,69.28,29.4,17,6720775,72.27,43,6156750,66.21,10,4512158,48.52,20,845460,9.09
2022-10-07,1.3,69.29,29.41,3,6720778,72.27,3,6156753,66.21,4,4512162,48.52,0,845460,9.09
2022-10-08,1.26,69.33,29.41,1,6720779,72.27,1,6156754,66.21,0,4512162,48.52,1,845461,9.09
2022-10-09,1.31,69.28,29.41,7,6720786,72.27,22,6156776,66.21,6,4512168,48.52,5,845466,9.09
2022-10-10,1.38,69.22,29.4,5,6720791,72.27,2,6156778,66.21,0,4512168,48.52,0,845466,9.09
2022-10-11,1.36,69.24,29.4,12,6720803,72.27,32,6156810,66.21,1,4512169,48.52,32,845498,9.09
2022-10-12,1.34,69.26,29.4,13,6720816,72.27,24,6156834,66.21,5,4512174,48.52,4,845502,9.09
2022-10-13,1.4,69.2,29.4,17,6720833,72.27,16,6156850,66.21,5,4512179,48.52,9,845511,9.09
2022-10-14,1.4,69.2,29.4,6,6720839,72.27,7,6156857,66.21,4,4512183,48.52,3,845514,9.09
2022-10-15,1.38,69.22,29.4,0,6720839,72.27,1,6156858,66.21,0,4512183,48.52,1,845515,9.09
2022-10-16,1.39,69.2,29.4,4,6720843,72.27,13,6156871,66.21,5,4512188,48.52,8,845523,9.09
2022-10-17,1.39,69.2,29.4,1,6720844,72.27,1,6156872,66.21,4,4512192,48.52,1,845524,9.09
2022-10-18,1.43,69.17,29.4,24,6720868,72.27,31,6156903,66.21,14,4512206,48.52,16,845540,9.09
2022-10-19,1.47,69.12,29.4,18,6720886,72.27,25,6156928,66.21,7,4512213,48.52,3,845543,9.09
2022-10-20,1.5,69.1,29.4,26,6720912,72.27,44,6156972,66.21,12,4512225,48.52,4,845547,9.09
2022-10-21,1.5,69.09,29.4,4,6720916,72.27,7,6156979,66.21,2,4512227,48.52,4,845551,9.09
2022-10-22,1.49,69.1,29.4,0,6720916,72.27,0,6156979,66.21,0,4512227,48.52,0,845551,9.09
2022-10-23,1.51,69.08,29.4,15,6720931,72.27,33,6157012,66.21,18,4512245,48.52,10,845561,9.09
2022-10-24,1.51,69.08,29.41,20,6720951,72.27,16,6157028,66.21,19,4512264,48.52,9,845570,9.09
2022-10-25,1.55,69.04,29.4,18,6720969,72.27,34,6157062,66.21,22,4512286,48.52,21,845591,9.09
2022-10-26,1.61,68.99,29.4,18,6720987,72.27,25,6157087,66.21,8,4512294,48.52,10,845601,9.09
2022-10-27,1.67,68.93,29.4,17,6721004,72.27,27,6157114,66.21,14,4512308,48.52,17,845618,9.09
2022-10-28,1.67,68.93,29.4,54,6721058,72.27,49,6157163,66.21,31,4512339,48.52,18,845636,9.09
2022-10-29,1.66,68.94,29.4,0,6721058,72.27,0,6157163,66.21,0,4512339,48.52,0,845636,9.09
2022-10-30,1.71,68.89,29.4,15,6721073,72.28,23,6157186,66.21,15,4512354,48.52,9,845645,9.09
2022-10-31,1.76,68.84,29.4,17,6721090,72.28,16,6157202,66.21,8,4512362,48.52,9,845654,9.09
2022-11-01,1.82,68.78,29.4,2,6721092,72.28,1,6157203,66.21,1,4512363,48.52,0,845654,9.09
2022-11-02,1.88,68.72,29.4,13,6721105,72.28,13,6157216,66.21,7,4512370,48.52,8,845662,9.09
2022-11-03,1.96,68.64,29.4,17,6721122,72.28,18,6157234,66.21,11,4512381,48.52,8,845670,9.09
2022-11-04,1.98,68.63,29.4,4,6721126,72.28,6,6157240,66.21,1,4512382,48.52,2,845672,9.09
2022-11-05,1.97,68.63,29.4,0,6721126,72.28,0,6157240,66.21,0,4512382,48.52,0,845672,9.09
2022-11-06,2.03,68.57,29.4,27,6721153,72.28,33,6157273,66.21,11,4512393,48.52,23,845695,9.09
2022-11-07,2.1,68.51,29.4,15,6721168,72.28,11,6157284,66.21,10,4512403,48.52,54,845749,9.09
2022-11-08,2.1,68.5,29.4,28,6721196,72.28,26,6157310,66.21,14,4512417,48.52,9,845758,9.09
2022-11-09,2.16,68.45,29.4,16,6721212,72.28,20,6157330,66.21,17,4512434,48.52,9,845767,9.1
2022-11-10,2.22,68.39,29.4,28,6721240,72.28,17,6157347,66.21,11,4512445,48.52,6,845773,9.1
2022-11-11,2.23,68.37,29.4,1,6721241,72.28,17,6157364,66.21,2,4512447,48.52,1,845774,9.1
2022-11-12,2.22,68.38,29.4,1,6721242,72.28,0,6157364,66.21,2,4512449,48.52,0,845774,9.1
2022-11-13,2.29,68.31,29.4,29,6721271,72.28,31,6157395,66.21,17,4512466,48.52,8,845782,9.1
2022-11-14,2.37,68.23,29.4,20,6721291,72.28,17,6157412,66.21,21,4512487,48.53,16,845798,9.1
2022-11-15,2.43,68.17,29.4,40,6721331,72.28,25,6157437,66.21,16,4512503,48.53,18,845816,9.1
2022-11-16,2.5,68.1,29.4,14,6721345,72.28,27,6157464,66.21,16,4512519,48.53,11,845827,9.1
2022-11-17,2.59,68.02,29.4,19,6721364,72.28,33,6157497,66.21,18,4512537,48.53,5,845832,9.1
2022-11-18,2.61,67.99,29.4,6,6721370,72.28,4,6157501,66.21,4,4512541,48.53,0,845832,9.1
2022-11-19,2.6,68,29.4,0,6721370,72.28,0,6157501,66.21,0,4512541,48.53,0,845832,9.1
2022-11-20,2.67,67.93,29.4,19,6721389,72.28,19,6157520,66.21,6,4512547,48.53,13,845845,9.1
2022-11-21,2.76,67.85,29.4,14,6721403,72.28,13,6157533,66.22,6,4512553,48.53,6,845851,9.1
2022-11-22,2.83,67.77,29.4,27,6721430,72.28,13,6157546,66.22,17,4512570,48.53,6,845857,9.1
2022-11-23,2.9,67.7,29.4,17,6721447,72.28,20,6157566,66.22,4,4512574,48.53,8,845865,9.1
2022-11-24,2.98,67.62,29.4,9,6721456,72.28,16,6157582,66.22,13,4512587,48.53,27,845892,9.1
2022-11-25,3,67.6,29.4,12,6721468,72.28,45,6157627,66.22,14,4512601,48.53,12,845904,9.1
2022-11-26,3,67.61,29.4,0,6721468,72.28,2,6157629,66.22,0,4512601,48.53,0,845904,9.1
2022-11-27,3.06,67.54,29.4,14,6721482,72.28,15,6157644,66.22,19,4512620,48.53,2,845906,9.1
2022-11-28,3.14,67.47,29.4,8,6721490,72.28,23,6157667,66.22,8,4512628,48.53,6,845912,9.1
2022-11-29,3.2,67.4,29.4,38,6721528,72.28,31,6157698,66.22,19,4512647,48.53,14,845926,9.1
2022-11-30,3.27,67.34,29.39,12,6721540,72.28,25,6157723,66.22,20,4512667,48.53,8,845934,9.1
2022-12-01,3.34,67.26,29.39,13,6721553,72.28,18,6157741,66.22,15,4512682,48.53,4,845938,9.1
2022-12-02,3.36,67.24,29.39,2,6721555,72.28,7,6157748,66.22,4,4512686,48.53,10,845948,9.1
2022-12-03,3.36,67.24,29.39,0,6721555,72.28,0,6157748,66.22,0,4512686,48.53,1,845949,9.1
2022-12-04,3.42,67.18,29.39,37,6721592,72.28,27,6157775,66.22,30,4512716,48.53,26,845975,9.1
2022-12-05,3.48,67.12,29.4,9,6721601,72.28,17,6157792,66.22,11,4512727,48.53,20,845995,9.1
2022-12-06,3.55,67.06,29.39,32,6721633,72.28,26,6157818,66.22,27,4512754,48.53,8,846003,9.1
2022-12-07,3.62,66.99,29.39,10,6721643,72.28,17,6157835,66.22,8,4512762,48.53,8,846011,9.1
2022-12-08,3.69,66.91,29.39,18,6721661,72.28,31,6157866,66.22,15,4512777,48.53,3,846014,9.1
2022-12-09,3.71,66.9,29.39,4,6721665,72.28,1,6157867,66.22,1,4512778,48.53,7,846021,9.1
2022-12-10,3.7,66.91,29.39,1,6721666,72.28,0,6157867,66.22,2,4512780,48.53,0,846021,9.1
2022-12-11,3.76,66.84,29.39,16,6721682,72.28,22,6157889,66.22,15,4512795,48.53,16,846037,9.1
2022-12-12,3.82,66.78,29.39,15,6721697,72.28,14,6157903,66.22,5,4512800,48.53,0,846037,9.1
2022-12-13,3.87,66.73,29.39,17,6721714,72.28,44,6157947,66.22,18,4512818,48.53,13,846050,9.1
2022-12-14,3.92,66.69,29.39,17,6721731,72.28,16,6157963,66.22,7,4512825,48.53,3,846053,9.1
2022-12-15,3.97,66.64,29.39,22,6721753,72.28,19,6157982,66.22,7,4512832,48.53,12,846065,9.1
2022-12-16,3.98,66.62,29.39,12,6721765,72.28,4,6157986,66.22,1,4512833,48.53,0,846065,9.1
2022-12-17,3.97,66.63,29.39,0,6721765,72.28,0,6157986,66.22,0,4512833,48.53,0,846065,9.1
2022-12-18,4.01,66.59,29.39,9,6721774,72.28,18,6158004,66.22,8,4512841,48.53,3,846068,9.1
2022-12-19,4.06,66.54,29.4,7,6721781,72.28,14,6158018,66.22,12,4512853,48.53,1,846069,9.1
2022-12-20,4.1,66.51,29.39,12,6721793,72.28,17,6158035,66.22,2,4512855,48.53,2,846071,9.1
2022-12-21,4.14,66.47,29.39,9,6721802,72.28,14,6158049,66.22,13,4512868,48.53,3,846074,9.1
2022-12-22,4.18,66.42,29.39,4,6721806,72.28,10,6158059,66.22,14,4512882,48.53,1,846075,9.1
2022-12-23,4.19,66.42,29.39,10,6721816,72.28,0,6158059,66.22,2,4512884,48.53,0,846075,9.1
2022-12-24,4.18,66.43,29.39,0,6721816,72.28,0,6158059,66.22,0,4512884,48.53,0,846075,9.1
2022-12-25,4.21,66.4,29.39,6,6721822,72.28,17,6158076,66.22,1,4512885,48.53,2,846077,9.1
2022-12-26,4.24,66.36,29.39,17,6721839,72.28,6,6158082,66.22,13,4512898,48.53,0,846077,9.1
2022-12-27,4.25,66.36,29.39,24,6721863,72.28,24,6158106,66.22,17,4512915,48.53,7,846084,9.1
2022-12-28,4.26,66.34,29.39,17,6721880,72.28,18,6158124,66.22,25,4512940,48.53,64,846148,9.1
2022-12-29,4.28,66.33,29.39,15,6721895,72.28,23,6158147,66.22,14,4512954,48.53,4,846152,9.1
2022-12-30,4.27,66.33,29.4,4,6721899,72.28,5,6158152,66.22,3,4512957,48.53,1,846153,9.1
2022-12-31,4.26,66.35,29.4,0,6721899,72.28,1,6158153,66.22,0,4512957,48.53,0,846153,9.1
2023-01-01,4.27,66.33,29.4,6,6721905,72.28,22,6158175,66.22,2,4512959,48.53,1,846154,9.1
2023-01-02,4.29,66.31,29.4,10,6721915,72.28,8,6158183,66.22,3,4512962,48.53,1,846155,9.1
2023-01-03,4.3,66.3,29.4,20,6721935,72.28,17,6158200,66.22,7,4512969,48.53,3,846158,9.1
2023-01-04,4.3,66.3,29.4,7,6721942,72.28,11,6158211,66.22,4,4512973,48.53,2,846160,9.1
2023-01-05,4.31,66.29,29.39,12,6721954,72.28,19,6158230,66.22,11,4512984,48.53,4,846164,9.1
2023-01-06,4.31,66.29,29.4,2,6721956,72.28,1,6158231,66.22,1,4512985,48.53,0,846164,9.1
2023-01-07,4.3,66.31,29.4,1,6721957,72.28,0,6158231,66.22,0,4512985,48.53,0,846164,9.1
2023-01-08,4.33,66.28,29.4,14,6721971,72.28,33,6158264,66.22,10,4512995,48.53,2,846166,9.1
2023-01-09,4.34,66.26,29.4,12,6721983,72.28,20,6158284,66.22,1,4512996,48.53,1,846167,9.1
2023-01-10,4.35,66.25,29.4,39,6722022,72.29,27,6158311,66.22,10,4513006,48.53,4,846171,9.1
2023-01-11,4.36,66.25,29.4,14,6722036,72.29,18,6158329,66.22,11,4513017,48.53,2,846173,9.1
2023-01-12,4.37,66.24,29.39,22,6722058,72.29,20,6158349,66.22,11,4513028,48.53,2,846175,9.1
2023-01-13,4.36,66.24,29.4,3,6722061,72.29,2,6158351,66.22,0,4513028,48.53,0,846175,9.1
2023-01-14,4.35,66.25,29.4,1,6722062,72.29,0,6158351,66.22,0,4513028,48.53,0,846175,9.1
2023-01-15,4.36,66.24,29.4,17,6722079,72.29,16,6158367,66.22,4,4513032,48.53,3,846178,9.1
2023-01-16,4.38,66.22,29.4,9,6722088,72.29,15,6158382,66.22,6,4513038,48.53,0,846178,9.1
2023-01-17,4.38,66.22,29.4,15,6722103,72.29,14,6158396,66.22,6,4513044,48.53,0,846178,9.1
2023-01-18,4.39,66.21,29.4,7,6722110,72.29,8,6158404,66.22,3,4513047,48.53,1,846179,9.1
2023-01-19,4.4,66.2,29.4,13,6722123,72.29,15,6158419,66.22,2,4513049,48.53,4,846183,9.1
2023-01-20,4.39,66.2,29.4,4,6722127,72.29,2,6158421,66.22,0,4513049,48.53,1,846184,9.1
2023-01-21,4.39,66.21,29.4,0,6722127,72.29,0,6158421,66.22,0,4513049,48.53,0,846184,9.1
2023-01-22,4.4,66.2,29.4,8,6722135,72.29,3,6158424,66.22,8,4513057,48.53,4,846188,9.1
2023-01-23,4.41,66.19,29.4,11,6722146,72.29,5,6158429,66.22,6,4513063,48.53,0,846188,9.1
2023-01-24,4.41,66.19,29.4,21,6722167,72.29,21,6158450,66.22,11,4513074,48.53,2,846190,9.1
2023-01-25,4.41,66.18,29.4,5,6722172,72.29,5,6158455,66.22,0,4513074,48.53,2,846192,9.1
2023-01-26,4.42,66.18,29.4,10,6722182,72.29,15,6158470,66.23,9,4513083,48.53,2,846194,9.1
2023-01-27,4.41,66.18,29.4,0,6722182,72.29,9,6158479,66.23,0,4513083,48.53,0,846194,9.1
2023-01-28,4.41,66.19,29.4,0,6722182,72.29,0,6158479,66.23,0,4513083,48.53,0,846194,9.1
2023-01-29,4.41,66.19,29.41,12,6722194,72.29,8,6158487,66.23,5,4513088,48.53,2,846196,9.1
2023-01-30,4.42,66.17,29.41,9,6722203,72.29,16,6158503,66.23,2,4513090,48.53,1,846197,9.1
2023-01-31,4.42,66.17,29.41,20,6722223,72.29,23,6158526,66.23,3,4513093,48.53,1,846198,9.1
2023-02-01,4.32,64.71,30.96,10,6722233,72.29,11,6158537,66.23,4,4513097,48.53,0,846198,9.1
2023-02-02,4.33,64.71,30.96,14,6722247,72.29,31,6158568,66.23,3,4513100,48.53,0,846198,9.1
2023-02-03,4.32,64.71,30.97,3,6722250,72.29,1,6158569,66.23,0,4513100,48.53,1,846199,9.1
2023-02-04,4.32,64.72,30.97,0,6722250,72.29,0,6158569,66.23,0,4513100,48.53,0,846199,9.1
2023-02-05,4.32,64.71,30.97,15,6722265,72.29,8,6158577,66.23,6,4513106,48.53,4,846203,9.1
2023-02-06,4.33,64.7,30.97,17,6722282,72.29,13,6158590,66.23,4,4513110,48.53,0,846203,9.1
2023-02-07,4.33,64.7,30.97,22,6722304,72.29,22,6158612,66.23,8,4513118,48.53,2,846205,9.1
2023-02-08,4.33,64.7,30.97,15,6722319,72.29,14,6158626,66.23,1,4513119,48.53,0,846205,9.1
2023-02-09,4.33,64.7,30.97,35,6722354,72.29,33,6158659,66.23,5,4513124,48.53,2,846207,9.1
2023-02-10,4.33,64.7,30.97,2,6722356,72.29,3,6158662,66.23,2,4513126,48.53,0,846207,9.1
2023-02-11,4.33,64.7,30.97,2,6722358,72.29,1,6158663,66.23,0,4513126,48.53,0,846207,9.1
2023-02-12,4.33,64.7,30.97,15,6722373,72.29,18,6158681,66.23,3,4513129,48.53,2,846209,9.1
2023-02-13,4.33,64.7,30.97,14,6722387,72.29,20,6158701,66.23,8,4513137,48.53,2,846211,9.1
2023-02-14,4.33,64.7,30.97,20,6722407,72.29,8,6158709,66.23,7,4513144,48.53,5,846216,9.1
2023-02-15,4.33,64.7,30.97,10,6722417,72.29,16,6158725,66.23,3,4513147,48.53,0,846216,9.1
2023-02-16,4.33,64.7,30.97,22,6722439,72.29,24,6158749,66.23,2,4513149,48.53,0,846216,9.1
2023-02-17,4.33,64.7,30.97,5,6722444,72.29,2,6158751,66.23,1,4513150,48.53,0,846216,9.1
2023-02-18,4.33,64.7,30.97,0,6722444,72.29,0,6158751,66.23,0,4513150,48.53,0,846216,9.1
2023-02-19,4.33,64.7,30.98,16,6722460,72.29,13,6158764,66.23,1,4513151,48.53,0,846216,9.1
2023-02-20,4.33,64.69,30.98,9,6722469,72.29,10,6158774,66.23,1,4513152,48.53,0,846216,9.1
2023-02-21,4.33,64.69,30.98,40,6722509,72.29,18,6158792,66.23,5,4513157,48.53,1,846217,9.1
2023-02-22,4.33,64.7,30.98,6,6722515,72.29,9,6158801,66.23,8,4513165,48.53,0,846217,9.1
2023-02-23,4.33,64.7,30.97,10,6722525,72.29,23,6158824,66.23,5,4513170,48.53,2,846219,9.1
2023-02-24,4.33,64.7,30.97,0,6722525,72.29,4,6158828,66.23,0,4513170,48.53,0,846219,9.1
