Date,Valid vaccinated pop. perc.,Expired vaccinated pop. perc.,Not vaccinated pop. perc.,Vaccinated (daily),Vaccinated (cumu),Vaccinated pop. perc.,Second dose (daily),Second dose (cumu),Second dose pop. perc.,Third dose (daily),Third dose (cumu),Third dose pop. perc.,Fourth dose (daily),Fourth dose (cumu),Fourth dose pop. perc.
2020-12-19,0,0,100,46,71,0,0,4,0,0,0,0,0,0,0
2020-12-20,0,0,100,7396,7467,0.08,0,4,0,0,0,0,0,0,0
2020-12-21,0,0,100,24923,32390,0.35,0,4,0,0,0,0,0,0,0
2020-12-22,0,0,100,44669,77059,0.83,0,4,0,0,0,0,0,0,0
2020-12-23,0,0,100,62918,139977,1.51,0,4,0,0,0,0,0,0,0
2020-12-24,0,0,100,73430,213407,2.29,0,4,0,0,0,0,0,0,0
2020-12-25,0,0,100,38518,251925,2.71,0,4,0,0,0,0,0,0,0
2020-12-26,0,0,100,32618,284543,3.06,0,4,0,0,0,0,0,0,0
2020-12-27,0,0,100,104575,389118,4.18,0,4,0,0,0,0,0,0,0
2020-12-28,0,0,100,135042,524160,5.64,0,4,0,0,0,0,0,0,0
2020-12-29,0,0,100,156343,680503,7.32,2,6,0,0,0,0,0,0,0
2020-12-30,0,0,100,153192,833695,8.97,0,6,0,0,0,0,0,0,0
2020-12-31,0,0,100,158602,992297,10.67,0,6,0,0,0,0,0,0,0
2021-01-01,0,0,100,71435,1063732,11.44,0,6,0,0,0,0,0,0,0
2021-01-02,0,0,100,71745,1135477,12.21,0,6,0,0,0,0,0,0,0
2021-01-03,0,0,100,149767,1285244,13.82,0,6,0,0,0,0,0,0,0
2021-01-04,0,0,100,152208,1437452,15.46,1,7,0,0,0,0,0,0,0
2021-01-05,0,0,100,125222,1562674,16.8,4,11,0,0,0,0,0,0,0
2021-01-06,0,0,100,103375,1666049,17.92,2,13,0,0,0,0,0,0,0
2021-01-07,0,0,100,116065,1782114,19.16,9,22,0,0,0,0,0,0,0
2021-01-08,0,0,100,66465,1848579,19.88,5,27,0,0,0,0,0,0,0
2021-01-09,0,0,100,44554,1893133,20.36,24,51,0,0,0,0,0,0,0
2021-01-10,0,0,100,37649,1930782,20.76,6001,6052,0.07,0,0,0,0,0,0
2021-01-11,0,0,100,21176,1951958,20.99,19264,25316,0.27,0,0,0,0,0,0
2021-01-12,0,0,100,24077,1976035,21.25,35674,60990,0.66,0,0,0,0,0,0
2021-01-13,0,0,100,52079,2028114,21.81,56873,117863,1.27,0,0,0,0,0,0
2021-01-14,0,0,100,56480,2084594,22.42,68838,186701,2.01,0,0,0,0,0,0
2021-01-15,0,0,100,30776,2115370,22.75,35943,222644,2.39,0,0,0,0,0,0
2021-01-16,0,0,100,29481,2144851,23.06,26007,248651,2.67,0,0,0,0,0,0
2021-01-17,0.31,0,99.69,68446,2213297,23.8,84598,333249,3.58,0,0,0,0,0,0
2021-01-18,0.58,0,99.42,69820,2283117,24.55,120438,453687,4.88,0,0,0,0,0,0
2021-01-19,1.09,0,98.91,72896,2356013,25.34,137852,591539,6.36,0,0,0,0,0,0
2021-01-20,1.9,0,98.1,76919,2432932,26.16,143769,735308,7.91,0,0,0,0,0,0
2021-01-21,2.88,0,97.12,70010,2502942,26.92,164478,899786,9.68,0,0,0,0,0,0
2021-01-22,3.39,0,96.61,37933,2540875,27.32,71134,970920,10.44,0,0,0,0,0,0
2021-01-23,3.77,0,96.23,39965,2580840,27.75,53597,1024517,11.02,0,0,0,0,0,0
2021-01-24,4.96,0,95.04,69148,2649988,28.5,140711,1165228,12.53,0,0,0,0,0,0
2021-01-25,6.61,0,93.39,80943,2730931,29.37,139523,1304751,14.03,0,0,0,0,0,0
2021-01-26,8.45,0,91.55,78737,2809668,30.21,126446,1431197,15.39,0,0,0,0,0,0
2021-01-27,10.34,0,89.66,77983,2887651,31.05,125073,1556270,16.74,0,0,0,0,0,0
2021-01-28,12.43,0,87.57,79571,2967222,31.91,130633,1686903,18.14,0,0,0,0,0,0
2021-01-29,13.34,0,86.66,36704,3003926,32.3,64794,1751697,18.84,0,0,0,0,0,0
2021-01-30,14.02,0,85.98,34395,3038321,32.67,42767,1794464,19.3,0,0,0,0,0,0
2021-01-31,15.76,0,84.24,73331,3111652,33.46,59504,1853968,19.94,0,0,0,0,0,0
2021-02-01,17.48,0,82.52,82513,3194165,34.35,35358,1889326,20.32,0,0,0,0,0,0
2021-02-02,19.01,0,80.99,70107,3264272,35.1,31074,1920400,20.65,0,0,0,0,0,0
2021-02-03,20.47,0,79.53,60309,3324581,35.75,51445,1971845,21.2,0,0,0,0,0,0
2021-02-04,22,0,78,72640,3397221,36.53,58096,2029941,21.83,0,0,0,0,0,0
2021-02-05,22.75,0,77.25,33947,3431168,36.9,28807,2058748,22.14,0,0,0,0,0,0
2021-02-06,23.23,0,76.77,21622,3452790,37.13,22233,2080981,22.38,0,0,0,0,0,0
2021-02-07,23.99,0,76.01,54081,3506871,37.71,68745,2149726,23.12,0,0,0,0,0,0
2021-02-08,24.52,0,75.48,58644,3565515,38.34,65468,2215194,23.82,0,0,0,0,0,0
2021-02-09,25.04,0,74.96,66360,3631875,39.06,67580,2282774,24.55,0,0,0,0,0,0
2021-02-10,25.77,0,74.23,70571,3702446,39.81,72316,2355090,25.33,0,0,0,0,0,0
2021-02-11,26.61,0,73.39,81175,3783621,40.69,72114,2427204,26.1,0,0,0,0,0,0
2021-02-12,27.02,0,72.98,39111,3822732,41.11,37600,2464804,26.51,0,0,0,0,0,0
2021-02-13,27.33,0,72.67,27465,3850197,41.4,30441,2495245,26.83,0,0,0,0,0,0
2021-02-14,28.25,0,71.75,74917,3925114,42.21,69085,2564330,27.58,0,0,0,0,0,0
2021-02-15,29.17,0,70.83,81549,4006663,43.09,75722,2640052,28.39,0,0,0,0,0,0
2021-02-16,30.11,0,69.89,83423,4090086,43.98,78301,2718353,29.23,0,0,0,0,0,0
2021-02-17,31.01,0,68.99,61984,4152070,44.65,75646,2793999,30.05,0,0,0,0,0,0
2021-02-18,31.94,0,68.06,69159,4221229,45.39,79739,2873738,30.9,0,0,0,0,0,0
2021-02-19,32.45,0,67.55,39676,4260905,45.82,38162,2911900,31.31,0,0,0,0,0,0
2021-02-20,32.85,0,67.15,31652,4292557,46.16,28723,2940623,31.62,0,0,0,0,0,0
2021-02-21,33.8,0,66.2,79437,4371994,47.01,78446,3019069,32.47,0,0,0,0,0,0
2021-02-22,34.83,0,65.17,85056,4457050,47.93,80599,3099668,33.33,0,0,0,0,0,0
2021-02-23,35.84,0,64.16,77332,4534382,48.76,70486,3170154,34.09,0,0,0,0,0,0
2021-02-24,36.76,0,63.24,61067,4595449,49.42,63145,3233299,34.77,0,0,0,0,0,0
2021-02-25,37.66,0,62.34,51730,4647179,49.97,64810,3298109,35.47,0,0,0,0,0,0
2021-02-26,38.1,0,61.9,25913,4673092,50.25,32046,3330155,35.81,0,0,0,0,0,0
2021-02-27,38.42,0,61.58,18353,4691445,50.45,21197,3351352,36.04,0,0,0,0,0,0
2021-02-28,39.24,0,60.76,40365,4731810,50.88,55874,3407226,36.64,0,0,0,0,0,0
2021-03-01,40.1,0,59.9,45752,4777562,51.38,61445,3468671,37.3,0,0,0,0,0,0
2021-03-02,40.85,0,59.15,41203,4818765,51.82,64802,3533473,38,0,0,0,0,0,0
2021-03-03,41.55,0,58.45,42035,4860800,52.27,66794,3600267,38.72,0,0,0,0,0,0
2021-03-04,42.24,0,57.76,39722,4900522,52.7,79126,3679393,39.57,0,0,0,0,0,0
2021-03-05,42.57,0,57.43,17369,4917891,52.88,40471,3719864,40,0,0,0,0,0,0
2021-03-06,42.78,0,57.22,10722,4928613,53,25349,3745213,40.27,0,0,0,0,0,0
2021-03-07,43.36,0,56.64,31156,4959769,53.33,72847,3818060,41.06,0,0,0,0,0,0
2021-03-08,43.97,0,56.03,27387,4987156,53.63,73296,3891356,41.85,0,0,0,0,0,0
2021-03-09,44.62,0,55.38,26756,5013912,53.92,76605,3967961,42.67,0,0,0,0,0,0
2021-03-10,45.27,0,54.73,23373,5037285,54.17,58685,4026646,43.3,0,0,0,0,0,0
2021-03-11,45.99,0,54.01,23308,5060593,54.42,69098,4095744,44.04,0,0,0,0,0,0
2021-03-12,46.34,0,53.66,11296,5071889,54.54,41418,4137162,44.49,0,0,0,0,0,0
2021-03-13,46.57,0,53.43,7954,5079843,54.63,25240,4162402,44.76,0,0,0,0,0,0
2021-03-14,47.2,0,52.8,20991,5100834,54.85,73937,4236339,45.56,0,0,0,0,0,0
2021-03-15,47.81,0,52.19,20152,5120986,55.07,78281,4314620,46.4,0,0,0,0,0,0
2021-03-16,48.43,0,51.57,18759,5139745,55.27,71481,4386101,47.17,0,0,0,0,0,0
2021-03-17,48.92,0,51.08,17705,5157450,55.46,59010,4445111,47.8,0,0,0,0,0,0
2021-03-18,49.45,0,50.55,16050,5173500,55.63,58126,4503237,48.43,0,0,0,0,0,0
2021-03-19,49.75,0,50.25,6958,5180458,55.71,27981,4531218,48.73,0,0,0,0,0,0
2021-03-20,49.93,0,50.07,5228,5185686,55.76,15302,4546520,48.89,0,0,0,0,0,0
2021-03-21,50.46,0,49.54,13172,5198858,55.91,40511,4587031,49.33,0,0,0,0,0,0
2021-03-22,51,0,49,13583,5212441,56.05,40542,4627573,49.76,0,0,0,0,0,0
2021-03-23,51.43,0,48.57,2846,5215287,56.08,7303,4634876,49.84,0,0,0,0,0,0
2021-03-24,51.84,0,48.16,11006,5226293,56.2,46561,4681437,50.34,0,0,0,0,0,0
2021-03-25,52.22,0,47.78,10274,5236567,56.31,35440,4716877,50.72,0,0,0,0,0,0
2021-03-26,52.4,0,47.6,4186,5240753,56.36,13334,4730211,50.87,0,0,0,0,0,0
2021-03-27,52.5,0,47.5,1787,5242540,56.38,4269,4734480,50.91,0,0,0,0,0,0
2021-03-28,52.74,0,47.26,2114,5244654,56.4,4611,4739091,50.96,0,0,0,0,0,0
2021-03-29,53,0,47,6918,5251572,56.47,30017,4769108,51.28,0,0,0,0,0,0
2021-03-30,53.08,0,46.92,7897,5259469,56.56,22455,4791563,51.53,0,0,0,0,0,0
2021-03-31,53.38,0,46.62,8154,5267623,56.65,19502,4811065,51.74,0,0,0,0,0,0
2021-04-01,53.62,0,46.38,8222,5275845,56.73,18704,4829769,51.94,0,0,0,0,0,0
2021-04-02,53.71,0,46.29,2946,5278791,56.77,8131,4837900,52.02,0,0,0,0,0,0
2021-04-03,53.74,0,46.26,1432,5280223,56.78,2983,4840883,52.06,0,0,0,0,0,0
2021-04-04,53.82,0,46.18,9618,5289841,56.88,22832,4863715,52.3,0,0,0,0,0,0
2021-04-05,54.04,0,45.96,10364,5300205,57,21278,4884993,52.53,0,0,0,0,0,0
2021-04-06,54.21,0,45.79,9035,5309240,57.09,16794,4901787,52.71,0,0,0,0,0,0
2021-04-07,54.36,0,45.64,8934,5318174,57.19,15314,4917101,52.88,0,0,0,0,0,0
2021-04-08,54.52,0,45.48,9430,5327604,57.29,17018,4934119,53.06,0,0,0,0,0,0
2021-04-09,54.58,0,45.42,3609,5331213,57.33,6259,4940378,53.13,0,0,0,0,0,0
2021-04-10,54.61,0,45.39,1637,5332850,57.35,3523,4943901,53.16,0,0,0,0,0,0
2021-04-11,54.78,0,45.22,9045,5341895,57.44,14249,4958150,53.32,0,0,0,0,0,0
2021-04-12,54.95,0,45.05,8938,5350833,57.54,13236,4971386,53.46,0,0,0,0,0,0
2021-04-13,55.08,0,44.92,5841,5356674,57.6,4960,4976346,53.51,0,0,0,0,0,0
2021-04-14,55.18,0,44.82,3650,5360324,57.64,5311,4981657,53.57,0,0,0,0,0,0
2021-04-15,55.27,0,44.73,698,5361022,57.65,583,4982240,53.58,0,0,0,0,0,0
2021-04-16,55.33,0,44.67,3420,5364442,57.69,6652,4988892,53.65,0,0,0,0,0,0
2021-04-17,55.35,0,44.65,822,5365264,57.7,1973,4990865,53.67,0,0,0,0,0,0
2021-04-18,55.47,0,44.53,7099,5372363,57.77,7433,4998298,53.75,0,0,0,0,0,0
2021-04-19,55.58,0,44.42,6407,5378770,57.84,7134,5005432,53.83,0,0,0,0,0,0
2021-04-20,55.65,0,44.35,6287,5385057,57.91,6889,5012321,53.9,0,0,0,0,0,0
2021-04-21,55.71,0,44.29,6381,5391438,57.98,7112,5019433,53.98,0,0,0,0,0,0
2021-04-22,55.75,0,44.25,5952,5397390,58.04,7691,5027124,54.06,0,0,0,0,0,0
2021-04-23,55.8,0,44.2,2768,5400158,58.07,3391,5030515,54.1,0,0,0,0,0,0
2021-04-24,55.82,0,44.18,769,5400927,58.08,1290,5031805,54.11,0,0,0,0,0,0
2021-04-25,55.89,0,44.11,4829,5405756,58.13,6925,5038730,54.18,0,0,0,0,0,0
2021-04-26,55.96,0,44.04,5479,5411235,58.19,7889,5046619,54.27,0,0,0,0,0,0
2021-04-27,56.03,0,43.97,4507,5415742,58.24,6627,5053246,54.34,0,0,0,0,0,0
2021-04-28,56.09,0,43.91,4501,5420243,58.29,7336,5060582,54.42,0,0,0,0,0,0
2021-04-29,56.16,0,43.84,4378,5424621,58.33,7297,5067879,54.5,0,0,0,0,0,0
2021-04-30,56.19,0,43.81,1925,5426546,58.35,3202,5071081,54.53,0,0,0,0,0,0
2021-05-01,56.2,0,43.8,458,5427004,58.36,895,5071976,54.54,0,0,0,0,0,0
2021-05-02,56.26,0,43.74,3225,5430229,58.39,6092,5078068,54.61,0,0,0,0,0,0
2021-05-03,56.32,0,43.68,3535,5433764,58.43,5835,5083903,54.67,0,0,0,0,0,0
2021-05-04,56.38,0,43.62,3593,5437357,58.47,4738,5088641,54.72,0,0,0,0,0,0
2021-05-05,56.44,0,43.56,3292,5440649,58.51,4093,5092734,54.76,0,0,0,0,0,0
2021-05-06,56.5,0,43.5,3646,5444295,58.55,3144,5095878,54.8,0,0,0,0,0,0
2021-05-07,56.52,0,43.48,1847,5446142,58.57,2509,5098387,54.83,0,0,0,0,0,0
2021-05-08,56.53,0,43.47,244,5446386,58.57,508,5098895,54.83,0,0,0,0,0,0
2021-05-09,56.58,0,43.42,2851,5449237,58.6,4751,5103646,54.88,0,0,0,0,0,0
2021-05-10,56.63,0,43.37,2898,5452135,58.63,4715,5108361,54.93,0,0,0,0,0,0
2021-05-11,56.67,0,43.33,2622,5454757,58.66,3881,5112242,54.97,0,0,0,0,0,0
2021-05-12,56.7,0,43.3,2034,5456791,58.68,3342,5115584,55.01,0,0,0,0,0,0
2021-05-13,56.73,0,43.27,2043,5458834,58.7,3688,5119272,55.05,0,0,0,0,0,0
2021-05-14,56.75,0,43.25,979,5459813,58.71,1495,5120767,55.07,0,0,0,0,0,0
2021-05-15,56.75,0,43.25,259,5460072,58.71,259,5121026,55.07,0,0,0,0,0,0
2021-05-16,56.78,0,43.22,529,5460601,58.72,1206,5122232,55.08,0,0,0,0,0,0
2021-05-17,56.81,0,43.19,303,5460904,58.72,848,5123080,55.09,0,0,0,0,0,0
2021-05-18,56.84,0,43.16,1963,5462867,58.75,4939,5128019,55.14,0,0,0,0,0,0
2021-05-19,56.87,0,43.13,2233,5465100,58.77,5042,5133061,55.2,0,0,0,0,0,0
2021-05-20,56.9,0,43.1,2312,5467412,58.79,3880,5136941,55.24,0,0,0,0,0,0
2021-05-21,56.92,0,43.08,1194,5468606,58.81,1414,5138355,55.26,0,0,0,0,0,0
2021-05-22,56.92,0,43.08,206,5468812,58.81,396,5138751,55.26,0,0,0,0,0,0
2021-05-23,56.94,0,43.06,2272,5471084,58.83,3216,5141967,55.29,0,0,0,0,0,0
2021-05-24,56.96,0,43.04,2140,5473224,58.86,3597,5145564,55.33,0,0,0,0,0,0
2021-05-25,56.99,0,43.01,1822,5475046,58.88,2588,5148152,55.36,0,0,0,0,0,0
2021-05-26,57.03,0,42.97,1415,5476461,58.89,2504,5150656,55.39,0,0,0,0,0,0
2021-05-27,57.06,0,42.94,1865,5478326,58.91,3189,5153845,55.42,0,0,0,0,0,0
2021-05-28,57.07,0,42.93,794,5479120,58.92,1406,5155251,55.44,0,0,0,0,0,0
2021-05-29,57.07,0,42.93,192,5479312,58.92,227,5155478,55.44,0,0,0,0,0,0
2021-05-30,57.1,0,42.9,1645,5480957,58.94,1937,5157415,55.46,0,0,0,0,0,0
2021-05-31,57.13,0,42.87,1740,5482697,58.96,2093,5159508,55.48,0,0,0,0,0,0
2021-06-01,57.47,0,42.53,1385,5484082,58.97,1823,5161331,55.5,0,0,0,0,0,0
2021-06-02,57.25,0,42.75,1514,5485596,58.99,1610,5162941,55.52,0,0,0,0,0,0
2021-06-03,57.27,0,42.73,1685,5487281,59.01,1496,5164437,55.54,0,0,0,0,0,0
2021-06-04,57.28,0,42.72,1102,5488383,59.02,784,5165221,55.54,0,0,0,0,0,0
2021-06-05,57.29,0,42.71,184,5488567,59.02,159,5165380,55.55,0,0,0,0,0,0
2021-06-06,57.31,0,42.69,4293,5492860,59.07,1002,5166382,55.56,0,0,0,0,0,0
2021-06-07,57.34,0,42.66,4440,5497300,59.12,814,5167196,55.57,0,0,0,0,0,0
2021-06-08,57.36,0,42.64,3739,5501039,59.16,1175,5168371,55.58,0,0,0,0,0,0
2021-06-09,57.4,0,42.6,3615,5504654,59.19,1331,5169702,55.59,0,0,0,0,0,0
2021-06-10,57.42,0,42.58,3364,5508018,59.23,1300,5171002,55.61,0,0,0,0,0,0
2021-06-11,57.43,0,42.57,1402,5509420,59.25,590,5171592,55.61,0,0,0,0,0,0
2021-06-12,57.43,0,42.57,222,5509642,59.25,173,5171765,55.61,0,0,0,0,0,0
2021-06-13,57.45,0,42.55,3101,5512743,59.28,1260,5173025,55.63,0,0,0,0,0,0
2021-06-14,57.46,0,42.54,3057,5515800,59.31,1534,5174559,55.64,0,0,0,0,0,0
2021-06-15,57.48,0,42.52,3137,5518937,59.35,1378,5175937,55.66,0,0,0,0,0,0
2021-06-16,57.49,0,42.51,2734,5521671,59.38,1004,5176941,55.67,0,0,0,0,0,0
2021-06-17,57.51,0,42.49,2733,5524404,59.41,1209,5178150,55.68,0,0,0,0,0,0
2021-06-18,57.52,0,42.48,1270,5525674,59.42,506,5178656,55.69,0,0,0,0,0,0
2021-06-19,57.52,0,42.48,242,5525916,59.42,139,5178795,55.69,0,0,0,0,0,0
2021-06-20,57.54,0,42.46,3316,5529232,59.46,1332,5180127,55.7,0,0,0,0,0,0
2021-06-21,57.56,0,42.44,5250,5534482,59.52,1218,5181345,55.72,0,0,0,0,0,0
2021-06-22,57.58,0,42.42,6935,5541417,59.59,1101,5182446,55.73,0,0,0,0,0,0
2021-06-23,57.6,0,42.4,10762,5552179,59.71,1303,5183749,55.74,0,0,0,0,0,0
2021-06-24,57.62,0,42.38,12051,5564230,59.84,1466,5185215,55.76,0,0,0,0,0,0
2021-06-25,57.62,0,42.38,7117,5571347,59.91,945,5186160,55.77,0,0,0,0,0,0
2021-06-26,57.63,0,42.37,2278,5573625,59.94,200,5186360,55.77,0,0,0,0,0,0
2021-06-27,57.65,0,42.35,13633,5587258,60.08,3438,5189798,55.81,0,0,0,0,0,0
2021-06-28,57.68,0,42.32,14518,5601776,60.24,3675,5193473,55.85,0,0,0,0,0,0
2021-06-29,57.69,0,42.31,16711,5618487,60.42,3745,5197218,55.89,0,0,0,0,0,0
2021-06-30,57.72,0,42.28,16487,5634974,60.6,3397,5200615,55.92,0,0,0,0,0,0
2021-07-01,57.78,0,42.22,16838,5651812,60.78,3381,5203996,55.96,121,121,0,0,0,0
2021-07-02,57.79,0,42.21,9836,5661648,60.88,1609,5205605,55.98,7,128,0,0,0,0
2021-07-03,57.79,0,42.21,2678,5664326,60.91,300,5205905,55.98,1,129,0,0,0,0
2021-07-04,57.85,0,42.15,17735,5682061,61.1,3161,5209066,56.02,2,131,0,0,0,0
2021-07-05,57.91,0,42.09,17850,5699911,61.29,3046,5212112,56.05,7,138,0,0,0,0
2021-07-06,57.99,0,42.01,17849,5717760,61.49,3412,5215524,56.09,11,149,0,0,0,0
2021-07-07,58.05,0,41.95,15533,5733293,61.65,2704,5218228,56.11,12,161,0,0,0,0
2021-07-08,58.12,0,41.88,16590,5749883,61.83,2881,5221109,56.15,17,178,0,0,0,0
2021-07-09,58.15,0,41.85,11125,5761008,61.95,1535,5222644,56.16,4,182,0,0,0,0
2021-07-10,58.15,0,41.85,4989,5765997,62,391,5223035,56.17,6,188,0,0,0,0
2021-07-11,58.22,0,41.78,1457,5767454,62.02,2848,5225883,56.2,9,197,0,0,0,0
2021-07-12,58.29,0,41.71,2427,5769881,62.05,3697,5229580,56.24,58,255,0,0,0,0
2021-07-13,58.36,0,41.64,2965,5772846,62.08,5460,5235040,56.29,124,379,0,0,0,0
2021-07-14,58.42,0,41.58,2747,5775593,62.11,7536,5242576,56.38,441,820,0.01,0,0,0
2021-07-15,58.5,0,41.5,3010,5778603,62.14,9302,5251878,56.48,374,1194,0.01,0,0,0
2021-07-16,58.54,0,41.46,1296,5779899,62.15,5898,5257776,56.54,66,1260,0.01,0,0,0
2021-07-17,58.55,0,41.44,372,5780271,62.16,1393,5259169,56.55,8,1268,0.01,0,0,0
2021-07-18,58.6,0,41.4,2074,5782345,62.18,9770,5268939,56.66,235,1503,0.02,0,0,0
2021-07-19,58.65,0,41.35,3212,5785557,62.21,11346,5280285,56.78,461,1964,0.02,0,0,0
2021-07-20,58.72,0,41.28,2691,5788248,62.24,11914,5292199,56.91,374,2338,0.03,0,0,0
2021-07-21,58.81,0,41.19,2408,5790656,62.27,11880,5304079,57.04,325,2663,0.03,0,0,0
2021-07-22,58.93,0,41.07,2878,5793534,62.3,13281,5317360,57.18,391,3054,0.03,0,0,0
2021-07-23,58.99,0,41.01,2038,5795572,62.32,8250,5325610,57.27,106,3160,0.03,0,0,0
2021-07-24,58.99,0,41,645,5796217,62.33,1486,5327096,57.28,7,3167,0.03,0,0,0
2021-07-25,59.1,0,40.89,4417,5800634,62.38,15499,5342595,57.45,223,3390,0.04,0,0,0
2021-07-26,59.24,0,40.75,5174,5805808,62.43,13533,5356128,57.6,325,3715,0.04,0,0,0
2021-07-27,59.37,0.01,40.62,5493,5811301,62.49,13579,5369707,57.74,414,4129,0.04,0,0,0
2021-07-28,59.5,0.01,40.49,3990,5815291,62.53,12345,5382052,57.88,472,4601,0.05,0,0,0
2021-07-29,59.65,0.01,40.33,4665,5819956,62.58,14203,5396255,58.03,532,5133,0.06,0,0,0
2021-07-30,59.74,0.02,40.25,2658,5822614,62.61,10856,5407111,58.15,4122,9255,0.1,0,0,0
2021-07-31,59.75,0.02,40.23,1407,5824021,62.63,3554,5410665,58.18,6159,15414,0.17,0,0,0
2021-08-01,59.91,0.02,40.06,3078,5827099,62.66,3366,5414031,58.22,31048,46462,0.5,0,0,0
2021-08-02,60.06,0.03,39.91,3134,5830233,62.7,3176,5417207,58.25,58514,104976,1.13,0,0,0
2021-08-03,60.21,0.03,39.76,3387,5833620,62.73,3330,5420537,58.29,78954,183930,1.98,0,0,0
2021-08-04,60.34,0.03,39.63,3534,5837154,62.77,3255,5423792,58.32,80766,264696,2.85,0,0,0
2021-08-05,60.49,0.04,39.47,4515,5841669,62.82,3570,5427362,58.36,88442,353138,3.8,0,0,0
2021-08-06,60.6,0.04,39.36,2437,5844106,62.84,1863,5429225,58.38,44744,397882,4.28,0,0,0
2021-08-07,60.63,0.04,39.32,1034,5845140,62.86,701,5429926,58.39,27353,425235,4.57,0,0,0
2021-08-08,60.68,0.04,39.28,4991,5850131,62.91,3082,5433008,58.42,80087,505322,5.43,0,0,0
2021-08-09,60.72,0.04,39.24,5341,5855472,62.97,3064,5436072,58.46,76489,581811,6.26,0,0,0
2021-08-10,60.75,0.04,39.2,5554,5861026,63.03,3209,5439281,58.49,75427,657238,7.07,0,0,0
2021-08-11,60.79,0.04,39.17,5696,5866722,63.09,2949,5442230,58.52,62642,719880,7.74,0,0,0
2021-08-12,60.83,0.04,39.12,7039,5873761,63.16,3291,5445521,58.56,59462,779342,8.38,0,0,0
2021-08-13,60.84,0.05,39.11,3821,5877582,63.2,2074,5447595,58.58,43870,823212,8.85,0,0,0
2021-08-14,60.85,0.05,39.1,2255,5879837,63.23,853,5448448,58.59,44486,867698,9.33,0,0,0
2021-08-15,60.89,0.05,39.06,7145,5886982,63.31,4531,5452979,58.64,97985,965683,10.38,0,0,0
2021-08-16,60.92,0.04,39.03,6991,5893973,63.38,4750,5457729,58.69,89522,1055205,11.35,0,0,0
2021-08-17,60.96,0.04,39,7573,5901546,63.46,5138,5462867,58.75,83320,1138525,12.24,0,0,0
2021-08-18,60.99,0.04,38.96,8642,5910188,63.56,4603,5467470,58.79,69269,1207794,12.99,0,0,0
2021-08-19,61.03,0.04,38.92,10082,5920270,63.66,5217,5472687,58.85,65976,1273770,13.7,0,0,0
2021-08-20,61.05,0.05,38.9,4768,5925038,63.71,2827,5475514,58.88,60454,1334224,14.35,0,0,0
2021-08-21,61.06,0.05,38.89,3499,5928537,63.75,1580,5477094,58.9,50725,1384949,14.89,0,0,0
2021-08-22,61.12,0.04,38.84,9824,5938361,63.86,4808,5481902,58.95,105111,1490060,16.02,0,0,0
2021-08-23,61.17,0.04,38.79,10923,5949284,63.98,4448,5486350,59,94035,1584095,17.03,0,0,0
2021-08-24,61.23,0.04,38.73,11723,5961007,64.1,4701,5491051,59.05,98559,1682654,18.09,0,0,0
2021-08-25,61.29,0.04,38.67,9612,5970619,64.21,4484,5495535,59.1,99559,1782213,19.16,0,0,0
2021-08-26,61.36,0.03,38.61,10110,5980729,64.31,5059,5500594,59.15,101230,1883443,20.25,0,0,0
2021-08-27,61.35,0.04,38.61,4325,5985054,64.36,2788,5503382,59.18,56696,1940139,20.86,0,0,0
2021-08-28,61.4,0.04,38.57,3704,5988758,64.4,1500,5504882,59.2,33540,1973679,21.22,0,0,0
2021-08-29,61.46,0.03,38.5,10323,5999081,64.51,5932,5510814,59.26,79550,2053229,22.08,0,0,0
2021-08-30,61.53,0.03,38.44,12334,6011415,64.64,7017,5517831,59.34,116009,2169238,23.33,0,0,0
2021-08-31,61.6,0.03,38.37,12076,6023491,64.77,6529,5524360,59.41,114881,2284119,24.56,0,0,0
2021-09-01,61.43,0.03,38.54,9034,6032525,64.87,6043,5530403,59.47,112492,2396611,25.77,0,0,0
2021-09-02,61.49,0.03,38.48,8783,6041308,64.97,7183,5537586,59.55,111546,2508157,26.97,0,0,0
2021-09-03,61.56,0.03,38.42,3751,6045059,65.01,4118,5541704,59.59,58886,2567043,27.6,0,0,0
2021-09-04,61.59,0.03,38.38,2692,6047751,65.03,2023,5543727,59.61,29953,2596996,27.93,0,0,0
2021-09-05,61.68,0.03,38.29,6991,6054742,65.11,6460,5550187,59.68,73326,2670322,28.72,0,0,0
2021-09-06,61.77,0.03,38.2,2836,6057578,65.14,2718,5552905,59.71,22800,2693122,28.96,0,0,0
2021-09-07,61.85,0.03,38.12,1202,6058780,65.15,879,5553784,59.72,5398,2698520,29.02,0,0,0
2021-09-08,61.93,0.03,38.05,1380,6060160,65.17,1196,5554980,59.74,6621,2705141,29.09,0,0,0
2021-09-09,62.02,0.03,37.95,7092,6067252,65.24,12573,5567553,59.87,73847,2778988,29.88,0,0,0
2021-09-10,62.06,0.03,37.91,3258,6070510,65.28,5016,5572569,59.92,37938,2816926,30.29,0,0,0
2021-09-11,62.08,0.03,37.89,2108,6072618,65.3,2509,5575078,59.95,14817,2831743,30.45,0,0,0
2021-09-12,62.16,0.03,37.81,6105,6078723,65.37,8589,5583667,60.04,54137,2885880,31.03,0,0,0
2021-09-13,62.15,0.03,37.82,5611,6084334,65.43,8265,5591932,60.13,47983,2933863,31.55,0,0,0
2021-09-14,62.2,0.03,37.77,4964,6089298,65.48,7424,5599356,60.21,48855,2982718,32.07,0,0,0
2021-09-15,62.25,0.03,37.72,1750,6091048,65.5,2718,5602074,60.24,16687,2999405,32.25,0,0,0
2021-09-16,62.37,0.03,37.6,343,6091391,65.5,550,5602624,60.25,1740,3001145,32.27,0,0,0
2021-09-17,62.42,0.03,37.54,3683,6095074,65.54,7022,5609646,60.32,42905,3044050,32.73,0,0,0
2021-09-18,62.45,0.03,37.52,2258,6097332,65.57,2946,5612592,60.36,12783,3056833,32.87,0,0,0
2021-09-19,62.55,0.03,37.42,5943,6103275,65.63,10712,5623304,60.47,44331,3101164,33.35,0,0,0
2021-09-20,62.63,0.03,37.34,3246,6106521,65.67,4646,5627950,60.52,16708,3117872,33.53,0,0,0
2021-09-21,62.69,0.03,37.28,1340,6107861,65.68,2066,5630016,60.54,3477,3121349,33.57,0,0,0
2021-09-22,62.72,0.03,37.25,4260,6112121,65.73,7250,5637266,60.62,25072,3146421,33.84,0,0,0
2021-09-23,62.75,0.03,37.22,4391,6116512,65.77,5916,5643182,60.68,27834,3174255,34.13,0,0,0
2021-09-24,62.82,0.03,37.15,3202,6119714,65.81,4185,5647367,60.73,27724,3201979,34.43,0,0,0
2021-09-25,62.85,0.03,37.12,2080,6121794,65.83,2264,5649631,60.75,10443,3212422,34.54,0,0,0
2021-09-26,62.96,0.03,37,5605,6127399,65.89,5973,5655604,60.82,36270,3248692,34.93,0,0,0
2021-09-27,63.02,0.03,36.94,4696,6132095,65.94,4469,5660073,60.87,30457,3279149,35.26,0,0,0
2021-09-28,63.06,0.04,36.91,1473,6133568,65.96,1187,5661260,60.88,6249,3285398,35.33,0,0,0
2021-09-29,63.13,0.03,36.84,9622,6143190,66.06,8349,5669609,60.97,60325,3345723,35.98,0,0,0
2021-09-30,63.18,0.03,36.79,10976,6154166,66.18,8579,5678188,61.06,79704,3425427,36.84,0,0,0
2021-10-01,63.23,0.03,36.73,5128,6159294,66.23,3875,5682063,61.1,46546,3471973,37.34,0,0,0
2021-10-02,63.26,0.03,36.71,2865,6162159,66.26,2127,5684190,61.12,22433,3494406,37.58,0,0,0
2021-10-03,63.35,0.03,36.62,11668,6173827,66.39,7275,5691465,61.2,70726,3565132,38.34,0,0,0
2021-10-04,63.4,0.03,36.57,10321,6184148,66.5,6759,5698224,61.28,51912,3617044,38.9,0,0,0
2021-10-05,63.41,0.03,36.55,8461,6192609,66.59,5314,5703538,61.33,40479,3657523,39.33,0,0,0
2021-10-06,63.52,0.03,36.45,7543,6200152,66.67,4185,5707723,61.38,34150,3691673,39.7,0,0,0
2021-10-07,63.63,0.03,36.34,6896,6207048,66.75,4010,5711733,61.42,34069,3725742,40.06,0,0,0
2021-10-08,63.68,0.03,36.29,3086,6210134,66.78,2644,5714377,61.45,19250,3744992,40.27,0,0,0
2021-10-09,63.71,0.03,36.26,1341,6211475,66.8,1444,5715821,61.47,7441,3752433,40.35,0,0,0
2021-10-10,63.82,0.04,36.14,4677,6216152,66.85,3748,5719569,61.51,21519,3773952,40.58,0,0,0
2021-10-11,63.91,0.04,36.05,4299,6220451,66.89,2946,5722515,61.54,17270,3791222,40.77,0,0,0
2021-10-12,63.99,0.05,35.96,3977,6224428,66.93,3007,5725522,61.57,15357,3806579,40.93,0,0,0
2021-10-13,64.09,0.05,35.86,3487,6227915,66.97,2451,5727973,61.6,13587,3820166,41.08,0,0,0
2021-10-14,64.19,0.06,35.75,3870,6231785,67.01,2685,5730658,61.62,16568,3836734,41.26,0,0,0
2021-10-15,64.23,0.07,35.7,1704,6233489,67.03,1685,5732343,61.64,9011,3845745,41.36,0,0,0
2021-10-16,64.25,0.08,35.67,729,6234218,67.04,957,5733300,61.65,4035,3849780,41.4,0,0,0
2021-10-17,64.36,0.09,35.56,3090,6237308,67.07,2526,5735826,61.68,12798,3862578,41.54,0,0,0
2021-10-18,64.43,0.1,35.47,2459,6239767,67.1,1694,5737520,61.7,10069,3872647,41.64,0,0,0
2021-10-19,64.49,0.1,35.4,2399,6242166,67.13,1284,5738804,61.71,9295,3881942,41.74,0,0,0
2021-10-20,64.14,0.52,35.34,2437,6244603,67.15,2304,5741108,61.74,10103,3892045,41.85,0,0,0
2021-10-21,54.23,10.41,35.36,3034,6247637,67.18,3097,5744205,61.77,12163,3904208,41.98,0,0,0
2021-10-22,54.36,10.26,35.38,1279,6248916,67.2,1437,5745642,61.79,5842,3910050,42.05,0,0,0
2021-10-23,54.42,10.19,35.39,575,6249491,67.2,1266,5746908,61.8,2564,3912614,42.07,0,0,0
2021-10-24,54.22,10.43,35.35,2518,6252009,67.23,2653,5749561,61.83,9855,3922469,42.18,0,0,0
2021-10-25,54.59,10.22,35.19,2640,6254649,67.26,2752,5752313,61.86,8511,3930980,42.27,0,0,0
2021-10-26,54.64,10.26,35.1,2381,6257030,67.28,2059,5754372,61.88,8529,3939509,42.36,0,0,0
2021-10-27,54.58,10.37,35.06,2292,6259322,67.31,2566,5756938,61.91,7959,3947468,42.45,0,0,0
2021-10-28,54.69,10.76,34.55,2506,6261828,67.34,2782,5759720,61.94,8675,3956143,42.54,0,0,0
2021-10-29,54.73,10.75,34.52,901,6262729,67.35,1154,5760874,61.95,4138,3960281,42.59,0,0,0
2021-10-30,54.68,10.81,34.52,366,6263095,67.35,530,5761404,61.96,1712,3961993,42.61,0,0,0
2021-10-31,54.83,10.7,34.47,2262,6265357,67.37,2495,5763899,61.98,8255,3970248,42.69,0,0,0
2021-11-01,54.95,10.63,34.42,1737,6267094,67.39,2094,5765993,62,6480,3976728,42.76,0,0,0
2021-11-02,54.89,10.69,34.42,2026,6269120,67.42,2050,5768043,62.03,6296,3983024,42.83,0,0,0
2021-11-03,54.86,10.75,34.39,1764,6270884,67.43,1897,5769940,62.05,5556,3988580,42.89,0,0,0
2021-11-04,54.85,10.81,34.33,2111,6272995,67.46,2802,5772742,62.08,7133,3995713,42.97,0,0,0
2021-11-05,54.85,10.83,34.32,790,6273785,67.47,907,5773649,62.09,3488,3999201,43.01,0,0,0
2021-11-06,54.82,10.86,34.32,347,6274132,67.47,389,5774038,62.09,1375,4000576,43.02,0,0,0
2021-11-07,54.92,10.8,34.28,1578,6275710,67.49,1770,5775808,62.11,6134,4006710,43.09,0,0,0
2021-11-08,55.01,10.75,34.24,1520,6277230,67.5,1603,5777411,62.13,5406,4012116,43.14,0,0,0
2021-11-09,55.05,10.74,34.21,1429,6278659,67.52,1611,5779022,62.14,5332,4017448,43.2,0,0,0
2021-11-10,55.08,10.73,34.19,1424,6280083,67.53,1662,5780684,62.16,4779,4022227,43.25,0,0,0
2021-11-11,55.15,10.69,34.15,1628,6281711,67.55,1947,5782631,62.18,5719,4027946,43.31,0,0,0
2021-11-12,55.17,10.69,34.14,637,6282348,67.56,826,5783457,62.19,2925,4030871,43.35,0,0,0
2021-11-13,55.14,10.72,34.14,259,6282607,67.56,291,5783748,62.2,1130,4032001,43.36,0,0,0
2021-11-14,55.21,10.68,34.11,1536,6284143,67.58,1639,5785387,62.21,5111,4037112,43.41,0,0,0
2021-11-15,55.28,10.63,34.09,1275,6285418,67.59,1628,5787015,62.23,4770,4041882,43.46,0,0,0
2021-11-16,55.32,10.62,34.07,1275,6286693,67.6,1419,5788434,62.25,4349,4046231,43.51,0,0,0
2021-11-17,55.35,10.6,34.05,1208,6287901,67.62,1567,5790001,62.26,3915,4050146,43.55,0,0,0
2021-11-18,55.41,10.58,34.02,1364,6289265,67.63,1693,5791694,62.28,5012,4055158,43.61,0,0,0
2021-11-19,55.42,10.57,34.01,588,6289853,67.64,763,5792457,62.29,2460,4057618,43.63,0,0,0
2021-11-20,55.41,10.58,34,238,6290091,67.64,258,5792715,62.29,929,4058547,43.64,0,0,0
2021-11-21,55.47,10.54,33.98,1409,6291500,67.66,1542,5794257,62.31,4881,4063428,43.7,0,0,0
2021-11-22,55.54,10.5,33.96,1681,6293181,67.67,1523,5795780,62.32,4238,4067666,43.74,0,0,0
2021-11-23,55.57,10.48,33.95,8616,6301797,67.77,1688,5797468,62.34,4012,4071678,43.78,0,0,0
2021-11-24,55.6,10.44,33.95,9348,6311145,67.87,1319,5798787,62.36,3924,4075602,43.83,0,0,0
2021-11-25,55.64,10.43,33.93,9808,6320953,67.97,1600,5800387,62.37,4841,4080443,43.88,0,0,0
2021-11-26,55.63,10.45,33.92,5610,6326563,68.03,748,5801135,62.38,2806,4083249,43.91,0,0,0
2021-11-27,55.62,10.46,33.92,4776,6331339,68.08,324,5801459,62.39,1164,4084413,43.92,0,0,0
2021-11-28,55.67,10.43,33.9,10145,6341484,68.19,1481,5802940,62.4,4905,4089318,43.97,0,0,0
2021-11-29,55.73,10.39,33.88,9043,6350527,68.29,1134,5804074,62.41,4376,4093694,44.02,0,0,0
2021-11-30,55.77,10.37,33.86,10043,6360570,68.4,1038,5805112,62.43,4085,4097779,44.07,0,0,0
2021-12-01,55.79,10.36,33.84,8630,6369200,68.49,1097,5806209,62.44,4445,4102224,44.11,5,5,0
2021-12-02,55.84,10.34,33.82,9173,6378373,68.59,1456,5807665,62.45,5126,4107350,44.17,6,11,0
2021-12-03,55.86,10.33,33.81,6329,6384702,68.66,673,5808338,62.46,2868,4110218,44.2,1,12,0
2021-12-04,55.85,10.34,33.81,2509,6387211,68.68,239,5808577,62.46,926,4111144,44.21,3,15,0
2021-12-05,55.9,10.31,33.79,8334,6395545,68.77,1254,5809831,62.48,4683,4115827,44.26,1,16,0
2021-12-06,55.95,10.27,33.78,6720,6402265,68.85,1200,5811031,62.49,4351,4120178,44.31,4,20,0
2021-12-07,55.99,10.25,33.76,5553,6407818,68.91,1506,5812537,62.51,3966,4124144,44.35,9,29,0
2021-12-08,56.03,10.22,33.75,4934,6412752,68.96,1201,5813738,62.52,3885,4128029,44.39,10,39,0
2021-12-09,56.08,10.19,33.73,6239,6418991,69.03,1241,5814979,62.53,4508,4132537,44.44,8,47,0
2021-12-10,56.1,10.18,33.72,3006,6421997,69.06,704,5815683,62.54,2687,4135224,44.47,4,51,0
2021-12-11,56.1,10.18,33.71,1491,6423488,69.08,255,5815938,62.54,1021,4136245,44.48,0,51,0
2021-12-12,56.16,10.15,33.69,7273,6430761,69.15,1444,5817382,62.56,5249,4141494,44.54,3,54,0
2021-12-13,56.21,10.11,33.67,6180,6436941,69.22,1377,5818759,62.57,4351,4145845,44.58,5,59,0
2021-12-14,56.27,10.09,33.65,7316,6444257,69.3,6098,5824857,62.64,4941,4150786,44.64,12,71,0
2021-12-15,56.34,10.06,33.6,7204,6451461,69.38,7404,5832261,62.72,5446,4156232,44.69,7,78,0
2021-12-16,56.53,10.05,33.42,8079,6459540,69.46,8609,5840870,62.81,6563,4162795,44.76,8,86,0
2021-12-17,56.64,10.05,33.3,4406,6463946,69.51,5141,5846011,62.87,3954,4166749,44.81,3,89,0
2021-12-18,56.73,10.07,33.2,3941,6467887,69.55,2913,5848924,62.9,1361,4168110,44.82,2,91,0
2021-12-19,56.92,10.04,33.04,6978,6474865,69.63,9328,5858252,63,6276,4174386,44.89,6,97,0
2021-12-20,57.07,10.02,32.91,7972,6482837,69.71,7519,5865771,63.08,5447,4179833,44.95,9,106,0
2021-12-21,57.27,10.01,32.71,9548,6492385,69.82,8647,5874418,63.17,6492,4186325,45.02,8,114,0
2021-12-22,57.49,10,32.52,9663,6502048,69.92,8151,5882569,63.26,6255,4192580,45.08,12,126,0
2021-12-23,57.7,9.97,32.33,11539,6513587,70.04,10261,5892830,63.37,8160,4200740,45.17,16,142,0
2021-12-24,57.83,9.96,32.21,5875,6519462,70.11,6241,5899071,63.44,5281,4206021,45.23,12,154,0
2021-12-25,57.9,9.96,32.15,3338,6522800,70.14,2566,5901637,63.46,2021,4208042,45.25,6,160,0
2021-12-26,58.1,9.92,31.98,10652,6533452,70.26,8908,5910545,63.56,8201,4216243,45.34,8,168,0
2021-12-27,58.27,9.9,31.83,10370,6543822,70.37,7142,5917687,63.64,8188,4224431,45.43,23,191,0
2021-12-28,58.46,9.88,31.66,11375,6555197,70.49,7451,5925138,63.72,9643,4234074,45.53,28,219,0
2021-12-29,58.64,9.85,31.51,9933,6565130,70.6,5964,5931102,63.78,8376,4242450,45.62,21,240,0
2021-12-30,58.84,9.82,31.34,11012,6576142,70.72,7735,5938837,63.86,12240,4254690,45.75,10,250,0
2021-12-31,58.9,9.79,31.3,4829,6580971,70.77,3672,5942509,63.9,7296,4261986,45.83,135,385,0
2022-01-01,58.93,9.79,31.28,1993,6582964,70.79,1592,5944101,63.92,2741,4264727,45.86,66,451,0
2022-01-02,59.14,9.76,31.1,10216,6593180,70.9,6487,5950588,63.99,13002,4277729,46,590,1041,0.01
2022-01-03,59.29,9.71,31,9384,6602564,71,5259,5955847,64.05,11342,4289071,46.12,25055,26096,0.28
2022-01-04,59.46,9.68,30.86,8964,6611528,71.1,5948,5961795,64.11,10525,4299596,46.24,50660,76756,0.83
2022-01-05,59.56,9.65,30.79,8552,6620080,71.19,5739,5967534,64.17,10494,4310090,46.35,59592,136348,1.47
2022-01-06,59.81,9.63,30.56,10339,6630419,71.3,7958,5975492,64.26,13531,4323621,46.49,64003,200351,2.15
2022-01-07,59.89,9.61,30.49,4759,6635178,71.35,4557,5980049,64.31,8166,4331787,46.58,31135,231486,2.49
2022-01-08,59.9,9.64,30.46,2749,6637927,71.38,2451,5982500,64.33,5502,4337289,46.64,27633,259119,2.79
2022-01-09,60.06,9.59,30.35,9305,6647232,71.48,7724,5990224,64.42,11871,4349160,46.77,66767,325886,3.5
2022-01-10,60.21,9.54,30.25,8347,6655579,71.57,7646,5997870,64.5,11884,4361044,46.9,64782,390668,4.2
2022-01-11,60.38,9.49,30.13,8098,6663677,71.66,8622,6006492,64.59,11974,4373018,47.03,56660,447328,4.81
2022-01-12,60.51,9.45,30.04,7275,6670952,71.74,8305,6014797,64.68,11114,4384132,47.14,44633,491961,5.29
2022-01-13,60.7,9.35,29.94,7509,6678461,71.82,9618,6024415,64.78,11547,4395679,47.27,34768,526729,5.66
2022-01-14,60.79,9.31,29.9,2555,6681016,71.84,4935,6029350,64.84,6146,4401825,47.34,11144,537873,5.78
2022-01-15,60.83,9.29,29.87,1469,6682485,71.86,3170,6032520,64.87,3884,4405709,47.38,5716,543589,5.85
2022-01-16,60.97,9.2,29.82,3817,6686302,71.9,8524,6041044,64.96,7682,4413391,47.46,19993,563582,6.06
2022-01-17,61.09,9.13,29.78,2808,6689110,71.93,7047,6048091,65.04,6173,4419564,47.53,17835,581417,6.25
2022-01-18,61.23,9.07,29.7,2475,6691585,71.96,7386,6055477,65.12,5535,4425099,47.59,14818,596235,6.41
2022-01-19,61.37,8.98,29.65,1915,6693500,71.98,6368,6061845,65.19,4522,4429621,47.63,8462,604697,6.5
2022-01-20,61.44,8.85,29.71,1777,6695277,72,6971,6068816,65.26,4793,4434414,47.69,8041,612738,6.59
2022-01-21,61.51,8.81,29.68,905,6696182,72.01,3725,6072541,65.3,2646,4437060,47.71,3358,616096,6.63
2022-01-22,61.51,8.75,29.74,328,6696510,72.01,1462,6074003,65.32,1067,4438127,47.73,1113,617209,6.64
2022-01-23,61.61,8.7,29.69,1068,6697578,72.02,5632,6079635,65.38,2879,4441006,47.76,6083,623292,6.7
2022-01-24,61.73,8.62,29.65,759,6698337,72.03,4481,6084116,65.43,2270,4443276,47.78,5057,628349,6.76
2022-01-25,61.9,8.51,29.59,744,6699081,72.04,4401,6088517,65.47,2187,4445463,47.8,7102,635451,6.83
2022-01-26,62.02,8.42,29.57,615,6699696,72.05,3286,6091803,65.51,1612,4447075,47.82,4262,639713,6.88
2022-01-27,62.12,8.35,29.52,797,6700493,72.05,4405,6096208,65.56,2006,4449081,47.84,5441,645154,6.94
2022-01-28,62.16,8.33,29.5,397,6700890,72.06,2376,6098584,65.58,1182,4450263,47.86,3452,648606,6.97
2022-01-29,62.23,8.29,29.48,124,6701014,72.06,1046,6099630,65.59,425,4450688,47.86,1162,649768,6.99
2022-01-30,62.3,8.24,29.46,769,6701783,72.07,4719,6104349,65.64,2020,4452708,47.88,8099,657867,7.07
2022-01-31,62.39,8.17,29.43,528,6702311,72.07,3183,6107532,65.68,1610,4454318,47.9,6472,664339,7.14
2022-02-01,62.45,8.15,29.4,482,6702793,72.08,2809,6110341,65.71,1526,4455844,47.92,5722,670061,7.21
2022-02-02,62.28,8.13,29.59,375,6703168,72.08,2394,6112735,65.73,1386,4457230,47.93,5073,675134,7.26
2022-02-03,62.34,8.08,29.57,446,6703614,72.09,2776,6115511,65.76,1462,4458692,47.95,5607,680741,7.32
2022-02-04,62.37,8.06,29.57,174,6703788,72.09,991,6116502,65.77,758,4459450,47.95,2455,683196,7.35
2022-02-05,62.34,8.09,29.56,62,6703850,72.09,342,6116844,65.78,221,4459671,47.96,420,683616,7.35
2022-02-06,62.41,8.05,29.55,407,6704257,72.09,2321,6119165,65.8,1344,4461015,47.97,5687,689303,7.41
2022-02-07,62.47,8.01,29.52,283,6704540,72.1,1308,6120473,65.82,984,4461999,47.98,5960,695263,7.48
2022-02-08,62.54,7.97,29.49,317,6704857,72.1,1498,6121971,65.83,1068,4463067,47.99,6138,701401,7.54
2022-02-09,62.6,7.95,29.45,254,6705111,72.1,1102,6123073,65.84,946,4464013,48,4570,705971,7.59
2022-02-10,62.63,7.93,29.44,273,6705384,72.11,1292,6124365,65.86,936,4464949,48.01,4815,710786,7.64
2022-02-11,62.67,7.91,29.42,211,6705595,72.11,557,6124922,65.86,518,4465467,48.02,2540,713326,7.67
2022-02-12,62.67,7.91,29.41,32,6705627,72.11,91,6125013,65.87,136,4465603,48.02,269,713595,7.67
2022-02-13,62.73,7.87,29.39,286,6705913,72.11,946,6125959,65.88,966,4466569,48.03,4998,718593,7.73
2022-02-14,62.89,7.74,29.36,179,6706092,72.11,628,6126587,65.88,760,4467329,48.04,3143,721736,7.76
2022-02-15,62.92,7.73,29.35,266,6706358,72.12,763,6127350,65.89,938,4468267,48.05,3819,725555,7.8
2022-02-16,62.95,7.72,29.34,179,6706537,72.12,577,6127927,65.9,803,4469070,48.06,2488,728043,7.83
2022-02-17,62.96,7.7,29.34,247,6706784,72.12,740,6128667,65.9,775,4469845,48.07,3061,731104,7.86
2022-02-18,62.98,7.69,29.33,130,6706914,72.12,343,6129010,65.91,439,4470284,48.07,1119,732223,7.87
2022-02-19,62.99,7.69,29.32,33,6706947,72.12,84,6129094,65.91,82,4470366,48.07,80,732303,7.87
2022-02-20,63.01,7.67,29.32,204,6707151,72.13,604,6129698,65.92,723,4471089,48.08,2574,734877,7.9
2022-02-21,63.04,7.65,29.31,173,6707324,72.13,413,6130111,65.92,490,4471579,48.09,1542,736419,7.92
2022-02-22,63.05,7.65,29.3,158,6707482,72.13,455,6130566,65.93,570,4472149,48.09,1871,738290,7.94
2022-02-23,63.06,7.65,29.29,109,6707591,72.13,353,6130919,65.93,453,4472602,48.1,1153,739443,7.95
2022-02-24,63.05,7.66,29.29,138,6707729,72.13,463,6131382,65.93,568,4473170,48.1,1493,740936,7.97
2022-02-25,63.06,7.66,29.28,59,6707788,72.13,144,6131526,65.94,193,4473363,48.1,456,741392,7.97
2022-02-26,63.05,7.67,29.28,17,6707805,72.13,28,6131554,65.94,161,4473524,48.11,35,741427,7.97
2022-02-27,63.05,7.67,29.28,112,6707917,72.13,341,6131895,65.94,448,4473972,48.11,1119,742546,7.99
2022-02-28,63.07,7.65,29.28,108,6708025,72.13,271,6132166,65.94,424,4474396,48.12,908,743454,7.99
2022-03-01,63.1,7.63,29.27,97,6708122,72.14,280,6132446,65.95,373,4474769,48.12,797,744251,8
2022-03-02,63.11,7.62,29.27,77,6708199,72.14,199,6132645,65.95,324,4475093,48.12,698,744949,8.01
2022-03-03,63.05,7.67,29.27,157,6708356,72.14,371,6133016,65.95,498,4475591,48.13,987,745936,8.02
2022-03-04,63.05,7.68,29.27,53,6708409,72.14,170,6133186,65.95,170,4475761,48.13,228,746164,8.02
2022-03-05,63.04,7.69,29.27,5,6708414,72.14,25,6133211,65.95,44,4475805,48.13,32,746196,8.02
2022-03-06,63.04,7.69,29.27,98,6708512,72.14,259,6133470,65.96,417,4476222,48.14,760,746956,8.03
2022-03-07,63.05,7.69,29.26,86,6708598,72.14,260,6133730,65.96,354,4476576,48.14,605,747561,8.04
2022-03-08,63.04,7.7,29.26,100,6708698,72.14,263,6133993,65.96,333,4476909,48.14,550,748111,8.04
2022-03-09,63.02,7.72,29.25,89,6708787,72.14,213,6134206,65.96,337,4477246,48.15,492,748603,8.05
2022-03-10,63.01,7.74,29.25,115,6708902,72.14,375,6134581,65.97,428,4477674,48.15,620,749223,8.06
2022-03-11,63,7.75,29.25,24,6708926,72.14,85,6134666,65.97,123,4477797,48.15,144,749367,8.06
2022-03-12,62.98,7.77,29.24,11,6708937,72.14,12,6134678,65.97,34,4477831,48.15,28,749395,8.06
2022-03-13,62.98,7.78,29.24,100,6709037,72.15,271,6134949,65.97,359,4478190,48.16,595,749990,8.07
2022-03-14,62.98,7.78,29.24,66,6709103,72.15,253,6135202,65.97,316,4478506,48.16,559,750549,8.07
2022-03-15,62.95,7.81,29.24,80,6709183,72.15,185,6135387,65.98,293,4478799,48.16,591,751140,8.08
2022-03-16,62.94,7.82,29.24,77,6709260,72.15,205,6135592,65.98,305,4479104,48.17,668,751808,8.08
2022-03-17,62.94,7.82,29.24,65,6709325,72.15,122,6135714,65.98,286,4479390,48.17,613,752421,8.09
2022-03-18,62.94,7.82,29.24,20,6709345,72.15,54,6135768,65.98,100,4479490,48.17,234,752655,8.09
2022-03-19,62.89,7.88,29.23,6,6709351,72.15,11,6135779,65.98,29,4479519,48.17,39,752694,8.09
2022-03-20,62.87,7.89,29.23,119,6709470,72.15,260,6136039,65.98,486,4480005,48.18,1431,754125,8.11
2022-03-21,62.87,7.9,29.23,97,6709567,72.15,247,6136286,65.99,379,4480384,48.18,1132,755257,8.12
2022-03-22,62.84,7.94,29.23,141,6709708,72.15,342,6136628,65.99,508,4480892,48.19,1770,757027,8.14
2022-03-23,62.81,7.97,29.22,108,6709816,72.15,212,6136840,65.99,464,4481356,48.19,1677,758704,8.16
2022-03-24,62.78,8,29.22,175,6709991,72.16,345,6137185,66,769,4482125,48.2,2363,761067,8.18
2022-03-25,62.78,8,29.23,39,6710030,72.16,82,6137267,66,159,4482284,48.2,630,761697,8.19
2022-03-26,62.77,8,29.22,12,6710042,72.16,13,6137280,66,34,4482318,48.2,91,761788,8.19
2022-03-27,62.75,8.02,29.22,167,6710209,72.16,344,6137624,66,760,4483078,48.21,3193,764981,8.23
2022-03-28,62.75,8.03,29.22,113,6710322,72.16,271,6137895,66,623,4483701,48.22,2416,767397,8.25
2022-03-29,62.7,8.07,29.22,125,6710447,72.16,258,6138153,66.01,641,4484342,48.22,2772,770169,8.28
2022-03-30,62.81,8.11,29.07,132,6710579,72.16,208,6138361,66.01,542,4484884,48.23,2370,772539,8.31
2022-03-31,62.79,8.11,29.1,166,6710745,72.16,302,6138663,66.01,730,4485614,48.24,2853,775392,8.34
2022-04-01,62.72,8.13,29.15,122,6710867,72.17,161,6138824,66.01,277,4485891,48.24,588,775980,8.34
2022-04-02,62.69,8.15,29.16,7,6710874,72.17,7,6138831,66.01,37,4485928,48.24,52,776032,8.35
2022-04-03,62.65,8.16,29.19,159,6711033,72.17,270,6139101,66.02,569,4486497,48.25,2478,778510,8.37
2022-04-04,62.62,8.16,29.22,103,6711136,72.17,208,6139309,66.02,484,4486981,48.25,2225,780735,8.4
2022-04-05,62.57,8.19,29.25,123,6711259,72.17,221,6139530,66.02,513,4487494,48.26,2243,782978,8.42
2022-04-06,62.55,8.2,29.25,91,6711350,72.17,157,6139687,66.02,382,4487876,48.26,2023,785001,8.44
2022-04-07,62.56,8.2,29.24,191,6711541,72.17,215,6139902,66.03,641,4488517,48.27,2556,787557,8.47
2022-04-08,62.54,8.22,29.23,30,6711571,72.17,61,6139963,66.03,154,4488671,48.27,482,788039,8.47
2022-04-09,62.52,8.25,29.23,6,6711577,72.17,17,6139980,66.03,28,4488699,48.27,47,788086,8.47
2022-04-10,62.51,8.26,29.23,103,6711680,72.17,264,6140244,66.03,429,4489128,48.27,1845,789931,8.49
2022-04-11,62.54,8.26,29.2,78,6711758,72.17,201,6140445,66.03,371,4489499,48.28,1425,791356,8.51
2022-04-12,62.58,8.29,29.12,204,6711962,72.18,168,6140613,66.03,376,4489875,48.28,1360,792716,8.52
2022-04-13,62.58,8.31,29.1,117,6712079,72.18,150,6140763,66.03,298,4490173,48.29,1218,793934,8.54
2022-04-14,62.57,8.33,29.1,85,6712164,72.18,222,6140985,66.04,321,4490494,48.29,1069,795003,8.55
2022-04-15,62.55,8.35,29.1,9,6712173,72.18,51,6141036,66.04,48,4490542,48.29,82,795085,8.55
2022-04-16,62.53,8.37,29.1,3,6712176,72.18,8,6141044,66.04,21,4490563,48.29,29,795114,8.55
2022-04-17,62.52,8.38,29.1,62,6712238,72.18,131,6141175,66.04,229,4490792,48.29,807,795921,8.56
2022-04-18,62.51,8.38,29.1,68,6712306,72.18,109,6141284,66.04,253,4491045,48.29,750,796671,8.57
2022-04-19,62.5,8.4,29.1,62,6712368,72.18,145,6141429,66.04,273,4491318,48.3,842,797513,8.58
2022-04-20,62.48,8.42,29.1,60,6712428,72.18,117,6141546,66.04,235,4491553,48.3,656,798169,8.58
2022-04-21,62.47,8.43,29.1,53,6712481,72.18,109,6141655,66.04,197,4491750,48.3,479,798648,8.59
2022-04-22,62.45,8.44,29.11,3,6712484,72.18,17,6141672,66.04,19,4491769,48.3,20,798668,8.59
2022-04-23,62.43,8.46,29.11,6,6712490,72.18,9,6141681,66.04,17,4491786,48.3,13,798681,8.59
2022-04-24,62.43,8.47,29.1,92,6712582,72.18,250,6141931,66.05,329,4492115,48.31,872,799553,8.6
2022-04-25,62.43,8.47,29.1,104,6712686,72.18,191,6142122,66.05,316,4492431,48.31,739,800292,8.61
2022-04-26,62.42,8.48,29.1,76,6712762,72.19,175,6142297,66.05,304,4492735,48.31,789,801081,8.61
2022-04-27,62.41,8.49,29.1,54,6712816,72.19,160,6142457,66.05,227,4492962,48.32,640,801721,8.62
2022-04-28,62.41,8.5,29.1,97,6712913,72.19,232,6142689,66.06,329,4493291,48.32,872,802593,8.63
2022-04-29,62.39,8.51,29.1,112,6713025,72.19,159,6142848,66.06,184,4493475,48.32,196,802789,8.63
2022-04-30,62.38,8.52,29.1,1,6713026,72.19,3,6142851,66.06,24,4493499,48.32,22,802811,8.63
2022-05-01,62.38,8.53,29.09,135,6713161,72.19,185,6143036,66.06,317,4493816,48.32,630,803441,8.64
2022-05-02,62.37,8.54,29.09,62,6713223,72.19,155,6143191,66.06,235,4494051,48.33,491,803932,8.65
2022-05-03,62.36,8.55,29.09,73,6713296,72.19,151,6143342,66.06,288,4494339,48.33,508,804440,8.65
2022-05-04,62.35,8.57,29.08,23,6713319,72.19,56,6143398,66.06,63,4494402,48.33,129,804569,8.65
2022-05-05,62.34,8.58,29.08,5,6713324,72.19,1,6143399,66.06,8,4494410,48.33,14,804583,8.65
2022-05-06,62.33,8.59,29.08,20,6713344,72.19,59,6143458,66.06,63,4494473,48.33,154,804737,8.65
2022-05-07,62.32,8.6,29.08,1,6713345,72.19,7,6143465,66.06,27,4494500,48.33,24,804761,8.65
2022-05-08,62.31,8.61,29.08,118,6713463,72.19,207,6143672,66.07,270,4494770,48.33,457,805218,8.66
2022-05-09,62.31,8.61,29.08,59,6713522,72.19,162,6143834,66.07,251,4495021,48.34,505,805723,8.66
2022-05-10,62.3,8.62,29.08,131,6713653,72.2,169,6144003,66.07,261,4495282,48.34,508,806231,8.67
2022-05-11,62.3,8.63,29.08,58,6713711,72.2,118,6144121,66.07,183,4495465,48.34,464,806695,8.67
2022-05-12,62.29,8.64,29.07,119,6713830,72.2,200,6144321,66.07,280,4495745,48.34,667,807362,8.68
2022-05-13,62.28,8.65,29.07,11,6713841,72.2,44,6144365,66.07,71,4495816,48.35,110,807472,8.68
2022-05-14,62.26,8.66,29.07,6,6713847,72.2,13,6144378,66.07,14,4495830,48.35,24,807496,8.68
2022-05-15,62.26,8.67,29.07,90,6713937,72.2,175,6144553,66.08,246,4496076,48.35,665,808161,8.69
2022-05-16,62.19,8.65,29.16,68,6714005,72.2,141,6144694,66.08,230,4496306,48.35,510,808671,8.7
2022-05-17,62.18,8.66,29.16,73,6714078,72.2,153,6144847,66.08,267,4496573,48.35,618,809289,8.7
2022-05-18,62.17,8.67,29.16,43,6714121,72.2,99,6144946,66.08,169,4496742,48.36,447,809736,8.71
2022-05-19,62.16,8.68,29.16,62,6714183,72.2,173,6145119,66.08,213,4496955,48.36,499,810235,8.71
2022-05-20,62.15,8.69,29.16,76,6714259,72.2,114,6145233,66.08,130,4497085,48.36,138,810373,8.71
2022-05-21,62.14,8.7,29.16,4,6714263,72.2,7,6145240,66.08,15,4497100,48.36,18,810391,8.71
2022-05-22,62.14,8.71,29.16,85,6714348,72.2,190,6145430,66.08,216,4497316,48.36,427,810818,8.72
2022-05-23,62.14,8.71,29.16,66,6714414,72.2,120,6145550,66.09,157,4497473,48.36,348,811166,8.72
2022-05-24,62.13,8.71,29.15,43,6714457,72.2,119,6145669,66.09,157,4497630,48.37,394,811560,8.73
2022-05-25,62.12,8.72,29.15,61,6714518,72.2,103,6145772,66.09,168,4497798,48.37,337,811897,8.73
2022-05-26,62.11,8.73,29.16,72,6714590,72.21,136,6145908,66.09,186,4497984,48.37,347,812244,8.73
2022-05-27,62.1,8.74,29.16,12,6714602,72.21,29,6145937,66.09,43,4498027,48.37,59,812303,8.74
2022-05-28,62.09,8.75,29.16,2,6714604,72.21,5,6145942,66.09,8,4498035,48.37,12,812315,8.74
2022-05-29,62.09,8.75,29.16,89,6714693,72.21,153,6146095,66.09,163,4498198,48.37,316,812631,8.74
2022-05-30,62.09,8.76,29.16,56,6714749,72.21,134,6146229,66.09,125,4498323,48.37,291,812922,8.74
2022-05-31,62.07,8.78,29.15,45,6714794,72.21,104,6146333,66.09,153,4498476,48.37,351,813273,8.75
2022-06-01,61.95,8.9,29.16,65,6714859,72.21,90,6146423,66.1,119,4498595,48.38,277,813550,8.75
2022-06-02,45.96,24.88,29.15,77,6714936,72.21,156,6146579,66.1,178,4498773,48.38,255,813805,8.75
2022-06-03,45.9,24.95,29.16,10,6714946,72.21,23,6146602,66.1,21,4498794,48.38,33,813838,8.75
2022-06-04,45.84,25,29.16,0,6714946,72.21,7,6146609,66.1,8,4498802,48.38,5,813843,8.75
2022-06-05,45.8,25.05,29.16,11,6714957,72.21,14,6146623,66.1,7,4498809,48.38,2,813845,8.75
2022-06-06,39.96,30.89,29.16,58,6715015,72.21,145,6146768,66.1,161,4498970,48.38,262,814107,8.75
2022-06-07,39.92,30.93,29.15,54,6715069,72.21,134,6146902,66.1,142,4499112,48.38,379,814486,8.76
2022-06-08,39.89,30.96,29.15,59,6715128,72.21,104,6147006,66.1,131,4499243,48.38,497,814983,8.76
2022-06-09,39.86,30.99,29.15,84,6715212,72.21,208,6147214,66.1,234,4499477,48.39,642,815625,8.77
2022-06-10,39.83,31.02,29.15,14,6715226,72.21,51,6147265,66.1,59,4499536,48.39,142,815767,8.77
2022-06-11,39.8,31.05,29.15,0,6715226,72.21,3,6147268,66.1,7,4499543,48.39,19,815786,8.77
2022-06-12,39.8,31.05,29.15,109,6715335,72.21,199,6147467,66.11,192,4499735,48.39,768,816554,8.78
2022-06-13,39.81,31.04,29.15,84,6715419,72.21,142,6147609,66.11,168,4499903,48.39,626,817180,8.79
2022-06-14,39.79,31.06,29.15,116,6715535,72.22,174,6147783,66.11,208,4500111,48.39,759,817939,8.8
2022-06-15,39.78,31.08,29.15,71,6715606,72.22,141,6147924,66.11,207,4500318,48.39,700,818639,8.8
2022-06-16,39.74,31.11,29.14,94,6715700,72.22,136,6148060,66.11,218,4500536,48.4,742,819381,8.81
2022-06-17,39.72,31.14,29.15,16,6715716,72.22,63,6148123,66.11,53,4500589,48.4,125,819506,8.81
2022-06-18,39.68,31.17,29.14,3,6715719,72.22,4,6148127,66.11,11,4500600,48.4,15,819521,8.81
2022-06-19,39.53,31.33,29.15,115,6715834,72.22,208,6148335,66.12,318,4500918,48.4,877,820398,8.82
2022-06-20,33.92,36.85,29.23,99,6715933,72.22,152,6148487,66.12,307,4501225,48.4,922,821320,8.83
2022-06-21,33.58,37.19,29.23,94,6716027,72.22,154,6148641,66.12,375,4501600,48.41,1229,822549,8.85
2022-06-22,33.28,37.49,29.23,110,6716137,72.22,136,6148777,66.12,339,4501939,48.41,894,823443,8.85
2022-06-23,32.84,37.92,29.23,132,6716269,72.22,217,6148994,66.12,525,4502464,48.42,1146,824589,8.87
2022-06-24,32.43,38.34,29.24,19,6716288,72.22,35,6149029,66.12,110,4502574,48.42,208,824797,8.87
2022-06-25,32.04,38.72,29.24,1,6716289,72.22,3,6149032,66.12,13,4502587,48.42,16,824813,8.87
2022-06-26,31.63,39.13,29.24,107,6716396,72.22,158,6149190,66.13,379,4502966,48.42,933,825746,8.88
2022-06-27,31.29,39.47,29.24,86,6716482,72.23,172,6149362,66.13,392,4503358,48.43,1028,826774,8.89
2022-06-28,30.86,39.91,29.24,85,6716567,72.23,151,6149513,66.13,363,4503721,48.43,932,827706,8.9
2022-06-29,30.48,40.28,29.24,76,6716643,72.23,108,6149621,66.13,265,4503986,48.43,816,828522,8.91
2022-06-30,30.05,40.71,29.24,86,6716729,72.23,165,6149786,66.13,355,4504341,48.44,1062,829584,8.92
2022-07-01,29.62,41.14,29.24,22,6716751,72.23,28,6149814,66.13,55,4504396,48.44,80,829664,8.92
2022-07-02,29.2,41.56,29.24,1,6716752,72.23,2,6149816,66.13,8,4504404,48.44,18,829682,8.92
2022-07-03,28.81,41.95,29.24,100,6716852,72.23,178,6149994,66.13,322,4504726,48.44,636,830318,8.93
2022-07-04,28.5,42.26,29.24,76,6716928,72.23,140,6150134,66.14,278,4505004,48.44,749,831067,8.94
2022-07-05,28.06,42.7,29.24,59,6716987,72.23,142,6150276,66.14,302,4505306,48.45,688,831755,8.94
2022-07-06,27.39,43.37,29.24,78,6717065,72.23,124,6150400,66.14,211,4505517,48.45,646,832401,8.95
2022-07-07,26.48,44.28,29.24,82,6717147,72.23,164,6150564,66.14,267,4505784,48.45,721,833122,8.96
2022-07-08,25.47,45.29,29.24,17,6717164,72.23,33,6150597,66.14,69,4505853,48.45,131,833253,8.96
2022-07-09,24.42,46.34,29.24,0,6717164,72.23,1,6150598,66.14,3,4505856,48.45,3,833256,8.96
2022-07-10,23.77,46.99,29.24,90,6717254,72.23,164,6150762,66.14,229,4506085,48.46,470,833726,8.97
2022-07-11,23.22,47.54,29.24,64,6717318,72.23,142,6150904,66.14,248,4506333,48.46,575,834301,8.97
2022-07-12,22.13,48.63,29.24,69,6717387,72.24,129,6151033,66.15,207,4506540,48.46,558,834859,8.98
2022-07-13,21.1,49.66,29.24,43,6717430,72.24,101,6151134,66.15,165,4506705,48.46,488,835347,8.98
2022-07-14,20.12,50.63,29.24,70,6717500,72.24,147,6151281,66.15,208,4506913,48.47,513,835860,8.99
2022-07-15,19.27,51.48,29.25,64,6717564,72.24,88,6151369,66.15,127,4507040,48.47,168,836028,8.99
2022-07-16,18.29,52.46,29.25,0,6717564,72.24,6,6151375,66.15,7,4507047,48.47,8,836036,8.99
2022-07-17,17.83,52.92,29.25,77,6717641,72.24,183,6151558,66.15,241,4507288,48.47,468,836504,9
2022-07-18,17.48,53.26,29.26,62,6717703,72.24,158,6151716,66.15,207,4507495,48.47,511,837015,9
2022-07-19,16.77,53.97,29.26,63,6717766,72.24,147,6151863,66.15,173,4507668,48.47,368,837383,9
2022-07-20,16.09,54.64,29.26,51,6717817,72.24,134,6151997,66.16,137,4507805,48.47,423,837806,9.01
2022-07-21,15.43,55.3,29.27,62,6717879,72.24,160,6152157,66.16,176,4507981,48.48,341,838147,9.01
2022-07-22,14.64,56.08,29.28,10,6717889,72.24,36,6152193,66.16,43,4508024,48.48,56,838203,9.01
2022-07-23,14.17,56.55,29.28,0,6717889,72.24,4,6152197,66.16,4,4508028,48.48,9,838212,9.01
2022-07-24,13.55,57.16,29.29,58,6717947,72.24,128,6152325,66.16,197,4508225,48.48,364,838576,9.02
2022-07-25,13.09,57.61,29.3,48,6717995,72.24,107,6152432,66.16,172,4508397,48.48,336,838912,9.02
2022-07-26,12.46,58.23,29.3,47,6718042,72.24,99,6152531,66.16,111,4508508,48.48,270,839182,9.02
2022-07-27,11.89,58.8,29.31,43,6718085,72.24,125,6152656,66.16,132,4508640,48.48,243,839425,9.03
2022-07-28,11.35,59.34,29.31,62,6718147,72.24,143,6152799,66.16,148,4508788,48.49,221,839646,9.03
2022-07-29,10.85,59.83,29.32,10,6718157,72.24,25,6152824,66.16,27,4508815,48.49,31,839677,9.03
2022-07-30,10.34,60.33,29.33,0,6718157,72.24,0,6152824,66.16,1,4508816,48.49,1,839678,9.03
2022-07-31,9.97,60.7,29.33,56,6718213,72.24,134,6152958,66.17,131,4508947,48.49,252,839930,9.03
2022-08-01,9.47,61.19,29.34,54,6718267,72.24,76,6153034,66.17,91,4509038,48.49,152,840082,9.03
2022-08-02,8.92,61.73,29.35,111,6718378,72.25,119,6153153,66.17,157,4509195,48.49,264,840346,9.04
2022-08-03,8.46,62.19,29.35,76,6718454,72.25,71,6153224,66.17,92,4509287,48.49,180,840526,9.04
2022-08-04,8.04,62.61,29.36,133,6718587,72.25,133,6153357,66.17,111,4509398,48.49,246,840772,9.04
2022-08-05,7.71,62.93,29.36,31,6718618,72.25,23,6153380,66.17,13,4509411,48.49,24,840796,9.04
2022-08-06,7.32,63.32,29.36,1,6718619,72.25,2,6153382,66.17,3,4509414,48.49,5,840801,9.04
2022-08-07,6.92,63.71,29.37,89,6718708,72.25,97,6153479,66.17,69,4509483,48.49,169,840970,9.04
2022-08-08,6.74,63.89,29.37,109,6718817,72.25,92,6153571,66.17,92,4509575,48.49,172,841142,9.05
2022-08-09,6.25,64.37,29.38,96,6718913,72.25,90,6153661,66.17,99,4509674,48.49,213,841355,9.05
2022-08-10,5.91,64.71,29.38,77,6718990,72.25,60,6153721,66.17,76,4509750,48.5,115,841470,9.05
2022-08-11,5.59,65.03,29.38,54,6719044,72.25,101,6153822,66.18,91,4509841,48.5,156,841626,9.05
2022-08-12,5.35,65.27,29.38,8,6719052,72.25,12,6153834,66.18,18,4509859,48.5,29,841655,9.05
2022-08-13,5.1,65.52,29.38,0,6719052,72.25,2,6153836,66.18,2,4509861,48.5,3,841658,9.05
2022-08-14,4.87,65.75,29.39,74,6719126,72.25,75,6153911,66.18,82,4509943,48.5,150,841808,9.05
2022-08-15,4.74,65.87,29.39,69,6719195,72.25,80,6153991,66.18,92,4510035,48.5,144,841952,9.05
2022-08-16,4.46,66.15,29.39,82,6719277,72.26,84,6154075,66.18,84,4510119,48.5,187,842139,9.06
2022-08-17,4.16,66.44,29.39,46,6719323,72.26,56,6154131,66.18,36,4510155,48.5,116,842255,9.06
2022-08-18,3.98,66.63,29.39,70,6719393,72.26,93,6154224,66.18,120,4510275,48.5,173,842428,9.06
2022-08-19,3.83,66.78,29.39,79,6719472,72.26,67,6154291,66.18,56,4510331,48.5,38,842466,9.06
2022-08-20,3.67,66.94,29.39,1,6719473,72.26,1,6154292,66.18,3,4510334,48.5,3,842469,9.06
2022-08-21,3.52,67.08,29.4,52,6719525,72.26,85,6154377,66.18,84,4510418,48.5,197,842666,9.06
2022-08-22,3.44,67.16,29.4,89,6719614,72.26,74,6154451,66.18,103,4510521,48.5,144,842810,9.06
2022-08-23,3.27,67.33,29.4,72,6719686,72.26,106,6154557,66.18,84,4510605,48.5,180,842990,9.07
2022-08-24,3.15,67.46,29.4,38,6719724,72.26,80,6154637,66.18,49,4510654,48.51,133,843123,9.07
2022-08-25,3.03,67.57,29.4,53,6719777,72.26,75,6154712,66.18,97,4510751,48.51,193,843316,9.07
2022-08-26,2.94,67.66,29.4,4,6719781,72.26,15,6154727,66.18,9,4510760,48.51,14,843330,9.07
2022-08-27,2.84,67.76,29.4,0,6719781,72.26,0,6154727,66.18,0,4510760,48.51,0,843330,9.07
2022-08-28,2.75,67.85,29.4,55,6719836,72.26,80,6154807,66.19,85,4510845,48.51,102,843432,9.07
2022-08-29,2.69,67.91,29.4,48,6719884,72.26,68,6154875,66.19,89,4510934,48.51,107,843539,9.07
2022-08-30,2.6,68,29.4,85,6719969,72.26,113,6154988,66.19,85,4511019,48.51,131,843670,9.07
2022-08-31,2.53,68.07,29.4,42,6720011,72.26,89,6155077,66.19,70,4511089,48.51,96,843766,9.07
2022-09-01,2.46,68.14,29.4,29,6720040,72.26,84,6155161,66.19,58,4511147,48.51,113,843879,9.07
2022-09-02,2.4,68.2,29.4,6,6720046,72.26,20,6155181,66.19,13,4511160,48.51,10,843889,9.07
2022-09-03,2.33,68.27,29.4,2,6720048,72.26,0,6155181,66.19,3,4511163,48.51,1,843890,9.07
2022-09-04,2.27,68.32,29.4,64,6720112,72.26,133,6155314,66.19,80,4511243,48.51,121,844011,9.08
2022-09-05,2.23,68.37,29.4,44,6720156,72.27,77,6155391,66.19,58,4511301,48.51,90,844101,9.08
2022-09-06,2.17,68.42,29.4,60,6720216,72.27,104,6155495,66.19,78,4511379,48.51,130,844231,9.08
2022-09-07,2.12,68.47,29.4,28,6720244,72.27,63,6155558,66.19,53,4511432,48.51,95,844326,9.08
2022-09-08,2.07,68.53,29.4,50,6720294,72.27,101,6155659,66.19,70,4511502,48.51,77,844403,9.08
2022-09-09,2.03,68.57,29.4,10,6720304,72.27,21,6155680,66.2,16,4511518,48.51,17,844420,9.08
2022-09-10,1.97,68.62,29.4,1,6720305,72.27,0,6155680,66.2,5,4511523,48.51,2,844422,9.08
2022-09-11,1.92,68.67,29.41,39,6720344,72.27,117,6155797,66.2,78,4511601,48.52,116,844538,9.08
2022-09-12,1.88,68.71,29.41,24,6720368,72.27,72,6155869,66.2,52,4511653,48.52,68,844606,9.08
2022-09-13,1.82,68.77,29.41,44,6720412,72.27,113,6155982,66.2,54,4511707,48.52,103,844709,9.08
2022-09-14,1.78,68.82,29.41,21,6720433,72.27,64,6156046,66.2,54,4511761,48.52,62,844771,9.08
2022-09-15,1.73,68.86,29.41,32,6720465,72.27,77,6156123,66.2,63,4511824,48.52,107,844878,9.09
2022-09-16,1.7,68.89,29.41,51,6720516,72.27,52,6156175,66.2,27,4511851,48.52,28,844906,9.09
2022-09-17,1.66,68.93,29.41,3,6720519,72.27,0,6156175,66.2,1,4511852,48.52,0,844906,9.09
2022-09-18,1.63,68.96,29.41,28,6720547,72.27,66,6156241,66.2,52,4511904,48.52,115,845021,9.09
2022-09-19,1.61,68.98,29.41,28,6720575,72.27,74,6156315,66.2,44,4511948,48.52,57,845078,9.09
2022-09-20,1.56,69.03,29.41,41,6720616,72.27,94,6156409,66.2,75,4512023,48.52,102,845180,9.09
2022-09-21,1.55,69.05,29.41,22,6720638,72.27,54,6156463,66.2,29,4512052,48.52,56,845236,9.09
2022-09-22,1.52,69.07,29.4,42,6720680,72.27,56,6156519,66.2,27,4512079,48.52,41,845277,9.09
2022-09-23,1.5,69.1,29.41,7,6720687,72.27,11,6156530,66.2,4,4512083,48.52,1,845278,9.09
2022-09-24,1.47,69.13,29.41,0,6720687,72.27,0,6156530,66.2,1,4512084,48.52,0,845278,9.09
2022-09-25,1.46,69.13,29.41,5,6720692,72.27,20,6156550,66.2,10,4512094,48.52,27,845305,9.09
2022-09-26,1.46,69.13,29.41,0,6720692,72.27,5,6156555,66.2,2,4512096,48.52,2,845307,9.09
2022-09-27,1.42,69.17,29.41,2,6720694,72.27,0,6156555,66.2,3,4512099,48.52,3,845310,9.09
2022-09-28,1.39,69.21,29.41,24,6720718,72.27,36,6156591,66.2,25,4512124,48.52,17,845327,9.09
2022-09-29,1.37,69.22,29.41,32,6720750,72.27,61,6156652,66.21,13,4512137,48.52,48,845375,9.09
2022-09-30,1.35,69.24,29.41,4,6720754,72.27,12,6156664,66.21,2,4512139,48.52,0,845375,9.09
2022-10-01,1.31,69.29,29.41,0,6720754,72.27,1,6156665,66.21,1,4512140,48.52,1,845376,9.09
2022-10-02,1.31,69.29,29.41,28,6720782,72.27,51,6156716,66.21,20,4512160,48.52,73,845449,9.09
2022-10-03,1.31,69.28,29.4,23,6720805,72.27,29,6156745,66.21,13,4512173,48.52,12,845461,9.09
2022-10-04,1.27,69.32,29.4,7,6720812,72.27,11,6156756,66.21,0,4512173,48.52,1,845462,9.09
2022-10-05,1.28,69.31,29.4,1,6720813,72.27,0,6156756,66.21,0,4512173,48.52,1,845463,9.09
2022-10-06,1.31,69.28,29.4,17,6720830,72.27,43,6156799,66.21,10,4512183,48.52,20,845483,9.09
2022-10-07,1.3,69.29,29.41,3,6720833,72.27,3,6156802,66.21,4,4512187,48.52,0,845483,9.09
2022-10-08,1.26,69.33,29.41,1,6720834,72.27,1,6156803,66.21,0,4512187,48.52,1,845484,9.09
2022-10-09,1.31,69.28,29.41,7,6720841,72.27,22,6156825,66.21,6,4512193,48.52,5,845489,9.09
2022-10-10,1.38,69.22,29.4,5,6720846,72.27,2,6156827,66.21,0,4512193,48.52,0,845489,9.09
2022-10-11,1.36,69.24,29.4,12,6720858,72.27,32,6156859,66.21,1,4512194,48.52,32,845521,9.09
2022-10-12,1.34,69.26,29.4,13,6720871,72.27,24,6156883,66.21,5,4512199,48.52,4,845525,9.09
2022-10-13,1.4,69.2,29.4,17,6720888,72.27,16,6156899,66.21,5,4512204,48.52,9,845534,9.09
2022-10-14,1.4,69.2,29.4,6,6720894,72.27,7,6156906,66.21,4,4512208,48.52,3,845537,9.09
2022-10-15,1.38,69.22,29.4,0,6720894,72.27,1,6156907,66.21,0,4512208,48.52,1,845538,9.09
2022-10-16,1.39,69.2,29.4,4,6720898,72.27,13,6156920,66.21,5,4512213,48.52,8,845546,9.09
2022-10-17,1.39,69.2,29.4,1,6720899,72.27,1,6156921,66.21,4,4512217,48.52,1,845547,9.09
2022-10-18,1.43,69.17,29.4,24,6720923,72.27,31,6156952,66.21,14,4512231,48.52,16,845563,9.09
2022-10-19,1.47,69.12,29.4,18,6720941,72.27,25,6156977,66.21,7,4512238,48.52,3,845566,9.09
2022-10-20,1.5,69.1,29.4,26,6720967,72.27,44,6157021,66.21,12,4512250,48.52,4,845570,9.09
2022-10-21,1.5,69.09,29.4,4,6720971,72.27,7,6157028,66.21,2,4512252,48.52,4,845574,9.09
2022-10-22,1.49,69.1,29.4,0,6720971,72.27,0,6157028,66.21,0,4512252,48.52,0,845574,9.09
2022-10-23,1.51,69.08,29.4,15,6720986,72.27,33,6157061,66.21,18,4512270,48.52,10,845584,9.09
2022-10-24,1.51,69.08,29.41,20,6721006,72.27,16,6157077,66.21,19,4512289,48.52,9,845593,9.09
2022-10-25,1.55,69.04,29.4,18,6721024,72.27,34,6157111,66.21,22,4512311,48.52,21,845614,9.09
2022-10-26,1.61,68.99,29.4,18,6721042,72.27,25,6157136,66.21,8,4512319,48.52,10,845624,9.09
2022-10-27,1.67,68.93,29.4,17,6721059,72.28,27,6157163,66.21,14,4512333,48.52,17,845641,9.09
2022-10-28,1.67,68.93,29.4,57,6721116,72.28,49,6157212,66.21,31,4512364,48.52,18,845659,9.09
2022-10-29,1.66,68.94,29.4,0,6721116,72.28,0,6157212,66.21,0,4512364,48.52,0,845659,9.09
2022-10-30,1.71,68.89,29.4,15,6721131,72.28,23,6157235,66.21,15,4512379,48.52,9,845668,9.09
2022-10-31,1.76,68.84,29.4,17,6721148,72.28,16,6157251,66.21,8,4512387,48.52,9,845677,9.09
2022-11-01,1.82,68.78,29.4,2,6721150,72.28,1,6157252,66.21,1,4512388,48.52,0,845677,9.09
2022-11-02,1.88,68.72,29.4,13,6721163,72.28,13,6157265,66.21,7,4512395,48.52,8,845685,9.09
2022-11-03,1.96,68.64,29.4,17,6721180,72.28,18,6157283,66.21,11,4512406,48.52,8,845693,9.09
2022-11-04,1.98,68.63,29.4,4,6721184,72.28,6,6157289,66.21,1,4512407,48.52,2,845695,9.09
2022-11-05,1.97,68.63,29.4,0,6721184,72.28,0,6157289,66.21,0,4512407,48.52,0,845695,9.09
2022-11-06,2.03,68.57,29.4,27,6721211,72.28,33,6157322,66.21,11,4512418,48.52,23,845718,9.09
2022-11-07,2.1,68.51,29.4,15,6721226,72.28,11,6157333,66.21,10,4512428,48.52,54,845772,9.1
2022-11-08,2.1,68.5,29.4,28,6721254,72.28,26,6157359,66.21,14,4512442,48.52,9,845781,9.1
2022-11-09,2.16,68.45,29.4,16,6721270,72.28,20,6157379,66.21,17,4512459,48.52,9,845790,9.1
2022-11-10,2.22,68.39,29.4,28,6721298,72.28,17,6157396,66.21,11,4512470,48.52,6,845796,9.1
2022-11-11,2.23,68.37,29.4,1,6721299,72.28,17,6157413,66.21,2,4512472,48.52,1,845797,9.1
2022-11-12,2.22,68.38,29.4,1,6721300,72.28,0,6157413,66.21,2,4512474,48.52,0,845797,9.1
2022-11-13,2.29,68.31,29.4,29,6721329,72.28,31,6157444,66.21,17,4512491,48.53,8,845805,9.1
2022-11-14,2.37,68.23,29.4,20,6721349,72.28,17,6157461,66.21,21,4512512,48.53,16,845821,9.1
2022-11-15,2.43,68.17,29.4,40,6721389,72.28,25,6157486,66.21,16,4512528,48.53,18,845839,9.1
2022-11-16,2.5,68.1,29.4,14,6721403,72.28,27,6157513,66.21,16,4512544,48.53,11,845850,9.1
2022-11-17,2.59,68.02,29.4,19,6721422,72.28,33,6157546,66.22,18,4512562,48.53,5,845855,9.1
2022-11-18,2.61,67.99,29.4,6,6721428,72.28,4,6157550,66.22,4,4512566,48.53,0,845855,9.1
2022-11-19,2.6,68,29.4,0,6721428,72.28,0,6157550,66.22,0,4512566,48.53,0,845855,9.1
2022-11-20,2.67,67.93,29.4,19,6721447,72.28,20,6157570,66.22,6,4512572,48.53,13,845868,9.1
2022-11-21,2.76,67.85,29.4,14,6721461,72.28,13,6157583,66.22,6,4512578,48.53,7,845875,9.1
2022-11-22,2.83,67.77,29.4,27,6721488,72.28,13,6157596,66.22,17,4512595,48.53,6,845881,9.1
2022-11-23,2.9,67.7,29.4,17,6721505,72.28,20,6157616,66.22,4,4512599,48.53,8,845889,9.1
2022-11-24,2.98,67.62,29.4,9,6721514,72.28,16,6157632,66.22,13,4512612,48.53,27,845916,9.1
2022-11-25,3,67.6,29.4,12,6721526,72.28,48,6157680,66.22,14,4512626,48.53,12,845928,9.1
2022-11-26,3,67.61,29.4,0,6721526,72.28,2,6157682,66.22,0,4512626,48.53,0,845928,9.1
2022-11-27,3.06,67.54,29.4,14,6721540,72.28,15,6157697,66.22,19,4512645,48.53,2,845930,9.1
2022-11-28,3.14,67.47,29.4,8,6721548,72.28,23,6157720,66.22,8,4512653,48.53,6,845936,9.1
2022-11-29,3.2,67.4,29.4,38,6721586,72.28,31,6157751,66.22,19,4512672,48.53,14,845950,9.1
2022-11-30,3.27,67.34,29.39,12,6721598,72.28,25,6157776,66.22,20,4512692,48.53,8,845958,9.1
2022-12-01,3.34,67.26,29.39,13,6721611,72.28,18,6157794,66.22,15,4512707,48.53,4,845962,9.1
2022-12-02,3.36,67.24,29.39,2,6721613,72.28,7,6157801,66.22,4,4512711,48.53,10,845972,9.1
2022-12-03,3.36,67.24,29.39,0,6721613,72.28,0,6157801,66.22,0,4512711,48.53,1,845973,9.1
2022-12-04,3.42,67.18,29.39,38,6721651,72.28,27,6157828,66.22,30,4512741,48.53,26,845999,9.1
2022-12-05,3.48,67.12,29.4,9,6721660,72.28,17,6157845,66.22,11,4512752,48.53,21,846020,9.1
2022-12-06,3.55,67.06,29.39,32,6721692,72.28,26,6157871,66.22,27,4512779,48.53,8,846028,9.1
2022-12-07,3.62,66.99,29.39,10,6721702,72.28,17,6157888,66.22,8,4512787,48.53,8,846036,9.1
2022-12-08,3.69,66.91,29.39,19,6721721,72.28,31,6157919,66.22,15,4512802,48.53,3,846039,9.1
2022-12-09,3.71,66.9,29.39,4,6721725,72.28,1,6157920,66.22,1,4512803,48.53,7,846046,9.1
2022-12-10,3.7,66.91,29.39,1,6721726,72.28,0,6157920,66.22,2,4512805,48.53,0,846046,9.1
2022-12-11,3.76,66.84,29.39,16,6721742,72.28,22,6157942,66.22,15,4512820,48.53,16,846062,9.1
2022-12-12,3.82,66.78,29.39,15,6721757,72.28,14,6157956,66.22,5,4512825,48.53,0,846062,9.1
2022-12-13,3.87,66.73,29.39,17,6721774,72.28,44,6158000,66.22,18,4512843,48.53,13,846075,9.1
2022-12-14,3.92,66.69,29.39,17,6721791,72.28,16,6158016,66.22,7,4512850,48.53,3,846078,9.1
2022-12-15,3.97,66.64,29.39,22,6721813,72.28,19,6158035,66.22,7,4512857,48.53,12,846090,9.1
2022-12-16,3.98,66.62,29.39,12,6721825,72.28,4,6158039,66.22,1,4512858,48.53,0,846090,9.1
2022-12-17,3.97,66.63,29.39,0,6721825,72.28,0,6158039,66.22,0,4512858,48.53,0,846090,9.1
2022-12-18,4.01,66.59,29.39,9,6721834,72.28,18,6158057,66.22,8,4512866,48.53,3,846093,9.1
2022-12-19,4.06,66.54,29.4,7,6721841,72.28,14,6158071,66.22,12,4512878,48.53,1,846094,9.1
2022-12-20,4.1,66.51,29.39,12,6721853,72.28,17,6158088,66.22,2,4512880,48.53,2,846096,9.1
2022-12-21,4.14,66.47,29.39,9,6721862,72.28,14,6158102,66.22,13,4512893,48.53,3,846099,9.1
2022-12-22,4.18,66.42,29.39,4,6721866,72.28,10,6158112,66.22,14,4512907,48.53,1,846100,9.1
2022-12-23,4.19,66.42,29.39,10,6721876,72.28,0,6158112,66.22,2,4512909,48.53,0,846100,9.1
2022-12-24,4.18,66.43,29.39,0,6721876,72.28,0,6158112,66.22,0,4512909,48.53,0,846100,9.1
2022-12-25,4.21,66.4,29.39,6,6721882,72.28,17,6158129,66.22,1,4512910,48.53,2,846102,9.1
2022-12-26,4.24,66.36,29.39,17,6721899,72.28,6,6158135,66.22,13,4512923,48.53,0,846102,9.1
2022-12-27,4.25,66.36,29.39,24,6721923,72.28,24,6158159,66.22,17,4512940,48.53,7,846109,9.1
2022-12-28,4.26,66.34,29.39,17,6721940,72.28,18,6158177,66.22,25,4512965,48.53,64,846173,9.1
2022-12-29,4.28,66.33,29.39,15,6721955,72.28,23,6158200,66.22,14,4512979,48.53,4,846177,9.1
2022-12-30,4.27,66.33,29.4,4,6721959,72.28,5,6158205,66.22,3,4512982,48.53,1,846178,9.1
2022-12-31,4.26,66.35,29.4,0,6721959,72.28,1,6158206,66.22,0,4512982,48.53,0,846178,9.1
2023-01-01,4.27,66.33,29.4,7,6721966,72.28,23,6158229,66.22,2,4512984,48.53,1,846179,9.1
2023-01-02,4.29,66.31,29.4,10,6721976,72.28,8,6158237,66.22,3,4512987,48.53,1,846180,9.1
2023-01-03,4.3,66.3,29.4,20,6721996,72.28,17,6158254,66.22,7,4512994,48.53,4,846184,9.1
2023-01-04,4.3,66.3,29.4,7,6722003,72.29,11,6158265,66.22,4,4512998,48.53,2,846186,9.1
2023-01-05,4.31,66.29,29.39,12,6722015,72.29,19,6158284,66.22,11,4513009,48.53,4,846190,9.1
2023-01-06,4.31,66.29,29.4,2,6722017,72.29,1,6158285,66.22,1,4513010,48.53,0,846190,9.1
2023-01-07,4.3,66.31,29.4,1,6722018,72.29,0,6158285,66.22,0,4513010,48.53,0,846190,9.1
2023-01-08,4.33,66.28,29.4,14,6722032,72.29,33,6158318,66.22,10,4513020,48.53,2,846192,9.1
2023-01-09,4.34,66.26,29.4,12,6722044,72.29,20,6158338,66.22,1,4513021,48.53,1,846193,9.1
2023-01-10,4.35,66.25,29.4,39,6722083,72.29,27,6158365,66.22,10,4513031,48.53,4,846197,9.1
2023-01-11,4.36,66.25,29.4,15,6722098,72.29,17,6158382,66.22,11,4513042,48.53,2,846199,9.1
2023-01-12,4.37,66.24,29.39,22,6722120,72.29,20,6158402,66.22,11,4513053,48.53,2,846201,9.1
2023-01-13,4.36,66.24,29.4,3,6722123,72.29,2,6158404,66.22,0,4513053,48.53,0,846201,9.1
2023-01-14,4.35,66.25,29.4,1,6722124,72.29,0,6158404,66.22,0,4513053,48.53,0,846201,9.1
2023-01-15,4.36,66.24,29.4,17,6722141,72.29,17,6158421,66.22,4,4513057,48.53,3,846204,9.1
2023-01-16,4.38,66.22,29.4,9,6722150,72.29,15,6158436,66.22,6,4513063,48.53,0,846204,9.1
2023-01-17,4.38,66.22,29.4,15,6722165,72.29,14,6158450,66.22,6,4513069,48.53,0,846204,9.1
2023-01-18,4.39,66.21,29.4,7,6722172,72.29,8,6158458,66.22,3,4513072,48.53,1,846205,9.1
2023-01-19,4.4,66.2,29.4,13,6722185,72.29,15,6158473,66.23,2,4513074,48.53,4,846209,9.1
2023-01-20,4.39,66.2,29.4,4,6722189,72.29,2,6158475,66.23,0,4513074,48.53,1,846210,9.1
2023-01-21,4.39,66.21,29.4,0,6722189,72.29,1,6158476,66.23,0,4513074,48.53,0,846210,9.1
2023-01-22,4.4,66.2,29.4,8,6722197,72.29,3,6158479,66.23,8,4513082,48.53,4,846214,9.1
2023-01-23,4.41,66.19,29.4,11,6722208,72.29,5,6158484,66.23,6,4513088,48.53,0,846214,9.1
2023-01-24,4.41,66.19,29.4,21,6722229,72.29,21,6158505,66.23,11,4513099,48.53,2,846216,9.1
2023-01-25,4.41,66.18,29.4,5,6722234,72.29,5,6158510,66.23,0,4513099,48.53,2,846218,9.1
2023-01-26,4.42,66.18,29.4,10,6722244,72.29,15,6158525,66.23,9,4513108,48.53,2,846220,9.1
2023-01-27,4.41,66.18,29.4,0,6722244,72.29,9,6158534,66.23,0,4513108,48.53,0,846220,9.1
2023-01-28,4.41,66.19,29.4,0,6722244,72.29,0,6158534,66.23,0,4513108,48.53,0,846220,9.1
2023-01-29,4.41,66.19,29.41,12,6722256,72.29,8,6158542,66.23,5,4513113,48.53,2,846222,9.1
2023-01-30,4.42,66.17,29.41,9,6722265,72.29,17,6158559,66.23,2,4513115,48.53,1,846223,9.1
2023-01-31,4.42,66.17,29.41,21,6722286,72.29,23,6158582,66.23,2,4513117,48.53,1,846224,9.1
2023-02-01,4.32,64.71,30.96,10,6722296,72.29,11,6158593,66.23,4,4513121,48.53,0,846224,9.1
2023-02-02,4.33,64.71,30.96,14,6722310,72.29,31,6158624,66.23,3,4513124,48.53,0,846224,9.1
2023-02-03,4.32,64.71,30.97,3,6722313,72.29,1,6158625,66.23,0,4513124,48.53,1,846225,9.1
2023-02-04,4.32,64.72,30.97,0,6722313,72.29,0,6158625,66.23,0,4513124,48.53,0,846225,9.1
2023-02-05,4.32,64.71,30.97,15,6722328,72.29,8,6158633,66.23,6,4513130,48.53,4,846229,9.1
2023-02-06,4.33,64.7,30.97,17,6722345,72.29,13,6158646,66.23,4,4513134,48.53,0,846229,9.1
2023-02-07,4.33,64.7,30.97,22,6722367,72.29,22,6158668,66.23,8,4513142,48.53,2,846231,9.1
2023-02-08,4.33,64.7,30.97,15,6722382,72.29,14,6158682,66.23,1,4513143,48.53,0,846231,9.1
2023-02-09,4.33,64.7,30.97,35,6722417,72.29,34,6158716,66.23,5,4513148,48.53,2,846233,9.1
2023-02-10,4.33,64.7,30.97,2,6722419,72.29,3,6158719,66.23,2,4513150,48.53,0,846233,9.1
2023-02-11,4.33,64.7,30.97,2,6722421,72.29,1,6158720,66.23,0,4513150,48.53,0,846233,9.1
2023-02-12,4.33,64.7,30.97,15,6722436,72.29,19,6158739,66.23,3,4513153,48.53,2,846235,9.1
2023-02-13,4.33,64.7,30.97,14,6722450,72.29,20,6158759,66.23,8,4513161,48.53,2,846237,9.1
2023-02-14,4.33,64.7,30.97,20,6722470,72.29,8,6158767,66.23,7,4513168,48.53,5,846242,9.1
2023-02-15,4.33,64.7,30.97,10,6722480,72.29,17,6158784,66.23,3,4513171,48.53,0,846242,9.1
2023-02-16,4.33,64.7,30.97,22,6722502,72.29,24,6158808,66.23,2,4513173,48.53,0,846242,9.1
2023-02-17,4.33,64.7,30.97,5,6722507,72.29,2,6158810,66.23,1,4513174,48.53,0,846242,9.1
2023-02-18,4.33,64.7,30.97,0,6722507,72.29,1,6158811,66.23,0,4513174,48.53,0,846242,9.1
2023-02-19,4.33,64.7,30.98,16,6722523,72.29,13,6158824,66.23,1,4513175,48.53,0,846242,9.1
2023-02-20,4.33,64.69,30.98,9,6722532,72.29,10,6158834,66.23,1,4513176,48.53,0,846242,9.1
2023-02-21,4.33,64.69,30.98,40,6722572,72.29,19,6158853,66.23,5,4513181,48.53,1,846243,9.1
2023-02-22,4.33,64.7,30.98,3,6722575,72.29,9,6158862,66.23,8,4513189,48.53,0,846243,9.1
2023-02-23,4.33,64.7,30.97,10,6722585,72.29,23,6158885,66.23,5,4513194,48.53,2,846245,9.1
2023-02-24,4.33,64.7,30.98,0,6722585,72.29,6,6158891,66.23,1,4513195,48.53,0,846245,9.1
2023-02-25,4.32,64.7,30.98,3,6722588,72.29,0,6158891,66.23,1,4513196,48.53,0,846245,9.1
2023-02-26,4.32,64.7,30.98,12,6722600,72.29,20,6158911,66.23,1,4513197,48.53,0,846245,9.1
2023-02-27,4.32,64.7,30.98,11,6722611,72.29,26,6158937,66.23,2,4513199,48.53,2,846247,9.1
2023-02-28,4.32,64.7,30.98,7,6722618,72.29,21,6158958,66.23,4,4513203,48.53,2,846249,9.1
2023-03-01,4.32,64.7,30.98,3,6722621,72.29,15,6158973,66.23,1,4513204,48.53,0,846249,9.1
2023-03-02,4.32,64.7,30.98,8,6722629,72.29,36,6159009,66.23,4,4513208,48.53,0,846249,9.1
2023-03-03,4.32,64.7,30.98,2,6722631,72.29,3,6159012,66.23,0,4513208,48.53,0,846249,9.1
2023-03-04,4.32,64.71,30.98,2,6722633,72.29,2,6159014,66.23,0,4513208,48.53,0,846249,9.1
2023-03-05,4.32,64.7,30.98,14,6722647,72.29,28,6159042,66.23,1,4513209,48.53,2,846251,9.1
2023-03-06,4.32,64.7,30.98,16,6722663,72.29,25,6159067,66.23,3,4513212,48.53,0,846251,9.1
2023-03-07,4.32,64.7,30.98,8,6722671,72.29,6,6159073,66.23,2,4513214,48.53,0,846251,9.1
2023-03-08,4.32,64.7,30.98,1,6722672,72.29,22,6159095,66.23,3,4513217,48.53,0,846251,9.1
2023-03-09,4.32,64.71,30.98,15,6722687,72.29,46,6159141,66.23,8,4513225,48.53,0,846251,9.1
2023-03-10,4.31,64.71,30.98,0,6722687,72.29,0,6159141,66.23,0,4513225,48.53,0,846251,9.1
