Date,Valid vaccinated pop. perc.,Expired vaccinated pop. perc.,Not vaccinated pop. perc.,Vaccinated (daily),Vaccinated (cumu),Vaccinated pop. perc.,Second dose (daily),Second dose (cumu),Second dose pop. perc.,Third dose (daily),Third dose (cumu),Third dose pop. perc.,Fourth dose (daily),Fourth dose (cumu),Fourth dose pop. perc.
2020-12-19,0,0,100,46,71,0,0,4,0,0,0,0,0,0,0
2020-12-20,0,0,100,7396,7467,0.08,0,4,0,0,0,0,0,0,0
2020-12-21,0,0,100,24923,32390,0.35,0,4,0,0,0,0,0,0,0
2020-12-22,0,0,100,44669,77059,0.83,0,4,0,0,0,0,0,0,0
2020-12-23,0,0,100,62918,139977,1.51,0,4,0,0,0,0,0,0,0
2020-12-24,0,0,100,73434,213411,2.29,0,4,0,0,0,0,0,0,0
2020-12-25,0,0,100,38518,251929,2.71,0,4,0,0,0,0,0,0,0
2020-12-26,0,0,100,32618,284547,3.06,0,4,0,0,0,0,0,0,0
2020-12-27,0,0,100,104577,389124,4.18,0,4,0,0,0,0,0,0,0
2020-12-28,0,0,100,135043,524167,5.64,0,4,0,0,0,0,0,0,0
2020-12-29,0,0,100,156343,680510,7.32,2,6,0,0,0,0,0,0,0
2020-12-30,0,0,100,153193,833703,8.97,0,6,0,0,0,0,0,0,0
2020-12-31,0,0,100,158602,992305,10.67,0,6,0,0,0,0,0,0,0
2021-01-01,0,0,100,71437,1063742,11.44,0,6,0,0,0,0,0,0,0
2021-01-02,0,0,100,71745,1135487,12.21,0,6,0,0,0,0,0,0,0
2021-01-03,0,0,100,149770,1285257,13.82,0,6,0,0,0,0,0,0,0
2021-01-04,0,0,100,152212,1437469,15.46,1,7,0,0,0,0,0,0,0
2021-01-05,0,0,100,125222,1562691,16.8,4,11,0,0,0,0,0,0,0
2021-01-06,0,0,100,103376,1666067,17.92,2,13,0,0,0,0,0,0,0
2021-01-07,0,0,100,116065,1782132,19.16,9,22,0,0,0,0,0,0,0
2021-01-08,0,0,100,66465,1848597,19.88,5,27,0,0,0,0,0,0,0
2021-01-09,0,0,100,44554,1893151,20.36,24,51,0,0,0,0,0,0,0
2021-01-10,0,0,100,37649,1930800,20.76,6001,6052,0.07,0,0,0,0,0,0
2021-01-11,0,0,100,21176,1951976,20.99,19264,25316,0.27,0,0,0,0,0,0
2021-01-12,0,0,100,24077,1976053,21.25,35674,60990,0.66,0,0,0,0,0,0
2021-01-13,0,0,100,52079,2028132,21.81,56873,117863,1.27,0,0,0,0,0,0
2021-01-14,0,0,100,56481,2084613,22.42,68840,186703,2.01,0,0,0,0,0,0
2021-01-15,0,0,100,30776,2115389,22.75,35944,222647,2.39,0,0,0,0,0,0
2021-01-16,0,0,100,29481,2144870,23.06,26007,248654,2.67,0,0,0,0,0,0
2021-01-17,0.31,0,99.69,68446,2213316,23.8,84598,333252,3.58,0,0,0,0,0,0
2021-01-18,0.58,0,99.42,69820,2283136,24.55,120439,453691,4.88,0,0,0,0,0,0
2021-01-19,1.09,0,98.91,72896,2356032,25.34,137853,591544,6.36,0,0,0,0,0,0
2021-01-20,1.9,0,98.1,76919,2432951,26.16,143769,735313,7.91,0,0,0,0,0,0
2021-01-21,2.88,0,97.12,70013,2502964,26.92,164478,899791,9.68,0,0,0,0,0,0
2021-01-22,3.39,0,96.61,37933,2540897,27.32,71135,970926,10.44,0,0,0,0,0,0
2021-01-23,3.77,0,96.23,39966,2580863,27.75,53598,1024524,11.02,0,0,0,0,0,0
2021-01-24,4.96,0,95.04,69148,2650011,28.5,140712,1165236,12.53,0,0,0,0,0,0
2021-01-25,6.61,0,93.39,80943,2730954,29.37,139527,1304763,14.03,0,0,0,0,0,0
2021-01-26,8.45,0,91.55,78739,2809693,30.21,126447,1431210,15.39,0,0,0,0,0,0
2021-01-27,10.34,0,89.66,77985,2887678,31.05,125074,1556284,16.74,0,0,0,0,0,0
2021-01-28,12.43,0,87.57,79572,2967250,31.91,130634,1686918,18.14,0,0,0,0,0,0
2021-01-29,13.34,0,86.66,36704,3003954,32.3,64794,1751712,18.84,0,0,0,0,0,0
2021-01-30,14.02,0,85.98,34395,3038349,32.67,42767,1794479,19.3,0,0,0,0,0,0
2021-01-31,15.76,0,84.24,73333,3111682,33.46,59504,1853983,19.94,0,0,0,0,0,0
2021-02-01,17.48,0,82.52,82519,3194201,34.35,35358,1889341,20.32,0,0,0,0,0,0
2021-02-02,19.01,0,80.99,70109,3264310,35.1,31074,1920415,20.65,0,0,0,0,0,0
2021-02-03,20.47,0,79.53,60310,3324620,35.75,51445,1971860,21.2,0,0,0,0,0,0
2021-02-04,22,0,78,72641,3397261,36.53,58096,2029956,21.83,0,0,0,0,0,0
2021-02-05,22.75,0,77.25,33947,3431208,36.9,28807,2058763,22.14,0,0,0,0,0,0
2021-02-06,23.23,0,76.77,21623,3452831,37.13,22233,2080996,22.38,0,0,0,0,0,0
2021-02-07,23.99,0,76.01,54081,3506912,37.71,68745,2149741,23.12,0,0,0,0,0,0
2021-02-08,24.52,0,75.48,58644,3565556,38.34,65468,2215209,23.82,0,0,0,0,0,0
2021-02-09,25.04,0,74.96,66361,3631917,39.06,67581,2282790,24.55,0,0,0,0,0,0
2021-02-10,25.77,0,74.23,70571,3702488,39.81,72316,2355106,25.33,0,0,0,0,0,0
2021-02-11,26.61,0,73.39,81176,3783664,40.69,72116,2427222,26.1,0,0,0,0,0,0
2021-02-12,27.02,0,72.98,39110,3822774,41.11,37600,2464822,26.51,0,0,0,0,0,0
2021-02-13,27.33,0,72.67,27466,3850240,41.4,30441,2495263,26.83,0,0,0,0,0,0
2021-02-14,28.25,0,71.75,74917,3925157,42.21,69085,2564348,27.58,0,0,0,0,0,0
2021-02-15,29.17,0,70.83,81552,4006709,43.09,75722,2640070,28.39,0,0,0,0,0,0
2021-02-16,30.11,0,69.89,83423,4090132,43.98,78304,2718374,29.23,0,0,0,0,0,0
2021-02-17,31.01,0,68.99,61984,4152116,44.65,75646,2794020,30.05,0,0,0,0,0,0
2021-02-18,31.94,0,68.06,69162,4221278,45.39,79740,2873760,30.9,0,0,0,0,0,0
2021-02-19,32.45,0,67.55,39676,4260954,45.82,38163,2911923,31.31,0,0,0,0,0,0
2021-02-20,32.85,0,67.15,31652,4292606,46.16,28723,2940646,31.62,0,0,0,0,0,0
2021-02-21,33.8,0,66.2,79439,4372045,47.01,78449,3019095,32.47,0,0,0,0,0,0
2021-02-22,34.83,0,65.17,85056,4457101,47.93,80603,3099698,33.33,0,0,0,0,0,0
2021-02-23,35.84,0,64.16,77333,4534434,48.76,70487,3170185,34.09,0,0,0,0,0,0
2021-02-24,36.76,0,63.24,61068,4595502,49.42,63148,3233333,34.77,0,0,0,0,0,0
2021-02-25,37.66,0,62.34,51730,4647232,49.97,64812,3298145,35.47,0,0,0,0,0,0
2021-02-26,38.1,0,61.9,25913,4673145,50.25,32047,3330192,35.81,0,0,0,0,0,0
2021-02-27,38.42,0,61.58,18353,4691498,50.45,21198,3351390,36.04,0,0,0,0,0,0
2021-02-28,39.24,0,60.76,40365,4731863,50.88,55874,3407264,36.64,0,0,0,0,0,0
2021-03-01,40.1,0,59.9,45752,4777615,51.38,61445,3468709,37.3,0,0,0,0,0,0
2021-03-02,40.85,0,59.15,41203,4818818,51.82,64803,3533512,38,0,0,0,0,0,0
2021-03-03,41.55,0,58.45,42036,4860854,52.27,66794,3600306,38.72,0,0,0,0,0,0
2021-03-04,42.24,0,57.76,39722,4900576,52.7,79127,3679433,39.57,0,0,0,0,0,0
2021-03-05,42.57,0,57.43,17369,4917945,52.89,40470,3719903,40,0,0,0,0,0,0
2021-03-06,42.78,0,57.22,10723,4928668,53,25349,3745252,40.27,0,0,0,0,0,0
2021-03-07,43.36,0,56.64,31157,4959825,53.34,72848,3818100,41.06,0,0,0,0,0,0
2021-03-08,43.97,0,56.03,27388,4987213,53.63,73297,3891397,41.85,0,0,0,0,0,0
2021-03-09,44.62,0,55.38,26756,5013969,53.92,76606,3968003,42.67,0,0,0,0,0,0
2021-03-10,45.27,0,54.73,23373,5037342,54.17,58684,4026687,43.3,0,0,0,0,0,0
2021-03-11,45.99,0,54.01,23308,5060650,54.42,69099,4095786,44.04,0,0,0,0,0,0
2021-03-12,46.34,0,53.66,11298,5071948,54.54,41419,4137205,44.49,0,0,0,0,0,0
2021-03-13,46.57,0,53.43,7955,5079903,54.63,25240,4162445,44.76,0,0,0,0,0,0
2021-03-14,47.2,0,52.8,20991,5100894,54.85,73939,4236384,45.56,0,0,0,0,0,0
2021-03-15,47.81,0,52.19,20152,5121046,55.07,78282,4314666,46.4,0,0,0,0,0,0
2021-03-16,48.43,0,51.57,18759,5139805,55.27,71482,4386148,47.17,0,0,0,0,0,0
2021-03-17,48.92,0,51.08,17705,5157510,55.46,59011,4445159,47.8,0,0,0,0,0,0
2021-03-18,49.45,0,50.55,16050,5173560,55.63,58126,4503285,48.43,0,0,0,0,0,0
2021-03-19,49.75,0,50.25,6959,5180519,55.71,27981,4531266,48.73,0,0,0,0,0,0
2021-03-20,49.93,0,50.07,5229,5185748,55.77,15302,4546568,48.89,0,0,0,0,0,0
2021-03-21,50.46,0,49.54,13172,5198920,55.91,40511,4587079,49.33,0,0,0,0,0,0
2021-03-22,51,0,49,13583,5212503,56.05,40542,4627621,49.76,0,0,0,0,0,0
2021-03-23,51.43,0,48.57,2846,5215349,56.08,7303,4634924,49.84,0,0,0,0,0,0
2021-03-24,51.84,0,48.16,11007,5226356,56.2,46562,4681486,50.34,0,0,0,0,0,0
2021-03-25,52.22,0,47.78,10275,5236631,56.31,35440,4716926,50.72,0,0,0,0,0,0
2021-03-26,52.4,0,47.6,4186,5240817,56.36,13335,4730261,50.87,0,0,0,0,0,0
2021-03-27,52.5,0,47.5,1788,5242605,56.38,4269,4734530,50.91,0,0,0,0,0,0
2021-03-28,52.74,0,47.26,2114,5244719,56.4,4611,4739141,50.96,0,0,0,0,0,0
2021-03-29,53,0,47,6920,5251639,56.47,30017,4769158,51.29,0,0,0,0,0,0
2021-03-30,53.08,0,46.92,7898,5259537,56.56,22455,4791613,51.53,0,0,0,0,0,0
2021-03-31,53.38,0,46.62,8154,5267691,56.65,19503,4811116,51.74,0,0,0,0,0,0
2021-04-01,53.62,0,46.38,8222,5275913,56.73,18704,4829820,51.94,0,0,0,0,0,0
2021-04-02,53.71,0,46.29,2948,5278861,56.77,8131,4837951,52.02,0,0,0,0,0,0
2021-04-03,53.74,0,46.26,1432,5280293,56.78,2984,4840935,52.06,0,0,0,0,0,0
2021-04-04,53.82,0,46.18,9618,5289911,56.89,22833,4863768,52.3,0,0,0,0,0,0
2021-04-05,54.04,0,45.96,10365,5300276,57,21280,4885048,52.53,0,0,0,0,0,0
2021-04-06,54.21,0,45.79,9035,5309311,57.09,16795,4901843,52.71,0,0,0,0,0,0
2021-04-07,54.36,0,45.64,8935,5318246,57.19,15314,4917157,52.88,0,0,0,0,0,0
2021-04-08,54.52,0,45.48,9430,5327676,57.29,17018,4934175,53.06,0,0,0,0,0,0
2021-04-09,54.58,0,45.42,3610,5331286,57.33,6260,4940435,53.13,0,0,0,0,0,0
2021-04-10,54.61,0,45.39,1637,5332923,57.35,3523,4943958,53.16,0,0,0,0,0,0
2021-04-11,54.78,0,45.22,9045,5341968,57.44,14249,4958207,53.32,0,0,0,0,0,0
2021-04-12,54.95,0,45.05,8938,5350906,57.54,13236,4971443,53.46,0,0,0,0,0,0
2021-04-13,55.08,0,44.92,5841,5356747,57.6,4960,4976403,53.51,0,0,0,0,0,0
2021-04-14,55.18,0,44.82,3650,5360397,57.64,5311,4981714,53.57,0,0,0,0,0,0
2021-04-15,55.27,0,44.73,699,5361096,57.65,583,4982297,53.58,0,0,0,0,0,0
2021-04-16,55.33,0,44.67,3420,5364516,57.69,6654,4988951,53.65,0,0,0,0,0,0
2021-04-17,55.35,0,44.65,822,5365338,57.7,1975,4990926,53.67,0,0,0,0,0,0
2021-04-18,55.47,0,44.53,7099,5372437,57.77,7433,4998359,53.75,0,0,0,0,0,0
2021-04-19,55.58,0,44.42,6407,5378844,57.84,7135,5005494,53.83,0,0,0,0,0,0
2021-04-20,55.65,0,44.35,6287,5385131,57.91,6890,5012384,53.9,0,0,0,0,0,0
2021-04-21,55.71,0,44.29,6382,5391513,57.98,7112,5019496,53.98,0,0,0,0,0,0
2021-04-22,55.75,0,44.25,5953,5397466,58.04,7691,5027187,54.06,0,0,0,0,0,0
2021-04-23,55.8,0,44.2,2768,5400234,58.07,3392,5030579,54.1,0,0,0,0,0,0
2021-04-24,55.82,0,44.18,769,5401003,58.08,1290,5031869,54.11,0,0,0,0,0,0
2021-04-25,55.89,0,44.11,4829,5405832,58.13,6925,5038794,54.18,0,0,0,0,0,0
2021-04-26,55.96,0,44.04,5479,5411311,58.19,7889,5046683,54.27,0,0,0,0,0,0
2021-04-27,56.03,0,43.97,4509,5415820,58.24,6628,5053311,54.34,0,0,0,0,0,0
2021-04-28,56.09,0,43.91,4502,5420322,58.29,7337,5060648,54.42,0,0,0,0,0,0
2021-04-29,56.16,0,43.84,4378,5424700,58.33,7297,5067945,54.5,0,0,0,0,0,0
2021-04-30,56.19,0,43.81,1925,5426625,58.36,3203,5071148,54.53,0,0,0,0,0,0
2021-05-01,56.2,0,43.8,458,5427083,58.36,895,5072043,54.54,0,0,0,0,0,0
2021-05-02,56.26,0,43.74,3225,5430308,58.39,6092,5078135,54.61,0,0,0,0,0,0
2021-05-03,56.32,0,43.68,3535,5433843,58.43,5835,5083970,54.67,0,0,0,0,0,0
2021-05-04,56.38,0,43.62,3594,5437437,58.47,4738,5088708,54.72,0,0,0,0,0,0
2021-05-05,56.44,0,43.56,3292,5440729,58.51,4093,5092801,54.77,0,0,0,0,0,0
2021-05-06,56.5,0,43.5,3646,5444375,58.55,3145,5095946,54.8,0,0,0,0,0,0
2021-05-07,56.52,0,43.48,1847,5446222,58.57,2509,5098455,54.83,0,0,0,0,0,0
2021-05-08,56.53,0,43.47,244,5446466,58.57,508,5098963,54.83,0,0,0,0,0,0
2021-05-09,56.58,0,43.42,2851,5449317,58.6,4751,5103714,54.88,0,0,0,0,0,0
2021-05-10,56.63,0,43.37,2899,5452216,58.63,4715,5108429,54.93,0,0,0,0,0,0
2021-05-11,56.67,0,43.33,2623,5454839,58.66,3882,5112311,54.98,0,0,0,0,0,0
2021-05-12,56.7,0,43.3,2034,5456873,58.68,3342,5115653,55.01,0,0,0,0,0,0
2021-05-13,56.73,0,43.27,2044,5458917,58.7,3688,5119341,55.05,0,0,0,0,0,0
2021-05-14,56.75,0,43.25,979,5459896,58.71,1495,5120836,55.07,0,0,0,0,0,0
2021-05-15,56.75,0,43.25,259,5460155,58.72,260,5121096,55.07,0,0,0,0,0,0
2021-05-16,56.78,0,43.22,529,5460684,58.72,1206,5122302,55.08,0,0,0,0,0,0
2021-05-17,56.81,0,43.19,303,5460987,58.72,848,5123150,55.09,0,0,0,0,0,0
2021-05-18,56.84,0,43.16,1963,5462950,58.75,4940,5128090,55.14,0,0,0,0,0,0
2021-05-19,56.87,0,43.13,2233,5465183,58.77,5043,5133133,55.2,0,0,0,0,0,0
2021-05-20,56.9,0,43.1,2311,5467494,58.79,3880,5137013,55.24,0,0,0,0,0,0
2021-05-21,56.92,0,43.08,1194,5468688,58.81,1414,5138427,55.26,0,0,0,0,0,0
2021-05-22,56.92,0,43.08,206,5468894,58.81,396,5138823,55.26,0,0,0,0,0,0
2021-05-23,56.94,0,43.06,2272,5471166,58.83,3216,5142039,55.3,0,0,0,0,0,0
2021-05-24,56.96,0,43.04,2142,5473308,58.86,3597,5145636,55.33,0,0,0,0,0,0
2021-05-25,56.99,0,43.01,1822,5475130,58.88,2588,5148224,55.36,0,0,0,0,0,0
2021-05-26,57.03,0,42.97,1415,5476545,58.89,2504,5150728,55.39,0,0,0,0,0,0
2021-05-27,57.06,0,42.94,1866,5478411,58.91,3189,5153917,55.42,0,0,0,0,0,0
2021-05-28,57.07,0,42.93,794,5479205,58.92,1406,5155323,55.44,0,0,0,0,0,0
2021-05-29,57.07,0,42.93,192,5479397,58.92,227,5155550,55.44,0,0,0,0,0,0
2021-05-30,57.1,0,42.9,1645,5481042,58.94,1937,5157487,55.46,0,0,0,0,0,0
2021-05-31,57.13,0,42.87,1740,5482782,58.96,2093,5159580,55.48,0,0,0,0,0,0
2021-06-01,57.47,0,42.53,1386,5484168,58.97,1824,5161404,55.5,0,0,0,0,0,0
2021-06-02,57.25,0,42.75,1514,5485682,58.99,1610,5163014,55.52,0,0,0,0,0,0
2021-06-03,57.27,0,42.73,1686,5487368,59.01,1496,5164510,55.54,0,0,0,0,0,0
2021-06-04,57.28,0,42.72,1102,5488470,59.02,784,5165294,55.55,0,0,0,0,0,0
2021-06-05,57.29,0,42.71,184,5488654,59.02,159,5165453,55.55,0,0,0,0,0,0
2021-06-06,57.31,0,42.69,4293,5492947,59.07,1002,5166455,55.56,0,0,0,0,0,0
2021-06-07,57.34,0,42.66,4441,5497388,59.12,814,5167269,55.57,0,0,0,0,0,0
2021-06-08,57.36,0,42.64,3740,5501128,59.16,1175,5168444,55.58,0,0,0,0,0,0
2021-06-09,57.4,0,42.6,3615,5504743,59.2,1331,5169775,55.59,0,0,0,0,0,0
2021-06-10,57.42,0,42.58,3366,5508109,59.23,1300,5171075,55.61,0,0,0,0,0,0
2021-06-11,57.43,0,42.57,1402,5509511,59.25,590,5171665,55.61,0,0,0,0,0,0
2021-06-12,57.43,0,42.57,223,5509734,59.25,173,5171838,55.62,0,0,0,0,0,0
2021-06-13,57.45,0,42.55,3101,5512835,59.28,1260,5173098,55.63,0,0,0,0,0,0
2021-06-14,57.46,0,42.54,3057,5515892,59.32,1534,5174632,55.65,0,0,0,0,0,0
2021-06-15,57.48,0,42.52,3138,5519030,59.35,1378,5176010,55.66,0,0,0,0,0,0
2021-06-16,57.49,0,42.51,2734,5521764,59.38,1004,5177014,55.67,0,0,0,0,0,0
2021-06-17,57.51,0,42.49,2733,5524497,59.41,1209,5178223,55.68,0,0,0,0,0,0
2021-06-18,57.52,0,42.48,1272,5525769,59.42,506,5178729,55.69,0,0,0,0,0,0
2021-06-19,57.52,0,42.48,242,5526011,59.42,139,5178868,55.69,0,0,0,0,0,0
2021-06-20,57.54,0,42.46,3316,5529327,59.46,1332,5180200,55.71,0,0,0,0,0,0
2021-06-21,57.56,0,42.44,5250,5534577,59.52,1218,5181418,55.72,0,0,0,0,0,0
2021-06-22,57.58,0,42.42,6935,5541512,59.59,1101,5182519,55.73,0,0,0,0,0,0
2021-06-23,57.6,0,42.4,10762,5552274,59.71,1304,5183823,55.74,0,0,0,0,0,0
2021-06-24,57.62,0,42.38,12051,5564325,59.84,1466,5185289,55.76,0,0,0,0,0,0
2021-06-25,57.62,0,42.38,7116,5571441,59.91,945,5186234,55.77,0,0,0,0,0,0
2021-06-26,57.63,0,42.37,2280,5573721,59.94,200,5186434,55.77,0,0,0,0,0,0
2021-06-27,57.65,0,42.35,13634,5587355,60.08,3439,5189873,55.81,0,0,0,0,0,0
2021-06-28,57.68,0,42.32,14518,5601873,60.24,3675,5193548,55.85,0,0,0,0,0,0
2021-06-29,57.69,0,42.31,16711,5618584,60.42,3746,5197294,55.89,0,0,0,0,0,0
2021-06-30,57.72,0,42.28,16488,5635072,60.6,3397,5200691,55.93,0,0,0,0,0,0
2021-07-01,57.78,0,42.22,16840,5651912,60.78,3381,5204072,55.96,121,121,0,0,0,0
2021-07-02,57.79,0,42.21,9836,5661748,60.88,1609,5205681,55.98,7,128,0,0,0,0
2021-07-03,57.79,0,42.21,2680,5664428,60.91,300,5205981,55.98,1,129,0,0,0,0
2021-07-04,57.85,0,42.15,17735,5682163,61.1,3161,5209142,56.02,2,131,0,0,0,0
2021-07-05,57.91,0,42.09,17852,5700015,61.3,3046,5212188,56.05,7,138,0,0,0,0
2021-07-06,57.99,0,42.01,17851,5717866,61.49,3412,5215600,56.09,11,149,0,0,0,0
2021-07-07,58.05,0,41.95,15534,5733400,61.65,2703,5218303,56.12,12,161,0,0,0,0
2021-07-08,58.12,0,41.88,16590,5749990,61.83,2881,5221184,56.15,17,178,0,0,0,0
2021-07-09,58.15,0,41.85,11127,5761117,61.95,1535,5222719,56.16,4,182,0,0,0,0
2021-07-10,58.15,0,41.85,4989,5766106,62.01,391,5223110,56.17,6,188,0,0,0,0
2021-07-11,58.22,0,41.78,1458,5767564,62.02,2848,5225958,56.2,9,197,0,0,0,0
2021-07-12,58.29,0,41.71,2428,5769992,62.05,3697,5229655,56.24,58,255,0,0,0,0
2021-07-13,58.36,0,41.64,2965,5772957,62.08,5460,5235115,56.3,124,379,0,0,0,0
2021-07-14,58.42,0,41.58,2748,5775705,62.11,7537,5242652,56.38,441,820,0.01,0,0,0
2021-07-15,58.5,0,41.5,3011,5778716,62.14,9302,5251954,56.48,374,1194,0.01,0,0,0
2021-07-16,58.54,0,41.46,1297,5780013,62.16,5898,5257852,56.54,66,1260,0.01,0,0,0
2021-07-17,58.55,0,41.44,372,5780385,62.16,1394,5259246,56.56,8,1268,0.01,0,0,0
2021-07-18,58.6,0,41.4,2074,5782459,62.18,9771,5269017,56.66,235,1503,0.02,0,0,0
2021-07-19,58.65,0,41.35,3212,5785671,62.22,11346,5280363,56.78,461,1964,0.02,0,0,0
2021-07-20,58.72,0,41.28,2691,5788362,62.25,11915,5292278,56.91,374,2338,0.03,0,0,0
2021-07-21,58.81,0,41.19,2408,5790770,62.27,11881,5304159,57.04,325,2663,0.03,0,0,0
2021-07-22,58.93,0,41.07,2879,5793649,62.3,13281,5317440,57.18,392,3055,0.03,0,0,0
2021-07-23,58.99,0,41.01,2039,5795688,62.32,8249,5325689,57.27,106,3161,0.03,0,0,0
2021-07-24,58.99,0,41,646,5796334,62.33,1486,5327175,57.29,7,3168,0.03,0,0,0
2021-07-25,59.1,0,40.89,4417,5800751,62.38,15499,5342674,57.45,223,3391,0.04,0,0,0
2021-07-26,59.24,0,40.75,5175,5805926,62.43,13537,5356211,57.6,325,3716,0.04,0,0,0
2021-07-27,59.37,0.01,40.62,5493,5811419,62.49,13579,5369790,57.74,414,4130,0.04,0,0,0
2021-07-28,59.5,0.01,40.49,3991,5815410,62.54,12345,5382135,57.88,472,4602,0.05,0,0,0
2021-07-29,59.65,0.01,40.33,4666,5820076,62.59,14206,5396341,58.03,532,5134,0.06,0,0,0
2021-07-30,59.74,0.02,40.25,2658,5822734,62.61,10859,5407200,58.15,4122,9256,0.1,0,0,0
2021-07-31,59.75,0.02,40.23,1407,5824141,62.63,3554,5410754,58.18,6159,15415,0.17,0,0,0
2021-08-01,59.91,0.02,40.06,3079,5827220,62.66,3367,5414121,58.22,31048,46463,0.5,0,0,0
2021-08-02,60.06,0.03,39.91,3134,5830354,62.7,3176,5417297,58.25,58514,104977,1.13,0,0,0
2021-08-03,60.21,0.03,39.76,3388,5833742,62.73,3332,5420629,58.29,78954,183931,1.98,0,0,0
2021-08-04,60.34,0.03,39.63,3535,5837277,62.77,3256,5423885,58.33,80766,264697,2.85,0,0,0
2021-08-05,60.49,0.04,39.47,4515,5841792,62.82,3572,5427457,58.36,88442,353139,3.8,0,0,0
2021-08-06,60.6,0.04,39.36,2437,5844229,62.85,1864,5429321,58.38,44744,397883,4.28,0,0,0
2021-08-07,60.63,0.04,39.32,1034,5845263,62.86,701,5430022,58.39,27353,425236,4.57,0,0,0
2021-08-08,60.68,0.04,39.28,4991,5850254,62.91,3082,5433104,58.42,80087,505323,5.43,0,0,0
2021-08-09,60.72,0.04,39.24,5341,5855595,62.97,3064,5436168,58.46,76489,581812,6.26,0,0,0
2021-08-10,60.75,0.04,39.2,5554,5861149,63.03,3211,5439379,58.49,75427,657239,7.07,0,0,0
2021-08-11,60.79,0.04,39.17,5696,5866845,63.09,2949,5442328,58.52,62642,719881,7.74,0,0,0
2021-08-12,60.83,0.04,39.12,7039,5873884,63.16,3291,5445619,58.56,59463,779344,8.38,0,0,0
2021-08-13,60.84,0.05,39.11,3821,5877705,63.21,2074,5447693,58.58,43870,823214,8.85,0,0,0
2021-08-14,60.85,0.05,39.1,2255,5879960,63.23,854,5448547,58.59,44486,867700,9.33,0,0,0
2021-08-15,60.89,0.05,39.06,7145,5887105,63.31,4531,5453078,58.64,97985,965685,10.38,0,0,0
2021-08-16,60.92,0.04,39.03,6991,5894096,63.38,4750,5457828,58.69,89522,1055207,11.35,0,0,0
2021-08-17,60.96,0.04,39,7573,5901669,63.46,5138,5462966,58.75,83320,1138527,12.24,0,0,0
2021-08-18,60.99,0.04,38.96,8643,5910312,63.56,4603,5467569,58.8,69269,1207796,12.99,0,0,0
2021-08-19,61.03,0.04,38.92,10082,5920394,63.67,5217,5472786,58.85,65976,1273772,13.7,0,0,0
2021-08-20,61.05,0.05,38.9,4769,5925163,63.72,2828,5475614,58.88,60454,1334226,14.35,0,0,0
2021-08-21,61.06,0.05,38.89,3499,5928662,63.75,1580,5477194,58.9,50726,1384952,14.89,0,0,0
2021-08-22,61.12,0.04,38.84,9822,5938484,63.86,4808,5482002,58.95,105113,1490065,16.02,0,0,0
2021-08-23,61.17,0.04,38.79,10923,5949407,63.98,4448,5486450,59,94035,1584100,17.03,0,0,0
2021-08-24,61.23,0.04,38.73,11721,5961128,64.1,4701,5491151,59.05,98562,1682662,18.09,0,0,0
2021-08-25,61.29,0.04,38.67,9613,5970741,64.21,4484,5495635,59.1,99559,1782221,19.17,0,0,0
2021-08-26,61.36,0.03,38.61,10114,5980855,64.32,5059,5500694,59.15,101234,1883455,20.25,0,0,0
2021-08-27,61.35,0.04,38.61,4325,5985180,64.36,2790,5503484,59.18,56696,1940151,20.86,0,0,0
2021-08-28,61.4,0.04,38.57,3704,5988884,64.4,1500,5504984,59.2,33542,1973693,21.22,0,0,0
2021-08-29,61.46,0.03,38.5,10323,5999207,64.51,5932,5510916,59.26,79550,2053243,22.08,0,0,0
2021-08-30,61.53,0.03,38.44,12333,6011540,64.65,7017,5517933,59.34,116010,2169253,23.33,0,0,0
2021-08-31,61.6,0.03,38.37,12076,6023616,64.78,6529,5524462,59.41,114884,2284137,24.56,0,0,0
2021-09-01,61.43,0.03,38.54,9037,6032653,64.87,6043,5530505,59.47,112495,2396632,25.77,0,0,0
2021-09-02,61.49,0.03,38.48,8784,6041437,64.97,7186,5537691,59.55,111548,2508180,26.97,0,0,0
2021-09-03,61.56,0.03,38.42,3751,6045188,65.01,4118,5541809,59.59,58886,2567066,27.61,0,0,0
2021-09-04,61.59,0.03,38.38,2692,6047880,65.04,2023,5543832,59.62,29954,2597020,27.93,0,0,0
2021-09-05,61.68,0.03,38.29,6991,6054871,65.11,6460,5550292,59.69,73328,2670348,28.72,0,0,0
2021-09-06,61.77,0.03,38.2,2836,6057707,65.14,2718,5553010,59.71,22800,2693148,28.96,0,0,0
2021-09-07,61.85,0.03,38.12,1202,6058909,65.15,880,5553890,59.72,5398,2698546,29.02,0,0,0
2021-09-08,61.93,0.03,38.05,1380,6060289,65.17,1196,5555086,59.74,6621,2705167,29.09,0,0,0
2021-09-09,62.02,0.03,37.95,7092,6067381,65.25,12573,5567659,59.87,73847,2779014,29.88,0,0,0
2021-09-10,62.06,0.03,37.91,3258,6070639,65.28,5016,5572675,59.93,37938,2816952,30.29,0,0,0
2021-09-11,62.08,0.03,37.89,2109,6072748,65.3,2509,5575184,59.95,14817,2831769,30.45,0,0,0
2021-09-12,62.16,0.03,37.81,6105,6078853,65.37,8589,5583773,60.05,54137,2885906,31.03,0,0,0
2021-09-13,62.15,0.03,37.82,5611,6084464,65.43,8264,5592037,60.13,47984,2933890,31.55,0,0,0
2021-09-14,62.2,0.03,37.77,4964,6089428,65.48,7424,5599461,60.21,48855,2982745,32.07,0,0,0
2021-09-15,62.25,0.03,37.72,1751,6091179,65.5,2719,5602180,60.24,16687,2999432,32.25,0,0,0
2021-09-16,62.37,0.03,37.6,343,6091522,65.51,550,5602730,60.25,1740,3001172,32.27,0,0,0
2021-09-17,62.42,0.03,37.54,3684,6095206,65.54,7022,5609752,60.32,42905,3044077,32.73,0,0,0
2021-09-18,62.45,0.03,37.52,2258,6097464,65.57,2946,5612698,60.36,12783,3056860,32.87,0,0,0
2021-09-19,62.55,0.03,37.42,5943,6103407,65.63,10712,5623410,60.47,44331,3101191,33.35,0,0,0
2021-09-20,62.63,0.03,37.34,3246,6106653,65.67,4646,5628056,60.52,16708,3117899,33.53,0,0,0
2021-09-21,62.69,0.03,37.28,1340,6107993,65.68,2068,5630124,60.54,3477,3121376,33.57,0,0,0
2021-09-22,62.72,0.03,37.25,4260,6112253,65.73,7250,5637374,60.62,25072,3146448,33.84,0,0,0
2021-09-23,62.75,0.03,37.22,4391,6116644,65.78,5918,5643292,60.69,27834,3174282,34.13,0,0,0
2021-09-24,62.82,0.03,37.15,3203,6119847,65.81,4185,5647477,60.73,27724,3202006,34.43,0,0,0
2021-09-25,62.85,0.03,37.12,2080,6121927,65.83,2264,5649741,60.75,10443,3212449,34.55,0,0,0
2021-09-26,62.96,0.03,37,5605,6127532,65.89,5973,5655714,60.82,36271,3248720,34.94,0,0,0
2021-09-27,63.02,0.03,36.94,4696,6132228,65.94,4469,5660183,60.87,30457,3279177,35.26,0,0,0
2021-09-28,63.06,0.04,36.91,1473,6133701,65.96,1187,5661370,60.88,6250,3285427,35.33,0,0,0
2021-09-29,63.13,0.03,36.84,9622,6143323,66.06,8349,5669719,60.97,60325,3345752,35.98,0,0,0
2021-09-30,63.18,0.03,36.79,10976,6154299,66.18,8580,5678299,61.06,79704,3425456,36.84,0,0,0
2021-10-01,63.23,0.03,36.73,5128,6159427,66.24,3876,5682175,61.1,46546,3472002,37.34,0,0,0
2021-10-02,63.26,0.03,36.71,2865,6162292,66.27,2128,5684303,61.13,22433,3494435,37.58,0,0,0
2021-10-03,63.35,0.03,36.62,11668,6173960,66.39,7275,5691578,61.2,70726,3565161,38.34,0,0,0
2021-10-04,63.4,0.03,36.57,10321,6184281,66.5,6759,5698337,61.28,51912,3617073,38.9,0,0,0
2021-10-05,63.41,0.03,36.55,8461,6192742,66.59,5314,5703651,61.33,40481,3657554,39.33,0,0,0
2021-10-06,63.52,0.03,36.45,7543,6200285,66.67,4185,5707836,61.38,34150,3691704,39.7,0,0,0
2021-10-07,63.63,0.03,36.34,6895,6207180,66.75,4011,5711847,61.42,34073,3725777,40.07,0,0,0
2021-10-08,63.68,0.03,36.29,3086,6210266,66.78,2644,5714491,61.45,19250,3745027,40.27,0,0,0
2021-10-09,63.71,0.03,36.26,1341,6211607,66.8,1444,5715935,61.47,7441,3752468,40.35,0,0,0
2021-10-10,63.82,0.04,36.14,4677,6216284,66.85,3747,5719682,61.51,21519,3773987,40.58,0,0,0
2021-10-11,63.91,0.04,36.05,4299,6220583,66.89,2946,5722628,61.54,17270,3791257,40.77,0,0,0
2021-10-12,63.99,0.05,35.96,3977,6224560,66.94,3007,5725635,61.57,15357,3806614,40.93,0,0,0
2021-10-13,64.09,0.05,35.86,3487,6228047,66.97,2451,5728086,61.6,13587,3820201,41.08,0,0,0
2021-10-14,64.19,0.06,35.75,3870,6231917,67.02,2686,5730772,61.63,16569,3836770,41.26,0,0,0
2021-10-15,64.23,0.07,35.7,1705,6233622,67.03,1686,5732458,61.64,9012,3845782,41.36,0,0,0
2021-10-16,64.25,0.08,35.67,729,6234351,67.04,958,5733416,61.65,4036,3849818,41.4,0,0,0
2021-10-17,64.36,0.09,35.56,3090,6237441,67.07,2526,5735942,61.68,12798,3862616,41.54,0,0,0
2021-10-18,64.43,0.1,35.47,2459,6239900,67.1,1694,5737636,61.7,10069,3872685,41.64,0,0,0
2021-10-19,64.49,0.1,35.4,2399,6242299,67.13,1284,5738920,61.71,9295,3881980,41.74,0,0,0
2021-10-20,64.14,0.52,35.34,2438,6244737,67.15,2304,5741224,61.74,10104,3892084,41.85,0,0,0
2021-10-21,54.23,10.41,35.36,3033,6247770,67.19,3098,5744322,61.77,12164,3904248,41.98,0,0,0
2021-10-22,54.36,10.26,35.38,1279,6249049,67.2,1439,5745761,61.79,5842,3910090,42.05,0,0,0
2021-10-23,54.42,10.19,35.39,575,6249624,67.21,1266,5747027,61.8,2565,3912655,42.07,0,0,0
2021-10-24,54.22,10.43,35.35,2518,6252142,67.23,2653,5749680,61.83,9855,3922510,42.18,0,0,0
2021-10-25,54.59,10.22,35.19,2640,6254782,67.26,2753,5752433,61.86,8511,3931021,42.27,0,0,0
2021-10-26,54.64,10.26,35.1,2381,6257163,67.29,2058,5754491,61.88,8531,3939552,42.36,0,0,0
2021-10-27,54.58,10.37,35.06,2292,6259455,67.31,2566,5757057,61.91,7959,3947511,42.45,0,0,0
2021-10-28,54.69,10.76,34.55,2508,6261963,67.34,2782,5759839,61.94,8676,3956187,42.54,0,0,0
2021-10-29,54.73,10.75,34.52,904,6262867,67.35,1154,5760993,61.95,4138,3960325,42.59,0,0,0
2021-10-30,54.68,10.81,34.52,366,6263233,67.35,530,5761523,61.96,1712,3962037,42.61,0,0,0
2021-10-31,54.83,10.7,34.47,2262,6265495,67.38,2495,5764018,61.98,8255,3970292,42.69,0,0,0
2021-11-01,54.95,10.63,34.42,1737,6267232,67.39,2094,5766112,62.01,6481,3976773,42.76,0,0,0
2021-11-02,54.89,10.69,34.42,2026,6269258,67.42,2050,5768162,62.03,6296,3983069,42.83,0,0,0
2021-11-03,54.86,10.75,34.39,1764,6271022,67.44,1897,5770059,62.05,5556,3988625,42.89,0,0,0
2021-11-04,54.85,10.81,34.33,2111,6273133,67.46,2802,5772861,62.08,7134,3995759,42.97,0,0,0
2021-11-05,54.85,10.83,34.32,793,6273926,67.47,907,5773768,62.09,3488,3999247,43.01,0,0,0
2021-11-06,54.82,10.86,34.32,347,6274273,67.47,389,5774157,62.09,1375,4000622,43.02,0,0,0
2021-11-07,54.92,10.8,34.28,1578,6275851,67.49,1770,5775927,62.11,6133,4006755,43.09,0,0,0
2021-11-08,55.01,10.75,34.24,1521,6277372,67.5,1603,5777530,62.13,5406,4012161,43.14,0,0,0
2021-11-09,55.05,10.74,34.21,1429,6278801,67.52,1612,5779142,62.15,5332,4017493,43.2,0,0,0
2021-11-10,55.08,10.73,34.19,1424,6280225,67.53,1662,5780804,62.16,4779,4022272,43.25,0,0,0
2021-11-11,55.15,10.69,34.15,1628,6281853,67.55,1948,5782752,62.18,5719,4027991,43.31,0,0,0
2021-11-12,55.17,10.69,34.14,637,6282490,67.56,826,5783578,62.19,2926,4030917,43.35,0,0,0
2021-11-13,55.14,10.72,34.14,259,6282749,67.56,291,5783869,62.2,1130,4032047,43.36,0,0,0
2021-11-14,55.21,10.68,34.11,1536,6284285,67.58,1639,5785508,62.21,5111,4037158,43.41,0,0,0
2021-11-15,55.28,10.63,34.09,1275,6285560,67.59,1628,5787136,62.23,4770,4041928,43.46,0,0,0
2021-11-16,55.32,10.62,34.07,1275,6286835,67.61,1419,5788555,62.25,4349,4046277,43.51,0,0,0
2021-11-17,55.35,10.6,34.05,1208,6288043,67.62,1567,5790122,62.26,3915,4050192,43.55,0,0,0
2021-11-18,55.41,10.58,34.02,1364,6289407,67.63,1693,5791815,62.28,5014,4055206,43.61,0,0,0
2021-11-19,55.42,10.57,34.01,589,6289996,67.64,765,5792580,62.29,2460,4057666,43.63,0,0,0
2021-11-20,55.41,10.58,34,238,6290234,67.64,258,5792838,62.29,930,4058596,43.64,0,0,0
2021-11-21,55.47,10.54,33.98,1409,6291643,67.66,1542,5794380,62.31,4881,4063477,43.7,0,0,0
2021-11-22,55.54,10.5,33.96,1681,6293324,67.68,1523,5795903,62.33,4238,4067715,43.74,0,0,0
2021-11-23,55.57,10.48,33.95,8616,6301940,67.77,1688,5797591,62.34,4012,4071727,43.79,0,0,0
2021-11-24,55.6,10.44,33.95,9348,6311288,67.87,1319,5798910,62.36,3925,4075652,43.83,0,0,0
2021-11-25,55.64,10.43,33.93,9808,6321096,67.97,1600,5800510,62.38,4841,4080493,43.88,0,0,0
2021-11-26,55.63,10.45,33.92,5610,6326706,68.03,753,5801263,62.38,2807,4083300,43.91,0,0,0
2021-11-27,55.62,10.46,33.92,4776,6331482,68.09,324,5801587,62.39,1164,4084464,43.92,0,0,0
2021-11-28,55.67,10.43,33.9,10148,6341630,68.19,1481,5803068,62.4,4907,4089371,43.98,0,0,0
2021-11-29,55.73,10.39,33.88,9043,6350673,68.29,1135,5804203,62.42,4378,4093749,44.02,0,0,0
2021-11-30,55.77,10.37,33.86,10043,6360716,68.4,1039,5805242,62.43,4085,4097834,44.07,0,0,0
2021-12-01,55.79,10.36,33.84,8629,6369345,68.49,1098,5806340,62.44,4445,4102279,44.11,5,5,0
2021-12-02,55.84,10.34,33.82,9173,6378518,68.59,1457,5807797,62.45,5126,4107405,44.17,6,11,0
2021-12-03,55.86,10.33,33.81,6329,6384847,68.66,673,5808470,62.46,2868,4110273,44.2,1,12,0
2021-12-04,55.85,10.34,33.81,2509,6387356,68.69,239,5808709,62.46,926,4111199,44.21,3,15,0
2021-12-05,55.9,10.31,33.79,8334,6395690,68.78,1254,5809963,62.48,4683,4115882,44.26,1,16,0
2021-12-06,55.95,10.27,33.78,6720,6402410,68.85,1200,5811163,62.49,4351,4120233,44.31,4,20,0
2021-12-07,55.99,10.25,33.76,5553,6407963,68.91,1506,5812669,62.51,3966,4124199,44.35,9,29,0
2021-12-08,56.03,10.22,33.75,4934,6412897,68.96,1201,5813870,62.52,3885,4128084,44.39,10,39,0
2021-12-09,56.08,10.19,33.73,6239,6419136,69.03,1241,5815111,62.53,4508,4132592,44.44,8,47,0
2021-12-10,56.1,10.18,33.72,3006,6422142,69.06,704,5815815,62.54,2687,4135279,44.47,4,51,0
2021-12-11,56.1,10.18,33.71,1491,6423633,69.08,255,5816070,62.54,1022,4136301,44.48,0,51,0
2021-12-12,56.16,10.15,33.69,7273,6430906,69.15,1444,5817514,62.56,5249,4141550,44.54,3,54,0
2021-12-13,56.21,10.11,33.67,6180,6437086,69.22,1377,5818891,62.57,4351,4145901,44.58,5,59,0
2021-12-14,56.27,10.09,33.65,7316,6444402,69.3,6098,5824989,62.64,4941,4150842,44.64,12,71,0
2021-12-15,56.34,10.06,33.6,7204,6451606,69.38,7404,5832393,62.72,5446,4156288,44.69,7,78,0
2021-12-16,56.53,10.05,33.42,8079,6459685,69.46,8610,5841003,62.81,6565,4162853,44.77,8,86,0
2021-12-17,56.64,10.05,33.3,4406,6464091,69.51,5141,5846144,62.87,3955,4166808,44.81,3,89,0
2021-12-18,56.73,10.07,33.2,3942,6468033,69.55,2913,5849057,62.9,1361,4168169,44.82,2,91,0
2021-12-19,56.92,10.04,33.04,6978,6475011,69.63,9328,5858385,63,6276,4174445,44.89,6,97,0
2021-12-20,57.07,10.02,32.91,7971,6482982,69.71,7520,5865905,63.08,5447,4179892,44.95,9,106,0
2021-12-21,57.27,10.01,32.71,9548,6492530,69.82,8647,5874552,63.17,6493,4186385,45.02,8,114,0
2021-12-22,57.49,10,32.52,9663,6502193,69.92,8152,5882704,63.26,6258,4192643,45.09,12,126,0
2021-12-23,57.7,9.97,32.33,11539,6513732,70.05,10262,5892966,63.37,8160,4200803,45.17,16,142,0
2021-12-24,57.83,9.96,32.21,5875,6519607,70.11,6241,5899207,63.44,5281,4206084,45.23,12,154,0
2021-12-25,57.9,9.96,32.15,3338,6522945,70.14,2566,5901773,63.46,2022,4208106,45.25,6,160,0
2021-12-26,58.1,9.92,31.98,10652,6533597,70.26,8909,5910682,63.56,8202,4216308,45.34,8,168,0
2021-12-27,58.27,9.9,31.83,10370,6543967,70.37,7142,5917824,63.64,8188,4224496,45.43,26,194,0
2021-12-28,58.46,9.88,31.66,11375,6555342,70.49,7451,5925275,63.72,9643,4234139,45.53,29,223,0
2021-12-29,58.64,9.85,31.51,9933,6565275,70.6,5964,5931239,63.78,8376,4242515,45.62,21,244,0
2021-12-30,58.84,9.82,31.34,11012,6576287,70.72,7735,5938974,63.86,12240,4254755,45.75,10,254,0
2021-12-31,58.9,9.79,31.3,4829,6581116,70.77,3672,5942646,63.9,7296,4262051,45.83,135,389,0
2022-01-01,58.93,9.79,31.28,1993,6583109,70.79,1592,5944238,63.92,2741,4264792,45.86,66,455,0
2022-01-02,59.14,9.76,31.1,10216,6593325,70.9,6487,5950725,63.99,13002,4277794,46,590,1045,0.01
2022-01-03,59.29,9.71,31,9384,6602709,71,5259,5955984,64.05,11343,4289137,46.12,25055,26100,0.28
2022-01-04,59.46,9.68,30.86,8963,6611672,71.1,5947,5961931,64.11,10525,4299662,46.24,50664,76764,0.83
2022-01-05,59.56,9.65,30.79,8553,6620225,71.19,5740,5967671,64.17,10492,4310154,46.35,59595,136359,1.47
2022-01-06,59.81,9.63,30.56,10339,6630564,71.3,7958,5975629,64.26,13532,4323686,46.49,64006,200365,2.15
2022-01-07,59.89,9.61,30.49,4759,6635323,71.35,4557,5980186,64.31,8167,4331853,46.58,31135,231500,2.49
2022-01-08,59.9,9.64,30.46,2749,6638072,71.38,2451,5982637,64.33,5502,4337355,46.64,27633,259133,2.79
2022-01-09,60.06,9.59,30.35,9305,6647377,71.48,7724,5990361,64.42,11871,4349226,46.77,66771,325904,3.5
2022-01-10,60.21,9.54,30.25,8347,6655724,71.57,7646,5998007,64.5,11885,4361111,46.9,64782,390686,4.2
2022-01-11,60.38,9.49,30.13,8097,6663821,71.66,8623,6006630,64.59,11974,4373085,47.03,56661,447347,4.81
2022-01-12,60.51,9.45,30.04,7275,6671096,71.74,8305,6014935,64.68,11114,4384199,47.15,44633,491980,5.29
2022-01-13,60.7,9.35,29.94,7509,6678605,71.82,9616,6024551,64.79,11549,4395748,47.27,34769,526749,5.66
2022-01-14,60.79,9.31,29.9,2555,6681160,71.85,4935,6029486,64.84,6146,4401894,47.34,11145,537894,5.78
2022-01-15,60.83,9.29,29.87,1469,6682629,71.86,3170,6032656,64.87,3885,4405779,47.38,5716,543610,5.85
2022-01-16,60.97,9.2,29.82,3817,6686446,71.9,8524,6041180,64.96,7682,4413461,47.46,19993,563603,6.06
2022-01-17,61.09,9.13,29.78,2808,6689254,71.93,7047,6048227,65.04,6173,4419634,47.53,17835,581438,6.25
2022-01-18,61.23,9.07,29.7,2475,6691729,71.96,7386,6055613,65.12,5535,4425169,47.59,14819,596257,6.41
2022-01-19,61.37,8.98,29.65,1915,6693644,71.98,6368,6061981,65.19,4523,4429692,47.63,8462,604719,6.5
2022-01-20,61.44,8.85,29.71,1777,6695421,72,6971,6068952,65.26,4792,4434484,47.69,8042,612761,6.59
2022-01-21,61.51,8.81,29.68,905,6696326,72.01,3725,6072677,65.3,2646,4437130,47.71,3358,616119,6.63
2022-01-22,61.51,8.75,29.74,327,6696653,72.01,1462,6074139,65.32,1068,4438198,47.73,1114,617233,6.64
2022-01-23,61.61,8.7,29.69,1068,6697721,72.02,5632,6079771,65.38,2879,4441077,47.76,6083,623316,6.7
2022-01-24,61.73,8.62,29.65,759,6698480,72.03,4481,6084252,65.43,2271,4443348,47.78,5057,628373,6.76
2022-01-25,61.9,8.51,29.59,744,6699224,72.04,4401,6088653,65.47,2187,4445535,47.81,7102,635475,6.83
2022-01-26,62.02,8.42,29.57,615,6699839,72.05,3286,6091939,65.51,1612,4447147,47.82,4263,639738,6.88
2022-01-27,62.12,8.35,29.52,797,6700636,72.06,4405,6096344,65.56,2006,4449153,47.84,5441,645179,6.94
2022-01-28,62.16,8.33,29.5,397,6701033,72.06,2376,6098720,65.58,1182,4450335,47.86,3452,648631,6.98
2022-01-29,62.23,8.29,29.48,124,6701157,72.06,1046,6099766,65.59,425,4450760,47.86,1162,649793,6.99
2022-01-30,62.3,8.24,29.46,769,6701926,72.07,4719,6104485,65.64,2020,4452780,47.88,8099,657892,7.07
2022-01-31,62.39,8.17,29.43,528,6702454,72.07,3183,6107668,65.68,1610,4454390,47.9,6472,664364,7.14
2022-02-01,62.45,8.15,29.4,482,6702936,72.08,2809,6110477,65.71,1526,4455916,47.92,5722,670086,7.21
2022-02-02,62.28,8.13,29.59,375,6703311,72.08,2394,6112871,65.73,1386,4457302,47.93,5073,675159,7.26
2022-02-03,62.34,8.08,29.57,446,6703757,72.09,2776,6115647,65.76,1462,4458764,47.95,5607,680766,7.32
2022-02-04,62.37,8.06,29.57,174,6703931,72.09,991,6116638,65.78,758,4459522,47.96,2455,683221,7.35
2022-02-05,62.34,8.09,29.56,62,6703993,72.09,342,6116980,65.78,221,4459743,47.96,420,683641,7.35
2022-02-06,62.41,8.05,29.55,407,6704400,72.1,2321,6119301,65.8,1344,4461087,47.97,5687,689328,7.41
2022-02-07,62.47,8.01,29.52,283,6704683,72.1,1308,6120609,65.82,984,4462071,47.98,5961,695289,7.48
2022-02-08,62.54,7.97,29.49,317,6705000,72.1,1498,6122107,65.83,1068,4463139,47.99,6138,701427,7.54
2022-02-09,62.6,7.95,29.45,254,6705254,72.1,1102,6123209,65.85,946,4464085,48,4570,705997,7.59
2022-02-10,62.63,7.93,29.44,273,6705527,72.11,1292,6124501,65.86,936,4465021,48.01,4816,710813,7.64
2022-02-11,62.67,7.91,29.42,212,6705739,72.11,557,6125058,65.87,519,4465540,48.02,2540,713353,7.67
2022-02-12,62.67,7.91,29.41,32,6705771,72.11,91,6125149,65.87,137,4465677,48.02,269,713622,7.67
2022-02-13,62.73,7.87,29.39,286,6706057,72.11,946,6126095,65.88,967,4466644,48.03,4998,718620,7.73
2022-02-14,62.89,7.74,29.36,179,6706236,72.12,628,6126723,65.88,761,4467405,48.04,3143,721763,7.76
2022-02-15,62.92,7.73,29.35,266,6706502,72.12,763,6127486,65.89,938,4468343,48.05,3819,725582,7.8
2022-02-16,62.95,7.72,29.34,179,6706681,72.12,577,6128063,65.9,803,4469146,48.06,2488,728070,7.83
2022-02-17,62.96,7.7,29.34,247,6706928,72.12,740,6128803,65.91,775,4469921,48.07,3061,731131,7.86
2022-02-18,62.98,7.69,29.33,130,6707058,72.12,343,6129146,65.91,441,4470362,48.07,1119,732250,7.87
2022-02-19,62.99,7.69,29.32,33,6707091,72.12,84,6129230,65.91,82,4470444,48.07,80,732330,7.88
2022-02-20,63.01,7.67,29.32,204,6707295,72.13,604,6129834,65.92,723,4471167,48.08,2574,734904,7.9
2022-02-21,63.04,7.65,29.31,173,6707468,72.13,413,6130247,65.92,490,4471657,48.09,1542,736446,7.92
2022-02-22,63.05,7.65,29.3,158,6707626,72.13,455,6130702,65.93,570,4472227,48.09,1871,738317,7.94
2022-02-23,63.06,7.65,29.29,109,6707735,72.13,353,6131055,65.93,453,4472680,48.1,1153,739470,7.95
2022-02-24,63.05,7.66,29.29,138,6707873,72.13,463,6131518,65.94,568,4473248,48.1,1493,740963,7.97
2022-02-25,63.06,7.66,29.28,59,6707932,72.13,144,6131662,65.94,193,4473441,48.11,456,741419,7.97
2022-02-26,63.05,7.67,29.28,17,6707949,72.13,28,6131690,65.94,161,4473602,48.11,35,741454,7.97
2022-02-27,63.05,7.67,29.28,112,6708061,72.14,341,6132031,65.94,448,4474050,48.11,1119,742573,7.99
2022-02-28,63.07,7.65,29.28,108,6708169,72.14,271,6132302,65.94,426,4474476,48.12,908,743481,8
2022-03-01,63.1,7.63,29.27,97,6708266,72.14,280,6132582,65.95,373,4474849,48.12,797,744278,8
2022-03-02,63.11,7.62,29.27,77,6708343,72.14,199,6132781,65.95,324,4475173,48.12,698,744976,8.01
2022-03-03,63.05,7.67,29.27,157,6708500,72.14,371,6133152,65.95,499,4475672,48.13,987,745963,8.02
2022-03-04,63.05,7.68,29.27,54,6708554,72.14,170,6133322,65.95,170,4475842,48.13,228,746191,8.02
2022-03-05,63.04,7.69,29.27,5,6708559,72.14,25,6133347,65.95,44,4475886,48.13,32,746223,8.02
2022-03-06,63.04,7.69,29.27,98,6708657,72.14,259,6133606,65.96,417,4476303,48.14,760,746983,8.03
2022-03-07,63.05,7.69,29.26,86,6708743,72.14,260,6133866,65.96,354,4476657,48.14,605,747588,8.04
2022-03-08,63.04,7.7,29.26,100,6708843,72.14,263,6134129,65.96,333,4476990,48.14,550,748138,8.05
2022-03-09,63.02,7.72,29.25,89,6708932,72.14,213,6134342,65.97,337,4477327,48.15,492,748630,8.05
2022-03-10,63.01,7.74,29.25,115,6709047,72.15,375,6134717,65.97,428,4477755,48.15,620,749250,8.06
2022-03-11,63,7.75,29.25,24,6709071,72.15,85,6134802,65.97,123,4477878,48.15,144,749394,8.06
2022-03-12,62.98,7.77,29.24,11,6709082,72.15,12,6134814,65.97,34,4477912,48.15,28,749422,8.06
2022-03-13,62.98,7.78,29.24,100,6709182,72.15,271,6135085,65.97,359,4478271,48.16,595,750017,8.07
2022-03-14,62.98,7.78,29.24,66,6709248,72.15,253,6135338,65.98,316,4478587,48.16,559,750576,8.07
2022-03-15,62.95,7.81,29.24,80,6709328,72.15,185,6135523,65.98,293,4478880,48.16,591,751167,8.08
2022-03-16,62.94,7.82,29.24,77,6709405,72.15,205,6135728,65.98,305,4479185,48.17,668,751835,8.08
2022-03-17,62.94,7.82,29.24,65,6709470,72.15,122,6135850,65.98,286,4479471,48.17,613,752448,8.09
2022-03-18,62.94,7.82,29.24,20,6709490,72.15,54,6135904,65.98,100,4479571,48.17,234,752682,8.09
2022-03-19,62.89,7.88,29.23,6,6709496,72.15,11,6135915,65.98,29,4479600,48.17,39,752721,8.09
2022-03-20,62.87,7.89,29.23,119,6709615,72.15,260,6136175,65.99,486,4480086,48.18,1431,754152,8.11
2022-03-21,62.87,7.9,29.23,97,6709712,72.15,249,6136424,65.99,379,4480465,48.18,1132,755284,8.12
2022-03-22,62.84,7.94,29.23,141,6709853,72.15,342,6136766,65.99,508,4480973,48.19,1770,757054,8.14
2022-03-23,62.81,7.97,29.22,108,6709961,72.16,212,6136978,65.99,463,4481436,48.19,1677,758731,8.16
2022-03-24,62.78,8,29.22,175,6710136,72.16,345,6137323,66,769,4482205,48.2,2363,761094,8.18
2022-03-25,62.78,8,29.23,39,6710175,72.16,83,6137406,66,159,4482364,48.2,630,761724,8.19
2022-03-26,62.77,8,29.22,12,6710187,72.16,13,6137419,66,34,4482398,48.2,91,761815,8.19
2022-03-27,62.75,8.02,29.22,167,6710354,72.16,344,6137763,66,760,4483158,48.21,3193,765008,8.23
2022-03-28,62.75,8.03,29.22,113,6710467,72.16,272,6138035,66.01,623,4483781,48.22,2416,767424,8.25
2022-03-29,62.7,8.07,29.22,125,6710592,72.16,258,6138293,66.01,641,4484422,48.22,2772,770196,8.28
2022-03-30,62.81,8.11,29.07,132,6710724,72.16,208,6138501,66.01,542,4484964,48.23,2370,772566,8.31
2022-03-31,62.79,8.11,29.1,166,6710890,72.17,302,6138803,66.01,732,4485696,48.24,2853,775419,8.34
2022-04-01,62.72,8.13,29.15,122,6711012,72.17,161,6138964,66.02,277,4485973,48.24,589,776008,8.34
2022-04-02,62.69,8.15,29.16,7,6711019,72.17,7,6138971,66.02,37,4486010,48.24,52,776060,8.35
2022-04-03,62.65,8.16,29.19,159,6711178,72.17,270,6139241,66.02,569,4486579,48.25,2478,778538,8.37
2022-04-04,62.62,8.16,29.22,103,6711281,72.17,208,6139449,66.02,485,4487064,48.25,2225,780763,8.4
2022-04-05,62.57,8.19,29.25,123,6711404,72.17,221,6139670,66.02,513,4487577,48.26,2243,783006,8.42
2022-04-06,62.55,8.2,29.25,91,6711495,72.17,157,6139827,66.02,382,4487959,48.26,2023,785029,8.44
2022-04-07,62.56,8.2,29.24,191,6711686,72.17,215,6140042,66.03,641,4488600,48.27,2556,787585,8.47
2022-04-08,62.54,8.22,29.23,30,6711716,72.17,61,6140103,66.03,154,4488754,48.27,482,788067,8.47
2022-04-09,62.52,8.25,29.23,6,6711722,72.17,17,6140120,66.03,28,4488782,48.27,47,788114,8.48
2022-04-10,62.51,8.26,29.23,103,6711825,72.18,265,6140385,66.03,429,4489211,48.27,1845,789959,8.49
2022-04-11,62.54,8.26,29.2,78,6711903,72.18,201,6140586,66.03,371,4489582,48.28,1425,791384,8.51
2022-04-12,62.58,8.29,29.12,204,6712107,72.18,168,6140754,66.03,376,4489958,48.28,1361,792745,8.52
2022-04-13,62.58,8.31,29.1,117,6712224,72.18,150,6140904,66.04,298,4490256,48.29,1218,793963,8.54
2022-04-14,62.57,8.33,29.1,85,6712309,72.18,222,6141126,66.04,321,4490577,48.29,1069,795032,8.55
2022-04-15,62.55,8.35,29.1,10,6712319,72.18,51,6141177,66.04,48,4490625,48.29,82,795114,8.55
2022-04-16,62.53,8.37,29.1,3,6712322,72.18,8,6141185,66.04,21,4490646,48.29,29,795143,8.55
2022-04-17,62.52,8.38,29.1,62,6712384,72.18,131,6141316,66.04,229,4490875,48.29,807,795950,8.56
2022-04-18,62.51,8.38,29.1,68,6712452,72.18,109,6141425,66.04,253,4491128,48.3,750,796700,8.57
2022-04-19,62.5,8.4,29.1,62,6712514,72.18,145,6141570,66.04,273,4491401,48.3,842,797542,8.58
2022-04-20,62.48,8.42,29.1,60,6712574,72.18,117,6141687,66.04,235,4491636,48.3,656,798198,8.58
2022-04-21,62.47,8.43,29.1,53,6712627,72.18,109,6141796,66.05,197,4491833,48.3,479,798677,8.59
2022-04-22,62.45,8.44,29.11,3,6712630,72.18,17,6141813,66.05,19,4491852,48.3,20,798697,8.59
2022-04-23,62.43,8.46,29.11,6,6712636,72.18,9,6141822,66.05,17,4491869,48.3,13,798710,8.59
2022-04-24,62.43,8.47,29.1,92,6712728,72.19,250,6142072,66.05,329,4492198,48.31,872,799582,8.6
2022-04-25,62.43,8.47,29.1,104,6712832,72.19,192,6142264,66.05,316,4492514,48.31,739,800321,8.61
2022-04-26,62.42,8.48,29.1,76,6712908,72.19,175,6142439,66.05,304,4492818,48.31,789,801110,8.61
2022-04-27,62.41,8.49,29.1,54,6712962,72.19,160,6142599,66.05,227,4493045,48.32,640,801750,8.62
2022-04-28,62.41,8.5,29.1,97,6713059,72.19,232,6142831,66.06,329,4493374,48.32,872,802622,8.63
2022-04-29,62.39,8.51,29.1,112,6713171,72.19,159,6142990,66.06,184,4493558,48.32,196,802818,8.63
2022-04-30,62.38,8.52,29.1,1,6713172,72.19,3,6142993,66.06,24,4493582,48.32,22,802840,8.63
2022-05-01,62.38,8.53,29.09,135,6713307,72.19,185,6143178,66.06,317,4493899,48.33,630,803470,8.64
2022-05-02,62.37,8.54,29.09,62,6713369,72.19,155,6143333,66.06,235,4494134,48.33,491,803961,8.65
2022-05-03,62.36,8.55,29.09,73,6713442,72.19,151,6143484,66.06,288,4494422,48.33,508,804469,8.65
2022-05-04,62.35,8.57,29.08,23,6713465,72.19,56,6143540,66.06,63,4494485,48.33,129,804598,8.65
2022-05-05,62.34,8.58,29.08,5,6713470,72.19,1,6143541,66.06,8,4494493,48.33,14,804612,8.65
2022-05-06,62.33,8.59,29.08,20,6713490,72.19,59,6143600,66.07,63,4494556,48.33,154,804766,8.65
2022-05-07,62.32,8.6,29.08,1,6713491,72.19,7,6143607,66.07,27,4494583,48.33,24,804790,8.65
2022-05-08,62.31,8.61,29.08,118,6713609,72.19,207,6143814,66.07,270,4494853,48.34,457,805247,8.66
2022-05-09,62.31,8.61,29.08,59,6713668,72.2,162,6143976,66.07,252,4495105,48.34,505,805752,8.66
2022-05-10,62.3,8.62,29.08,131,6713799,72.2,169,6144145,66.07,261,4495366,48.34,508,806260,8.67
2022-05-11,62.3,8.63,29.08,58,6713857,72.2,118,6144263,66.07,183,4495549,48.34,464,806724,8.68
2022-05-12,62.29,8.64,29.07,119,6713976,72.2,200,6144463,66.07,282,4495831,48.35,667,807391,8.68
2022-05-13,62.28,8.65,29.07,11,6713987,72.2,44,6144507,66.07,71,4495902,48.35,110,807501,8.68
2022-05-14,62.26,8.66,29.07,6,6713993,72.2,13,6144520,66.08,14,4495916,48.35,24,807525,8.68
2022-05-15,62.26,8.67,29.07,90,6714083,72.2,175,6144695,66.08,246,4496162,48.35,665,808190,8.69
2022-05-16,62.19,8.65,29.16,68,6714151,72.2,141,6144836,66.08,230,4496392,48.35,510,808700,8.7
2022-05-17,62.18,8.66,29.16,73,6714224,72.2,153,6144989,66.08,267,4496659,48.35,618,809318,8.7
2022-05-18,62.17,8.67,29.16,43,6714267,72.2,99,6145088,66.08,169,4496828,48.36,447,809765,8.71
2022-05-19,62.16,8.68,29.16,62,6714329,72.2,173,6145261,66.08,213,4497041,48.36,499,810264,8.71
2022-05-20,62.15,8.69,29.16,76,6714405,72.2,114,6145375,66.08,130,4497171,48.36,138,810402,8.71
2022-05-21,62.14,8.7,29.16,4,6714409,72.2,7,6145382,66.08,15,4497186,48.36,18,810420,8.71
2022-05-22,62.14,8.71,29.16,85,6714494,72.2,190,6145572,66.09,216,4497402,48.36,427,810847,8.72
2022-05-23,62.14,8.71,29.16,66,6714560,72.21,120,6145692,66.09,157,4497559,48.36,348,811195,8.72
2022-05-24,62.13,8.71,29.15,43,6714603,72.21,119,6145811,66.09,157,4497716,48.37,394,811589,8.73
2022-05-25,62.12,8.72,29.15,61,6714664,72.21,103,6145914,66.09,168,4497884,48.37,337,811926,8.73
2022-05-26,62.11,8.73,29.16,72,6714736,72.21,136,6146050,66.09,186,4498070,48.37,347,812273,8.73
2022-05-27,62.1,8.74,29.16,12,6714748,72.21,29,6146079,66.09,43,4498113,48.37,59,812332,8.74
2022-05-28,62.09,8.75,29.16,2,6714750,72.21,5,6146084,66.09,8,4498121,48.37,12,812344,8.74
2022-05-29,62.09,8.75,29.16,89,6714839,72.21,153,6146237,66.09,163,4498284,48.37,316,812660,8.74
2022-05-30,62.09,8.76,29.16,56,6714895,72.21,134,6146371,66.09,126,4498410,48.37,291,812951,8.74
2022-05-31,62.07,8.78,29.15,45,6714940,72.21,104,6146475,66.1,153,4498563,48.38,351,813302,8.75
2022-06-01,61.95,8.9,29.16,65,6715005,72.21,90,6146565,66.1,119,4498682,48.38,277,813579,8.75
2022-06-02,45.96,24.88,29.15,77,6715082,72.21,156,6146721,66.1,178,4498860,48.38,255,813834,8.75
2022-06-03,45.9,24.95,29.16,10,6715092,72.21,23,6146744,66.1,21,4498881,48.38,33,813867,8.75
2022-06-04,45.84,25,29.16,0,6715092,72.21,7,6146751,66.1,8,4498889,48.38,5,813872,8.75
2022-06-05,45.8,25.05,29.16,11,6715103,72.21,14,6146765,66.1,7,4498896,48.38,2,813874,8.75
2022-06-06,39.96,30.89,29.16,58,6715161,72.21,145,6146910,66.1,161,4499057,48.38,262,814136,8.75
2022-06-07,39.92,30.93,29.15,54,6715215,72.21,134,6147044,66.1,142,4499199,48.38,379,814515,8.76
2022-06-08,39.89,30.96,29.15,59,6715274,72.21,104,6147148,66.1,131,4499330,48.38,497,815012,8.76
2022-06-09,39.86,30.99,29.15,84,6715358,72.21,208,6147356,66.11,234,4499564,48.39,642,815654,8.77
2022-06-10,39.83,31.02,29.15,15,6715373,72.21,51,6147407,66.11,60,4499624,48.39,142,815796,8.77
2022-06-11,39.8,31.05,29.15,0,6715373,72.21,3,6147410,66.11,7,4499631,48.39,19,815815,8.77
2022-06-12,39.8,31.05,29.15,109,6715482,72.21,200,6147610,66.11,192,4499823,48.39,768,816583,8.78
2022-06-13,39.81,31.04,29.15,84,6715566,72.22,142,6147752,66.11,168,4499991,48.39,626,817209,8.79
2022-06-14,39.79,31.06,29.15,116,6715682,72.22,174,6147926,66.11,208,4500199,48.39,759,817968,8.8
2022-06-15,39.78,31.08,29.15,71,6715753,72.22,141,6148067,66.11,207,4500406,48.4,700,818668,8.8
2022-06-16,39.74,31.11,29.14,94,6715847,72.22,136,6148203,66.11,218,4500624,48.4,742,819410,8.81
2022-06-17,39.72,31.14,29.15,16,6715863,72.22,63,6148266,66.12,53,4500677,48.4,125,819535,8.81
2022-06-18,39.68,31.17,29.14,3,6715866,72.22,4,6148270,66.12,11,4500688,48.4,15,819550,8.81
2022-06-19,39.53,31.33,29.15,115,6715981,72.22,208,6148478,66.12,318,4501006,48.4,877,820427,8.82
2022-06-20,33.92,36.85,29.23,99,6716080,72.22,152,6148630,66.12,307,4501313,48.4,922,821349,8.83
2022-06-21,33.58,37.19,29.23,94,6716174,72.22,154,6148784,66.12,375,4501688,48.41,1229,822578,8.85
2022-06-22,33.28,37.49,29.23,110,6716284,72.22,136,6148920,66.12,339,4502027,48.41,894,823472,8.86
2022-06-23,32.84,37.92,29.23,132,6716416,72.22,217,6149137,66.12,525,4502552,48.42,1146,824618,8.87
2022-06-24,32.43,38.34,29.24,19,6716435,72.23,35,6149172,66.13,110,4502662,48.42,208,824826,8.87
2022-06-25,32.04,38.72,29.24,1,6716436,72.23,3,6149175,66.13,13,4502675,48.42,16,824842,8.87
2022-06-26,31.63,39.13,29.24,107,6716543,72.23,158,6149333,66.13,379,4503054,48.42,933,825775,8.88
2022-06-27,31.29,39.47,29.24,86,6716629,72.23,172,6149505,66.13,392,4503446,48.43,1028,826803,8.89
2022-06-28,30.86,39.91,29.24,85,6716714,72.23,151,6149656,66.13,363,4503809,48.43,932,827735,8.9
2022-06-29,30.48,40.28,29.24,76,6716790,72.23,108,6149764,66.13,265,4504074,48.43,816,828551,8.91
2022-06-30,30.05,40.71,29.24,86,6716876,72.23,165,6149929,66.13,355,4504429,48.44,1062,829613,8.92
2022-07-01,29.62,41.14,29.24,22,6716898,72.23,28,6149957,66.13,55,4504484,48.44,80,829693,8.92
2022-07-02,29.2,41.56,29.24,1,6716899,72.23,2,6149959,66.13,8,4504492,48.44,18,829711,8.92
2022-07-03,28.81,41.95,29.24,100,6716999,72.23,178,6150137,66.14,322,4504814,48.44,636,830347,8.93
2022-07-04,28.5,42.26,29.24,76,6717075,72.23,140,6150277,66.14,278,4505092,48.45,749,831096,8.94
2022-07-05,28.06,42.7,29.24,59,6717134,72.23,142,6150419,66.14,302,4505394,48.45,688,831784,8.94
2022-07-06,27.39,43.37,29.24,78,6717212,72.23,124,6150543,66.14,211,4505605,48.45,646,832430,8.95
2022-07-07,26.48,44.28,29.24,82,6717294,72.23,165,6150708,66.14,267,4505872,48.45,721,833151,8.96
2022-07-08,25.47,45.29,29.24,17,6717311,72.23,33,6150741,66.14,69,4505941,48.45,131,833282,8.96
2022-07-09,24.42,46.34,29.24,0,6717311,72.23,1,6150742,66.14,3,4505944,48.45,3,833285,8.96
2022-07-10,23.77,46.99,29.24,90,6717401,72.24,164,6150906,66.14,229,4506173,48.46,470,833755,8.97
2022-07-11,23.22,47.54,29.24,64,6717465,72.24,142,6151048,66.15,248,4506421,48.46,575,834330,8.97
2022-07-12,22.13,48.63,29.24,69,6717534,72.24,129,6151177,66.15,207,4506628,48.46,558,834888,8.98
2022-07-13,21.1,49.66,29.24,43,6717577,72.24,101,6151278,66.15,165,4506793,48.46,488,835376,8.98
2022-07-14,20.12,50.63,29.24,70,6717647,72.24,147,6151425,66.15,208,4507001,48.47,513,835889,8.99
2022-07-15,19.27,51.48,29.25,64,6717711,72.24,88,6151513,66.15,127,4507128,48.47,168,836057,8.99
2022-07-16,18.29,52.46,29.25,0,6717711,72.24,6,6151519,66.15,7,4507135,48.47,8,836065,8.99
2022-07-17,17.83,52.92,29.25,77,6717788,72.24,183,6151702,66.15,241,4507376,48.47,468,836533,9
2022-07-18,17.48,53.26,29.26,62,6717850,72.24,158,6151860,66.15,207,4507583,48.47,511,837044,9
2022-07-19,16.77,53.97,29.26,62,6717912,72.24,147,6152007,66.16,174,4507757,48.47,368,837412,9.01
2022-07-20,16.09,54.64,29.26,51,6717963,72.24,134,6152141,66.16,137,4507894,48.48,423,837835,9.01
2022-07-21,15.43,55.3,29.27,62,6718025,72.24,160,6152301,66.16,176,4508070,48.48,341,838176,9.01
2022-07-22,14.64,56.08,29.28,10,6718035,72.24,36,6152337,66.16,43,4508113,48.48,56,838232,9.01
2022-07-23,14.17,56.55,29.28,0,6718035,72.24,4,6152341,66.16,4,4508117,48.48,9,838241,9.01
2022-07-24,13.55,57.16,29.29,58,6718093,72.24,128,6152469,66.16,197,4508314,48.48,364,838605,9.02
2022-07-25,13.09,57.61,29.3,48,6718141,72.24,107,6152576,66.16,172,4508486,48.48,336,838941,9.02
2022-07-26,12.46,58.23,29.3,47,6718188,72.24,99,6152675,66.16,111,4508597,48.48,270,839211,9.02
2022-07-27,11.89,58.8,29.31,44,6718232,72.24,125,6152800,66.16,132,4508729,48.48,243,839454,9.03
2022-07-28,11.35,59.34,29.31,62,6718294,72.25,143,6152943,66.17,148,4508877,48.49,221,839675,9.03
2022-07-29,10.85,59.83,29.32,10,6718304,72.25,25,6152968,66.17,27,4508904,48.49,31,839706,9.03
2022-07-30,10.34,60.33,29.33,0,6718304,72.25,0,6152968,66.17,1,4508905,48.49,1,839707,9.03
2022-07-31,9.97,60.7,29.33,56,6718360,72.25,134,6153102,66.17,131,4509036,48.49,252,839959,9.03
2022-08-01,9.47,61.19,29.34,54,6718414,72.25,76,6153178,66.17,91,4509127,48.49,152,840111,9.03
2022-08-02,8.92,61.73,29.35,111,6718525,72.25,119,6153297,66.17,157,4509284,48.49,264,840375,9.04
2022-08-03,8.46,62.19,29.35,76,6718601,72.25,71,6153368,66.17,92,4509376,48.49,181,840556,9.04
2022-08-04,8.04,62.61,29.36,133,6718734,72.25,133,6153501,66.17,111,4509487,48.49,246,840802,9.04
2022-08-05,7.71,62.93,29.36,31,6718765,72.25,23,6153524,66.17,13,4509500,48.49,24,840826,9.04
2022-08-06,7.32,63.32,29.36,1,6718766,72.25,2,6153526,66.17,3,4509503,48.49,5,840831,9.04
2022-08-07,6.92,63.71,29.37,89,6718855,72.25,97,6153623,66.17,69,4509572,48.49,169,841000,9.04
2022-08-08,6.74,63.89,29.37,109,6718964,72.25,92,6153715,66.17,92,4509664,48.49,172,841172,9.05
2022-08-09,6.25,64.37,29.38,96,6719060,72.25,90,6153805,66.17,99,4509763,48.5,213,841385,9.05
2022-08-10,5.91,64.71,29.38,77,6719137,72.25,60,6153865,66.18,76,4509839,48.5,115,841500,9.05
2022-08-11,5.59,65.03,29.38,54,6719191,72.25,101,6153966,66.18,91,4509930,48.5,156,841656,9.05
2022-08-12,5.35,65.27,29.38,8,6719199,72.25,12,6153978,66.18,18,4509948,48.5,29,841685,9.05
2022-08-13,5.1,65.52,29.38,0,6719199,72.25,2,6153980,66.18,2,4509950,48.5,3,841688,9.05
2022-08-14,4.87,65.75,29.39,74,6719273,72.26,75,6154055,66.18,82,4510032,48.5,150,841838,9.05
2022-08-15,4.74,65.87,29.39,69,6719342,72.26,80,6154135,66.18,92,4510124,48.5,144,841982,9.05
2022-08-16,4.46,66.15,29.39,82,6719424,72.26,84,6154219,66.18,84,4510208,48.5,187,842169,9.06
2022-08-17,4.16,66.44,29.39,46,6719470,72.26,56,6154275,66.18,36,4510244,48.5,116,842285,9.06
2022-08-18,3.98,66.63,29.39,70,6719540,72.26,93,6154368,66.18,120,4510364,48.5,173,842458,9.06
2022-08-19,3.83,66.78,29.39,79,6719619,72.26,67,6154435,66.18,56,4510420,48.5,38,842496,9.06
2022-08-20,3.67,66.94,29.39,1,6719620,72.26,1,6154436,66.18,3,4510423,48.5,3,842499,9.06
2022-08-21,3.52,67.08,29.4,52,6719672,72.26,85,6154521,66.18,84,4510507,48.5,197,842696,9.06
2022-08-22,3.44,67.16,29.4,89,6719761,72.26,74,6154595,66.18,103,4510610,48.5,144,842840,9.06
2022-08-23,3.27,67.33,29.4,72,6719833,72.26,106,6154701,66.18,84,4510694,48.51,180,843020,9.07
2022-08-24,3.15,67.46,29.4,38,6719871,72.26,80,6154781,66.19,49,4510743,48.51,133,843153,9.07
2022-08-25,3.03,67.57,29.4,53,6719924,72.26,75,6154856,66.19,98,4510841,48.51,193,843346,9.07
2022-08-26,2.94,67.66,29.4,4,6719928,72.26,15,6154871,66.19,9,4510850,48.51,14,843360,9.07
2022-08-27,2.84,67.76,29.4,0,6719928,72.26,0,6154871,66.19,0,4510850,48.51,0,843360,9.07
2022-08-28,2.75,67.85,29.4,55,6719983,72.26,80,6154951,66.19,85,4510935,48.51,102,843462,9.07
2022-08-29,2.69,67.91,29.4,48,6720031,72.26,68,6155019,66.19,89,4511024,48.51,107,843569,9.07
2022-08-30,2.6,68,29.4,85,6720116,72.26,113,6155132,66.19,85,4511109,48.51,131,843700,9.07
2022-08-31,2.53,68.07,29.4,42,6720158,72.27,89,6155221,66.19,70,4511179,48.51,96,843796,9.07
2022-09-01,2.46,68.14,29.4,29,6720187,72.27,84,6155305,66.19,58,4511237,48.51,113,843909,9.08
2022-09-02,2.4,68.2,29.4,6,6720193,72.27,20,6155325,66.19,13,4511250,48.51,10,843919,9.08
2022-09-03,2.33,68.27,29.4,2,6720195,72.27,0,6155325,66.19,3,4511253,48.51,1,843920,9.08
2022-09-04,2.27,68.32,29.4,64,6720259,72.27,133,6155458,66.19,80,4511333,48.51,121,844041,9.08
2022-09-05,2.23,68.37,29.4,44,6720303,72.27,77,6155535,66.19,58,4511391,48.51,90,844131,9.08
2022-09-06,2.17,68.42,29.4,60,6720363,72.27,104,6155639,66.19,78,4511469,48.51,130,844261,9.08
2022-09-07,2.12,68.47,29.4,28,6720391,72.27,63,6155702,66.2,53,4511522,48.51,95,844356,9.08
2022-09-08,2.07,68.53,29.4,50,6720441,72.27,103,6155805,66.2,70,4511592,48.52,77,844433,9.08
2022-09-09,2.03,68.57,29.4,10,6720451,72.27,21,6155826,66.2,16,4511608,48.52,17,844450,9.08
2022-09-10,1.97,68.62,29.4,1,6720452,72.27,0,6155826,66.2,5,4511613,48.52,2,844452,9.08
2022-09-11,1.92,68.67,29.41,39,6720491,72.27,117,6155943,66.2,78,4511691,48.52,116,844568,9.08
2022-09-12,1.88,68.71,29.41,24,6720515,72.27,72,6156015,66.2,52,4511743,48.52,68,844636,9.08
2022-09-13,1.82,68.77,29.41,44,6720559,72.27,113,6156128,66.2,54,4511797,48.52,103,844739,9.08
2022-09-14,1.78,68.82,29.41,21,6720580,72.27,64,6156192,66.2,54,4511851,48.52,62,844801,9.08
2022-09-15,1.73,68.86,29.41,32,6720612,72.27,77,6156269,66.2,63,4511914,48.52,107,844908,9.09
2022-09-16,1.7,68.89,29.41,51,6720663,72.27,52,6156321,66.2,27,4511941,48.52,28,844936,9.09
2022-09-17,1.66,68.93,29.41,3,6720666,72.27,0,6156321,66.2,1,4511942,48.52,0,844936,9.09
2022-09-18,1.63,68.96,29.41,28,6720694,72.27,66,6156387,66.2,52,4511994,48.52,115,845051,9.09
2022-09-19,1.61,68.98,29.41,28,6720722,72.27,74,6156461,66.2,44,4512038,48.52,57,845108,9.09
2022-09-20,1.56,69.03,29.41,41,6720763,72.27,93,6156554,66.2,75,4512113,48.52,102,845210,9.09
2022-09-21,1.55,69.05,29.41,22,6720785,72.27,54,6156608,66.21,29,4512142,48.52,56,845266,9.09
2022-09-22,1.52,69.07,29.4,42,6720827,72.27,56,6156664,66.21,27,4512169,48.52,41,845307,9.09
2022-09-23,1.5,69.1,29.41,7,6720834,72.27,11,6156675,66.21,4,4512173,48.52,1,845308,9.09
2022-09-24,1.47,69.13,29.41,0,6720834,72.27,0,6156675,66.21,1,4512174,48.52,0,845308,9.09
2022-09-25,1.46,69.13,29.41,5,6720839,72.27,20,6156695,66.21,10,4512184,48.52,27,845335,9.09
2022-09-26,1.46,69.13,29.41,0,6720839,72.27,5,6156700,66.21,3,4512187,48.52,2,845337,9.09
2022-09-27,1.42,69.17,29.41,2,6720841,72.27,0,6156700,66.21,3,4512190,48.52,3,845340,9.09
2022-09-28,1.39,69.21,29.41,24,6720865,72.27,36,6156736,66.21,25,4512215,48.52,17,845357,9.09
2022-09-29,1.37,69.22,29.41,32,6720897,72.27,61,6156797,66.21,13,4512228,48.52,48,845405,9.09
2022-09-30,1.35,69.24,29.41,4,6720901,72.27,12,6156809,66.21,2,4512230,48.52,0,845405,9.09
2022-10-01,1.31,69.29,29.41,0,6720901,72.27,1,6156810,66.21,1,4512231,48.52,1,845406,9.09
2022-10-02,1.31,69.29,29.41,28,6720929,72.27,51,6156861,66.21,20,4512251,48.52,73,845479,9.09
2022-10-03,1.31,69.28,29.4,23,6720952,72.27,29,6156890,66.21,13,4512264,48.52,12,845491,9.09
2022-10-04,1.27,69.32,29.4,7,6720959,72.27,11,6156901,66.21,0,4512264,48.52,2,845493,9.09
2022-10-05,1.28,69.31,29.4,1,6720960,72.27,0,6156901,66.21,0,4512264,48.52,1,845494,9.09
2022-10-06,1.31,69.28,29.4,17,6720977,72.27,43,6156944,66.21,10,4512274,48.52,20,845514,9.09
2022-10-07,1.3,69.29,29.41,3,6720980,72.27,3,6156947,66.21,4,4512278,48.52,0,845514,9.09
2022-10-08,1.26,69.33,29.41,1,6720981,72.27,1,6156948,66.21,0,4512278,48.52,1,845515,9.09
2022-10-09,1.31,69.28,29.41,7,6720988,72.27,22,6156970,66.21,6,4512284,48.52,5,845520,9.09
2022-10-10,1.38,69.22,29.4,5,6720993,72.27,2,6156972,66.21,0,4512284,48.52,0,845520,9.09
2022-10-11,1.36,69.24,29.4,12,6721005,72.27,32,6157004,66.21,1,4512285,48.52,32,845552,9.09
2022-10-12,1.34,69.26,29.4,13,6721018,72.27,24,6157028,66.21,5,4512290,48.52,4,845556,9.09
2022-10-13,1.4,69.2,29.4,17,6721035,72.27,16,6157044,66.21,5,4512295,48.52,9,845565,9.09
2022-10-14,1.4,69.2,29.4,6,6721041,72.27,7,6157051,66.21,4,4512299,48.52,3,845568,9.09
2022-10-15,1.38,69.22,29.4,0,6721041,72.27,1,6157052,66.21,0,4512299,48.52,1,845569,9.09
2022-10-16,1.39,69.2,29.4,5,6721046,72.27,13,6157065,66.21,5,4512304,48.52,8,845577,9.09
2022-10-17,1.39,69.2,29.4,1,6721047,72.27,1,6157066,66.21,4,4512308,48.52,1,845578,9.09
2022-10-18,1.43,69.17,29.4,24,6721071,72.28,31,6157097,66.21,14,4512322,48.52,16,845594,9.09
2022-10-19,1.47,69.12,29.4,18,6721089,72.28,25,6157122,66.21,7,4512329,48.52,3,845597,9.09
2022-10-20,1.5,69.1,29.4,26,6721115,72.28,44,6157166,66.21,12,4512341,48.52,4,845601,9.09
2022-10-21,1.5,69.09,29.4,4,6721119,72.28,7,6157173,66.21,2,4512343,48.52,4,845605,9.09
2022-10-22,1.49,69.1,29.4,0,6721119,72.28,0,6157173,66.21,0,4512343,48.52,0,845605,9.09
2022-10-23,1.51,69.08,29.4,15,6721134,72.28,33,6157206,66.21,18,4512361,48.52,10,845615,9.09
2022-10-24,1.51,69.08,29.41,20,6721154,72.28,16,6157222,66.21,19,4512380,48.52,9,845624,9.09
2022-10-25,1.55,69.04,29.4,18,6721172,72.28,34,6157256,66.21,23,4512403,48.52,21,845645,9.09
2022-10-26,1.61,68.99,29.4,18,6721190,72.28,25,6157281,66.21,8,4512411,48.52,10,845655,9.09
2022-10-27,1.67,68.93,29.4,17,6721207,72.28,27,6157308,66.21,14,4512425,48.52,17,845672,9.09
2022-10-28,1.67,68.93,29.4,60,6721267,72.28,51,6157359,66.21,31,4512456,48.52,18,845690,9.09
2022-10-29,1.66,68.94,29.4,0,6721267,72.28,0,6157359,66.21,0,4512456,48.52,0,845690,9.09
2022-10-30,1.71,68.89,29.4,15,6721282,72.28,23,6157382,66.21,15,4512471,48.52,9,845699,9.09
2022-10-31,1.76,68.84,29.4,17,6721299,72.28,16,6157398,66.21,8,4512479,48.52,10,845709,9.09
2022-11-01,1.82,68.78,29.4,3,6721302,72.28,1,6157399,66.21,1,4512480,48.52,0,845709,9.09
2022-11-02,1.88,68.72,29.4,14,6721316,72.28,14,6157413,66.21,7,4512487,48.53,8,845717,9.09
2022-11-03,1.96,68.64,29.4,17,6721333,72.28,18,6157431,66.21,11,4512498,48.53,8,845725,9.09
2022-11-04,1.98,68.63,29.4,4,6721337,72.28,6,6157437,66.21,1,4512499,48.53,2,845727,9.09
2022-11-05,1.97,68.63,29.4,0,6721337,72.28,0,6157437,66.21,0,4512499,48.53,0,845727,9.09
2022-11-06,2.03,68.57,29.4,27,6721364,72.28,33,6157470,66.21,11,4512510,48.53,23,845750,9.09
2022-11-07,2.1,68.51,29.4,15,6721379,72.28,11,6157481,66.21,10,4512520,48.53,54,845804,9.1
2022-11-08,2.1,68.5,29.4,28,6721407,72.28,26,6157507,66.21,14,4512534,48.53,9,845813,9.1
2022-11-09,2.16,68.45,29.4,16,6721423,72.28,20,6157527,66.22,17,4512551,48.53,9,845822,9.1
2022-11-10,2.22,68.39,29.4,28,6721451,72.28,17,6157544,66.22,12,4512563,48.53,6,845828,9.1
2022-11-11,2.23,68.37,29.4,1,6721452,72.28,17,6157561,66.22,2,4512565,48.53,1,845829,9.1
2022-11-12,2.22,68.38,29.4,1,6721453,72.28,0,6157561,66.22,2,4512567,48.53,0,845829,9.1
2022-11-13,2.29,68.31,29.4,29,6721482,72.28,31,6157592,66.22,17,4512584,48.53,8,845837,9.1
2022-11-14,2.37,68.23,29.4,20,6721502,72.28,17,6157609,66.22,21,4512605,48.53,16,845853,9.1
2022-11-15,2.43,68.17,29.4,40,6721542,72.28,25,6157634,66.22,16,4512621,48.53,18,845871,9.1
2022-11-16,2.5,68.1,29.4,14,6721556,72.28,27,6157661,66.22,16,4512637,48.53,11,845882,9.1
2022-11-17,2.59,68.02,29.4,19,6721575,72.28,33,6157694,66.22,18,4512655,48.53,5,845887,9.1
2022-11-18,2.61,67.99,29.4,6,6721581,72.28,4,6157698,66.22,4,4512659,48.53,0,845887,9.1
2022-11-19,2.6,68,29.4,0,6721581,72.28,0,6157698,66.22,0,4512659,48.53,0,845887,9.1
2022-11-20,2.67,67.93,29.4,19,6721600,72.28,20,6157718,66.22,6,4512665,48.53,13,845900,9.1
2022-11-21,2.76,67.85,29.4,14,6721614,72.28,13,6157731,66.22,6,4512671,48.53,7,845907,9.1
2022-11-22,2.83,67.77,29.4,27,6721641,72.28,13,6157744,66.22,17,4512688,48.53,6,845913,9.1
2022-11-23,2.9,67.7,29.4,17,6721658,72.28,21,6157765,66.22,4,4512692,48.53,8,845921,9.1
2022-11-24,2.98,67.62,29.4,9,6721667,72.28,16,6157781,66.22,13,4512705,48.53,27,845948,9.1
2022-11-25,3,67.6,29.4,12,6721679,72.28,51,6157832,66.22,14,4512719,48.53,12,845960,9.1
2022-11-26,3,67.61,29.4,0,6721679,72.28,2,6157834,66.22,0,4512719,48.53,0,845960,9.1
2022-11-27,3.06,67.54,29.4,14,6721693,72.28,15,6157849,66.22,19,4512738,48.53,2,845962,9.1
2022-11-28,3.14,67.47,29.4,8,6721701,72.28,23,6157872,66.22,8,4512746,48.53,6,845968,9.1
2022-11-29,3.2,67.4,29.4,38,6721739,72.28,31,6157903,66.22,19,4512765,48.53,14,845982,9.1
2022-11-30,3.27,67.34,29.39,12,6721751,72.28,25,6157928,66.22,20,4512785,48.53,8,845990,9.1
2022-12-01,3.34,67.26,29.39,13,6721764,72.28,18,6157946,66.22,15,4512800,48.53,4,845994,9.1
2022-12-02,3.36,67.24,29.39,2,6721766,72.28,7,6157953,66.22,4,4512804,48.53,10,846004,9.1
2022-12-03,3.36,67.24,29.39,0,6721766,72.28,0,6157953,66.22,0,4512804,48.53,1,846005,9.1
2022-12-04,3.42,67.18,29.39,38,6721804,72.28,27,6157980,66.22,30,4512834,48.53,26,846031,9.1
2022-12-05,3.48,67.12,29.4,9,6721813,72.28,17,6157997,66.22,11,4512845,48.53,21,846052,9.1
2022-12-06,3.55,67.06,29.39,32,6721845,72.28,26,6158023,66.22,27,4512872,48.53,8,846060,9.1
2022-12-07,3.62,66.99,29.39,10,6721855,72.28,17,6158040,66.22,8,4512880,48.53,8,846068,9.1
2022-12-08,3.69,66.91,29.39,19,6721874,72.28,31,6158071,66.22,15,4512895,48.53,3,846071,9.1
2022-12-09,3.71,66.9,29.39,4,6721878,72.28,1,6158072,66.22,1,4512896,48.53,7,846078,9.1
2022-12-10,3.7,66.91,29.39,1,6721879,72.28,0,6158072,66.22,2,4512898,48.53,0,846078,9.1
2022-12-11,3.76,66.84,29.39,16,6721895,72.28,22,6158094,66.22,15,4512913,48.53,16,846094,9.1
2022-12-12,3.82,66.78,29.39,15,6721910,72.28,14,6158108,66.22,5,4512918,48.53,0,846094,9.1
2022-12-13,3.87,66.73,29.39,17,6721927,72.28,44,6158152,66.22,18,4512936,48.53,13,846107,9.1
2022-12-14,3.92,66.69,29.39,17,6721944,72.28,16,6158168,66.22,7,4512943,48.53,3,846110,9.1
2022-12-15,3.97,66.64,29.39,22,6721966,72.28,19,6158187,66.22,7,4512950,48.53,12,846122,9.1
2022-12-16,3.98,66.62,29.39,12,6721978,72.28,4,6158191,66.22,1,4512951,48.53,0,846122,9.1
2022-12-17,3.97,66.63,29.39,0,6721978,72.28,0,6158191,66.22,0,4512951,48.53,0,846122,9.1
2022-12-18,4.01,66.59,29.39,9,6721987,72.28,18,6158209,66.22,8,4512959,48.53,3,846125,9.1
2022-12-19,4.06,66.54,29.4,7,6721994,72.28,14,6158223,66.22,12,4512971,48.53,1,846126,9.1
2022-12-20,4.1,66.51,29.39,12,6722006,72.29,17,6158240,66.22,2,4512973,48.53,2,846128,9.1
2022-12-21,4.14,66.47,29.39,9,6722015,72.29,14,6158254,66.22,13,4512986,48.53,3,846131,9.1
2022-12-22,4.18,66.42,29.39,4,6722019,72.29,10,6158264,66.22,14,4513000,48.53,1,846132,9.1
2022-12-23,4.19,66.42,29.39,10,6722029,72.29,0,6158264,66.22,2,4513002,48.53,0,846132,9.1
2022-12-24,4.18,66.43,29.39,0,6722029,72.29,0,6158264,66.22,0,4513002,48.53,0,846132,9.1
2022-12-25,4.21,66.4,29.39,6,6722035,72.29,17,6158281,66.22,1,4513003,48.53,2,846134,9.1
2022-12-26,4.24,66.36,29.39,17,6722052,72.29,6,6158287,66.22,13,4513016,48.53,0,846134,9.1
2022-12-27,4.25,66.36,29.39,24,6722076,72.29,24,6158311,66.22,17,4513033,48.53,7,846141,9.1
2022-12-28,4.26,66.34,29.39,17,6722093,72.29,18,6158329,66.22,25,4513058,48.53,64,846205,9.1
2022-12-29,4.28,66.33,29.39,15,6722108,72.29,23,6158352,66.22,14,4513072,48.53,4,846209,9.1
2022-12-30,4.27,66.33,29.4,4,6722112,72.29,5,6158357,66.22,3,4513075,48.53,1,846210,9.1
2022-12-31,4.26,66.35,29.4,0,6722112,72.29,1,6158358,66.22,0,4513075,48.53,0,846210,9.1
2023-01-01,4.27,66.33,29.4,8,6722120,72.29,23,6158381,66.22,2,4513077,48.53,1,846211,9.1
2023-01-02,4.29,66.31,29.4,10,6722130,72.29,8,6158389,66.22,3,4513080,48.53,1,846212,9.1
2023-01-03,4.3,66.3,29.4,20,6722150,72.29,17,6158406,66.22,7,4513087,48.53,4,846216,9.1
2023-01-04,4.3,66.3,29.4,7,6722157,72.29,11,6158417,66.22,4,4513091,48.53,2,846218,9.1
2023-01-05,4.31,66.29,29.39,13,6722170,72.29,19,6158436,66.22,11,4513102,48.53,4,846222,9.1
2023-01-06,4.31,66.29,29.4,2,6722172,72.29,1,6158437,66.22,1,4513103,48.53,0,846222,9.1
2023-01-07,4.3,66.31,29.4,1,6722173,72.29,0,6158437,66.22,0,4513103,48.53,0,846222,9.1
2023-01-08,4.33,66.28,29.4,15,6722188,72.29,33,6158470,66.23,10,4513113,48.53,2,846224,9.1
2023-01-09,4.34,66.26,29.4,12,6722200,72.29,20,6158490,66.23,1,4513114,48.53,1,846225,9.1
2023-01-10,4.35,66.25,29.4,39,6722239,72.29,27,6158517,66.23,10,4513124,48.53,4,846229,9.1
2023-01-11,4.36,66.25,29.4,15,6722254,72.29,17,6158534,66.23,11,4513135,48.53,2,846231,9.1
2023-01-12,4.37,66.24,29.39,23,6722277,72.29,20,6158554,66.23,12,4513147,48.53,2,846233,9.1
2023-01-13,4.36,66.24,29.4,3,6722280,72.29,2,6158556,66.23,0,4513147,48.53,0,846233,9.1
2023-01-14,4.35,66.25,29.4,1,6722281,72.29,0,6158556,66.23,0,4513147,48.53,0,846233,9.1
2023-01-15,4.36,66.24,29.4,17,6722298,72.29,17,6158573,66.23,4,4513151,48.53,3,846236,9.1
2023-01-16,4.38,66.22,29.4,9,6722307,72.29,15,6158588,66.23,6,4513157,48.53,0,846236,9.1
2023-01-17,4.38,66.22,29.4,15,6722322,72.29,14,6158602,66.23,6,4513163,48.53,1,846237,9.1
2023-01-18,4.39,66.21,29.4,7,6722329,72.29,8,6158610,66.23,4,4513167,48.53,1,846238,9.1
2023-01-19,4.4,66.2,29.4,13,6722342,72.29,15,6158625,66.23,2,4513169,48.53,4,846242,9.1
2023-01-20,4.39,66.2,29.4,5,6722347,72.29,2,6158627,66.23,0,4513169,48.53,1,846243,9.1
2023-01-21,4.39,66.21,29.4,0,6722347,72.29,1,6158628,66.23,0,4513169,48.53,0,846243,9.1
2023-01-22,4.4,66.2,29.4,9,6722356,72.29,3,6158631,66.23,8,4513177,48.53,4,846247,9.1
2023-01-23,4.41,66.19,29.4,11,6722367,72.29,5,6158636,66.23,6,4513183,48.53,0,846247,9.1
2023-01-24,4.41,66.19,29.4,21,6722388,72.29,21,6158657,66.23,11,4513194,48.53,2,846249,9.1
2023-01-25,4.41,66.18,29.4,5,6722393,72.29,5,6158662,66.23,0,4513194,48.53,2,846251,9.1
2023-01-26,4.42,66.18,29.4,10,6722403,72.29,15,6158677,66.23,9,4513203,48.53,2,846253,9.1
2023-01-27,4.41,66.18,29.4,0,6722403,72.29,9,6158686,66.23,0,4513203,48.53,0,846253,9.1
2023-01-28,4.41,66.19,29.4,0,6722403,72.29,0,6158686,66.23,0,4513203,48.53,0,846253,9.1
2023-01-29,4.41,66.19,29.41,11,6722414,72.29,9,6158695,66.23,5,4513208,48.53,2,846255,9.1
2023-01-30,4.42,66.17,29.41,9,6722423,72.29,17,6158712,66.23,2,4513210,48.53,1,846256,9.1
2023-01-31,4.42,66.17,29.41,21,6722444,72.29,23,6158735,66.23,2,4513212,48.53,1,846257,9.1
2023-02-01,4.32,64.71,30.96,10,6722454,72.29,11,6158746,66.23,4,4513216,48.53,0,846257,9.1
2023-02-02,4.33,64.71,30.96,15,6722469,72.29,31,6158777,66.23,3,4513219,48.53,0,846257,9.1
2023-02-03,4.32,64.71,30.97,3,6722472,72.29,1,6158778,66.23,0,4513219,48.53,1,846258,9.1
2023-02-04,4.32,64.72,30.97,0,6722472,72.29,0,6158778,66.23,0,4513219,48.53,0,846258,9.1
2023-02-05,4.32,64.71,30.97,17,6722489,72.29,10,6158788,66.23,6,4513225,48.53,4,846262,9.1
2023-02-06,4.33,64.7,30.97,17,6722506,72.29,13,6158801,66.23,4,4513229,48.53,0,846262,9.1
2023-02-07,4.33,64.7,30.97,22,6722528,72.29,22,6158823,66.23,8,4513237,48.53,2,846264,9.1
2023-02-08,4.33,64.7,30.97,15,6722543,72.29,15,6158838,66.23,1,4513238,48.53,0,846264,9.1
2023-02-09,4.33,64.7,30.97,35,6722578,72.29,34,6158872,66.23,5,4513243,48.53,2,846266,9.1
2023-02-10,4.33,64.7,30.97,2,6722580,72.29,3,6158875,66.23,2,4513245,48.53,0,846266,9.1
2023-02-11,4.33,64.7,30.97,2,6722582,72.29,1,6158876,66.23,0,4513245,48.53,0,846266,9.1
2023-02-12,4.33,64.7,30.97,15,6722597,72.29,22,6158898,66.23,3,4513248,48.53,2,846268,9.1
2023-02-13,4.33,64.7,30.97,14,6722611,72.29,20,6158918,66.23,9,4513257,48.53,2,846270,9.1
2023-02-14,4.33,64.7,30.97,20,6722631,72.29,8,6158926,66.23,7,4513264,48.53,5,846275,9.1
2023-02-15,4.33,64.7,30.97,10,6722641,72.29,17,6158943,66.23,3,4513267,48.53,0,846275,9.1
2023-02-16,4.33,64.7,30.97,22,6722663,72.29,24,6158967,66.23,2,4513269,48.53,0,846275,9.1
2023-02-17,4.33,64.7,30.97,5,6722668,72.29,2,6158969,66.23,1,4513270,48.53,0,846275,9.1
2023-02-18,4.33,64.7,30.97,0,6722668,72.29,1,6158970,66.23,0,4513270,48.53,0,846275,9.1
2023-02-19,4.33,64.7,30.98,16,6722684,72.29,15,6158985,66.23,3,4513273,48.53,0,846275,9.1
2023-02-20,4.33,64.69,30.98,9,6722693,72.29,10,6158995,66.23,1,4513274,48.53,0,846275,9.1
2023-02-21,4.33,64.69,30.98,39,6722732,72.29,19,6159014,66.23,6,4513280,48.53,1,846276,9.1
2023-02-22,4.33,64.7,30.98,3,6722735,72.29,9,6159023,66.23,8,4513288,48.53,0,846276,9.1
2023-02-23,4.33,64.7,30.97,11,6722746,72.29,23,6159046,66.23,5,4513293,48.53,2,846278,9.1
2023-02-24,4.33,64.7,30.98,0,6722746,72.29,6,6159052,66.23,1,4513294,48.53,0,846278,9.1
2023-02-25,4.32,64.7,30.98,3,6722749,72.29,0,6159052,66.23,1,4513295,48.53,0,846278,9.1
2023-02-26,4.32,64.7,30.98,11,6722760,72.29,21,6159073,66.23,1,4513296,48.53,1,846279,9.1
2023-02-27,4.32,64.7,30.98,11,6722771,72.29,26,6159099,66.23,2,4513298,48.53,2,846281,9.1
2023-02-28,4.32,64.7,30.98,7,6722778,72.29,21,6159120,66.23,4,4513302,48.53,2,846283,9.1
2023-03-01,4.32,64.7,30.98,3,6722781,72.29,15,6159135,66.23,1,4513303,48.53,0,846283,9.1
2023-03-02,4.32,64.7,30.98,8,6722789,72.29,36,6159171,66.23,4,4513307,48.53,0,846283,9.1
2023-03-03,4.32,64.7,30.98,2,6722791,72.29,3,6159174,66.23,0,4513307,48.53,0,846283,9.1
2023-03-04,4.32,64.71,30.98,2,6722793,72.29,2,6159176,66.23,0,4513307,48.53,0,846283,9.1
2023-03-05,4.32,64.7,30.98,14,6722807,72.29,30,6159206,66.23,2,4513309,48.53,2,846285,9.1
2023-03-06,4.32,64.7,30.98,17,6722824,72.29,25,6159231,66.23,3,4513312,48.53,0,846285,9.1
2023-03-07,4.32,64.7,30.98,8,6722832,72.29,7,6159238,66.23,2,4513314,48.53,0,846285,9.1
2023-03-08,4.32,64.7,30.98,1,6722833,72.29,22,6159260,66.23,3,4513317,48.53,0,846285,9.1
2023-03-09,4.32,64.71,30.98,15,6722848,72.29,46,6159306,66.23,8,4513325,48.53,0,846285,9.1
2023-03-10,4.31,64.71,30.98,2,6722850,72.29,1,6159307,66.23,2,4513327,48.53,0,846285,9.1
2023-03-11,4.31,64.71,30.98,0,6722850,72.29,0,6159307,66.23,0,4513327,48.53,0,846285,9.1
2023-03-12,4.31,64.71,30.98,9,6722859,72.29,21,6159328,66.23,4,4513331,48.53,1,846286,9.1
2023-03-13,4.31,64.71,30.98,6,6722865,72.29,8,6159336,66.23,1,4513332,48.53,0,846286,9.1
2023-03-14,4.31,64.71,30.98,14,6722879,72.29,15,6159351,66.23,1,4513333,48.53,1,846287,9.1
2023-03-15,4.31,64.71,30.98,4,6722883,72.29,9,6159360,66.23,2,4513335,48.53,0,846287,9.1
2023-03-16,4.31,64.71,30.98,8,6722891,72.29,32,6159392,66.24,2,4513337,48.53,0,846287,9.1
2023-03-17,4.31,64.71,30.98,0,6722891,72.29,4,6159396,66.24,0,4513337,48.53,0,846287,9.1
2023-03-18,4.3,64.71,30.98,0,6722891,72.29,0,6159396,66.24,0,4513337,48.53,0,846287,9.1
2023-03-19,4.3,64.71,30.99,4,6722895,72.29,25,6159421,66.24,4,4513341,48.53,0,846287,9.1
2023-03-20,4.3,64.71,30.99,5,6722900,72.29,21,6159442,66.24,4,4513345,48.53,0,846287,9.1
2023-03-21,4.3,64.71,30.99,14,6722914,72.29,21,6159463,66.24,6,4513351,48.53,0,846287,9.1
2023-03-22,4.3,64.71,30.99,2,6722916,72.29,8,6159471,66.24,0,4513351,48.53,0,846287,9.1
2023-03-23,4.3,64.71,30.99,7,6722923,72.3,11,6159482,66.24,2,4513353,48.53,0,846287,9.1
2023-03-24,4.3,64.71,30.99,0,6722923,72.3,2,6159484,66.24,0,4513353,48.53,0,846287,9.1
2023-03-25,4.3,64.71,30.99,0,6722923,72.3,0,6159484,66.24,0,4513353,48.53,0,846287,9.1
2023-03-26,4.3,64.71,30.99,4,6722927,72.3,15,6159499,66.24,4,4513357,48.53,3,846290,9.1
2023-03-27,4.3,64.71,31,1,6722928,72.3,12,6159511,66.24,1,4513358,48.53,0,846290,9.1
2023-03-28,4.3,64.71,31,4,6722932,72.3,16,6159527,66.24,0,4513358,48.53,0,846290,9.1
2023-03-29,4.29,64.71,31,1,6722933,72.3,10,6159537,66.24,5,4513363,48.53,0,846290,9.1
2023-03-30,4.29,64.71,31,10,6722943,72.3,18,6159555,66.24,1,4513364,48.53,1,846291,9.1
2023-03-31,4.29,64.71,31,0,6722943,72.3,0,6159555,66.24,1,4513365,48.53,0,846291,9.1
2023-04-01,4.27,64.73,31,0,6722943,72.3,0,6159555,66.24,0,4513365,48.53,0,846291,9.1
2023-04-02,4.25,64.75,31,8,6722951,72.3,9,6159564,66.24,1,4513366,48.53,0,846291,9.1
2023-04-03,4.26,64.74,31,1,6722952,72.3,6,6159570,66.24,2,4513368,48.53,0,846291,9.1
2023-04-04,4.24,64.75,31,2,6722954,72.3,7,6159577,66.24,5,4513373,48.53,0,846291,9.1
2023-04-05,4.24,64.76,31,2,6722956,72.3,5,6159582,66.24,1,4513374,48.53,0,846291,9.1
2023-04-06,4.24,64.76,31,0,6722956,72.3,2,6159584,66.24,0,4513374,48.53,0,846291,9.1
2023-04-07,4.2,64.8,31,0,6722956,72.3,4,6159588,66.24,0,4513374,48.53,0,846291,9.1
