Date,Valid vaccinated pop. perc.,Expired vaccinated pop. perc.,Not vaccinated pop. perc.,Vaccinated (daily),Vaccinated (cumu),Vaccinated pop. perc.,Second dose (daily),Second dose (cumu),Second dose pop. perc.,Third dose (daily),Third dose (cumu),Third dose pop. perc.,Fourth dose (daily),Fourth dose (cumu),Fourth dose pop. perc.
2020-12-19,0,0,100,46,70,0,0,4,0,0,0,0,0,0,0
2020-12-20,0,0,100,7395,7465,0.08,0,4,0,0,0,0,0,0,0
2020-12-21,0,0,100,24923,32388,0.35,0,4,0,0,0,0,0,0,0
2020-12-22,0,0,100,44668,77056,0.83,0,4,0,0,0,0,0,0,0
2020-12-23,0,0,100,62918,139974,1.51,0,4,0,0,0,0,0,0,0
2020-12-24,0,0,100,73429,213403,2.29,0,4,0,0,0,0,0,0,0
2020-12-25,0,0,100,38517,251920,2.71,0,4,0,0,0,0,0,0,0
2020-12-26,0,0,100,32617,284537,3.06,0,4,0,0,0,0,0,0,0
2020-12-27,0,0,100,104571,389108,4.18,0,4,0,0,0,0,0,0,0
2020-12-28,0,0,100,135039,524147,5.64,0,4,0,0,0,0,0,0,0
2020-12-29,0,0,100,156334,680481,7.32,2,6,0,0,0,0,0,0,0
2020-12-30,0,0,100,153183,833664,8.96,0,6,0,0,0,0,0,0,0
2020-12-31,0,0,100,158590,992254,10.67,0,6,0,0,0,0,0,0,0
2021-01-01,0,0,100,71435,1063689,11.44,0,6,0,0,0,0,0,0,0
2021-01-02,0,0,100,71742,1135431,12.21,0,6,0,0,0,0,0,0,0
2021-01-03,0,0,100,149763,1285194,13.82,0,6,0,0,0,0,0,0,0
2021-01-04,0,0,100,152198,1437392,15.46,1,7,0,0,0,0,0,0,0
2021-01-05,0,0,100,125218,1562610,16.8,4,11,0,0,0,0,0,0,0
2021-01-06,0,0,100,103369,1665979,17.92,2,13,0,0,0,0,0,0,0
2021-01-07,0,0,100,116062,1782041,19.16,9,22,0,0,0,0,0,0,0
2021-01-08,0,0,100,66461,1848502,19.88,5,27,0,0,0,0,0,0,0
2021-01-09,0,0,100,44552,1893054,20.36,24,51,0,0,0,0,0,0,0
2021-01-10,0,0,100,37648,1930702,20.76,6000,6051,0.07,0,0,0,0,0,0
2021-01-11,0,0,100,21174,1951876,20.99,19264,25315,0.27,0,0,0,0,0,0
2021-01-12,0,0,100,24075,1975951,21.25,35674,60989,0.66,0,0,0,0,0,0
2021-01-13,0,0,100,52076,2028027,21.81,56874,117863,1.27,0,0,0,0,0,0
2021-01-14,0,0,100,56476,2084503,22.42,68838,186701,2.01,0,0,0,0,0,0
2021-01-15,0,0,100,30775,2115278,22.75,35942,222643,2.39,0,0,0,0,0,0
2021-01-16,0,0,100,29479,2144757,23.06,26006,248649,2.67,0,0,0,0,0,0
2021-01-17,0.31,0,99.69,68441,2213198,23.8,84596,333245,3.58,0,0,0,0,0,0
2021-01-18,0.58,0,99.42,69817,2283015,24.55,120436,453681,4.88,0,0,0,0,0,0
2021-01-19,1.09,0,98.91,72896,2355911,25.33,137847,591528,6.36,0,0,0,0,0,0
2021-01-20,1.9,0,98.1,76918,2432829,26.16,143763,735291,7.91,0,0,0,0,0,0
2021-01-21,2.88,0,97.12,70001,2502830,26.91,164472,899763,9.68,0,0,0,0,0,0
2021-01-22,3.39,0,96.61,37928,2540758,27.32,71131,970894,10.44,0,0,0,0,0,0
2021-01-23,3.77,0,96.23,39965,2580723,27.75,53594,1024488,11.02,0,0,0,0,0,0
2021-01-24,4.96,0,95.04,69146,2649869,28.5,140707,1165195,12.53,0,0,0,0,0,0
2021-01-25,6.61,0,93.39,80943,2730812,29.37,139519,1304714,14.03,0,0,0,0,0,0
2021-01-26,8.45,0,91.55,78730,2809542,30.21,126444,1431158,15.39,0,0,0,0,0,0
2021-01-27,10.34,0,89.66,77978,2887520,31.05,125067,1556225,16.73,0,0,0,0,0,0
2021-01-28,12.43,0,87.57,79569,2967089,31.91,130629,1686854,18.14,0,0,0,0,0,0
2021-01-29,13.34,0,86.66,36704,3003793,32.3,64792,1751646,18.84,0,0,0,0,0,0
2021-01-30,14.02,0,85.98,34394,3038187,32.67,42766,1794412,19.3,0,0,0,0,0,0
2021-01-31,15.76,0,84.24,73330,3111517,33.46,59502,1853914,19.94,0,0,0,0,0,0
2021-02-01,17.48,0,82.52,82508,3194025,34.35,35356,1889270,20.32,0,0,0,0,0,0
2021-02-02,19.01,0,80.99,70102,3264127,35.1,31072,1920342,20.65,0,0,0,0,0,0
2021-02-03,20.47,0,79.53,60307,3324434,35.75,51443,1971785,21.2,0,0,0,0,0,0
2021-02-04,22,0,78,72633,3397067,36.53,58096,2029881,21.83,0,0,0,0,0,0
2021-02-05,22.75,0,77.25,33943,3431010,36.9,28805,2058686,22.14,0,0,0,0,0,0
2021-02-06,23.23,0,76.77,21621,3452631,37.13,22231,2080917,22.38,0,0,0,0,0,0
2021-02-07,23.99,0,76.01,54080,3506711,37.71,68739,2149656,23.12,0,0,0,0,0,0
2021-02-08,24.52,0,75.48,58639,3565350,38.34,65467,2215123,23.82,0,0,0,0,0,0
2021-02-09,25.04,0,74.96,66354,3631704,39.05,67577,2282700,24.55,0,0,0,0,0,0
2021-02-10,25.77,0,74.23,70570,3702274,39.81,72312,2355012,25.32,0,0,0,0,0,0
2021-02-11,26.61,0,73.39,81174,3783448,40.69,72107,2427119,26.1,0,0,0,0,0,0
2021-02-12,27.02,0,72.98,39106,3822554,41.11,37596,2464715,26.5,0,0,0,0,0,0
2021-02-13,27.33,0,72.67,27463,3850017,41.4,30440,2495155,26.83,0,0,0,0,0,0
2021-02-14,28.25,0,71.75,74915,3924932,42.21,69083,2564238,27.57,0,0,0,0,0,0
2021-02-15,29.17,0,70.83,81545,4006477,43.08,75719,2639957,28.39,0,0,0,0,0,0
2021-02-16,30.11,0,69.89,83416,4089893,43.98,78299,2718256,29.23,0,0,0,0,0,0
2021-02-17,31.01,0,68.99,61983,4151876,44.65,75641,2793897,30.04,0,0,0,0,0,0
2021-02-18,31.94,0,68.06,69157,4221033,45.39,79738,2873635,30.9,0,0,0,0,0,0
2021-02-19,32.45,0,67.55,39674,4260707,45.82,38162,2911797,31.31,0,0,0,0,0,0
2021-02-20,32.85,0,67.15,31650,4292357,46.16,28724,2940521,31.62,0,0,0,0,0,0
2021-02-21,33.8,0,66.2,79434,4371791,47.01,78444,3018965,32.46,0,0,0,0,0,0
2021-02-22,34.83,0,65.17,85058,4456849,47.93,80592,3099557,33.33,0,0,0,0,0,0
2021-02-23,35.84,0,64.16,77328,4534177,48.76,70485,3170042,34.09,0,0,0,0,0,0
2021-02-24,36.76,0,63.24,61066,4595243,49.41,63143,3233185,34.77,0,0,0,0,0,0
2021-02-25,37.66,0,62.34,51727,4646970,49.97,64805,3297990,35.47,0,0,0,0,0,0
2021-02-26,38.1,0,61.9,25911,4672881,50.25,32041,3330031,35.81,0,0,0,0,0,0
2021-02-27,38.42,0,61.58,18351,4691232,50.45,21196,3351227,36.04,0,0,0,0,0,0
2021-02-28,39.24,0,60.76,40364,4731596,50.88,55873,3407100,36.64,0,0,0,0,0,0
2021-03-01,40.1,0,59.9,45748,4777344,51.37,61441,3468541,37.3,0,0,0,0,0,0
2021-03-02,40.85,0,59.15,41200,4818544,51.82,64798,3533339,38,0,0,0,0,0,0
2021-03-03,41.55,0,58.45,42033,4860577,52.27,66792,3600131,38.71,0,0,0,0,0,0
2021-03-04,42.24,0,57.76,39718,4900295,52.7,79125,3679256,39.56,0,0,0,0,0,0
2021-03-05,42.57,0,57.43,17367,4917662,52.88,40468,3719724,40,0,0,0,0,0,0
2021-03-06,42.78,0,57.22,10722,4928384,53,25347,3745071,40.27,0,0,0,0,0,0
2021-03-07,43.36,0,56.64,31156,4959540,53.33,72845,3817916,41.06,0,0,0,0,0,0
2021-03-08,43.97,0,56.03,27388,4986928,53.63,73296,3891212,41.84,0,0,0,0,0,0
2021-03-09,44.62,0,55.38,26757,5013685,53.91,76599,3967811,42.67,0,0,0,0,0,0
2021-03-10,45.27,0,54.73,23371,5037056,54.17,58684,4026495,43.3,0,0,0,0,0,0
2021-03-11,45.99,0,54.01,23304,5060360,54.42,69095,4095590,44.04,0,0,0,0,0,0
2021-03-12,46.34,0,53.66,11296,5071656,54.54,41414,4137004,44.49,0,0,0,0,0,0
2021-03-13,46.57,0,53.43,7952,5079608,54.62,25239,4162243,44.76,0,0,0,0,0,0
2021-03-14,47.2,0,52.8,20989,5100597,54.85,73935,4236178,45.55,0,0,0,0,0,0
2021-03-15,47.81,0,52.19,20150,5120747,55.07,78281,4314459,46.4,0,0,0,0,0,0
2021-03-16,48.43,0,51.57,18756,5139503,55.27,71479,4385938,47.16,0,0,0,0,0,0
2021-03-17,48.92,0,51.08,17704,5157207,55.46,59010,4444948,47.8,0,0,0,0,0,0
2021-03-18,49.45,0,50.55,16049,5173256,55.63,58125,4503073,48.42,0,0,0,0,0,0
2021-03-19,49.75,0,50.25,6956,5180212,55.71,27979,4531052,48.72,0,0,0,0,0,0
2021-03-20,49.93,0,50.07,5226,5185438,55.76,15301,4546353,48.89,0,0,0,0,0,0
2021-03-21,50.46,0,49.54,13171,5198609,55.9,40510,4586863,49.32,0,0,0,0,0,0
2021-03-22,51,0,49,13579,5212188,56.05,40541,4627404,49.76,0,0,0,0,0,0
2021-03-23,51.43,0,48.57,2844,5215032,56.08,7302,4634706,49.84,0,0,0,0,0,0
2021-03-24,51.84,0,48.16,11001,5226033,56.2,46556,4681262,50.34,0,0,0,0,0,0
2021-03-25,52.22,0,47.78,10270,5236303,56.31,35438,4716700,50.72,0,0,0,0,0,0
2021-03-26,52.4,0,47.6,4186,5240489,56.35,13334,4730034,50.86,0,0,0,0,0,0
2021-03-27,52.5,0,47.5,1786,5242275,56.37,4269,4734303,50.91,0,0,0,0,0,0
2021-03-28,52.74,0,47.26,2113,5244388,56.4,4611,4738914,50.96,0,0,0,0,0,0
2021-03-29,53,0,47,6915,5251303,56.47,30016,4768930,51.28,0,0,0,0,0,0
2021-03-30,53.08,0,46.92,7891,5259194,56.55,22454,4791384,51.52,0,0,0,0,0,0
2021-03-31,53.38,0,46.62,8153,5267347,56.64,19501,4810885,51.73,0,0,0,0,0,0
2021-04-01,53.62,0,46.38,8211,5275558,56.73,18701,4829586,51.93,0,0,0,0,0,0
2021-04-02,53.71,0,46.29,2942,5278500,56.76,8131,4837717,52.02,0,0,0,0,0,0
2021-04-03,53.74,0,46.26,1433,5279933,56.78,2982,4840699,52.05,0,0,0,0,0,0
2021-04-04,53.82,0,46.18,9618,5289551,56.88,22832,4863531,52.3,0,0,0,0,0,0
2021-04-05,54.04,0,45.96,10362,5299913,56.99,21275,4884806,52.53,0,0,0,0,0,0
2021-04-06,54.21,0,45.79,9030,5308943,57.09,16793,4901599,52.71,0,0,0,0,0,0
2021-04-07,54.36,0,45.64,8929,5317872,57.19,15311,4916910,52.87,0,0,0,0,0,0
2021-04-08,54.52,0,45.48,9428,5327300,57.29,17015,4933925,53.06,0,0,0,0,0,0
2021-04-09,54.58,0,45.42,3607,5330907,57.33,6257,4940182,53.12,0,0,0,0,0,0
2021-04-10,54.61,0,45.39,1634,5332541,57.34,3520,4943702,53.16,0,0,0,0,0,0
2021-04-11,54.78,0,45.22,9045,5341586,57.44,14248,4957950,53.32,0,0,0,0,0,0
2021-04-12,54.95,0,45.05,8935,5350521,57.54,13233,4971183,53.46,0,0,0,0,0,0
2021-04-13,55.08,0,44.92,5841,5356362,57.6,4959,4976142,53.51,0,0,0,0,0,0
2021-04-14,55.18,0,44.82,3649,5360011,57.64,5309,4981451,53.57,0,0,0,0,0,0
2021-04-15,55.27,0,44.73,697,5360708,57.65,581,4982032,53.57,0,0,0,0,0,0
2021-04-16,55.33,0,44.67,3416,5364124,57.68,6651,4988683,53.65,0,0,0,0,0,0
2021-04-17,55.35,0,44.65,822,5364946,57.69,1972,4990655,53.67,0,0,0,0,0,0
2021-04-18,55.47,0,44.53,7099,5372045,57.77,7433,4998088,53.75,0,0,0,0,0,0
2021-04-19,55.58,0,44.42,6405,5378450,57.84,7133,5005221,53.82,0,0,0,0,0,0
2021-04-20,55.65,0,44.35,6279,5384729,57.9,6886,5012107,53.9,0,0,0,0,0,0
2021-04-21,55.71,0,44.29,6380,5391109,57.97,7108,5019215,53.97,0,0,0,0,0,0
2021-04-22,55.75,0,44.25,5948,5397057,58.04,7688,5026903,54.06,0,0,0,0,0,0
2021-04-23,55.8,0,44.2,2765,5399822,58.07,3389,5030292,54.09,0,0,0,0,0,0
2021-04-24,55.82,0,44.18,767,5400589,58.08,1290,5031582,54.11,0,0,0,0,0,0
2021-04-25,55.89,0,44.11,4828,5405417,58.13,6924,5038506,54.18,0,0,0,0,0,0
2021-04-26,55.96,0,44.04,5479,5410896,58.19,7889,5046395,54.27,0,0,0,0,0,0
2021-04-27,56.03,0,43.97,4506,5415402,58.23,6625,5053020,54.34,0,0,0,0,0,0
2021-04-28,56.09,0,43.91,4499,5419901,58.28,7333,5060353,54.42,0,0,0,0,0,0
2021-04-29,56.16,0,43.84,4376,5424277,58.33,7292,5067645,54.5,0,0,0,0,0,0
2021-04-30,56.19,0,43.81,1923,5426200,58.35,3201,5070846,54.53,0,0,0,0,0,0
2021-05-01,56.2,0,43.8,458,5426658,58.36,895,5071741,54.54,0,0,0,0,0,0
2021-05-02,56.26,0,43.74,3225,5429883,58.39,6092,5077833,54.6,0,0,0,0,0,0
2021-05-03,56.32,0,43.68,3535,5433418,58.43,5831,5083664,54.67,0,0,0,0,0,0
2021-05-04,56.38,0,43.62,3591,5437009,58.47,4736,5088400,54.72,0,0,0,0,0,0
2021-05-05,56.44,0,43.56,3291,5440300,58.5,4092,5092492,54.76,0,0,0,0,0,0
2021-05-06,56.5,0,43.5,3643,5443943,58.54,3143,5095635,54.8,0,0,0,0,0,0
2021-05-07,56.52,0,43.48,1843,5445786,58.56,2508,5098143,54.82,0,0,0,0,0,0
2021-05-08,56.53,0,43.47,241,5446027,58.56,507,5098650,54.83,0,0,0,0,0,0
2021-05-09,56.58,0,43.42,2851,5448878,58.59,4750,5103400,54.88,0,0,0,0,0,0
2021-05-10,56.63,0,43.37,2897,5451775,58.63,4711,5108111,54.93,0,0,0,0,0,0
2021-05-11,56.67,0,43.33,2622,5454397,58.65,3879,5111990,54.97,0,0,0,0,0,0
2021-05-12,56.7,0,43.3,2030,5456427,58.68,3339,5115329,55.01,0,0,0,0,0,0
2021-05-13,56.73,0,43.27,2041,5458468,58.7,3684,5119013,55.05,0,0,0,0,0,0
2021-05-14,56.75,0,43.25,978,5459446,58.71,1494,5120507,55.06,0,0,0,0,0,0
2021-05-15,56.75,0,43.25,255,5459701,58.71,259,5120766,55.07,0,0,0,0,0,0
2021-05-16,56.78,0,43.22,529,5460230,58.72,1206,5121972,55.08,0,0,0,0,0,0
2021-05-17,56.81,0,43.19,300,5460530,58.72,848,5122820,55.09,0,0,0,0,0,0
2021-05-18,56.84,0,43.16,1961,5462491,58.74,4937,5127757,55.14,0,0,0,0,0,0
2021-05-19,56.87,0,43.13,2232,5464723,58.76,5041,5132798,55.2,0,0,0,0,0,0
2021-05-20,56.9,0,43.1,2312,5467035,58.79,3879,5136677,55.24,0,0,0,0,0,0
2021-05-21,56.92,0,43.08,1194,5468229,58.8,1414,5138091,55.25,0,0,0,0,0,0
2021-05-22,56.92,0,43.08,206,5468435,58.8,395,5138486,55.26,0,0,0,0,0,0
2021-05-23,56.94,0,43.06,2271,5470706,58.83,3216,5141702,55.29,0,0,0,0,0,0
2021-05-24,56.96,0,43.04,2139,5472845,58.85,3597,5145299,55.33,0,0,0,0,0,0
2021-05-25,56.99,0,43.01,1821,5474666,58.87,2586,5147885,55.36,0,0,0,0,0,0
2021-05-26,57.03,0,42.97,1410,5476076,58.89,2503,5150388,55.38,0,0,0,0,0,0
2021-05-27,57.06,0,42.94,1861,5477937,58.91,3188,5153576,55.42,0,0,0,0,0,0
2021-05-28,57.07,0,42.93,790,5478727,58.92,1405,5154981,55.43,0,0,0,0,0,0
2021-05-29,57.07,0,42.93,190,5478917,58.92,224,5155205,55.44,0,0,0,0,0,0
2021-05-30,57.1,0,42.9,1644,5480561,58.94,1937,5157142,55.46,0,0,0,0,0,0
2021-05-31,57.13,0,42.87,1738,5482299,58.95,2093,5159235,55.48,0,0,0,0,0,0
2021-06-01,57.47,0,42.53,1383,5483682,58.97,1823,5161058,55.5,0,0,0,0,0,0
2021-06-02,57.25,0,42.75,1513,5485195,58.99,1608,5162666,55.52,0,0,0,0,0,0
2021-06-03,57.27,0,42.73,1684,5486879,59,1491,5164157,55.53,0,0,0,0,0,0
2021-06-04,57.28,0,42.72,1101,5487980,59.01,783,5164940,55.54,0,0,0,0,0,0
2021-06-05,57.29,0,42.71,184,5488164,59.02,159,5165099,55.54,0,0,0,0,0,0
2021-06-06,57.31,0,42.69,4291,5492455,59.06,1002,5166101,55.55,0,0,0,0,0,0
2021-06-07,57.34,0,42.66,4438,5496893,59.11,812,5166913,55.56,0,0,0,0,0,0
2021-06-08,57.36,0,42.64,3739,5500632,59.15,1174,5168087,55.58,0,0,0,0,0,0
2021-06-09,57.4,0,42.6,3614,5504246,59.19,1327,5169414,55.59,0,0,0,0,0,0
2021-06-10,57.42,0,42.58,3359,5507605,59.23,1300,5170714,55.6,0,0,0,0,0,0
2021-06-11,57.43,0,42.57,1397,5509002,59.24,588,5171302,55.61,0,0,0,0,0,0
2021-06-12,57.43,0,42.57,218,5509220,59.24,173,5171475,55.61,0,0,0,0,0,0
2021-06-13,57.45,0,42.55,3101,5512321,59.28,1260,5172735,55.63,0,0,0,0,0,0
2021-06-14,57.46,0,42.54,3056,5515377,59.31,1531,5174266,55.64,0,0,0,0,0,0
2021-06-15,57.48,0,42.52,3137,5518514,59.34,1375,5175641,55.66,0,0,0,0,0,0
2021-06-16,57.49,0,42.51,2730,5521244,59.37,1000,5176641,55.67,0,0,0,0,0,0
2021-06-17,57.51,0,42.49,2731,5523975,59.4,1207,5177848,55.68,0,0,0,0,0,0
2021-06-18,57.52,0,42.48,1265,5525240,59.42,506,5178354,55.69,0,0,0,0,0,0
2021-06-19,57.52,0,42.48,242,5525482,59.42,139,5178493,55.69,0,0,0,0,0,0
2021-06-20,57.54,0,42.46,3316,5528798,59.45,1330,5179823,55.7,0,0,0,0,0,0
2021-06-21,57.56,0,42.44,5245,5534043,59.51,1217,5181040,55.71,0,0,0,0,0,0
2021-06-22,57.58,0,42.42,6933,5540976,59.58,1099,5182139,55.73,0,0,0,0,0,0
2021-06-23,57.6,0,42.4,10755,5551731,59.7,1304,5183443,55.74,0,0,0,0,0,0
2021-06-24,57.62,0,42.38,12047,5563778,59.83,1466,5184909,55.76,0,0,0,0,0,0
2021-06-25,57.62,0,42.38,7114,5570892,59.91,944,5185853,55.77,0,0,0,0,0,0
2021-06-26,57.63,0,42.37,2274,5573166,59.93,200,5186053,55.77,0,0,0,0,0,0
2021-06-27,57.65,0,42.35,13631,5586797,60.08,3436,5189489,55.81,0,0,0,0,0,0
2021-06-28,57.68,0,42.32,14518,5601315,60.23,3675,5193164,55.84,0,0,0,0,0,0
2021-06-29,57.69,0,42.31,16710,5618025,60.41,3743,5196907,55.88,0,0,0,0,0,0
2021-06-30,57.72,0,42.28,16486,5634511,60.59,3396,5200303,55.92,0,0,0,0,0,0
2021-07-01,57.78,0,42.22,16835,5651346,60.77,3376,5203679,55.96,121,121,0,0,0,0
2021-07-02,57.79,0,42.21,9836,5661182,60.88,1605,5205284,55.98,7,128,0,0,0,0
2021-07-03,57.79,0,42.21,2677,5663859,60.91,296,5205580,55.98,1,129,0,0,0,0
2021-07-04,57.85,0,42.15,17735,5681594,61.1,3161,5208741,56.01,2,131,0,0,0,0
2021-07-05,57.91,0,42.09,17849,5699443,61.29,3045,5211786,56.05,7,138,0,0,0,0
2021-07-06,57.99,0,42.01,17847,5717290,61.48,3409,5215195,56.08,11,149,0,0,0,0
2021-07-07,58.05,0,41.95,15527,5732817,61.65,2701,5217896,56.11,12,161,0,0,0,0
2021-07-08,58.12,0,41.88,16586,5749403,61.83,2879,5220775,56.14,17,178,0,0,0,0
2021-07-09,58.15,0,41.85,11125,5760528,61.95,1535,5222310,56.16,4,182,0,0,0,0
2021-07-10,58.15,0,41.85,4988,5765516,62,389,5222699,56.16,6,188,0,0,0,0
2021-07-11,58.22,0,41.78,1456,5766972,62.02,2848,5225547,56.19,8,196,0,0,0,0
2021-07-12,58.29,0,41.71,2425,5769397,62.04,3691,5229238,56.23,56,252,0,0,0,0
2021-07-13,58.36,0,41.64,2964,5772361,62.07,5458,5234696,56.29,124,376,0,0,0,0
2021-07-14,58.42,0,41.58,2747,5775108,62.1,7532,5242228,56.37,441,817,0.01,0,0,0
2021-07-15,58.5,0,41.5,3005,5778113,62.13,9297,5251525,56.47,374,1191,0.01,0,0,0
2021-07-16,58.54,0,41.46,1295,5779408,62.15,5897,5257422,56.54,66,1257,0.01,0,0,0
2021-07-17,58.55,0,41.44,370,5779778,62.15,1391,5258813,56.55,8,1265,0.01,0,0,0
2021-07-18,58.6,0,41.4,2073,5781851,62.18,9768,5268581,56.66,235,1500,0.02,0,0,0
2021-07-19,58.65,0,41.35,3210,5785061,62.21,11345,5279926,56.78,461,1961,0.02,0,0,0
2021-07-20,58.72,0,41.28,2686,5787747,62.24,11912,5291838,56.91,373,2334,0.03,0,0,0
2021-07-21,58.81,0,41.19,2405,5790152,62.26,11880,5303718,57.03,325,2659,0.03,0,0,0
2021-07-22,58.93,0,41.07,2875,5793027,62.3,13275,5316993,57.18,391,3050,0.03,0,0,0
2021-07-23,58.99,0,41.01,2036,5795063,62.32,8249,5325242,57.27,106,3156,0.03,0,0,0
2021-07-24,58.99,0,41,642,5795705,62.32,1485,5326727,57.28,7,3163,0.03,0,0,0
2021-07-25,59.1,0,40.89,4416,5800121,62.37,15497,5342224,57.45,223,3386,0.04,0,0,0
2021-07-26,59.24,0,40.75,5169,5805290,62.43,13533,5355757,57.59,325,3711,0.04,0,0,0
2021-07-27,59.37,0.01,40.62,5491,5810781,62.49,13577,5369334,57.74,414,4125,0.04,0,0,0
2021-07-28,59.5,0.01,40.49,3987,5814768,62.53,12342,5381676,57.87,472,4597,0.05,0,0,0
2021-07-29,59.65,0.01,40.33,4664,5819432,62.58,14199,5395875,58.02,532,5129,0.06,0,0,0
2021-07-30,59.74,0.02,40.25,2653,5822085,62.61,10854,5406729,58.14,4122,9251,0.1,0,0,0
2021-07-31,59.75,0.02,40.23,1405,5823490,62.62,3552,5410281,58.18,6159,15410,0.17,0,0,0
2021-08-01,59.91,0.02,40.06,3076,5826566,62.66,3364,5413645,58.22,31047,46457,0.5,0,0,0
2021-08-02,60.06,0.03,39.91,3132,5829698,62.69,3173,5416818,58.25,58514,104971,1.13,0,0,0
2021-08-03,60.21,0.03,39.76,3387,5833085,62.73,3328,5420146,58.29,78953,183924,1.98,0,0,0
2021-08-04,60.34,0.03,39.63,3527,5836612,62.76,3255,5423401,58.32,80764,264688,2.85,0,0,0
2021-08-05,60.49,0.04,39.47,4513,5841125,62.81,3569,5426970,58.36,88442,353130,3.8,0,0,0
2021-08-06,60.6,0.04,39.36,2435,5843560,62.84,1860,5428830,58.38,44744,397874,4.28,0,0,0
2021-08-07,60.63,0.04,39.32,1033,5844593,62.85,698,5429528,58.39,27353,425227,4.57,0,0,0
2021-08-08,60.68,0.04,39.28,4989,5849582,62.9,3082,5432610,58.42,80087,505314,5.43,0,0,0
2021-08-09,60.72,0.04,39.24,5339,5854921,62.96,3061,5435671,58.45,76489,581803,6.26,0,0,0
2021-08-10,60.75,0.04,39.2,5552,5860473,63.02,3202,5438873,58.49,75427,657230,7.07,0,0,0
2021-08-11,60.79,0.04,39.17,5694,5866167,63.08,2946,5441819,58.52,62639,719869,7.74,0,0,0
2021-08-12,60.83,0.04,39.12,7039,5873206,63.16,3287,5445106,58.55,59462,779331,8.38,0,0,0
2021-08-13,60.84,0.05,39.11,3819,5877025,63.2,2071,5447177,58.58,43869,823200,8.85,0,0,0
2021-08-14,60.85,0.05,39.1,2252,5879277,63.22,850,5448027,58.59,44486,867686,9.33,0,0,0
2021-08-15,60.89,0.05,39.06,7143,5886420,63.3,4531,5452558,58.63,97983,965669,10.38,0,0,0
2021-08-16,60.92,0.04,39.03,6990,5893410,63.37,4747,5457305,58.69,89521,1055190,11.35,0,0,0
2021-08-17,60.96,0.04,39,7572,5900982,63.46,5134,5462439,58.74,83320,1138510,12.24,0,0,0
2021-08-18,60.99,0.04,38.96,8643,5909625,63.55,4603,5467042,58.79,69267,1207777,12.99,0,0,0
2021-08-19,61.03,0.04,38.92,10080,5919705,63.66,5216,5472258,58.85,65974,1273751,13.7,0,0,0
2021-08-20,61.05,0.05,38.9,4768,5924473,63.71,2826,5475084,58.88,60452,1334203,14.35,0,0,0
2021-08-21,61.06,0.05,38.89,3498,5927971,63.75,1580,5476664,58.89,50725,1384928,14.89,0,0,0
2021-08-22,61.12,0.04,38.84,9822,5937793,63.85,4807,5481471,58.95,105106,1490034,16.02,0,0,0
2021-08-23,61.17,0.04,38.79,10924,5948717,63.97,4447,5485918,58.99,94031,1584065,17.03,0,0,0
2021-08-24,61.23,0.04,38.73,11721,5960438,64.1,4703,5490621,59.04,98551,1682616,18.09,0,0,0
2021-08-25,61.29,0.04,38.67,9612,5970050,64.2,4482,5495103,59.09,99550,1782166,19.16,0,0,0
2021-08-26,61.36,0.03,38.61,10107,5980157,64.31,5057,5500160,59.15,101229,1883395,20.25,0,0,0
2021-08-27,61.35,0.04,38.61,4325,5984482,64.35,2785,5502945,59.18,56694,1940089,20.86,0,0,0
2021-08-28,61.4,0.04,38.57,3698,5988180,64.39,1497,5504442,59.19,33539,1973628,21.22,0,0,0
2021-08-29,61.46,0.03,38.5,10321,5998501,64.5,5931,5510373,59.26,79549,2053177,22.08,0,0,0
2021-08-30,61.53,0.03,38.44,12334,6010835,64.64,7015,5517388,59.33,116005,2169182,23.33,0,0,0
2021-08-31,61.6,0.03,38.37,12075,6022910,64.77,6527,5523915,59.4,114874,2284056,24.56,0,0,0
2021-09-01,61.43,0.03,38.54,9032,6031942,64.86,6039,5529954,59.47,112489,2396545,25.77,0,0,0
2021-09-02,61.49,0.03,38.48,8784,6040726,64.96,7180,5537134,59.54,111542,2508087,26.97,0,0,0
2021-09-03,61.56,0.03,38.42,3749,6044475,65,4115,5541249,59.59,58884,2566971,27.6,0,0,0
2021-09-04,61.59,0.03,38.38,2692,6047167,65.03,2021,5543270,59.61,29950,2596921,27.93,0,0,0
2021-09-05,61.68,0.03,38.29,6991,6054158,65.1,6460,5549730,59.68,73326,2670247,28.71,0,0,0
2021-09-06,61.77,0.03,38.2,2834,6056992,65.13,2712,5552442,59.71,22797,2693044,28.96,0,0,0
2021-09-07,61.85,0.03,38.12,1200,6058192,65.15,879,5553321,59.72,5398,2698442,29.02,0,0,0
2021-09-08,61.93,0.03,38.05,1380,6059572,65.16,1195,5554516,59.73,6621,2705063,29.09,0,0,0
2021-09-09,62.02,0.03,37.95,7090,6066662,65.24,12573,5567089,59.87,73845,2778908,29.88,0,0,0
2021-09-10,62.06,0.03,37.91,3258,6069920,65.27,5016,5572105,59.92,37936,2816844,30.29,0,0,0
2021-09-11,62.08,0.03,37.89,2109,6072029,65.3,2505,5574610,59.95,14816,2831660,30.45,0,0,0
2021-09-12,62.16,0.03,37.81,6107,6078136,65.36,8587,5583197,60.04,54135,2885795,31.03,0,0,0
2021-09-13,62.15,0.03,37.82,5610,6083746,65.42,8262,5591459,60.13,47981,2933776,31.55,0,0,0
2021-09-14,62.2,0.03,37.77,4961,6088707,65.48,7420,5598879,60.21,48854,2982630,32.07,0,0,0
2021-09-15,62.25,0.03,37.72,1750,6090457,65.49,2717,5601596,60.24,16686,2999316,32.25,0,0,0
2021-09-16,62.37,0.03,37.6,343,6090800,65.5,549,5602145,60.24,1740,3001056,32.27,0,0,0
2021-09-17,62.42,0.03,37.54,3682,6094482,65.54,7019,5609164,60.32,42904,3043960,32.73,0,0,0
2021-09-18,62.45,0.03,37.52,2258,6096740,65.56,2944,5612108,60.35,12783,3056743,32.87,0,0,0
2021-09-19,62.55,0.03,37.42,5941,6102681,65.63,10710,5622818,60.47,44332,3101075,33.35,0,0,0
2021-09-20,62.63,0.03,37.34,3245,6105926,65.66,4645,5627463,60.51,16707,3117782,33.53,0,0,0
2021-09-21,62.69,0.03,37.28,1339,6107265,65.67,2059,5629522,60.54,3476,3121258,33.56,0,0,0
2021-09-22,62.72,0.03,37.25,4257,6111522,65.72,7250,5636772,60.62,25072,3146330,33.83,0,0,0
2021-09-23,62.75,0.03,37.22,4389,6115911,65.77,5912,5642684,60.68,27833,3174163,34.13,0,0,0
2021-09-24,62.82,0.03,37.15,3202,6119113,65.8,4185,5646869,60.72,27721,3201884,34.43,0,0,0
2021-09-25,62.85,0.03,37.12,2079,6121192,65.82,2261,5649130,60.75,10443,3212327,34.54,0,0,0
2021-09-26,62.96,0.03,37,5604,6126796,65.88,5972,5655102,60.81,36270,3248597,34.93,0,0,0
2021-09-27,63.02,0.03,36.94,4694,6131490,65.94,4468,5659570,60.86,30455,3279052,35.26,0,0,0
2021-09-28,63.06,0.04,36.91,1472,6132962,65.95,1181,5660751,60.87,6249,3285301,35.33,0,0,0
2021-09-29,63.13,0.03,36.84,9620,6142582,66.05,8346,5669097,60.96,60324,3345625,35.98,0,0,0
2021-09-30,63.18,0.03,36.79,10974,6153556,66.17,8574,5677671,61.05,79697,3425322,36.83,0,0,0
2021-10-01,63.23,0.03,36.73,5125,6158681,66.23,3875,5681546,61.1,46545,3471867,37.33,0,0,0
2021-10-02,63.26,0.03,36.71,2862,6161543,66.26,2127,5683673,61.12,22432,3494299,37.58,0,0,0
2021-10-03,63.35,0.03,36.62,11667,6173210,66.38,7273,5690946,61.2,70725,3565024,38.34,0,0,0
2021-10-04,63.4,0.03,36.57,10320,6183530,66.49,6757,5697703,61.27,51910,3616934,38.89,0,0,0
2021-10-05,63.41,0.03,36.55,8459,6191989,66.59,5314,5703017,61.33,40479,3657413,39.33,0,0,0
2021-10-06,63.52,0.03,36.45,7542,6199531,66.67,4183,5707200,61.37,34147,3691560,39.7,0,0,0
2021-10-07,63.63,0.03,36.34,6892,6206423,66.74,4009,5711209,61.42,34066,3725626,40.06,0,0,0
2021-10-08,63.68,0.03,36.29,3085,6209508,66.77,2643,5713852,61.44,19250,3744876,40.27,0,0,0
2021-10-09,63.71,0.03,36.26,1337,6210845,66.79,1443,5715295,61.46,7441,3752317,40.35,0,0,0
2021-10-10,63.82,0.04,36.14,4675,6215520,66.84,3747,5719042,61.5,21518,3773835,40.58,0,0,0
2021-10-11,63.91,0.04,36.05,4299,6219819,66.88,2943,5721985,61.53,17268,3791103,40.77,0,0,0
2021-10-12,63.99,0.05,35.96,3973,6223792,66.93,3003,5724988,61.56,15356,3806459,40.93,0,0,0
2021-10-13,64.09,0.05,35.86,3488,6227280,66.97,2451,5727439,61.59,13587,3820046,41.08,0,0,0
2021-10-14,64.19,0.06,35.75,3868,6231148,67.01,2685,5730124,61.62,16566,3836612,41.26,0,0,0
2021-10-15,64.23,0.07,35.7,1703,6232851,67.03,1682,5731806,61.64,9009,3845621,41.35,0,0,0
2021-10-16,64.25,0.08,35.67,727,6233578,67.03,956,5732762,61.65,4035,3849656,41.4,0,0,0
2021-10-17,64.36,0.09,35.56,3089,6236667,67.07,2525,5735287,61.67,12798,3862454,41.53,0,0,0
2021-10-18,64.43,0.1,35.47,2460,6239127,67.09,1690,5736977,61.69,10069,3872523,41.64,0,0,0
2021-10-19,64.49,0.1,35.4,2397,6241524,67.12,1282,5738259,61.71,9295,3881818,41.74,0,0,0
2021-10-20,64.14,0.52,35.34,2434,6243958,67.14,2304,5740563,61.73,10100,3891918,41.85,0,0,0
2021-10-21,54.23,10.41,35.36,3032,6246990,67.18,3096,5743659,61.76,12163,3904081,41.98,0,0,0
2021-10-22,54.36,10.26,35.38,1279,6248269,67.19,1435,5745094,61.78,5835,3909916,42.05,0,0,0
2021-10-23,54.42,10.19,35.39,572,6248841,67.2,1266,5746360,61.79,2564,3912480,42.07,0,0,0
2021-10-24,54.22,10.43,35.35,2515,6251356,67.22,2653,5749013,61.82,9855,3922335,42.18,0,0,0
2021-10-25,54.59,10.22,35.19,2635,6253991,67.25,2750,5751763,61.85,8509,3930844,42.27,0,0,0
2021-10-26,54.64,10.26,35.1,2381,6256372,67.28,2056,5753819,61.87,8523,3939367,42.36,0,0,0
2021-10-27,54.58,10.37,35.06,2289,6258661,67.3,2566,5756385,61.9,7954,3947321,42.45,0,0,0
2021-10-28,54.69,10.76,34.55,2504,6261165,67.33,2778,5759163,61.93,8671,3955992,42.54,0,0,0
2021-10-29,54.73,10.75,34.52,900,6262065,67.34,1151,5760314,61.94,4137,3960129,42.59,0,0,0
2021-10-30,54.68,10.81,34.52,366,6262431,67.34,530,5760844,61.95,1712,3961841,42.6,0,0,0
2021-10-31,54.83,10.7,34.47,2260,6264691,67.37,2495,5763339,61.98,8255,3970096,42.69,0,0,0
2021-11-01,54.95,10.63,34.42,1736,6266427,67.39,2092,5765431,62,6479,3976575,42.76,0,0,0
2021-11-02,54.89,10.69,34.42,2026,6268453,67.41,2044,5767475,62.02,6295,3982870,42.83,0,0,0
2021-11-03,54.86,10.75,34.39,1763,6270216,67.43,1897,5769372,62.04,5556,3988426,42.89,0,0,0
2021-11-04,54.85,10.81,34.33,2111,6272327,67.45,2802,5772174,62.07,7127,3995553,42.97,0,0,0
2021-11-05,54.85,10.83,34.32,789,6273116,67.46,904,5773078,62.08,3485,3999038,43,0,0,0
2021-11-06,54.82,10.86,34.32,346,6273462,67.46,386,5773464,62.09,1373,4000411,43.02,0,0,0
2021-11-07,54.92,10.8,34.28,1578,6275040,67.48,1769,5775233,62.1,6134,4006545,43.08,0,0,0
2021-11-08,55.01,10.75,34.24,1519,6276559,67.5,1602,5776835,62.12,5405,4011950,43.14,0,0,0
2021-11-09,55.05,10.74,34.21,1428,6277987,67.51,1609,5778444,62.14,5331,4017281,43.2,0,0,0
2021-11-10,55.08,10.73,34.19,1423,6279410,67.53,1659,5780103,62.16,4777,4022058,43.25,0,0,0
2021-11-11,55.15,10.69,34.15,1627,6281037,67.54,1944,5782047,62.18,5717,4027775,43.31,0,0,0
2021-11-12,55.17,10.69,34.14,634,6281671,67.55,826,5782873,62.19,2922,4030697,43.34,0,0,0
2021-11-13,55.14,10.72,34.14,256,6281927,67.55,287,5783160,62.19,1130,4031827,43.36,0,0,0
2021-11-14,55.21,10.68,34.11,1536,6283463,67.57,1637,5784797,62.21,5109,4036936,43.41,0,0,0
2021-11-15,55.28,10.63,34.09,1274,6284737,67.58,1622,5786419,62.22,4770,4041706,43.46,0,0,0
2021-11-16,55.32,10.62,34.07,1273,6286010,67.6,1416,5787835,62.24,4348,4046054,43.51,0,0,0
2021-11-17,55.35,10.6,34.05,1205,6287215,67.61,1566,5789401,62.26,3915,4049969,43.55,0,0,0
2021-11-18,55.41,10.58,34.02,1361,6288576,67.62,1692,5791093,62.27,5010,4054979,43.61,0,0,0
2021-11-19,55.42,10.57,34.01,588,6289164,67.63,763,5791856,62.28,2457,4057436,43.63,0,0,0
2021-11-20,55.41,10.58,34,238,6289402,67.63,257,5792113,62.29,929,4058365,43.64,0,0,0
2021-11-21,55.47,10.54,33.98,1409,6290811,67.65,1541,5793654,62.3,4880,4063245,43.69,0,0,0
2021-11-22,55.54,10.5,33.96,1680,6292491,67.67,1522,5795176,62.32,4239,4067484,43.74,0,0,0
2021-11-23,55.57,10.48,33.95,8622,6301113,67.76,1687,5796863,62.34,4008,4071492,43.78,0,0,0
2021-11-24,55.6,10.44,33.95,9349,6310462,67.86,1317,5798180,62.35,3923,4075415,43.82,0,0,0
2021-11-25,55.64,10.43,33.93,9812,6320274,67.97,1601,5799781,62.37,4839,4080254,43.88,0,0,0
2021-11-26,55.63,10.45,33.92,5610,6325884,68.03,748,5800529,62.38,2800,4083054,43.91,0,0,0
2021-11-27,55.62,10.46,33.92,4779,6330663,68.08,323,5800852,62.38,1163,4084217,43.92,0,0,0
2021-11-28,55.67,10.43,33.9,10152,6340815,68.19,1477,5802329,62.4,4902,4089119,43.97,0,0,0
2021-11-29,55.73,10.39,33.88,9042,6349857,68.28,1131,5803460,62.41,4376,4093495,44.02,0,0,0
2021-11-30,55.77,10.37,33.86,10044,6359901,68.39,1035,5804495,62.42,4084,4097579,44.06,0,0,0
2021-12-01,55.79,10.36,33.84,8632,6368533,68.48,1095,5805590,62.43,4442,4102021,44.11,6,6,0
2021-12-02,55.84,10.34,33.82,9176,6377709,68.58,1454,5807044,62.45,5124,4107145,44.17,6,12,0
2021-12-03,55.86,10.33,33.81,6331,6384040,68.65,673,5807717,62.45,2867,4110012,44.2,1,13,0
2021-12-04,55.85,10.34,33.81,2509,6386549,68.68,235,5807952,62.46,922,4110934,44.21,3,16,0
2021-12-05,55.9,10.31,33.79,8335,6394884,68.77,1253,5809205,62.47,4683,4115617,44.26,1,17,0
2021-12-06,55.95,10.27,33.78,6723,6401607,68.84,1200,5810405,62.48,4350,4119967,44.3,4,21,0
2021-12-07,55.99,10.25,33.76,5553,6407160,68.9,1503,5811908,62.5,3965,4123932,44.35,9,30,0
2021-12-08,56.03,10.22,33.75,4935,6412095,68.95,1199,5813107,62.51,3883,4127815,44.39,10,40,0
2021-12-09,56.08,10.19,33.73,6237,6418332,69.02,1239,5814346,62.52,4506,4132321,44.44,8,48,0
2021-12-10,56.1,10.18,33.72,3005,6421337,69.05,703,5815049,62.53,2687,4135008,44.47,4,52,0
2021-12-11,56.1,10.18,33.71,1491,6422828,69.07,252,5815301,62.53,1016,4136024,44.48,0,52,0
2021-12-12,56.16,10.15,33.69,7274,6430102,69.15,1444,5816745,62.55,5248,4141272,44.53,3,55,0
2021-12-13,56.21,10.11,33.67,6181,6436283,69.21,1374,5818119,62.57,4350,4145622,44.58,5,60,0
2021-12-14,56.27,10.09,33.65,7317,6443600,69.29,6101,5824220,62.63,4937,4150559,44.63,12,72,0
2021-12-15,56.34,10.06,33.6,7203,6450803,69.37,7404,5831624,62.71,5445,4156004,44.69,7,79,0
2021-12-16,56.53,10.05,33.42,8079,6458882,69.46,8613,5840237,62.8,6563,4162567,44.76,8,87,0
2021-12-17,56.64,10.05,33.3,4406,6463288,69.5,5140,5845377,62.86,3953,4166520,44.8,3,90,0
2021-12-18,56.73,10.07,33.2,3941,6467229,69.55,2914,5848291,62.89,1360,4167880,44.82,2,92,0
2021-12-19,56.92,10.04,33.04,6980,6474209,69.62,9331,5857622,62.99,6273,4174153,44.89,6,98,0
2021-12-20,57.07,10.02,32.91,7969,6482178,69.71,7517,5865139,63.07,5443,4179596,44.95,9,107,0
2021-12-21,57.27,10.01,32.71,9549,6491727,69.81,8649,5873788,63.16,6490,4186086,45.02,8,115,0
2021-12-22,57.49,10,32.52,9664,6501391,69.91,8155,5881943,63.25,6249,4192335,45.08,12,127,0
2021-12-23,57.7,9.97,32.33,11538,6512929,70.04,10264,5892207,63.36,8159,4200494,45.17,16,143,0
2021-12-24,57.83,9.96,32.21,5873,6518802,70.1,6240,5898447,63.43,5280,4205774,45.23,12,155,0
2021-12-25,57.9,9.96,32.15,3338,6522140,70.14,2566,5901013,63.46,2021,4207795,45.25,6,161,0
2021-12-26,58.1,9.92,31.98,10653,6532793,70.25,8910,5909923,63.55,8201,4215996,45.34,8,169,0
2021-12-27,58.27,9.9,31.83,10371,6543164,70.36,7145,5917068,63.63,8185,4224181,45.42,21,190,0
2021-12-28,58.46,9.88,31.66,11375,6554539,70.48,7452,5924520,63.71,9640,4233821,45.53,24,214,0
2021-12-29,58.64,9.85,31.51,9932,6564471,70.59,5963,5930483,63.77,8375,4242196,45.62,20,234,0
2021-12-30,58.84,9.82,31.34,11011,6575482,70.71,7735,5938218,63.86,12241,4254437,45.75,10,244,0
2021-12-31,58.9,9.79,31.3,4829,6580311,70.76,3672,5941890,63.9,7294,4261731,45.83,135,379,0
2022-01-01,58.93,9.79,31.28,1992,6582303,70.78,1591,5943481,63.91,2741,4264472,45.86,66,445,0
2022-01-02,59.14,9.76,31.1,10217,6592520,70.89,6487,5949968,63.98,13002,4277474,46,590,1035,0.01
2022-01-03,59.29,9.71,31,9384,6601904,70.99,5258,5955226,64.04,11339,4288813,46.12,25055,26090,0.28
2022-01-04,59.46,9.68,30.86,8967,6610871,71.09,5949,5961175,64.1,10524,4299337,46.23,50658,76748,0.83
2022-01-05,59.56,9.65,30.79,8553,6619424,71.18,5739,5966914,64.17,10493,4309830,46.35,59590,136338,1.47
2022-01-06,59.81,9.63,30.56,10339,6629763,71.29,7959,5974873,64.25,13530,4323360,46.49,64000,200338,2.15
2022-01-07,59.89,9.61,30.49,4760,6634523,71.34,4556,5979429,64.3,8161,4331521,46.58,31135,231473,2.49
2022-01-08,59.9,9.64,30.46,2750,6637273,71.37,2452,5981881,64.33,5501,4337022,46.64,27631,259104,2.79
2022-01-09,60.06,9.59,30.35,9306,6646579,71.47,7722,5989603,64.41,11868,4348890,46.77,66765,325869,3.5
2022-01-10,60.21,9.54,30.25,8350,6654929,71.56,7645,5997248,64.49,11878,4360768,46.89,64774,390643,4.2
2022-01-11,60.38,9.49,30.13,8100,6663029,71.65,8621,6005869,64.58,11971,4372739,47.02,56657,447300,4.81
2022-01-12,60.51,9.45,30.04,7277,6670306,71.73,8303,6014172,64.67,11114,4383853,47.14,44631,491931,5.29
2022-01-13,60.7,9.35,29.94,7508,6677814,71.81,9616,6023788,64.78,11542,4395395,47.27,34765,526696,5.66
2022-01-14,60.79,9.31,29.9,2555,6680369,71.84,4935,6028723,64.83,6144,4401539,47.33,11141,537837,5.78
2022-01-15,60.83,9.29,29.87,1469,6681838,71.85,3170,6031893,64.86,3884,4405423,47.37,5716,543553,5.85
2022-01-16,60.97,9.2,29.82,3818,6685656,71.89,8526,6040419,64.96,7681,4413104,47.46,19992,563545,6.06
2022-01-17,61.09,9.13,29.78,2809,6688465,71.92,7047,6047466,65.03,6170,4419274,47.52,17832,581377,6.25
2022-01-18,61.23,9.07,29.7,2475,6690940,71.95,7385,6054851,65.11,5534,4424808,47.58,14817,596194,6.41
2022-01-19,61.37,8.98,29.65,1914,6692854,71.97,6369,6061220,65.18,4520,4429328,47.63,8461,604655,6.5
2022-01-20,61.44,8.85,29.71,1779,6694633,71.99,6969,6068189,65.25,4792,4434120,47.68,8041,612696,6.59
2022-01-21,61.51,8.81,29.68,905,6695538,72,3725,6071914,65.29,2645,4436765,47.71,3358,616054,6.62
2022-01-22,61.51,8.75,29.74,328,6695866,72,1461,6073375,65.31,1066,4437831,47.72,1113,617167,6.64
2022-01-23,61.61,8.7,29.69,1068,6696934,72.02,5632,6079007,65.37,2878,4440709,47.75,6083,623250,6.7
2022-01-24,61.73,8.62,29.65,759,6697693,72.02,4480,6083487,65.42,2267,4442976,47.78,5055,628305,6.76
2022-01-25,61.9,8.51,29.59,744,6698437,72.03,4401,6087888,65.47,2182,4445158,47.8,7102,635407,6.83
2022-01-26,62.02,8.42,29.57,615,6699052,72.04,3285,6091173,65.5,1611,4446769,47.82,4262,639669,6.88
2022-01-27,62.12,8.35,29.52,798,6699850,72.05,4406,6095579,65.55,2004,4448773,47.84,5441,645110,6.94
2022-01-28,62.16,8.33,29.5,395,6700245,72.05,2376,6097955,65.57,1179,4449952,47.85,3452,648562,6.97
2022-01-29,62.23,8.29,29.48,124,6700369,72.05,1046,6099001,65.59,424,4450376,47.86,1162,649724,6.99
2022-01-30,62.3,8.24,29.46,769,6701138,72.06,4719,6103720,65.64,2020,4452396,47.88,8099,657823,7.07
2022-01-31,62.39,8.17,29.43,528,6701666,72.07,3184,6106904,65.67,1609,4454005,47.9,6472,664295,7.14
2022-02-01,62.45,8.15,29.4,480,6702146,72.07,2807,6109711,65.7,1525,4455530,47.91,5721,670016,7.21
2022-02-02,62.28,8.13,29.59,375,6702521,72.08,2394,6112105,65.73,1381,4456911,47.93,5074,675090,7.26
2022-02-03,62.34,8.08,29.57,446,6702967,72.08,2776,6114881,65.76,1461,4458372,47.94,5607,680697,7.32
2022-02-04,62.37,8.06,29.57,174,6703141,72.08,991,6115872,65.77,755,4459127,47.95,2455,683152,7.35
2022-02-05,62.34,8.09,29.56,62,6703203,72.08,342,6116214,65.77,221,4459348,47.95,420,683572,7.35
2022-02-06,62.41,8.05,29.55,406,6703609,72.09,2320,6118534,65.8,1343,4460691,47.97,5686,689258,7.41
2022-02-07,62.47,8.01,29.52,282,6703891,72.09,1307,6119841,65.81,983,4461674,47.98,5960,695218,7.48
2022-02-08,62.54,7.97,29.49,317,6704208,72.09,1498,6121339,65.83,1068,4462742,47.99,6137,701355,7.54
2022-02-09,62.6,7.95,29.45,254,6704462,72.1,1102,6122441,65.84,945,4463687,48,4570,705925,7.59
2022-02-10,62.63,7.93,29.44,273,6704735,72.1,1293,6123734,65.85,936,4464623,48.01,4815,710740,7.64
2022-02-11,62.67,7.91,29.42,211,6704946,72.1,557,6124291,65.86,518,4465141,48.02,2539,713279,7.67
2022-02-12,62.67,7.91,29.41,32,6704978,72.1,90,6124381,65.86,133,4465274,48.02,269,713548,7.67
2022-02-13,62.73,7.87,29.39,286,6705264,72.11,946,6125327,65.87,966,4466240,48.03,4998,718546,7.73
2022-02-14,62.89,7.74,29.36,180,6705444,72.11,627,6125954,65.88,760,4467000,48.04,3142,721688,7.76
2022-02-15,62.92,7.73,29.35,266,6705710,72.11,763,6126717,65.88,936,4467936,48.05,3818,725506,7.8
2022-02-16,62.95,7.72,29.34,179,6705889,72.11,577,6127294,65.89,803,4468739,48.05,2487,727993,7.83
2022-02-17,62.96,7.7,29.34,246,6706135,72.11,740,6128034,65.9,775,4469514,48.06,3061,731054,7.86
2022-02-18,62.98,7.69,29.33,131,6706266,72.12,342,6128376,65.9,436,4469950,48.07,1118,732172,7.87
2022-02-19,62.99,7.69,29.32,33,6706299,72.12,84,6128460,65.9,82,4470032,48.07,79,732251,7.87
2022-02-20,63.01,7.67,29.32,203,6706502,72.12,604,6129064,65.91,721,4470753,48.08,2574,734825,7.9
2022-02-21,63.04,7.65,29.31,173,6706675,72.12,413,6129477,65.91,489,4471242,48.08,1542,736367,7.92
2022-02-22,63.05,7.65,29.3,158,6706833,72.12,454,6129931,65.92,569,4471811,48.09,1871,738238,7.94
2022-02-23,63.06,7.65,29.29,109,6706942,72.12,353,6130284,65.92,452,4472263,48.09,1153,739391,7.95
2022-02-24,63.05,7.66,29.29,138,6707080,72.12,462,6130746,65.93,568,4472831,48.1,1492,740883,7.97
2022-02-25,63.06,7.66,29.28,59,6707139,72.13,144,6130890,65.93,190,4473021,48.1,456,741339,7.97
2022-02-26,63.05,7.67,29.28,17,6707156,72.13,28,6130918,65.93,161,4473182,48.1,35,741374,7.97
2022-02-27,63.05,7.67,29.28,112,6707268,72.13,341,6131259,65.93,448,4473630,48.11,1119,742493,7.98
2022-02-28,63.07,7.65,29.28,108,6707376,72.13,271,6131530,65.94,422,4474052,48.11,907,743400,7.99
2022-03-01,63.1,7.63,29.27,95,6707471,72.13,280,6131810,65.94,373,4474425,48.12,797,744197,8
2022-03-02,63.11,7.62,29.27,77,6707548,72.13,199,6132009,65.94,324,4474749,48.12,697,744894,8.01
2022-03-03,63.05,7.67,29.27,156,6707704,72.13,371,6132380,65.94,496,4475245,48.12,987,745881,8.02
2022-03-04,63.05,7.68,29.27,53,6707757,72.13,170,6132550,65.95,170,4475415,48.13,227,746108,8.02
2022-03-05,63.04,7.69,29.27,4,6707761,72.13,25,6132575,65.95,43,4475458,48.13,32,746140,8.02
2022-03-06,63.04,7.69,29.27,97,6707858,72.13,258,6132833,65.95,418,4475876,48.13,760,746900,8.03
2022-03-07,63.05,7.69,29.26,87,6707945,72.13,260,6133093,65.95,353,4476229,48.14,604,747504,8.04
2022-03-08,63.04,7.7,29.26,98,6708043,72.14,263,6133356,65.96,333,4476562,48.14,550,748054,8.04
2022-03-09,63.02,7.72,29.25,89,6708132,72.14,213,6133569,65.96,337,4476899,48.14,492,748546,8.05
2022-03-10,63.01,7.74,29.25,115,6708247,72.14,373,6133942,65.96,427,4477326,48.15,620,749166,8.06
2022-03-11,63,7.75,29.25,24,6708271,72.14,86,6134028,65.96,122,4477448,48.15,144,749310,8.06
2022-03-12,62.98,7.77,29.24,11,6708282,72.14,12,6134040,65.96,33,4477481,48.15,28,749338,8.06
2022-03-13,62.98,7.78,29.24,100,6708382,72.14,271,6134311,65.97,358,4477839,48.15,595,749933,8.06
2022-03-14,62.98,7.78,29.24,65,6708447,72.14,252,6134563,65.97,316,4478155,48.16,559,750492,8.07
2022-03-15,62.95,7.81,29.24,79,6708526,72.14,185,6134748,65.97,293,4478448,48.16,591,751083,8.08
2022-03-16,62.94,7.82,29.24,76,6708602,72.14,205,6134953,65.97,304,4478752,48.16,668,751751,8.08
2022-03-17,62.94,7.82,29.24,65,6708667,72.14,121,6135074,65.97,286,4479038,48.17,613,752364,8.09
2022-03-18,62.94,7.82,29.24,19,6708686,72.14,54,6135128,65.97,100,4479138,48.17,234,752598,8.09
2022-03-19,62.89,7.88,29.23,5,6708691,72.14,11,6135139,65.97,28,4479166,48.17,39,752637,8.09
2022-03-20,62.87,7.89,29.23,119,6708810,72.14,260,6135399,65.98,486,4479652,48.17,1431,754068,8.11
2022-03-21,62.87,7.9,29.23,97,6708907,72.14,247,6135646,65.98,379,4480031,48.18,1132,755200,8.12
2022-03-22,62.84,7.94,29.23,141,6709048,72.15,342,6135988,65.98,507,4480538,48.18,1770,756970,8.14
2022-03-23,62.81,7.97,29.22,108,6709156,72.15,212,6136200,65.99,463,4481001,48.19,1676,758646,8.16
2022-03-24,62.78,8,29.22,174,6709330,72.15,345,6136545,65.99,768,4481769,48.19,2362,761008,8.18
2022-03-25,62.78,8,29.23,39,6709369,72.15,82,6136627,65.99,156,4481925,48.2,629,761637,8.19
2022-03-26,62.77,8,29.22,12,6709381,72.15,13,6136640,65.99,34,4481959,48.2,91,761728,8.19
2022-03-27,62.75,8.02,29.22,167,6709548,72.15,344,6136984,65.99,758,4482717,48.2,3193,764921,8.23
2022-03-28,62.75,8.03,29.22,113,6709661,72.15,270,6137254,66,623,4483340,48.21,2416,767337,8.25
2022-03-29,62.7,8.07,29.22,125,6709786,72.15,258,6137512,66,641,4483981,48.22,2771,770108,8.28
2022-03-30,62.81,8.11,29.07,132,6709918,72.16,207,6137719,66,539,4484520,48.22,2370,772478,8.31
2022-03-31,62.79,8.11,29.1,166,6710084,72.16,302,6138021,66.01,730,4485250,48.23,2852,775330,8.34
2022-04-01,62.72,8.13,29.15,122,6710206,72.16,160,6138181,66.01,277,4485527,48.24,585,775915,8.34
2022-04-02,62.69,8.15,29.16,6,6710212,72.16,7,6138188,66.01,37,4485564,48.24,52,775967,8.34
2022-04-03,62.65,8.16,29.19,159,6710371,72.16,270,6138458,66.01,569,4486133,48.24,2478,778445,8.37
2022-04-04,62.62,8.16,29.22,103,6710474,72.16,207,6138665,66.01,484,4486617,48.25,2224,780669,8.39
2022-04-05,62.57,8.19,29.25,122,6710596,72.16,219,6138884,66.01,513,4487130,48.25,2242,782911,8.42
2022-04-06,62.55,8.2,29.25,92,6710688,72.16,155,6139039,66.02,381,4487511,48.26,2021,784932,8.44
2022-04-07,62.56,8.2,29.24,191,6710879,72.17,215,6139254,66.02,641,4488152,48.26,2556,787488,8.47
2022-04-08,62.54,8.22,29.23,30,6710909,72.17,60,6139314,66.02,153,4488305,48.27,482,787970,8.47
2022-04-09,62.52,8.25,29.23,6,6710915,72.17,17,6139331,66.02,27,4488332,48.27,47,788017,8.47
2022-04-10,62.51,8.26,29.23,103,6711018,72.17,264,6139595,66.02,429,4488761,48.27,1845,789862,8.49
2022-04-11,62.54,8.26,29.2,78,6711096,72.17,201,6139796,66.02,371,4489132,48.27,1425,791287,8.51
2022-04-12,62.58,8.29,29.12,204,6711300,72.17,168,6139964,66.03,374,4489506,48.28,1360,792647,8.52
2022-04-13,62.58,8.31,29.1,119,6711419,72.17,150,6140114,66.03,296,4489802,48.28,1217,793864,8.54
2022-04-14,62.57,8.33,29.1,85,6711504,72.17,221,6140335,66.03,320,4490122,48.28,1069,794933,8.55
2022-04-15,62.55,8.35,29.1,9,6711513,72.17,51,6140386,66.03,47,4490169,48.29,82,795015,8.55
2022-04-16,62.53,8.37,29.1,3,6711516,72.17,8,6140394,66.03,21,4490190,48.29,29,795044,8.55
2022-04-17,62.52,8.38,29.1,62,6711578,72.17,131,6140525,66.03,229,4490419,48.29,807,795851,8.56
2022-04-18,62.51,8.38,29.1,69,6711647,72.17,109,6140634,66.03,252,4490671,48.29,749,796600,8.57
2022-04-19,62.5,8.4,29.1,62,6711709,72.17,144,6140778,66.03,273,4490944,48.29,842,797442,8.58
2022-04-20,62.48,8.42,29.1,60,6711769,72.18,117,6140895,66.04,235,4491179,48.3,654,798096,8.58
2022-04-21,62.47,8.43,29.1,53,6711822,72.18,109,6141004,66.04,196,4491375,48.3,479,798575,8.59
2022-04-22,62.45,8.44,29.11,3,6711825,72.18,17,6141021,66.04,19,4491394,48.3,19,798594,8.59
2022-04-23,62.43,8.46,29.11,6,6711831,72.18,9,6141030,66.04,15,4491409,48.3,13,798607,8.59
2022-04-24,62.43,8.47,29.1,92,6711923,72.18,250,6141280,66.04,329,4491738,48.3,872,799479,8.6
2022-04-25,62.43,8.47,29.1,105,6712028,72.18,191,6141471,66.04,316,4492054,48.31,738,800217,8.61
2022-04-26,62.42,8.48,29.1,75,6712103,72.18,175,6141646,66.04,303,4492357,48.31,787,801004,8.61
2022-04-27,62.41,8.49,29.1,54,6712157,72.18,160,6141806,66.05,227,4492584,48.31,640,801644,8.62
2022-04-28,62.41,8.5,29.1,96,6712253,72.18,232,6142038,66.05,329,4492913,48.31,871,802515,8.63
2022-04-29,62.39,8.51,29.1,112,6712365,72.18,159,6142197,66.05,183,4493096,48.32,195,802710,8.63
2022-04-30,62.38,8.52,29.1,1,6712366,72.18,3,6142200,66.05,24,4493120,48.32,22,802732,8.63
2022-05-01,62.38,8.53,29.09,135,6712501,72.18,185,6142385,66.05,316,4493436,48.32,630,803362,8.64
2022-05-02,62.37,8.54,29.09,62,6712563,72.18,155,6142540,66.05,235,4493671,48.32,491,803853,8.64
2022-05-03,62.36,8.55,29.09,72,6712635,72.18,151,6142691,66.06,288,4493959,48.33,507,804360,8.65
2022-05-04,62.35,8.57,29.08,23,6712658,72.18,56,6142747,66.06,63,4494022,48.33,126,804486,8.65
2022-05-05,62.34,8.58,29.08,4,6712662,72.18,1,6142748,66.06,8,4494030,48.33,13,804499,8.65
2022-05-06,62.33,8.59,29.08,20,6712682,72.18,59,6142807,66.06,64,4494094,48.33,151,804650,8.65
2022-05-07,62.32,8.6,29.08,1,6712683,72.18,7,6142814,66.06,27,4494121,48.33,24,804674,8.65
2022-05-08,62.31,8.61,29.08,118,6712801,72.19,207,6143021,66.06,270,4494391,48.33,457,805131,8.66
2022-05-09,62.31,8.61,29.08,59,6712860,72.19,162,6143183,66.06,251,4494642,48.33,505,805636,8.66
2022-05-10,62.3,8.62,29.08,131,6712991,72.19,169,6143352,66.06,261,4494903,48.34,508,806144,8.67
2022-05-11,62.3,8.63,29.08,58,6713049,72.19,118,6143470,66.06,182,4495085,48.34,464,806608,8.67
2022-05-12,62.29,8.64,29.07,119,6713168,72.19,200,6143670,66.07,278,4495363,48.34,665,807273,8.68
2022-05-13,62.28,8.65,29.07,11,6713179,72.19,43,6143713,66.07,71,4495434,48.34,110,807383,8.68
2022-05-14,62.26,8.66,29.07,6,6713185,72.19,13,6143726,66.07,11,4495445,48.34,23,807406,8.68
2022-05-15,62.26,8.67,29.07,90,6713275,72.19,175,6143901,66.07,246,4495691,48.34,665,808071,8.69
2022-05-16,62.19,8.65,29.16,68,6713343,72.19,141,6144042,66.07,230,4495921,48.35,508,808579,8.7
2022-05-17,62.18,8.66,29.16,73,6713416,72.19,153,6144195,66.07,269,4496190,48.35,617,809196,8.7
2022-05-18,62.17,8.67,29.16,43,6713459,72.19,99,6144294,66.07,169,4496359,48.35,447,809643,8.71
2022-05-19,62.16,8.68,29.16,64,6713523,72.19,170,6144464,66.07,212,4496571,48.35,499,810142,8.71
2022-05-20,62.15,8.69,29.16,75,6713598,72.19,114,6144578,66.08,130,4496701,48.36,138,810280,8.71
2022-05-21,62.14,8.7,29.16,4,6713602,72.19,7,6144585,66.08,14,4496715,48.36,18,810298,8.71
2022-05-22,62.14,8.71,29.16,87,6713689,72.2,188,6144773,66.08,216,4496931,48.36,426,810724,8.72
2022-05-23,62.14,8.71,29.16,64,6713753,72.2,120,6144893,66.08,156,4497087,48.36,346,811070,8.72
2022-05-24,62.13,8.71,29.15,43,6713796,72.2,119,6145012,66.08,157,4497244,48.36,394,811464,8.73
2022-05-25,62.12,8.72,29.15,61,6713857,72.2,103,6145115,66.08,168,4497412,48.36,337,811801,8.73
2022-05-26,62.11,8.73,29.16,72,6713929,72.2,136,6145251,66.08,186,4497598,48.37,348,812149,8.73
2022-05-27,62.1,8.74,29.16,12,6713941,72.2,29,6145280,66.08,43,4497641,48.37,59,812208,8.73
2022-05-28,62.09,8.75,29.16,2,6713943,72.2,5,6145285,66.08,8,4497649,48.37,12,812220,8.73
2022-05-29,62.09,8.75,29.16,89,6714032,72.2,153,6145438,66.09,163,4497812,48.37,315,812535,8.74
2022-05-30,62.09,8.76,29.16,56,6714088,72.2,133,6145571,66.09,125,4497937,48.37,291,812826,8.74
2022-05-31,62.07,8.78,29.15,45,6714133,72.2,104,6145675,66.09,153,4498090,48.37,351,813177,8.74
2022-06-01,61.95,8.9,29.16,63,6714196,72.2,90,6145765,66.09,117,4498207,48.37,276,813453,8.75
2022-06-02,45.96,24.88,29.15,77,6714273,72.2,156,6145921,66.09,177,4498384,48.37,255,813708,8.75
2022-06-03,45.9,24.95,29.16,10,6714283,72.2,23,6145944,66.09,21,4498405,48.37,33,813741,8.75
2022-06-04,45.84,25,29.16,0,6714283,72.2,7,6145951,66.09,8,4498413,48.37,5,813746,8.75
2022-06-05,45.8,25.05,29.16,11,6714294,72.2,14,6145965,66.09,7,4498420,48.37,2,813748,8.75
2022-06-06,39.96,30.89,29.16,58,6714352,72.2,144,6146109,66.09,161,4498581,48.38,262,814010,8.75
2022-06-07,39.92,30.93,29.15,54,6714406,72.2,134,6146243,66.09,142,4498723,48.38,379,814389,8.76
2022-06-08,39.89,30.96,29.15,58,6714464,72.2,104,6146347,66.09,131,4498854,48.38,497,814886,8.76
2022-06-09,39.86,30.99,29.15,84,6714548,72.2,207,6146554,66.1,234,4499088,48.38,642,815528,8.77
2022-06-10,39.83,31.02,29.15,14,6714562,72.21,51,6146605,66.1,59,4499147,48.38,141,815669,8.77
2022-06-11,39.8,31.05,29.15,0,6714562,72.21,3,6146608,66.1,7,4499154,48.38,19,815688,8.77
2022-06-12,39.8,31.05,29.15,109,6714671,72.21,199,6146807,66.1,191,4499345,48.38,767,816455,8.78
2022-06-13,39.81,31.04,29.15,84,6714755,72.21,142,6146949,66.1,168,4499513,48.39,625,817080,8.79
2022-06-14,39.79,31.06,29.15,116,6714871,72.21,173,6147122,66.1,208,4499721,48.39,759,817839,8.79
2022-06-15,39.78,31.08,29.15,71,6714942,72.21,141,6147263,66.1,207,4499928,48.39,699,818538,8.8
2022-06-16,39.74,31.11,29.14,94,6715036,72.21,136,6147399,66.11,218,4500146,48.39,742,819280,8.81
2022-06-17,39.72,31.14,29.15,16,6715052,72.21,63,6147462,66.11,53,4500199,48.39,124,819404,8.81
2022-06-18,39.68,31.17,29.14,3,6715055,72.21,4,6147466,66.11,11,4500210,48.39,15,819419,8.81
2022-06-19,39.53,31.33,29.15,115,6715170,72.21,207,6147673,66.11,318,4500528,48.4,877,820296,8.82
2022-06-20,33.92,36.85,29.23,99,6715269,72.21,152,6147825,66.11,307,4500835,48.4,922,821218,8.83
2022-06-21,33.58,37.19,29.23,94,6715363,72.21,154,6147979,66.11,375,4501210,48.4,1229,822447,8.84
2022-06-22,33.28,37.49,29.23,110,6715473,72.21,135,6148114,66.11,339,4501549,48.41,894,823341,8.85
2022-06-23,32.84,37.92,29.23,132,6715605,72.22,217,6148331,66.12,525,4502074,48.41,1146,824487,8.87
2022-06-24,32.43,38.34,29.24,19,6715624,72.22,35,6148366,66.12,110,4502184,48.41,207,824694,8.87
2022-06-25,32.04,38.72,29.24,1,6715625,72.22,3,6148369,66.12,12,4502196,48.41,16,824710,8.87
2022-06-26,31.63,39.13,29.24,107,6715732,72.22,158,6148527,66.12,379,4502575,48.42,933,825643,8.88
2022-06-27,31.29,39.47,29.24,86,6715818,72.22,172,6148699,66.12,392,4502967,48.42,1028,826671,8.89
2022-06-28,30.86,39.91,29.24,84,6715902,72.22,151,6148850,66.12,364,4503331,48.43,932,827603,8.9
2022-06-29,30.48,40.28,29.24,76,6715978,72.22,106,6148956,66.12,265,4503596,48.43,816,828419,8.91
2022-06-30,30.05,40.71,29.24,86,6716064,72.22,165,6149121,66.12,356,4503952,48.43,1061,829480,8.92
2022-07-01,29.62,41.14,29.24,22,6716086,72.22,28,6149149,66.12,55,4504007,48.43,80,829560,8.92
2022-07-02,29.2,41.56,29.24,1,6716087,72.22,2,6149151,66.12,8,4504015,48.43,18,829578,8.92
2022-07-03,28.81,41.95,29.24,100,6716187,72.22,177,6149328,66.13,322,4504337,48.44,637,830215,8.93
2022-07-04,28.5,42.26,29.24,76,6716263,72.22,140,6149468,66.13,278,4504615,48.44,749,830964,8.94
2022-07-05,28.06,42.7,29.24,59,6716322,72.22,142,6149610,66.13,302,4504917,48.44,688,831652,8.94
2022-07-06,27.39,43.37,29.24,78,6716400,72.22,124,6149734,66.13,211,4505128,48.45,646,832298,8.95
2022-07-07,26.48,44.28,29.24,82,6716482,72.23,164,6149898,66.13,267,4505395,48.45,721,833019,8.96
2022-07-08,25.47,45.29,29.24,17,6716499,72.23,33,6149931,66.13,69,4505464,48.45,131,833150,8.96
2022-07-09,24.42,46.34,29.24,0,6716499,72.23,1,6149932,66.13,3,4505467,48.45,2,833152,8.96
2022-07-10,23.77,46.99,29.24,90,6716589,72.23,164,6150096,66.14,229,4505696,48.45,470,833622,8.96
2022-07-11,23.22,47.54,29.24,64,6716653,72.23,142,6150238,66.14,248,4505944,48.45,575,834197,8.97
2022-07-12,22.13,48.63,29.24,69,6716722,72.23,129,6150367,66.14,207,4506151,48.46,558,834755,8.98
2022-07-13,21.1,49.66,29.24,43,6716765,72.23,101,6150468,66.14,164,4506315,48.46,488,835243,8.98
2022-07-14,20.12,50.63,29.24,69,6716834,72.23,147,6150615,66.14,209,4506524,48.46,512,835755,8.99
2022-07-15,19.27,51.48,29.25,64,6716898,72.23,88,6150703,66.14,127,4506651,48.46,166,835921,8.99
2022-07-16,18.29,52.46,29.25,0,6716898,72.23,6,6150709,66.14,7,4506658,48.46,8,835929,8.99
2022-07-17,17.83,52.92,29.25,77,6716975,72.23,183,6150892,66.14,241,4506899,48.47,468,836397,8.99
2022-07-18,17.48,53.26,29.26,62,6717037,72.23,158,6151050,66.15,207,4507106,48.47,511,836908,9
2022-07-19,16.77,53.97,29.26,62,6717099,72.23,147,6151197,66.15,174,4507280,48.47,368,837276,9
2022-07-20,16.09,54.64,29.26,52,6717151,72.23,133,6151330,66.15,137,4507417,48.47,423,837699,9.01
2022-07-21,15.43,55.3,29.27,61,6717212,72.23,158,6151488,66.15,176,4507593,48.47,341,838040,9.01
2022-07-22,14.64,56.08,29.28,10,6717222,72.23,36,6151524,66.15,43,4507636,48.47,56,838096,9.01
2022-07-23,14.17,56.55,29.28,0,6717222,72.23,4,6151528,66.15,4,4507640,48.47,9,838105,9.01
2022-07-24,13.55,57.16,29.29,58,6717280,72.23,128,6151656,66.15,197,4507837,48.48,364,838469,9.02
2022-07-25,13.09,57.61,29.3,48,6717328,72.23,107,6151763,66.15,172,4508009,48.48,336,838805,9.02
2022-07-26,12.46,58.23,29.3,47,6717375,72.24,99,6151862,66.15,111,4508120,48.48,270,839075,9.02
2022-07-27,11.89,58.8,29.31,43,6717418,72.24,125,6151987,66.16,132,4508252,48.48,243,839318,9.03
2022-07-28,11.35,59.34,29.31,62,6717480,72.24,142,6152129,66.16,147,4508399,48.48,220,839538,9.03
2022-07-29,10.85,59.83,29.32,10,6717490,72.24,25,6152154,66.16,27,4508426,48.48,31,839569,9.03
2022-07-30,10.34,60.33,29.33,0,6717490,72.24,0,6152154,66.16,1,4508427,48.48,1,839570,9.03
2022-07-31,9.97,60.7,29.33,56,6717546,72.24,134,6152288,66.16,131,4508558,48.48,252,839822,9.03
2022-08-01,9.47,61.19,29.34,54,6717600,72.24,76,6152364,66.16,89,4508647,48.48,152,839974,9.03
2022-08-02,8.92,61.73,29.35,111,6717711,72.24,119,6152483,66.16,157,4508804,48.49,264,840238,9.04
2022-08-03,8.46,62.19,29.35,76,6717787,72.24,71,6152554,66.16,92,4508896,48.49,178,840416,9.04
2022-08-04,8.04,62.61,29.36,133,6717920,72.24,133,6152687,66.16,111,4509007,48.49,246,840662,9.04
2022-08-05,7.71,62.93,29.36,30,6717950,72.24,23,6152710,66.16,13,4509020,48.49,24,840686,9.04
2022-08-06,7.32,63.32,29.36,1,6717951,72.24,2,6152712,66.16,1,4509021,48.49,5,840691,9.04
2022-08-07,6.92,63.71,29.37,89,6718040,72.24,97,6152809,66.16,69,4509090,48.49,169,840860,9.04
2022-08-08,6.74,63.89,29.37,76,6718116,72.24,95,6152904,66.17,122,4509212,48.49,172,841032,9.04
2022-08-09,6.25,64.37,29.38,96,6718212,72.24,90,6152994,66.17,99,4509311,48.49,213,841245,9.05
2022-08-10,5.91,64.71,29.38,77,6718289,72.25,59,6153053,66.17,76,4509387,48.49,115,841360,9.05
2022-08-11,5.59,65.03,29.38,54,6718343,72.25,101,6153154,66.17,91,4509478,48.49,155,841515,9.05
2022-08-12,5.35,65.27,29.38,8,6718351,72.25,12,6153166,66.17,18,4509496,48.49,29,841544,9.05
2022-08-13,5.1,65.52,29.38,0,6718351,72.25,2,6153168,66.17,2,4509498,48.49,3,841547,9.05
2022-08-14,4.87,65.75,29.39,74,6718425,72.25,75,6153243,66.17,82,4509580,48.49,150,841697,9.05
2022-08-15,4.74,65.87,29.39,68,6718493,72.25,81,6153324,66.17,93,4509673,48.49,143,841840,9.05
2022-08-16,4.46,66.15,29.39,82,6718575,72.25,84,6153408,66.17,84,4509757,48.5,187,842027,9.05
2022-08-17,4.16,66.44,29.39,47,6718622,72.25,55,6153463,66.17,36,4509793,48.5,115,842142,9.06
2022-08-18,3.98,66.63,29.39,68,6718690,72.25,93,6153556,66.17,120,4509913,48.5,173,842315,9.06
2022-08-19,3.83,66.78,29.39,77,6718767,72.25,67,6153623,66.17,56,4509969,48.5,38,842353,9.06
2022-08-20,3.67,66.94,29.39,1,6718768,72.25,1,6153624,66.17,3,4509972,48.5,3,842356,9.06
2022-08-21,3.52,67.08,29.4,51,6718819,72.25,85,6153709,66.17,84,4510056,48.5,197,842553,9.06
2022-08-22,3.44,67.16,29.4,89,6718908,72.25,74,6153783,66.17,103,4510159,48.5,143,842696,9.06
2022-08-23,3.27,67.33,29.4,72,6718980,72.25,106,6153889,66.18,84,4510243,48.5,180,842876,9.06
2022-08-24,3.15,67.46,29.4,38,6719018,72.25,80,6153969,66.18,49,4510292,48.5,133,843009,9.07
2022-08-25,3.03,67.57,29.4,53,6719071,72.25,75,6154044,66.18,97,4510389,48.5,193,843202,9.07
2022-08-26,2.94,67.66,29.4,4,6719075,72.25,15,6154059,66.18,9,4510398,48.5,14,843216,9.07
2022-08-27,2.84,67.76,29.4,0,6719075,72.25,0,6154059,66.18,0,4510398,48.5,0,843216,9.07
2022-08-28,2.75,67.85,29.4,55,6719130,72.25,80,6154139,66.18,85,4510483,48.5,102,843318,9.07
2022-08-29,2.69,67.91,29.4,48,6719178,72.25,68,6154207,66.18,89,4510572,48.5,107,843425,9.07
2022-08-30,2.6,68,29.4,85,6719263,72.26,113,6154320,66.18,85,4510657,48.51,130,843555,9.07
2022-08-31,2.53,68.07,29.4,42,6719305,72.26,88,6154408,66.18,70,4510727,48.51,95,843650,9.07
2022-09-01,2.46,68.14,29.4,29,6719334,72.26,84,6154492,66.18,58,4510785,48.51,113,843763,9.07
2022-09-02,2.4,68.2,29.4,6,6719340,72.26,20,6154512,66.18,13,4510798,48.51,10,843773,9.07
2022-09-03,2.33,68.27,29.4,2,6719342,72.26,0,6154512,66.18,3,4510801,48.51,1,843774,9.07
2022-09-04,2.27,68.32,29.4,64,6719406,72.26,133,6154645,66.18,80,4510881,48.51,121,843895,9.07
2022-09-05,2.23,68.37,29.4,44,6719450,72.26,77,6154722,66.18,58,4510939,48.51,90,843985,9.08
2022-09-06,2.17,68.42,29.4,60,6719510,72.26,104,6154826,66.19,78,4511017,48.51,130,844115,9.08
2022-09-07,2.12,68.47,29.4,27,6719537,72.26,63,6154889,66.19,53,4511070,48.51,95,844210,9.08
2022-09-08,2.07,68.53,29.4,50,6719587,72.26,101,6154990,66.19,70,4511140,48.51,77,844287,9.08
2022-09-09,2.03,68.57,29.4,10,6719597,72.26,21,6155011,66.19,16,4511156,48.51,17,844304,9.08
2022-09-10,1.97,68.62,29.4,0,6719597,72.26,0,6155011,66.19,5,4511161,48.51,2,844306,9.08
2022-09-11,1.92,68.67,29.41,39,6719636,72.26,117,6155128,66.19,78,4511239,48.51,116,844422,9.08
2022-09-12,1.88,68.71,29.41,24,6719660,72.26,72,6155200,66.19,52,4511291,48.51,68,844490,9.08
2022-09-13,1.82,68.77,29.41,44,6719704,72.26,113,6155313,66.19,54,4511345,48.51,103,844593,9.08
2022-09-14,1.78,68.82,29.41,21,6719725,72.26,64,6155377,66.19,54,4511399,48.51,62,844655,9.08
2022-09-15,1.73,68.86,29.41,32,6719757,72.26,77,6155454,66.19,63,4511462,48.51,107,844762,9.08
2022-09-16,1.7,68.89,29.41,48,6719805,72.26,52,6155506,66.19,27,4511489,48.51,28,844790,9.08
2022-09-17,1.66,68.93,29.41,3,6719808,72.26,0,6155506,66.19,1,4511490,48.51,0,844790,9.08
2022-09-18,1.63,68.96,29.41,28,6719836,72.26,66,6155572,66.19,52,4511542,48.51,114,844904,9.09
2022-09-19,1.61,68.98,29.41,27,6719863,72.26,74,6155646,66.19,44,4511586,48.52,57,844961,9.09
2022-09-20,1.56,69.03,29.41,41,6719904,72.26,93,6155739,66.2,75,4511661,48.52,102,845063,9.09
2022-09-21,1.55,69.05,29.41,22,6719926,72.26,54,6155793,66.2,29,4511690,48.52,56,845119,9.09
2022-09-22,1.52,69.07,29.4,40,6719966,72.26,56,6155849,66.2,27,4511717,48.52,41,845160,9.09
2022-09-23,1.5,69.1,29.41,6,6719972,72.26,11,6155860,66.2,4,4511721,48.52,1,845161,9.09
2022-09-24,1.47,69.13,29.41,0,6719972,72.26,0,6155860,66.2,0,4511721,48.52,0,845161,9.09
2022-09-25,1.46,69.13,29.41,5,6719977,72.26,20,6155880,66.2,10,4511731,48.52,27,845188,9.09
2022-09-26,1.46,69.13,29.41,0,6719977,72.26,5,6155885,66.2,2,4511733,48.52,2,845190,9.09
2022-09-27,1.42,69.17,29.41,2,6719979,72.26,0,6155885,66.2,3,4511736,48.52,3,845193,9.09
2022-09-28,1.39,69.21,29.41,24,6720003,72.26,36,6155921,66.2,25,4511761,48.52,16,845209,9.09
2022-09-29,1.37,69.22,29.41,32,6720035,72.26,61,6155982,66.2,13,4511774,48.52,48,845257,9.09
2022-09-30,1.35,69.24,29.41,3,6720038,72.26,12,6155994,66.2,2,4511776,48.52,0,845257,9.09
2022-10-01,1.31,69.29,29.41,0,6720038,72.26,1,6155995,66.2,1,4511777,48.52,1,845258,9.09
2022-10-02,1.31,69.29,29.41,24,6720062,72.26,51,6156046,66.2,20,4511797,48.52,73,845331,9.09
2022-10-03,1.31,69.28,29.4,23,6720085,72.26,29,6156075,66.2,13,4511810,48.52,12,845343,9.09
2022-10-04,1.27,69.32,29.4,7,6720092,72.26,10,6156085,66.2,0,4511810,48.52,1,845344,9.09
2022-10-05,1.28,69.31,29.4,1,6720093,72.26,0,6156085,66.2,0,4511810,48.52,1,845345,9.09
2022-10-06,1.31,69.28,29.4,17,6720110,72.26,43,6156128,66.2,10,4511820,48.52,20,845365,9.09
2022-10-07,1.3,69.29,29.41,3,6720113,72.26,3,6156131,66.2,3,4511823,48.52,0,845365,9.09
2022-10-08,1.26,69.33,29.41,1,6720114,72.26,1,6156132,66.2,0,4511823,48.52,1,845366,9.09
2022-10-09,1.31,69.28,29.41,7,6720121,72.26,22,6156154,66.2,6,4511829,48.52,5,845371,9.09
2022-10-10,1.38,69.22,29.4,5,6720126,72.26,2,6156156,66.2,0,4511829,48.52,0,845371,9.09
2022-10-11,1.36,69.24,29.4,12,6720138,72.27,32,6156188,66.2,1,4511830,48.52,32,845403,9.09
2022-10-12,1.34,69.26,29.4,13,6720151,72.27,24,6156212,66.2,5,4511835,48.52,4,845407,9.09
2022-10-13,1.4,69.2,29.4,17,6720168,72.27,16,6156228,66.2,5,4511840,48.52,9,845416,9.09
2022-10-14,1.4,69.2,29.4,6,6720174,72.27,7,6156235,66.2,4,4511844,48.52,3,845419,9.09
2022-10-15,1.38,69.22,29.4,0,6720174,72.27,0,6156235,66.2,0,4511844,48.52,1,845420,9.09
2022-10-16,1.39,69.2,29.4,4,6720178,72.27,13,6156248,66.2,5,4511849,48.52,8,845428,9.09
2022-10-17,1.39,69.2,29.4,1,6720179,72.27,1,6156249,66.2,1,4511850,48.52,0,845428,9.09
2022-10-18,1.43,69.17,29.4,24,6720203,72.27,31,6156280,66.2,14,4511864,48.52,16,845444,9.09
2022-10-19,1.47,69.12,29.4,18,6720221,72.27,25,6156305,66.2,7,4511871,48.52,3,845447,9.09
2022-10-20,1.5,69.1,29.4,26,6720247,72.27,44,6156349,66.2,12,4511883,48.52,4,845451,9.09
2022-10-21,1.5,69.09,29.4,4,6720251,72.27,7,6156356,66.2,2,4511885,48.52,2,845453,9.09
2022-10-22,1.49,69.1,29.4,0,6720251,72.27,0,6156356,66.2,0,4511885,48.52,0,845453,9.09
2022-10-23,1.51,69.08,29.4,15,6720266,72.27,33,6156389,66.2,18,4511903,48.52,10,845463,9.09
2022-10-24,1.51,69.08,29.41,20,6720286,72.27,16,6156405,66.2,19,4511922,48.52,9,845472,9.09
2022-10-25,1.55,69.04,29.4,18,6720304,72.27,34,6156439,66.2,22,4511944,48.52,21,845493,9.09
2022-10-26,1.61,68.99,29.4,18,6720322,72.27,25,6156464,66.2,8,4511952,48.52,9,845502,9.09
2022-10-27,1.67,68.93,29.4,18,6720340,72.27,26,6156490,66.2,14,4511966,48.52,16,845518,9.09
2022-10-28,1.67,68.93,29.4,44,6720384,72.27,47,6156537,66.2,31,4511997,48.52,18,845536,9.09
2022-10-29,1.66,68.94,29.4,0,6720384,72.27,0,6156537,66.2,0,4511997,48.52,0,845536,9.09
2022-10-30,1.71,68.89,29.4,14,6720398,72.27,23,6156560,66.2,15,4512012,48.52,9,845545,9.09
2022-10-31,1.76,68.84,29.4,17,6720415,72.27,16,6156576,66.2,8,4512020,48.52,9,845554,9.09
2022-11-01,1.82,68.78,29.4,2,6720417,72.27,1,6156577,66.2,1,4512021,48.52,0,845554,9.09
2022-11-02,1.88,68.72,29.4,13,6720430,72.27,13,6156590,66.2,7,4512028,48.52,8,845562,9.09
2022-11-03,1.96,68.64,29.4,16,6720446,72.27,18,6156608,66.21,11,4512039,48.52,8,845570,9.09
2022-11-04,1.98,68.63,29.4,4,6720450,72.27,6,6156614,66.21,1,4512040,48.52,2,845572,9.09
2022-11-05,1.97,68.63,29.4,0,6720450,72.27,0,6156614,66.21,0,4512040,48.52,0,845572,9.09
2022-11-06,2.03,68.57,29.4,24,6720474,72.27,32,6156646,66.21,11,4512051,48.52,23,845595,9.09
2022-11-07,2.1,68.51,29.4,15,6720489,72.27,11,6156657,66.21,10,4512061,48.52,54,845649,9.09
2022-11-08,2.1,68.5,29.4,28,6720517,72.27,26,6156683,66.21,14,4512075,48.52,9,845658,9.09
2022-11-09,2.16,68.45,29.4,16,6720533,72.27,20,6156703,66.21,17,4512092,48.52,9,845667,9.09
2022-11-10,2.22,68.39,29.4,26,6720559,72.27,14,6156717,66.21,11,4512103,48.52,4,845671,9.09
2022-11-11,2.23,68.37,29.4,1,6720560,72.27,17,6156734,66.21,2,4512105,48.52,1,845672,9.09
2022-11-12,2.22,68.38,29.4,1,6720561,72.27,0,6156734,66.21,1,4512106,48.52,0,845672,9.09
2022-11-13,2.29,68.31,29.4,24,6720585,72.27,30,6156764,66.21,17,4512123,48.52,8,845680,9.09
2022-11-14,2.37,68.23,29.4,20,6720605,72.27,17,6156781,66.21,21,4512144,48.52,16,845696,9.09
2022-11-15,2.43,68.17,29.4,39,6720644,72.27,25,6156806,66.21,16,4512160,48.52,17,845713,9.09
2022-11-16,2.5,68.1,29.4,14,6720658,72.27,27,6156833,66.21,16,4512176,48.52,11,845724,9.09
2022-11-17,2.59,68.02,29.4,19,6720677,72.27,33,6156866,66.21,18,4512194,48.52,4,845728,9.09
2022-11-18,2.61,67.99,29.4,6,6720683,72.27,4,6156870,66.21,4,4512198,48.52,0,845728,9.09
2022-11-19,2.6,68,29.4,0,6720683,72.27,0,6156870,66.21,0,4512198,48.52,0,845728,9.09
2022-11-20,2.67,67.93,29.4,19,6720702,72.27,19,6156889,66.21,6,4512204,48.52,13,845741,9.09
2022-11-21,2.76,67.85,29.4,14,6720716,72.27,13,6156902,66.21,6,4512210,48.52,6,845747,9.09
2022-11-22,2.83,67.77,29.4,26,6720742,72.27,13,6156915,66.21,17,4512227,48.52,6,845753,9.09
2022-11-23,2.9,67.7,29.4,17,6720759,72.27,20,6156935,66.21,4,4512231,48.52,8,845761,9.09
2022-11-24,2.98,67.62,29.4,9,6720768,72.27,16,6156951,66.21,13,4512244,48.52,27,845788,9.1
2022-11-25,3,67.6,29.4,17,6720785,72.27,32,6156983,66.21,14,4512258,48.52,12,845800,9.1
2022-11-26,3,67.61,29.4,0,6720785,72.27,2,6156985,66.21,0,4512258,48.52,0,845800,9.1
2022-11-27,3.06,67.54,29.4,14,6720799,72.27,15,6157000,66.21,19,4512277,48.52,2,845802,9.1
2022-11-28,3.14,67.47,29.4,8,6720807,72.27,23,6157023,66.21,8,4512285,48.52,6,845808,9.1
2022-11-29,3.2,67.4,29.4,37,6720844,72.27,31,6157054,66.21,19,4512304,48.52,14,845822,9.1
2022-11-30,3.27,67.34,29.39,12,6720856,72.27,25,6157079,66.21,20,4512324,48.52,8,845830,9.1
2022-12-01,3.34,67.26,29.39,13,6720869,72.27,16,6157095,66.21,15,4512339,48.52,4,845834,9.1
2022-12-02,3.36,67.24,29.39,2,6720871,72.27,7,6157102,66.21,4,4512343,48.52,10,845844,9.1
2022-12-03,3.36,67.24,29.39,0,6720871,72.27,0,6157102,66.21,0,4512343,48.52,1,845845,9.1
2022-12-04,3.42,67.18,29.39,25,6720896,72.27,23,6157125,66.21,29,4512372,48.52,23,845868,9.1
2022-12-05,3.48,67.12,29.4,9,6720905,72.27,17,6157142,66.21,11,4512383,48.52,18,845886,9.1
2022-12-06,3.55,67.06,29.39,32,6720937,72.27,25,6157167,66.21,27,4512410,48.52,8,845894,9.1
2022-12-07,3.62,66.99,29.39,10,6720947,72.27,17,6157184,66.21,8,4512418,48.52,7,845901,9.1
2022-12-08,3.69,66.91,29.39,18,6720965,72.27,26,6157210,66.21,15,4512433,48.52,3,845904,9.1
2022-12-09,3.71,66.9,29.39,4,6720969,72.27,1,6157211,66.21,1,4512434,48.52,7,845911,9.1
2022-12-10,3.7,66.91,29.39,1,6720970,72.27,0,6157211,66.21,2,4512436,48.52,0,845911,9.1
2022-12-11,3.76,66.84,29.39,14,6720984,72.27,19,6157230,66.21,15,4512451,48.52,16,845927,9.1
2022-12-12,3.82,66.78,29.39,14,6720998,72.27,11,6157241,66.21,5,4512456,48.52,0,845927,9.1
2022-12-13,3.87,66.73,29.39,17,6721015,72.27,44,6157285,66.21,18,4512474,48.52,13,845940,9.1
2022-12-14,3.92,66.69,29.39,17,6721032,72.27,16,6157301,66.21,7,4512481,48.52,3,845943,9.1
2022-12-15,3.97,66.64,29.39,22,6721054,72.27,16,6157317,66.21,7,4512488,48.53,11,845954,9.1
2022-12-16,3.98,66.62,29.39,10,6721064,72.28,2,6157319,66.21,1,4512489,48.53,0,845954,9.1
2022-12-17,3.97,66.63,29.39,0,6721064,72.28,0,6157319,66.21,0,4512489,48.53,0,845954,9.1
2022-12-18,4.01,66.59,29.39,9,6721073,72.28,17,6157336,66.21,8,4512497,48.53,3,845957,9.1
2022-12-19,4.06,66.54,29.4,7,6721080,72.28,14,6157350,66.21,12,4512509,48.53,1,845958,9.1
2022-12-20,4.1,66.51,29.39,12,6721092,72.28,17,6157367,66.21,2,4512511,48.53,2,845960,9.1
2022-12-21,4.14,66.47,29.39,9,6721101,72.28,14,6157381,66.21,13,4512524,48.53,3,845963,9.1
2022-12-22,4.18,66.42,29.39,4,6721105,72.28,10,6157391,66.21,14,4512538,48.53,1,845964,9.1
2022-12-23,4.19,66.42,29.39,8,6721113,72.28,0,6157391,66.21,2,4512540,48.53,0,845964,9.1
2022-12-24,4.18,66.43,29.39,0,6721113,72.28,0,6157391,66.21,0,4512540,48.53,0,845964,9.1
2022-12-25,4.21,66.4,29.39,5,6721118,72.28,14,6157405,66.21,1,4512541,48.53,2,845966,9.1
2022-12-26,4.24,66.36,29.39,0,6721118,72.28,0,6157405,66.21,0,4512541,48.53,0,845966,9.1
