Date,Valid vaccinated pop. perc.,Expired vaccinated pop. perc.,Not vaccinated pop. perc.,Vaccinated (daily),Vaccinated (cumu),Vaccinated pop. perc.,Second dose (daily),Second dose (cumu),Second dose pop. perc.,Third dose (daily),Third dose (cumu),Third dose pop. perc.,Fourth dose (daily),Fourth dose (cumu),Fourth dose pop. perc.
2020-12-19,0,0,100,46,70,0,0,4,0,0,0,0,0,0,0
2020-12-20,0,0,100,7396,7466,0.08,0,4,0,0,0,0,0,0,0
2020-12-21,0,0,100,24923,32389,0.35,0,4,0,0,0,0,0,0,0
2020-12-22,0,0,100,44668,77057,0.83,0,4,0,0,0,0,0,0,0
2020-12-23,0,0,100,62919,139976,1.51,0,4,0,0,0,0,0,0,0
2020-12-24,0,0,100,73430,213406,2.29,0,4,0,0,0,0,0,0,0
2020-12-25,0,0,100,38517,251923,2.71,0,4,0,0,0,0,0,0,0
2020-12-26,0,0,100,32617,284540,3.06,0,4,0,0,0,0,0,0,0
2020-12-27,0,0,100,104575,389115,4.18,0,4,0,0,0,0,0,0,0
2020-12-28,0,0,100,135041,524156,5.64,0,4,0,0,0,0,0,0,0
2020-12-29,0,0,100,156338,680494,7.32,2,6,0,0,0,0,0,0,0
2020-12-30,0,0,100,153190,833684,8.96,0,6,0,0,0,0,0,0,0
2020-12-31,0,0,100,158601,992285,10.67,0,6,0,0,0,0,0,0,0
2021-01-01,0,0,100,71435,1063720,11.44,0,6,0,0,0,0,0,0,0
2021-01-02,0,0,100,71744,1135464,12.21,0,6,0,0,0,0,0,0,0
2021-01-03,0,0,100,149767,1285231,13.82,0,6,0,0,0,0,0,0,0
2021-01-04,0,0,100,152207,1437438,15.46,1,7,0,0,0,0,0,0,0
2021-01-05,0,0,100,125221,1562659,16.8,4,11,0,0,0,0,0,0,0
2021-01-06,0,0,100,103373,1666032,17.92,2,13,0,0,0,0,0,0,0
2021-01-07,0,0,100,116063,1782095,19.16,9,22,0,0,0,0,0,0,0
2021-01-08,0,0,100,66465,1848560,19.88,5,27,0,0,0,0,0,0,0
2021-01-09,0,0,100,44554,1893114,20.36,24,51,0,0,0,0,0,0,0
2021-01-10,0,0,100,37649,1930763,20.76,6001,6052,0.07,0,0,0,0,0,0
2021-01-11,0,0,100,21175,1951938,20.99,19264,25316,0.27,0,0,0,0,0,0
2021-01-12,0,0,100,24075,1976013,21.25,35674,60990,0.66,0,0,0,0,0,0
2021-01-13,0,0,100,52079,2028092,21.81,56874,117864,1.27,0,0,0,0,0,0
2021-01-14,0,0,100,56480,2084572,22.42,68838,186702,2.01,0,0,0,0,0,0
2021-01-15,0,0,100,30776,2115348,22.75,35942,222644,2.39,0,0,0,0,0,0
2021-01-16,0,0,100,29481,2144829,23.06,26006,248650,2.67,0,0,0,0,0,0
2021-01-17,0.31,0,99.69,68444,2213273,23.8,84598,333248,3.58,0,0,0,0,0,0
2021-01-18,0.58,0,99.42,69820,2283093,24.55,120437,453685,4.88,0,0,0,0,0,0
2021-01-19,1.09,0,98.91,72897,2355990,25.34,137849,591534,6.36,0,0,0,0,0,0
2021-01-20,1.9,0,98.1,76919,2432909,26.16,143767,735301,7.91,0,0,0,0,0,0
2021-01-21,2.88,0,97.12,70009,2502918,26.92,164476,899777,9.68,0,0,0,0,0,0
2021-01-22,3.39,0,96.61,37933,2540851,27.32,71134,970911,10.44,0,0,0,0,0,0
2021-01-23,3.77,0,96.23,39965,2580816,27.75,53596,1024507,11.02,0,0,0,0,0,0
2021-01-24,4.96,0,95.04,69147,2649963,28.5,140711,1165218,12.53,0,0,0,0,0,0
2021-01-25,6.61,0,93.39,80944,2730907,29.37,139522,1304740,14.03,0,0,0,0,0,0
2021-01-26,8.45,0,91.55,78737,2809644,30.21,126445,1431185,15.39,0,0,0,0,0,0
2021-01-27,10.34,0,89.66,77982,2887626,31.05,125072,1556257,16.74,0,0,0,0,0,0
2021-01-28,12.43,0,87.57,79570,2967196,31.91,130632,1686889,18.14,0,0,0,0,0,0
2021-01-29,13.34,0,86.66,36704,3003900,32.3,64794,1751683,18.84,0,0,0,0,0,0
2021-01-30,14.02,0,85.98,34396,3038296,32.67,42767,1794450,19.3,0,0,0,0,0,0
2021-01-31,15.76,0,84.24,73331,3111627,33.46,59503,1853953,19.94,0,0,0,0,0,0
2021-02-01,17.48,0,82.52,82510,3194137,34.35,35356,1889309,20.32,0,0,0,0,0,0
2021-02-02,19.01,0,80.99,70106,3264243,35.1,31074,1920383,20.65,0,0,0,0,0,0
2021-02-03,20.47,0,79.53,60308,3324551,35.75,51445,1971828,21.2,0,0,0,0,0,0
2021-02-04,22,0,78,72640,3397191,36.53,58096,2029924,21.83,0,0,0,0,0,0
2021-02-05,22.75,0,77.25,33947,3431138,36.9,28807,2058731,22.14,0,0,0,0,0,0
2021-02-06,23.23,0,76.77,21622,3452760,37.13,22233,2080964,22.38,0,0,0,0,0,0
2021-02-07,23.99,0,76.01,54081,3506841,37.71,68744,2149708,23.12,0,0,0,0,0,0
2021-02-08,24.52,0,75.48,58645,3565486,38.34,65468,2215176,23.82,0,0,0,0,0,0
2021-02-09,25.04,0,74.96,66359,3631845,39.06,67579,2282755,24.55,0,0,0,0,0,0
2021-02-10,25.77,0,74.23,70570,3702415,39.81,72316,2355071,25.33,0,0,0,0,0,0
2021-02-11,26.61,0,73.39,81175,3783590,40.69,72113,2427184,26.1,0,0,0,0,0,0
2021-02-12,27.02,0,72.98,39111,3822701,41.11,37600,2464784,26.51,0,0,0,0,0,0
2021-02-13,27.33,0,72.67,27465,3850166,41.4,30441,2495225,26.83,0,0,0,0,0,0
2021-02-14,28.25,0,71.75,74917,3925083,42.21,69085,2564310,27.58,0,0,0,0,0,0
2021-02-15,29.17,0,70.83,81548,4006631,43.09,75722,2640032,28.39,0,0,0,0,0,0
2021-02-16,30.11,0,69.89,83422,4090053,43.98,78301,2718333,29.23,0,0,0,0,0,0
2021-02-17,31.01,0,68.99,61984,4152037,44.65,75645,2793978,30.05,0,0,0,0,0,0
2021-02-18,31.94,0,68.06,69159,4221196,45.39,79739,2873717,30.9,0,0,0,0,0,0
2021-02-19,32.45,0,67.55,39676,4260872,45.82,38162,2911879,31.31,0,0,0,0,0,0
2021-02-20,32.85,0,67.15,31651,4292523,46.16,28724,2940603,31.62,0,0,0,0,0,0
2021-02-21,33.8,0,66.2,79436,4371959,47.01,78446,3019049,32.47,0,0,0,0,0,0
2021-02-22,34.83,0,65.17,85056,4457015,47.93,80596,3099645,33.33,0,0,0,0,0,0
2021-02-23,35.84,0,64.16,77332,4534347,48.76,70485,3170130,34.09,0,0,0,0,0,0
2021-02-24,36.76,0,63.24,61066,4595413,49.42,63144,3233274,34.77,0,0,0,0,0,0
2021-02-25,37.66,0,62.34,51730,4647143,49.97,64810,3298084,35.47,0,0,0,0,0,0
2021-02-26,38.1,0,61.9,25913,4673056,50.25,32046,3330130,35.81,0,0,0,0,0,0
2021-02-27,38.42,0,61.58,18353,4691409,50.45,21197,3351327,36.04,0,0,0,0,0,0
2021-02-28,39.24,0,60.76,40365,4731774,50.88,55874,3407201,36.64,0,0,0,0,0,0
2021-03-01,40.1,0,59.9,45751,4777525,51.38,61446,3468647,37.3,0,0,0,0,0,0
2021-03-02,40.85,0,59.15,41202,4818727,51.82,64801,3533448,38,0,0,0,0,0,0
2021-03-03,41.55,0,58.45,42035,4860762,52.27,66794,3600242,38.72,0,0,0,0,0,0
2021-03-04,42.24,0,57.76,39722,4900484,52.7,79126,3679368,39.57,0,0,0,0,0,0
2021-03-05,42.57,0,57.43,17369,4917853,52.88,40471,3719839,40,0,0,0,0,0,0
2021-03-06,42.78,0,57.22,10723,4928576,53,25349,3745188,40.27,0,0,0,0,0,0
2021-03-07,43.36,0,56.64,31156,4959732,53.33,72847,3818035,41.06,0,0,0,0,0,0
2021-03-08,43.97,0,56.03,27387,4987119,53.63,73295,3891330,41.85,0,0,0,0,0,0
2021-03-09,44.62,0,55.38,26756,5013875,53.92,76604,3967934,42.67,0,0,0,0,0,0
2021-03-10,45.27,0,54.73,23373,5037248,54.17,58685,4026619,43.3,0,0,0,0,0,0
2021-03-11,45.99,0,54.01,23307,5060555,54.42,69098,4095717,44.04,0,0,0,0,0,0
2021-03-12,46.34,0,53.66,11296,5071851,54.54,41418,4137135,44.49,0,0,0,0,0,0
2021-03-13,46.57,0,53.43,7953,5079804,54.63,25239,4162374,44.76,0,0,0,0,0,0
2021-03-14,47.2,0,52.8,20991,5100795,54.85,73936,4236310,45.56,0,0,0,0,0,0
2021-03-15,47.81,0,52.19,20151,5120946,55.07,78281,4314591,46.4,0,0,0,0,0,0
2021-03-16,48.43,0,51.57,18759,5139705,55.27,71481,4386072,47.17,0,0,0,0,0,0
2021-03-17,48.92,0,51.08,17704,5157409,55.46,59009,4445081,47.8,0,0,0,0,0,0
2021-03-18,49.45,0,50.55,16050,5173459,55.63,58126,4503207,48.43,0,0,0,0,0,0
2021-03-19,49.75,0,50.25,6956,5180415,55.71,27981,4531188,48.73,0,0,0,0,0,0
2021-03-20,49.93,0,50.07,5227,5185642,55.76,15302,4546490,48.89,0,0,0,0,0,0
2021-03-21,50.46,0,49.54,13172,5198814,55.91,40511,4587001,49.33,0,0,0,0,0,0
2021-03-22,51,0,49,13583,5212397,56.05,40542,4627543,49.76,0,0,0,0,0,0
2021-03-23,51.43,0,48.57,2846,5215243,56.08,7303,4634846,49.84,0,0,0,0,0,0
2021-03-24,51.84,0,48.16,11006,5226249,56.2,46560,4681406,50.34,0,0,0,0,0,0
2021-03-25,52.22,0,47.78,10273,5236522,56.31,35440,4716846,50.72,0,0,0,0,0,0
2021-03-26,52.4,0,47.6,4186,5240708,56.36,13334,4730180,50.87,0,0,0,0,0,0
2021-03-27,52.5,0,47.5,1787,5242495,56.38,4269,4734449,50.91,0,0,0,0,0,0
2021-03-28,52.74,0,47.26,2113,5244608,56.4,4612,4739061,50.96,0,0,0,0,0,0
2021-03-29,53,0,47,6918,5251526,56.47,30017,4769078,51.28,0,0,0,0,0,0
2021-03-30,53.08,0,46.92,7897,5259423,56.56,22454,4791532,51.53,0,0,0,0,0,0
2021-03-31,53.38,0,46.62,8154,5267577,56.64,19502,4811034,51.74,0,0,0,0,0,0
2021-04-01,53.62,0,46.38,8222,5275799,56.73,18703,4829737,51.94,0,0,0,0,0,0
2021-04-02,53.71,0,46.29,2946,5278745,56.77,8131,4837868,52.02,0,0,0,0,0,0
2021-04-03,53.74,0,46.26,1432,5280177,56.78,2983,4840851,52.06,0,0,0,0,0,0
2021-04-04,53.82,0,46.18,9618,5289795,56.88,22832,4863683,52.3,0,0,0,0,0,0
2021-04-05,54.04,0,45.96,10364,5300159,57,21277,4884960,52.53,0,0,0,0,0,0
2021-04-06,54.21,0,45.79,9035,5309194,57.09,16794,4901754,52.71,0,0,0,0,0,0
2021-04-07,54.36,0,45.64,8934,5318128,57.19,15313,4917067,52.88,0,0,0,0,0,0
2021-04-08,54.52,0,45.48,9431,5327559,57.29,17017,4934084,53.06,0,0,0,0,0,0
2021-04-09,54.58,0,45.42,3609,5331168,57.33,6259,4940343,53.13,0,0,0,0,0,0
2021-04-10,54.61,0,45.39,1636,5332804,57.35,3521,4943864,53.16,0,0,0,0,0,0
2021-04-11,54.78,0,45.22,9045,5341849,57.44,14249,4958113,53.32,0,0,0,0,0,0
2021-04-12,54.95,0,45.05,8936,5350785,57.54,13236,4971349,53.46,0,0,0,0,0,0
2021-04-13,55.08,0,44.92,5841,5356626,57.6,4960,4976309,53.51,0,0,0,0,0,0
2021-04-14,55.18,0,44.82,3651,5360277,57.64,5311,4981620,53.57,0,0,0,0,0,0
2021-04-15,55.27,0,44.73,698,5360975,57.65,582,4982202,53.58,0,0,0,0,0,0
2021-04-16,55.33,0,44.67,3419,5364394,57.69,6652,4988854,53.65,0,0,0,0,0,0
2021-04-17,55.35,0,44.65,822,5365216,57.69,1973,4990827,53.67,0,0,0,0,0,0
2021-04-18,55.47,0,44.53,7099,5372315,57.77,7433,4998260,53.75,0,0,0,0,0,0
2021-04-19,55.58,0,44.42,6407,5378722,57.84,7134,5005394,53.83,0,0,0,0,0,0
2021-04-20,55.65,0,44.35,6287,5385009,57.91,6889,5012283,53.9,0,0,0,0,0,0
2021-04-21,55.71,0,44.29,6381,5391390,57.98,7112,5019395,53.98,0,0,0,0,0,0
2021-04-22,55.75,0,44.25,5951,5397341,58.04,7690,5027085,54.06,0,0,0,0,0,0
2021-04-23,55.8,0,44.2,2768,5400109,58.07,3391,5030476,54.1,0,0,0,0,0,0
2021-04-24,55.82,0,44.18,768,5400877,58.08,1290,5031766,54.11,0,0,0,0,0,0
2021-04-25,55.89,0,44.11,4828,5405705,58.13,6925,5038691,54.18,0,0,0,0,0,0
2021-04-26,55.96,0,44.04,5479,5411184,58.19,7889,5046580,54.27,0,0,0,0,0,0
2021-04-27,56.03,0,43.97,4507,5415691,58.24,6627,5053207,54.34,0,0,0,0,0,0
2021-04-28,56.09,0,43.91,4501,5420192,58.29,7336,5060543,54.42,0,0,0,0,0,0
2021-04-29,56.16,0,43.84,4378,5424570,58.33,7296,5067839,54.5,0,0,0,0,0,0
2021-04-30,56.19,0,43.81,1924,5426494,58.35,3202,5071041,54.53,0,0,0,0,0,0
2021-05-01,56.2,0,43.8,458,5426952,58.36,895,5071936,54.54,0,0,0,0,0,0
2021-05-02,56.26,0,43.74,3225,5430177,58.39,6092,5078028,54.61,0,0,0,0,0,0
2021-05-03,56.32,0,43.68,3535,5433712,58.43,5835,5083863,54.67,0,0,0,0,0,0
2021-05-04,56.38,0,43.62,3593,5437305,58.47,4737,5088600,54.72,0,0,0,0,0,0
2021-05-05,56.44,0,43.56,3292,5440597,58.51,4093,5092693,54.76,0,0,0,0,0,0
2021-05-06,56.5,0,43.5,3645,5444242,58.54,3144,5095837,54.8,0,0,0,0,0,0
2021-05-07,56.52,0,43.48,1848,5446090,58.56,2509,5098346,54.83,0,0,0,0,0,0
2021-05-08,56.53,0,43.47,243,5446333,58.57,507,5098853,54.83,0,0,0,0,0,0
2021-05-09,56.58,0,43.42,2851,5449184,58.6,4751,5103604,54.88,0,0,0,0,0,0
2021-05-10,56.63,0,43.37,2897,5452081,58.63,4715,5108319,54.93,0,0,0,0,0,0
2021-05-11,56.67,0,43.33,2622,5454703,58.66,3881,5112200,54.97,0,0,0,0,0,0
2021-05-12,56.7,0,43.3,2034,5456737,58.68,3342,5115542,55.01,0,0,0,0,0,0
2021-05-13,56.73,0,43.27,2043,5458780,58.7,3687,5119229,55.05,0,0,0,0,0,0
2021-05-14,56.75,0,43.25,978,5459758,58.71,1494,5120723,55.07,0,0,0,0,0,0
2021-05-15,56.75,0,43.25,259,5460017,58.71,259,5120982,55.07,0,0,0,0,0,0
2021-05-16,56.78,0,43.22,529,5460546,58.72,1206,5122188,55.08,0,0,0,0,0,0
2021-05-17,56.81,0,43.19,302,5460848,58.72,848,5123036,55.09,0,0,0,0,0,0
2021-05-18,56.84,0,43.16,1963,5462811,58.74,4939,5127975,55.14,0,0,0,0,0,0
2021-05-19,56.87,0,43.13,2233,5465044,58.77,5042,5133017,55.2,0,0,0,0,0,0
2021-05-20,56.9,0,43.1,2312,5467356,58.79,3880,5136897,55.24,0,0,0,0,0,0
2021-05-21,56.92,0,43.08,1194,5468550,58.81,1414,5138311,55.25,0,0,0,0,0,0
2021-05-22,56.92,0,43.08,206,5468756,58.81,396,5138707,55.26,0,0,0,0,0,0
2021-05-23,56.94,0,43.06,2272,5471028,58.83,3216,5141923,55.29,0,0,0,0,0,0
2021-05-24,56.96,0,43.04,2139,5473167,58.86,3596,5145519,55.33,0,0,0,0,0,0
2021-05-25,56.99,0,43.01,1822,5474989,58.88,2588,5148107,55.36,0,0,0,0,0,0
2021-05-26,57.03,0,42.97,1414,5476403,58.89,2504,5150611,55.39,0,0,0,0,0,0
2021-05-27,57.06,0,42.94,1865,5478268,58.91,3188,5153799,55.42,0,0,0,0,0,0
2021-05-28,57.07,0,42.93,794,5479062,58.92,1407,5155206,55.44,0,0,0,0,0,0
2021-05-29,57.07,0,42.93,192,5479254,58.92,226,5155432,55.44,0,0,0,0,0,0
2021-05-30,57.1,0,42.9,1645,5480899,58.94,1937,5157369,55.46,0,0,0,0,0,0
2021-05-31,57.13,0,42.87,1740,5482639,58.96,2093,5159462,55.48,0,0,0,0,0,0
2021-06-01,57.47,0,42.53,1385,5484024,58.97,1823,5161285,55.5,0,0,0,0,0,0
2021-06-02,57.25,0,42.75,1514,5485538,58.99,1610,5162895,55.52,0,0,0,0,0,0
2021-06-03,57.27,0,42.73,1685,5487223,59.01,1493,5164388,55.54,0,0,0,0,0,0
2021-06-04,57.28,0,42.72,1102,5488325,59.02,784,5165172,55.54,0,0,0,0,0,0
2021-06-05,57.29,0,42.71,184,5488509,59.02,159,5165331,55.55,0,0,0,0,0,0
2021-06-06,57.31,0,42.69,4293,5492802,59.07,1002,5166333,55.56,0,0,0,0,0,0
2021-06-07,57.34,0,42.66,4439,5497241,59.11,814,5167147,55.56,0,0,0,0,0,0
2021-06-08,57.36,0,42.64,3739,5500980,59.15,1175,5168322,55.58,0,0,0,0,0,0
2021-06-09,57.4,0,42.6,3615,5504595,59.19,1331,5169653,55.59,0,0,0,0,0,0
2021-06-10,57.42,0,42.58,3364,5507959,59.23,1300,5170953,55.61,0,0,0,0,0,0
2021-06-11,57.43,0,42.57,1401,5509360,59.24,590,5171543,55.61,0,0,0,0,0,0
2021-06-12,57.43,0,42.57,222,5509582,59.25,173,5171716,55.61,0,0,0,0,0,0
2021-06-13,57.45,0,42.55,3101,5512683,59.28,1260,5172976,55.63,0,0,0,0,0,0
2021-06-14,57.46,0,42.54,3057,5515740,59.31,1534,5174510,55.64,0,0,0,0,0,0
2021-06-15,57.48,0,42.52,3137,5518877,59.35,1377,5175887,55.66,0,0,0,0,0,0
2021-06-16,57.49,0,42.51,2734,5521611,59.38,1004,5176891,55.67,0,0,0,0,0,0
2021-06-17,57.51,0,42.49,2733,5524344,59.41,1209,5178100,55.68,0,0,0,0,0,0
2021-06-18,57.52,0,42.48,1269,5525613,59.42,506,5178606,55.69,0,0,0,0,0,0
2021-06-19,57.52,0,42.48,242,5525855,59.42,139,5178745,55.69,0,0,0,0,0,0
2021-06-20,57.54,0,42.46,3316,5529171,59.46,1332,5180077,55.7,0,0,0,0,0,0
2021-06-21,57.56,0,42.44,5250,5534421,59.51,1218,5181295,55.72,0,0,0,0,0,0
2021-06-22,57.58,0,42.42,6935,5541356,59.59,1101,5182396,55.73,0,0,0,0,0,0
2021-06-23,57.6,0,42.4,10762,5552118,59.7,1304,5183700,55.74,0,0,0,0,0,0
2021-06-24,57.62,0,42.38,12051,5564169,59.83,1466,5185166,55.76,0,0,0,0,0,0
2021-06-25,57.62,0,42.38,7117,5571286,59.91,945,5186111,55.77,0,0,0,0,0,0
2021-06-26,57.63,0,42.37,2278,5573564,59.94,200,5186311,55.77,0,0,0,0,0,0
2021-06-27,57.65,0,42.35,13633,5587197,60.08,3438,5189749,55.81,0,0,0,0,0,0
2021-06-28,57.68,0,42.32,14518,5601715,60.24,3675,5193424,55.85,0,0,0,0,0,0
2021-06-29,57.69,0,42.31,16711,5618426,60.42,3745,5197169,55.89,0,0,0,0,0,0
2021-06-30,57.72,0,42.28,16487,5634913,60.6,3397,5200566,55.92,0,0,0,0,0,0
2021-07-01,57.78,0,42.22,16837,5651750,60.78,3381,5203947,55.96,122,122,0,0,0,0
2021-07-02,57.79,0,42.21,9836,5661586,60.88,1609,5205556,55.98,7,129,0,0,0,0
2021-07-03,57.79,0,42.21,2678,5664264,60.91,300,5205856,55.98,1,130,0,0,0,0
2021-07-04,57.85,0,42.15,17735,5681999,61.1,3161,5209017,56.02,2,132,0,0,0,0
2021-07-05,57.91,0,42.09,17850,5699849,61.29,3046,5212063,56.05,7,139,0,0,0,0
2021-07-06,57.99,0,42.01,17848,5717697,61.49,3411,5215474,56.08,11,150,0,0,0,0
2021-07-07,58.05,0,41.95,15531,5733228,61.65,2703,5218177,56.11,12,162,0,0,0,0
2021-07-08,58.12,0,41.88,16589,5749817,61.83,2881,5221058,56.14,17,179,0,0,0,0
2021-07-09,58.15,0,41.85,11125,5760942,61.95,1535,5222593,56.16,4,183,0,0,0,0
2021-07-10,58.15,0,41.85,4989,5765931,62,391,5222984,56.17,6,189,0,0,0,0
2021-07-11,58.22,0,41.78,1456,5767387,62.02,2847,5225831,56.2,9,198,0,0,0,0
2021-07-12,58.29,0,41.71,2427,5769814,62.05,3695,5229526,56.24,57,255,0,0,0,0
2021-07-13,58.36,0,41.64,2965,5772779,62.08,5460,5234986,56.29,124,379,0,0,0,0
2021-07-14,58.42,0,41.58,2747,5775526,62.11,7536,5242522,56.38,441,820,0.01,0,0,0
2021-07-15,58.5,0,41.5,3009,5778535,62.14,9302,5251824,56.48,374,1194,0.01,0,0,0
2021-07-16,58.54,0,41.46,1296,5779831,62.15,5898,5257722,56.54,66,1260,0.01,0,0,0
2021-07-17,58.55,0,41.44,372,5780203,62.16,1393,5259115,56.55,8,1268,0.01,0,0,0
2021-07-18,58.6,0,41.4,2074,5782277,62.18,9770,5268885,56.66,235,1503,0.02,0,0,0
2021-07-19,58.65,0,41.35,3212,5785489,62.21,11346,5280231,56.78,461,1964,0.02,0,0,0
2021-07-20,58.72,0,41.28,2690,5788179,62.24,11914,5292145,56.91,373,2337,0.03,0,0,0
2021-07-21,58.81,0,41.19,2408,5790587,62.27,11880,5304025,57.04,325,2662,0.03,0,0,0
2021-07-22,58.93,0,41.07,2877,5793464,62.3,13279,5317304,57.18,391,3053,0.03,0,0,0
2021-07-23,58.99,0,41.01,2038,5795502,62.32,8250,5325554,57.27,106,3159,0.03,0,0,0
2021-07-24,58.99,0,41,645,5796147,62.33,1486,5327040,57.28,7,3166,0.03,0,0,0
2021-07-25,59.1,0,40.89,4416,5800563,62.38,15499,5342539,57.45,223,3389,0.04,0,0,0
2021-07-26,59.24,0,40.75,5173,5805736,62.43,13533,5356072,57.6,325,3714,0.04,0,0,0
2021-07-27,59.37,0.01,40.62,5493,5811229,62.49,13579,5369651,57.74,414,4128,0.04,0,0,0
2021-07-28,59.5,0.01,40.49,3990,5815219,62.53,12345,5381996,57.88,472,4600,0.05,0,0,0
2021-07-29,59.65,0.01,40.33,4665,5819884,62.58,14201,5396197,58.03,532,5132,0.06,0,0,0
2021-07-30,59.74,0.02,40.25,2657,5822541,62.61,10856,5407053,58.14,4122,9254,0.1,0,0,0
2021-07-31,59.75,0.02,40.23,1407,5823948,62.63,3553,5410606,58.18,6159,15413,0.17,0,0,0
2021-08-01,59.91,0.02,40.06,3078,5827026,62.66,3366,5413972,58.22,31047,46460,0.5,0,0,0
2021-08-02,60.06,0.03,39.91,3134,5830160,62.69,3176,5417148,58.25,58514,104974,1.13,0,0,0
2021-08-03,60.21,0.03,39.76,3386,5833546,62.73,3330,5420478,58.29,78954,183928,1.98,0,0,0
2021-08-04,60.34,0.03,39.63,3534,5837080,62.77,3255,5423733,58.32,80765,264693,2.85,0,0,0
2021-08-05,60.49,0.04,39.47,4515,5841595,62.82,3570,5427303,58.36,88442,353135,3.8,0,0,0
2021-08-06,60.6,0.04,39.36,2437,5844032,62.84,1862,5429165,58.38,44744,397879,4.28,0,0,0
2021-08-07,60.63,0.04,39.32,1034,5845066,62.86,701,5429866,58.39,27353,425232,4.57,0,0,0
2021-08-08,60.68,0.04,39.28,4991,5850057,62.91,3082,5432948,58.42,80087,505319,5.43,0,0,0
2021-08-09,60.72,0.04,39.24,5341,5855398,62.97,3064,5436012,58.46,76489,581808,6.26,0,0,0
2021-08-10,60.75,0.04,39.2,5554,5860952,63.03,3208,5439220,58.49,75427,657235,7.07,0,0,0
2021-08-11,60.79,0.04,39.17,5695,5866647,63.09,2949,5442169,58.52,62642,719877,7.74,0,0,0
2021-08-12,60.83,0.04,39.12,7039,5873686,63.16,3290,5445459,58.56,59462,779339,8.38,0,0,0
2021-08-13,60.84,0.05,39.11,3821,5877507,63.2,2074,5447533,58.58,43870,823209,8.85,0,0,0
2021-08-14,60.85,0.05,39.1,2254,5879761,63.23,853,5448386,58.59,44486,867695,9.33,0,0,0
2021-08-15,60.89,0.05,39.06,7145,5886906,63.3,4530,5452916,58.64,97985,965680,10.38,0,0,0
2021-08-16,60.92,0.04,39.03,6991,5893897,63.38,4749,5457665,58.69,89521,1055201,11.35,0,0,0
2021-08-17,60.96,0.04,39,7573,5901470,63.46,5138,5462803,58.74,83320,1138521,12.24,0,0,0
2021-08-18,60.99,0.04,38.96,8643,5910113,63.55,4603,5467406,58.79,69267,1207788,12.99,0,0,0
2021-08-19,61.03,0.04,38.92,10082,5920195,63.66,5217,5472623,58.85,65976,1273764,13.7,0,0,0
2021-08-20,61.05,0.05,38.9,4768,5924963,63.71,2827,5475450,58.88,60454,1334218,14.35,0,0,0
2021-08-21,61.06,0.05,38.89,3499,5928462,63.75,1580,5477030,58.9,50725,1384943,14.89,0,0,0
2021-08-22,61.12,0.04,38.84,9824,5938286,63.86,4808,5481838,58.95,105111,1490054,16.02,0,0,0
2021-08-23,61.17,0.04,38.79,10923,5949209,63.97,4448,5486286,59,94034,1584088,17.03,0,0,0
2021-08-24,61.23,0.04,38.73,11723,5960932,64.1,4702,5490988,59.05,98556,1682644,18.09,0,0,0
2021-08-25,61.29,0.04,38.67,9612,5970544,64.2,4485,5495473,59.1,99557,1782201,19.16,0,0,0
2021-08-26,61.36,0.03,38.61,10109,5980653,64.31,5059,5500532,59.15,101231,1883432,20.25,0,0,0
2021-08-27,61.35,0.04,38.61,4325,5984978,64.36,2788,5503320,59.18,56696,1940128,20.86,0,0,0
2021-08-28,61.4,0.04,38.57,3702,5988680,64.4,1500,5504820,59.2,33540,1973668,21.22,0,0,0
2021-08-29,61.46,0.03,38.5,10323,5999003,64.51,5932,5510752,59.26,79550,2053218,22.08,0,0,0
2021-08-30,61.53,0.03,38.44,12334,6011337,64.64,7017,5517769,59.34,116009,2169227,23.33,0,0,0
2021-08-31,61.6,0.03,38.37,12077,6023414,64.77,6529,5524298,59.41,114878,2284105,24.56,0,0,0
2021-09-01,61.43,0.03,38.54,9033,6032447,64.87,6043,5530341,59.47,112492,2396597,25.77,0,0,0
2021-09-02,61.49,0.03,38.48,8784,6041231,64.96,7182,5537523,59.55,111545,2508142,26.97,0,0,0
2021-09-03,61.56,0.03,38.42,3751,6044982,65,4116,5541639,59.59,58886,2567028,27.6,0,0,0
2021-09-04,61.59,0.03,38.38,2691,6047673,65.03,2023,5543662,59.61,29953,2596981,27.93,0,0,0
2021-09-05,61.68,0.03,38.29,6991,6054664,65.11,6460,5550122,59.68,73326,2670307,28.72,0,0,0
2021-09-06,61.77,0.03,38.2,2836,6057500,65.14,2718,5552840,59.71,22800,2693107,28.96,0,0,0
2021-09-07,61.85,0.03,38.12,1201,6058701,65.15,879,5553719,59.72,5398,2698505,29.02,0,0,0
2021-09-08,61.93,0.03,38.05,1380,6060081,65.17,1196,5554915,59.73,6621,2705126,29.09,0,0,0
2021-09-09,62.02,0.03,37.95,7093,6067174,65.24,12573,5567488,59.87,73845,2778971,29.88,0,0,0
2021-09-10,62.06,0.03,37.91,3258,6070432,65.28,5016,5572504,59.92,37938,2816909,30.29,0,0,0
2021-09-11,62.08,0.03,37.89,2109,6072541,65.3,2509,5575013,59.95,14816,2831725,30.45,0,0,0
2021-09-12,62.16,0.03,37.81,6106,6078647,65.37,8589,5583602,60.04,54136,2885861,31.03,0,0,0
2021-09-13,62.15,0.03,37.82,5611,6084258,65.43,8265,5591867,60.13,47983,2933844,31.55,0,0,0
2021-09-14,62.2,0.03,37.77,4963,6089221,65.48,7424,5599291,60.21,48856,2982700,32.07,0,0,0
2021-09-15,62.25,0.03,37.72,1750,6090971,65.5,2718,5602009,60.24,16687,2999387,32.25,0,0,0
2021-09-16,62.37,0.03,37.6,343,6091314,65.5,549,5602558,60.25,1740,3001127,32.27,0,0,0
2021-09-17,62.42,0.03,37.54,3683,6094997,65.54,7022,5609580,60.32,42905,3044032,32.73,0,0,0
2021-09-18,62.45,0.03,37.52,2258,6097255,65.57,2946,5612526,60.35,12783,3056815,32.87,0,0,0
2021-09-19,62.55,0.03,37.42,5942,6103197,65.63,10712,5623238,60.47,44332,3101147,33.35,0,0,0
2021-09-20,62.63,0.03,37.34,3246,6106443,65.67,4646,5627884,60.52,16709,3117856,33.53,0,0,0
2021-09-21,62.69,0.03,37.28,1340,6107783,65.68,2066,5629950,60.54,3477,3121333,33.57,0,0,0
2021-09-22,62.72,0.03,37.25,4260,6112043,65.73,7250,5637200,60.62,25072,3146405,33.83,0,0,0
2021-09-23,62.75,0.03,37.22,4391,6116434,65.77,5916,5643116,60.68,27834,3174239,34.13,0,0,0
2021-09-24,62.82,0.03,37.15,3202,6119636,65.81,4185,5647301,60.73,27723,3201962,34.43,0,0,0
2021-09-25,62.85,0.03,37.12,2080,6121716,65.83,2263,5649564,60.75,10443,3212405,34.54,0,0,0
2021-09-26,62.96,0.03,37,5604,6127320,65.89,5973,5655537,60.82,36270,3248675,34.93,0,0,0
2021-09-27,63.02,0.03,36.94,4696,6132016,65.94,4469,5660006,60.86,30457,3279132,35.26,0,0,0
2021-09-28,63.06,0.04,36.91,1472,6133488,65.96,1184,5661190,60.88,6249,3285381,35.33,0,0,0
2021-09-29,63.13,0.03,36.84,9622,6143110,66.06,8349,5669539,60.97,60325,3345706,35.98,0,0,0
2021-09-30,63.18,0.03,36.79,10976,6154086,66.18,8579,5678118,61.06,79703,3425409,36.84,0,0,0
2021-10-01,63.23,0.03,36.73,5126,6159212,66.23,3875,5681993,61.1,46546,3471955,37.34,0,0,0
2021-10-02,63.26,0.03,36.71,2865,6162077,66.26,2127,5684120,61.12,22432,3494387,37.58,0,0,0
2021-10-03,63.35,0.03,36.62,11667,6173744,66.39,7276,5691396,61.2,70726,3565113,38.34,0,0,0
2021-10-04,63.4,0.03,36.57,10320,6184064,66.5,6759,5698155,61.28,51913,3617026,38.9,0,0,0
2021-10-05,63.41,0.03,36.55,8461,6192525,66.59,5314,5703469,61.33,40479,3657505,39.33,0,0,0
2021-10-06,63.52,0.03,36.45,7543,6200068,66.67,4185,5707654,61.38,34150,3691655,39.7,0,0,0
2021-10-07,63.63,0.03,36.34,6895,6206963,66.75,4009,5711663,61.42,34068,3725723,40.06,0,0,0
2021-10-08,63.68,0.03,36.29,3086,6210049,66.78,2644,5714307,61.45,19250,3744973,40.27,0,0,0
2021-10-09,63.71,0.03,36.26,1341,6211390,66.79,1444,5715751,61.46,7441,3752414,40.35,0,0,0
2021-10-10,63.82,0.04,36.14,4676,6216066,66.84,3747,5719498,61.5,21519,3773933,40.58,0,0,0
2021-10-11,63.91,0.04,36.05,4299,6220365,66.89,2945,5722443,61.54,17269,3791202,40.77,0,0,0
2021-10-12,63.99,0.05,35.96,3977,6224342,66.93,3007,5725450,61.57,15357,3806559,40.93,0,0,0
2021-10-13,64.09,0.05,35.86,3487,6227829,66.97,2451,5727901,61.59,13587,3820146,41.08,0,0,0
2021-10-14,64.19,0.06,35.75,3870,6231699,67.01,2685,5730586,61.62,16568,3836714,41.26,0,0,0
2021-10-15,64.23,0.07,35.7,1703,6233402,67.03,1685,5732271,61.64,9010,3845724,41.35,0,0,0
2021-10-16,64.25,0.08,35.67,729,6234131,67.04,956,5733227,61.65,4035,3849759,41.4,0,0,0
2021-10-17,64.36,0.09,35.56,3090,6237221,67.07,2526,5735753,61.68,12798,3862557,41.54,0,0,0
2021-10-18,64.43,0.1,35.47,2460,6239681,67.1,1691,5737444,61.7,10069,3872626,41.64,0,0,0
2021-10-19,64.49,0.1,35.4,2399,6242080,67.12,1284,5738728,61.71,9294,3881920,41.74,0,0,0
2021-10-20,64.14,0.52,35.34,2435,6244515,67.15,2304,5741032,61.74,10103,3892023,41.85,0,0,0
2021-10-21,54.23,10.41,35.36,3034,6247549,67.18,3097,5744129,61.77,12163,3904186,41.98,0,0,0
2021-10-22,54.36,10.26,35.38,1279,6248828,67.2,1437,5745566,61.79,5840,3910026,42.05,0,0,0
2021-10-23,54.42,10.19,35.39,575,6249403,67.2,1266,5746832,61.8,2564,3912590,42.07,0,0,0
2021-10-24,54.22,10.43,35.35,2517,6251920,67.23,2653,5749485,61.83,9855,3922445,42.18,0,0,0
2021-10-25,54.59,10.22,35.19,2638,6254558,67.26,2752,5752237,61.86,8511,3930956,42.27,0,0,0
2021-10-26,54.64,10.26,35.1,2381,6256939,67.28,2059,5754296,61.88,8529,3939485,42.36,0,0,0
2021-10-27,54.58,10.37,35.06,2292,6259231,67.31,2566,5756862,61.91,7959,3947444,42.45,0,0,0
2021-10-28,54.69,10.76,34.55,2505,6261736,67.34,2782,5759644,61.94,8674,3956118,42.54,0,0,0
2021-10-29,54.73,10.75,34.52,901,6262637,67.35,1154,5760798,61.95,4138,3960256,42.59,0,0,0
2021-10-30,54.68,10.81,34.52,366,6263003,67.35,530,5761328,61.95,1712,3961968,42.6,0,0,0
2021-10-31,54.83,10.7,34.47,2261,6265264,67.37,2495,5763823,61.98,8256,3970224,42.69,0,0,0
2021-11-01,54.95,10.63,34.42,1737,6267001,67.39,2093,5765916,62,6480,3976704,42.76,0,0,0
2021-11-02,54.89,10.69,34.42,2026,6269027,67.41,2048,5767964,62.03,6296,3983000,42.83,0,0,0
2021-11-03,54.86,10.75,34.39,1764,6270791,67.43,1897,5769861,62.05,5556,3988556,42.89,0,0,0
2021-11-04,54.85,10.81,34.33,2111,6272902,67.46,2802,5772663,62.08,7133,3995689,42.97,0,0,0
2021-11-05,54.85,10.83,34.32,790,6273692,67.46,905,5773568,62.09,3487,3999176,43.01,0,0,0
2021-11-06,54.82,10.86,34.32,347,6274039,67.47,389,5773957,62.09,1375,4000551,43.02,0,0,0
2021-11-07,54.92,10.8,34.28,1578,6275617,67.48,1769,5775726,62.11,6134,4006685,43.09,0,0,0
2021-11-08,55.01,10.75,34.24,1520,6277137,67.5,1603,5777329,62.13,5406,4012091,43.14,0,0,0
2021-11-09,55.05,10.74,34.21,1428,6278565,67.52,1611,5778940,62.14,5332,4017423,43.2,0,0,0
2021-11-10,55.08,10.73,34.19,1424,6279989,67.53,1661,5780601,62.16,4779,4022202,43.25,0,0,0
2021-11-11,55.15,10.69,34.15,1628,6281617,67.55,1947,5782548,62.18,5718,4027920,43.31,0,0,0
2021-11-12,55.17,10.69,34.14,637,6282254,67.56,826,5783374,62.19,2925,4030845,43.35,0,0,0
2021-11-13,55.14,10.72,34.14,257,6282511,67.56,290,5783664,62.19,1130,4031975,43.36,0,0,0
2021-11-14,55.21,10.68,34.11,1536,6284047,67.58,1639,5785303,62.21,5111,4037086,43.41,0,0,0
2021-11-15,55.28,10.63,34.09,1275,6285322,67.59,1626,5786929,62.23,4770,4041856,43.46,0,0,0
2021-11-16,55.32,10.62,34.07,1275,6286597,67.6,1419,5788348,62.24,4349,4046205,43.51,0,0,0
2021-11-17,55.35,10.6,34.05,1208,6287805,67.62,1567,5789915,62.26,3915,4050120,43.55,0,0,0
2021-11-18,55.41,10.58,34.02,1364,6289169,67.63,1693,5791608,62.28,5012,4055132,43.61,0,0,0
2021-11-19,55.42,10.57,34.01,588,6289757,67.64,763,5792371,62.29,2460,4057592,43.63,0,0,0
2021-11-20,55.41,10.58,34,238,6289995,67.64,258,5792629,62.29,929,4058521,43.64,0,0,0
2021-11-21,55.47,10.54,33.98,1409,6291404,67.65,1542,5794171,62.31,4881,4063402,43.7,0,0,0
2021-11-22,55.54,10.5,33.96,1681,6293085,67.67,1523,5795694,62.32,4238,4067640,43.74,0,0,0
2021-11-23,55.57,10.48,33.95,8616,6301701,67.77,1688,5797382,62.34,4012,4071652,43.78,0,0,0
2021-11-24,55.6,10.44,33.95,9348,6311049,67.87,1319,5798701,62.36,3924,4075576,43.83,0,0,0
2021-11-25,55.64,10.43,33.93,9808,6320857,67.97,1600,5800301,62.37,4841,4080417,43.88,0,0,0
2021-11-26,55.63,10.45,33.92,5610,6326467,68.03,748,5801049,62.38,2805,4083222,43.91,0,0,0
2021-11-27,55.62,10.46,33.92,4776,6331243,68.08,324,5801373,62.39,1164,4084386,43.92,0,0,0
2021-11-28,55.67,10.43,33.9,10145,6341388,68.19,1481,5802854,62.4,4905,4089291,43.97,0,0,0
2021-11-29,55.73,10.39,33.88,9043,6350431,68.29,1134,5803988,62.41,4376,4093667,44.02,0,0,0
2021-11-30,55.77,10.37,33.86,10042,6360473,68.4,1038,5805026,62.42,4084,4097751,44.07,0,0,0
2021-12-01,55.79,10.36,33.84,8630,6369103,68.49,1097,5806123,62.44,4444,4102195,44.11,5,5,0
2021-12-02,55.84,10.34,33.82,9173,6378276,68.59,1456,5807579,62.45,5125,4107320,44.17,6,11,0
2021-12-03,55.86,10.33,33.81,6329,6384605,68.66,673,5808252,62.46,2868,4110188,44.2,1,12,0
2021-12-04,55.85,10.34,33.81,2509,6387114,68.68,238,5808490,62.46,925,4111113,44.21,3,15,0
2021-12-05,55.9,10.31,33.79,8334,6395448,68.77,1254,5809744,62.48,4683,4115796,44.26,1,16,0
2021-12-06,55.95,10.27,33.78,6720,6402168,68.85,1200,5810944,62.49,4351,4120147,44.31,4,20,0
2021-12-07,55.99,10.25,33.76,5553,6407721,68.91,1506,5812450,62.5,3966,4124113,44.35,9,29,0
2021-12-08,56.03,10.22,33.75,4936,6412657,68.96,1200,5813650,62.52,3884,4127997,44.39,10,39,0
2021-12-09,56.08,10.19,33.73,6239,6418896,69.03,1241,5814891,62.53,4508,4132505,44.44,8,47,0
2021-12-10,56.1,10.18,33.72,3004,6421900,69.06,704,5815595,62.54,2687,4135192,44.47,4,51,0
2021-12-11,56.1,10.18,33.71,1491,6423391,69.07,255,5815850,62.54,1021,4136213,44.48,0,51,0
2021-12-12,56.16,10.15,33.69,7272,6430663,69.15,1444,5817294,62.56,5248,4141461,44.54,3,54,0
2021-12-13,56.21,10.11,33.67,6180,6436843,69.22,1377,5818671,62.57,4351,4145812,44.58,5,59,0
2021-12-14,56.27,10.09,33.65,7316,6444159,69.3,6098,5824769,62.64,4941,4150753,44.64,12,71,0
2021-12-15,56.34,10.06,33.6,7204,6451363,69.37,7404,5832173,62.72,5446,4156199,44.69,7,78,0
2021-12-16,56.53,10.05,33.42,8079,6459442,69.46,8609,5840782,62.81,6564,4162763,44.76,8,86,0
2021-12-17,56.64,10.05,33.3,4406,6463848,69.51,5141,5845923,62.86,3954,4166717,44.81,3,89,0
2021-12-18,56.73,10.07,33.2,3941,6467789,69.55,2913,5848836,62.9,1361,4168078,44.82,2,91,0
2021-12-19,56.92,10.04,33.04,6978,6474767,69.63,9328,5858164,63,6275,4174353,44.89,6,97,0
2021-12-20,57.07,10.02,32.91,7972,6482739,69.71,7518,5865682,63.08,5447,4179800,44.95,9,106,0
2021-12-21,57.27,10.01,32.71,9548,6492287,69.81,8647,5874329,63.17,6492,4186292,45.02,8,114,0
2021-12-22,57.49,10,32.52,9663,6501950,69.92,8150,5882479,63.26,6255,4192547,45.08,12,126,0
2021-12-23,57.7,9.97,32.33,11539,6513489,70.04,10261,5892740,63.37,8160,4200707,45.17,16,142,0
2021-12-24,57.83,9.96,32.21,5875,6519364,70.11,6241,5898981,63.43,5281,4205988,45.23,12,154,0
2021-12-25,57.9,9.96,32.15,3338,6522702,70.14,2566,5901547,63.46,2021,4208009,45.25,6,160,0
2021-12-26,58.1,9.92,31.98,10652,6533354,70.26,8908,5910455,63.56,8201,4216210,45.34,8,168,0
2021-12-27,58.27,9.9,31.83,10370,6543724,70.37,7142,5917597,63.63,8188,4224398,45.43,21,189,0
2021-12-28,58.46,9.88,31.66,11375,6555099,70.49,7451,5925048,63.71,9642,4234040,45.53,24,213,0
2021-12-29,58.64,9.85,31.51,9933,6565032,70.6,5964,5931012,63.78,8376,4242416,45.62,21,234,0
2021-12-30,58.84,9.82,31.34,11012,6576044,70.72,7735,5938747,63.86,12241,4254657,45.75,10,244,0
2021-12-31,58.9,9.79,31.3,4829,6580873,70.77,3671,5942418,63.9,7296,4261953,45.83,135,379,0
2022-01-01,58.93,9.79,31.28,1993,6582866,70.79,1592,5944010,63.92,2741,4264694,45.86,66,445,0
2022-01-02,59.14,9.76,31.1,10216,6593082,70.9,6487,5950497,63.99,13002,4277696,46,590,1035,0.01
2022-01-03,59.29,9.71,31,9384,6602466,71,5259,5955756,64.05,11342,4289038,46.12,25055,26090,0.28
2022-01-04,59.46,9.68,30.86,8964,6611430,71.1,5946,5961702,64.11,10525,4299563,46.24,50660,76750,0.83
2022-01-05,59.56,9.65,30.79,8553,6619983,71.19,5739,5967441,64.17,10494,4310057,46.35,59590,136340,1.47
2022-01-06,59.81,9.63,30.56,10338,6630321,71.3,7959,5975400,64.26,13531,4323588,46.49,64001,200341,2.15
2022-01-07,59.89,9.61,30.49,4760,6635081,71.35,4556,5979956,64.31,8166,4331754,46.58,31135,231476,2.49
2022-01-08,59.9,9.64,30.46,2749,6637830,71.38,2451,5982407,64.33,5501,4337255,46.64,27632,259108,2.79
2022-01-09,60.06,9.59,30.35,9305,6647135,71.48,7723,5990130,64.41,11871,4349126,46.77,66765,325873,3.5
2022-01-10,60.21,9.54,30.25,8347,6655482,71.57,7646,5997776,64.5,11882,4361008,46.9,64777,390650,4.2
2022-01-11,60.38,9.49,30.13,8099,6663581,71.66,8622,6006398,64.59,11974,4372982,47.02,56658,447308,4.81
2022-01-12,60.51,9.45,30.04,7275,6670856,71.74,8305,6014703,64.68,11114,4384096,47.14,44631,491939,5.29
2022-01-13,60.7,9.35,29.94,7509,6678365,71.82,9617,6024320,64.78,11546,4395642,47.27,34768,526707,5.66
2022-01-14,60.79,9.31,29.9,2554,6680919,71.84,4935,6029255,64.84,6145,4401787,47.33,11142,537849,5.78
2022-01-15,60.83,9.29,29.87,1469,6682388,71.86,3170,6032425,64.87,3884,4405671,47.38,5716,543565,5.85
2022-01-16,60.97,9.2,29.82,3817,6686205,71.9,8524,6040949,64.96,7682,4413353,47.46,19993,563558,6.06
2022-01-17,61.09,9.13,29.78,2807,6689012,71.93,7047,6047996,65.04,6173,4419526,47.53,17833,581391,6.25
2022-01-18,61.23,9.07,29.7,2475,6691487,71.96,7386,6055382,65.12,5535,4425061,47.58,14817,596208,6.41
2022-01-19,61.37,8.98,29.65,1915,6693402,71.98,6369,6061751,65.19,4522,4429583,47.63,8461,604669,6.5
2022-01-20,61.44,8.85,29.71,1777,6695179,72,6971,6068722,65.26,4793,4434376,47.69,8041,612710,6.59
2022-01-21,61.51,8.81,29.68,905,6696084,72.01,3725,6072447,65.3,2646,4437022,47.71,3358,616068,6.62
2022-01-22,61.51,8.75,29.74,328,6696412,72.01,1461,6073908,65.32,1067,4438089,47.73,1113,617181,6.64
2022-01-23,61.61,8.7,29.69,1068,6697480,72.02,5632,6079540,65.38,2879,4440968,47.76,6083,623264,6.7
2022-01-24,61.73,8.62,29.65,759,6698239,72.03,4481,6084021,65.42,2270,4443238,47.78,5056,628320,6.76
2022-01-25,61.9,8.51,29.59,744,6698983,72.04,4401,6088422,65.47,2186,4445424,47.8,7102,635422,6.83
2022-01-26,62.02,8.42,29.57,615,6699598,72.04,3285,6091707,65.51,1612,4447036,47.82,4262,639684,6.88
2022-01-27,62.12,8.35,29.52,798,6700396,72.05,4405,6096112,65.55,2005,4449041,47.84,5441,645125,6.94
2022-01-28,62.16,8.33,29.5,397,6700793,72.06,2376,6098488,65.58,1181,4450222,47.86,3452,648577,6.97
2022-01-29,62.23,8.29,29.48,124,6700917,72.06,1046,6099534,65.59,425,4450647,47.86,1162,649739,6.99
2022-01-30,62.3,8.24,29.46,769,6701686,72.07,4719,6104253,65.64,2020,4452667,47.88,8099,657838,7.07
2022-01-31,62.39,8.17,29.43,528,6702214,72.07,3183,6107436,65.68,1610,4454277,47.9,6472,664310,7.14
2022-02-01,62.45,8.15,29.4,482,6702696,72.08,2809,6110245,65.71,1526,4455803,47.92,5722,670032,7.21
2022-02-02,62.28,8.13,29.59,375,6703071,72.08,2394,6112639,65.73,1385,4457188,47.93,5073,675105,7.26
2022-02-03,62.34,8.08,29.57,446,6703517,72.09,2776,6115415,65.76,1462,4458650,47.95,5607,680712,7.32
2022-02-04,62.37,8.06,29.57,174,6703691,72.09,991,6116406,65.77,757,4459407,47.95,2455,683167,7.35
2022-02-05,62.34,8.09,29.56,62,6703753,72.09,342,6116748,65.78,221,4459628,47.96,420,683587,7.35
2022-02-06,62.41,8.05,29.55,407,6704160,72.09,2320,6119068,65.8,1344,4460972,47.97,5687,689274,7.41
2022-02-07,62.47,8.01,29.52,283,6704443,72.1,1308,6120376,65.82,983,4461955,47.98,5960,695234,7.48
2022-02-08,62.54,7.97,29.49,317,6704760,72.1,1498,6121874,65.83,1068,4463023,47.99,6138,701372,7.54
2022-02-09,62.6,7.95,29.45,254,6705014,72.1,1102,6122976,65.84,946,4463969,48,4570,705942,7.59
2022-02-10,62.63,7.93,29.44,273,6705287,72.11,1292,6124268,65.86,936,4464905,48.01,4815,710757,7.64
2022-02-11,62.67,7.91,29.42,211,6705498,72.11,557,6124825,65.86,518,4465423,48.02,2540,713297,7.67
2022-02-12,62.67,7.91,29.41,32,6705530,72.11,91,6124916,65.86,136,4465559,48.02,269,713566,7.67
2022-02-13,62.73,7.87,29.39,286,6705816,72.11,946,6125862,65.87,966,4466525,48.03,4998,718564,7.73
2022-02-14,62.89,7.74,29.36,179,6705995,72.11,628,6126490,65.88,760,4467285,48.04,3143,721707,7.76
2022-02-15,62.92,7.73,29.35,265,6706260,72.12,763,6127253,65.89,937,4468222,48.05,3819,725526,7.8
2022-02-16,62.95,7.72,29.34,179,6706439,72.12,577,6127830,65.9,803,4469025,48.06,2488,728014,7.83
2022-02-17,62.96,7.7,29.34,247,6706686,72.12,740,6128570,65.9,775,4469800,48.07,3061,731075,7.86
2022-02-18,62.98,7.69,29.33,130,6706816,72.12,343,6128913,65.91,439,4470239,48.07,1119,732194,7.87
2022-02-19,62.99,7.69,29.32,33,6706849,72.12,84,6128997,65.91,82,4470321,48.07,80,732274,7.87
2022-02-20,63.01,7.67,29.32,204,6707053,72.12,604,6129601,65.91,723,4471044,48.08,2574,734848,7.9
2022-02-21,63.04,7.65,29.31,173,6707226,72.13,413,6130014,65.92,490,4471534,48.08,1542,736390,7.92
2022-02-22,63.05,7.65,29.3,158,6707384,72.13,455,6130469,65.92,570,4472104,48.09,1871,738261,7.94
2022-02-23,63.06,7.65,29.29,109,6707493,72.13,353,6130822,65.93,453,4472557,48.1,1153,739414,7.95
2022-02-24,63.05,7.66,29.29,138,6707631,72.13,463,6131285,65.93,568,4473125,48.1,1493,740907,7.97
2022-02-25,63.06,7.66,29.28,59,6707690,72.13,144,6131429,65.93,193,4473318,48.1,456,741363,7.97
2022-02-26,63.05,7.67,29.28,17,6707707,72.13,28,6131457,65.93,161,4473479,48.11,35,741398,7.97
2022-02-27,63.05,7.67,29.28,112,6707819,72.13,341,6131798,65.94,448,4473927,48.11,1119,742517,7.98
2022-02-28,63.07,7.65,29.28,108,6707927,72.13,271,6132069,65.94,424,4474351,48.12,908,743425,7.99
2022-03-01,63.1,7.63,29.27,97,6708024,72.13,280,6132349,65.94,373,4474724,48.12,797,744222,8
2022-03-02,63.11,7.62,29.27,77,6708101,72.14,199,6132548,65.95,324,4475048,48.12,698,744920,8.01
2022-03-03,63.05,7.67,29.27,157,6708258,72.14,371,6132919,65.95,498,4475546,48.13,987,745907,8.02
2022-03-04,63.05,7.68,29.27,53,6708311,72.14,170,6133089,65.95,170,4475716,48.13,228,746135,8.02
2022-03-05,63.04,7.69,29.27,4,6708315,72.14,25,6133114,65.95,44,4475760,48.13,32,746167,8.02
2022-03-06,63.04,7.69,29.27,98,6708413,72.14,259,6133373,65.96,417,4476177,48.13,760,746927,8.03
2022-03-07,63.05,7.69,29.26,86,6708499,72.14,260,6133633,65.96,354,4476531,48.14,605,747532,8.04
2022-03-08,63.04,7.7,29.26,99,6708598,72.14,263,6133896,65.96,333,4476864,48.14,550,748082,8.04
2022-03-09,63.02,7.72,29.25,89,6708687,72.14,213,6134109,65.96,337,4477201,48.15,492,748574,8.05
2022-03-10,63.01,7.74,29.25,115,6708802,72.14,375,6134484,65.97,428,4477629,48.15,620,749194,8.06
2022-03-11,63,7.75,29.25,24,6708826,72.14,85,6134569,65.97,123,4477752,48.15,144,749338,8.06
2022-03-12,62.98,7.77,29.24,11,6708837,72.14,12,6134581,65.97,34,4477786,48.15,28,749366,8.06
2022-03-13,62.98,7.78,29.24,100,6708937,72.14,271,6134852,65.97,358,4478144,48.16,595,749961,8.06
2022-03-14,62.98,7.78,29.24,66,6709003,72.15,253,6135105,65.97,316,4478460,48.16,559,750520,8.07
2022-03-15,62.95,7.81,29.24,80,6709083,72.15,185,6135290,65.98,293,4478753,48.16,592,751112,8.08
2022-03-16,62.94,7.82,29.24,77,6709160,72.15,205,6135495,65.98,305,4479058,48.17,668,751780,8.08
2022-03-17,62.94,7.82,29.24,65,6709225,72.15,122,6135617,65.98,286,4479344,48.17,613,752393,8.09
2022-03-18,62.94,7.82,29.24,20,6709245,72.15,54,6135671,65.98,100,4479444,48.17,234,752627,8.09
2022-03-19,62.89,7.88,29.23,6,6709251,72.15,11,6135682,65.98,29,4479473,48.17,39,752666,8.09
2022-03-20,62.87,7.89,29.23,119,6709370,72.15,260,6135942,65.98,486,4479959,48.18,1431,754097,8.11
2022-03-21,62.87,7.9,29.23,97,6709467,72.15,247,6136189,65.99,379,4480338,48.18,1132,755229,8.12
2022-03-22,62.84,7.94,29.23,141,6709608,72.15,342,6136531,65.99,508,4480846,48.18,1770,756999,8.14
2022-03-23,62.81,7.97,29.22,108,6709716,72.15,212,6136743,65.99,463,4481309,48.19,1677,758676,8.16
2022-03-24,62.78,8,29.22,174,6709890,72.15,345,6137088,66,769,4482078,48.2,2363,761039,8.18
2022-03-25,62.78,8,29.23,39,6709929,72.16,82,6137170,66,159,4482237,48.2,630,761669,8.19
2022-03-26,62.77,8,29.22,12,6709941,72.16,13,6137183,66,34,4482271,48.2,91,761760,8.19
2022-03-27,62.75,8.02,29.22,167,6710108,72.16,344,6137527,66,758,4483029,48.21,3193,764953,8.23
2022-03-28,62.75,8.03,29.22,113,6710221,72.16,270,6137797,66,623,4483652,48.22,2416,767369,8.25
2022-03-29,62.7,8.07,29.22,125,6710346,72.16,258,6138055,66.01,641,4484293,48.22,2772,770141,8.28
2022-03-30,62.81,8.11,29.07,132,6710478,72.16,208,6138263,66.01,541,4484834,48.23,2370,772511,8.31
2022-03-31,62.79,8.11,29.1,166,6710644,72.16,302,6138565,66.01,730,4485564,48.24,2853,775364,8.34
2022-04-01,62.72,8.13,29.15,122,6710766,72.16,161,6138726,66.01,277,4485841,48.24,588,775952,8.34
2022-04-02,62.69,8.15,29.16,7,6710773,72.16,7,6138733,66.01,37,4485878,48.24,52,776004,8.34
2022-04-03,62.65,8.16,29.19,159,6710932,72.17,270,6139003,66.02,569,4486447,48.24,2478,778482,8.37
2022-04-04,62.62,8.16,29.22,103,6711035,72.17,208,6139211,66.02,484,4486931,48.25,2225,780707,8.4
2022-04-05,62.57,8.19,29.25,122,6711157,72.17,221,6139432,66.02,513,4487444,48.26,2243,782950,8.42
2022-04-06,62.55,8.2,29.25,91,6711248,72.17,157,6139589,66.02,382,4487826,48.26,2023,784973,8.44
2022-04-07,62.56,8.2,29.24,191,6711439,72.17,215,6139804,66.02,641,4488467,48.27,2556,787529,8.47
2022-04-08,62.54,8.22,29.23,30,6711469,72.17,61,6139865,66.03,154,4488621,48.27,482,788011,8.47
2022-04-09,62.52,8.25,29.23,6,6711475,72.17,17,6139882,66.03,28,4488649,48.27,47,788058,8.47
2022-04-10,62.51,8.26,29.23,103,6711578,72.17,264,6140146,66.03,429,4489078,48.27,1845,789903,8.49
2022-04-11,62.54,8.26,29.2,78,6711656,72.17,201,6140347,66.03,371,4489449,48.28,1425,791328,8.51
2022-04-12,62.58,8.29,29.12,204,6711860,72.18,168,6140515,66.03,376,4489825,48.28,1360,792688,8.52
2022-04-13,62.58,8.31,29.1,117,6711977,72.18,150,6140665,66.03,298,4490123,48.28,1218,793906,8.54
2022-04-14,62.57,8.33,29.1,85,6712062,72.18,221,6140886,66.04,321,4490444,48.29,1069,794975,8.55
2022-04-15,62.55,8.35,29.1,9,6712071,72.18,51,6140937,66.04,48,4490492,48.29,82,795057,8.55
2022-04-16,62.53,8.37,29.1,3,6712074,72.18,8,6140945,66.04,21,4490513,48.29,29,795086,8.55
2022-04-17,62.52,8.38,29.1,62,6712136,72.18,131,6141076,66.04,229,4490742,48.29,807,795893,8.56
2022-04-18,62.51,8.38,29.1,69,6712205,72.18,109,6141185,66.04,252,4490994,48.29,750,796643,8.57
2022-04-19,62.5,8.4,29.1,61,6712266,72.18,145,6141330,66.04,273,4491267,48.3,842,797485,8.58
2022-04-20,62.48,8.42,29.1,60,6712326,72.18,117,6141447,66.04,235,4491502,48.3,656,798141,8.58
2022-04-21,62.47,8.43,29.1,53,6712379,72.18,109,6141556,66.04,197,4491699,48.3,479,798620,8.59
2022-04-22,62.45,8.44,29.11,3,6712382,72.18,17,6141573,66.04,19,4491718,48.3,20,798640,8.59
2022-04-23,62.43,8.46,29.11,6,6712388,72.18,9,6141582,66.04,16,4491734,48.3,13,798653,8.59
2022-04-24,62.43,8.47,29.1,92,6712480,72.18,250,6141832,66.05,329,4492063,48.31,872,799525,8.6
2022-04-25,62.43,8.47,29.1,104,6712584,72.18,191,6142023,66.05,316,4492379,48.31,739,800264,8.61
2022-04-26,62.42,8.48,29.1,76,6712660,72.18,175,6142198,66.05,304,4492683,48.31,788,801052,8.61
2022-04-27,62.41,8.49,29.1,54,6712714,72.19,160,6142358,66.05,227,4492910,48.31,640,801692,8.62
2022-04-28,62.41,8.5,29.1,97,6712811,72.19,232,6142590,66.05,329,4493239,48.32,872,802564,8.63
2022-04-29,62.39,8.51,29.1,112,6712923,72.19,159,6142749,66.06,184,4493423,48.32,196,802760,8.63
2022-04-30,62.38,8.52,29.1,1,6712924,72.19,3,6142752,66.06,24,4493447,48.32,22,802782,8.63
2022-05-01,62.38,8.53,29.09,135,6713059,72.19,185,6142937,66.06,317,4493764,48.32,630,803412,8.64
2022-05-02,62.37,8.54,29.09,62,6713121,72.19,155,6143092,66.06,235,4493999,48.33,491,803903,8.64
2022-05-03,62.36,8.55,29.09,73,6713194,72.19,151,6143243,66.06,288,4494287,48.33,508,804411,8.65
2022-05-04,62.35,8.57,29.08,23,6713217,72.19,56,6143299,66.06,63,4494350,48.33,129,804540,8.65
2022-05-05,62.34,8.58,29.08,5,6713222,72.19,1,6143300,66.06,8,4494358,48.33,14,804554,8.65
2022-05-06,62.33,8.59,29.08,20,6713242,72.19,59,6143359,66.06,63,4494421,48.33,154,804708,8.65
2022-05-07,62.32,8.6,29.08,1,6713243,72.19,7,6143366,66.06,27,4494448,48.33,24,804732,8.65
2022-05-08,62.31,8.61,29.08,118,6713361,72.19,207,6143573,66.06,270,4494718,48.33,457,805189,8.66
2022-05-09,62.31,8.61,29.08,59,6713420,72.19,162,6143735,66.07,251,4494969,48.34,505,805694,8.66
2022-05-10,62.3,8.62,29.08,131,6713551,72.19,169,6143904,66.07,261,4495230,48.34,508,806202,8.67
2022-05-11,62.3,8.63,29.08,58,6713609,72.19,118,6144022,66.07,183,4495413,48.34,464,806666,8.67
2022-05-12,62.29,8.64,29.07,119,6713728,72.2,200,6144222,66.07,280,4495693,48.34,666,807332,8.68
2022-05-13,62.28,8.65,29.07,11,6713739,72.2,44,6144266,66.07,71,4495764,48.35,110,807442,8.68
2022-05-14,62.26,8.66,29.07,6,6713745,72.2,13,6144279,66.07,14,4495778,48.35,24,807466,8.68
2022-05-15,62.26,8.67,29.07,90,6713835,72.2,175,6144454,66.07,246,4496024,48.35,665,808131,8.69
2022-05-16,62.19,8.65,29.16,68,6713903,72.2,141,6144595,66.08,230,4496254,48.35,510,808641,8.7
2022-05-17,62.18,8.66,29.16,73,6713976,72.2,153,6144748,66.08,267,4496521,48.35,618,809259,8.7
2022-05-18,62.17,8.67,29.16,43,6714019,72.2,99,6144847,66.08,169,4496690,48.36,447,809706,8.71
2022-05-19,62.16,8.68,29.16,62,6714081,72.2,173,6145020,66.08,213,4496903,48.36,499,810205,8.71
2022-05-20,62.15,8.69,29.16,76,6714157,72.2,114,6145134,66.08,130,4497033,48.36,138,810343,8.71
2022-05-21,62.14,8.7,29.16,4,6714161,72.2,7,6145141,66.08,15,4497048,48.36,18,810361,8.71
2022-05-22,62.14,8.71,29.16,85,6714246,72.2,190,6145331,66.08,216,4497264,48.36,426,810787,8.72
2022-05-23,62.14,8.71,29.16,65,6714311,72.2,121,6145452,66.09,156,4497420,48.36,348,811135,8.72
2022-05-24,62.13,8.71,29.15,43,6714354,72.2,119,6145571,66.09,157,4497577,48.36,394,811529,8.73
2022-05-25,62.12,8.72,29.15,61,6714415,72.2,103,6145674,66.09,168,4497745,48.37,337,811866,8.73
2022-05-26,62.11,8.73,29.16,72,6714487,72.2,136,6145810,66.09,186,4497931,48.37,347,812213,8.73
2022-05-27,62.1,8.74,29.16,12,6714499,72.2,29,6145839,66.09,43,4497974,48.37,59,812272,8.73
2022-05-28,62.09,8.75,29.16,2,6714501,72.2,5,6145844,66.09,8,4497982,48.37,12,812284,8.73
2022-05-29,62.09,8.75,29.16,89,6714590,72.21,153,6145997,66.09,163,4498145,48.37,316,812600,8.74
2022-05-30,62.09,8.76,29.16,56,6714646,72.21,134,6146131,66.09,125,4498270,48.37,291,812891,8.74
2022-05-31,62.07,8.78,29.15,45,6714691,72.21,104,6146235,66.09,153,4498423,48.37,351,813242,8.75
2022-06-01,61.95,8.9,29.16,65,6714756,72.21,90,6146325,66.09,119,4498542,48.38,277,813519,8.75
2022-06-02,45.96,24.88,29.15,77,6714833,72.21,156,6146481,66.1,178,4498720,48.38,255,813774,8.75
2022-06-03,45.9,24.95,29.16,10,6714843,72.21,23,6146504,66.1,21,4498741,48.38,33,813807,8.75
2022-06-04,45.84,25,29.16,0,6714843,72.21,7,6146511,66.1,8,4498749,48.38,5,813812,8.75
2022-06-05,45.8,25.05,29.16,11,6714854,72.21,14,6146525,66.1,7,4498756,48.38,2,813814,8.75
2022-06-06,39.96,30.89,29.16,58,6714912,72.21,145,6146670,66.1,161,4498917,48.38,262,814076,8.75
2022-06-07,39.92,30.93,29.15,54,6714966,72.21,134,6146804,66.1,142,4499059,48.38,379,814455,8.76
2022-06-08,39.89,30.96,29.15,59,6715025,72.21,104,6146908,66.1,131,4499190,48.38,497,814952,8.76
2022-06-09,39.86,30.99,29.15,84,6715109,72.21,208,6147116,66.1,234,4499424,48.38,642,815594,8.77
2022-06-10,39.83,31.02,29.15,14,6715123,72.21,51,6147167,66.1,59,4499483,48.39,142,815736,8.77
2022-06-11,39.8,31.05,29.15,0,6715123,72.21,3,6147170,66.1,7,4499490,48.39,19,815755,8.77
2022-06-12,39.8,31.05,29.15,109,6715232,72.21,199,6147369,66.11,191,4499681,48.39,767,816522,8.78
2022-06-13,39.81,31.04,29.15,84,6715316,72.21,142,6147511,66.11,168,4499849,48.39,626,817148,8.79
2022-06-14,39.79,31.06,29.15,116,6715432,72.21,173,6147684,66.11,208,4500057,48.39,759,817907,8.8
2022-06-15,39.78,31.08,29.15,71,6715503,72.22,141,6147825,66.11,207,4500264,48.39,700,818607,8.8
2022-06-16,39.74,31.11,29.14,94,6715597,72.22,136,6147961,66.11,218,4500482,48.4,742,819349,8.81
2022-06-17,39.72,31.14,29.15,16,6715613,72.22,63,6148024,66.11,53,4500535,48.4,125,819474,8.81
2022-06-18,39.68,31.17,29.14,3,6715616,72.22,4,6148028,66.11,11,4500546,48.4,15,819489,8.81
2022-06-19,39.53,31.33,29.15,115,6715731,72.22,208,6148236,66.12,318,4500864,48.4,877,820366,8.82
2022-06-20,33.92,36.85,29.23,99,6715830,72.22,152,6148388,66.12,307,4501171,48.4,922,821288,8.83
2022-06-21,33.58,37.19,29.23,94,6715924,72.22,154,6148542,66.12,375,4501546,48.41,1229,822517,8.84
2022-06-22,33.28,37.49,29.23,110,6716034,72.22,136,6148678,66.12,339,4501885,48.41,894,823411,8.85
2022-06-23,32.84,37.92,29.23,132,6716166,72.22,217,6148895,66.12,525,4502410,48.42,1146,824557,8.87
2022-06-24,32.43,38.34,29.24,19,6716185,72.22,35,6148930,66.12,110,4502520,48.42,208,824765,8.87
2022-06-25,32.04,38.72,29.24,1,6716186,72.22,3,6148933,66.12,13,4502533,48.42,16,824781,8.87
2022-06-26,31.63,39.13,29.24,107,6716293,72.22,158,6149091,66.12,379,4502912,48.42,933,825714,8.88
2022-06-27,31.29,39.47,29.24,86,6716379,72.22,172,6149263,66.13,392,4503304,48.43,1028,826742,8.89
2022-06-28,30.86,39.91,29.24,85,6716464,72.23,151,6149414,66.13,363,4503667,48.43,932,827674,8.9
2022-06-29,30.48,40.28,29.24,76,6716540,72.23,108,6149522,66.13,265,4503932,48.43,816,828490,8.91
2022-06-30,30.05,40.71,29.24,86,6716626,72.23,165,6149687,66.13,355,4504287,48.44,1062,829552,8.92
2022-07-01,29.62,41.14,29.24,22,6716648,72.23,28,6149715,66.13,55,4504342,48.44,80,829632,8.92
2022-07-02,29.2,41.56,29.24,1,6716649,72.23,2,6149717,66.13,8,4504350,48.44,18,829650,8.92
2022-07-03,28.81,41.95,29.24,100,6716749,72.23,177,6149894,66.13,322,4504672,48.44,637,830287,8.93
2022-07-04,28.5,42.26,29.24,76,6716825,72.23,140,6150034,66.13,278,4504950,48.44,749,831036,8.94
2022-07-05,28.06,42.7,29.24,59,6716884,72.23,142,6150176,66.14,302,4505252,48.45,688,831724,8.94
2022-07-06,27.39,43.37,29.24,78,6716962,72.23,124,6150300,66.14,211,4505463,48.45,646,832370,8.95
2022-07-07,26.48,44.28,29.24,82,6717044,72.23,164,6150464,66.14,267,4505730,48.45,721,833091,8.96
2022-07-08,25.47,45.29,29.24,17,6717061,72.23,33,6150497,66.14,69,4505799,48.45,131,833222,8.96
2022-07-09,24.42,46.34,29.24,0,6717061,72.23,1,6150498,66.14,3,4505802,48.45,3,833225,8.96
2022-07-10,23.77,46.99,29.24,90,6717151,72.23,164,6150662,66.14,229,4506031,48.46,470,833695,8.97
2022-07-11,23.22,47.54,29.24,64,6717215,72.23,142,6150804,66.14,248,4506279,48.46,575,834270,8.97
2022-07-12,22.13,48.63,29.24,69,6717284,72.23,129,6150933,66.14,207,4506486,48.46,558,834828,8.98
2022-07-13,21.1,49.66,29.24,43,6717327,72.23,101,6151034,66.15,165,4506651,48.46,488,835316,8.98
2022-07-14,20.12,50.63,29.24,70,6717397,72.24,147,6151181,66.15,208,4506859,48.46,513,835829,8.99
2022-07-15,19.27,51.48,29.25,64,6717461,72.24,88,6151269,66.15,127,4506986,48.47,166,835995,8.99
2022-07-16,18.29,52.46,29.25,0,6717461,72.24,6,6151275,66.15,7,4506993,48.47,8,836003,8.99
2022-07-17,17.83,52.92,29.25,77,6717538,72.24,183,6151458,66.15,241,4507234,48.47,468,836471,9
2022-07-18,17.48,53.26,29.26,62,6717600,72.24,158,6151616,66.15,207,4507441,48.47,511,836982,9
2022-07-19,16.77,53.97,29.26,63,6717663,72.24,147,6151763,66.15,173,4507614,48.47,368,837350,9
2022-07-20,16.09,54.64,29.26,51,6717714,72.24,134,6151897,66.15,137,4507751,48.47,423,837773,9.01
2022-07-21,15.43,55.3,29.27,61,6717775,72.24,160,6152057,66.16,177,4507928,48.48,341,838114,9.01
2022-07-22,14.64,56.08,29.28,10,6717785,72.24,36,6152093,66.16,43,4507971,48.48,56,838170,9.01
2022-07-23,14.17,56.55,29.28,0,6717785,72.24,4,6152097,66.16,4,4507975,48.48,9,838179,9.01
2022-07-24,13.55,57.16,29.29,58,6717843,72.24,128,6152225,66.16,197,4508172,48.48,364,838543,9.02
2022-07-25,13.09,57.61,29.3,48,6717891,72.24,107,6152332,66.16,172,4508344,48.48,336,838879,9.02
2022-07-26,12.46,58.23,29.3,47,6717938,72.24,99,6152431,66.16,111,4508455,48.48,270,839149,9.02
2022-07-27,11.89,58.8,29.31,43,6717981,72.24,125,6152556,66.16,132,4508587,48.48,243,839392,9.03
2022-07-28,11.35,59.34,29.31,62,6718043,72.24,143,6152699,66.16,148,4508735,48.48,220,839612,9.03
2022-07-29,10.85,59.83,29.32,10,6718053,72.24,25,6152724,66.16,27,4508762,48.48,31,839643,9.03
2022-07-30,10.34,60.33,29.33,0,6718053,72.24,0,6152724,66.16,1,4508763,48.48,1,839644,9.03
2022-07-31,9.97,60.7,29.33,56,6718109,72.24,134,6152858,66.16,131,4508894,48.49,252,839896,9.03
2022-08-01,9.47,61.19,29.34,54,6718163,72.24,76,6152934,66.17,91,4508985,48.49,152,840048,9.03
2022-08-02,8.92,61.73,29.35,111,6718274,72.25,119,6153053,66.17,157,4509142,48.49,264,840312,9.04
2022-08-03,8.46,62.19,29.35,76,6718350,72.25,71,6153124,66.17,92,4509234,48.49,180,840492,9.04
2022-08-04,8.04,62.61,29.36,133,6718483,72.25,133,6153257,66.17,111,4509345,48.49,246,840738,9.04
2022-08-05,7.71,62.93,29.36,31,6718514,72.25,23,6153280,66.17,13,4509358,48.49,24,840762,9.04
2022-08-06,7.32,63.32,29.36,1,6718515,72.25,2,6153282,66.17,3,4509361,48.49,5,840767,9.04
2022-08-07,6.92,63.71,29.37,89,6718604,72.25,97,6153379,66.17,69,4509430,48.49,169,840936,9.04
2022-08-08,6.74,63.89,29.37,109,6718713,72.25,92,6153471,66.17,92,4509522,48.49,172,841108,9.04
2022-08-09,6.25,64.37,29.38,96,6718809,72.25,90,6153561,66.17,99,4509621,48.49,213,841321,9.05
2022-08-10,5.91,64.71,29.38,77,6718886,72.25,60,6153621,66.17,76,4509697,48.5,115,841436,9.05
2022-08-11,5.59,65.03,29.38,54,6718940,72.25,101,6153722,66.17,91,4509788,48.5,155,841591,9.05
2022-08-12,5.35,65.27,29.38,8,6718948,72.25,12,6153734,66.17,18,4509806,48.5,29,841620,9.05
2022-08-13,5.1,65.52,29.38,0,6718948,72.25,2,6153736,66.17,2,4509808,48.5,3,841623,9.05
2022-08-14,4.87,65.75,29.39,74,6719022,72.25,75,6153811,66.17,82,4509890,48.5,150,841773,9.05
2022-08-15,4.74,65.87,29.39,69,6719091,72.25,81,6153892,66.18,92,4509982,48.5,143,841916,9.05
2022-08-16,4.46,66.15,29.39,82,6719173,72.25,84,6153976,66.18,83,4510065,48.5,187,842103,9.06
2022-08-17,4.16,66.44,29.39,47,6719220,72.26,56,6154032,66.18,36,4510101,48.5,115,842218,9.06
2022-08-18,3.98,66.63,29.39,70,6719290,72.26,93,6154125,66.18,120,4510221,48.5,173,842391,9.06
2022-08-19,3.83,66.78,29.39,78,6719368,72.26,67,6154192,66.18,57,4510278,48.5,38,842429,9.06
2022-08-20,3.67,66.94,29.39,1,6719369,72.26,1,6154193,66.18,3,4510281,48.5,3,842432,9.06
2022-08-21,3.52,67.08,29.4,52,6719421,72.26,85,6154278,66.18,84,4510365,48.5,197,842629,9.06
2022-08-22,3.44,67.16,29.4,89,6719510,72.26,74,6154352,66.18,103,4510468,48.5,144,842773,9.06
2022-08-23,3.27,67.33,29.4,72,6719582,72.26,106,6154458,66.18,84,4510552,48.5,180,842953,9.06
2022-08-24,3.15,67.46,29.4,38,6719620,72.26,80,6154538,66.18,49,4510601,48.5,133,843086,9.07
2022-08-25,3.03,67.57,29.4,53,6719673,72.26,75,6154613,66.18,97,4510698,48.51,193,843279,9.07
2022-08-26,2.94,67.66,29.4,4,6719677,72.26,15,6154628,66.18,9,4510707,48.51,14,843293,9.07
2022-08-27,2.84,67.76,29.4,0,6719677,72.26,0,6154628,66.18,0,4510707,48.51,0,843293,9.07
2022-08-28,2.75,67.85,29.4,55,6719732,72.26,80,6154708,66.18,85,4510792,48.51,102,843395,9.07
2022-08-29,2.69,67.91,29.4,48,6719780,72.26,68,6154776,66.19,89,4510881,48.51,107,843502,9.07
2022-08-30,2.6,68,29.4,85,6719865,72.26,113,6154889,66.19,85,4510966,48.51,131,843633,9.07
2022-08-31,2.53,68.07,29.4,42,6719907,72.26,89,6154978,66.19,70,4511036,48.51,96,843729,9.07
2022-09-01,2.46,68.14,29.4,29,6719936,72.26,84,6155062,66.19,58,4511094,48.51,113,843842,9.07
2022-09-02,2.4,68.2,29.4,6,6719942,72.26,20,6155082,66.19,13,4511107,48.51,10,843852,9.07
2022-09-03,2.33,68.27,29.4,2,6719944,72.26,0,6155082,66.19,3,4511110,48.51,1,843853,9.07
2022-09-04,2.27,68.32,29.4,64,6720008,72.26,133,6155215,66.19,80,4511190,48.51,121,843974,9.08
2022-09-05,2.23,68.37,29.4,44,6720052,72.26,77,6155292,66.19,58,4511248,48.51,90,844064,9.08
2022-09-06,2.17,68.42,29.4,60,6720112,72.26,104,6155396,66.19,78,4511326,48.51,130,844194,9.08
2022-09-07,2.12,68.47,29.4,28,6720140,72.27,63,6155459,66.19,53,4511379,48.51,95,844289,9.08
2022-09-08,2.07,68.53,29.4,50,6720190,72.27,101,6155560,66.19,70,4511449,48.51,77,844366,9.08
2022-09-09,2.03,68.57,29.4,10,6720200,72.27,21,6155581,66.19,16,4511465,48.51,17,844383,9.08
2022-09-10,1.97,68.62,29.4,1,6720201,72.27,0,6155581,66.19,5,4511470,48.51,2,844385,9.08
2022-09-11,1.92,68.67,29.41,39,6720240,72.27,117,6155698,66.2,78,4511548,48.52,116,844501,9.08
2022-09-12,1.88,68.71,29.41,24,6720264,72.27,72,6155770,66.2,52,4511600,48.52,68,844569,9.08
2022-09-13,1.82,68.77,29.41,44,6720308,72.27,113,6155883,66.2,54,4511654,48.52,103,844672,9.08
2022-09-14,1.78,68.82,29.41,21,6720329,72.27,64,6155947,66.2,54,4511708,48.52,62,844734,9.08
2022-09-15,1.73,68.86,29.41,32,6720361,72.27,77,6156024,66.2,63,4511771,48.52,107,844841,9.09
2022-09-16,1.7,68.89,29.41,51,6720412,72.27,52,6156076,66.2,27,4511798,48.52,28,844869,9.09
2022-09-17,1.66,68.93,29.41,3,6720415,72.27,0,6156076,66.2,1,4511799,48.52,0,844869,9.09
2022-09-18,1.63,68.96,29.41,28,6720443,72.27,66,6156142,66.2,52,4511851,48.52,115,844984,9.09
2022-09-19,1.61,68.98,29.41,28,6720471,72.27,74,6156216,66.2,44,4511895,48.52,57,845041,9.09
2022-09-20,1.56,69.03,29.41,41,6720512,72.27,94,6156310,66.2,75,4511970,48.52,102,845143,9.09
2022-09-21,1.55,69.05,29.41,22,6720534,72.27,54,6156364,66.2,29,4511999,48.52,56,845199,9.09
2022-09-22,1.52,69.07,29.4,42,6720576,72.27,56,6156420,66.2,27,4512026,48.52,41,845240,9.09
2022-09-23,1.5,69.1,29.41,7,6720583,72.27,11,6156431,66.2,4,4512030,48.52,1,845241,9.09
2022-09-24,1.47,69.13,29.41,0,6720583,72.27,0,6156431,66.2,1,4512031,48.52,0,845241,9.09
2022-09-25,1.46,69.13,29.41,5,6720588,72.27,20,6156451,66.2,10,4512041,48.52,27,845268,9.09
2022-09-26,1.46,69.13,29.41,0,6720588,72.27,5,6156456,66.2,2,4512043,48.52,2,845270,9.09
2022-09-27,1.42,69.17,29.41,2,6720590,72.27,0,6156456,66.2,3,4512046,48.52,3,845273,9.09
2022-09-28,1.39,69.21,29.41,24,6720614,72.27,36,6156492,66.2,25,4512071,48.52,17,845290,9.09
2022-09-29,1.37,69.22,29.41,32,6720646,72.27,61,6156553,66.2,13,4512084,48.52,48,845338,9.09
2022-09-30,1.35,69.24,29.41,4,6720650,72.27,12,6156565,66.2,2,4512086,48.52,0,845338,9.09
2022-10-01,1.31,69.29,29.41,0,6720650,72.27,1,6156566,66.2,1,4512087,48.52,1,845339,9.09
2022-10-02,1.31,69.29,29.41,28,6720678,72.27,51,6156617,66.21,20,4512107,48.52,73,845412,9.09
2022-10-03,1.31,69.28,29.4,23,6720701,72.27,29,6156646,66.21,13,4512120,48.52,12,845424,9.09
2022-10-04,1.27,69.32,29.4,7,6720708,72.27,11,6156657,66.21,0,4512120,48.52,1,845425,9.09
2022-10-05,1.28,69.31,29.4,1,6720709,72.27,0,6156657,66.21,0,4512120,48.52,1,845426,9.09
2022-10-06,1.31,69.28,29.4,17,6720726,72.27,43,6156700,66.21,10,4512130,48.52,20,845446,9.09
2022-10-07,1.3,69.29,29.41,3,6720729,72.27,3,6156703,66.21,4,4512134,48.52,0,845446,9.09
2022-10-08,1.26,69.33,29.41,1,6720730,72.27,1,6156704,66.21,0,4512134,48.52,1,845447,9.09
2022-10-09,1.31,69.28,29.41,7,6720737,72.27,22,6156726,66.21,6,4512140,48.52,5,845452,9.09
2022-10-10,1.38,69.22,29.4,5,6720742,72.27,2,6156728,66.21,0,4512140,48.52,0,845452,9.09
2022-10-11,1.36,69.24,29.4,12,6720754,72.27,32,6156760,66.21,1,4512141,48.52,32,845484,9.09
2022-10-12,1.34,69.26,29.4,13,6720767,72.27,24,6156784,66.21,5,4512146,48.52,4,845488,9.09
2022-10-13,1.4,69.2,29.4,17,6720784,72.27,16,6156800,66.21,5,4512151,48.52,9,845497,9.09
2022-10-14,1.4,69.2,29.4,6,6720790,72.27,7,6156807,66.21,4,4512155,48.52,3,845500,9.09
2022-10-15,1.38,69.22,29.4,0,6720790,72.27,1,6156808,66.21,0,4512155,48.52,1,845501,9.09
2022-10-16,1.39,69.2,29.4,4,6720794,72.27,13,6156821,66.21,5,4512160,48.52,8,845509,9.09
2022-10-17,1.39,69.2,29.4,1,6720795,72.27,1,6156822,66.21,4,4512164,48.52,1,845510,9.09
2022-10-18,1.43,69.17,29.4,24,6720819,72.27,31,6156853,66.21,14,4512178,48.52,16,845526,9.09
2022-10-19,1.47,69.12,29.4,18,6720837,72.27,25,6156878,66.21,7,4512185,48.52,3,845529,9.09
2022-10-20,1.5,69.1,29.4,26,6720863,72.27,44,6156922,66.21,12,4512197,48.52,4,845533,9.09
2022-10-21,1.5,69.09,29.4,4,6720867,72.27,7,6156929,66.21,2,4512199,48.52,4,845537,9.09
2022-10-22,1.49,69.1,29.4,0,6720867,72.27,0,6156929,66.21,0,4512199,48.52,0,845537,9.09
2022-10-23,1.51,69.08,29.4,15,6720882,72.27,33,6156962,66.21,18,4512217,48.52,10,845547,9.09
2022-10-24,1.51,69.08,29.41,20,6720902,72.27,16,6156978,66.21,19,4512236,48.52,9,845556,9.09
2022-10-25,1.55,69.04,29.4,18,6720920,72.27,34,6157012,66.21,22,4512258,48.52,21,845577,9.09
2022-10-26,1.61,68.99,29.4,18,6720938,72.27,25,6157037,66.21,8,4512266,48.52,10,845587,9.09
2022-10-27,1.67,68.93,29.4,17,6720955,72.27,27,6157064,66.21,14,4512280,48.52,17,845604,9.09
2022-10-28,1.67,68.93,29.4,54,6721009,72.27,49,6157113,66.21,31,4512311,48.52,18,845622,9.09
2022-10-29,1.66,68.94,29.4,0,6721009,72.27,0,6157113,66.21,0,4512311,48.52,0,845622,9.09
2022-10-30,1.71,68.89,29.4,15,6721024,72.27,23,6157136,66.21,15,4512326,48.52,9,845631,9.09
2022-10-31,1.76,68.84,29.4,17,6721041,72.27,16,6157152,66.21,8,4512334,48.52,9,845640,9.09
2022-11-01,1.82,68.78,29.4,2,6721043,72.27,1,6157153,66.21,1,4512335,48.52,0,845640,9.09
2022-11-02,1.88,68.72,29.4,13,6721056,72.27,13,6157166,66.21,7,4512342,48.52,8,845648,9.09
2022-11-03,1.96,68.64,29.4,17,6721073,72.28,18,6157184,66.21,11,4512353,48.52,8,845656,9.09
2022-11-04,1.98,68.63,29.4,4,6721077,72.28,6,6157190,66.21,1,4512354,48.52,2,845658,9.09
2022-11-05,1.97,68.63,29.4,0,6721077,72.28,0,6157190,66.21,0,4512354,48.52,0,845658,9.09
2022-11-06,2.03,68.57,29.4,27,6721104,72.28,33,6157223,66.21,11,4512365,48.52,23,845681,9.09
2022-11-07,2.1,68.51,29.4,15,6721119,72.28,11,6157234,66.21,10,4512375,48.52,54,845735,9.09
2022-11-08,2.1,68.5,29.4,28,6721147,72.28,26,6157260,66.21,14,4512389,48.52,9,845744,9.09
2022-11-09,2.16,68.45,29.4,16,6721163,72.28,20,6157280,66.21,17,4512406,48.52,9,845753,9.09
2022-11-10,2.22,68.39,29.4,28,6721191,72.28,17,6157297,66.21,11,4512417,48.52,6,845759,9.09
2022-11-11,2.23,68.37,29.4,1,6721192,72.28,17,6157314,66.21,2,4512419,48.52,1,845760,9.09
2022-11-12,2.22,68.38,29.4,1,6721193,72.28,0,6157314,66.21,2,4512421,48.52,0,845760,9.09
2022-11-13,2.29,68.31,29.4,29,6721222,72.28,31,6157345,66.21,17,4512438,48.52,8,845768,9.1
2022-11-14,2.37,68.23,29.4,20,6721242,72.28,17,6157362,66.21,21,4512459,48.52,16,845784,9.1
2022-11-15,2.43,68.17,29.4,40,6721282,72.28,25,6157387,66.21,16,4512475,48.52,18,845802,9.1
2022-11-16,2.5,68.1,29.4,14,6721296,72.28,27,6157414,66.21,16,4512491,48.53,11,845813,9.1
2022-11-17,2.59,68.02,29.4,19,6721315,72.28,33,6157447,66.21,18,4512509,48.53,5,845818,9.1
2022-11-18,2.61,67.99,29.4,6,6721321,72.28,4,6157451,66.21,4,4512513,48.53,0,845818,9.1
2022-11-19,2.6,68,29.4,0,6721321,72.28,0,6157451,66.21,0,4512513,48.53,0,845818,9.1
2022-11-20,2.67,67.93,29.4,19,6721340,72.28,19,6157470,66.21,6,4512519,48.53,13,845831,9.1
2022-11-21,2.76,67.85,29.4,14,6721354,72.28,13,6157483,66.21,6,4512525,48.53,6,845837,9.1
2022-11-22,2.83,67.77,29.4,27,6721381,72.28,13,6157496,66.21,17,4512542,48.53,6,845843,9.1
2022-11-23,2.9,67.7,29.4,17,6721398,72.28,20,6157516,66.21,4,4512546,48.53,8,845851,9.1
2022-11-24,2.98,67.62,29.4,9,6721407,72.28,16,6157532,66.22,13,4512559,48.53,27,845878,9.1
2022-11-25,3,67.6,29.4,12,6721419,72.28,45,6157577,66.22,14,4512573,48.53,12,845890,9.1
2022-11-26,3,67.61,29.4,0,6721419,72.28,2,6157579,66.22,0,4512573,48.53,0,845890,9.1
2022-11-27,3.06,67.54,29.4,14,6721433,72.28,15,6157594,66.22,19,4512592,48.53,2,845892,9.1
2022-11-28,3.14,67.47,29.4,8,6721441,72.28,23,6157617,66.22,8,4512600,48.53,6,845898,9.1
2022-11-29,3.2,67.4,29.4,38,6721479,72.28,31,6157648,66.22,19,4512619,48.53,14,845912,9.1
2022-11-30,3.27,67.34,29.39,12,6721491,72.28,25,6157673,66.22,20,4512639,48.53,8,845920,9.1
2022-12-01,3.34,67.26,29.39,13,6721504,72.28,18,6157691,66.22,15,4512654,48.53,4,845924,9.1
2022-12-02,3.36,67.24,29.39,2,6721506,72.28,7,6157698,66.22,4,4512658,48.53,10,845934,9.1
2022-12-03,3.36,67.24,29.39,0,6721506,72.28,0,6157698,66.22,0,4512658,48.53,1,845935,9.1
2022-12-04,3.42,67.18,29.39,36,6721542,72.28,27,6157725,66.22,30,4512688,48.53,26,845961,9.1
2022-12-05,3.48,67.12,29.4,9,6721551,72.28,17,6157742,66.22,11,4512699,48.53,20,845981,9.1
2022-12-06,3.55,67.06,29.39,32,6721583,72.28,26,6157768,66.22,27,4512726,48.53,7,845988,9.1
2022-12-07,3.62,66.99,29.39,10,6721593,72.28,17,6157785,66.22,8,4512734,48.53,8,845996,9.1
2022-12-08,3.69,66.91,29.39,18,6721611,72.28,31,6157816,66.22,15,4512749,48.53,3,845999,9.1
2022-12-09,3.71,66.9,29.39,4,6721615,72.28,1,6157817,66.22,1,4512750,48.53,7,846006,9.1
2022-12-10,3.7,66.91,29.39,1,6721616,72.28,0,6157817,66.22,2,4512752,48.53,0,846006,9.1
2022-12-11,3.76,66.84,29.39,16,6721632,72.28,22,6157839,66.22,15,4512767,48.53,16,846022,9.1
2022-12-12,3.82,66.78,29.39,15,6721647,72.28,14,6157853,66.22,5,4512772,48.53,0,846022,9.1
2022-12-13,3.87,66.73,29.39,17,6721664,72.28,44,6157897,66.22,18,4512790,48.53,13,846035,9.1
2022-12-14,3.92,66.69,29.39,17,6721681,72.28,16,6157913,66.22,7,4512797,48.53,3,846038,9.1
2022-12-15,3.97,66.64,29.39,22,6721703,72.28,19,6157932,66.22,7,4512804,48.53,12,846050,9.1
2022-12-16,3.98,66.62,29.39,12,6721715,72.28,4,6157936,66.22,1,4512805,48.53,0,846050,9.1
2022-12-17,3.97,66.63,29.39,0,6721715,72.28,0,6157936,66.22,0,4512805,48.53,0,846050,9.1
2022-12-18,4.01,66.59,29.39,9,6721724,72.28,18,6157954,66.22,8,4512813,48.53,3,846053,9.1
2022-12-19,4.06,66.54,29.4,7,6721731,72.28,14,6157968,66.22,12,4512825,48.53,1,846054,9.1
2022-12-20,4.1,66.51,29.39,12,6721743,72.28,17,6157985,66.22,2,4512827,48.53,2,846056,9.1
2022-12-21,4.14,66.47,29.39,9,6721752,72.28,14,6157999,66.22,13,4512840,48.53,3,846059,9.1
2022-12-22,4.18,66.42,29.39,4,6721756,72.28,10,6158009,66.22,14,4512854,48.53,1,846060,9.1
2022-12-23,4.19,66.42,29.39,10,6721766,72.28,0,6158009,66.22,2,4512856,48.53,0,846060,9.1
2022-12-24,4.18,66.43,29.39,0,6721766,72.28,0,6158009,66.22,0,4512856,48.53,0,846060,9.1
2022-12-25,4.21,66.4,29.39,6,6721772,72.28,17,6158026,66.22,1,4512857,48.53,2,846062,9.1
2022-12-26,4.24,66.36,29.39,17,6721789,72.28,6,6158032,66.22,13,4512870,48.53,0,846062,9.1
2022-12-27,4.25,66.36,29.39,24,6721813,72.28,24,6158056,66.22,17,4512887,48.53,7,846069,9.1
2022-12-28,4.26,66.34,29.39,17,6721830,72.28,18,6158074,66.22,25,4512912,48.53,64,846133,9.1
2022-12-29,4.28,66.33,29.39,15,6721845,72.28,23,6158097,66.22,14,4512926,48.53,4,846137,9.1
2022-12-30,4.27,66.33,29.4,4,6721849,72.28,5,6158102,66.22,3,4512929,48.53,1,846138,9.1
2022-12-31,4.26,66.35,29.4,0,6721849,72.28,1,6158103,66.22,0,4512929,48.53,0,846138,9.1
2023-01-01,4.27,66.33,29.4,6,6721855,72.28,22,6158125,66.22,2,4512931,48.53,1,846139,9.1
2023-01-02,4.29,66.31,29.4,10,6721865,72.28,8,6158133,66.22,3,4512934,48.53,1,846140,9.1
2023-01-03,4.3,66.3,29.4,20,6721885,72.28,17,6158150,66.22,7,4512941,48.53,3,846143,9.1
2023-01-04,4.3,66.3,29.4,7,6721892,72.28,11,6158161,66.22,4,4512945,48.53,2,846145,9.1
2023-01-05,4.31,66.29,29.39,12,6721904,72.28,19,6158180,66.22,11,4512956,48.53,4,846149,9.1
2023-01-06,4.31,66.29,29.4,2,6721906,72.28,1,6158181,66.22,1,4512957,48.53,0,846149,9.1
2023-01-07,4.3,66.31,29.4,1,6721907,72.28,0,6158181,66.22,0,4512957,48.53,0,846149,9.1
2023-01-08,4.33,66.28,29.4,14,6721921,72.28,32,6158213,66.22,10,4512967,48.53,2,846151,9.1
2023-01-09,4.34,66.26,29.4,12,6721933,72.28,20,6158233,66.22,1,4512968,48.53,1,846152,9.1
2023-01-10,4.35,66.25,29.4,39,6721972,72.28,27,6158260,66.22,10,4512978,48.53,4,846156,9.1
2023-01-11,4.36,66.25,29.4,14,6721986,72.28,18,6158278,66.22,11,4512989,48.53,2,846158,9.1
2023-01-12,4.37,66.24,29.39,22,6722008,72.29,20,6158298,66.22,11,4513000,48.53,2,846160,9.1
2023-01-13,4.36,66.24,29.4,3,6722011,72.29,2,6158300,66.22,0,4513000,48.53,0,846160,9.1
2023-01-14,4.35,66.25,29.4,1,6722012,72.29,0,6158300,66.22,0,4513000,48.53,0,846160,9.1
2023-01-15,4.36,66.24,29.4,17,6722029,72.29,16,6158316,66.22,4,4513004,48.53,3,846163,9.1
2023-01-16,4.38,66.22,29.4,9,6722038,72.29,15,6158331,66.22,6,4513010,48.53,0,846163,9.1
2023-01-17,4.38,66.22,29.4,15,6722053,72.29,14,6158345,66.22,6,4513016,48.53,0,846163,9.1
2023-01-18,4.39,66.21,29.4,7,6722060,72.29,8,6158353,66.22,3,4513019,48.53,1,846164,9.1
2023-01-19,4.4,66.2,29.4,13,6722073,72.29,15,6158368,66.22,2,4513021,48.53,4,846168,9.1
2023-01-20,4.39,66.2,29.4,4,6722077,72.29,2,6158370,66.22,0,4513021,48.53,1,846169,9.1
2023-01-21,4.39,66.21,29.4,0,6722077,72.29,0,6158370,66.22,0,4513021,48.53,0,846169,9.1
2023-01-22,4.4,66.2,29.4,8,6722085,72.29,3,6158373,66.22,8,4513029,48.53,4,846173,9.1
2023-01-23,4.41,66.19,29.4,11,6722096,72.29,5,6158378,66.22,6,4513035,48.53,0,846173,9.1
2023-01-24,4.41,66.19,29.4,21,6722117,72.29,21,6158399,66.22,11,4513046,48.53,2,846175,9.1
2023-01-25,4.41,66.18,29.4,5,6722122,72.29,5,6158404,66.22,0,4513046,48.53,2,846177,9.1
2023-01-26,4.42,66.18,29.4,10,6722132,72.29,15,6158419,66.22,9,4513055,48.53,2,846179,9.1
2023-01-27,4.41,66.18,29.4,0,6722132,72.29,9,6158428,66.22,0,4513055,48.53,0,846179,9.1
2023-01-28,4.41,66.19,29.4,0,6722132,72.29,0,6158428,66.22,0,4513055,48.53,0,846179,9.1
2023-01-29,4.41,66.19,29.41,12,6722144,72.29,8,6158436,66.22,5,4513060,48.53,2,846181,9.1
2023-01-30,4.42,66.17,29.41,9,6722153,72.29,16,6158452,66.22,2,4513062,48.53,1,846182,9.1
2023-01-31,4.42,66.17,29.41,20,6722173,72.29,23,6158475,66.23,3,4513065,48.53,1,846183,9.1
2023-02-01,4.32,64.71,30.96,10,6722183,72.29,11,6158486,66.23,4,4513069,48.53,0,846183,9.1
2023-02-02,4.33,64.71,30.96,14,6722197,72.29,31,6158517,66.23,3,4513072,48.53,0,846183,9.1
2023-02-03,4.32,64.71,30.97,3,6722200,72.29,1,6158518,66.23,0,4513072,48.53,1,846184,9.1
2023-02-04,4.32,64.72,30.97,0,6722200,72.29,0,6158518,66.23,0,4513072,48.53,0,846184,9.1
2023-02-05,4.32,64.71,30.97,15,6722215,72.29,8,6158526,66.23,6,4513078,48.53,4,846188,9.1
2023-02-06,4.33,64.7,30.97,17,6722232,72.29,13,6158539,66.23,4,4513082,48.53,0,846188,9.1
2023-02-07,4.33,64.7,30.97,22,6722254,72.29,22,6158561,66.23,8,4513090,48.53,2,846190,9.1
2023-02-08,4.33,64.7,30.97,15,6722269,72.29,12,6158573,66.23,1,4513091,48.53,0,846190,9.1
2023-02-09,4.33,64.7,30.97,35,6722304,72.29,33,6158606,66.23,5,4513096,48.53,2,846192,9.1
2023-02-10,4.33,64.7,30.97,2,6722306,72.29,3,6158609,66.23,2,4513098,48.53,0,846192,9.1
2023-02-11,4.33,64.7,30.97,2,6722308,72.29,1,6158610,66.23,0,4513098,48.53,0,846192,9.1
2023-02-12,4.33,64.7,30.97,16,6722324,72.29,17,6158627,66.23,3,4513101,48.53,2,846194,9.1
2023-02-13,4.33,64.7,30.97,14,6722338,72.29,20,6158647,66.23,8,4513109,48.53,0,846194,9.1
2023-02-14,4.33,64.7,30.97,20,6722358,72.29,8,6158655,66.23,7,4513116,48.53,5,846199,9.1
2023-02-15,4.33,64.7,30.97,10,6722368,72.29,15,6158670,66.23,3,4513119,48.53,0,846199,9.1
2023-02-16,4.33,64.7,30.97,22,6722390,72.29,24,6158694,66.23,2,4513121,48.53,0,846199,9.1
2023-02-17,4.33,64.7,30.97,0,6722390,72.29,0,6158694,66.23,0,4513121,48.53,0,846199,9.1
