Date,Valid vaccinated pop. perc.,Expired vaccinated pop. perc.,Not vaccinated pop. perc.,Vaccinated (daily),Vaccinated (cumu),Vaccinated pop. perc.,Second dose (daily),Second dose (cumu),Second dose pop. perc.,Third dose (daily),Third dose (cumu),Third dose pop. perc.,Fourth dose (daily),Fourth dose (cumu),Fourth dose pop. perc.
2020-12-19,0,0,100,46,71,0,0,4,0,0,0,0,0,0,0
2020-12-20,0,0,100,7396,7467,0.08,0,4,0,0,0,0,0,0,0
2020-12-21,0,0,100,24923,32390,0.35,0,4,0,0,0,0,0,0,0
2020-12-22,0,0,100,44668,77058,0.83,0,4,0,0,0,0,0,0,0
2020-12-23,0,0,100,62919,139977,1.51,0,4,0,0,0,0,0,0,0
2020-12-24,0,0,100,73430,213407,2.29,0,4,0,0,0,0,0,0,0
2020-12-25,0,0,100,38517,251924,2.71,0,4,0,0,0,0,0,0,0
2020-12-26,0,0,100,32618,284542,3.06,0,4,0,0,0,0,0,0,0
2020-12-27,0,0,100,104575,389117,4.18,0,4,0,0,0,0,0,0,0
2020-12-28,0,0,100,135041,524158,5.64,0,4,0,0,0,0,0,0,0
2020-12-29,0,0,100,156342,680500,7.32,2,6,0,0,0,0,0,0,0
2020-12-30,0,0,100,153192,833692,8.97,0,6,0,0,0,0,0,0,0
2020-12-31,0,0,100,158601,992293,10.67,0,6,0,0,0,0,0,0,0
2021-01-01,0,0,100,71435,1063728,11.44,0,6,0,0,0,0,0,0,0
2021-01-02,0,0,100,71744,1135472,12.21,0,6,0,0,0,0,0,0,0
2021-01-03,0,0,100,149767,1285239,13.82,0,6,0,0,0,0,0,0,0
2021-01-04,0,0,100,152208,1437447,15.46,1,7,0,0,0,0,0,0,0
2021-01-05,0,0,100,125222,1562669,16.8,4,11,0,0,0,0,0,0,0
2021-01-06,0,0,100,103375,1666044,17.92,2,13,0,0,0,0,0,0,0
2021-01-07,0,0,100,116065,1782109,19.16,9,22,0,0,0,0,0,0,0
2021-01-08,0,0,100,66465,1848574,19.88,5,27,0,0,0,0,0,0,0
2021-01-09,0,0,100,44554,1893128,20.36,24,51,0,0,0,0,0,0,0
2021-01-10,0,0,100,37649,1930777,20.76,6001,6052,0.07,0,0,0,0,0,0
2021-01-11,0,0,100,21176,1951953,20.99,19264,25316,0.27,0,0,0,0,0,0
2021-01-12,0,0,100,24075,1976028,21.25,35674,60990,0.66,0,0,0,0,0,0
2021-01-13,0,0,100,52079,2028107,21.81,56874,117864,1.27,0,0,0,0,0,0
2021-01-14,0,0,100,56480,2084587,22.42,68838,186702,2.01,0,0,0,0,0,0
2021-01-15,0,0,100,30776,2115363,22.75,35942,222644,2.39,0,0,0,0,0,0
2021-01-16,0,0,100,29481,2144844,23.06,26007,248651,2.67,0,0,0,0,0,0
2021-01-17,0.31,0,99.69,68446,2213290,23.8,84598,333249,3.58,0,0,0,0,0,0
2021-01-18,0.58,0,99.42,69820,2283110,24.55,120437,453686,4.88,0,0,0,0,0,0
2021-01-19,1.09,0,98.91,72896,2356006,25.34,137852,591538,6.36,0,0,0,0,0,0
2021-01-20,1.9,0,98.1,76919,2432925,26.16,143769,735307,7.91,0,0,0,0,0,0
2021-01-21,2.88,0,97.12,70010,2502935,26.92,164477,899784,9.68,0,0,0,0,0,0
2021-01-22,3.39,0,96.61,37933,2540868,27.32,71134,970918,10.44,0,0,0,0,0,0
2021-01-23,3.77,0,96.23,39965,2580833,27.75,53596,1024514,11.02,0,0,0,0,0,0
2021-01-24,4.96,0,95.04,69147,2649980,28.5,140711,1165225,12.53,0,0,0,0,0,0
2021-01-25,6.61,0,93.39,80943,2730923,29.37,139523,1304748,14.03,0,0,0,0,0,0
2021-01-26,8.45,0,91.55,78737,2809660,30.21,126446,1431194,15.39,0,0,0,0,0,0
2021-01-27,10.34,0,89.66,77983,2887643,31.05,125073,1556267,16.74,0,0,0,0,0,0
2021-01-28,12.43,0,87.57,79570,2967213,31.91,130633,1686900,18.14,0,0,0,0,0,0
2021-01-29,13.34,0,86.66,36704,3003917,32.3,64794,1751694,18.84,0,0,0,0,0,0
2021-01-30,14.02,0,85.98,34395,3038312,32.67,42767,1794461,19.3,0,0,0,0,0,0
2021-01-31,15.76,0,84.24,73331,3111643,33.46,59504,1853965,19.94,0,0,0,0,0,0
2021-02-01,17.48,0,82.52,82514,3194157,34.35,35357,1889322,20.32,0,0,0,0,0,0
2021-02-02,19.01,0,80.99,70107,3264264,35.1,31074,1920396,20.65,0,0,0,0,0,0
2021-02-03,20.47,0,79.53,60308,3324572,35.75,51445,1971841,21.2,0,0,0,0,0,0
2021-02-04,22,0,78,72640,3397212,36.53,58096,2029937,21.83,0,0,0,0,0,0
2021-02-05,22.75,0,77.25,33947,3431159,36.9,28807,2058744,22.14,0,0,0,0,0,0
2021-02-06,23.23,0,76.77,21622,3452781,37.13,22233,2080977,22.38,0,0,0,0,0,0
2021-02-07,23.99,0,76.01,54081,3506862,37.71,68745,2149722,23.12,0,0,0,0,0,0
2021-02-08,24.52,0,75.48,58644,3565506,38.34,65468,2215190,23.82,0,0,0,0,0,0
2021-02-09,25.04,0,74.96,66360,3631866,39.06,67579,2282769,24.55,0,0,0,0,0,0
2021-02-10,25.77,0,74.23,70571,3702437,39.81,72316,2355085,25.33,0,0,0,0,0,0
2021-02-11,26.61,0,73.39,81175,3783612,40.69,72114,2427199,26.1,0,0,0,0,0,0
2021-02-12,27.02,0,72.98,39111,3822723,41.11,37600,2464799,26.51,0,0,0,0,0,0
2021-02-13,27.33,0,72.67,27465,3850188,41.4,30441,2495240,26.83,0,0,0,0,0,0
2021-02-14,28.25,0,71.75,74917,3925105,42.21,69085,2564325,27.58,0,0,0,0,0,0
2021-02-15,29.17,0,70.83,81549,4006654,43.09,75722,2640047,28.39,0,0,0,0,0,0
2021-02-16,30.11,0,69.89,83423,4090077,43.98,78301,2718348,29.23,0,0,0,0,0,0
2021-02-17,31.01,0,68.99,61984,4152061,44.65,75646,2793994,30.05,0,0,0,0,0,0
2021-02-18,31.94,0,68.06,69159,4221220,45.39,79739,2873733,30.9,0,0,0,0,0,0
2021-02-19,32.45,0,67.55,39676,4260896,45.82,38162,2911895,31.31,0,0,0,0,0,0
2021-02-20,32.85,0,67.15,31652,4292548,46.16,28723,2940618,31.62,0,0,0,0,0,0
2021-02-21,33.8,0,66.2,79436,4371984,47.01,78446,3019064,32.47,0,0,0,0,0,0
2021-02-22,34.83,0,65.17,85056,4457040,47.93,80600,3099664,33.33,0,0,0,0,0,0
2021-02-23,35.84,0,64.16,77332,4534372,48.76,70486,3170150,34.09,0,0,0,0,0,0
2021-02-24,36.76,0,63.24,61067,4595439,49.42,63144,3233294,34.77,0,0,0,0,0,0
2021-02-25,37.66,0,62.34,51730,4647169,49.97,64810,3298104,35.47,0,0,0,0,0,0
2021-02-26,38.1,0,61.9,25913,4673082,50.25,32046,3330150,35.81,0,0,0,0,0,0
2021-02-27,38.42,0,61.58,18353,4691435,50.45,21197,3351347,36.04,0,0,0,0,0,0
2021-02-28,39.24,0,60.76,40365,4731800,50.88,55874,3407221,36.64,0,0,0,0,0,0
2021-03-01,40.1,0,59.9,45752,4777552,51.38,61445,3468666,37.3,0,0,0,0,0,0
2021-03-02,40.85,0,59.15,41202,4818754,51.82,64802,3533468,38,0,0,0,0,0,0
2021-03-03,41.55,0,58.45,42035,4860789,52.27,66794,3600262,38.72,0,0,0,0,0,0
2021-03-04,42.24,0,57.76,39722,4900511,52.7,79126,3679388,39.57,0,0,0,0,0,0
2021-03-05,42.57,0,57.43,17369,4917880,52.88,40471,3719859,40,0,0,0,0,0,0
2021-03-06,42.78,0,57.22,10722,4928602,53,25349,3745208,40.27,0,0,0,0,0,0
2021-03-07,43.36,0,56.64,31156,4959758,53.33,72847,3818055,41.06,0,0,0,0,0,0
2021-03-08,43.97,0,56.03,27387,4987145,53.63,73296,3891351,41.85,0,0,0,0,0,0
2021-03-09,44.62,0,55.38,26756,5013901,53.92,76605,3967956,42.67,0,0,0,0,0,0
2021-03-10,45.27,0,54.73,23373,5037274,54.17,58685,4026641,43.3,0,0,0,0,0,0
2021-03-11,45.99,0,54.01,23308,5060582,54.42,69098,4095739,44.04,0,0,0,0,0,0
2021-03-12,46.34,0,53.66,11296,5071878,54.54,41418,4137157,44.49,0,0,0,0,0,0
2021-03-13,46.57,0,53.43,7954,5079832,54.63,25240,4162397,44.76,0,0,0,0,0,0
2021-03-14,47.2,0,52.8,20991,5100823,54.85,73936,4236333,45.56,0,0,0,0,0,0
2021-03-15,47.81,0,52.19,20152,5120975,55.07,78281,4314614,46.4,0,0,0,0,0,0
2021-03-16,48.43,0,51.57,18760,5139735,55.27,71481,4386095,47.17,0,0,0,0,0,0
2021-03-17,48.92,0,51.08,17705,5157440,55.46,59010,4445105,47.8,0,0,0,0,0,0
2021-03-18,49.45,0,50.55,16050,5173490,55.63,58126,4503231,48.43,0,0,0,0,0,0
2021-03-19,49.75,0,50.25,6958,5180448,55.71,27981,4531212,48.73,0,0,0,0,0,0
2021-03-20,49.93,0,50.07,5228,5185676,55.76,15302,4546514,48.89,0,0,0,0,0,0
2021-03-21,50.46,0,49.54,13172,5198848,55.91,40511,4587025,49.33,0,0,0,0,0,0
2021-03-22,51,0,49,13583,5212431,56.05,40542,4627567,49.76,0,0,0,0,0,0
2021-03-23,51.43,0,48.57,2846,5215277,56.08,7303,4634870,49.84,0,0,0,0,0,0
2021-03-24,51.84,0,48.16,11006,5226283,56.2,46560,4681430,50.34,0,0,0,0,0,0
2021-03-25,52.22,0,47.78,10274,5236557,56.31,35440,4716870,50.72,0,0,0,0,0,0
2021-03-26,52.4,0,47.6,4186,5240743,56.36,13334,4730204,50.87,0,0,0,0,0,0
2021-03-27,52.5,0,47.5,1787,5242530,56.38,4269,4734473,50.91,0,0,0,0,0,0
2021-03-28,52.74,0,47.26,2114,5244644,56.4,4611,4739084,50.96,0,0,0,0,0,0
2021-03-29,53,0,47,6918,5251562,56.47,30017,4769101,51.28,0,0,0,0,0,0
2021-03-30,53.08,0,46.92,7897,5259459,56.56,22455,4791556,51.53,0,0,0,0,0,0
2021-03-31,53.38,0,46.62,8154,5267613,56.65,19502,4811058,51.74,0,0,0,0,0,0
2021-04-01,53.62,0,46.38,8222,5275835,56.73,18704,4829762,51.94,0,0,0,0,0,0
2021-04-02,53.71,0,46.29,2946,5278781,56.77,8131,4837893,52.02,0,0,0,0,0,0
2021-04-03,53.74,0,46.26,1432,5280213,56.78,2983,4840876,52.06,0,0,0,0,0,0
2021-04-04,53.82,0,46.18,9618,5289831,56.88,22832,4863708,52.3,0,0,0,0,0,0
2021-04-05,54.04,0,45.96,10364,5300195,57,21278,4884986,52.53,0,0,0,0,0,0
2021-04-06,54.21,0,45.79,9035,5309230,57.09,16795,4901781,52.71,0,0,0,0,0,0
2021-04-07,54.36,0,45.64,8934,5318164,57.19,15314,4917095,52.88,0,0,0,0,0,0
2021-04-08,54.52,0,45.48,9430,5327594,57.29,17018,4934113,53.06,0,0,0,0,0,0
2021-04-09,54.58,0,45.42,3609,5331203,57.33,6259,4940372,53.13,0,0,0,0,0,0
2021-04-10,54.61,0,45.39,1636,5332839,57.35,3523,4943895,53.16,0,0,0,0,0,0
2021-04-11,54.78,0,45.22,9045,5341884,57.44,14249,4958144,53.32,0,0,0,0,0,0
2021-04-12,54.95,0,45.05,8937,5350821,57.54,13236,4971380,53.46,0,0,0,0,0,0
2021-04-13,55.08,0,44.92,5841,5356662,57.6,4960,4976340,53.51,0,0,0,0,0,0
2021-04-14,55.18,0,44.82,3650,5360312,57.64,5311,4981651,53.57,0,0,0,0,0,0
2021-04-15,55.27,0,44.73,698,5361010,57.65,583,4982234,53.58,0,0,0,0,0,0
2021-04-16,55.33,0,44.67,3420,5364430,57.69,6652,4988886,53.65,0,0,0,0,0,0
2021-04-17,55.35,0,44.65,822,5365252,57.7,1973,4990859,53.67,0,0,0,0,0,0
2021-04-18,55.47,0,44.53,7099,5372351,57.77,7433,4998292,53.75,0,0,0,0,0,0
2021-04-19,55.58,0,44.42,6407,5378758,57.84,7134,5005426,53.83,0,0,0,0,0,0
2021-04-20,55.65,0,44.35,6287,5385045,57.91,6889,5012315,53.9,0,0,0,0,0,0
2021-04-21,55.71,0,44.29,6381,5391426,57.98,7112,5019427,53.98,0,0,0,0,0,0
2021-04-22,55.75,0,44.25,5952,5397378,58.04,7691,5027118,54.06,0,0,0,0,0,0
2021-04-23,55.8,0,44.2,2768,5400146,58.07,3391,5030509,54.1,0,0,0,0,0,0
2021-04-24,55.82,0,44.18,768,5400914,58.08,1290,5031799,54.11,0,0,0,0,0,0
2021-04-25,55.89,0,44.11,4829,5405743,58.13,6925,5038724,54.18,0,0,0,0,0,0
2021-04-26,55.96,0,44.04,5479,5411222,58.19,7889,5046613,54.27,0,0,0,0,0,0
2021-04-27,56.03,0,43.97,4507,5415729,58.24,6627,5053240,54.34,0,0,0,0,0,0
2021-04-28,56.09,0,43.91,4501,5420230,58.29,7336,5060576,54.42,0,0,0,0,0,0
2021-04-29,56.16,0,43.84,4378,5424608,58.33,7296,5067872,54.5,0,0,0,0,0,0
2021-04-30,56.19,0,43.81,1925,5426533,58.35,3202,5071074,54.53,0,0,0,0,0,0
2021-05-01,56.2,0,43.8,458,5426991,58.36,895,5071969,54.54,0,0,0,0,0,0
2021-05-02,56.26,0,43.74,3225,5430216,58.39,6092,5078061,54.61,0,0,0,0,0,0
2021-05-03,56.32,0,43.68,3535,5433751,58.43,5835,5083896,54.67,0,0,0,0,0,0
2021-05-04,56.38,0,43.62,3593,5437344,58.47,4738,5088634,54.72,0,0,0,0,0,0
2021-05-05,56.44,0,43.56,3292,5440636,58.51,4093,5092727,54.76,0,0,0,0,0,0
2021-05-06,56.5,0,43.5,3646,5444282,58.55,3144,5095871,54.8,0,0,0,0,0,0
2021-05-07,56.52,0,43.48,1847,5446129,58.56,2509,5098380,54.83,0,0,0,0,0,0
2021-05-08,56.53,0,43.47,244,5446373,58.57,507,5098887,54.83,0,0,0,0,0,0
2021-05-09,56.58,0,43.42,2851,5449224,58.6,4751,5103638,54.88,0,0,0,0,0,0
2021-05-10,56.63,0,43.37,2897,5452121,58.63,4715,5108353,54.93,0,0,0,0,0,0
2021-05-11,56.67,0,43.33,2622,5454743,58.66,3881,5112234,54.97,0,0,0,0,0,0
2021-05-12,56.7,0,43.3,2034,5456777,58.68,3342,5115576,55.01,0,0,0,0,0,0
2021-05-13,56.73,0,43.27,2043,5458820,58.7,3688,5119264,55.05,0,0,0,0,0,0
2021-05-14,56.75,0,43.25,978,5459798,58.71,1495,5120759,55.07,0,0,0,0,0,0
2021-05-15,56.75,0,43.25,259,5460057,58.71,259,5121018,55.07,0,0,0,0,0,0
2021-05-16,56.78,0,43.22,529,5460586,58.72,1206,5122224,55.08,0,0,0,0,0,0
2021-05-17,56.81,0,43.19,303,5460889,58.72,848,5123072,55.09,0,0,0,0,0,0
2021-05-18,56.84,0,43.16,1963,5462852,58.74,4939,5128011,55.14,0,0,0,0,0,0
2021-05-19,56.87,0,43.13,2233,5465085,58.77,5042,5133053,55.2,0,0,0,0,0,0
2021-05-20,56.9,0,43.1,2312,5467397,58.79,3880,5136933,55.24,0,0,0,0,0,0
2021-05-21,56.92,0,43.08,1194,5468591,58.81,1414,5138347,55.26,0,0,0,0,0,0
2021-05-22,56.92,0,43.08,206,5468797,58.81,396,5138743,55.26,0,0,0,0,0,0
2021-05-23,56.94,0,43.06,2272,5471069,58.83,3216,5141959,55.29,0,0,0,0,0,0
2021-05-24,56.96,0,43.04,2140,5473209,58.86,3597,5145556,55.33,0,0,0,0,0,0
2021-05-25,56.99,0,43.01,1822,5475031,58.88,2588,5148144,55.36,0,0,0,0,0,0
2021-05-26,57.03,0,42.97,1415,5476446,58.89,2504,5150648,55.39,0,0,0,0,0,0
2021-05-27,57.06,0,42.94,1865,5478311,58.91,3189,5153837,55.42,0,0,0,0,0,0
2021-05-28,57.07,0,42.93,794,5479105,58.92,1406,5155243,55.44,0,0,0,0,0,0
2021-05-29,57.07,0,42.93,192,5479297,58.92,226,5155469,55.44,0,0,0,0,0,0
2021-05-30,57.1,0,42.9,1645,5480942,58.94,1937,5157406,55.46,0,0,0,0,0,0
2021-05-31,57.13,0,42.87,1740,5482682,58.96,2093,5159499,55.48,0,0,0,0,0,0
2021-06-01,57.47,0,42.53,1385,5484067,58.97,1823,5161322,55.5,0,0,0,0,0,0
2021-06-02,57.25,0,42.75,1514,5485581,58.99,1610,5162932,55.52,0,0,0,0,0,0
2021-06-03,57.27,0,42.73,1685,5487266,59.01,1495,5164427,55.54,0,0,0,0,0,0
2021-06-04,57.28,0,42.72,1102,5488368,59.02,784,5165211,55.54,0,0,0,0,0,0
2021-06-05,57.29,0,42.71,184,5488552,59.02,159,5165370,55.55,0,0,0,0,0,0
2021-06-06,57.31,0,42.69,4293,5492845,59.07,1002,5166372,55.56,0,0,0,0,0,0
2021-06-07,57.34,0,42.66,4440,5497285,59.12,814,5167186,55.57,0,0,0,0,0,0
2021-06-08,57.36,0,42.64,3739,5501024,59.16,1175,5168361,55.58,0,0,0,0,0,0
2021-06-09,57.4,0,42.6,3615,5504639,59.19,1331,5169692,55.59,0,0,0,0,0,0
2021-06-10,57.42,0,42.58,3364,5508003,59.23,1300,5170992,55.61,0,0,0,0,0,0
2021-06-11,57.43,0,42.57,1401,5509404,59.25,590,5171582,55.61,0,0,0,0,0,0
2021-06-12,57.43,0,42.57,222,5509626,59.25,173,5171755,55.61,0,0,0,0,0,0
2021-06-13,57.45,0,42.55,3101,5512727,59.28,1260,5173015,55.63,0,0,0,0,0,0
2021-06-14,57.46,0,42.54,3057,5515784,59.31,1534,5174549,55.64,0,0,0,0,0,0
2021-06-15,57.48,0,42.52,3137,5518921,59.35,1378,5175927,55.66,0,0,0,0,0,0
2021-06-16,57.49,0,42.51,2734,5521655,59.38,1004,5176931,55.67,0,0,0,0,0,0
2021-06-17,57.51,0,42.49,2733,5524388,59.41,1209,5178140,55.68,0,0,0,0,0,0
2021-06-18,57.52,0,42.48,1270,5525658,59.42,506,5178646,55.69,0,0,0,0,0,0
2021-06-19,57.52,0,42.48,242,5525900,59.42,139,5178785,55.69,0,0,0,0,0,0
2021-06-20,57.54,0,42.46,3316,5529216,59.46,1332,5180117,55.7,0,0,0,0,0,0
2021-06-21,57.56,0,42.44,5250,5534466,59.51,1218,5181335,55.72,0,0,0,0,0,0
2021-06-22,57.58,0,42.42,6935,5541401,59.59,1101,5182436,55.73,0,0,0,0,0,0
2021-06-23,57.6,0,42.4,10762,5552163,59.71,1303,5183739,55.74,0,0,0,0,0,0
2021-06-24,57.62,0,42.38,12051,5564214,59.83,1466,5185205,55.76,0,0,0,0,0,0
2021-06-25,57.62,0,42.38,7117,5571331,59.91,945,5186150,55.77,0,0,0,0,0,0
2021-06-26,57.63,0,42.37,2278,5573609,59.94,200,5186350,55.77,0,0,0,0,0,0
2021-06-27,57.65,0,42.35,13633,5587242,60.08,3438,5189788,55.81,0,0,0,0,0,0
2021-06-28,57.68,0,42.32,14518,5601760,60.24,3675,5193463,55.85,0,0,0,0,0,0
2021-06-29,57.69,0,42.31,16711,5618471,60.42,3745,5197208,55.89,0,0,0,0,0,0
2021-06-30,57.72,0,42.28,16487,5634958,60.6,3397,5200605,55.92,0,0,0,0,0,0
2021-07-01,57.78,0,42.22,16837,5651795,60.78,3381,5203986,55.96,121,121,0,0,0,0
2021-07-02,57.79,0,42.21,9836,5661631,60.88,1609,5205595,55.98,7,128,0,0,0,0
2021-07-03,57.79,0,42.21,2678,5664309,60.91,300,5205895,55.98,1,129,0,0,0,0
2021-07-04,57.85,0,42.15,17735,5682044,61.1,3161,5209056,56.02,2,131,0,0,0,0
2021-07-05,57.91,0,42.09,17850,5699894,61.29,3046,5212102,56.05,7,138,0,0,0,0
2021-07-06,57.99,0,42.01,17848,5717742,61.49,3412,5215514,56.09,11,149,0,0,0,0
2021-07-07,58.05,0,41.95,15533,5733275,61.65,2703,5218217,56.11,12,161,0,0,0,0
2021-07-08,58.12,0,41.88,16590,5749865,61.83,2881,5221098,56.15,17,178,0,0,0,0
2021-07-09,58.15,0,41.85,11125,5760990,61.95,1535,5222633,56.16,4,182,0,0,0,0
2021-07-10,58.15,0,41.85,4989,5765979,62,391,5223024,56.17,6,188,0,0,0,0
2021-07-11,58.22,0,41.78,1456,5767435,62.02,2847,5225871,56.2,9,197,0,0,0,0
2021-07-12,58.29,0,41.71,2427,5769862,62.05,3696,5229567,56.24,57,254,0,0,0,0
2021-07-13,58.36,0,41.64,2965,5772827,62.08,5460,5235027,56.29,124,378,0,0,0,0
2021-07-14,58.42,0,41.58,2747,5775574,62.11,7536,5242563,56.38,441,819,0.01,0,0,0
2021-07-15,58.5,0,41.5,3010,5778584,62.14,9302,5251865,56.48,374,1193,0.01,0,0,0
2021-07-16,58.54,0,41.46,1296,5779880,62.15,5898,5257763,56.54,66,1259,0.01,0,0,0
2021-07-17,58.55,0,41.44,372,5780252,62.16,1393,5259156,56.55,8,1267,0.01,0,0,0
2021-07-18,58.6,0,41.4,2074,5782326,62.18,9770,5268926,56.66,235,1502,0.02,0,0,0
2021-07-19,58.65,0,41.35,3212,5785538,62.21,11346,5280272,56.78,461,1963,0.02,0,0,0
2021-07-20,58.72,0,41.28,2691,5788229,62.24,11914,5292186,56.91,374,2337,0.03,0,0,0
2021-07-21,58.81,0,41.19,2408,5790637,62.27,11880,5304066,57.04,325,2662,0.03,0,0,0
2021-07-22,58.93,0,41.07,2878,5793515,62.3,13280,5317346,57.18,391,3053,0.03,0,0,0
2021-07-23,58.99,0,41.01,2038,5795553,62.32,8250,5325596,57.27,106,3159,0.03,0,0,0
2021-07-24,58.99,0,41,645,5796198,62.33,1486,5327082,57.28,7,3166,0.03,0,0,0
2021-07-25,59.1,0,40.89,4417,5800615,62.38,15499,5342581,57.45,223,3389,0.04,0,0,0
2021-07-26,59.24,0,40.75,5173,5805788,62.43,13533,5356114,57.6,325,3714,0.04,0,0,0
2021-07-27,59.37,0.01,40.62,5493,5811281,62.49,13579,5369693,57.74,414,4128,0.04,0,0,0
2021-07-28,59.5,0.01,40.49,3990,5815271,62.53,12345,5382038,57.88,472,4600,0.05,0,0,0
2021-07-29,59.65,0.01,40.33,4665,5819936,62.58,14203,5396241,58.03,532,5132,0.06,0,0,0
2021-07-30,59.74,0.02,40.25,2658,5822594,62.61,10856,5407097,58.15,4122,9254,0.1,0,0,0
2021-07-31,59.75,0.02,40.23,1407,5824001,62.63,3554,5410651,58.18,6159,15413,0.17,0,0,0
2021-08-01,59.91,0.02,40.06,3078,5827079,62.66,3366,5414017,58.22,31048,46461,0.5,0,0,0
2021-08-02,60.06,0.03,39.91,3134,5830213,62.7,3176,5417193,58.25,58514,104975,1.13,0,0,0
2021-08-03,60.21,0.03,39.76,3387,5833600,62.73,3330,5420523,58.29,78954,183929,1.98,0,0,0
2021-08-04,60.34,0.03,39.63,3534,5837134,62.77,3255,5423778,58.32,80765,264694,2.85,0,0,0
2021-08-05,60.49,0.04,39.47,4515,5841649,62.82,3570,5427348,58.36,88442,353136,3.8,0,0,0
2021-08-06,60.6,0.04,39.36,2437,5844086,62.84,1863,5429211,58.38,44744,397880,4.28,0,0,0
2021-08-07,60.63,0.04,39.32,1034,5845120,62.86,701,5429912,58.39,27353,425233,4.57,0,0,0
2021-08-08,60.68,0.04,39.28,4991,5850111,62.91,3082,5432994,58.42,80087,505320,5.43,0,0,0
2021-08-09,60.72,0.04,39.24,5341,5855452,62.97,3064,5436058,58.46,76489,581809,6.26,0,0,0
2021-08-10,60.75,0.04,39.2,5554,5861006,63.03,3209,5439267,58.49,75427,657236,7.07,0,0,0
2021-08-11,60.79,0.04,39.17,5696,5866702,63.09,2949,5442216,58.52,62642,719878,7.74,0,0,0
2021-08-12,60.83,0.04,39.12,7039,5873741,63.16,3291,5445507,58.56,59462,779340,8.38,0,0,0
2021-08-13,60.84,0.05,39.11,3821,5877562,63.2,2074,5447581,58.58,43870,823210,8.85,0,0,0
2021-08-14,60.85,0.05,39.1,2255,5879817,63.23,853,5448434,58.59,44486,867696,9.33,0,0,0
2021-08-15,60.89,0.05,39.06,7145,5886962,63.31,4531,5452965,58.64,97985,965681,10.38,0,0,0
2021-08-16,60.92,0.04,39.03,6991,5893953,63.38,4749,5457714,58.69,89522,1055203,11.35,0,0,0
2021-08-17,60.96,0.04,39,7573,5901526,63.46,5138,5462852,58.74,83320,1138523,12.24,0,0,0
2021-08-18,60.99,0.04,38.96,8642,5910168,63.55,4603,5467455,58.79,69269,1207792,12.99,0,0,0
2021-08-19,61.03,0.04,38.92,10082,5920250,63.66,5217,5472672,58.85,65976,1273768,13.7,0,0,0
2021-08-20,61.05,0.05,38.9,4768,5925018,63.71,2827,5475499,58.88,60454,1334222,14.35,0,0,0
2021-08-21,61.06,0.05,38.89,3499,5928517,63.75,1580,5477079,58.9,50725,1384947,14.89,0,0,0
2021-08-22,61.12,0.04,38.84,9824,5938341,63.86,4808,5481887,58.95,105111,1490058,16.02,0,0,0
2021-08-23,61.17,0.04,38.79,10923,5949264,63.98,4448,5486335,59,94034,1584092,17.03,0,0,0
2021-08-24,61.23,0.04,38.73,11724,5960988,64.1,4701,5491036,59.05,98558,1682650,18.09,0,0,0
2021-08-25,61.29,0.04,38.67,9612,5970600,64.2,4484,5495520,59.1,99559,1782209,19.16,0,0,0
2021-08-26,61.36,0.03,38.61,10110,5980710,64.31,5059,5500579,59.15,101231,1883440,20.25,0,0,0
2021-08-27,61.35,0.04,38.61,4325,5985035,64.36,2788,5503367,59.18,56696,1940136,20.86,0,0,0
2021-08-28,61.4,0.04,38.57,3702,5988737,64.4,1500,5504867,59.2,33540,1973676,21.22,0,0,0
2021-08-29,61.46,0.03,38.5,10323,5999060,64.51,5932,5510799,59.26,79550,2053226,22.08,0,0,0
2021-08-30,61.53,0.03,38.44,12334,6011394,64.64,7017,5517816,59.34,116009,2169235,23.33,0,0,0
2021-08-31,61.6,0.03,38.37,12076,6023470,64.77,6529,5524345,59.41,114881,2284116,24.56,0,0,0
2021-09-01,61.43,0.03,38.54,9034,6032504,64.87,6043,5530388,59.47,112492,2396608,25.77,0,0,0
2021-09-02,61.49,0.03,38.48,8784,6041288,64.96,7183,5537571,59.55,111545,2508153,26.97,0,0,0
2021-09-03,61.56,0.03,38.42,3751,6045039,65.01,4117,5541688,59.59,58886,2567039,27.6,0,0,0
2021-09-04,61.59,0.03,38.38,2691,6047730,65.03,2023,5543711,59.61,29953,2596992,27.93,0,0,0
2021-09-05,61.68,0.03,38.29,6991,6054721,65.11,6460,5550171,59.68,73326,2670318,28.72,0,0,0
2021-09-06,61.77,0.03,38.2,2836,6057557,65.14,2718,5552889,59.71,22800,2693118,28.96,0,0,0
2021-09-07,61.85,0.03,38.12,1202,6058759,65.15,879,5553768,59.72,5398,2698516,29.02,0,0,0
2021-09-08,61.93,0.03,38.05,1380,6060139,65.17,1196,5554964,59.74,6621,2705137,29.09,0,0,0
2021-09-09,62.02,0.03,37.95,7092,6067231,65.24,12573,5567537,59.87,73847,2778984,29.88,0,0,0
2021-09-10,62.06,0.03,37.91,3258,6070489,65.28,5016,5572553,59.92,37938,2816922,30.29,0,0,0
2021-09-11,62.08,0.03,37.89,2108,6072597,65.3,2509,5575062,59.95,14817,2831739,30.45,0,0,0
2021-09-12,62.16,0.03,37.81,6105,6078702,65.37,8589,5583651,60.04,54137,2885876,31.03,0,0,0
2021-09-13,62.15,0.03,37.82,5611,6084313,65.43,8265,5591916,60.13,47983,2933859,31.55,0,0,0
2021-09-14,62.2,0.03,37.77,4964,6089277,65.48,7424,5599340,60.21,48855,2982714,32.07,0,0,0
2021-09-15,62.25,0.03,37.72,1750,6091027,65.5,2718,5602058,60.24,16687,2999401,32.25,0,0,0
2021-09-16,62.37,0.03,37.6,343,6091370,65.5,550,5602608,60.25,1740,3001141,32.27,0,0,0
2021-09-17,62.42,0.03,37.54,3683,6095053,65.54,7022,5609630,60.32,42905,3044046,32.73,0,0,0
2021-09-18,62.45,0.03,37.52,2258,6097311,65.57,2946,5612576,60.35,12783,3056829,32.87,0,0,0
2021-09-19,62.55,0.03,37.42,5943,6103254,65.63,10712,5623288,60.47,44331,3101160,33.35,0,0,0
2021-09-20,62.63,0.03,37.34,3246,6106500,65.67,4646,5627934,60.52,16708,3117868,33.53,0,0,0
2021-09-21,62.69,0.03,37.28,1340,6107840,65.68,2066,5630000,60.54,3477,3121345,33.57,0,0,0
2021-09-22,62.72,0.03,37.25,4260,6112100,65.73,7250,5637250,60.62,25072,3146417,33.84,0,0,0
2021-09-23,62.75,0.03,37.22,4391,6116491,65.77,5916,5643166,60.68,27834,3174251,34.13,0,0,0
2021-09-24,62.82,0.03,37.15,3202,6119693,65.81,4185,5647351,60.73,27724,3201975,34.43,0,0,0
2021-09-25,62.85,0.03,37.12,2081,6121774,65.83,2263,5649614,60.75,10443,3212418,34.54,0,0,0
2021-09-26,62.96,0.03,37,5605,6127379,65.89,5973,5655587,60.82,36270,3248688,34.93,0,0,0
2021-09-27,63.02,0.03,36.94,4696,6132075,65.94,4469,5660056,60.87,30457,3279145,35.26,0,0,0
2021-09-28,63.06,0.04,36.91,1473,6133548,65.96,1185,5661241,60.88,6249,3285394,35.33,0,0,0
2021-09-29,63.13,0.03,36.84,9622,6143170,66.06,8349,5669590,60.97,60325,3345719,35.98,0,0,0
2021-09-30,63.18,0.03,36.79,10976,6154146,66.18,8579,5678169,61.06,79703,3425422,36.84,0,0,0
2021-10-01,63.23,0.03,36.73,5128,6159274,66.23,3875,5682044,61.1,46546,3471968,37.34,0,0,0
2021-10-02,63.26,0.03,36.71,2865,6162139,66.26,2127,5684171,61.12,22433,3494401,37.58,0,0,0
2021-10-03,63.35,0.03,36.62,11668,6173807,66.39,7275,5691446,61.2,70726,3565127,38.34,0,0,0
2021-10-04,63.4,0.03,36.57,10320,6184127,66.5,6759,5698205,61.28,51913,3617040,38.9,0,0,0
2021-10-05,63.41,0.03,36.55,8461,6192588,66.59,5314,5703519,61.33,40479,3657519,39.33,0,0,0
2021-10-06,63.52,0.03,36.45,7543,6200131,66.67,4185,5707704,61.38,34150,3691669,39.7,0,0,0
2021-10-07,63.63,0.03,36.34,6896,6207027,66.75,4010,5711714,61.42,34069,3725738,40.06,0,0,0
2021-10-08,63.68,0.03,36.29,3086,6210113,66.78,2644,5714358,61.45,19250,3744988,40.27,0,0,0
2021-10-09,63.71,0.03,36.26,1341,6211454,66.79,1444,5715802,61.46,7441,3752429,40.35,0,0,0
2021-10-10,63.82,0.04,36.14,4677,6216131,66.85,3748,5719550,61.51,21519,3773948,40.58,0,0,0
2021-10-11,63.91,0.04,36.05,4299,6220430,66.89,2946,5722496,61.54,17270,3791218,40.77,0,0,0
2021-10-12,63.99,0.05,35.96,3977,6224407,66.93,3007,5725503,61.57,15357,3806575,40.93,0,0,0
2021-10-13,64.09,0.05,35.86,3487,6227894,66.97,2451,5727954,61.6,13587,3820162,41.08,0,0,0
2021-10-14,64.19,0.06,35.75,3870,6231764,67.01,2685,5730639,61.62,16568,3836730,41.26,0,0,0
2021-10-15,64.23,0.07,35.7,1703,6233467,67.03,1685,5732324,61.64,9011,3845741,41.36,0,0,0
2021-10-16,64.25,0.08,35.67,729,6234196,67.04,957,5733281,61.65,4035,3849776,41.4,0,0,0
2021-10-17,64.36,0.09,35.56,3090,6237286,67.07,2526,5735807,61.68,12798,3862574,41.54,0,0,0
2021-10-18,64.43,0.1,35.47,2460,6239746,67.1,1693,5737500,61.7,10069,3872643,41.64,0,0,0
2021-10-19,64.49,0.1,35.4,2399,6242145,67.12,1284,5738784,61.71,9295,3881938,41.74,0,0,0
2021-10-20,64.14,0.52,35.34,2436,6244581,67.15,2304,5741088,61.74,10103,3892041,41.85,0,0,0
2021-10-21,54.23,10.41,35.36,3034,6247615,67.18,3097,5744185,61.77,12163,3904204,41.98,0,0,0
2021-10-22,54.36,10.26,35.38,1279,6248894,67.2,1437,5745622,61.79,5840,3910044,42.05,0,0,0
2021-10-23,54.42,10.19,35.39,575,6249469,67.2,1266,5746888,61.8,2564,3912608,42.07,0,0,0
2021-10-24,54.22,10.43,35.35,2518,6251987,67.23,2653,5749541,61.83,9855,3922463,42.18,0,0,0
2021-10-25,54.59,10.22,35.19,2639,6254626,67.26,2752,5752293,61.86,8511,3930974,42.27,0,0,0
2021-10-26,54.64,10.26,35.1,2381,6257007,67.28,2059,5754352,61.88,8529,3939503,42.36,0,0,0
2021-10-27,54.58,10.37,35.06,2292,6259299,67.31,2566,5756918,61.91,7959,3947462,42.45,0,0,0
2021-10-28,54.69,10.76,34.55,2506,6261805,67.34,2782,5759700,61.94,8675,3956137,42.54,0,0,0
2021-10-29,54.73,10.75,34.52,901,6262706,67.35,1154,5760854,61.95,4138,3960275,42.59,0,0,0
2021-10-30,54.68,10.81,34.52,366,6263072,67.35,530,5761384,61.96,1712,3961987,42.61,0,0,0
2021-10-31,54.83,10.7,34.47,2262,6265334,67.37,2495,5763879,61.98,8255,3970242,42.69,0,0,0
2021-11-01,54.95,10.63,34.42,1737,6267071,67.39,2094,5765973,62,6480,3976722,42.76,0,0,0
2021-11-02,54.89,10.69,34.42,2026,6269097,67.41,2050,5768023,62.03,6296,3983018,42.83,0,0,0
2021-11-03,54.86,10.75,34.39,1764,6270861,67.43,1897,5769920,62.05,5556,3988574,42.89,0,0,0
2021-11-04,54.85,10.81,34.33,2111,6272972,67.46,2802,5772722,62.08,7133,3995707,42.97,0,0,0
2021-11-05,54.85,10.83,34.32,790,6273762,67.46,906,5773628,62.09,3488,3999195,43.01,0,0,0
2021-11-06,54.82,10.86,34.32,347,6274109,67.47,389,5774017,62.09,1375,4000570,43.02,0,0,0
2021-11-07,54.92,10.8,34.28,1578,6275687,67.49,1770,5775787,62.11,6134,4006704,43.09,0,0,0
2021-11-08,55.01,10.75,34.24,1520,6277207,67.5,1603,5777390,62.13,5406,4012110,43.14,0,0,0
2021-11-09,55.05,10.74,34.21,1429,6278636,67.52,1611,5779001,62.14,5332,4017442,43.2,0,0,0
2021-11-10,55.08,10.73,34.19,1424,6280060,67.53,1662,5780663,62.16,4779,4022221,43.25,0,0,0
2021-11-11,55.15,10.69,34.15,1628,6281688,67.55,1947,5782610,62.18,5719,4027940,43.31,0,0,0
2021-11-12,55.17,10.69,34.14,637,6282325,67.56,826,5783436,62.19,2925,4030865,43.35,0,0,0
2021-11-13,55.14,10.72,34.14,258,6282583,67.56,290,5783726,62.2,1130,4031995,43.36,0,0,0
2021-11-14,55.21,10.68,34.11,1536,6284119,67.58,1639,5785365,62.21,5111,4037106,43.41,0,0,0
2021-11-15,55.28,10.63,34.09,1275,6285394,67.59,1627,5786992,62.23,4770,4041876,43.46,0,0,0
2021-11-16,55.32,10.62,34.07,1275,6286669,67.6,1419,5788411,62.25,4349,4046225,43.51,0,0,0
2021-11-17,55.35,10.6,34.05,1208,6287877,67.62,1567,5789978,62.26,3915,4050140,43.55,0,0,0
2021-11-18,55.41,10.58,34.02,1364,6289241,67.63,1693,5791671,62.28,5012,4055152,43.61,0,0,0
2021-11-19,55.42,10.57,34.01,588,6289829,67.64,763,5792434,62.29,2460,4057612,43.63,0,0,0
2021-11-20,55.41,10.58,34,238,6290067,67.64,258,5792692,62.29,929,4058541,43.64,0,0,0
2021-11-21,55.47,10.54,33.98,1409,6291476,67.66,1542,5794234,62.31,4881,4063422,43.7,0,0,0
2021-11-22,55.54,10.5,33.96,1681,6293157,67.67,1523,5795757,62.32,4238,4067660,43.74,0,0,0
2021-11-23,55.57,10.48,33.95,8616,6301773,67.77,1688,5797445,62.34,4012,4071672,43.78,0,0,0
2021-11-24,55.6,10.44,33.95,9348,6311121,67.87,1319,5798764,62.36,3924,4075596,43.83,0,0,0
2021-11-25,55.64,10.43,33.93,9808,6320929,67.97,1600,5800364,62.37,4841,4080437,43.88,0,0,0
2021-11-26,55.63,10.45,33.92,5610,6326539,68.03,748,5801112,62.38,2806,4083243,43.91,0,0,0
2021-11-27,55.62,10.46,33.92,4776,6331315,68.08,324,5801436,62.39,1164,4084407,43.92,0,0,0
2021-11-28,55.67,10.43,33.9,10145,6341460,68.19,1481,5802917,62.4,4905,4089312,43.97,0,0,0
2021-11-29,55.73,10.39,33.88,9043,6350503,68.29,1134,5804051,62.41,4376,4093688,44.02,0,0,0
2021-11-30,55.77,10.37,33.86,10043,6360546,68.4,1038,5805089,62.43,4084,4097772,44.07,0,0,0
2021-12-01,55.79,10.36,33.84,8630,6369176,68.49,1097,5806186,62.44,4445,4102217,44.11,5,5,0
2021-12-02,55.84,10.34,33.82,9173,6378349,68.59,1456,5807642,62.45,5125,4107342,44.17,6,11,0
2021-12-03,55.86,10.33,33.81,6329,6384678,68.66,673,5808315,62.46,2868,4110210,44.2,1,12,0
2021-12-04,55.85,10.34,33.81,2509,6387187,68.68,239,5808554,62.46,926,4111136,44.21,3,15,0
2021-12-05,55.9,10.31,33.79,8334,6395521,68.77,1254,5809808,62.48,4683,4115819,44.26,1,16,0
2021-12-06,55.95,10.27,33.78,6720,6402241,68.85,1200,5811008,62.49,4351,4120170,44.31,4,20,0
2021-12-07,55.99,10.25,33.76,5553,6407794,68.91,1506,5812514,62.5,3966,4124136,44.35,9,29,0
2021-12-08,56.03,10.22,33.75,4934,6412728,68.96,1200,5813714,62.52,3885,4128021,44.39,10,39,0
2021-12-09,56.08,10.19,33.73,6239,6418967,69.03,1241,5814955,62.53,4508,4132529,44.44,8,47,0
2021-12-10,56.1,10.18,33.72,3006,6421973,69.06,704,5815659,62.54,2687,4135216,44.47,4,51,0
2021-12-11,56.1,10.18,33.71,1491,6423464,69.07,255,5815914,62.54,1021,4136237,44.48,0,51,0
2021-12-12,56.16,10.15,33.69,7274,6430738,69.15,1444,5817358,62.56,5248,4141485,44.54,3,54,0
2021-12-13,56.21,10.11,33.67,6180,6436918,69.22,1377,5818735,62.57,4351,4145836,44.58,5,59,0
2021-12-14,56.27,10.09,33.65,7316,6444234,69.3,6098,5824833,62.64,4941,4150777,44.64,12,71,0
2021-12-15,56.34,10.06,33.6,7204,6451438,69.38,7404,5832237,62.72,5446,4156223,44.69,7,78,0
2021-12-16,56.53,10.05,33.42,8079,6459517,69.46,8609,5840846,62.81,6563,4162786,44.76,8,86,0
2021-12-17,56.64,10.05,33.3,4406,6463923,69.51,5141,5845987,62.86,3954,4166740,44.81,3,89,0
2021-12-18,56.73,10.07,33.2,3941,6467864,69.55,2913,5848900,62.9,1361,4168101,44.82,2,91,0
2021-12-19,56.92,10.04,33.04,6978,6474842,69.63,9328,5858228,63,6276,4174377,44.89,6,97,0
2021-12-20,57.07,10.02,32.91,7972,6482814,69.71,7519,5865747,63.08,5447,4179824,44.95,9,106,0
2021-12-21,57.27,10.01,32.71,9548,6492362,69.82,8647,5874394,63.17,6492,4186316,45.02,8,114,0
2021-12-22,57.49,10,32.52,9663,6502025,69.92,8151,5882545,63.26,6256,4192572,45.08,12,126,0
2021-12-23,57.7,9.97,32.33,11539,6513564,70.04,10261,5892806,63.37,8160,4200732,45.17,16,142,0
2021-12-24,57.83,9.96,32.21,5875,6519439,70.11,6241,5899047,63.44,5281,4206013,45.23,12,154,0
2021-12-25,57.9,9.96,32.15,3338,6522777,70.14,2566,5901613,63.46,2021,4208034,45.25,6,160,0
2021-12-26,58.1,9.92,31.98,10652,6533429,70.26,8908,5910521,63.56,8201,4216235,45.34,8,168,0
2021-12-27,58.27,9.9,31.83,10370,6543799,70.37,7142,5917663,63.64,8188,4224423,45.43,23,191,0
2021-12-28,58.46,9.88,31.66,11375,6555174,70.49,7451,5925114,63.72,9643,4234066,45.53,27,218,0
2021-12-29,58.64,9.85,31.51,9933,6565107,70.6,5964,5931078,63.78,8376,4242442,45.62,21,239,0
2021-12-30,58.84,9.82,31.34,11012,6576119,70.72,7735,5938813,63.86,12240,4254682,45.75,10,249,0
2021-12-31,58.9,9.79,31.3,4829,6580948,70.77,3672,5942485,63.9,7296,4261978,45.83,135,384,0
2022-01-01,58.93,9.79,31.28,1993,6582941,70.79,1592,5944077,63.92,2741,4264719,45.86,66,450,0
2022-01-02,59.14,9.76,31.1,10216,6593157,70.9,6487,5950564,63.99,13002,4277721,46,590,1040,0.01
2022-01-03,59.29,9.71,31,9384,6602541,71,5259,5955823,64.05,11342,4289063,46.12,25055,26095,0.28
2022-01-04,59.46,9.68,30.86,8964,6611505,71.1,5948,5961771,64.11,10525,4299588,46.24,50660,76755,0.83
2022-01-05,59.56,9.65,30.79,8552,6620057,71.19,5739,5967510,64.17,10494,4310082,46.35,59592,136347,1.47
2022-01-06,59.81,9.63,30.56,10339,6630396,71.3,7959,5975469,64.26,13531,4323613,46.49,64002,200349,2.15
2022-01-07,59.89,9.61,30.49,4759,6635155,71.35,4557,5980026,64.31,8166,4331779,46.58,31135,231484,2.49
2022-01-08,59.9,9.64,30.46,2749,6637904,71.38,2451,5982477,64.33,5501,4337280,46.64,27633,259117,2.79
2022-01-09,60.06,9.59,30.35,9305,6647209,71.48,7724,5990201,64.42,11871,4349151,46.77,66766,325883,3.5
2022-01-10,60.21,9.54,30.25,8347,6655556,71.57,7646,5997847,64.5,11884,4361035,46.9,64782,390665,4.2
2022-01-11,60.38,9.49,30.13,8099,6663655,71.66,8621,6006468,64.59,11974,4373009,47.03,56660,447325,4.81
2022-01-12,60.51,9.45,30.04,7275,6670930,71.74,8305,6014773,64.68,11113,4384122,47.14,44633,491958,5.29
2022-01-13,60.7,9.35,29.94,7509,6678439,71.82,9618,6024391,64.78,11547,4395669,47.27,34768,526726,5.66
2022-01-14,60.79,9.31,29.9,2554,6680993,71.84,4935,6029326,64.84,6146,4401815,47.33,11142,537868,5.78
2022-01-15,60.83,9.29,29.87,1469,6682462,71.86,3170,6032496,64.87,3884,4405699,47.38,5716,543584,5.85
2022-01-16,60.97,9.2,29.82,3817,6686279,71.9,8524,6041020,64.96,7682,4413381,47.46,19993,563577,6.06
2022-01-17,61.09,9.13,29.78,2808,6689087,71.93,7047,6048067,65.04,6173,4419554,47.53,17834,581411,6.25
2022-01-18,61.23,9.07,29.7,2475,6691562,71.96,7386,6055453,65.12,5535,4425089,47.59,14817,596228,6.41
2022-01-19,61.37,8.98,29.65,1915,6693477,71.98,6368,6061821,65.19,4522,4429611,47.63,8462,604690,6.5
2022-01-20,61.44,8.85,29.71,1777,6695254,72,6971,6068792,65.26,4793,4434404,47.69,8041,612731,6.59
2022-01-21,61.51,8.81,29.68,905,6696159,72.01,3725,6072517,65.3,2646,4437050,47.71,3358,616089,6.63
2022-01-22,61.51,8.75,29.74,328,6696487,72.01,1462,6073979,65.32,1067,4438117,47.73,1113,617202,6.64
2022-01-23,61.61,8.7,29.69,1068,6697555,72.02,5632,6079611,65.38,2879,4440996,47.76,6083,623285,6.7
2022-01-24,61.73,8.62,29.65,759,6698314,72.03,4481,6084092,65.43,2270,4443266,47.78,5057,628342,6.76
2022-01-25,61.9,8.51,29.59,744,6699058,72.04,4401,6088493,65.47,2187,4445453,47.8,7102,635444,6.83
2022-01-26,62.02,8.42,29.57,615,6699673,72.05,3286,6091779,65.51,1612,4447065,47.82,4262,639706,6.88
2022-01-27,62.12,8.35,29.52,797,6700470,72.05,4405,6096184,65.56,2006,4449071,47.84,5441,645147,6.94
2022-01-28,62.16,8.33,29.5,397,6700867,72.06,2376,6098560,65.58,1182,4450253,47.86,3452,648599,6.97
2022-01-29,62.23,8.29,29.48,124,6700991,72.06,1046,6099606,65.59,425,4450678,47.86,1162,649761,6.99
2022-01-30,62.3,8.24,29.46,769,6701760,72.07,4719,6104325,65.64,2020,4452698,47.88,8099,657860,7.07
2022-01-31,62.39,8.17,29.43,528,6702288,72.07,3183,6107508,65.68,1610,4454308,47.9,6472,664332,7.14
2022-02-01,62.45,8.15,29.4,482,6702770,72.08,2809,6110317,65.71,1526,4455834,47.92,5722,670054,7.21
2022-02-02,62.28,8.13,29.59,375,6703145,72.08,2394,6112711,65.73,1386,4457220,47.93,5073,675127,7.26
2022-02-03,62.34,8.08,29.57,446,6703591,72.09,2776,6115487,65.76,1462,4458682,47.95,5607,680734,7.32
2022-02-04,62.37,8.06,29.57,174,6703765,72.09,991,6116478,65.77,757,4459439,47.95,2455,683189,7.35
2022-02-05,62.34,8.09,29.56,62,6703827,72.09,342,6116820,65.78,221,4459660,47.96,420,683609,7.35
2022-02-06,62.41,8.05,29.55,407,6704234,72.09,2320,6119140,65.8,1344,4461004,47.97,5687,689296,7.41
2022-02-07,62.47,8.01,29.52,283,6704517,72.1,1308,6120448,65.82,983,4461987,47.98,5960,695256,7.48
2022-02-08,62.54,7.97,29.49,317,6704834,72.1,1498,6121946,65.83,1068,4463055,47.99,6138,701394,7.54
2022-02-09,62.6,7.95,29.45,254,6705088,72.1,1102,6123048,65.84,946,4464001,48,4570,705964,7.59
2022-02-10,62.63,7.93,29.44,273,6705361,72.11,1292,6124340,65.86,936,4464937,48.01,4815,710779,7.64
2022-02-11,62.67,7.91,29.42,211,6705572,72.11,557,6124897,65.86,518,4465455,48.02,2540,713319,7.67
2022-02-12,62.67,7.91,29.41,32,6705604,72.11,91,6124988,65.87,136,4465591,48.02,269,713588,7.67
2022-02-13,62.73,7.87,29.39,286,6705890,72.11,946,6125934,65.88,966,4466557,48.03,4998,718586,7.73
2022-02-14,62.89,7.74,29.36,179,6706069,72.11,628,6126562,65.88,760,4467317,48.04,3143,721729,7.76
2022-02-15,62.92,7.73,29.35,266,6706335,72.12,763,6127325,65.89,938,4468255,48.05,3819,725548,7.8
2022-02-16,62.95,7.72,29.34,179,6706514,72.12,577,6127902,65.9,803,4469058,48.06,2488,728036,7.83
2022-02-17,62.96,7.7,29.34,247,6706761,72.12,740,6128642,65.9,775,4469833,48.07,3061,731097,7.86
2022-02-18,62.98,7.69,29.33,130,6706891,72.12,343,6128985,65.91,439,4470272,48.07,1119,732216,7.87
2022-02-19,62.99,7.69,29.32,33,6706924,72.12,84,6129069,65.91,82,4470354,48.07,80,732296,7.87
2022-02-20,63.01,7.67,29.32,204,6707128,72.13,604,6129673,65.92,723,4471077,48.08,2574,734870,7.9
2022-02-21,63.04,7.65,29.31,173,6707301,72.13,413,6130086,65.92,490,4471567,48.09,1542,736412,7.92
2022-02-22,63.05,7.65,29.3,158,6707459,72.13,455,6130541,65.92,570,4472137,48.09,1871,738283,7.94
2022-02-23,63.06,7.65,29.29,109,6707568,72.13,353,6130894,65.93,453,4472590,48.1,1153,739436,7.95
2022-02-24,63.05,7.66,29.29,138,6707706,72.13,463,6131357,65.93,568,4473158,48.1,1493,740929,7.97
2022-02-25,63.06,7.66,29.28,59,6707765,72.13,144,6131501,65.94,193,4473351,48.1,456,741385,7.97
2022-02-26,63.05,7.67,29.28,17,6707782,72.13,28,6131529,65.94,161,4473512,48.11,35,741420,7.97
2022-02-27,63.05,7.67,29.28,112,6707894,72.13,341,6131870,65.94,448,4473960,48.11,1119,742539,7.98
2022-02-28,63.07,7.65,29.28,108,6708002,72.13,271,6132141,65.94,424,4474384,48.12,908,743447,7.99
2022-03-01,63.1,7.63,29.27,97,6708099,72.14,280,6132421,65.94,373,4474757,48.12,797,744244,8
2022-03-02,63.11,7.62,29.27,77,6708176,72.14,199,6132620,65.95,324,4475081,48.12,698,744942,8.01
2022-03-03,63.05,7.67,29.27,157,6708333,72.14,371,6132991,65.95,498,4475579,48.13,987,745929,8.02
2022-03-04,63.05,7.68,29.27,53,6708386,72.14,170,6133161,65.95,170,4475749,48.13,228,746157,8.02
2022-03-05,63.04,7.69,29.27,5,6708391,72.14,25,6133186,65.95,44,4475793,48.13,32,746189,8.02
2022-03-06,63.04,7.69,29.27,98,6708489,72.14,259,6133445,65.96,417,4476210,48.13,760,746949,8.03
2022-03-07,63.05,7.69,29.26,86,6708575,72.14,260,6133705,65.96,354,4476564,48.14,605,747554,8.04
2022-03-08,63.04,7.7,29.26,100,6708675,72.14,263,6133968,65.96,333,4476897,48.14,550,748104,8.04
2022-03-09,63.02,7.72,29.25,89,6708764,72.14,213,6134181,65.96,337,4477234,48.15,492,748596,8.05
2022-03-10,63.01,7.74,29.25,115,6708879,72.14,375,6134556,65.97,428,4477662,48.15,620,749216,8.06
2022-03-11,63,7.75,29.25,24,6708903,72.14,85,6134641,65.97,123,4477785,48.15,144,749360,8.06
2022-03-12,62.98,7.77,29.24,11,6708914,72.14,12,6134653,65.97,34,4477819,48.15,28,749388,8.06
2022-03-13,62.98,7.78,29.24,100,6709014,72.15,271,6134924,65.97,359,4478178,48.16,595,749983,8.06
2022-03-14,62.98,7.78,29.24,66,6709080,72.15,253,6135177,65.97,316,4478494,48.16,559,750542,8.07
2022-03-15,62.95,7.81,29.24,80,6709160,72.15,185,6135362,65.98,293,4478787,48.16,591,751133,8.08
2022-03-16,62.94,7.82,29.24,77,6709237,72.15,205,6135567,65.98,305,4479092,48.17,668,751801,8.08
2022-03-17,62.94,7.82,29.24,65,6709302,72.15,122,6135689,65.98,286,4479378,48.17,613,752414,8.09
2022-03-18,62.94,7.82,29.24,20,6709322,72.15,54,6135743,65.98,100,4479478,48.17,234,752648,8.09
2022-03-19,62.89,7.88,29.23,6,6709328,72.15,11,6135754,65.98,29,4479507,48.17,39,752687,8.09
2022-03-20,62.87,7.89,29.23,119,6709447,72.15,260,6136014,65.98,486,4479993,48.18,1431,754118,8.11
2022-03-21,62.87,7.9,29.23,97,6709544,72.15,247,6136261,65.99,379,4480372,48.18,1132,755250,8.12
2022-03-22,62.84,7.94,29.23,141,6709685,72.15,342,6136603,65.99,508,4480880,48.19,1770,757020,8.14
2022-03-23,62.81,7.97,29.22,108,6709793,72.15,212,6136815,65.99,463,4481343,48.19,1677,758697,8.16
2022-03-24,62.78,8,29.22,174,6709967,72.16,345,6137160,66,769,4482112,48.2,2363,761060,8.18
2022-03-25,62.78,8,29.23,39,6710006,72.16,82,6137242,66,159,4482271,48.2,630,761690,8.19
2022-03-26,62.77,8,29.22,12,6710018,72.16,13,6137255,66,34,4482305,48.2,91,761781,8.19
2022-03-27,62.75,8.02,29.22,167,6710185,72.16,344,6137599,66,760,4483065,48.21,3193,764974,8.23
2022-03-28,62.75,8.03,29.22,113,6710298,72.16,271,6137870,66,623,4483688,48.22,2416,767390,8.25
2022-03-29,62.7,8.07,29.22,125,6710423,72.16,258,6138128,66.01,641,4484329,48.22,2772,770162,8.28
2022-03-30,62.81,8.11,29.07,132,6710555,72.16,208,6138336,66.01,542,4484871,48.23,2370,772532,8.31
2022-03-31,62.79,8.11,29.1,166,6710721,72.16,302,6138638,66.01,730,4485601,48.24,2853,775385,8.34
2022-04-01,62.72,8.13,29.15,122,6710843,72.17,161,6138799,66.01,277,4485878,48.24,588,775973,8.34
2022-04-02,62.69,8.15,29.16,7,6710850,72.17,7,6138806,66.01,37,4485915,48.24,52,776025,8.35
2022-04-03,62.65,8.16,29.19,159,6711009,72.17,270,6139076,66.02,569,4486484,48.25,2478,778503,8.37
2022-04-04,62.62,8.16,29.22,103,6711112,72.17,208,6139284,66.02,484,4486968,48.25,2225,780728,8.4
2022-04-05,62.57,8.19,29.25,123,6711235,72.17,221,6139505,66.02,513,4487481,48.26,2243,782971,8.42
2022-04-06,62.55,8.2,29.25,91,6711326,72.17,157,6139662,66.02,382,4487863,48.26,2023,784994,8.44
2022-04-07,62.56,8.2,29.24,191,6711517,72.17,215,6139877,66.03,641,4488504,48.27,2556,787550,8.47
2022-04-08,62.54,8.22,29.23,30,6711547,72.17,61,6139938,66.03,154,4488658,48.27,482,788032,8.47
2022-04-09,62.52,8.25,29.23,6,6711553,72.17,17,6139955,66.03,28,4488686,48.27,47,788079,8.47
2022-04-10,62.51,8.26,29.23,103,6711656,72.17,264,6140219,66.03,429,4489115,48.27,1845,789924,8.49
2022-04-11,62.54,8.26,29.2,78,6711734,72.17,201,6140420,66.03,371,4489486,48.28,1425,791349,8.51
2022-04-12,62.58,8.29,29.12,204,6711938,72.18,168,6140588,66.03,376,4489862,48.28,1360,792709,8.52
2022-04-13,62.58,8.31,29.1,117,6712055,72.18,150,6140738,66.03,298,4490160,48.28,1218,793927,8.54
2022-04-14,62.57,8.33,29.1,85,6712140,72.18,221,6140959,66.04,321,4490481,48.29,1069,794996,8.55
2022-04-15,62.55,8.35,29.1,9,6712149,72.18,51,6141010,66.04,48,4490529,48.29,82,795078,8.55
2022-04-16,62.53,8.37,29.1,3,6712152,72.18,8,6141018,66.04,21,4490550,48.29,29,795107,8.55
2022-04-17,62.52,8.38,29.1,62,6712214,72.18,131,6141149,66.04,229,4490779,48.29,807,795914,8.56
2022-04-18,62.51,8.38,29.1,68,6712282,72.18,109,6141258,66.04,253,4491032,48.29,750,796664,8.57
2022-04-19,62.5,8.4,29.1,61,6712343,72.18,145,6141403,66.04,273,4491305,48.3,842,797506,8.58
2022-04-20,62.48,8.42,29.1,60,6712403,72.18,117,6141520,66.04,235,4491540,48.3,656,798162,8.58
2022-04-21,62.47,8.43,29.1,53,6712456,72.18,109,6141629,66.04,197,4491737,48.3,479,798641,8.59
2022-04-22,62.45,8.44,29.11,3,6712459,72.18,17,6141646,66.04,19,4491756,48.3,20,798661,8.59
2022-04-23,62.43,8.46,29.11,6,6712465,72.18,9,6141655,66.04,16,4491772,48.3,13,798674,8.59
2022-04-24,62.43,8.47,29.1,92,6712557,72.18,250,6141905,66.05,329,4492101,48.31,872,799546,8.6
2022-04-25,62.43,8.47,29.1,104,6712661,72.18,191,6142096,66.05,316,4492417,48.31,739,800285,8.61
2022-04-26,62.42,8.48,29.1,76,6712737,72.19,175,6142271,66.05,304,4492721,48.31,789,801074,8.61
2022-04-27,62.41,8.49,29.1,54,6712791,72.19,160,6142431,66.05,227,4492948,48.31,640,801714,8.62
2022-04-28,62.41,8.5,29.1,97,6712888,72.19,232,6142663,66.06,329,4493277,48.32,872,802586,8.63
2022-04-29,62.39,8.51,29.1,112,6713000,72.19,159,6142822,66.06,184,4493461,48.32,196,802782,8.63
2022-04-30,62.38,8.52,29.1,1,6713001,72.19,3,6142825,66.06,24,4493485,48.32,22,802804,8.63
2022-05-01,62.38,8.53,29.09,135,6713136,72.19,185,6143010,66.06,317,4493802,48.32,630,803434,8.64
2022-05-02,62.37,8.54,29.09,62,6713198,72.19,155,6143165,66.06,235,4494037,48.33,491,803925,8.65
2022-05-03,62.36,8.55,29.09,73,6713271,72.19,151,6143316,66.06,288,4494325,48.33,508,804433,8.65
2022-05-04,62.35,8.57,29.08,23,6713294,72.19,56,6143372,66.06,63,4494388,48.33,129,804562,8.65
2022-05-05,62.34,8.58,29.08,5,6713299,72.19,1,6143373,66.06,8,4494396,48.33,14,804576,8.65
2022-05-06,62.33,8.59,29.08,20,6713319,72.19,59,6143432,66.06,63,4494459,48.33,154,804730,8.65
2022-05-07,62.32,8.6,29.08,1,6713320,72.19,7,6143439,66.06,27,4494486,48.33,24,804754,8.65
2022-05-08,62.31,8.61,29.08,118,6713438,72.19,207,6143646,66.07,270,4494756,48.33,457,805211,8.66
2022-05-09,62.31,8.61,29.08,59,6713497,72.19,162,6143808,66.07,251,4495007,48.34,505,805716,8.66
2022-05-10,62.3,8.62,29.08,131,6713628,72.19,169,6143977,66.07,261,4495268,48.34,508,806224,8.67
2022-05-11,62.3,8.63,29.08,58,6713686,72.2,118,6144095,66.07,183,4495451,48.34,464,806688,8.67
2022-05-12,62.29,8.64,29.07,119,6713805,72.2,200,6144295,66.07,280,4495731,48.34,666,807354,8.68
2022-05-13,62.28,8.65,29.07,11,6713816,72.2,44,6144339,66.07,71,4495802,48.35,110,807464,8.68
2022-05-14,62.26,8.66,29.07,6,6713822,72.2,13,6144352,66.07,14,4495816,48.35,24,807488,8.68
2022-05-15,62.26,8.67,29.07,90,6713912,72.2,175,6144527,66.08,246,4496062,48.35,665,808153,8.69
2022-05-16,62.19,8.65,29.16,68,6713980,72.2,141,6144668,66.08,230,4496292,48.35,510,808663,8.7
2022-05-17,62.18,8.66,29.16,73,6714053,72.2,153,6144821,66.08,267,4496559,48.35,618,809281,8.7
2022-05-18,62.17,8.67,29.16,43,6714096,72.2,99,6144920,66.08,169,4496728,48.36,447,809728,8.71
2022-05-19,62.16,8.68,29.16,62,6714158,72.2,173,6145093,66.08,213,4496941,48.36,499,810227,8.71
2022-05-20,62.15,8.69,29.16,76,6714234,72.2,114,6145207,66.08,130,4497071,48.36,138,810365,8.71
2022-05-21,62.14,8.7,29.16,4,6714238,72.2,7,6145214,66.08,15,4497086,48.36,18,810383,8.71
2022-05-22,62.14,8.71,29.16,85,6714323,72.2,190,6145404,66.08,216,4497302,48.36,427,810810,8.72
2022-05-23,62.14,8.71,29.16,66,6714389,72.2,121,6145525,66.09,156,4497458,48.36,348,811158,8.72
2022-05-24,62.13,8.71,29.15,43,6714432,72.2,119,6145644,66.09,157,4497615,48.37,394,811552,8.73
2022-05-25,62.12,8.72,29.15,61,6714493,72.2,103,6145747,66.09,168,4497783,48.37,337,811889,8.73
2022-05-26,62.11,8.73,29.16,72,6714565,72.21,136,6145883,66.09,186,4497969,48.37,347,812236,8.73
2022-05-27,62.1,8.74,29.16,12,6714577,72.21,29,6145912,66.09,43,4498012,48.37,59,812295,8.74
2022-05-28,62.09,8.75,29.16,2,6714579,72.21,5,6145917,66.09,8,4498020,48.37,12,812307,8.74
2022-05-29,62.09,8.75,29.16,89,6714668,72.21,153,6146070,66.09,163,4498183,48.37,316,812623,8.74
2022-05-30,62.09,8.76,29.16,56,6714724,72.21,134,6146204,66.09,125,4498308,48.37,291,812914,8.74
2022-05-31,62.07,8.78,29.15,45,6714769,72.21,104,6146308,66.09,153,4498461,48.37,351,813265,8.75
2022-06-01,61.95,8.9,29.16,65,6714834,72.21,90,6146398,66.1,119,4498580,48.38,277,813542,8.75
2022-06-02,45.96,24.88,29.15,77,6714911,72.21,156,6146554,66.1,178,4498758,48.38,255,813797,8.75
2022-06-03,45.9,24.95,29.16,10,6714921,72.21,23,6146577,66.1,21,4498779,48.38,33,813830,8.75
2022-06-04,45.84,25,29.16,0,6714921,72.21,7,6146584,66.1,8,4498787,48.38,5,813835,8.75
2022-06-05,45.8,25.05,29.16,11,6714932,72.21,14,6146598,66.1,7,4498794,48.38,2,813837,8.75
2022-06-06,39.96,30.89,29.16,58,6714990,72.21,145,6146743,66.1,161,4498955,48.38,262,814099,8.75
2022-06-07,39.92,30.93,29.15,54,6715044,72.21,134,6146877,66.1,142,4499097,48.38,379,814478,8.76
2022-06-08,39.89,30.96,29.15,59,6715103,72.21,104,6146981,66.1,131,4499228,48.38,497,814975,8.76
2022-06-09,39.86,30.99,29.15,84,6715187,72.21,208,6147189,66.1,234,4499462,48.38,642,815617,8.77
2022-06-10,39.83,31.02,29.15,14,6715201,72.21,51,6147240,66.1,59,4499521,48.39,142,815759,8.77
2022-06-11,39.8,31.05,29.15,0,6715201,72.21,3,6147243,66.1,7,4499528,48.39,19,815778,8.77
2022-06-12,39.8,31.05,29.15,109,6715310,72.21,199,6147442,66.11,191,4499719,48.39,767,816545,8.78
2022-06-13,39.81,31.04,29.15,84,6715394,72.21,142,6147584,66.11,168,4499887,48.39,626,817171,8.79
2022-06-14,39.79,31.06,29.15,116,6715510,72.22,174,6147758,66.11,208,4500095,48.39,759,817930,8.8
2022-06-15,39.78,31.08,29.15,71,6715581,72.22,141,6147899,66.11,207,4500302,48.39,700,818630,8.8
2022-06-16,39.74,31.11,29.14,94,6715675,72.22,136,6148035,66.11,218,4500520,48.4,742,819372,8.81
2022-06-17,39.72,31.14,29.15,16,6715691,72.22,63,6148098,66.11,53,4500573,48.4,125,819497,8.81
2022-06-18,39.68,31.17,29.14,3,6715694,72.22,4,6148102,66.11,11,4500584,48.4,15,819512,8.81
2022-06-19,39.53,31.33,29.15,115,6715809,72.22,208,6148310,66.12,318,4500902,48.4,877,820389,8.82
2022-06-20,33.92,36.85,29.23,99,6715908,72.22,152,6148462,66.12,307,4501209,48.4,922,821311,8.83
2022-06-21,33.58,37.19,29.23,94,6716002,72.22,154,6148616,66.12,375,4501584,48.41,1229,822540,8.85
2022-06-22,33.28,37.49,29.23,110,6716112,72.22,136,6148752,66.12,339,4501923,48.41,894,823434,8.85
2022-06-23,32.84,37.92,29.23,132,6716244,72.22,217,6148969,66.12,525,4502448,48.42,1146,824580,8.87
2022-06-24,32.43,38.34,29.24,19,6716263,72.22,35,6149004,66.12,110,4502558,48.42,208,824788,8.87
2022-06-25,32.04,38.72,29.24,1,6716264,72.22,3,6149007,66.12,13,4502571,48.42,16,824804,8.87
2022-06-26,31.63,39.13,29.24,107,6716371,72.22,158,6149165,66.13,379,4502950,48.42,933,825737,8.88
2022-06-27,31.29,39.47,29.24,86,6716457,72.23,172,6149337,66.13,392,4503342,48.43,1028,826765,8.89
2022-06-28,30.86,39.91,29.24,85,6716542,72.23,151,6149488,66.13,363,4503705,48.43,932,827697,8.9
2022-06-29,30.48,40.28,29.24,76,6716618,72.23,108,6149596,66.13,265,4503970,48.43,816,828513,8.91
2022-06-30,30.05,40.71,29.24,86,6716704,72.23,165,6149761,66.13,355,4504325,48.44,1062,829575,8.92
2022-07-01,29.62,41.14,29.24,22,6716726,72.23,28,6149789,66.13,55,4504380,48.44,80,829655,8.92
2022-07-02,29.2,41.56,29.24,1,6716727,72.23,2,6149791,66.13,8,4504388,48.44,18,829673,8.92
2022-07-03,28.81,41.95,29.24,100,6716827,72.23,178,6149969,66.13,322,4504710,48.44,636,830309,8.93
2022-07-04,28.5,42.26,29.24,76,6716903,72.23,140,6150109,66.14,278,4504988,48.44,749,831058,8.94
2022-07-05,28.06,42.7,29.24,59,6716962,72.23,142,6150251,66.14,302,4505290,48.45,688,831746,8.94
2022-07-06,27.39,43.37,29.24,78,6717040,72.23,124,6150375,66.14,211,4505501,48.45,646,832392,8.95
2022-07-07,26.48,44.28,29.24,82,6717122,72.23,164,6150539,66.14,267,4505768,48.45,721,833113,8.96
2022-07-08,25.47,45.29,29.24,17,6717139,72.23,33,6150572,66.14,69,4505837,48.45,131,833244,8.96
2022-07-09,24.42,46.34,29.24,0,6717139,72.23,1,6150573,66.14,3,4505840,48.45,3,833247,8.96
2022-07-10,23.77,46.99,29.24,90,6717229,72.23,164,6150737,66.14,229,4506069,48.46,470,833717,8.97
2022-07-11,23.22,47.54,29.24,64,6717293,72.23,142,6150879,66.14,248,4506317,48.46,575,834292,8.97
2022-07-12,22.13,48.63,29.24,69,6717362,72.24,129,6151008,66.14,207,4506524,48.46,558,834850,8.98
2022-07-13,21.1,49.66,29.24,43,6717405,72.24,101,6151109,66.15,165,4506689,48.46,488,835338,8.98
2022-07-14,20.12,50.63,29.24,70,6717475,72.24,147,6151256,66.15,208,4506897,48.46,513,835851,8.99
2022-07-15,19.27,51.48,29.25,64,6717539,72.24,88,6151344,66.15,127,4507024,48.47,168,836019,8.99
2022-07-16,18.29,52.46,29.25,0,6717539,72.24,6,6151350,66.15,7,4507031,48.47,8,836027,8.99
2022-07-17,17.83,52.92,29.25,77,6717616,72.24,183,6151533,66.15,241,4507272,48.47,468,836495,9
2022-07-18,17.48,53.26,29.26,62,6717678,72.24,158,6151691,66.15,207,4507479,48.47,511,837006,9
2022-07-19,16.77,53.97,29.26,63,6717741,72.24,147,6151838,66.15,173,4507652,48.47,368,837374,9
2022-07-20,16.09,54.64,29.26,51,6717792,72.24,134,6151972,66.16,137,4507789,48.47,423,837797,9.01
2022-07-21,15.43,55.3,29.27,61,6717853,72.24,160,6152132,66.16,177,4507966,48.48,341,838138,9.01
2022-07-22,14.64,56.08,29.28,10,6717863,72.24,36,6152168,66.16,43,4508009,48.48,56,838194,9.01
2022-07-23,14.17,56.55,29.28,0,6717863,72.24,4,6152172,66.16,4,4508013,48.48,9,838203,9.01
2022-07-24,13.55,57.16,29.29,58,6717921,72.24,128,6152300,66.16,197,4508210,48.48,364,838567,9.02
2022-07-25,13.09,57.61,29.3,48,6717969,72.24,107,6152407,66.16,172,4508382,48.48,336,838903,9.02
2022-07-26,12.46,58.23,29.3,47,6718016,72.24,99,6152506,66.16,111,4508493,48.48,270,839173,9.02
2022-07-27,11.89,58.8,29.31,43,6718059,72.24,125,6152631,66.16,132,4508625,48.48,243,839416,9.03
2022-07-28,11.35,59.34,29.31,62,6718121,72.24,143,6152774,66.16,148,4508773,48.49,220,839636,9.03
2022-07-29,10.85,59.83,29.32,10,6718131,72.24,25,6152799,66.16,27,4508800,48.49,31,839667,9.03
2022-07-30,10.34,60.33,29.33,0,6718131,72.24,0,6152799,66.16,1,4508801,48.49,1,839668,9.03
2022-07-31,9.97,60.7,29.33,56,6718187,72.24,134,6152933,66.17,131,4508932,48.49,252,839920,9.03
2022-08-01,9.47,61.19,29.34,54,6718241,72.24,76,6153009,66.17,91,4509023,48.49,152,840072,9.03
2022-08-02,8.92,61.73,29.35,111,6718352,72.25,119,6153128,66.17,157,4509180,48.49,264,840336,9.04
2022-08-03,8.46,62.19,29.35,76,6718428,72.25,71,6153199,66.17,92,4509272,48.49,180,840516,9.04
2022-08-04,8.04,62.61,29.36,133,6718561,72.25,133,6153332,66.17,111,4509383,48.49,246,840762,9.04
2022-08-05,7.71,62.93,29.36,31,6718592,72.25,23,6153355,66.17,13,4509396,48.49,24,840786,9.04
2022-08-06,7.32,63.32,29.36,1,6718593,72.25,2,6153357,66.17,3,4509399,48.49,5,840791,9.04
2022-08-07,6.92,63.71,29.37,89,6718682,72.25,97,6153454,66.17,69,4509468,48.49,169,840960,9.04
2022-08-08,6.74,63.89,29.37,109,6718791,72.25,92,6153546,66.17,92,4509560,48.49,172,841132,9.05
2022-08-09,6.25,64.37,29.38,96,6718887,72.25,90,6153636,66.17,99,4509659,48.49,213,841345,9.05
2022-08-10,5.91,64.71,29.38,77,6718964,72.25,60,6153696,66.17,76,4509735,48.5,115,841460,9.05
2022-08-11,5.59,65.03,29.38,54,6719018,72.25,101,6153797,66.17,91,4509826,48.5,155,841615,9.05
2022-08-12,5.35,65.27,29.38,8,6719026,72.25,12,6153809,66.17,18,4509844,48.5,29,841644,9.05
2022-08-13,5.1,65.52,29.38,0,6719026,72.25,2,6153811,66.17,2,4509846,48.5,3,841647,9.05
2022-08-14,4.87,65.75,29.39,74,6719100,72.25,75,6153886,66.18,82,4509928,48.5,150,841797,9.05
2022-08-15,4.74,65.87,29.39,69,6719169,72.25,80,6153966,66.18,92,4510020,48.5,144,841941,9.05
2022-08-16,4.46,66.15,29.39,82,6719251,72.26,84,6154050,66.18,83,4510103,48.5,187,842128,9.06
2022-08-17,4.16,66.44,29.39,46,6719297,72.26,56,6154106,66.18,36,4510139,48.5,116,842244,9.06
2022-08-18,3.98,66.63,29.39,70,6719367,72.26,93,6154199,66.18,120,4510259,48.5,173,842417,9.06
2022-08-19,3.83,66.78,29.39,79,6719446,72.26,67,6154266,66.18,56,4510315,48.5,38,842455,9.06
2022-08-20,3.67,66.94,29.39,1,6719447,72.26,1,6154267,66.18,3,4510318,48.5,3,842458,9.06
2022-08-21,3.52,67.08,29.4,52,6719499,72.26,85,6154352,66.18,84,4510402,48.5,197,842655,9.06
2022-08-22,3.44,67.16,29.4,89,6719588,72.26,74,6154426,66.18,103,4510505,48.5,144,842799,9.06
2022-08-23,3.27,67.33,29.4,72,6719660,72.26,106,6154532,66.18,84,4510589,48.5,180,842979,9.07
2022-08-24,3.15,67.46,29.4,38,6719698,72.26,80,6154612,66.18,49,4510638,48.51,133,843112,9.07
2022-08-25,3.03,67.57,29.4,53,6719751,72.26,75,6154687,66.18,97,4510735,48.51,193,843305,9.07
2022-08-26,2.94,67.66,29.4,4,6719755,72.26,15,6154702,66.18,9,4510744,48.51,14,843319,9.07
2022-08-27,2.84,67.76,29.4,0,6719755,72.26,0,6154702,66.18,0,4510744,48.51,0,843319,9.07
2022-08-28,2.75,67.85,29.4,55,6719810,72.26,80,6154782,66.19,85,4510829,48.51,102,843421,9.07
2022-08-29,2.69,67.91,29.4,48,6719858,72.26,68,6154850,66.19,89,4510918,48.51,107,843528,9.07
2022-08-30,2.6,68,29.4,85,6719943,72.26,113,6154963,66.19,85,4511003,48.51,131,843659,9.07
2022-08-31,2.53,68.07,29.4,42,6719985,72.26,89,6155052,66.19,70,4511073,48.51,96,843755,9.07
2022-09-01,2.46,68.14,29.4,29,6720014,72.26,84,6155136,66.19,58,4511131,48.51,113,843868,9.07
2022-09-02,2.4,68.2,29.4,6,6720020,72.26,20,6155156,66.19,13,4511144,48.51,10,843878,9.07
2022-09-03,2.33,68.27,29.4,2,6720022,72.26,0,6155156,66.19,3,4511147,48.51,1,843879,9.07
2022-09-04,2.27,68.32,29.4,64,6720086,72.26,133,6155289,66.19,80,4511227,48.51,121,844000,9.08
2022-09-05,2.23,68.37,29.4,44,6720130,72.27,77,6155366,66.19,58,4511285,48.51,90,844090,9.08
2022-09-06,2.17,68.42,29.4,60,6720190,72.27,104,6155470,66.19,78,4511363,48.51,130,844220,9.08
2022-09-07,2.12,68.47,29.4,28,6720218,72.27,63,6155533,66.19,53,4511416,48.51,95,844315,9.08
2022-09-08,2.07,68.53,29.4,50,6720268,72.27,101,6155634,66.19,70,4511486,48.51,77,844392,9.08
2022-09-09,2.03,68.57,29.4,10,6720278,72.27,21,6155655,66.19,16,4511502,48.51,17,844409,9.08
2022-09-10,1.97,68.62,29.4,1,6720279,72.27,0,6155655,66.19,5,4511507,48.51,2,844411,9.08
2022-09-11,1.92,68.67,29.41,39,6720318,72.27,117,6155772,66.2,78,4511585,48.52,116,844527,9.08
2022-09-12,1.88,68.71,29.41,24,6720342,72.27,72,6155844,66.2,52,4511637,48.52,68,844595,9.08
2022-09-13,1.82,68.77,29.41,44,6720386,72.27,113,6155957,66.2,54,4511691,48.52,103,844698,9.08
2022-09-14,1.78,68.82,29.41,21,6720407,72.27,64,6156021,66.2,54,4511745,48.52,62,844760,9.08
2022-09-15,1.73,68.86,29.41,32,6720439,72.27,77,6156098,66.2,63,4511808,48.52,107,844867,9.09
2022-09-16,1.7,68.89,29.41,51,6720490,72.27,52,6156150,66.2,27,4511835,48.52,28,844895,9.09
2022-09-17,1.66,68.93,29.41,3,6720493,72.27,0,6156150,66.2,1,4511836,48.52,0,844895,9.09
2022-09-18,1.63,68.96,29.41,28,6720521,72.27,66,6156216,66.2,52,4511888,48.52,115,845010,9.09
2022-09-19,1.61,68.98,29.41,28,6720549,72.27,74,6156290,66.2,44,4511932,48.52,57,845067,9.09
2022-09-20,1.56,69.03,29.41,41,6720590,72.27,94,6156384,66.2,75,4512007,48.52,102,845169,9.09
2022-09-21,1.55,69.05,29.41,22,6720612,72.27,54,6156438,66.2,29,4512036,48.52,56,845225,9.09
2022-09-22,1.52,69.07,29.4,42,6720654,72.27,56,6156494,66.2,27,4512063,48.52,41,845266,9.09
2022-09-23,1.5,69.1,29.41,7,6720661,72.27,11,6156505,66.2,4,4512067,48.52,1,845267,9.09
2022-09-24,1.47,69.13,29.41,0,6720661,72.27,0,6156505,66.2,1,4512068,48.52,0,845267,9.09
2022-09-25,1.46,69.13,29.41,5,6720666,72.27,20,6156525,66.2,10,4512078,48.52,27,845294,9.09
2022-09-26,1.46,69.13,29.41,0,6720666,72.27,5,6156530,66.2,2,4512080,48.52,2,845296,9.09
2022-09-27,1.42,69.17,29.41,2,6720668,72.27,0,6156530,66.2,3,4512083,48.52,3,845299,9.09
2022-09-28,1.39,69.21,29.41,24,6720692,72.27,36,6156566,66.2,25,4512108,48.52,17,845316,9.09
2022-09-29,1.37,69.22,29.41,32,6720724,72.27,61,6156627,66.21,13,4512121,48.52,48,845364,9.09
2022-09-30,1.35,69.24,29.41,4,6720728,72.27,12,6156639,66.21,2,4512123,48.52,0,845364,9.09
2022-10-01,1.31,69.29,29.41,0,6720728,72.27,1,6156640,66.21,1,4512124,48.52,1,845365,9.09
2022-10-02,1.31,69.29,29.41,28,6720756,72.27,51,6156691,66.21,20,4512144,48.52,73,845438,9.09
2022-10-03,1.31,69.28,29.4,23,6720779,72.27,29,6156720,66.21,13,4512157,48.52,12,845450,9.09
2022-10-04,1.27,69.32,29.4,7,6720786,72.27,11,6156731,66.21,0,4512157,48.52,1,845451,9.09
2022-10-05,1.28,69.31,29.4,1,6720787,72.27,0,6156731,66.21,0,4512157,48.52,1,845452,9.09
2022-10-06,1.31,69.28,29.4,17,6720804,72.27,43,6156774,66.21,10,4512167,48.52,20,845472,9.09
2022-10-07,1.3,69.29,29.41,3,6720807,72.27,3,6156777,66.21,4,4512171,48.52,0,845472,9.09
2022-10-08,1.26,69.33,29.41,1,6720808,72.27,1,6156778,66.21,0,4512171,48.52,1,845473,9.09
2022-10-09,1.31,69.28,29.41,7,6720815,72.27,22,6156800,66.21,6,4512177,48.52,5,845478,9.09
2022-10-10,1.38,69.22,29.4,5,6720820,72.27,2,6156802,66.21,0,4512177,48.52,0,845478,9.09
2022-10-11,1.36,69.24,29.4,12,6720832,72.27,32,6156834,66.21,1,4512178,48.52,32,845510,9.09
2022-10-12,1.34,69.26,29.4,13,6720845,72.27,24,6156858,66.21,5,4512183,48.52,4,845514,9.09
2022-10-13,1.4,69.2,29.4,17,6720862,72.27,16,6156874,66.21,5,4512188,48.52,9,845523,9.09
2022-10-14,1.4,69.2,29.4,6,6720868,72.27,7,6156881,66.21,4,4512192,48.52,3,845526,9.09
2022-10-15,1.38,69.22,29.4,0,6720868,72.27,1,6156882,66.21,0,4512192,48.52,1,845527,9.09
2022-10-16,1.39,69.2,29.4,4,6720872,72.27,13,6156895,66.21,5,4512197,48.52,8,845535,9.09
2022-10-17,1.39,69.2,29.4,1,6720873,72.27,1,6156896,66.21,4,4512201,48.52,1,845536,9.09
2022-10-18,1.43,69.17,29.4,24,6720897,72.27,31,6156927,66.21,14,4512215,48.52,16,845552,9.09
2022-10-19,1.47,69.12,29.4,18,6720915,72.27,25,6156952,66.21,7,4512222,48.52,3,845555,9.09
2022-10-20,1.5,69.1,29.4,26,6720941,72.27,44,6156996,66.21,12,4512234,48.52,4,845559,9.09
2022-10-21,1.5,69.09,29.4,4,6720945,72.27,7,6157003,66.21,2,4512236,48.52,4,845563,9.09
2022-10-22,1.49,69.1,29.4,0,6720945,72.27,0,6157003,66.21,0,4512236,48.52,0,845563,9.09
2022-10-23,1.51,69.08,29.4,15,6720960,72.27,33,6157036,66.21,18,4512254,48.52,10,845573,9.09
2022-10-24,1.51,69.08,29.41,20,6720980,72.27,16,6157052,66.21,19,4512273,48.52,9,845582,9.09
2022-10-25,1.55,69.04,29.4,18,6720998,72.27,34,6157086,66.21,22,4512295,48.52,21,845603,9.09
2022-10-26,1.61,68.99,29.4,18,6721016,72.27,25,6157111,66.21,8,4512303,48.52,10,845613,9.09
2022-10-27,1.67,68.93,29.4,17,6721033,72.27,27,6157138,66.21,14,4512317,48.52,17,845630,9.09
2022-10-28,1.67,68.93,29.4,55,6721088,72.28,49,6157187,66.21,31,4512348,48.52,18,845648,9.09
2022-10-29,1.66,68.94,29.4,0,6721088,72.28,0,6157187,66.21,0,4512348,48.52,0,845648,9.09
2022-10-30,1.71,68.89,29.4,15,6721103,72.28,23,6157210,66.21,15,4512363,48.52,9,845657,9.09
2022-10-31,1.76,68.84,29.4,17,6721120,72.28,16,6157226,66.21,8,4512371,48.52,9,845666,9.09
2022-11-01,1.82,68.78,29.4,2,6721122,72.28,1,6157227,66.21,1,4512372,48.52,0,845666,9.09
2022-11-02,1.88,68.72,29.4,13,6721135,72.28,13,6157240,66.21,7,4512379,48.52,8,845674,9.09
2022-11-03,1.96,68.64,29.4,17,6721152,72.28,18,6157258,66.21,11,4512390,48.52,8,845682,9.09
2022-11-04,1.98,68.63,29.4,4,6721156,72.28,6,6157264,66.21,1,4512391,48.52,2,845684,9.09
2022-11-05,1.97,68.63,29.4,0,6721156,72.28,0,6157264,66.21,0,4512391,48.52,0,845684,9.09
2022-11-06,2.03,68.57,29.4,27,6721183,72.28,33,6157297,66.21,11,4512402,48.52,23,845707,9.09
2022-11-07,2.1,68.51,29.4,15,6721198,72.28,11,6157308,66.21,10,4512412,48.52,54,845761,9.09
2022-11-08,2.1,68.5,29.4,28,6721226,72.28,26,6157334,66.21,14,4512426,48.52,9,845770,9.1
2022-11-09,2.16,68.45,29.4,16,6721242,72.28,20,6157354,66.21,17,4512443,48.52,9,845779,9.1
2022-11-10,2.22,68.39,29.4,28,6721270,72.28,17,6157371,66.21,11,4512454,48.52,6,845785,9.1
2022-11-11,2.23,68.37,29.4,1,6721271,72.28,17,6157388,66.21,2,4512456,48.52,1,845786,9.1
2022-11-12,2.22,68.38,29.4,1,6721272,72.28,0,6157388,66.21,2,4512458,48.52,0,845786,9.1
2022-11-13,2.29,68.31,29.4,29,6721301,72.28,31,6157419,66.21,17,4512475,48.52,8,845794,9.1
2022-11-14,2.37,68.23,29.4,20,6721321,72.28,17,6157436,66.21,21,4512496,48.53,16,845810,9.1
2022-11-15,2.43,68.17,29.4,40,6721361,72.28,25,6157461,66.21,16,4512512,48.53,18,845828,9.1
2022-11-16,2.5,68.1,29.4,14,6721375,72.28,27,6157488,66.21,16,4512528,48.53,11,845839,9.1
2022-11-17,2.59,68.02,29.4,19,6721394,72.28,33,6157521,66.21,18,4512546,48.53,5,845844,9.1
2022-11-18,2.61,67.99,29.4,6,6721400,72.28,4,6157525,66.22,4,4512550,48.53,0,845844,9.1
2022-11-19,2.6,68,29.4,0,6721400,72.28,0,6157525,66.22,0,4512550,48.53,0,845844,9.1
2022-11-20,2.67,67.93,29.4,19,6721419,72.28,20,6157545,66.22,6,4512556,48.53,13,845857,9.1
2022-11-21,2.76,67.85,29.4,14,6721433,72.28,13,6157558,66.22,6,4512562,48.53,7,845864,9.1
2022-11-22,2.83,67.77,29.4,27,6721460,72.28,13,6157571,66.22,17,4512579,48.53,6,845870,9.1
2022-11-23,2.9,67.7,29.4,17,6721477,72.28,20,6157591,66.22,4,4512583,48.53,8,845878,9.1
2022-11-24,2.98,67.62,29.4,9,6721486,72.28,16,6157607,66.22,13,4512596,48.53,27,845905,9.1
2022-11-25,3,67.6,29.4,12,6721498,72.28,46,6157653,66.22,14,4512610,48.53,12,845917,9.1
2022-11-26,3,67.61,29.4,0,6721498,72.28,2,6157655,66.22,0,4512610,48.53,0,845917,9.1
2022-11-27,3.06,67.54,29.4,14,6721512,72.28,15,6157670,66.22,19,4512629,48.53,2,845919,9.1
2022-11-28,3.14,67.47,29.4,8,6721520,72.28,23,6157693,66.22,8,4512637,48.53,6,845925,9.1
2022-11-29,3.2,67.4,29.4,38,6721558,72.28,31,6157724,66.22,19,4512656,48.53,14,845939,9.1
2022-11-30,3.27,67.34,29.39,12,6721570,72.28,25,6157749,66.22,20,4512676,48.53,8,845947,9.1
2022-12-01,3.34,67.26,29.39,13,6721583,72.28,18,6157767,66.22,15,4512691,48.53,4,845951,9.1
2022-12-02,3.36,67.24,29.39,2,6721585,72.28,7,6157774,66.22,4,4512695,48.53,10,845961,9.1
2022-12-03,3.36,67.24,29.39,0,6721585,72.28,0,6157774,66.22,0,4512695,48.53,1,845962,9.1
2022-12-04,3.42,67.18,29.39,38,6721623,72.28,27,6157801,66.22,30,4512725,48.53,26,845988,9.1
2022-12-05,3.48,67.12,29.4,9,6721632,72.28,17,6157818,66.22,11,4512736,48.53,20,846008,9.1
2022-12-06,3.55,67.06,29.39,32,6721664,72.28,26,6157844,66.22,27,4512763,48.53,8,846016,9.1
2022-12-07,3.62,66.99,29.39,10,6721674,72.28,17,6157861,66.22,8,4512771,48.53,8,846024,9.1
2022-12-08,3.69,66.91,29.39,19,6721693,72.28,31,6157892,66.22,15,4512786,48.53,3,846027,9.1
2022-12-09,3.71,66.9,29.39,4,6721697,72.28,1,6157893,66.22,1,4512787,48.53,7,846034,9.1
2022-12-10,3.7,66.91,29.39,1,6721698,72.28,0,6157893,66.22,2,4512789,48.53,0,846034,9.1
2022-12-11,3.76,66.84,29.39,16,6721714,72.28,22,6157915,66.22,15,4512804,48.53,16,846050,9.1
2022-12-12,3.82,66.78,29.39,15,6721729,72.28,14,6157929,66.22,5,4512809,48.53,0,846050,9.1
2022-12-13,3.87,66.73,29.39,17,6721746,72.28,44,6157973,66.22,18,4512827,48.53,13,846063,9.1
2022-12-14,3.92,66.69,29.39,17,6721763,72.28,16,6157989,66.22,7,4512834,48.53,3,846066,9.1
2022-12-15,3.97,66.64,29.39,22,6721785,72.28,19,6158008,66.22,7,4512841,48.53,12,846078,9.1
2022-12-16,3.98,66.62,29.39,12,6721797,72.28,4,6158012,66.22,1,4512842,48.53,0,846078,9.1
2022-12-17,3.97,66.63,29.39,0,6721797,72.28,0,6158012,66.22,0,4512842,48.53,0,846078,9.1
2022-12-18,4.01,66.59,29.39,9,6721806,72.28,18,6158030,66.22,8,4512850,48.53,3,846081,9.1
2022-12-19,4.06,66.54,29.4,7,6721813,72.28,14,6158044,66.22,12,4512862,48.53,1,846082,9.1
2022-12-20,4.1,66.51,29.39,12,6721825,72.28,17,6158061,66.22,2,4512864,48.53,2,846084,9.1
2022-12-21,4.14,66.47,29.39,9,6721834,72.28,14,6158075,66.22,13,4512877,48.53,3,846087,9.1
2022-12-22,4.18,66.42,29.39,4,6721838,72.28,10,6158085,66.22,14,4512891,48.53,1,846088,9.1
2022-12-23,4.19,66.42,29.39,10,6721848,72.28,0,6158085,66.22,2,4512893,48.53,0,846088,9.1
2022-12-24,4.18,66.43,29.39,0,6721848,72.28,0,6158085,66.22,0,4512893,48.53,0,846088,9.1
2022-12-25,4.21,66.4,29.39,6,6721854,72.28,17,6158102,66.22,1,4512894,48.53,2,846090,9.1
2022-12-26,4.24,66.36,29.39,17,6721871,72.28,6,6158108,66.22,13,4512907,48.53,0,846090,9.1
2022-12-27,4.25,66.36,29.39,24,6721895,72.28,24,6158132,66.22,17,4512924,48.53,7,846097,9.1
2022-12-28,4.26,66.34,29.39,17,6721912,72.28,18,6158150,66.22,25,4512949,48.53,64,846161,9.1
2022-12-29,4.28,66.33,29.39,15,6721927,72.28,23,6158173,66.22,14,4512963,48.53,4,846165,9.1
2022-12-30,4.27,66.33,29.4,4,6721931,72.28,5,6158178,66.22,3,4512966,48.53,1,846166,9.1
2022-12-31,4.26,66.35,29.4,0,6721931,72.28,1,6158179,66.22,0,4512966,48.53,0,846166,9.1
2023-01-01,4.27,66.33,29.4,7,6721938,72.28,23,6158202,66.22,2,4512968,48.53,1,846167,9.1
2023-01-02,4.29,66.31,29.4,10,6721948,72.28,8,6158210,66.22,3,4512971,48.53,1,846168,9.1
2023-01-03,4.3,66.3,29.4,20,6721968,72.28,17,6158227,66.22,7,4512978,48.53,3,846171,9.1
2023-01-04,4.3,66.3,29.4,7,6721975,72.28,11,6158238,66.22,4,4512982,48.53,2,846173,9.1
2023-01-05,4.31,66.29,29.39,12,6721987,72.28,19,6158257,66.22,11,4512993,48.53,4,846177,9.1
2023-01-06,4.31,66.29,29.4,2,6721989,72.28,1,6158258,66.22,1,4512994,48.53,0,846177,9.1
2023-01-07,4.3,66.31,29.4,1,6721990,72.28,0,6158258,66.22,0,4512994,48.53,0,846177,9.1
2023-01-08,4.33,66.28,29.4,14,6722004,72.29,33,6158291,66.22,10,4513004,48.53,2,846179,9.1
2023-01-09,4.34,66.26,29.4,12,6722016,72.29,20,6158311,66.22,1,4513005,48.53,1,846180,9.1
2023-01-10,4.35,66.25,29.4,39,6722055,72.29,27,6158338,66.22,10,4513015,48.53,4,846184,9.1
2023-01-11,4.36,66.25,29.4,15,6722070,72.29,17,6158355,66.22,11,4513026,48.53,2,846186,9.1
2023-01-12,4.37,66.24,29.39,22,6722092,72.29,20,6158375,66.22,11,4513037,48.53,2,846188,9.1
2023-01-13,4.36,66.24,29.4,3,6722095,72.29,2,6158377,66.22,0,4513037,48.53,0,846188,9.1
2023-01-14,4.35,66.25,29.4,1,6722096,72.29,0,6158377,66.22,0,4513037,48.53,0,846188,9.1
2023-01-15,4.36,66.24,29.4,17,6722113,72.29,17,6158394,66.22,4,4513041,48.53,3,846191,9.1
2023-01-16,4.38,66.22,29.4,9,6722122,72.29,15,6158409,66.22,6,4513047,48.53,0,846191,9.1
2023-01-17,4.38,66.22,29.4,15,6722137,72.29,14,6158423,66.22,6,4513053,48.53,0,846191,9.1
2023-01-18,4.39,66.21,29.4,7,6722144,72.29,8,6158431,66.22,3,4513056,48.53,1,846192,9.1
2023-01-19,4.4,66.2,29.4,13,6722157,72.29,15,6158446,66.22,2,4513058,48.53,4,846196,9.1
2023-01-20,4.39,66.2,29.4,4,6722161,72.29,2,6158448,66.22,0,4513058,48.53,1,846197,9.1
2023-01-21,4.39,66.21,29.4,0,6722161,72.29,1,6158449,66.22,0,4513058,48.53,0,846197,9.1
2023-01-22,4.4,66.2,29.4,8,6722169,72.29,3,6158452,66.22,8,4513066,48.53,4,846201,9.1
2023-01-23,4.41,66.19,29.4,11,6722180,72.29,5,6158457,66.22,6,4513072,48.53,0,846201,9.1
2023-01-24,4.41,66.19,29.4,21,6722201,72.29,21,6158478,66.23,11,4513083,48.53,2,846203,9.1
2023-01-25,4.41,66.18,29.4,5,6722206,72.29,5,6158483,66.23,0,4513083,48.53,2,846205,9.1
2023-01-26,4.42,66.18,29.4,10,6722216,72.29,15,6158498,66.23,9,4513092,48.53,2,846207,9.1
2023-01-27,4.41,66.18,29.4,0,6722216,72.29,9,6158507,66.23,0,4513092,48.53,0,846207,9.1
2023-01-28,4.41,66.19,29.4,0,6722216,72.29,0,6158507,66.23,0,4513092,48.53,0,846207,9.1
2023-01-29,4.41,66.19,29.41,12,6722228,72.29,8,6158515,66.23,5,4513097,48.53,2,846209,9.1
2023-01-30,4.42,66.17,29.41,9,6722237,72.29,16,6158531,66.23,2,4513099,48.53,1,846210,9.1
2023-01-31,4.42,66.17,29.41,21,6722258,72.29,23,6158554,66.23,2,4513101,48.53,1,846211,9.1
2023-02-01,4.32,64.71,30.96,10,6722268,72.29,11,6158565,66.23,4,4513105,48.53,0,846211,9.1
2023-02-02,4.33,64.71,30.96,14,6722282,72.29,31,6158596,66.23,3,4513108,48.53,0,846211,9.1
2023-02-03,4.32,64.71,30.97,3,6722285,72.29,1,6158597,66.23,0,4513108,48.53,1,846212,9.1
2023-02-04,4.32,64.72,30.97,0,6722285,72.29,0,6158597,66.23,0,4513108,48.53,0,846212,9.1
2023-02-05,4.32,64.71,30.97,15,6722300,72.29,8,6158605,66.23,6,4513114,48.53,4,846216,9.1
2023-02-06,4.33,64.7,30.97,17,6722317,72.29,13,6158618,66.23,4,4513118,48.53,0,846216,9.1
2023-02-07,4.33,64.7,30.97,22,6722339,72.29,22,6158640,66.23,8,4513126,48.53,2,846218,9.1
2023-02-08,4.33,64.7,30.97,15,6722354,72.29,14,6158654,66.23,1,4513127,48.53,0,846218,9.1
2023-02-09,4.33,64.7,30.97,35,6722389,72.29,34,6158688,66.23,5,4513132,48.53,2,846220,9.1
2023-02-10,4.33,64.7,30.97,2,6722391,72.29,3,6158691,66.23,2,4513134,48.53,0,846220,9.1
2023-02-11,4.33,64.7,30.97,2,6722393,72.29,1,6158692,66.23,0,4513134,48.53,0,846220,9.1
2023-02-12,4.33,64.7,30.97,15,6722408,72.29,17,6158709,66.23,3,4513137,48.53,2,846222,9.1
2023-02-13,4.33,64.7,30.97,14,6722422,72.29,20,6158729,66.23,8,4513145,48.53,2,846224,9.1
2023-02-14,4.33,64.7,30.97,20,6722442,72.29,8,6158737,66.23,7,4513152,48.53,5,846229,9.1
2023-02-15,4.33,64.7,30.97,10,6722452,72.29,17,6158754,66.23,3,4513155,48.53,0,846229,9.1
2023-02-16,4.33,64.7,30.97,22,6722474,72.29,24,6158778,66.23,2,4513157,48.53,0,846229,9.1
2023-02-17,4.33,64.7,30.97,5,6722479,72.29,2,6158780,66.23,1,4513158,48.53,0,846229,9.1
2023-02-18,4.33,64.7,30.97,0,6722479,72.29,0,6158780,66.23,0,4513158,48.53,0,846229,9.1
2023-02-19,4.33,64.7,30.98,16,6722495,72.29,13,6158793,66.23,1,4513159,48.53,0,846229,9.1
2023-02-20,4.33,64.69,30.98,9,6722504,72.29,10,6158803,66.23,1,4513160,48.53,0,846229,9.1
2023-02-21,4.33,64.69,30.98,40,6722544,72.29,19,6158822,66.23,5,4513165,48.53,1,846230,9.1
2023-02-22,4.33,64.7,30.98,3,6722547,72.29,9,6158831,66.23,8,4513173,48.53,0,846230,9.1
2023-02-23,4.33,64.7,30.97,10,6722557,72.29,23,6158854,66.23,5,4513178,48.53,2,846232,9.1
2023-02-24,4.33,64.7,30.98,0,6722557,72.29,6,6158860,66.23,0,4513178,48.53,0,846232,9.1
2023-02-25,4.32,64.7,30.98,3,6722560,72.29,0,6158860,66.23,1,4513179,48.53,0,846232,9.1
2023-02-26,4.32,64.7,30.98,12,6722572,72.29,20,6158880,66.23,1,4513180,48.53,0,846232,9.1
2023-02-27,4.32,64.7,30.98,11,6722583,72.29,25,6158905,66.23,2,4513182,48.53,2,846234,9.1
2023-02-28,4.32,64.7,30.98,7,6722590,72.29,21,6158926,66.23,4,4513186,48.53,2,846236,9.1
2023-03-01,4.32,64.7,30.98,3,6722593,72.29,15,6158941,66.23,1,4513187,48.53,0,846236,9.1
2023-03-02,4.32,64.7,30.98,8,6722601,72.29,36,6158977,66.23,4,4513191,48.53,0,846236,9.1
2023-03-03,4.32,64.7,30.98,2,6722603,72.29,3,6158980,66.23,0,4513191,48.53,0,846236,9.1
2023-03-04,4.32,64.71,30.98,2,6722605,72.29,2,6158982,66.23,0,4513191,48.53,0,846236,9.1
