Date,Valid vaccinated pop. perc.,Expired vaccinated pop. perc.,Not vaccinated pop. perc.,Vaccinated (daily),Vaccinated (cumu),Vaccinated pop. perc.,Second dose (daily),Second dose (cumu),Second dose pop. perc.,Third dose (daily),Third dose (cumu),Third dose pop. perc.,Fourth dose (daily),Fourth dose (cumu),Fourth dose pop. perc.
2020-12-19,0,0,100,46,70,0,0,4,0,0,0,0,0,0,0
2020-12-20,0,0,100,7395,7465,0.08,0,4,0,0,0,0,0,0,0
2020-12-21,0,0,100,24923,32388,0.35,0,4,0,0,0,0,0,0,0
2020-12-22,0,0,100,44668,77056,0.83,0,4,0,0,0,0,0,0,0
2020-12-23,0,0,100,62918,139974,1.51,0,4,0,0,0,0,0,0,0
2020-12-24,0,0,100,73429,213403,2.29,0,4,0,0,0,0,0,0,0
2020-12-25,0,0,100,38517,251920,2.71,0,4,0,0,0,0,0,0,0
2020-12-26,0,0,100,32617,284537,3.06,0,4,0,0,0,0,0,0,0
2020-12-27,0,0,100,104571,389108,4.18,0,4,0,0,0,0,0,0,0
2020-12-28,0,0,100,135039,524147,5.64,0,4,0,0,0,0,0,0,0
2020-12-29,0,0,100,156334,680481,7.32,2,6,0,0,0,0,0,0,0
2020-12-30,0,0,100,153184,833665,8.96,0,6,0,0,0,0,0,0,0
2020-12-31,0,0,100,158590,992255,10.67,0,6,0,0,0,0,0,0,0
2021-01-01,0,0,100,71435,1063690,11.44,0,6,0,0,0,0,0,0,0
2021-01-02,0,0,100,71742,1135432,12.21,0,6,0,0,0,0,0,0,0
2021-01-03,0,0,100,149762,1285194,13.82,0,6,0,0,0,0,0,0,0
2021-01-04,0,0,100,152201,1437395,15.46,1,7,0,0,0,0,0,0,0
2021-01-05,0,0,100,125218,1562613,16.8,4,11,0,0,0,0,0,0,0
2021-01-06,0,0,100,103370,1665983,17.92,2,13,0,0,0,0,0,0,0
2021-01-07,0,0,100,116063,1782046,19.16,9,22,0,0,0,0,0,0,0
2021-01-08,0,0,100,66462,1848508,19.88,5,27,0,0,0,0,0,0,0
2021-01-09,0,0,100,44552,1893060,20.36,24,51,0,0,0,0,0,0,0
2021-01-10,0,0,100,37648,1930708,20.76,6000,6051,0.07,0,0,0,0,0,0
2021-01-11,0,0,100,21174,1951882,20.99,19264,25315,0.27,0,0,0,0,0,0
2021-01-12,0,0,100,24075,1975957,21.25,35674,60989,0.66,0,0,0,0,0,0
2021-01-13,0,0,100,52077,2028034,21.81,56874,117863,1.27,0,0,0,0,0,0
2021-01-14,0,0,100,56477,2084511,22.42,68838,186701,2.01,0,0,0,0,0,0
2021-01-15,0,0,100,30775,2115286,22.75,35942,222643,2.39,0,0,0,0,0,0
2021-01-16,0,0,100,29481,2144767,23.06,26006,248649,2.67,0,0,0,0,0,0
2021-01-17,0.31,0,99.69,68441,2213208,23.8,84596,333245,3.58,0,0,0,0,0,0
2021-01-18,0.58,0,99.42,69817,2283025,24.55,120436,453681,4.88,0,0,0,0,0,0
2021-01-19,1.09,0,98.91,72896,2355921,25.33,137847,591528,6.36,0,0,0,0,0,0
2021-01-20,1.9,0,98.1,76919,2432840,26.16,143763,735291,7.91,0,0,0,0,0,0
2021-01-21,2.88,0,97.12,70000,2502840,26.91,164472,899763,9.68,0,0,0,0,0,0
2021-01-22,3.39,0,96.61,37928,2540768,27.32,71131,970894,10.44,0,0,0,0,0,0
2021-01-23,3.77,0,96.23,39965,2580733,27.75,53594,1024488,11.02,0,0,0,0,0,0
2021-01-24,4.96,0,95.04,69146,2649879,28.5,140706,1165194,12.53,0,0,0,0,0,0
2021-01-25,6.61,0,93.39,80943,2730822,29.37,139519,1304713,14.03,0,0,0,0,0,0
2021-01-26,8.45,0,91.55,78730,2809552,30.21,126444,1431157,15.39,0,0,0,0,0,0
2021-01-27,10.34,0,89.66,77978,2887530,31.05,125068,1556225,16.73,0,0,0,0,0,0
2021-01-28,12.43,0,87.57,79569,2967099,31.91,130630,1686855,18.14,0,0,0,0,0,0
2021-01-29,13.34,0,86.66,36704,3003803,32.3,64792,1751647,18.84,0,0,0,0,0,0
2021-01-30,14.02,0,85.98,34394,3038197,32.67,42767,1794414,19.3,0,0,0,0,0,0
2021-01-31,15.76,0,84.24,73330,3111527,33.46,59503,1853917,19.94,0,0,0,0,0,0
2021-02-01,17.48,0,82.52,82510,3194037,34.35,35356,1889273,20.32,0,0,0,0,0,0
2021-02-02,19.01,0,80.99,70102,3264139,35.1,31072,1920345,20.65,0,0,0,0,0,0
2021-02-03,20.47,0,79.53,60308,3324447,35.75,51443,1971788,21.2,0,0,0,0,0,0
2021-02-04,22,0,78,72634,3397081,36.53,58096,2029884,21.83,0,0,0,0,0,0
2021-02-05,22.75,0,77.25,33943,3431024,36.9,28805,2058689,22.14,0,0,0,0,0,0
2021-02-06,23.23,0,76.77,21621,3452645,37.13,22232,2080921,22.38,0,0,0,0,0,0
2021-02-07,23.99,0,76.01,54080,3506725,37.71,68739,2149660,23.12,0,0,0,0,0,0
2021-02-08,24.52,0,75.48,58640,3565365,38.34,65467,2215127,23.82,0,0,0,0,0,0
2021-02-09,25.04,0,74.96,66354,3631719,39.05,67577,2282704,24.55,0,0,0,0,0,0
2021-02-10,25.77,0,74.23,70570,3702289,39.81,72313,2355017,25.32,0,0,0,0,0,0
2021-02-11,26.61,0,73.39,81174,3783463,40.69,72108,2427125,26.1,0,0,0,0,0,0
2021-02-12,27.02,0,72.98,39106,3822569,41.11,37596,2464721,26.5,0,0,0,0,0,0
2021-02-13,27.33,0,72.67,27463,3850032,41.4,30440,2495161,26.83,0,0,0,0,0,0
2021-02-14,28.25,0,71.75,74914,3924946,42.21,69083,2564244,27.57,0,0,0,0,0,0
2021-02-15,29.17,0,70.83,81545,4006491,43.08,75719,2639963,28.39,0,0,0,0,0,0
2021-02-16,30.11,0,69.89,83417,4089908,43.98,78299,2718262,29.23,0,0,0,0,0,0
2021-02-17,31.01,0,68.99,61983,4151891,44.65,75641,2793903,30.04,0,0,0,0,0,0
2021-02-18,31.94,0,68.06,69157,4221048,45.39,79738,2873641,30.9,0,0,0,0,0,0
2021-02-19,32.45,0,67.55,39674,4260722,45.82,38162,2911803,31.31,0,0,0,0,0,0
2021-02-20,32.85,0,67.15,31650,4292372,46.16,28724,2940527,31.62,0,0,0,0,0,0
2021-02-21,33.8,0,66.2,79434,4371806,47.01,78444,3018971,32.46,0,0,0,0,0,0
2021-02-22,34.83,0,65.17,85060,4456866,47.93,80594,3099565,33.33,0,0,0,0,0,0
2021-02-23,35.84,0,64.16,77329,4534195,48.76,70485,3170050,34.09,0,0,0,0,0,0
2021-02-24,36.76,0,63.24,61066,4595261,49.42,63143,3233193,34.77,0,0,0,0,0,0
2021-02-25,37.66,0,62.34,51727,4646988,49.97,64805,3297998,35.47,0,0,0,0,0,0
2021-02-26,38.1,0,61.9,25911,4672899,50.25,32041,3330039,35.81,0,0,0,0,0,0
2021-02-27,38.42,0,61.58,18352,4691251,50.45,21196,3351235,36.04,0,0,0,0,0,0
2021-02-28,39.24,0,60.76,40364,4731615,50.88,55873,3407108,36.64,0,0,0,0,0,0
2021-03-01,40.1,0,59.9,45750,4777365,51.37,61442,3468550,37.3,0,0,0,0,0,0
2021-03-02,40.85,0,59.15,41201,4818566,51.82,64798,3533348,38,0,0,0,0,0,0
2021-03-03,41.55,0,58.45,42033,4860599,52.27,66792,3600140,38.71,0,0,0,0,0,0
2021-03-04,42.24,0,57.76,39718,4900317,52.7,79125,3679265,39.56,0,0,0,0,0,0
2021-03-05,42.57,0,57.43,17368,4917685,52.88,40467,3719732,40,0,0,0,0,0,0
2021-03-06,42.78,0,57.22,10722,4928407,53,25347,3745079,40.27,0,0,0,0,0,0
2021-03-07,43.36,0,56.64,31156,4959563,53.33,72845,3817924,41.06,0,0,0,0,0,0
2021-03-08,43.97,0,56.03,27387,4986950,53.63,73295,3891219,41.84,0,0,0,0,0,0
2021-03-09,44.62,0,55.38,26757,5013707,53.91,76599,3967818,42.67,0,0,0,0,0,0
2021-03-10,45.27,0,54.73,23371,5037078,54.17,58684,4026502,43.3,0,0,0,0,0,0
2021-03-11,45.99,0,54.01,23304,5060382,54.42,69095,4095597,44.04,0,0,0,0,0,0
2021-03-12,46.34,0,53.66,11296,5071678,54.54,41414,4137011,44.49,0,0,0,0,0,0
2021-03-13,46.57,0,53.43,7952,5079630,54.62,25239,4162250,44.76,0,0,0,0,0,0
2021-03-14,47.2,0,52.8,20989,5100619,54.85,73935,4236185,45.55,0,0,0,0,0,0
2021-03-15,47.81,0,52.19,20150,5120769,55.07,78282,4314467,46.4,0,0,0,0,0,0
2021-03-16,48.43,0,51.57,18758,5139527,55.27,71480,4385947,47.16,0,0,0,0,0,0
2021-03-17,48.92,0,51.08,17704,5157231,55.46,59011,4444958,47.8,0,0,0,0,0,0
2021-03-18,49.45,0,50.55,16050,5173281,55.63,58125,4503083,48.42,0,0,0,0,0,0
2021-03-19,49.75,0,50.25,6956,5180237,55.71,27979,4531062,48.72,0,0,0,0,0,0
2021-03-20,49.93,0,50.07,5226,5185463,55.76,15301,4546363,48.89,0,0,0,0,0,0
2021-03-21,50.46,0,49.54,13171,5198634,55.9,40510,4586873,49.33,0,0,0,0,0,0
2021-03-22,51,0,49,13580,5212214,56.05,40541,4627414,49.76,0,0,0,0,0,0
2021-03-23,51.43,0,48.57,2844,5215058,56.08,7302,4634716,49.84,0,0,0,0,0,0
2021-03-24,51.84,0,48.16,11002,5226060,56.2,46557,4681273,50.34,0,0,0,0,0,0
2021-03-25,52.22,0,47.78,10271,5236331,56.31,35438,4716711,50.72,0,0,0,0,0,0
2021-03-26,52.4,0,47.6,4186,5240517,56.35,13334,4730045,50.86,0,0,0,0,0,0
2021-03-27,52.5,0,47.5,1786,5242303,56.37,4269,4734314,50.91,0,0,0,0,0,0
2021-03-28,52.74,0,47.26,2113,5244416,56.4,4611,4738925,50.96,0,0,0,0,0,0
2021-03-29,53,0,47,6916,5251332,56.47,30017,4768942,51.28,0,0,0,0,0,0
2021-03-30,53.08,0,46.92,7893,5259225,56.56,22454,4791396,51.52,0,0,0,0,0,0
2021-03-31,53.38,0,46.62,8153,5267378,56.64,19501,4810897,51.73,0,0,0,0,0,0
2021-04-01,53.62,0,46.38,8213,5275591,56.73,18701,4829598,51.94,0,0,0,0,0,0
2021-04-02,53.71,0,46.29,2942,5278533,56.76,8131,4837729,52.02,0,0,0,0,0,0
2021-04-03,53.74,0,46.26,1433,5279966,56.78,2982,4840711,52.05,0,0,0,0,0,0
2021-04-04,53.82,0,46.18,9618,5289584,56.88,22832,4863543,52.3,0,0,0,0,0,0
2021-04-05,54.04,0,45.96,10363,5299947,56.99,21275,4884818,52.53,0,0,0,0,0,0
2021-04-06,54.21,0,45.79,9030,5308977,57.09,16793,4901611,52.71,0,0,0,0,0,0
2021-04-07,54.36,0,45.64,8930,5317907,57.19,15311,4916922,52.87,0,0,0,0,0,0
2021-04-08,54.52,0,45.48,9428,5327335,57.29,17017,4933939,53.06,0,0,0,0,0,0
2021-04-09,54.58,0,45.42,3607,5330942,57.33,6258,4940197,53.12,0,0,0,0,0,0
2021-04-10,54.61,0,45.39,1634,5332576,57.34,3520,4943717,53.16,0,0,0,0,0,0
2021-04-11,54.78,0,45.22,9045,5341621,57.44,14248,4957965,53.32,0,0,0,0,0,0
2021-04-12,54.95,0,45.05,8935,5350556,57.54,13234,4971199,53.46,0,0,0,0,0,0
2021-04-13,55.08,0,44.92,5841,5356397,57.6,4959,4976158,53.51,0,0,0,0,0,0
2021-04-14,55.18,0,44.82,3651,5360048,57.64,5309,4981467,53.57,0,0,0,0,0,0
2021-04-15,55.27,0,44.73,697,5360745,57.65,582,4982049,53.57,0,0,0,0,0,0
2021-04-16,55.33,0,44.67,3417,5364162,57.68,6651,4988700,53.65,0,0,0,0,0,0
2021-04-17,55.35,0,44.65,822,5364984,57.69,1972,4990672,53.67,0,0,0,0,0,0
2021-04-18,55.47,0,44.53,7099,5372083,57.77,7433,4998105,53.75,0,0,0,0,0,0
2021-04-19,55.58,0,44.42,6406,5378489,57.84,7134,5005239,53.82,0,0,0,0,0,0
2021-04-20,55.65,0,44.35,6280,5384769,57.91,6887,5012126,53.9,0,0,0,0,0,0
2021-04-21,55.71,0,44.29,6381,5391150,57.97,7108,5019234,53.97,0,0,0,0,0,0
2021-04-22,55.75,0,44.25,5948,5397098,58.04,7689,5026923,54.06,0,0,0,0,0,0
2021-04-23,55.8,0,44.2,2766,5399864,58.07,3389,5030312,54.09,0,0,0,0,0,0
2021-04-24,55.82,0,44.18,767,5400631,58.08,1290,5031602,54.11,0,0,0,0,0,0
2021-04-25,55.89,0,44.11,4828,5405459,58.13,6924,5038526,54.18,0,0,0,0,0,0
2021-04-26,55.96,0,44.04,5479,5410938,58.19,7889,5046415,54.27,0,0,0,0,0,0
2021-04-27,56.03,0,43.97,4506,5415444,58.24,6625,5053040,54.34,0,0,0,0,0,0
2021-04-28,56.09,0,43.91,4501,5419945,58.28,7333,5060373,54.42,0,0,0,0,0,0
2021-04-29,56.16,0,43.84,4376,5424321,58.33,7292,5067665,54.5,0,0,0,0,0,0
2021-04-30,56.19,0,43.81,1923,5426244,58.35,3201,5070866,54.53,0,0,0,0,0,0
2021-05-01,56.2,0,43.8,458,5426702,58.36,895,5071761,54.54,0,0,0,0,0,0
2021-05-02,56.26,0,43.74,3225,5429927,58.39,6092,5077853,54.6,0,0,0,0,0,0
2021-05-03,56.32,0,43.68,3535,5433462,58.43,5833,5083686,54.67,0,0,0,0,0,0
2021-05-04,56.38,0,43.62,3592,5437054,58.47,4736,5088422,54.72,0,0,0,0,0,0
2021-05-05,56.44,0,43.56,3291,5440345,58.5,4093,5092515,54.76,0,0,0,0,0,0
2021-05-06,56.5,0,43.5,3643,5443988,58.54,3143,5095658,54.8,0,0,0,0,0,0
2021-05-07,56.52,0,43.48,1845,5445833,58.56,2508,5098166,54.82,0,0,0,0,0,0
2021-05-08,56.53,0,43.47,242,5446075,58.56,507,5098673,54.83,0,0,0,0,0,0
2021-05-09,56.58,0,43.42,2851,5448926,58.6,4750,5103423,54.88,0,0,0,0,0,0
2021-05-10,56.63,0,43.37,2898,5451824,58.63,4711,5108134,54.93,0,0,0,0,0,0
2021-05-11,56.67,0,43.33,2622,5454446,58.65,3879,5112013,54.97,0,0,0,0,0,0
2021-05-12,56.7,0,43.3,2031,5456477,58.68,3340,5115353,55.01,0,0,0,0,0,0
2021-05-13,56.73,0,43.27,2041,5458518,58.7,3684,5119037,55.05,0,0,0,0,0,0
2021-05-14,56.75,0,43.25,978,5459496,58.71,1494,5120531,55.06,0,0,0,0,0,0
2021-05-15,56.75,0,43.25,256,5459752,58.71,259,5120790,55.07,0,0,0,0,0,0
2021-05-16,56.78,0,43.22,529,5460281,58.72,1206,5121996,55.08,0,0,0,0,0,0
2021-05-17,56.81,0,43.19,301,5460582,58.72,848,5122844,55.09,0,0,0,0,0,0
2021-05-18,56.84,0,43.16,1961,5462543,58.74,4937,5127781,55.14,0,0,0,0,0,0
2021-05-19,56.87,0,43.13,2232,5464775,58.77,5041,5132822,55.2,0,0,0,0,0,0
2021-05-20,56.9,0,43.1,2312,5467087,58.79,3879,5136701,55.24,0,0,0,0,0,0
2021-05-21,56.92,0,43.08,1194,5468281,58.8,1414,5138115,55.25,0,0,0,0,0,0
2021-05-22,56.92,0,43.08,206,5468487,58.81,396,5138511,55.26,0,0,0,0,0,0
2021-05-23,56.94,0,43.06,2271,5470758,58.83,3216,5141727,55.29,0,0,0,0,0,0
2021-05-24,56.96,0,43.04,2139,5472897,58.85,3596,5145323,55.33,0,0,0,0,0,0
2021-05-25,56.99,0,43.01,1822,5474719,58.87,2587,5147910,55.36,0,0,0,0,0,0
2021-05-26,57.03,0,42.97,1410,5476129,58.89,2503,5150413,55.38,0,0,0,0,0,0
2021-05-27,57.06,0,42.94,1863,5477992,58.91,3188,5153601,55.42,0,0,0,0,0,0
2021-05-28,57.07,0,42.93,791,5478783,58.92,1406,5155007,55.43,0,0,0,0,0,0
2021-05-29,57.07,0,42.93,190,5478973,58.92,225,5155232,55.44,0,0,0,0,0,0
2021-05-30,57.1,0,42.9,1644,5480617,58.94,1937,5157169,55.46,0,0,0,0,0,0
2021-05-31,57.13,0,42.87,1739,5482356,58.95,2093,5159262,55.48,0,0,0,0,0,0
2021-06-01,57.47,0,42.53,1384,5483740,58.97,1823,5161085,55.5,0,0,0,0,0,0
2021-06-02,57.25,0,42.75,1513,5485253,58.99,1608,5162693,55.52,0,0,0,0,0,0
2021-06-03,57.27,0,42.73,1686,5486939,59,1493,5164186,55.53,0,0,0,0,0,0
2021-06-04,57.28,0,42.72,1101,5488040,59.02,784,5164970,55.54,0,0,0,0,0,0
2021-06-05,57.29,0,42.71,184,5488224,59.02,159,5165129,55.54,0,0,0,0,0,0
2021-06-06,57.31,0,42.69,4291,5492515,59.06,1002,5166131,55.55,0,0,0,0,0,0
2021-06-07,57.34,0,42.66,4438,5496953,59.11,813,5166944,55.56,0,0,0,0,0,0
2021-06-08,57.36,0,42.64,3739,5500692,59.15,1174,5168118,55.58,0,0,0,0,0,0
2021-06-09,57.4,0,42.6,3615,5504307,59.19,1329,5169447,55.59,0,0,0,0,0,0
2021-06-10,57.42,0,42.58,3359,5507666,59.23,1300,5170747,55.6,0,0,0,0,0,0
2021-06-11,57.43,0,42.57,1399,5509065,59.24,588,5171335,55.61,0,0,0,0,0,0
2021-06-12,57.43,0,42.57,219,5509284,59.24,173,5171508,55.61,0,0,0,0,0,0
2021-06-13,57.45,0,42.55,3101,5512385,59.28,1260,5172768,55.63,0,0,0,0,0,0
2021-06-14,57.46,0,42.54,3057,5515442,59.31,1531,5174299,55.64,0,0,0,0,0,0
2021-06-15,57.48,0,42.52,3137,5518579,59.34,1375,5175674,55.66,0,0,0,0,0,0
2021-06-16,57.49,0,42.51,2731,5521310,59.37,1001,5176675,55.67,0,0,0,0,0,0
2021-06-17,57.51,0,42.49,2732,5524042,59.4,1207,5177882,55.68,0,0,0,0,0,0
2021-06-18,57.52,0,42.48,1266,5525308,59.42,506,5178388,55.69,0,0,0,0,0,0
2021-06-19,57.52,0,42.48,242,5525550,59.42,139,5178527,55.69,0,0,0,0,0,0
2021-06-20,57.54,0,42.46,3316,5528866,59.45,1330,5179857,55.7,0,0,0,0,0,0
2021-06-21,57.56,0,42.44,5245,5534111,59.51,1217,5181074,55.71,0,0,0,0,0,0
2021-06-22,57.58,0,42.42,6933,5541044,59.59,1099,5182173,55.73,0,0,0,0,0,0
2021-06-23,57.6,0,42.4,10755,5551799,59.7,1304,5183477,55.74,0,0,0,0,0,0
2021-06-24,57.62,0,42.38,12049,5563848,59.83,1466,5184943,55.76,0,0,0,0,0,0
2021-06-25,57.62,0,42.38,7115,5570963,59.91,944,5185887,55.77,0,0,0,0,0,0
2021-06-26,57.63,0,42.37,2274,5573237,59.93,200,5186087,55.77,0,0,0,0,0,0
2021-06-27,57.65,0,42.35,13631,5586868,60.08,3436,5189523,55.81,0,0,0,0,0,0
2021-06-28,57.68,0,42.32,14518,5601386,60.23,3675,5193198,55.85,0,0,0,0,0,0
2021-06-29,57.69,0,42.31,16710,5618096,60.41,3743,5196941,55.89,0,0,0,0,0,0
2021-06-30,57.72,0,42.28,16485,5634581,60.59,3396,5200337,55.92,0,0,0,0,0,0
2021-07-01,57.78,0,42.22,16838,5651419,60.77,3377,5203714,55.96,121,121,0,0,0,0
2021-07-02,57.79,0,42.21,9836,5661255,60.88,1606,5205320,55.98,7,128,0,0,0,0
2021-07-03,57.79,0,42.21,2677,5663932,60.91,296,5205616,55.98,1,129,0,0,0,0
2021-07-04,57.85,0,42.15,17735,5681667,61.1,3161,5208777,56.01,2,131,0,0,0,0
2021-07-05,57.91,0,42.09,17850,5699517,61.29,3046,5211823,56.05,7,138,0,0,0,0
2021-07-06,57.99,0,42.01,17847,5717364,61.48,3409,5215232,56.08,11,149,0,0,0,0
2021-07-07,58.05,0,41.95,15529,5732893,61.65,2701,5217933,56.11,12,161,0,0,0,0
2021-07-08,58.12,0,41.88,16587,5749480,61.83,2880,5220813,56.14,17,178,0,0,0,0
2021-07-09,58.15,0,41.85,11125,5760605,61.95,1535,5222348,56.16,4,182,0,0,0,0
2021-07-10,58.15,0,41.85,4988,5765593,62,389,5222737,56.16,6,188,0,0,0,0
2021-07-11,58.22,0,41.78,1456,5767049,62.02,2848,5225585,56.19,8,196,0,0,0,0
2021-07-12,58.29,0,41.71,2425,5769474,62.04,3691,5229276,56.23,56,252,0,0,0,0
2021-07-13,58.36,0,41.64,2965,5772439,62.07,5458,5234734,56.29,124,376,0,0,0,0
2021-07-14,58.42,0,41.58,2747,5775186,62.1,7532,5242266,56.37,441,817,0.01,0,0,0
2021-07-15,58.5,0,41.5,3006,5778192,62.14,9298,5251564,56.47,374,1191,0.01,0,0,0
2021-07-16,58.54,0,41.46,1296,5779488,62.15,5898,5257462,56.54,66,1257,0.01,0,0,0
2021-07-17,58.55,0,41.44,370,5779858,62.15,1391,5258853,56.55,8,1265,0.01,0,0,0
2021-07-18,58.6,0,41.4,2073,5781931,62.18,9768,5268621,56.66,235,1500,0.02,0,0,0
2021-07-19,58.65,0,41.35,3210,5785141,62.21,11345,5279966,56.78,461,1961,0.02,0,0,0
2021-07-20,58.72,0,41.28,2687,5787828,62.24,11912,5291878,56.91,373,2334,0.03,0,0,0
2021-07-21,58.81,0,41.19,2405,5790233,62.27,11880,5303758,57.03,325,2659,0.03,0,0,0
2021-07-22,58.93,0,41.07,2875,5793108,62.3,13277,5317035,57.18,391,3050,0.03,0,0,0
2021-07-23,58.99,0,41.01,2036,5795144,62.32,8250,5325285,57.27,106,3156,0.03,0,0,0
2021-07-24,58.99,0,41,643,5795787,62.32,1485,5326770,57.28,7,3163,0.03,0,0,0
2021-07-25,59.1,0,40.89,4417,5800204,62.37,15497,5342267,57.45,223,3386,0.04,0,0,0
2021-07-26,59.24,0,40.75,5170,5805374,62.43,13533,5355800,57.59,325,3711,0.04,0,0,0
2021-07-27,59.37,0.01,40.62,5492,5810866,62.49,13578,5369378,57.74,414,4125,0.04,0,0,0
2021-07-28,59.5,0.01,40.49,3989,5814855,62.53,12343,5381721,57.87,472,4597,0.05,0,0,0
2021-07-29,59.65,0.01,40.33,4664,5819519,62.58,14199,5395920,58.03,532,5129,0.06,0,0,0
2021-07-30,59.74,0.02,40.25,2653,5822172,62.61,10855,5406775,58.14,4122,9251,0.1,0,0,0
2021-07-31,59.75,0.02,40.23,1406,5823578,62.62,3554,5410329,58.18,6159,15410,0.17,0,0,0
2021-08-01,59.91,0.02,40.06,3077,5826655,62.66,3364,5413693,58.22,31047,46457,0.5,0,0,0
2021-08-02,60.06,0.03,39.91,3132,5829787,62.69,3173,5416866,58.25,58514,104971,1.13,0,0,0
2021-08-03,60.21,0.03,39.76,3387,5833174,62.73,3328,5420194,58.29,78953,183924,1.98,0,0,0
2021-08-04,60.34,0.03,39.63,3530,5836704,62.77,3255,5423449,58.32,80764,264688,2.85,0,0,0
2021-08-05,60.49,0.04,39.47,4513,5841217,62.81,3569,5427018,58.36,88442,353130,3.8,0,0,0
2021-08-06,60.6,0.04,39.36,2436,5843653,62.84,1860,5428878,58.38,44744,397874,4.28,0,0,0
2021-08-07,60.63,0.04,39.32,1033,5844686,62.85,698,5429576,58.39,27353,425227,4.57,0,0,0
2021-08-08,60.68,0.04,39.28,4989,5849675,62.9,3082,5432658,58.42,80087,505314,5.43,0,0,0
2021-08-09,60.72,0.04,39.24,5339,5855014,62.96,3061,5435719,58.45,76489,581803,6.26,0,0,0
2021-08-10,60.75,0.04,39.2,5552,5860566,63.02,3203,5438922,58.49,75427,657230,7.07,0,0,0
2021-08-11,60.79,0.04,39.17,5694,5866260,63.08,2946,5441868,58.52,62639,719869,7.74,0,0,0
2021-08-12,60.83,0.04,39.12,7039,5873299,63.16,3288,5445156,58.55,59462,779331,8.38,0,0,0
2021-08-13,60.84,0.05,39.11,3819,5877118,63.2,2071,5447227,58.58,43869,823200,8.85,0,0,0
2021-08-14,60.85,0.05,39.1,2252,5879370,63.22,850,5448077,58.59,44486,867686,9.33,0,0,0
2021-08-15,60.89,0.05,39.06,7144,5886514,63.3,4531,5452608,58.63,97983,965669,10.38,0,0,0
2021-08-16,60.92,0.04,39.03,6991,5893505,63.38,4747,5457355,58.69,89521,1055190,11.35,0,0,0
2021-08-17,60.96,0.04,39,7572,5901077,63.46,5134,5462489,58.74,83320,1138510,12.24,0,0,0
2021-08-18,60.99,0.04,38.96,8643,5909720,63.55,4603,5467092,58.79,69267,1207777,12.99,0,0,0
2021-08-19,61.03,0.04,38.92,10080,5919800,63.66,5216,5472308,58.85,65974,1273751,13.7,0,0,0
2021-08-20,61.05,0.05,38.9,4768,5924568,63.71,2826,5475134,58.88,60452,1334203,14.35,0,0,0
2021-08-21,61.06,0.05,38.89,3498,5928066,63.75,1580,5476714,58.89,50725,1384928,14.89,0,0,0
2021-08-22,61.12,0.04,38.84,9821,5937887,63.85,4807,5481521,58.95,105108,1490036,16.02,0,0,0
2021-08-23,61.17,0.04,38.79,10924,5948811,63.97,4447,5485968,58.99,94032,1584068,17.03,0,0,0
2021-08-24,61.23,0.04,38.73,11721,5960532,64.1,4703,5490671,59.04,98551,1682619,18.09,0,0,0
2021-08-25,61.29,0.04,38.67,9612,5970144,64.2,4482,5495153,59.09,99550,1782169,19.16,0,0,0
2021-08-26,61.36,0.03,38.61,10108,5980252,64.31,5058,5500211,59.15,101229,1883398,20.25,0,0,0
2021-08-27,61.35,0.04,38.61,4325,5984577,64.36,2787,5502998,59.18,56694,1940092,20.86,0,0,0
2021-08-28,61.4,0.04,38.57,3700,5988277,64.39,1497,5504495,59.19,33539,1973631,21.22,0,0,0
2021-08-29,61.46,0.03,38.5,10321,5998598,64.51,5931,5510426,59.26,79549,2053180,22.08,0,0,0
2021-08-30,61.53,0.03,38.44,12334,6010932,64.64,7015,5517441,59.33,116006,2169186,23.33,0,0,0
2021-08-31,61.6,0.03,38.37,12076,6023008,64.77,6528,5523969,59.4,114874,2284060,24.56,0,0,0
2021-09-01,61.43,0.03,38.54,9033,6032041,64.87,6039,5530008,59.47,112491,2396551,25.77,0,0,0
2021-09-02,61.49,0.03,38.48,8785,6040826,64.96,7181,5537189,59.54,111542,2508093,26.97,0,0,0
2021-09-03,61.56,0.03,38.42,3750,6044576,65,4115,5541304,59.59,58884,2566977,27.6,0,0,0
2021-09-04,61.59,0.03,38.38,2692,6047268,65.03,2021,5543325,59.61,29950,2596927,27.93,0,0,0
2021-09-05,61.68,0.03,38.29,6991,6054259,65.1,6460,5549785,59.68,73326,2670253,28.71,0,0,0
2021-09-06,61.77,0.03,38.2,2836,6057095,65.14,2713,5552498,59.71,22797,2693050,28.96,0,0,0
2021-09-07,61.85,0.03,38.12,1200,6058295,65.15,880,5553378,59.72,5397,2698447,29.02,0,0,0
2021-09-08,61.93,0.03,38.05,1380,6059675,65.16,1196,5554574,59.73,6621,2705068,29.09,0,0,0
2021-09-09,62.02,0.03,37.95,7090,6066765,65.24,12572,5567146,59.87,73845,2778913,29.88,0,0,0
2021-09-10,62.06,0.03,37.91,3258,6070023,65.27,5016,5572162,59.92,37936,2816849,30.29,0,0,0
2021-09-11,62.08,0.03,37.89,2109,6072132,65.3,2506,5574668,59.95,14816,2831665,30.45,0,0,0
2021-09-12,62.16,0.03,37.81,6107,6078239,65.36,8587,5583255,60.04,54135,2885800,31.03,0,0,0
2021-09-13,62.15,0.03,37.82,5612,6083851,65.42,8262,5591517,60.13,47981,2933781,31.55,0,0,0
2021-09-14,62.2,0.03,37.77,4961,6088812,65.48,7420,5598937,60.21,48854,2982635,32.07,0,0,0
2021-09-15,62.25,0.03,37.72,1750,6090562,65.49,2717,5601654,60.24,16686,2999321,32.25,0,0,0
2021-09-16,62.37,0.03,37.6,343,6090905,65.5,549,5602203,60.24,1740,3001061,32.27,0,0,0
2021-09-17,62.42,0.03,37.54,3682,6094587,65.54,7020,5609223,60.32,42904,3043965,32.73,0,0,0
2021-09-18,62.45,0.03,37.52,2258,6096845,65.56,2945,5612168,60.35,12783,3056748,32.87,0,0,0
2021-09-19,62.55,0.03,37.42,5941,6102786,65.63,10710,5622878,60.47,44332,3101080,33.35,0,0,0
2021-09-20,62.63,0.03,37.34,3245,6106031,65.66,4645,5627523,60.52,16708,3117788,33.53,0,0,0
2021-09-21,62.69,0.03,37.28,1339,6107370,65.68,2060,5629583,60.54,3476,3121264,33.56,0,0,0
2021-09-22,62.72,0.03,37.25,4257,6111627,65.72,7250,5636833,60.62,25072,3146336,33.83,0,0,0
2021-09-23,62.75,0.03,37.22,4390,6116017,65.77,5913,5642746,60.68,27833,3174169,34.13,0,0,0
2021-09-24,62.82,0.03,37.15,3202,6119219,65.8,4185,5646931,60.72,27722,3201891,34.43,0,0,0
2021-09-25,62.85,0.03,37.12,2079,6121298,65.83,2261,5649192,60.75,10443,3212334,34.54,0,0,0
2021-09-26,62.96,0.03,37,5604,6126902,65.89,5972,5655164,60.81,36270,3248604,34.93,0,0,0
2021-09-27,63.02,0.03,36.94,4694,6131596,65.94,4468,5659632,60.86,30455,3279059,35.26,0,0,0
2021-09-28,63.06,0.04,36.91,1472,6133068,65.95,1183,5660815,60.87,6249,3285308,35.33,0,0,0
2021-09-29,63.13,0.03,36.84,9620,6142688,66.06,8346,5669161,60.96,60324,3345632,35.98,0,0,0
2021-09-30,63.18,0.03,36.79,10974,6153662,66.17,8575,5677736,61.06,79697,3425329,36.83,0,0,0
2021-10-01,63.23,0.03,36.73,5125,6158787,66.23,3875,5681611,61.1,46545,3471874,37.33,0,0,0
2021-10-02,63.26,0.03,36.71,2862,6161649,66.26,2127,5683738,61.12,22432,3494306,37.58,0,0,0
2021-10-03,63.35,0.03,36.62,11667,6173316,66.38,7273,5691011,61.2,70725,3565031,38.34,0,0,0
2021-10-04,63.4,0.03,36.57,10320,6183636,66.5,6759,5697770,61.27,51911,3616942,38.89,0,0,0
2021-10-05,63.41,0.03,36.55,8459,6192095,66.59,5314,5703084,61.33,40479,3657421,39.33,0,0,0
2021-10-06,63.52,0.03,36.45,7543,6199638,66.67,4183,5707267,61.37,34147,3691568,39.7,0,0,0
2021-10-07,63.63,0.03,36.34,6892,6206530,66.74,4009,5711276,61.42,34067,3725635,40.06,0,0,0
2021-10-08,63.68,0.03,36.29,3086,6209616,66.78,2643,5713919,61.44,19250,3744885,40.27,0,0,0
2021-10-09,63.71,0.03,36.26,1337,6210953,66.79,1443,5715362,61.46,7441,3752326,40.35,0,0,0
2021-10-10,63.82,0.04,36.14,4676,6215629,66.84,3748,5719110,61.5,21518,3773844,40.58,0,0,0
2021-10-11,63.91,0.04,36.05,4299,6219928,66.89,2943,5722053,61.53,17268,3791112,40.77,0,0,0
2021-10-12,63.99,0.05,35.96,3974,6223902,66.93,3003,5725056,61.56,15356,3806468,40.93,0,0,0
2021-10-13,64.09,0.05,35.86,3487,6227389,66.97,2451,5727507,61.59,13587,3820055,41.08,0,0,0
2021-10-14,64.19,0.06,35.75,3869,6231258,67.01,2685,5730192,61.62,16567,3836622,41.26,0,0,0
2021-10-15,64.23,0.07,35.7,1703,6232961,67.03,1683,5731875,61.64,9009,3845631,41.35,0,0,0
2021-10-16,64.25,0.08,35.67,727,6233688,67.03,956,5732831,61.65,4035,3849666,41.4,0,0,0
2021-10-17,64.36,0.09,35.56,3090,6236778,67.07,2525,5735356,61.68,12798,3862464,41.53,0,0,0
2021-10-18,64.43,0.1,35.47,2460,6239238,67.09,1690,5737046,61.69,10069,3872533,41.64,0,0,0
2021-10-19,64.49,0.1,35.4,2397,6241635,67.12,1284,5738330,61.71,9294,3881827,41.74,0,0,0
2021-10-20,64.14,0.52,35.34,2434,6244069,67.15,2305,5740635,61.73,10100,3891927,41.85,0,0,0
2021-10-21,54.23,10.41,35.36,3032,6247101,67.18,3096,5743731,61.77,12163,3904090,41.98,0,0,0
2021-10-22,54.36,10.26,35.38,1279,6248380,67.19,1436,5745167,61.78,5835,3909925,42.05,0,0,0
2021-10-23,54.42,10.19,35.39,572,6248952,67.2,1266,5746433,61.79,2564,3912489,42.07,0,0,0
2021-10-24,54.22,10.43,35.35,2515,6251467,67.23,2653,5749086,61.82,9855,3922344,42.18,0,0,0
2021-10-25,54.59,10.22,35.19,2635,6254102,67.25,2751,5751837,61.85,8509,3930853,42.27,0,0,0
2021-10-26,54.64,10.26,35.1,2380,6256482,67.28,2056,5753893,61.87,8524,3939377,42.36,0,0,0
2021-10-27,54.58,10.37,35.06,2289,6258771,67.3,2566,5756459,61.9,7954,3947331,42.45,0,0,0
2021-10-28,54.69,10.76,34.55,2503,6261274,67.33,2779,5759238,61.93,8672,3956003,42.54,0,0,0
2021-10-29,54.73,10.75,34.52,901,6262175,67.34,1151,5760389,61.94,4137,3960140,42.59,0,0,0
2021-10-30,54.68,10.81,34.52,366,6262541,67.34,530,5760919,61.95,1712,3961852,42.6,0,0,0
2021-10-31,54.83,10.7,34.47,2260,6264801,67.37,2495,5763414,61.98,8255,3970107,42.69,0,0,0
2021-11-01,54.95,10.63,34.42,1736,6266537,67.39,2092,5765506,62,6479,3976586,42.76,0,0,0
2021-11-02,54.89,10.69,34.42,2026,6268563,67.41,2044,5767550,62.02,6296,3982882,42.83,0,0,0
2021-11-03,54.86,10.75,34.39,1763,6270326,67.43,1897,5769447,62.04,5556,3988438,42.89,0,0,0
2021-11-04,54.85,10.81,34.33,2110,6272436,67.45,2803,5772250,62.07,7128,3995566,42.97,0,0,0
2021-11-05,54.85,10.83,34.32,789,6273225,67.46,904,5773154,62.08,3486,3999052,43,0,0,0
2021-11-06,54.82,10.86,34.32,347,6273572,67.46,387,5773541,62.09,1373,4000425,43.02,0,0,0
2021-11-07,54.92,10.8,34.28,1578,6275150,67.48,1769,5775310,62.1,6134,4006559,43.08,0,0,0
2021-11-08,55.01,10.75,34.24,1519,6276669,67.5,1602,5776912,62.12,5405,4011964,43.14,0,0,0
2021-11-09,55.05,10.74,34.21,1428,6278097,67.51,1611,5778523,62.14,5331,4017295,43.2,0,0,0
2021-11-10,55.08,10.73,34.19,1424,6279521,67.53,1660,5780183,62.16,4777,4022072,43.25,0,0,0
2021-11-11,55.15,10.69,34.15,1628,6281149,67.54,1945,5782128,62.18,5717,4027789,43.31,0,0,0
2021-11-12,55.17,10.69,34.14,634,6281783,67.55,826,5782954,62.19,2923,4030712,43.34,0,0,0
2021-11-13,55.14,10.72,34.14,257,6282040,67.55,286,5783240,62.19,1130,4031842,43.36,0,0,0
2021-11-14,55.21,10.68,34.11,1536,6283576,67.57,1637,5784877,62.21,5110,4036952,43.41,0,0,0
2021-11-15,55.28,10.63,34.09,1274,6284850,67.58,1622,5786499,62.23,4770,4041722,43.46,0,0,0
2021-11-16,55.32,10.62,34.07,1273,6286123,67.6,1416,5787915,62.24,4348,4046070,43.51,0,0,0
2021-11-17,55.35,10.6,34.05,1205,6287328,67.61,1565,5789480,62.26,3915,4049985,43.55,0,0,0
2021-11-18,55.41,10.58,34.02,1362,6288690,67.63,1692,5791172,62.28,5010,4054995,43.61,0,0,0
2021-11-19,55.42,10.57,34.01,588,6289278,67.63,763,5791935,62.28,2458,4057453,43.63,0,0,0
2021-11-20,55.41,10.58,34,238,6289516,67.63,257,5792192,62.29,929,4058382,43.64,0,0,0
2021-11-21,55.47,10.54,33.98,1409,6290925,67.65,1541,5793733,62.3,4880,4063262,43.69,0,0,0
2021-11-22,55.54,10.5,33.96,1680,6292605,67.67,1522,5795255,62.32,4239,4067501,43.74,0,0,0
2021-11-23,55.57,10.48,33.95,8622,6301227,67.76,1688,5796943,62.34,4008,4071509,43.78,0,0,0
2021-11-24,55.6,10.44,33.95,9349,6310576,67.86,1317,5798260,62.35,3923,4075432,43.83,0,0,0
2021-11-25,55.64,10.43,33.93,9812,6320388,67.97,1600,5799860,62.37,4839,4080271,43.88,0,0,0
2021-11-26,55.63,10.45,33.92,5610,6325998,68.03,749,5800609,62.38,2801,4083072,43.91,0,0,0
2021-11-27,55.62,10.46,33.92,4779,6330777,68.08,323,5800932,62.38,1163,4084235,43.92,0,0,0
2021-11-28,55.67,10.43,33.9,10152,6340929,68.19,1478,5802410,62.4,4901,4089136,43.97,0,0,0
2021-11-29,55.73,10.39,33.88,9042,6349971,68.28,1132,5803542,62.41,4376,4093512,44.02,0,0,0
2021-11-30,55.77,10.37,33.86,10044,6360015,68.39,1035,5804577,62.42,4084,4097596,44.06,0,0,0
2021-12-01,55.79,10.36,33.84,8632,6368647,68.49,1095,5805672,62.43,4442,4102038,44.11,6,6,0
2021-12-02,55.84,10.34,33.82,9176,6377823,68.58,1454,5807126,62.45,5125,4107163,44.17,6,12,0
2021-12-03,55.86,10.33,33.81,6332,6384155,68.65,673,5807799,62.45,2867,4110030,44.2,1,13,0
2021-12-04,55.85,10.34,33.81,2509,6386664,68.68,236,5808035,62.46,923,4110953,44.21,3,16,0
2021-12-05,55.9,10.31,33.79,8335,6394999,68.77,1253,5809288,62.47,4683,4115636,44.26,1,17,0
2021-12-06,55.95,10.27,33.78,6723,6401722,68.84,1200,5810488,62.48,4351,4119987,44.3,4,21,0
2021-12-07,55.99,10.25,33.76,5553,6407275,68.9,1503,5811991,62.5,3965,4123952,44.35,9,30,0
2021-12-08,56.03,10.22,33.75,4935,6412210,68.95,1199,5813190,62.51,3883,4127835,44.39,10,40,0
2021-12-09,56.08,10.19,33.73,6238,6418448,69.02,1239,5814429,62.53,4506,4132341,44.44,8,48,0
2021-12-10,56.1,10.18,33.72,3005,6421453,69.05,703,5815132,62.53,2687,4135028,44.47,4,52,0
2021-12-11,56.1,10.18,33.71,1491,6422944,69.07,253,5815385,62.54,1016,4136044,44.48,0,52,0
2021-12-12,56.16,10.15,33.69,7274,6430218,69.15,1444,5816829,62.55,5248,4141292,44.53,3,55,0
2021-12-13,56.21,10.11,33.67,6181,6436399,69.21,1376,5818205,62.57,4350,4145642,44.58,5,60,0
2021-12-14,56.27,10.09,33.65,7317,6443716,69.29,6101,5824306,62.63,4939,4150581,44.63,12,72,0
2021-12-15,56.34,10.06,33.6,7204,6450920,69.37,7404,5831710,62.71,5444,4156025,44.69,7,79,0
2021-12-16,56.53,10.05,33.42,8079,6458999,69.46,8613,5840323,62.8,6563,4162588,44.76,8,87,0
2021-12-17,56.64,10.05,33.3,4406,6463405,69.5,5140,5845463,62.86,3953,4166541,44.8,3,90,0
2021-12-18,56.73,10.07,33.2,3941,6467346,69.55,2914,5848377,62.89,1360,4167901,44.82,2,92,0
2021-12-19,56.92,10.04,33.04,6981,6474327,69.62,9331,5857708,62.99,6273,4174174,44.89,6,98,0
2021-12-20,57.07,10.02,32.91,7971,6482298,69.71,7517,5865225,63.07,5443,4179617,44.95,9,107,0
2021-12-21,57.27,10.01,32.71,9549,6491847,69.81,8649,5873874,63.16,6491,4186108,45.02,8,115,0
2021-12-22,57.49,10,32.52,9664,6501511,69.91,8155,5882029,63.25,6250,4192358,45.08,12,127,0
2021-12-23,57.7,9.97,32.33,11539,6513050,70.04,10264,5892293,63.36,8159,4200517,45.17,16,143,0
2021-12-24,57.83,9.96,32.21,5873,6518923,70.1,6241,5898534,63.43,5280,4205797,45.23,12,155,0
2021-12-25,57.9,9.96,32.15,3338,6522261,70.14,2566,5901100,63.46,2021,4207818,45.25,6,161,0
2021-12-26,58.1,9.92,31.98,10653,6532914,70.25,8910,5910010,63.55,8201,4216019,45.34,8,169,0
2021-12-27,58.27,9.9,31.83,10371,6543285,70.36,7145,5917155,63.63,8186,4224205,45.42,21,190,0
2021-12-28,58.46,9.88,31.66,11375,6554660,70.49,7452,5924607,63.71,9640,4233845,45.53,24,214,0
2021-12-29,58.64,9.85,31.51,9933,6564593,70.59,5963,5930570,63.77,8375,4242220,45.62,20,234,0
2021-12-30,58.84,9.82,31.34,11011,6575604,70.71,7735,5938305,63.86,12241,4254461,45.75,10,244,0
2021-12-31,58.9,9.79,31.3,4829,6580433,70.76,3672,5941977,63.9,7294,4261755,45.83,135,379,0
2022-01-01,58.93,9.79,31.28,1992,6582425,70.78,1591,5943568,63.91,2741,4264496,45.86,66,445,0
2022-01-02,59.14,9.76,31.1,10217,6592642,70.89,6487,5950055,63.98,13002,4277498,46,590,1035,0.01
2022-01-03,59.29,9.71,31,9384,6602026,70.99,5258,5955313,64.04,11340,4288838,46.12,25055,26090,0.28
2022-01-04,59.46,9.68,30.86,8967,6610993,71.09,5949,5961262,64.1,10525,4299363,46.23,50658,76748,0.83
2022-01-05,59.56,9.65,30.79,8553,6619546,71.18,5739,5967001,64.17,10493,4309856,46.35,59590,136338,1.47
2022-01-06,59.81,9.63,30.56,10339,6629885,71.29,7959,5974960,64.25,13530,4323386,46.49,63999,200337,2.15
2022-01-07,59.89,9.61,30.49,4760,6634645,71.35,4556,5979516,64.3,8165,4331551,46.58,31135,231472,2.49
2022-01-08,59.9,9.64,30.46,2750,6637395,71.38,2453,5981969,64.33,5501,4337052,46.64,27631,259103,2.79
2022-01-09,60.06,9.59,30.35,9306,6646701,71.48,7722,5989691,64.41,11868,4348920,46.77,66765,325868,3.5
2022-01-10,60.21,9.54,30.25,8350,6655051,71.57,7645,5997336,64.49,11878,4360798,46.89,64774,390642,4.2
2022-01-11,60.38,9.49,30.13,8100,6663151,71.65,8621,6005957,64.59,11971,4372769,47.02,56657,447299,4.81
2022-01-12,60.51,9.45,30.04,7277,6670428,71.73,8303,6014260,64.67,11114,4383883,47.14,44631,491930,5.29
2022-01-13,60.7,9.35,29.94,7507,6677935,71.81,9616,6023876,64.78,11542,4395425,47.27,34766,526696,5.66
2022-01-14,60.79,9.31,29.9,2555,6680490,71.84,4935,6028811,64.83,6144,4401569,47.33,11141,537837,5.78
2022-01-15,60.83,9.29,29.87,1469,6681959,71.85,3170,6031981,64.86,3884,4405453,47.37,5716,543553,5.85
2022-01-16,60.97,9.2,29.82,3818,6685777,71.9,8526,6040507,64.96,7681,4413134,47.46,19992,563545,6.06
2022-01-17,61.09,9.13,29.78,2809,6688586,71.93,7046,6047553,65.03,6171,4419305,47.52,17832,581377,6.25
2022-01-18,61.23,9.07,29.7,2475,6691061,71.95,7385,6054938,65.11,5534,4424839,47.58,14817,596194,6.41
2022-01-19,61.37,8.98,29.65,1914,6692975,71.97,6369,6061307,65.18,4520,4429359,47.63,8461,604655,6.5
2022-01-20,61.44,8.85,29.71,1779,6694754,71.99,6969,6068276,65.26,4792,4434151,47.68,8041,612696,6.59
2022-01-21,61.51,8.81,29.68,905,6695659,72,3725,6072001,65.3,2646,4436797,47.71,3358,616054,6.62
2022-01-22,61.51,8.75,29.74,328,6695987,72.01,1461,6073462,65.31,1066,4437863,47.72,1113,617167,6.64
2022-01-23,61.61,8.7,29.69,1068,6697055,72.02,5632,6079094,65.37,2878,4440741,47.75,6083,623250,6.7
2022-01-24,61.73,8.62,29.65,759,6697814,72.02,4480,6083574,65.42,2267,4443008,47.78,5055,628305,6.76
2022-01-25,61.9,8.51,29.59,744,6698558,72.03,4401,6087975,65.47,2182,4445190,47.8,7102,635407,6.83
2022-01-26,62.02,8.42,29.57,615,6699173,72.04,3285,6091260,65.5,1611,4446801,47.82,4262,639669,6.88
2022-01-27,62.12,8.35,29.52,798,6699971,72.05,4406,6095666,65.55,2005,4448806,47.84,5441,645110,6.94
2022-01-28,62.16,8.33,29.5,395,6700366,72.05,2376,6098042,65.58,1180,4449986,47.85,3452,648562,6.97
2022-01-29,62.23,8.29,29.48,124,6700490,72.05,1046,6099088,65.59,424,4450410,47.86,1162,649724,6.99
2022-01-30,62.3,8.24,29.46,769,6701259,72.06,4719,6103807,65.64,2020,4452430,47.88,8099,657823,7.07
2022-01-31,62.39,8.17,29.43,528,6701787,72.07,3184,6106991,65.67,1610,4454040,47.9,6472,664295,7.14
2022-02-01,62.45,8.15,29.4,481,6702268,72.07,2807,6109798,65.7,1525,4455565,47.91,5721,670016,7.21
2022-02-02,62.28,8.13,29.59,375,6702643,72.08,2395,6112193,65.73,1382,4456947,47.93,5074,675090,7.26
2022-02-03,62.34,8.08,29.57,446,6703089,72.08,2776,6114969,65.76,1461,4458408,47.94,5607,680697,7.32
2022-02-04,62.37,8.06,29.57,174,6703263,72.08,991,6115960,65.77,755,4459163,47.95,2455,683152,7.35
2022-02-05,62.34,8.09,29.56,62,6703325,72.08,342,6116302,65.77,221,4459384,47.95,420,683572,7.35
2022-02-06,62.41,8.05,29.55,406,6703731,72.09,2320,6118622,65.8,1343,4460727,47.97,5686,689258,7.41
2022-02-07,62.47,8.01,29.52,282,6704013,72.09,1307,6119929,65.81,983,4461710,47.98,5960,695218,7.48
2022-02-08,62.54,7.97,29.49,317,6704330,72.1,1498,6121427,65.83,1068,4462778,47.99,6137,701355,7.54
2022-02-09,62.6,7.95,29.45,254,6704584,72.1,1102,6122529,65.84,945,4463723,48,4570,705925,7.59
2022-02-10,62.63,7.93,29.44,273,6704857,72.1,1293,6123822,65.85,936,4464659,48.01,4815,710740,7.64
2022-02-11,62.67,7.91,29.42,211,6705068,72.1,557,6124379,65.86,518,4465177,48.02,2539,713279,7.67
2022-02-12,62.67,7.91,29.41,32,6705100,72.1,90,6124469,65.86,133,4465310,48.02,269,713548,7.67
2022-02-13,62.73,7.87,29.39,286,6705386,72.11,946,6125415,65.87,966,4466276,48.03,4998,718546,7.73
2022-02-14,62.89,7.74,29.36,180,6705566,72.11,627,6126042,65.88,760,4467036,48.04,3142,721688,7.76
2022-02-15,62.92,7.73,29.35,266,6705832,72.11,763,6126805,65.88,936,4467972,48.05,3818,725506,7.8
2022-02-16,62.95,7.72,29.34,179,6706011,72.11,577,6127382,65.89,803,4468775,48.05,2487,727993,7.83
2022-02-17,62.96,7.7,29.34,246,6706257,72.12,740,6128122,65.9,775,4469550,48.06,3061,731054,7.86
2022-02-18,62.98,7.69,29.33,131,6706388,72.12,342,6128464,65.9,437,4469987,48.07,1118,732172,7.87
2022-02-19,62.99,7.69,29.32,33,6706421,72.12,84,6128548,65.9,82,4470069,48.07,79,732251,7.87
2022-02-20,63.01,7.67,29.32,203,6706624,72.12,604,6129152,65.91,721,4470790,48.08,2574,734825,7.9
2022-02-21,63.04,7.65,29.31,173,6706797,72.12,413,6129565,65.91,489,4471279,48.08,1542,736367,7.92
2022-02-22,63.05,7.65,29.3,158,6706955,72.12,454,6130019,65.92,569,4471848,48.09,1871,738238,7.94
2022-02-23,63.06,7.65,29.29,109,6707064,72.12,353,6130372,65.92,453,4472301,48.09,1153,739391,7.95
2022-02-24,63.05,7.66,29.29,138,6707202,72.13,462,6130834,65.93,568,4472869,48.1,1492,740883,7.97
2022-02-25,63.06,7.66,29.28,59,6707261,72.13,144,6130978,65.93,190,4473059,48.1,456,741339,7.97
2022-02-26,63.05,7.67,29.28,17,6707278,72.13,28,6131006,65.93,161,4473220,48.1,35,741374,7.97
2022-02-27,63.05,7.67,29.28,112,6707390,72.13,341,6131347,65.93,448,4473668,48.11,1119,742493,7.98
2022-02-28,63.07,7.65,29.28,108,6707498,72.13,272,6131619,65.94,422,4474090,48.11,907,743400,7.99
2022-03-01,63.1,7.63,29.27,95,6707593,72.13,281,6131900,65.94,372,4474462,48.12,797,744197,8
2022-03-02,63.11,7.62,29.27,77,6707670,72.13,199,6132099,65.94,324,4474786,48.12,697,744894,8.01
2022-03-03,63.05,7.67,29.27,156,6707826,72.13,372,6132471,65.95,496,4475282,48.13,987,745881,8.02
2022-03-04,63.05,7.68,29.27,53,6707879,72.13,170,6132641,65.95,170,4475452,48.13,227,746108,8.02
2022-03-05,63.04,7.69,29.27,4,6707883,72.13,25,6132666,65.95,43,4475495,48.13,32,746140,8.02
2022-03-06,63.04,7.69,29.27,97,6707980,72.13,258,6132924,65.95,418,4475913,48.13,760,746900,8.03
2022-03-07,63.05,7.69,29.26,87,6708067,72.14,260,6133184,65.95,354,4476267,48.14,605,747505,8.04
2022-03-08,63.04,7.7,29.26,99,6708166,72.14,263,6133447,65.96,333,4476600,48.14,550,748055,8.04
2022-03-09,63.02,7.72,29.25,89,6708255,72.14,213,6133660,65.96,337,4476937,48.14,492,748547,8.05
2022-03-10,63.01,7.74,29.25,116,6708371,72.14,374,6134034,65.96,427,4477364,48.15,620,749167,8.06
2022-03-11,63,7.75,29.25,24,6708395,72.14,86,6134120,65.96,122,4477486,48.15,144,749311,8.06
2022-03-12,62.98,7.77,29.24,11,6708406,72.14,12,6134132,65.96,33,4477519,48.15,28,749339,8.06
2022-03-13,62.98,7.78,29.24,100,6708506,72.14,271,6134403,65.97,358,4477877,48.15,595,749934,8.06
2022-03-14,62.98,7.78,29.24,65,6708571,72.14,252,6134655,65.97,316,4478193,48.16,559,750493,8.07
2022-03-15,62.95,7.81,29.24,79,6708650,72.14,185,6134840,65.97,293,4478486,48.16,591,751084,8.08
2022-03-16,62.94,7.82,29.24,76,6708726,72.14,205,6135045,65.97,305,4478791,48.16,668,751752,8.08
2022-03-17,62.94,7.82,29.24,65,6708791,72.14,121,6135166,65.97,286,4479077,48.17,613,752365,8.09
2022-03-18,62.94,7.82,29.24,20,6708811,72.14,54,6135220,65.98,100,4479177,48.17,234,752599,8.09
2022-03-19,62.89,7.88,29.23,5,6708816,72.14,11,6135231,65.98,28,4479205,48.17,39,752638,8.09
2022-03-20,62.87,7.89,29.23,119,6708935,72.14,260,6135491,65.98,486,4479691,48.17,1431,754069,8.11
2022-03-21,62.87,7.9,29.23,97,6709032,72.15,247,6135738,65.98,379,4480070,48.18,1132,755201,8.12
2022-03-22,62.84,7.94,29.23,141,6709173,72.15,342,6136080,65.98,507,4480577,48.18,1770,756971,8.14
2022-03-23,62.81,7.97,29.22,108,6709281,72.15,212,6136292,65.99,463,4481040,48.19,1676,758647,8.16
2022-03-24,62.78,8,29.22,174,6709455,72.15,345,6136637,65.99,768,4481808,48.2,2362,761009,8.18
2022-03-25,62.78,8,29.23,39,6709494,72.15,82,6136719,65.99,156,4481964,48.2,629,761638,8.19
2022-03-26,62.77,8,29.22,12,6709506,72.15,13,6136732,65.99,34,4481998,48.2,91,761729,8.19
2022-03-27,62.75,8.02,29.22,167,6709673,72.15,344,6137076,66,758,4482756,48.21,3193,764922,8.23
2022-03-28,62.75,8.03,29.22,113,6709786,72.15,270,6137346,66,623,4483379,48.21,2416,767338,8.25
2022-03-29,62.7,8.07,29.22,125,6709911,72.16,259,6137605,66,641,4484020,48.22,2771,770109,8.28
2022-03-30,62.81,8.11,29.07,132,6710043,72.16,207,6137812,66,539,4484559,48.22,2370,772479,8.31
2022-03-31,62.79,8.11,29.1,166,6710209,72.16,302,6138114,66.01,730,4485289,48.23,2852,775331,8.34
2022-04-01,62.72,8.13,29.15,122,6710331,72.16,161,6138275,66.01,277,4485566,48.24,585,775916,8.34
2022-04-02,62.69,8.15,29.16,7,6710338,72.16,7,6138282,66.01,37,4485603,48.24,52,775968,8.34
2022-04-03,62.65,8.16,29.19,159,6710497,72.16,270,6138552,66.01,569,4486172,48.24,2478,778446,8.37
2022-04-04,62.62,8.16,29.22,103,6710600,72.16,207,6138759,66.01,484,4486656,48.25,2224,780670,8.39
2022-04-05,62.57,8.19,29.25,122,6710722,72.16,219,6138978,66.02,513,4487169,48.25,2242,782912,8.42
2022-04-06,62.55,8.2,29.25,92,6710814,72.16,155,6139133,66.02,383,4487552,48.26,2021,784933,8.44
2022-04-07,62.56,8.2,29.24,191,6711005,72.17,215,6139348,66.02,641,4488193,48.26,2556,787489,8.47
2022-04-08,62.54,8.22,29.23,30,6711035,72.17,61,6139409,66.02,153,4488346,48.27,482,787971,8.47
2022-04-09,62.52,8.25,29.23,6,6711041,72.17,17,6139426,66.02,28,4488374,48.27,47,788018,8.47
2022-04-10,62.51,8.26,29.23,103,6711144,72.17,264,6139690,66.02,429,4488803,48.27,1845,789863,8.49
2022-04-11,62.54,8.26,29.2,78,6711222,72.17,201,6139891,66.03,371,4489174,48.27,1425,791288,8.51
2022-04-12,62.58,8.29,29.12,204,6711426,72.17,168,6140059,66.03,375,4489549,48.28,1360,792648,8.52
2022-04-13,62.58,8.31,29.1,119,6711545,72.17,150,6140209,66.03,296,4489845,48.28,1217,793865,8.54
2022-04-14,62.57,8.33,29.1,85,6711630,72.17,221,6140430,66.03,320,4490165,48.28,1069,794934,8.55
2022-04-15,62.55,8.35,29.1,9,6711639,72.17,51,6140481,66.03,47,4490212,48.29,82,795016,8.55
2022-04-16,62.53,8.37,29.1,3,6711642,72.17,8,6140489,66.03,21,4490233,48.29,29,795045,8.55
2022-04-17,62.52,8.38,29.1,62,6711704,72.17,131,6140620,66.03,229,4490462,48.29,807,795852,8.56
2022-04-18,62.51,8.38,29.1,69,6711773,72.18,109,6140729,66.03,252,4490714,48.29,749,796601,8.57
2022-04-19,62.5,8.4,29.1,62,6711835,72.18,144,6140873,66.04,273,4490987,48.29,842,797443,8.58
2022-04-20,62.48,8.42,29.1,60,6711895,72.18,117,6140990,66.04,235,4491222,48.3,654,798097,8.58
2022-04-21,62.47,8.43,29.1,53,6711948,72.18,109,6141099,66.04,197,4491419,48.3,479,798576,8.59
2022-04-22,62.45,8.44,29.11,3,6711951,72.18,17,6141116,66.04,19,4491438,48.3,19,798595,8.59
2022-04-23,62.43,8.46,29.11,6,6711957,72.18,9,6141125,66.04,15,4491453,48.3,13,798608,8.59
2022-04-24,62.43,8.47,29.1,92,6712049,72.18,250,6141375,66.04,329,4491782,48.3,872,799480,8.6
2022-04-25,62.43,8.47,29.1,105,6712154,72.18,191,6141566,66.04,316,4492098,48.31,738,800218,8.61
2022-04-26,62.42,8.48,29.1,75,6712229,72.18,175,6141741,66.05,303,4492401,48.31,787,801005,8.61
2022-04-27,62.41,8.49,29.1,54,6712283,72.18,160,6141901,66.05,227,4492628,48.31,640,801645,8.62
2022-04-28,62.41,8.5,29.1,96,6712379,72.18,232,6142133,66.05,329,4492957,48.32,871,802516,8.63
2022-04-29,62.39,8.51,29.1,113,6712492,72.18,159,6142292,66.05,183,4493140,48.32,195,802711,8.63
2022-04-30,62.38,8.52,29.1,1,6712493,72.18,3,6142295,66.05,24,4493164,48.32,22,802733,8.63
2022-05-01,62.38,8.53,29.09,135,6712628,72.18,185,6142480,66.05,316,4493480,48.32,630,803363,8.64
2022-05-02,62.37,8.54,29.09,62,6712690,72.19,155,6142635,66.05,235,4493715,48.32,491,803854,8.64
2022-05-03,62.36,8.55,29.09,72,6712762,72.19,151,6142786,66.06,288,4494003,48.33,508,804362,8.65
2022-05-04,62.35,8.57,29.08,23,6712785,72.19,56,6142842,66.06,63,4494066,48.33,126,804488,8.65
2022-05-05,62.34,8.58,29.08,4,6712789,72.19,1,6142843,66.06,8,4494074,48.33,13,804501,8.65
2022-05-06,62.33,8.59,29.08,20,6712809,72.19,59,6142902,66.06,64,4494138,48.33,151,804652,8.65
2022-05-07,62.32,8.6,29.08,1,6712810,72.19,7,6142909,66.06,27,4494165,48.33,24,804676,8.65
2022-05-08,62.31,8.61,29.08,118,6712928,72.19,207,6143116,66.06,270,4494435,48.33,457,805133,8.66
2022-05-09,62.31,8.61,29.08,59,6712987,72.19,162,6143278,66.06,251,4494686,48.33,505,805638,8.66
2022-05-10,62.3,8.62,29.08,131,6713118,72.19,169,6143447,66.06,261,4494947,48.34,508,806146,8.67
2022-05-11,62.3,8.63,29.08,58,6713176,72.19,118,6143565,66.06,182,4495129,48.34,464,806610,8.67
2022-05-12,62.29,8.64,29.07,119,6713295,72.19,200,6143765,66.07,278,4495407,48.34,665,807275,8.68
2022-05-13,62.28,8.65,29.07,11,6713306,72.19,44,6143809,66.07,71,4495478,48.34,110,807385,8.68
2022-05-14,62.26,8.66,29.07,6,6713312,72.19,13,6143822,66.07,11,4495489,48.34,23,807408,8.68
2022-05-15,62.26,8.67,29.07,90,6713402,72.19,175,6143997,66.07,246,4495735,48.34,665,808073,8.69
2022-05-16,62.19,8.65,29.16,68,6713470,72.19,141,6144138,66.07,230,4495965,48.35,508,808581,8.7
2022-05-17,62.18,8.66,29.16,73,6713543,72.19,153,6144291,66.07,269,4496234,48.35,617,809198,8.7
2022-05-18,62.17,8.67,29.16,43,6713586,72.19,99,6144390,66.07,169,4496403,48.35,447,809645,8.71
2022-05-19,62.16,8.68,29.16,64,6713650,72.2,171,6144561,66.08,212,4496615,48.35,499,810144,8.71
2022-05-20,62.15,8.69,29.16,75,6713725,72.2,114,6144675,66.08,130,4496745,48.36,138,810282,8.71
2022-05-21,62.14,8.7,29.16,4,6713729,72.2,7,6144682,66.08,14,4496759,48.36,18,810300,8.71
2022-05-22,62.14,8.71,29.16,87,6713816,72.2,188,6144870,66.08,216,4496975,48.36,426,810726,8.72
2022-05-23,62.14,8.71,29.16,64,6713880,72.2,120,6144990,66.08,156,4497131,48.36,346,811072,8.72
2022-05-24,62.13,8.71,29.15,43,6713923,72.2,119,6145109,66.08,157,4497288,48.36,394,811466,8.73
2022-05-25,62.12,8.72,29.15,61,6713984,72.2,103,6145212,66.08,168,4497456,48.36,337,811803,8.73
2022-05-26,62.11,8.73,29.16,72,6714056,72.2,136,6145348,66.08,186,4497642,48.37,348,812151,8.73
2022-05-27,62.1,8.74,29.16,12,6714068,72.2,29,6145377,66.08,43,4497685,48.37,59,812210,8.73
2022-05-28,62.09,8.75,29.16,2,6714070,72.2,5,6145382,66.08,8,4497693,48.37,12,812222,8.73
2022-05-29,62.09,8.75,29.16,89,6714159,72.2,153,6145535,66.09,163,4497856,48.37,315,812537,8.74
2022-05-30,62.09,8.76,29.16,56,6714215,72.2,133,6145668,66.09,125,4497981,48.37,291,812828,8.74
2022-05-31,62.07,8.78,29.15,45,6714260,72.2,104,6145772,66.09,153,4498134,48.37,351,813179,8.74
2022-06-01,61.95,8.9,29.16,63,6714323,72.2,91,6145863,66.09,117,4498251,48.37,276,813455,8.75
2022-06-02,45.96,24.88,29.15,77,6714400,72.2,156,6146019,66.09,177,4498428,48.37,255,813710,8.75
2022-06-03,45.9,24.95,29.16,10,6714410,72.2,23,6146042,66.09,21,4498449,48.37,33,813743,8.75
2022-06-04,45.84,25,29.16,0,6714410,72.2,7,6146049,66.09,8,4498457,48.37,5,813748,8.75
2022-06-05,45.8,25.05,29.16,11,6714421,72.2,14,6146063,66.09,7,4498464,48.37,2,813750,8.75
2022-06-06,39.96,30.89,29.16,58,6714479,72.2,144,6146207,66.09,161,4498625,48.38,262,814012,8.75
2022-06-07,39.92,30.93,29.15,54,6714533,72.2,134,6146341,66.09,142,4498767,48.38,379,814391,8.76
2022-06-08,39.89,30.96,29.15,58,6714591,72.21,104,6146445,66.1,131,4498898,48.38,497,814888,8.76
2022-06-09,39.86,30.99,29.15,84,6714675,72.21,207,6146652,66.1,234,4499132,48.38,642,815530,8.77
2022-06-10,39.83,31.02,29.15,14,6714689,72.21,51,6146703,66.1,59,4499191,48.38,141,815671,8.77
2022-06-11,39.8,31.05,29.15,0,6714689,72.21,3,6146706,66.1,7,4499198,48.38,19,815690,8.77
2022-06-12,39.8,31.05,29.15,109,6714798,72.21,199,6146905,66.1,191,4499389,48.38,767,816457,8.78
2022-06-13,39.81,31.04,29.15,84,6714882,72.21,142,6147047,66.1,168,4499557,48.39,625,817082,8.79
2022-06-14,39.79,31.06,29.15,116,6714998,72.21,173,6147220,66.1,208,4499765,48.39,759,817841,8.79
2022-06-15,39.78,31.08,29.15,71,6715069,72.21,141,6147361,66.11,208,4499973,48.39,699,818540,8.8
2022-06-16,39.74,31.11,29.14,94,6715163,72.21,136,6147497,66.11,218,4500191,48.39,742,819282,8.81
2022-06-17,39.72,31.14,29.15,16,6715179,72.21,63,6147560,66.11,53,4500244,48.39,124,819406,8.81
2022-06-18,39.68,31.17,29.14,3,6715182,72.21,4,6147564,66.11,11,4500255,48.39,15,819421,8.81
2022-06-19,39.53,31.33,29.15,115,6715297,72.21,207,6147771,66.11,318,4500573,48.4,877,820298,8.82
2022-06-20,33.92,36.85,29.23,99,6715396,72.21,152,6147923,66.11,307,4500880,48.4,922,821220,8.83
2022-06-21,33.58,37.19,29.23,94,6715490,72.22,154,6148077,66.11,375,4501255,48.4,1229,822449,8.84
2022-06-22,33.28,37.49,29.23,110,6715600,72.22,135,6148212,66.11,339,4501594,48.41,894,823343,8.85
2022-06-23,32.84,37.92,29.23,132,6715732,72.22,217,6148429,66.12,525,4502119,48.41,1146,824489,8.87
2022-06-24,32.43,38.34,29.24,19,6715751,72.22,35,6148464,66.12,110,4502229,48.41,207,824696,8.87
2022-06-25,32.04,38.72,29.24,1,6715752,72.22,3,6148467,66.12,12,4502241,48.41,16,824712,8.87
2022-06-26,31.63,39.13,29.24,107,6715859,72.22,158,6148625,66.12,379,4502620,48.42,933,825645,8.88
2022-06-27,31.29,39.47,29.24,86,6715945,72.22,172,6148797,66.12,392,4503012,48.42,1028,826673,8.89
2022-06-28,30.86,39.91,29.24,84,6716029,72.22,151,6148948,66.12,364,4503376,48.43,932,827605,8.9
2022-06-29,30.48,40.28,29.24,76,6716105,72.22,106,6149054,66.12,265,4503641,48.43,816,828421,8.91
2022-06-30,30.05,40.71,29.24,86,6716191,72.22,165,6149219,66.13,356,4503997,48.43,1061,829482,8.92
2022-07-01,29.62,41.14,29.24,22,6716213,72.22,28,6149247,66.13,55,4504052,48.43,80,829562,8.92
2022-07-02,29.2,41.56,29.24,1,6716214,72.22,2,6149249,66.13,8,4504060,48.43,18,829580,8.92
2022-07-03,28.81,41.95,29.24,100,6716314,72.22,177,6149426,66.13,322,4504382,48.44,637,830217,8.93
2022-07-04,28.5,42.26,29.24,76,6716390,72.22,140,6149566,66.13,278,4504660,48.44,749,830966,8.94
2022-07-05,28.06,42.7,29.24,59,6716449,72.23,142,6149708,66.13,302,4504962,48.44,688,831654,8.94
2022-07-06,27.39,43.37,29.24,78,6716527,72.23,124,6149832,66.13,211,4505173,48.45,646,832300,8.95
2022-07-07,26.48,44.28,29.24,82,6716609,72.23,164,6149996,66.13,267,4505440,48.45,721,833021,8.96
2022-07-08,25.47,45.29,29.24,17,6716626,72.23,33,6150029,66.13,69,4505509,48.45,131,833152,8.96
2022-07-09,24.42,46.34,29.24,0,6716626,72.23,1,6150030,66.13,3,4505512,48.45,2,833154,8.96
2022-07-10,23.77,46.99,29.24,90,6716716,72.23,164,6150194,66.14,229,4505741,48.45,470,833624,8.96
2022-07-11,23.22,47.54,29.24,64,6716780,72.23,142,6150336,66.14,248,4505989,48.46,575,834199,8.97
2022-07-12,22.13,48.63,29.24,69,6716849,72.23,129,6150465,66.14,207,4506196,48.46,558,834757,8.98
2022-07-13,21.1,49.66,29.24,43,6716892,72.23,101,6150566,66.14,165,4506361,48.46,488,835245,8.98
2022-07-14,20.12,50.63,29.24,69,6716961,72.23,147,6150713,66.14,209,4506570,48.46,512,835757,8.99
2022-07-15,19.27,51.48,29.25,64,6717025,72.23,88,6150801,66.14,127,4506697,48.46,166,835923,8.99
2022-07-16,18.29,52.46,29.25,0,6717025,72.23,6,6150807,66.14,7,4506704,48.46,8,835931,8.99
2022-07-17,17.83,52.92,29.25,77,6717102,72.23,183,6150990,66.14,241,4506945,48.47,468,836399,8.99
2022-07-18,17.48,53.26,29.26,62,6717164,72.23,158,6151148,66.15,207,4507152,48.47,511,836910,9
2022-07-19,16.77,53.97,29.26,62,6717226,72.23,147,6151295,66.15,174,4507326,48.47,368,837278,9
2022-07-20,16.09,54.64,29.26,52,6717278,72.23,133,6151428,66.15,137,4507463,48.47,423,837701,9.01
2022-07-21,15.43,55.3,29.27,61,6717339,72.23,158,6151586,66.15,176,4507639,48.47,341,838042,9.01
2022-07-22,14.64,56.08,29.28,10,6717349,72.24,36,6151622,66.15,43,4507682,48.47,56,838098,9.01
2022-07-23,14.17,56.55,29.28,0,6717349,72.24,4,6151626,66.15,4,4507686,48.47,9,838107,9.01
2022-07-24,13.55,57.16,29.29,58,6717407,72.24,128,6151754,66.15,197,4507883,48.48,364,838471,9.02
2022-07-25,13.09,57.61,29.3,48,6717455,72.24,107,6151861,66.15,172,4508055,48.48,336,838807,9.02
2022-07-26,12.46,58.23,29.3,47,6717502,72.24,99,6151960,66.16,111,4508166,48.48,270,839077,9.02
2022-07-27,11.89,58.8,29.31,43,6717545,72.24,125,6152085,66.16,132,4508298,48.48,243,839320,9.03
2022-07-28,11.35,59.34,29.31,62,6717607,72.24,143,6152228,66.16,147,4508445,48.48,220,839540,9.03
2022-07-29,10.85,59.83,29.32,10,6717617,72.24,25,6152253,66.16,27,4508472,48.48,31,839571,9.03
2022-07-30,10.34,60.33,29.33,0,6717617,72.24,0,6152253,66.16,1,4508473,48.48,1,839572,9.03
2022-07-31,9.97,60.7,29.33,56,6717673,72.24,134,6152387,66.16,131,4508604,48.48,252,839824,9.03
2022-08-01,9.47,61.19,29.34,54,6717727,72.24,76,6152463,66.16,89,4508693,48.48,152,839976,9.03
2022-08-02,8.92,61.73,29.35,111,6717838,72.24,119,6152582,66.16,157,4508850,48.49,264,840240,9.04
2022-08-03,8.46,62.19,29.35,76,6717914,72.24,71,6152653,66.16,92,4508942,48.49,178,840418,9.04
2022-08-04,8.04,62.61,29.36,133,6718047,72.24,133,6152786,66.16,111,4509053,48.49,246,840664,9.04
2022-08-05,7.71,62.93,29.36,30,6718077,72.24,23,6152809,66.16,13,4509066,48.49,24,840688,9.04
2022-08-06,7.32,63.32,29.36,1,6718078,72.24,2,6152811,66.16,1,4509067,48.49,5,840693,9.04
2022-08-07,6.92,63.71,29.37,89,6718167,72.24,97,6152908,66.17,69,4509136,48.49,169,840862,9.04
2022-08-08,6.74,63.89,29.37,76,6718243,72.24,95,6153003,66.17,122,4509258,48.49,172,841034,9.04
2022-08-09,6.25,64.37,29.38,96,6718339,72.25,90,6153093,66.17,99,4509357,48.49,213,841247,9.05
2022-08-10,5.91,64.71,29.38,77,6718416,72.25,59,6153152,66.17,76,4509433,48.49,115,841362,9.05
2022-08-11,5.59,65.03,29.38,54,6718470,72.25,101,6153253,66.17,91,4509524,48.49,155,841517,9.05
2022-08-12,5.35,65.27,29.38,8,6718478,72.25,12,6153265,66.17,18,4509542,48.49,29,841546,9.05
2022-08-13,5.1,65.52,29.38,0,6718478,72.25,2,6153267,66.17,2,4509544,48.49,3,841549,9.05
2022-08-14,4.87,65.75,29.39,74,6718552,72.25,75,6153342,66.17,82,4509626,48.49,150,841699,9.05
2022-08-15,4.74,65.87,29.39,68,6718620,72.25,81,6153423,66.17,93,4509719,48.5,143,841842,9.05
2022-08-16,4.46,66.15,29.39,82,6718702,72.25,84,6153507,66.17,84,4509803,48.5,187,842029,9.05
2022-08-17,4.16,66.44,29.39,47,6718749,72.25,55,6153562,66.17,36,4509839,48.5,115,842144,9.06
2022-08-18,3.98,66.63,29.39,69,6718818,72.25,93,6153655,66.17,120,4509959,48.5,173,842317,9.06
2022-08-19,3.83,66.78,29.39,77,6718895,72.25,67,6153722,66.17,56,4510015,48.5,38,842355,9.06
2022-08-20,3.67,66.94,29.39,1,6718896,72.25,1,6153723,66.17,3,4510018,48.5,3,842358,9.06
2022-08-21,3.52,67.08,29.4,51,6718947,72.25,85,6153808,66.17,84,4510102,48.5,197,842555,9.06
2022-08-22,3.44,67.16,29.4,89,6719036,72.25,74,6153882,66.18,103,4510205,48.5,143,842698,9.06
2022-08-23,3.27,67.33,29.4,72,6719108,72.25,106,6153988,66.18,84,4510289,48.5,180,842878,9.06
2022-08-24,3.15,67.46,29.4,38,6719146,72.25,80,6154068,66.18,49,4510338,48.5,133,843011,9.07
2022-08-25,3.03,67.57,29.4,53,6719199,72.25,75,6154143,66.18,97,4510435,48.5,193,843204,9.07
2022-08-26,2.94,67.66,29.4,4,6719203,72.25,15,6154158,66.18,9,4510444,48.5,14,843218,9.07
2022-08-27,2.84,67.76,29.4,0,6719203,72.25,0,6154158,66.18,0,4510444,48.5,0,843218,9.07
2022-08-28,2.75,67.85,29.4,55,6719258,72.26,80,6154238,66.18,85,4510529,48.5,102,843320,9.07
2022-08-29,2.69,67.91,29.4,48,6719306,72.26,68,6154306,66.18,89,4510618,48.5,107,843427,9.07
2022-08-30,2.6,68,29.4,85,6719391,72.26,113,6154419,66.18,85,4510703,48.51,130,843557,9.07
2022-08-31,2.53,68.07,29.4,42,6719433,72.26,88,6154507,66.18,70,4510773,48.51,96,843653,9.07
2022-09-01,2.46,68.14,29.4,29,6719462,72.26,84,6154591,66.18,58,4510831,48.51,113,843766,9.07
2022-09-02,2.4,68.2,29.4,6,6719468,72.26,20,6154611,66.18,13,4510844,48.51,10,843776,9.07
2022-09-03,2.33,68.27,29.4,2,6719470,72.26,0,6154611,66.18,3,4510847,48.51,1,843777,9.07
2022-09-04,2.27,68.32,29.4,64,6719534,72.26,133,6154744,66.19,80,4510927,48.51,121,843898,9.07
2022-09-05,2.23,68.37,29.4,44,6719578,72.26,77,6154821,66.19,58,4510985,48.51,90,843988,9.08
2022-09-06,2.17,68.42,29.4,60,6719638,72.26,104,6154925,66.19,78,4511063,48.51,130,844118,9.08
2022-09-07,2.12,68.47,29.4,27,6719665,72.26,63,6154988,66.19,53,4511116,48.51,95,844213,9.08
2022-09-08,2.07,68.53,29.4,50,6719715,72.26,101,6155089,66.19,70,4511186,48.51,77,844290,9.08
2022-09-09,2.03,68.57,29.4,10,6719725,72.26,21,6155110,66.19,16,4511202,48.51,17,844307,9.08
2022-09-10,1.97,68.62,29.4,0,6719725,72.26,0,6155110,66.19,5,4511207,48.51,2,844309,9.08
2022-09-11,1.92,68.67,29.41,39,6719764,72.26,117,6155227,66.19,78,4511285,48.51,116,844425,9.08
2022-09-12,1.88,68.71,29.41,24,6719788,72.26,72,6155299,66.19,52,4511337,48.51,68,844493,9.08
2022-09-13,1.82,68.77,29.41,44,6719832,72.26,113,6155412,66.19,54,4511391,48.51,103,844596,9.08
2022-09-14,1.78,68.82,29.41,21,6719853,72.26,64,6155476,66.19,54,4511445,48.51,62,844658,9.08
2022-09-15,1.73,68.86,29.41,32,6719885,72.26,77,6155553,66.19,63,4511508,48.51,107,844765,9.08
2022-09-16,1.7,68.89,29.41,48,6719933,72.26,52,6155605,66.19,28,4511536,48.51,28,844793,9.08
2022-09-17,1.66,68.93,29.41,3,6719936,72.26,0,6155605,66.19,1,4511537,48.51,0,844793,9.08
2022-09-18,1.63,68.96,29.41,28,6719964,72.26,66,6155671,66.2,52,4511589,48.52,114,844907,9.09
2022-09-19,1.61,68.98,29.41,27,6719991,72.26,74,6155745,66.2,44,4511633,48.52,57,844964,9.09
2022-09-20,1.56,69.03,29.41,41,6720032,72.26,93,6155838,66.2,75,4511708,48.52,102,845066,9.09
2022-09-21,1.55,69.05,29.41,22,6720054,72.26,54,6155892,66.2,29,4511737,48.52,56,845122,9.09
2022-09-22,1.52,69.07,29.4,40,6720094,72.26,56,6155948,66.2,27,4511764,48.52,41,845163,9.09
2022-09-23,1.5,69.1,29.41,7,6720101,72.26,11,6155959,66.2,4,4511768,48.52,1,845164,9.09
2022-09-24,1.47,69.13,29.41,0,6720101,72.26,0,6155959,66.2,0,4511768,48.52,0,845164,9.09
2022-09-25,1.46,69.13,29.41,5,6720106,72.26,20,6155979,66.2,10,4511778,48.52,27,845191,9.09
2022-09-26,1.46,69.13,29.41,0,6720106,72.26,5,6155984,66.2,2,4511780,48.52,2,845193,9.09
2022-09-27,1.42,69.17,29.41,2,6720108,72.26,0,6155984,66.2,3,4511783,48.52,3,845196,9.09
2022-09-28,1.39,69.21,29.41,24,6720132,72.27,36,6156020,66.2,25,4511808,48.52,17,845213,9.09
2022-09-29,1.37,69.22,29.41,32,6720164,72.27,61,6156081,66.2,13,4511821,48.52,48,845261,9.09
2022-09-30,1.35,69.24,29.41,3,6720167,72.27,12,6156093,66.2,2,4511823,48.52,0,845261,9.09
2022-10-01,1.31,69.29,29.41,0,6720167,72.27,1,6156094,66.2,1,4511824,48.52,1,845262,9.09
2022-10-02,1.31,69.29,29.41,27,6720194,72.27,51,6156145,66.2,20,4511844,48.52,73,845335,9.09
2022-10-03,1.31,69.28,29.4,23,6720217,72.27,29,6156174,66.2,13,4511857,48.52,12,845347,9.09
2022-10-04,1.27,69.32,29.4,7,6720224,72.27,10,6156184,66.2,0,4511857,48.52,1,845348,9.09
2022-10-05,1.28,69.31,29.4,1,6720225,72.27,0,6156184,66.2,0,4511857,48.52,1,845349,9.09
2022-10-06,1.31,69.28,29.4,17,6720242,72.27,43,6156227,66.2,10,4511867,48.52,20,845369,9.09
2022-10-07,1.3,69.29,29.41,3,6720245,72.27,3,6156230,66.2,3,4511870,48.52,0,845369,9.09
2022-10-08,1.26,69.33,29.41,1,6720246,72.27,1,6156231,66.2,0,4511870,48.52,1,845370,9.09
2022-10-09,1.31,69.28,29.41,7,6720253,72.27,22,6156253,66.2,6,4511876,48.52,5,845375,9.09
2022-10-10,1.38,69.22,29.4,5,6720258,72.27,2,6156255,66.2,0,4511876,48.52,0,845375,9.09
2022-10-11,1.36,69.24,29.4,12,6720270,72.27,32,6156287,66.2,1,4511877,48.52,32,845407,9.09
2022-10-12,1.34,69.26,29.4,13,6720283,72.27,24,6156311,66.2,5,4511882,48.52,4,845411,9.09
2022-10-13,1.4,69.2,29.4,17,6720300,72.27,16,6156327,66.2,5,4511887,48.52,9,845420,9.09
2022-10-14,1.4,69.2,29.4,6,6720306,72.27,7,6156334,66.2,4,4511891,48.52,3,845423,9.09
2022-10-15,1.38,69.22,29.4,0,6720306,72.27,0,6156334,66.2,0,4511891,48.52,1,845424,9.09
2022-10-16,1.39,69.2,29.4,4,6720310,72.27,13,6156347,66.2,5,4511896,48.52,8,845432,9.09
2022-10-17,1.39,69.2,29.4,1,6720311,72.27,1,6156348,66.2,1,4511897,48.52,0,845432,9.09
2022-10-18,1.43,69.17,29.4,24,6720335,72.27,31,6156379,66.2,14,4511911,48.52,16,845448,9.09
2022-10-19,1.47,69.12,29.4,18,6720353,72.27,25,6156404,66.2,7,4511918,48.52,3,845451,9.09
2022-10-20,1.5,69.1,29.4,26,6720379,72.27,44,6156448,66.2,12,4511930,48.52,4,845455,9.09
2022-10-21,1.5,69.09,29.4,4,6720383,72.27,7,6156455,66.2,2,4511932,48.52,2,845457,9.09
2022-10-22,1.49,69.1,29.4,0,6720383,72.27,0,6156455,66.2,0,4511932,48.52,0,845457,9.09
2022-10-23,1.51,69.08,29.4,15,6720398,72.27,33,6156488,66.2,18,4511950,48.52,10,845467,9.09
2022-10-24,1.51,69.08,29.41,20,6720418,72.27,16,6156504,66.2,19,4511969,48.52,9,845476,9.09
2022-10-25,1.55,69.04,29.4,18,6720436,72.27,34,6156538,66.2,22,4511991,48.52,21,845497,9.09
2022-10-26,1.61,68.99,29.4,18,6720454,72.27,25,6156563,66.2,8,4511999,48.52,9,845506,9.09
2022-10-27,1.67,68.93,29.4,18,6720472,72.27,26,6156589,66.2,14,4512013,48.52,16,845522,9.09
2022-10-28,1.67,68.93,29.4,45,6720517,72.27,47,6156636,66.21,31,4512044,48.52,18,845540,9.09
2022-10-29,1.66,68.94,29.4,0,6720517,72.27,0,6156636,66.21,0,4512044,48.52,0,845540,9.09
2022-10-30,1.71,68.89,29.4,14,6720531,72.27,23,6156659,66.21,15,4512059,48.52,9,845549,9.09
2022-10-31,1.76,68.84,29.4,17,6720548,72.27,16,6156675,66.21,8,4512067,48.52,9,845558,9.09
2022-11-01,1.82,68.78,29.4,2,6720550,72.27,1,6156676,66.21,1,4512068,48.52,0,845558,9.09
2022-11-02,1.88,68.72,29.4,13,6720563,72.27,13,6156689,66.21,7,4512075,48.52,8,845566,9.09
2022-11-03,1.96,68.64,29.4,16,6720579,72.27,18,6156707,66.21,11,4512086,48.52,8,845574,9.09
2022-11-04,1.98,68.63,29.4,4,6720583,72.27,6,6156713,66.21,1,4512087,48.52,2,845576,9.09
2022-11-05,1.97,68.63,29.4,0,6720583,72.27,0,6156713,66.21,0,4512087,48.52,0,845576,9.09
2022-11-06,2.03,68.57,29.4,24,6720607,72.27,34,6156747,66.21,11,4512098,48.52,23,845599,9.09
2022-11-07,2.1,68.51,29.4,15,6720622,72.27,11,6156758,66.21,10,4512108,48.52,54,845653,9.09
2022-11-08,2.1,68.5,29.4,28,6720650,72.27,26,6156784,66.21,14,4512122,48.52,9,845662,9.09
2022-11-09,2.16,68.45,29.4,16,6720666,72.27,20,6156804,66.21,17,4512139,48.52,9,845671,9.09
2022-11-10,2.22,68.39,29.4,26,6720692,72.27,14,6156818,66.21,11,4512150,48.52,4,845675,9.09
2022-11-11,2.23,68.37,29.4,1,6720693,72.27,17,6156835,66.21,2,4512152,48.52,1,845676,9.09
2022-11-12,2.22,68.38,29.4,1,6720694,72.27,0,6156835,66.21,1,4512153,48.52,0,845676,9.09
2022-11-13,2.29,68.31,29.4,24,6720718,72.27,30,6156865,66.21,17,4512170,48.52,8,845684,9.09
2022-11-14,2.37,68.23,29.4,20,6720738,72.27,17,6156882,66.21,21,4512191,48.52,16,845700,9.09
2022-11-15,2.43,68.17,29.4,40,6720778,72.27,25,6156907,66.21,16,4512207,48.52,17,845717,9.09
2022-11-16,2.5,68.1,29.4,14,6720792,72.27,27,6156934,66.21,16,4512223,48.52,11,845728,9.09
2022-11-17,2.59,68.02,29.4,19,6720811,72.27,33,6156967,66.21,18,4512241,48.52,4,845732,9.09
2022-11-18,2.61,67.99,29.4,6,6720817,72.27,4,6156971,66.21,4,4512245,48.52,0,845732,9.09
2022-11-19,2.6,68,29.4,0,6720817,72.27,0,6156971,66.21,0,4512245,48.52,0,845732,9.09
2022-11-20,2.67,67.93,29.4,19,6720836,72.27,19,6156990,66.21,6,4512251,48.52,13,845745,9.09
2022-11-21,2.76,67.85,29.4,14,6720850,72.27,13,6157003,66.21,6,4512257,48.52,6,845751,9.09
2022-11-22,2.83,67.77,29.4,26,6720876,72.27,13,6157016,66.21,17,4512274,48.52,6,845757,9.09
2022-11-23,2.9,67.7,29.4,17,6720893,72.27,20,6157036,66.21,4,4512278,48.52,8,845765,9.09
2022-11-24,2.98,67.62,29.4,9,6720902,72.27,16,6157052,66.21,13,4512291,48.52,27,845792,9.1
2022-11-25,3,67.6,29.4,17,6720919,72.27,33,6157085,66.21,14,4512305,48.52,12,845804,9.1
2022-11-26,3,67.61,29.4,0,6720919,72.27,2,6157087,66.21,0,4512305,48.52,0,845804,9.1
2022-11-27,3.06,67.54,29.4,14,6720933,72.27,15,6157102,66.21,19,4512324,48.52,2,845806,9.1
2022-11-28,3.14,67.47,29.4,8,6720941,72.27,23,6157125,66.21,8,4512332,48.52,6,845812,9.1
2022-11-29,3.2,67.4,29.4,37,6720978,72.27,31,6157156,66.21,19,4512351,48.52,14,845826,9.1
2022-11-30,3.27,67.34,29.39,12,6720990,72.27,25,6157181,66.21,20,4512371,48.52,8,845834,9.1
2022-12-01,3.34,67.26,29.39,13,6721003,72.27,16,6157197,66.21,15,4512386,48.52,4,845838,9.1
2022-12-02,3.36,67.24,29.39,2,6721005,72.27,7,6157204,66.21,4,4512390,48.52,10,845848,9.1
2022-12-03,3.36,67.24,29.39,0,6721005,72.27,0,6157204,66.21,0,4512390,48.52,1,845849,9.1
2022-12-04,3.42,67.18,29.39,29,6721034,72.27,23,6157227,66.21,29,4512419,48.52,26,845875,9.1
2022-12-05,3.48,67.12,29.4,9,6721043,72.27,17,6157244,66.21,11,4512430,48.52,18,845893,9.1
2022-12-06,3.55,67.06,29.39,32,6721075,72.28,26,6157270,66.21,27,4512457,48.52,7,845900,9.1
2022-12-07,3.62,66.99,29.39,10,6721085,72.28,17,6157287,66.21,8,4512465,48.52,7,845907,9.1
2022-12-08,3.69,66.91,29.39,18,6721103,72.28,26,6157313,66.21,15,4512480,48.52,3,845910,9.1
2022-12-09,3.71,66.9,29.39,4,6721107,72.28,1,6157314,66.21,1,4512481,48.52,7,845917,9.1
2022-12-10,3.7,66.91,29.39,1,6721108,72.28,0,6157314,66.21,2,4512483,48.52,0,845917,9.1
2022-12-11,3.76,66.84,29.39,14,6721122,72.28,19,6157333,66.21,15,4512498,48.53,16,845933,9.1
2022-12-12,3.82,66.78,29.39,14,6721136,72.28,13,6157346,66.21,5,4512503,48.53,0,845933,9.1
2022-12-13,3.87,66.73,29.39,17,6721153,72.28,44,6157390,66.21,18,4512521,48.53,13,845946,9.1
2022-12-14,3.92,66.69,29.39,17,6721170,72.28,16,6157406,66.21,7,4512528,48.53,3,845949,9.1
2022-12-15,3.97,66.64,29.39,22,6721192,72.28,16,6157422,66.21,7,4512535,48.53,12,845961,9.1
2022-12-16,3.98,66.62,29.39,10,6721202,72.28,2,6157424,66.21,1,4512536,48.53,0,845961,9.1
2022-12-17,3.97,66.63,29.39,0,6721202,72.28,0,6157424,66.21,0,4512536,48.53,0,845961,9.1
2022-12-18,4.01,66.59,29.39,9,6721211,72.28,17,6157441,66.21,8,4512544,48.53,3,845964,9.1
2022-12-19,4.06,66.54,29.4,7,6721218,72.28,14,6157455,66.21,12,4512556,48.53,1,845965,9.1
2022-12-20,4.1,66.51,29.39,12,6721230,72.28,17,6157472,66.21,2,4512558,48.53,2,845967,9.1
2022-12-21,4.14,66.47,29.39,9,6721239,72.28,14,6157486,66.21,13,4512571,48.53,3,845970,9.1
2022-12-22,4.18,66.42,29.39,4,6721243,72.28,10,6157496,66.21,14,4512585,48.53,1,845971,9.1
2022-12-23,4.19,66.42,29.39,8,6721251,72.28,0,6157496,66.21,2,4512587,48.53,0,845971,9.1
2022-12-24,4.18,66.43,29.39,0,6721251,72.28,0,6157496,66.21,0,4512587,48.53,0,845971,9.1
2022-12-25,4.21,66.4,29.39,5,6721256,72.28,16,6157512,66.21,1,4512588,48.53,2,845973,9.1
2022-12-26,4.24,66.36,29.39,13,6721269,72.28,4,6157516,66.21,12,4512600,48.53,0,845973,9.1
2022-12-27,4.25,66.36,29.39,17,6721286,72.28,20,6157536,66.22,13,4512613,48.53,7,845980,9.1
2022-12-28,4.26,66.34,29.39,12,6721298,72.28,13,6157549,66.22,17,4512630,48.53,29,846009,9.1
2022-12-29,4.28,66.33,29.39,12,6721310,72.28,21,6157570,66.22,11,4512641,48.53,2,846011,9.1
2022-12-30,4.27,66.33,29.4,4,6721314,72.28,5,6157575,66.22,3,4512644,48.53,0,846011,9.1
2022-12-31,4.26,66.35,29.4,0,6721314,72.28,1,6157576,66.22,0,4512644,48.53,0,846011,9.1
2023-01-01,4.27,66.33,29.4,6,6721320,72.28,14,6157590,66.22,2,4512646,48.53,1,846012,9.1
2023-01-02,4.29,66.31,29.4,10,6721330,72.28,7,6157597,66.22,3,4512649,48.53,1,846013,9.1
2023-01-03,4.3,66.3,29.4,14,6721344,72.28,13,6157610,66.22,8,4512657,48.53,3,846016,9.1
2023-01-04,4.3,66.3,29.4,0,6721344,72.28,0,6157610,66.22,0,4512657,48.53,0,846016,9.1
