Date,Valid vaccinated pop. perc.,Expired vaccinated pop. perc.,Not vaccinated pop. perc.,Vaccinated (daily),Vaccinated (cumu),Vaccinated pop. perc.,Second dose (daily),Second dose (cumu),Second dose pop. perc.,Third dose (daily),Third dose (cumu),Third dose pop. perc.,Fourth dose (daily),Fourth dose (cumu),Fourth dose pop. perc.
2020-12-19,0,0,100,46,71,0,0,4,0,0,0,0,0,0,0
2020-12-20,0,0,100,7397,7468,0.08,0,4,0,0,0,0,0,0,0
2020-12-21,0,0,100,24923,32391,0.35,0,4,0,0,0,0,0,0,0
2020-12-22,0,0,100,44669,77060,0.83,0,4,0,0,0,0,0,0,0
2020-12-23,0,0,100,62918,139978,1.51,0,4,0,0,0,0,0,0,0
2020-12-24,0,0,100,73435,213413,2.29,0,4,0,0,0,0,0,0,0
2020-12-25,0,0,100,38518,251931,2.71,0,4,0,0,0,0,0,0,0
2020-12-26,0,0,100,32618,284549,3.06,0,4,0,0,0,0,0,0,0
2020-12-27,0,0,100,104577,389126,4.18,0,4,0,0,0,0,0,0,0
2020-12-28,0,0,100,135043,524169,5.64,0,4,0,0,0,0,0,0,0
2020-12-29,0,0,100,156343,680512,7.32,2,6,0,0,0,0,0,0,0
2020-12-30,0,0,100,153193,833705,8.97,0,6,0,0,0,0,0,0,0
2020-12-31,0,0,100,158602,992307,10.67,0,6,0,0,0,0,0,0,0
2021-01-01,0,0,100,71437,1063744,11.44,0,6,0,0,0,0,0,0,0
2021-01-02,0,0,100,71745,1135489,12.21,0,6,0,0,0,0,0,0,0
2021-01-03,0,0,100,149770,1285259,13.82,0,6,0,0,0,0,0,0,0
2021-01-04,0,0,100,152213,1437472,15.46,1,7,0,0,0,0,0,0,0
2021-01-05,0,0,100,125222,1562694,16.8,4,11,0,0,0,0,0,0,0
2021-01-06,0,0,100,103376,1666070,17.92,2,13,0,0,0,0,0,0,0
2021-01-07,0,0,100,116065,1782135,19.16,9,22,0,0,0,0,0,0,0
2021-01-08,0,0,100,66465,1848600,19.88,5,27,0,0,0,0,0,0,0
2021-01-09,0,0,100,44554,1893154,20.36,24,51,0,0,0,0,0,0,0
2021-01-10,0,0,100,37649,1930803,20.76,6002,6053,0.07,0,0,0,0,0,0
2021-01-11,0,0,100,21176,1951979,20.99,19264,25317,0.27,0,0,0,0,0,0
2021-01-12,0,0,100,24077,1976056,21.25,35674,60991,0.66,0,0,0,0,0,0
2021-01-13,0,0,100,52079,2028135,21.81,56873,117864,1.27,0,0,0,0,0,0
2021-01-14,0,0,100,56481,2084616,22.42,68841,186705,2.01,0,0,0,0,0,0
2021-01-15,0,0,100,30776,2115392,22.75,35944,222649,2.39,0,0,0,0,0,0
2021-01-16,0,0,100,29481,2144873,23.06,26007,248656,2.67,0,0,0,0,0,0
2021-01-17,0.31,0,99.69,68446,2213319,23.8,84598,333254,3.58,0,0,0,0,0,0
2021-01-18,0.58,0,99.42,69820,2283139,24.55,120439,453693,4.88,0,0,0,0,0,0
2021-01-19,1.09,0,98.91,72896,2356035,25.34,137853,591546,6.36,0,0,0,0,0,0
2021-01-20,1.9,0,98.1,76919,2432954,26.16,143769,735315,7.91,0,0,0,0,0,0
2021-01-21,2.88,0,97.12,70013,2502967,26.92,164478,899793,9.68,0,0,0,0,0,0
2021-01-22,3.39,0,96.61,37933,2540900,27.32,71135,970928,10.44,0,0,0,0,0,0
2021-01-23,3.77,0,96.23,39966,2580866,27.75,53598,1024526,11.02,0,0,0,0,0,0
2021-01-24,4.96,0,95.04,69149,2650015,28.5,140712,1165238,12.53,0,0,0,0,0,0
2021-01-25,6.61,0,93.39,80943,2730958,29.37,139528,1304766,14.03,0,0,0,0,0,0
2021-01-26,8.45,0,91.55,78739,2809697,30.21,126447,1431213,15.39,0,0,0,0,0,0
2021-01-27,10.34,0,89.66,77985,2887682,31.05,125074,1556287,16.74,0,0,0,0,0,0
2021-01-28,12.43,0,87.57,79573,2967255,31.91,130634,1686921,18.14,0,0,0,0,0,0
2021-01-29,13.34,0,86.66,36704,3003959,32.3,64794,1751715,18.84,0,0,0,0,0,0
2021-01-30,14.02,0,85.98,34395,3038354,32.67,42767,1794482,19.3,0,0,0,0,0,0
2021-01-31,15.76,0,84.24,73333,3111687,33.46,59504,1853986,19.94,0,0,0,0,0,0
2021-02-01,17.48,0,82.52,82519,3194206,34.35,35358,1889344,20.32,0,0,0,0,0,0
2021-02-02,19.01,0,80.99,70109,3264315,35.1,31074,1920418,20.65,0,0,0,0,0,0
2021-02-03,20.47,0,79.53,60310,3324625,35.75,51445,1971863,21.2,0,0,0,0,0,0
2021-02-04,22,0,78,72641,3397266,36.53,58096,2029959,21.83,0,0,0,0,0,0
2021-02-05,22.75,0,77.25,33947,3431213,36.9,28807,2058766,22.14,0,0,0,0,0,0
2021-02-06,23.23,0,76.77,21623,3452836,37.13,22233,2080999,22.38,0,0,0,0,0,0
2021-02-07,23.99,0,76.01,54081,3506917,37.71,68745,2149744,23.12,0,0,0,0,0,0
2021-02-08,24.52,0,75.48,58644,3565561,38.34,65468,2215212,23.82,0,0,0,0,0,0
2021-02-09,25.04,0,74.96,66361,3631922,39.06,67581,2282793,24.55,0,0,0,0,0,0
2021-02-10,25.77,0,74.23,70571,3702493,39.81,72316,2355109,25.33,0,0,0,0,0,0
2021-02-11,26.61,0,73.39,81176,3783669,40.69,72116,2427225,26.1,0,0,0,0,0,0
2021-02-12,27.02,0,72.98,39109,3822778,41.11,37600,2464825,26.51,0,0,0,0,0,0
2021-02-13,27.33,0,72.67,27466,3850244,41.4,30441,2495266,26.83,0,0,0,0,0,0
2021-02-14,28.25,0,71.75,74917,3925161,42.21,69086,2564352,27.58,0,0,0,0,0,0
2021-02-15,29.17,0,70.83,81552,4006713,43.09,75722,2640074,28.39,0,0,0,0,0,0
2021-02-16,30.11,0,69.89,83423,4090136,43.98,78304,2718378,29.23,0,0,0,0,0,0
2021-02-17,31.01,0,68.99,61984,4152120,44.65,75646,2794024,30.05,0,0,0,0,0,0
2021-02-18,31.94,0,68.06,69162,4221282,45.39,79741,2873765,30.9,0,0,0,0,0,0
2021-02-19,32.45,0,67.55,39676,4260958,45.82,38163,2911928,31.31,0,0,0,0,0,0
2021-02-20,32.85,0,67.15,31652,4292610,46.16,28723,2940651,31.62,0,0,0,0,0,0
2021-02-21,33.8,0,66.2,79439,4372049,47.01,78449,3019100,32.47,0,0,0,0,0,0
2021-02-22,34.83,0,65.17,85056,4457105,47.93,80603,3099703,33.33,0,0,0,0,0,0
2021-02-23,35.84,0,64.16,77333,4534438,48.76,70487,3170190,34.09,0,0,0,0,0,0
2021-02-24,36.76,0,63.24,61068,4595506,49.42,63148,3233338,34.77,0,0,0,0,0,0
2021-02-25,37.66,0,62.34,51730,4647236,49.97,64812,3298150,35.47,0,0,0,0,0,0
2021-02-26,38.1,0,61.9,25913,4673149,50.25,32047,3330197,35.81,0,0,0,0,0,0
2021-02-27,38.42,0,61.58,18353,4691502,50.45,21198,3351395,36.04,0,0,0,0,0,0
2021-02-28,39.24,0,60.76,40365,4731867,50.88,55874,3407269,36.64,0,0,0,0,0,0
2021-03-01,40.1,0,59.9,45753,4777620,51.38,61445,3468714,37.3,0,0,0,0,0,0
2021-03-02,40.85,0,59.15,41203,4818823,51.82,64803,3533517,38,0,0,0,0,0,0
2021-03-03,41.55,0,58.45,42036,4860859,52.27,66794,3600311,38.72,0,0,0,0,0,0
2021-03-04,42.24,0,57.76,39723,4900582,52.7,79127,3679438,39.57,0,0,0,0,0,0
2021-03-05,42.57,0,57.43,17369,4917951,52.89,40469,3719907,40,0,0,0,0,0,0
2021-03-06,42.78,0,57.22,10724,4928675,53,25349,3745256,40.27,0,0,0,0,0,0
2021-03-07,43.36,0,56.64,31157,4959832,53.34,72848,3818104,41.06,0,0,0,0,0,0
2021-03-08,43.97,0,56.03,27388,4987220,53.63,73297,3891401,41.85,0,0,0,0,0,0
2021-03-09,44.62,0,55.38,26756,5013976,53.92,76606,3968007,42.67,0,0,0,0,0,0
2021-03-10,45.27,0,54.73,23373,5037349,54.17,58684,4026691,43.3,0,0,0,0,0,0
2021-03-11,45.99,0,54.01,23308,5060657,54.42,69099,4095790,44.04,0,0,0,0,0,0
2021-03-12,46.34,0,53.66,11298,5071955,54.54,41419,4137209,44.49,0,0,0,0,0,0
2021-03-13,46.57,0,53.43,7955,5079910,54.63,25240,4162449,44.76,0,0,0,0,0,0
2021-03-14,47.2,0,52.8,20991,5100901,54.85,73939,4236388,45.56,0,0,0,0,0,0
2021-03-15,47.81,0,52.19,20152,5121053,55.07,78282,4314670,46.4,0,0,0,0,0,0
2021-03-16,48.43,0,51.57,18759,5139812,55.27,71482,4386152,47.17,0,0,0,0,0,0
2021-03-17,48.92,0,51.08,17705,5157517,55.46,59011,4445163,47.8,0,0,0,0,0,0
2021-03-18,49.45,0,50.55,16050,5173567,55.63,58126,4503289,48.43,0,0,0,0,0,0
2021-03-19,49.75,0,50.25,6959,5180526,55.71,27981,4531270,48.73,0,0,0,0,0,0
2021-03-20,49.93,0,50.07,5229,5185755,55.77,15302,4546572,48.89,0,0,0,0,0,0
2021-03-21,50.46,0,49.54,13172,5198927,55.91,40511,4587083,49.33,0,0,0,0,0,0
2021-03-22,51,0,49,13583,5212510,56.05,40542,4627625,49.76,0,0,0,0,0,0
2021-03-23,51.43,0,48.57,2846,5215356,56.08,7303,4634928,49.84,0,0,0,0,0,0
2021-03-24,51.84,0,48.16,11007,5226363,56.2,46563,4681491,50.34,0,0,0,0,0,0
2021-03-25,52.22,0,47.78,10275,5236638,56.31,35440,4716931,50.72,0,0,0,0,0,0
2021-03-26,52.4,0,47.6,4187,5240825,56.36,13335,4730266,50.87,0,0,0,0,0,0
2021-03-27,52.5,0,47.5,1788,5242613,56.38,4269,4734535,50.91,0,0,0,0,0,0
2021-03-28,52.74,0,47.26,2114,5244727,56.4,4611,4739146,50.96,0,0,0,0,0,0
2021-03-29,53,0,47,6920,5251647,56.47,30018,4769164,51.29,0,0,0,0,0,0
2021-03-30,53.08,0,46.92,7899,5259546,56.56,22455,4791619,51.53,0,0,0,0,0,0
2021-03-31,53.38,0,46.62,8154,5267700,56.65,19503,4811122,51.74,0,0,0,0,0,0
2021-04-01,53.62,0,46.38,8222,5275922,56.73,18704,4829826,51.94,0,0,0,0,0,0
2021-04-02,53.71,0,46.29,2948,5278870,56.77,8131,4837957,52.02,0,0,0,0,0,0
2021-04-03,53.74,0,46.26,1432,5280302,56.78,2984,4840941,52.06,0,0,0,0,0,0
2021-04-04,53.82,0,46.18,9618,5289920,56.89,22833,4863774,52.3,0,0,0,0,0,0
2021-04-05,54.04,0,45.96,10365,5300285,57,21280,4885054,52.53,0,0,0,0,0,0
2021-04-06,54.21,0,45.79,9035,5309320,57.09,16795,4901849,52.71,0,0,0,0,0,0
2021-04-07,54.36,0,45.64,8935,5318255,57.19,15314,4917163,52.88,0,0,0,0,0,0
2021-04-08,54.52,0,45.48,9430,5327685,57.29,17018,4934181,53.06,0,0,0,0,0,0
2021-04-09,54.58,0,45.42,3610,5331295,57.33,6260,4940441,53.13,0,0,0,0,0,0
2021-04-10,54.61,0,45.39,1637,5332932,57.35,3523,4943964,53.16,0,0,0,0,0,0
2021-04-11,54.78,0,45.22,9045,5341977,57.45,14249,4958213,53.32,0,0,0,0,0,0
2021-04-12,54.95,0,45.05,8938,5350915,57.54,13236,4971449,53.46,0,0,0,0,0,0
2021-04-13,55.08,0,44.92,5841,5356756,57.6,4960,4976409,53.51,0,0,0,0,0,0
2021-04-14,55.18,0,44.82,3650,5360406,57.64,5311,4981720,53.57,0,0,0,0,0,0
2021-04-15,55.27,0,44.73,699,5361105,57.65,583,4982303,53.58,0,0,0,0,0,0
2021-04-16,55.33,0,44.67,3420,5364525,57.69,6655,4988958,53.65,0,0,0,0,0,0
2021-04-17,55.35,0,44.65,822,5365347,57.7,1975,4990933,53.67,0,0,0,0,0,0
2021-04-18,55.47,0,44.53,7099,5372446,57.77,7433,4998366,53.75,0,0,0,0,0,0
2021-04-19,55.58,0,44.42,6407,5378853,57.84,7135,5005501,53.83,0,0,0,0,0,0
2021-04-20,55.65,0,44.35,6287,5385140,57.91,6891,5012392,53.9,0,0,0,0,0,0
2021-04-21,55.71,0,44.29,6382,5391522,57.98,7112,5019504,53.98,0,0,0,0,0,0
2021-04-22,55.75,0,44.25,5953,5397475,58.04,7691,5027195,54.06,0,0,0,0,0,0
2021-04-23,55.8,0,44.2,2768,5400243,58.07,3392,5030587,54.1,0,0,0,0,0,0
2021-04-24,55.82,0,44.18,769,5401012,58.08,1290,5031877,54.11,0,0,0,0,0,0
2021-04-25,55.89,0,44.11,4829,5405841,58.13,6925,5038802,54.18,0,0,0,0,0,0
2021-04-26,55.96,0,44.04,5479,5411320,58.19,7889,5046691,54.27,0,0,0,0,0,0
2021-04-27,56.03,0,43.97,4509,5415829,58.24,6628,5053319,54.34,0,0,0,0,0,0
2021-04-28,56.09,0,43.91,4502,5420331,58.29,7337,5060656,54.42,0,0,0,0,0,0
2021-04-29,56.16,0,43.84,4378,5424709,58.33,7297,5067953,54.5,0,0,0,0,0,0
2021-04-30,56.19,0,43.81,1925,5426634,58.36,3203,5071156,54.53,0,0,0,0,0,0
2021-05-01,56.2,0,43.8,458,5427092,58.36,895,5072051,54.54,0,0,0,0,0,0
2021-05-02,56.26,0,43.74,3225,5430317,58.39,6092,5078143,54.61,0,0,0,0,0,0
2021-05-03,56.32,0,43.68,3535,5433852,58.43,5835,5083978,54.67,0,0,0,0,0,0
2021-05-04,56.38,0,43.62,3594,5437446,58.47,4738,5088716,54.72,0,0,0,0,0,0
2021-05-05,56.44,0,43.56,3292,5440738,58.51,4093,5092809,54.77,0,0,0,0,0,0
2021-05-06,56.5,0,43.5,3646,5444384,58.55,3145,5095954,54.8,0,0,0,0,0,0
2021-05-07,56.52,0,43.48,1847,5446231,58.57,2509,5098463,54.83,0,0,0,0,0,0
2021-05-08,56.53,0,43.47,244,5446475,58.57,508,5098971,54.83,0,0,0,0,0,0
2021-05-09,56.58,0,43.42,2851,5449326,58.6,4751,5103722,54.88,0,0,0,0,0,0
2021-05-10,56.63,0,43.37,2900,5452226,58.63,4715,5108437,54.93,0,0,0,0,0,0
2021-05-11,56.67,0,43.33,2623,5454849,58.66,3882,5112319,54.98,0,0,0,0,0,0
2021-05-12,56.7,0,43.3,2034,5456883,58.68,3342,5115661,55.01,0,0,0,0,0,0
2021-05-13,56.73,0,43.27,2044,5458927,58.7,3688,5119349,55.05,0,0,0,0,0,0
2021-05-14,56.75,0,43.25,979,5459906,58.71,1495,5120844,55.07,0,0,0,0,0,0
2021-05-15,56.75,0,43.25,259,5460165,58.72,260,5121104,55.07,0,0,0,0,0,0
2021-05-16,56.78,0,43.22,529,5460694,58.72,1206,5122310,55.08,0,0,0,0,0,0
2021-05-17,56.81,0,43.19,303,5460997,58.72,848,5123158,55.09,0,0,0,0,0,0
2021-05-18,56.84,0,43.16,1963,5462960,58.75,4940,5128098,55.14,0,0,0,0,0,0
2021-05-19,56.87,0,43.13,2233,5465193,58.77,5043,5133141,55.2,0,0,0,0,0,0
2021-05-20,56.9,0,43.1,2311,5467504,58.79,3880,5137021,55.24,0,0,0,0,0,0
2021-05-21,56.92,0,43.08,1194,5468698,58.81,1414,5138435,55.26,0,0,0,0,0,0
2021-05-22,56.92,0,43.08,206,5468904,58.81,396,5138831,55.26,0,0,0,0,0,0
2021-05-23,56.94,0,43.06,2272,5471176,58.83,3216,5142047,55.3,0,0,0,0,0,0
2021-05-24,56.96,0,43.04,2142,5473318,58.86,3597,5145644,55.33,0,0,0,0,0,0
2021-05-25,56.99,0,43.01,1822,5475140,58.88,2588,5148232,55.36,0,0,0,0,0,0
2021-05-26,57.03,0,42.97,1415,5476555,58.89,2504,5150736,55.39,0,0,0,0,0,0
2021-05-27,57.06,0,42.94,1866,5478421,58.91,3189,5153925,55.42,0,0,0,0,0,0
2021-05-28,57.07,0,42.93,794,5479215,58.92,1406,5155331,55.44,0,0,0,0,0,0
2021-05-29,57.07,0,42.93,192,5479407,58.92,227,5155558,55.44,0,0,0,0,0,0
2021-05-30,57.1,0,42.9,1645,5481052,58.94,1937,5157495,55.46,0,0,0,0,0,0
2021-05-31,57.13,0,42.87,1740,5482792,58.96,2094,5159589,55.48,0,0,0,0,0,0
2021-06-01,57.47,0,42.53,1386,5484178,58.97,1824,5161413,55.5,0,0,0,0,0,0
2021-06-02,57.25,0,42.75,1514,5485692,58.99,1610,5163023,55.52,0,0,0,0,0,0
2021-06-03,57.27,0,42.73,1686,5487378,59.01,1496,5164519,55.54,0,0,0,0,0,0
2021-06-04,57.28,0,42.72,1102,5488480,59.02,784,5165303,55.55,0,0,0,0,0,0
2021-06-05,57.29,0,42.71,184,5488664,59.02,159,5165462,55.55,0,0,0,0,0,0
2021-06-06,57.31,0,42.69,4293,5492957,59.07,1002,5166464,55.56,0,0,0,0,0,0
2021-06-07,57.34,0,42.66,4441,5497398,59.12,814,5167278,55.57,0,0,0,0,0,0
2021-06-08,57.36,0,42.64,3740,5501138,59.16,1175,5168453,55.58,0,0,0,0,0,0
2021-06-09,57.4,0,42.6,3615,5504753,59.2,1331,5169784,55.59,0,0,0,0,0,0
2021-06-10,57.42,0,42.58,3366,5508119,59.23,1300,5171084,55.61,0,0,0,0,0,0
2021-06-11,57.43,0,42.57,1402,5509521,59.25,590,5171674,55.61,0,0,0,0,0,0
2021-06-12,57.43,0,42.57,223,5509744,59.25,173,5171847,55.62,0,0,0,0,0,0
2021-06-13,57.45,0,42.55,3101,5512845,59.28,1260,5173107,55.63,0,0,0,0,0,0
2021-06-14,57.46,0,42.54,3057,5515902,59.32,1534,5174641,55.65,0,0,0,0,0,0
2021-06-15,57.48,0,42.52,3138,5519040,59.35,1378,5176019,55.66,0,0,0,0,0,0
2021-06-16,57.49,0,42.51,2734,5521774,59.38,1004,5177023,55.67,0,0,0,0,0,0
2021-06-17,57.51,0,42.49,2735,5524509,59.41,1209,5178232,55.68,0,0,0,0,0,0
2021-06-18,57.52,0,42.48,1272,5525781,59.42,506,5178738,55.69,0,0,0,0,0,0
2021-06-19,57.52,0,42.48,242,5526023,59.42,139,5178877,55.69,0,0,0,0,0,0
2021-06-20,57.54,0,42.46,3316,5529339,59.46,1332,5180209,55.71,0,0,0,0,0,0
2021-06-21,57.56,0,42.44,5250,5534589,59.52,1218,5181427,55.72,0,0,0,0,0,0
2021-06-22,57.58,0,42.42,6935,5541524,59.59,1101,5182528,55.73,0,0,0,0,0,0
2021-06-23,57.6,0,42.4,10762,5552286,59.71,1304,5183832,55.74,0,0,0,0,0,0
2021-06-24,57.62,0,42.38,12051,5564337,59.84,1466,5185298,55.76,0,0,0,0,0,0
2021-06-25,57.62,0,42.38,7116,5571453,59.91,945,5186243,55.77,0,0,0,0,0,0
2021-06-26,57.63,0,42.37,2280,5573733,59.94,200,5186443,55.77,0,0,0,0,0,0
2021-06-27,57.65,0,42.35,13634,5587367,60.08,3439,5189882,55.81,0,0,0,0,0,0
2021-06-28,57.68,0,42.32,14518,5601885,60.24,3675,5193557,55.85,0,0,0,0,0,0
2021-06-29,57.69,0,42.31,16711,5618596,60.42,3746,5197303,55.89,0,0,0,0,0,0
2021-06-30,57.72,0,42.28,16488,5635084,60.6,3397,5200700,55.93,0,0,0,0,0,0
2021-07-01,57.78,0,42.22,16840,5651924,60.78,3381,5204081,55.96,121,121,0,0,0,0
2021-07-02,57.79,0,42.21,9836,5661760,60.88,1609,5205690,55.98,7,128,0,0,0,0
2021-07-03,57.79,0,42.21,2680,5664440,60.91,300,5205990,55.98,1,129,0,0,0,0
2021-07-04,57.85,0,42.15,17735,5682175,61.1,3161,5209151,56.02,2,131,0,0,0,0
2021-07-05,57.91,0,42.09,17852,5700027,61.3,3046,5212197,56.05,7,138,0,0,0,0
2021-07-06,57.99,0,42.01,17851,5717878,61.49,3412,5215609,56.09,11,149,0,0,0,0
2021-07-07,58.05,0,41.95,15534,5733412,61.65,2703,5218312,56.12,12,161,0,0,0,0
2021-07-08,58.12,0,41.88,16590,5750002,61.83,2883,5221195,56.15,17,178,0,0,0,0
2021-07-09,58.15,0,41.85,11127,5761129,61.95,1535,5222730,56.16,4,182,0,0,0,0
2021-07-10,58.15,0,41.85,4989,5766118,62.01,391,5223121,56.17,6,188,0,0,0,0
2021-07-11,58.22,0,41.78,1458,5767576,62.02,2848,5225969,56.2,9,197,0,0,0,0
2021-07-12,58.29,0,41.71,2428,5770004,62.05,3697,5229666,56.24,58,255,0,0,0,0
2021-07-13,58.36,0,41.64,2965,5772969,62.08,5460,5235126,56.3,124,379,0,0,0,0
2021-07-14,58.42,0,41.58,2748,5775717,62.11,7537,5242663,56.38,441,820,0.01,0,0,0
2021-07-15,58.5,0,41.5,3011,5778728,62.14,9302,5251965,56.48,374,1194,0.01,0,0,0
2021-07-16,58.54,0,41.46,1297,5780025,62.16,5898,5257863,56.54,66,1260,0.01,0,0,0
2021-07-17,58.55,0,41.44,372,5780397,62.16,1394,5259257,56.56,8,1268,0.01,0,0,0
2021-07-18,58.6,0,41.4,2074,5782471,62.18,9771,5269028,56.66,235,1503,0.02,0,0,0
2021-07-19,58.65,0,41.35,3212,5785683,62.22,11346,5280374,56.78,461,1964,0.02,0,0,0
2021-07-20,58.72,0,41.28,2691,5788374,62.25,11915,5292289,56.91,374,2338,0.03,0,0,0
2021-07-21,58.81,0,41.19,2408,5790782,62.27,11881,5304170,57.04,325,2663,0.03,0,0,0
2021-07-22,58.93,0,41.07,2879,5793661,62.3,13281,5317451,57.18,392,3055,0.03,0,0,0
2021-07-23,58.99,0,41.01,2039,5795700,62.32,8249,5325700,57.27,106,3161,0.03,0,0,0
2021-07-24,58.99,0,41,646,5796346,62.33,1486,5327186,57.29,7,3168,0.03,0,0,0
2021-07-25,59.1,0,40.89,4417,5800763,62.38,15499,5342685,57.45,223,3391,0.04,0,0,0
2021-07-26,59.24,0,40.75,5175,5805938,62.43,13537,5356222,57.6,325,3716,0.04,0,0,0
2021-07-27,59.37,0.01,40.62,5493,5811431,62.49,13579,5369801,57.74,414,4130,0.04,0,0,0
2021-07-28,59.5,0.01,40.49,3991,5815422,62.54,12345,5382146,57.88,472,4602,0.05,0,0,0
2021-07-29,59.65,0.01,40.33,4665,5820087,62.59,14206,5396352,58.03,533,5135,0.06,0,0,0
2021-07-30,59.74,0.02,40.25,2658,5822745,62.61,10859,5407211,58.15,4122,9257,0.1,0,0,0
2021-07-31,59.75,0.02,40.23,1407,5824152,62.63,3554,5410765,58.18,6159,15416,0.17,0,0,0
2021-08-01,59.91,0.02,40.06,3079,5827231,62.66,3367,5414132,58.22,31048,46464,0.5,0,0,0
2021-08-02,60.06,0.03,39.91,3134,5830365,62.7,3176,5417308,58.26,58514,104978,1.13,0,0,0
2021-08-03,60.21,0.03,39.76,3388,5833753,62.73,3332,5420640,58.29,78954,183932,1.98,0,0,0
2021-08-04,60.34,0.03,39.63,3535,5837288,62.77,3256,5423896,58.33,80766,264698,2.85,0,0,0
2021-08-05,60.49,0.04,39.47,4515,5841803,62.82,3572,5427468,58.36,88442,353140,3.8,0,0,0
2021-08-06,60.6,0.04,39.36,2437,5844240,62.85,1864,5429332,58.38,44744,397884,4.28,0,0,0
2021-08-07,60.63,0.04,39.32,1034,5845274,62.86,701,5430033,58.39,27353,425237,4.57,0,0,0
2021-08-08,60.68,0.04,39.28,4991,5850265,62.91,3082,5433115,58.43,80087,505324,5.43,0,0,0
2021-08-09,60.72,0.04,39.24,5341,5855606,62.97,3064,5436179,58.46,76489,581813,6.26,0,0,0
2021-08-10,60.75,0.04,39.2,5554,5861160,63.03,3211,5439390,58.49,75427,657240,7.07,0,0,0
2021-08-11,60.79,0.04,39.17,5696,5866856,63.09,2949,5442339,58.52,62642,719882,7.74,0,0,0
2021-08-12,60.83,0.04,39.12,7039,5873895,63.17,3291,5445630,58.56,59463,779345,8.38,0,0,0
2021-08-13,60.84,0.05,39.11,3821,5877716,63.21,2074,5447704,58.58,43870,823215,8.85,0,0,0
2021-08-14,60.85,0.05,39.1,2255,5879971,63.23,854,5448558,58.59,44486,867701,9.33,0,0,0
2021-08-15,60.89,0.05,39.06,7144,5887115,63.31,4531,5453089,58.64,97986,965687,10.38,0,0,0
2021-08-16,60.92,0.04,39.03,6991,5894106,63.38,4750,5457839,58.69,89522,1055209,11.35,0,0,0
2021-08-17,60.96,0.04,39,7573,5901679,63.46,5138,5462977,58.75,83320,1138529,12.24,0,0,0
2021-08-18,60.99,0.04,38.96,8643,5910322,63.56,4603,5467580,58.8,69269,1207798,12.99,0,0,0
2021-08-19,61.03,0.04,38.92,10082,5920404,63.67,5217,5472797,58.85,65976,1273774,13.7,0,0,0
2021-08-20,61.05,0.05,38.9,4769,5925173,63.72,2828,5475625,58.88,60454,1334228,14.35,0,0,0
2021-08-21,61.06,0.05,38.89,3499,5928672,63.75,1580,5477205,58.9,50726,1384954,14.89,0,0,0
2021-08-22,61.12,0.04,38.84,9822,5938494,63.86,4808,5482013,58.95,105113,1490067,16.02,0,0,0
2021-08-23,61.17,0.04,38.79,10923,5949417,63.98,4448,5486461,59,94035,1584102,17.03,0,0,0
2021-08-24,61.23,0.04,38.73,11721,5961138,64.1,4701,5491162,59.05,98562,1682664,18.09,0,0,0
2021-08-25,61.29,0.04,38.67,9613,5970751,64.21,4484,5495646,59.1,99559,1782223,19.17,0,0,0
2021-08-26,61.36,0.03,38.61,10114,5980865,64.32,5059,5500705,59.15,101234,1883457,20.25,0,0,0
2021-08-27,61.35,0.04,38.61,4325,5985190,64.36,2790,5503495,59.18,56696,1940153,20.86,0,0,0
2021-08-28,61.4,0.04,38.57,3704,5988894,64.4,1500,5504995,59.2,33542,1973695,21.22,0,0,0
2021-08-29,61.46,0.03,38.5,10323,5999217,64.51,5932,5510927,59.26,79550,2053245,22.08,0,0,0
2021-08-30,61.53,0.03,38.44,12333,6011550,64.65,7017,5517944,59.34,116010,2169255,23.33,0,0,0
2021-08-31,61.6,0.03,38.37,12076,6023626,64.78,6529,5524473,59.41,114884,2284139,24.56,0,0,0
2021-09-01,61.43,0.03,38.54,9037,6032663,64.87,6043,5530516,59.47,112495,2396634,25.77,0,0,0
2021-09-02,61.49,0.03,38.48,8784,6041447,64.97,7186,5537702,59.55,111548,2508182,26.97,0,0,0
2021-09-03,61.56,0.03,38.42,3751,6045198,65.01,4118,5541820,59.59,58886,2567068,27.61,0,0,0
2021-09-04,61.59,0.03,38.38,2692,6047890,65.04,2023,5543843,59.62,29954,2597022,27.93,0,0,0
2021-09-05,61.68,0.03,38.29,6991,6054881,65.11,6460,5550303,59.69,73328,2670350,28.72,0,0,0
2021-09-06,61.77,0.03,38.2,2836,6057717,65.14,2718,5553021,59.71,22800,2693150,28.96,0,0,0
2021-09-07,61.85,0.03,38.12,1202,6058919,65.15,880,5553901,59.72,5398,2698548,29.02,0,0,0
2021-09-08,61.93,0.03,38.05,1380,6060299,65.17,1196,5555097,59.74,6621,2705169,29.09,0,0,0
2021-09-09,62.02,0.03,37.95,7092,6067391,65.25,12574,5567671,59.87,73847,2779016,29.88,0,0,0
2021-09-10,62.06,0.03,37.91,3258,6070649,65.28,5016,5572687,59.93,37938,2816954,30.29,0,0,0
2021-09-11,62.08,0.03,37.89,2109,6072758,65.3,2509,5575196,59.95,14817,2831771,30.45,0,0,0
2021-09-12,62.16,0.03,37.81,6105,6078863,65.37,8589,5583785,60.05,54137,2885908,31.03,0,0,0
2021-09-13,62.15,0.03,37.82,5611,6084474,65.43,8264,5592049,60.13,47984,2933892,31.55,0,0,0
2021-09-14,62.2,0.03,37.77,4964,6089438,65.48,7424,5599473,60.21,48855,2982747,32.07,0,0,0
2021-09-15,62.25,0.03,37.72,1751,6091189,65.5,2719,5602192,60.24,16687,2999434,32.25,0,0,0
2021-09-16,62.37,0.03,37.6,343,6091532,65.51,550,5602742,60.25,1740,3001174,32.27,0,0,0
2021-09-17,62.42,0.03,37.54,3684,6095216,65.54,7022,5609764,60.32,42907,3044081,32.73,0,0,0
2021-09-18,62.45,0.03,37.52,2258,6097474,65.57,2946,5612710,60.36,12783,3056864,32.87,0,0,0
2021-09-19,62.55,0.03,37.42,5943,6103417,65.63,10712,5623422,60.47,44331,3101195,33.35,0,0,0
2021-09-20,62.63,0.03,37.34,3246,6106663,65.67,4646,5628068,60.52,16708,3117903,33.53,0,0,0
2021-09-21,62.69,0.03,37.28,1340,6108003,65.68,2068,5630136,60.54,3477,3121380,33.57,0,0,0
2021-09-22,62.72,0.03,37.25,4260,6112263,65.73,7250,5637386,60.62,25072,3146452,33.84,0,0,0
2021-09-23,62.75,0.03,37.22,4391,6116654,65.78,5918,5643304,60.69,27834,3174286,34.13,0,0,0
2021-09-24,62.82,0.03,37.15,3203,6119857,65.81,4185,5647489,60.73,27724,3202010,34.43,0,0,0
2021-09-25,62.85,0.03,37.12,2080,6121937,65.83,2264,5649753,60.75,10443,3212453,34.55,0,0,0
2021-09-26,62.96,0.03,37,5605,6127542,65.89,5973,5655726,60.82,36271,3248724,34.94,0,0,0
2021-09-27,63.02,0.03,36.94,4696,6132238,65.94,4469,5660195,60.87,30457,3279181,35.26,0,0,0
2021-09-28,63.06,0.04,36.91,1473,6133711,65.96,1187,5661382,60.88,6250,3285431,35.33,0,0,0
2021-09-29,63.13,0.03,36.84,9622,6143333,66.06,8349,5669731,60.97,60325,3345756,35.98,0,0,0
2021-09-30,63.18,0.03,36.79,10976,6154309,66.18,8580,5678311,61.06,79704,3425460,36.84,0,0,0
2021-10-01,63.23,0.03,36.73,5128,6159437,66.24,3876,5682187,61.1,46546,3472006,37.34,0,0,0
2021-10-02,63.26,0.03,36.71,2865,6162302,66.27,2128,5684315,61.13,22433,3494439,37.58,0,0,0
2021-10-03,63.35,0.03,36.62,11668,6173970,66.39,7275,5691590,61.2,70726,3565165,38.34,0,0,0
2021-10-04,63.4,0.03,36.57,10321,6184291,66.5,6759,5698349,61.28,51912,3617077,38.9,0,0,0
2021-10-05,63.41,0.03,36.55,8461,6192752,66.59,5314,5703663,61.33,40481,3657558,39.33,0,0,0
2021-10-06,63.52,0.03,36.45,7543,6200295,66.67,4185,5707848,61.38,34151,3691709,39.7,0,0,0
2021-10-07,63.63,0.03,36.34,6895,6207190,66.75,4011,5711859,61.42,34073,3725782,40.07,0,0,0
2021-10-08,63.68,0.03,36.29,3086,6210276,66.78,2644,5714503,61.45,19250,3745032,40.27,0,0,0
2021-10-09,63.71,0.03,36.26,1341,6211617,66.8,1444,5715947,61.47,7441,3752473,40.35,0,0,0
2021-10-10,63.82,0.04,36.14,4677,6216294,66.85,3747,5719694,61.51,21519,3773992,40.58,0,0,0
2021-10-11,63.91,0.04,36.05,4299,6220593,66.89,2946,5722640,61.54,17270,3791262,40.77,0,0,0
2021-10-12,63.99,0.05,35.96,3977,6224570,66.94,3007,5725647,61.57,15357,3806619,40.93,0,0,0
2021-10-13,64.09,0.05,35.86,3487,6228057,66.97,2451,5728098,61.6,13587,3820206,41.08,0,0,0
2021-10-14,64.19,0.06,35.75,3870,6231927,67.02,2686,5730784,61.63,16569,3836775,41.26,0,0,0
2021-10-15,64.23,0.07,35.7,1705,6233632,67.03,1686,5732470,61.64,9012,3845787,41.36,0,0,0
2021-10-16,64.25,0.08,35.67,729,6234361,67.04,958,5733428,61.65,4036,3849823,41.4,0,0,0
2021-10-17,64.36,0.09,35.56,3090,6237451,67.07,2526,5735954,61.68,12798,3862621,41.54,0,0,0
2021-10-18,64.43,0.1,35.47,2459,6239910,67.1,1694,5737648,61.7,10069,3872690,41.64,0,0,0
2021-10-19,64.49,0.1,35.4,2399,6242309,67.13,1284,5738932,61.71,9295,3881985,41.74,0,0,0
2021-10-20,64.14,0.52,35.34,2438,6244747,67.15,2304,5741236,61.74,10104,3892089,41.85,0,0,0
2021-10-21,54.23,10.41,35.36,3033,6247780,67.19,3098,5744334,61.77,12164,3904253,41.98,0,0,0
2021-10-22,54.36,10.26,35.38,1279,6249059,67.2,1439,5745773,61.79,5842,3910095,42.05,0,0,0
2021-10-23,54.42,10.19,35.39,575,6249634,67.21,1266,5747039,61.8,2565,3912660,42.07,0,0,0
2021-10-24,54.22,10.43,35.35,2518,6252152,67.23,2653,5749692,61.83,9855,3922515,42.18,0,0,0
2021-10-25,54.59,10.22,35.19,2640,6254792,67.26,2753,5752445,61.86,8511,3931026,42.27,0,0,0
2021-10-26,54.64,10.26,35.1,2381,6257173,67.29,2058,5754503,61.88,8531,3939557,42.36,0,0,0
2021-10-27,54.58,10.37,35.06,2292,6259465,67.31,2566,5757069,61.91,7959,3947516,42.45,0,0,0
2021-10-28,54.69,10.76,34.55,2508,6261973,67.34,2782,5759851,61.94,8676,3956192,42.54,0,0,0
2021-10-29,54.73,10.75,34.52,904,6262877,67.35,1154,5761005,61.95,4138,3960330,42.59,0,0,0
2021-10-30,54.68,10.81,34.52,366,6263243,67.35,530,5761535,61.96,1712,3962042,42.61,0,0,0
2021-10-31,54.83,10.7,34.47,2262,6265505,67.38,2495,5764030,61.98,8255,3970297,42.69,0,0,0
2021-11-01,54.95,10.63,34.42,1737,6267242,67.39,2094,5766124,62.01,6481,3976778,42.76,0,0,0
2021-11-02,54.89,10.69,34.42,2026,6269268,67.42,2050,5768174,62.03,6296,3983074,42.83,0,0,0
2021-11-03,54.86,10.75,34.39,1764,6271032,67.44,1897,5770071,62.05,5556,3988630,42.89,0,0,0
2021-11-04,54.85,10.81,34.33,2111,6273143,67.46,2802,5772873,62.08,7134,3995764,42.97,0,0,0
2021-11-05,54.85,10.83,34.32,793,6273936,67.47,907,5773780,62.09,3488,3999252,43.01,0,0,0
2021-11-06,54.82,10.86,34.32,347,6274283,67.47,389,5774169,62.09,1375,4000627,43.02,0,0,0
2021-11-07,54.92,10.8,34.28,1578,6275861,67.49,1770,5775939,62.11,6133,4006760,43.09,0,0,0
2021-11-08,55.01,10.75,34.24,1521,6277382,67.5,1603,5777542,62.13,5406,4012166,43.14,0,0,0
2021-11-09,55.05,10.74,34.21,1429,6278811,67.52,1612,5779154,62.15,5333,4017499,43.2,0,0,0
2021-11-10,55.08,10.73,34.19,1424,6280235,67.53,1662,5780816,62.16,4779,4022278,43.25,0,0,0
2021-11-11,55.15,10.69,34.15,1628,6281863,67.55,1948,5782764,62.19,5719,4027997,43.32,0,0,0
2021-11-12,55.17,10.69,34.14,637,6282500,67.56,826,5783590,62.19,2926,4030923,43.35,0,0,0
2021-11-13,55.14,10.72,34.14,259,6282759,67.56,291,5783881,62.2,1131,4032054,43.36,0,0,0
2021-11-14,55.21,10.68,34.11,1536,6284295,67.58,1639,5785520,62.21,5111,4037165,43.41,0,0,0
2021-11-15,55.28,10.63,34.09,1275,6285570,67.59,1628,5787148,62.23,4770,4041935,43.46,0,0,0
2021-11-16,55.32,10.62,34.07,1275,6286845,67.61,1419,5788567,62.25,4349,4046284,43.51,0,0,0
2021-11-17,55.35,10.6,34.05,1208,6288053,67.62,1567,5790134,62.26,3915,4050199,43.55,0,0,0
2021-11-18,55.41,10.58,34.02,1364,6289417,67.63,1693,5791827,62.28,5014,4055213,43.61,0,0,0
2021-11-19,55.42,10.57,34.01,589,6290006,67.64,765,5792592,62.29,2460,4057673,43.63,0,0,0
2021-11-20,55.41,10.58,34,238,6290244,67.64,258,5792850,62.29,930,4058603,43.64,0,0,0
2021-11-21,55.47,10.54,33.98,1409,6291653,67.66,1542,5794392,62.31,4881,4063484,43.7,0,0,0
2021-11-22,55.54,10.5,33.96,1681,6293334,67.68,1523,5795915,62.33,4238,4067722,43.74,0,0,0
2021-11-23,55.57,10.48,33.95,8616,6301950,67.77,1688,5797603,62.34,4012,4071734,43.79,0,0,0
2021-11-24,55.6,10.44,33.95,9348,6311298,67.87,1319,5798922,62.36,3925,4075659,43.83,0,0,0
2021-11-25,55.64,10.43,33.93,9808,6321106,67.97,1600,5800522,62.38,4841,4080500,43.88,0,0,0
2021-11-26,55.63,10.45,33.92,5610,6326716,68.03,753,5801275,62.38,2807,4083307,43.91,0,0,0
2021-11-27,55.62,10.46,33.92,4776,6331492,68.09,324,5801599,62.39,1164,4084471,43.92,0,0,0
2021-11-28,55.67,10.43,33.9,10148,6341640,68.19,1481,5803080,62.4,4907,4089378,43.98,0,0,0
2021-11-29,55.73,10.39,33.88,9043,6350683,68.29,1135,5804215,62.42,4378,4093756,44.02,0,0,0
2021-11-30,55.77,10.37,33.86,10043,6360726,68.4,1039,5805254,62.43,4085,4097841,44.07,0,0,0
2021-12-01,55.79,10.36,33.84,8629,6369355,68.49,1098,5806352,62.44,4445,4102286,44.11,5,5,0
2021-12-02,55.84,10.34,33.82,9173,6378528,68.59,1457,5807809,62.45,5126,4107412,44.17,6,11,0
2021-12-03,55.86,10.33,33.81,6329,6384857,68.66,673,5808482,62.46,2868,4110280,44.2,1,12,0
2021-12-04,55.85,10.34,33.81,2509,6387366,68.69,239,5808721,62.46,926,4111206,44.21,3,15,0
2021-12-05,55.9,10.31,33.79,8334,6395700,68.78,1254,5809975,62.48,4683,4115889,44.26,1,16,0
2021-12-06,55.95,10.27,33.78,6720,6402420,68.85,1200,5811175,62.49,4351,4120240,44.31,4,20,0
2021-12-07,55.99,10.25,33.76,5553,6407973,68.91,1506,5812681,62.51,3966,4124206,44.35,9,29,0
2021-12-08,56.03,10.22,33.75,4934,6412907,68.96,1201,5813882,62.52,3886,4128092,44.39,10,39,0
2021-12-09,56.08,10.19,33.73,6239,6419146,69.03,1241,5815123,62.53,4508,4132600,44.44,8,47,0
2021-12-10,56.1,10.18,33.72,3006,6422152,69.06,704,5815827,62.54,2687,4135287,44.47,4,51,0
2021-12-11,56.1,10.18,33.71,1491,6423643,69.08,255,5816082,62.54,1022,4136309,44.48,0,51,0
2021-12-12,56.16,10.15,33.69,7273,6430916,69.15,1444,5817526,62.56,5249,4141558,44.54,3,54,0
2021-12-13,56.21,10.11,33.67,6180,6437096,69.22,1377,5818903,62.57,4351,4145909,44.58,5,59,0
2021-12-14,56.27,10.09,33.65,7316,6444412,69.3,6098,5825001,62.64,4941,4150850,44.64,12,71,0
2021-12-15,56.34,10.06,33.6,7204,6451616,69.38,7404,5832405,62.72,5446,4156296,44.69,7,78,0
2021-12-16,56.53,10.05,33.42,8079,6459695,69.46,8610,5841015,62.81,6565,4162861,44.77,8,86,0
2021-12-17,56.64,10.05,33.3,4406,6464101,69.51,5141,5846156,62.87,3955,4166816,44.81,3,89,0
2021-12-18,56.73,10.07,33.2,3941,6468042,69.55,2913,5849069,62.9,1361,4168177,44.82,2,91,0
2021-12-19,56.92,10.04,33.04,6978,6475020,69.63,9328,5858397,63,6276,4174453,44.89,6,97,0
2021-12-20,57.07,10.02,32.91,7971,6482991,69.71,7520,5865917,63.08,5447,4179900,44.95,9,106,0
2021-12-21,57.27,10.01,32.71,9548,6492539,69.82,8647,5874564,63.17,6493,4186393,45.02,8,114,0
2021-12-22,57.49,10,32.52,9663,6502202,69.92,8152,5882716,63.26,6258,4192651,45.09,12,126,0
2021-12-23,57.7,9.97,32.33,11539,6513741,70.05,10262,5892978,63.37,8160,4200811,45.17,16,142,0
2021-12-24,57.83,9.96,32.21,5875,6519616,70.11,6241,5899219,63.44,5281,4206092,45.23,12,154,0
2021-12-25,57.9,9.96,32.15,3338,6522954,70.14,2566,5901785,63.46,2022,4208114,45.25,6,160,0
2021-12-26,58.1,9.92,31.98,10652,6533606,70.26,8909,5910694,63.56,8202,4216316,45.34,8,168,0
2021-12-27,58.27,9.9,31.83,10370,6543976,70.37,7142,5917836,63.64,8188,4224504,45.43,26,194,0
2021-12-28,58.46,9.88,31.66,11375,6555351,70.49,7451,5925287,63.72,9643,4234147,45.53,29,223,0
2021-12-29,58.64,9.85,31.51,9933,6565284,70.6,5964,5931251,63.78,8376,4242523,45.62,21,244,0
2021-12-30,58.84,9.82,31.34,11012,6576296,70.72,7735,5938986,63.86,12240,4254763,45.75,10,254,0
2021-12-31,58.9,9.79,31.3,4829,6581125,70.77,3672,5942658,63.9,7296,4262059,45.83,135,389,0
2022-01-01,58.93,9.79,31.28,1993,6583118,70.79,1592,5944250,63.92,2741,4264800,45.86,66,455,0
2022-01-02,59.14,9.76,31.1,10216,6593334,70.9,6487,5950737,63.99,13002,4277802,46,590,1045,0.01
2022-01-03,59.29,9.71,31,9384,6602718,71,5259,5955996,64.05,11343,4289145,46.12,25055,26100,0.28
2022-01-04,59.46,9.68,30.86,8963,6611681,71.1,5947,5961943,64.11,10525,4299670,46.24,50665,76765,0.83
2022-01-05,59.56,9.65,30.79,8553,6620234,71.19,5740,5967683,64.17,10492,4310162,46.35,59595,136360,1.47
2022-01-06,59.81,9.63,30.56,10339,6630573,71.3,7958,5975641,64.26,13532,4323694,46.49,64006,200366,2.15
2022-01-07,59.89,9.61,30.49,4759,6635332,71.35,4557,5980198,64.31,8167,4331861,46.58,31136,231502,2.49
2022-01-08,59.9,9.64,30.46,2749,6638081,71.38,2451,5982649,64.33,5502,4337363,46.64,27633,259135,2.79
2022-01-09,60.06,9.59,30.35,9305,6647386,71.48,7724,5990373,64.42,11871,4349234,46.77,66771,325906,3.5
2022-01-10,60.21,9.54,30.25,8347,6655733,71.57,7646,5998019,64.5,11885,4361119,46.9,64782,390688,4.2
2022-01-11,60.38,9.49,30.13,8097,6663830,71.66,8622,6006641,64.59,11974,4373093,47.03,56662,447350,4.81
2022-01-12,60.51,9.45,30.04,7275,6671105,71.74,8305,6014946,64.68,11114,4384207,47.15,44633,491983,5.29
2022-01-13,60.7,9.35,29.94,7509,6678614,71.82,9616,6024562,64.79,11549,4395756,47.27,34769,526752,5.66
2022-01-14,60.79,9.31,29.9,2555,6681169,71.85,4935,6029497,64.84,6147,4401903,47.34,11146,537898,5.78
2022-01-15,60.83,9.29,29.87,1469,6682638,71.86,3170,6032667,64.87,3885,4405788,47.38,5716,543614,5.85
2022-01-16,60.97,9.2,29.82,3817,6686455,71.9,8524,6041191,64.96,7682,4413470,47.46,19993,563607,6.06
2022-01-17,61.09,9.13,29.78,2808,6689263,71.93,7047,6048238,65.04,6173,4419643,47.53,17835,581442,6.25
2022-01-18,61.23,9.07,29.7,2475,6691738,71.96,7386,6055624,65.12,5535,4425178,47.59,14819,596261,6.41
2022-01-19,61.37,8.98,29.65,1915,6693653,71.98,6368,6061992,65.19,4523,4429701,47.63,8462,604723,6.5
2022-01-20,61.44,8.85,29.71,1777,6695430,72,6971,6068963,65.26,4792,4434493,47.69,8042,612765,6.59
2022-01-21,61.51,8.81,29.68,905,6696335,72.01,3725,6072688,65.3,2646,4437139,47.71,3358,616123,6.63
2022-01-22,61.51,8.75,29.74,327,6696662,72.01,1462,6074150,65.32,1068,4438207,47.73,1114,617237,6.64
2022-01-23,61.61,8.7,29.69,1068,6697730,72.02,5632,6079782,65.38,2879,4441086,47.76,6083,623320,6.7
2022-01-24,61.73,8.62,29.65,759,6698489,72.03,4481,6084263,65.43,2271,4443357,47.78,5057,628377,6.76
2022-01-25,61.9,8.51,29.59,744,6699233,72.04,4401,6088664,65.47,2187,4445544,47.81,7102,635479,6.83
2022-01-26,62.02,8.42,29.57,615,6699848,72.05,3286,6091950,65.51,1612,4447156,47.82,4263,639742,6.88
2022-01-27,62.12,8.35,29.52,797,6700645,72.06,4405,6096355,65.56,2006,4449162,47.84,5441,645183,6.94
2022-01-28,62.16,8.33,29.5,397,6701042,72.06,2376,6098731,65.58,1182,4450344,47.86,3452,648635,6.98
2022-01-29,62.23,8.29,29.48,124,6701166,72.06,1046,6099777,65.59,425,4450769,47.86,1162,649797,6.99
2022-01-30,62.3,8.24,29.46,769,6701935,72.07,4719,6104496,65.64,2020,4452789,47.88,8099,657896,7.07
2022-01-31,62.39,8.17,29.43,528,6702463,72.08,3183,6107679,65.68,1610,4454399,47.9,6472,664368,7.14
2022-02-01,62.45,8.15,29.4,482,6702945,72.08,2809,6110488,65.71,1526,4455925,47.92,5722,670090,7.21
2022-02-02,62.28,8.13,29.59,375,6703320,72.08,2394,6112882,65.73,1386,4457311,47.93,5073,675163,7.26
2022-02-03,62.34,8.08,29.57,446,6703766,72.09,2776,6115658,65.76,1462,4458773,47.95,5607,680770,7.32
2022-02-04,62.37,8.06,29.57,174,6703940,72.09,991,6116649,65.78,758,4459531,47.96,2455,683225,7.35
2022-02-05,62.34,8.09,29.56,62,6704002,72.09,342,6116991,65.78,221,4459752,47.96,420,683645,7.35
2022-02-06,62.41,8.05,29.55,407,6704409,72.1,2321,6119312,65.8,1344,4461096,47.97,5687,689332,7.41
2022-02-07,62.47,8.01,29.52,283,6704692,72.1,1308,6120620,65.82,984,4462080,47.98,5961,695293,7.48
2022-02-08,62.54,7.97,29.49,317,6705009,72.1,1498,6122118,65.83,1068,4463148,47.99,6138,701431,7.54
2022-02-09,62.6,7.95,29.45,254,6705263,72.11,1102,6123220,65.85,946,4464094,48,4571,706002,7.59
2022-02-10,62.63,7.93,29.44,273,6705536,72.11,1292,6124512,65.86,936,4465030,48.01,4816,710818,7.64
2022-02-11,62.67,7.91,29.42,212,6705748,72.11,557,6125069,65.87,519,4465549,48.02,2540,713358,7.67
2022-02-12,62.67,7.91,29.41,32,6705780,72.11,91,6125160,65.87,137,4465686,48.02,269,713627,7.67
2022-02-13,62.73,7.87,29.39,286,6706066,72.11,946,6126106,65.88,967,4466653,48.03,4998,718625,7.73
2022-02-14,62.89,7.74,29.36,179,6706245,72.12,628,6126734,65.88,761,4467414,48.04,3143,721768,7.76
2022-02-15,62.92,7.73,29.35,266,6706511,72.12,763,6127497,65.89,938,4468352,48.05,3819,725587,7.8
2022-02-16,62.95,7.72,29.34,179,6706690,72.12,577,6128074,65.9,803,4469155,48.06,2488,728075,7.83
2022-02-17,62.96,7.7,29.34,247,6706937,72.12,740,6128814,65.91,775,4469930,48.07,3061,731136,7.86
2022-02-18,62.98,7.69,29.33,130,6707067,72.12,343,6129157,65.91,441,4470371,48.07,1119,732255,7.87
2022-02-19,62.99,7.69,29.32,33,6707100,72.12,84,6129241,65.91,82,4470453,48.07,80,732335,7.88
2022-02-20,63.01,7.67,29.32,204,6707304,72.13,604,6129845,65.92,723,4471176,48.08,2574,734909,7.9
2022-02-21,63.04,7.65,29.31,173,6707477,72.13,413,6130258,65.92,490,4471666,48.09,1542,736451,7.92
2022-02-22,63.05,7.65,29.3,158,6707635,72.13,455,6130713,65.93,570,4472236,48.09,1871,738322,7.94
2022-02-23,63.06,7.65,29.29,109,6707744,72.13,353,6131066,65.93,453,4472689,48.1,1153,739475,7.95
2022-02-24,63.05,7.66,29.29,138,6707882,72.13,463,6131529,65.94,568,4473257,48.1,1493,740968,7.97
2022-02-25,63.06,7.66,29.28,59,6707941,72.13,144,6131673,65.94,193,4473450,48.11,456,741424,7.97
2022-02-26,63.05,7.67,29.28,17,6707958,72.13,28,6131701,65.94,161,4473611,48.11,35,741459,7.97
2022-02-27,63.05,7.67,29.28,112,6708070,72.14,341,6132042,65.94,448,4474059,48.11,1119,742578,7.99
2022-02-28,63.07,7.65,29.28,108,6708178,72.14,271,6132313,65.94,426,4474485,48.12,908,743486,8
2022-03-01,63.1,7.63,29.27,97,6708275,72.14,280,6132593,65.95,373,4474858,48.12,797,744283,8
2022-03-02,63.11,7.62,29.27,77,6708352,72.14,199,6132792,65.95,324,4475182,48.12,698,744981,8.01
2022-03-03,63.05,7.67,29.27,157,6708509,72.14,371,6133163,65.95,499,4475681,48.13,987,745968,8.02
2022-03-04,63.05,7.68,29.27,54,6708563,72.14,170,6133333,65.95,170,4475851,48.13,228,746196,8.02
2022-03-05,63.04,7.69,29.27,5,6708568,72.14,25,6133358,65.96,44,4475895,48.13,32,746228,8.02
2022-03-06,63.04,7.69,29.27,98,6708666,72.14,259,6133617,65.96,417,4476312,48.14,760,746988,8.03
2022-03-07,63.05,7.69,29.26,86,6708752,72.14,260,6133877,65.96,354,4476666,48.14,605,747593,8.04
2022-03-08,63.04,7.7,29.26,100,6708852,72.14,263,6134140,65.96,333,4476999,48.14,550,748143,8.05
2022-03-09,63.02,7.72,29.25,89,6708941,72.14,213,6134353,65.97,337,4477336,48.15,492,748635,8.05
2022-03-10,63.01,7.74,29.25,115,6709056,72.15,375,6134728,65.97,428,4477764,48.15,620,749255,8.06
2022-03-11,63,7.75,29.25,24,6709080,72.15,85,6134813,65.97,123,4477887,48.15,144,749399,8.06
2022-03-12,62.98,7.77,29.24,11,6709091,72.15,12,6134825,65.97,34,4477921,48.15,28,749427,8.06
2022-03-13,62.98,7.78,29.24,100,6709191,72.15,271,6135096,65.97,359,4478280,48.16,595,750022,8.07
2022-03-14,62.98,7.78,29.24,66,6709257,72.15,253,6135349,65.98,316,4478596,48.16,559,750581,8.07
2022-03-15,62.95,7.81,29.24,80,6709337,72.15,185,6135534,65.98,293,4478889,48.16,591,751172,8.08
2022-03-16,62.94,7.82,29.24,77,6709414,72.15,205,6135739,65.98,305,4479194,48.17,668,751840,8.08
2022-03-17,62.94,7.82,29.24,65,6709479,72.15,122,6135861,65.98,286,4479480,48.17,613,752453,8.09
2022-03-18,62.94,7.82,29.24,20,6709499,72.15,54,6135915,65.98,100,4479580,48.17,234,752687,8.09
2022-03-19,62.89,7.88,29.23,6,6709505,72.15,11,6135926,65.98,29,4479609,48.17,39,752726,8.09
2022-03-20,62.87,7.89,29.23,119,6709624,72.15,260,6136186,65.99,486,4480095,48.18,1431,754157,8.11
2022-03-21,62.87,7.9,29.23,97,6709721,72.15,249,6136435,65.99,379,4480474,48.18,1132,755289,8.12
2022-03-22,62.84,7.94,29.23,141,6709862,72.15,342,6136777,65.99,508,4480982,48.19,1770,757059,8.14
2022-03-23,62.81,7.97,29.22,108,6709970,72.16,212,6136989,65.99,463,4481445,48.19,1677,758736,8.16
2022-03-24,62.78,8,29.22,175,6710145,72.16,345,6137334,66,769,4482214,48.2,2363,761099,8.18
2022-03-25,62.78,8,29.23,39,6710184,72.16,83,6137417,66,159,4482373,48.2,630,761729,8.19
2022-03-26,62.77,8,29.22,12,6710196,72.16,13,6137430,66,34,4482407,48.2,91,761820,8.19
2022-03-27,62.75,8.02,29.22,167,6710363,72.16,344,6137774,66,760,4483167,48.21,3193,765013,8.23
2022-03-28,62.75,8.03,29.22,113,6710476,72.16,272,6138046,66.01,623,4483790,48.22,2416,767429,8.25
2022-03-29,62.7,8.07,29.22,125,6710601,72.16,258,6138304,66.01,641,4484431,48.22,2772,770201,8.28
2022-03-30,62.81,8.11,29.07,132,6710733,72.16,208,6138512,66.01,542,4484973,48.23,2370,772571,8.31
2022-03-31,62.79,8.11,29.1,166,6710899,72.17,302,6138814,66.01,732,4485705,48.24,2853,775424,8.34
2022-04-01,62.72,8.13,29.15,122,6711021,72.17,161,6138975,66.02,277,4485982,48.24,589,776013,8.34
2022-04-02,62.69,8.15,29.16,7,6711028,72.17,7,6138982,66.02,37,4486019,48.24,52,776065,8.35
2022-04-03,62.65,8.16,29.19,159,6711187,72.17,270,6139252,66.02,569,4486588,48.25,2478,778543,8.37
2022-04-04,62.62,8.16,29.22,103,6711290,72.17,208,6139460,66.02,485,4487073,48.25,2225,780768,8.4
2022-04-05,62.57,8.19,29.25,123,6711413,72.17,221,6139681,66.02,513,4487586,48.26,2243,783011,8.42
2022-04-06,62.55,8.2,29.25,91,6711504,72.17,157,6139838,66.02,382,4487968,48.26,2023,785034,8.44
2022-04-07,62.56,8.2,29.24,191,6711695,72.17,215,6140053,66.03,641,4488609,48.27,2556,787590,8.47
2022-04-08,62.54,8.22,29.23,30,6711725,72.17,61,6140114,66.03,154,4488763,48.27,482,788072,8.47
2022-04-09,62.52,8.25,29.23,6,6711731,72.17,17,6140131,66.03,28,4488791,48.27,47,788119,8.48
2022-04-10,62.51,8.26,29.23,103,6711834,72.18,265,6140396,66.03,429,4489220,48.27,1845,789964,8.49
2022-04-11,62.54,8.26,29.2,78,6711912,72.18,201,6140597,66.03,371,4489591,48.28,1425,791389,8.51
2022-04-12,62.58,8.29,29.12,204,6712116,72.18,168,6140765,66.03,376,4489967,48.28,1361,792750,8.52
2022-04-13,62.58,8.31,29.1,117,6712233,72.18,150,6140915,66.04,298,4490265,48.29,1218,793968,8.54
2022-04-14,62.57,8.33,29.1,85,6712318,72.18,222,6141137,66.04,321,4490586,48.29,1069,795037,8.55
2022-04-15,62.55,8.35,29.1,10,6712328,72.18,51,6141188,66.04,48,4490634,48.29,82,795119,8.55
2022-04-16,62.53,8.37,29.1,3,6712331,72.18,8,6141196,66.04,21,4490655,48.29,29,795148,8.55
2022-04-17,62.52,8.38,29.1,62,6712393,72.18,131,6141327,66.04,229,4490884,48.29,807,795955,8.56
2022-04-18,62.51,8.38,29.1,68,6712461,72.18,109,6141436,66.04,253,4491137,48.3,750,796705,8.57
2022-04-19,62.5,8.4,29.1,62,6712523,72.18,145,6141581,66.04,273,4491410,48.3,842,797547,8.58
2022-04-20,62.48,8.42,29.1,60,6712583,72.18,117,6141698,66.04,235,4491645,48.3,656,798203,8.58
2022-04-21,62.47,8.43,29.1,53,6712636,72.18,109,6141807,66.05,197,4491842,48.3,480,798683,8.59
2022-04-22,62.45,8.44,29.11,3,6712639,72.18,17,6141824,66.05,19,4491861,48.3,20,798703,8.59
2022-04-23,62.43,8.46,29.11,6,6712645,72.18,9,6141833,66.05,17,4491878,48.3,13,798716,8.59
2022-04-24,62.43,8.47,29.1,92,6712737,72.19,250,6142083,66.05,329,4492207,48.31,872,799588,8.6
2022-04-25,62.43,8.47,29.1,104,6712841,72.19,192,6142275,66.05,316,4492523,48.31,739,800327,8.61
2022-04-26,62.42,8.48,29.1,76,6712917,72.19,175,6142450,66.05,304,4492827,48.31,789,801116,8.61
2022-04-27,62.41,8.49,29.1,54,6712971,72.19,160,6142610,66.05,227,4493054,48.32,640,801756,8.62
2022-04-28,62.41,8.5,29.1,97,6713068,72.19,232,6142842,66.06,329,4493383,48.32,872,802628,8.63
2022-04-29,62.39,8.51,29.1,112,6713180,72.19,159,6143001,66.06,184,4493567,48.32,196,802824,8.63
2022-04-30,62.38,8.52,29.1,1,6713181,72.19,3,6143004,66.06,24,4493591,48.32,22,802846,8.63
2022-05-01,62.38,8.53,29.09,135,6713316,72.19,185,6143189,66.06,317,4493908,48.33,630,803476,8.64
2022-05-02,62.37,8.54,29.09,62,6713378,72.19,155,6143344,66.06,235,4494143,48.33,491,803967,8.65
2022-05-03,62.36,8.55,29.09,73,6713451,72.19,151,6143495,66.06,288,4494431,48.33,508,804475,8.65
2022-05-04,62.35,8.57,29.08,23,6713474,72.19,56,6143551,66.06,63,4494494,48.33,129,804604,8.65
2022-05-05,62.34,8.58,29.08,5,6713479,72.19,1,6143552,66.06,8,4494502,48.33,14,804618,8.65
2022-05-06,62.33,8.59,29.08,20,6713499,72.19,59,6143611,66.07,63,4494565,48.33,154,804772,8.65
2022-05-07,62.32,8.6,29.08,1,6713500,72.19,7,6143618,66.07,27,4494592,48.33,24,804796,8.65
2022-05-08,62.31,8.61,29.08,118,6713618,72.19,207,6143825,66.07,270,4494862,48.34,457,805253,8.66
2022-05-09,62.31,8.61,29.08,59,6713677,72.2,162,6143987,66.07,253,4495115,48.34,505,805758,8.66
2022-05-10,62.3,8.62,29.08,131,6713808,72.2,169,6144156,66.07,261,4495376,48.34,508,806266,8.67
2022-05-11,62.3,8.63,29.08,58,6713866,72.2,118,6144274,66.07,183,4495559,48.34,464,806730,8.68
2022-05-12,62.29,8.64,29.07,119,6713985,72.2,200,6144474,66.07,282,4495841,48.35,667,807397,8.68
2022-05-13,62.28,8.65,29.07,11,6713996,72.2,44,6144518,66.08,71,4495912,48.35,110,807507,8.68
2022-05-14,62.26,8.66,29.07,6,6714002,72.2,13,6144531,66.08,14,4495926,48.35,24,807531,8.68
2022-05-15,62.26,8.67,29.07,90,6714092,72.2,175,6144706,66.08,246,4496172,48.35,665,808196,8.69
2022-05-16,62.19,8.65,29.16,68,6714160,72.2,141,6144847,66.08,230,4496402,48.35,510,808706,8.7
2022-05-17,62.18,8.66,29.16,73,6714233,72.2,153,6145000,66.08,267,4496669,48.35,618,809324,8.7
2022-05-18,62.17,8.67,29.16,43,6714276,72.2,99,6145099,66.08,169,4496838,48.36,447,809771,8.71
2022-05-19,62.16,8.68,29.16,62,6714338,72.2,173,6145272,66.08,213,4497051,48.36,499,810270,8.71
2022-05-20,62.15,8.69,29.16,76,6714414,72.2,114,6145386,66.08,130,4497181,48.36,138,810408,8.71
2022-05-21,62.14,8.7,29.16,4,6714418,72.2,7,6145393,66.08,15,4497196,48.36,18,810426,8.71
2022-05-22,62.14,8.71,29.16,85,6714503,72.2,190,6145583,66.09,216,4497412,48.36,427,810853,8.72
2022-05-23,62.14,8.71,29.16,66,6714569,72.21,120,6145703,66.09,157,4497569,48.36,349,811202,8.72
2022-05-24,62.13,8.71,29.15,43,6714612,72.21,119,6145822,66.09,157,4497726,48.37,394,811596,8.73
2022-05-25,62.12,8.72,29.15,61,6714673,72.21,103,6145925,66.09,168,4497894,48.37,337,811933,8.73
2022-05-26,62.11,8.73,29.16,72,6714745,72.21,136,6146061,66.09,186,4498080,48.37,347,812280,8.73
2022-05-27,62.1,8.74,29.16,12,6714757,72.21,29,6146090,66.09,43,4498123,48.37,59,812339,8.74
2022-05-28,62.09,8.75,29.16,2,6714759,72.21,5,6146095,66.09,8,4498131,48.37,12,812351,8.74
2022-05-29,62.09,8.75,29.16,89,6714848,72.21,153,6146248,66.09,163,4498294,48.37,316,812667,8.74
2022-05-30,62.09,8.76,29.16,56,6714904,72.21,134,6146382,66.1,126,4498420,48.37,291,812958,8.74
2022-05-31,62.07,8.78,29.15,45,6714949,72.21,104,6146486,66.1,153,4498573,48.38,351,813309,8.75
2022-06-01,61.95,8.9,29.16,65,6715014,72.21,90,6146576,66.1,119,4498692,48.38,277,813586,8.75
2022-06-02,45.96,24.88,29.15,77,6715091,72.21,156,6146732,66.1,178,4498870,48.38,255,813841,8.75
2022-06-03,45.9,24.95,29.16,10,6715101,72.21,23,6146755,66.1,21,4498891,48.38,33,813874,8.75
2022-06-04,45.84,25,29.16,0,6715101,72.21,7,6146762,66.1,8,4498899,48.38,5,813879,8.75
2022-06-05,45.8,25.05,29.16,11,6715112,72.21,14,6146776,66.1,7,4498906,48.38,2,813881,8.75
2022-06-06,39.96,30.89,29.16,58,6715170,72.21,145,6146921,66.1,161,4499067,48.38,262,814143,8.75
2022-06-07,39.92,30.93,29.15,54,6715224,72.21,134,6147055,66.1,142,4499209,48.38,379,814522,8.76
2022-06-08,39.89,30.96,29.15,59,6715283,72.21,104,6147159,66.1,131,4499340,48.38,497,815019,8.76
2022-06-09,39.86,30.99,29.15,84,6715367,72.21,208,6147367,66.11,234,4499574,48.39,642,815661,8.77
2022-06-10,39.83,31.02,29.15,15,6715382,72.21,51,6147418,66.11,60,4499634,48.39,142,815803,8.77
2022-06-11,39.8,31.05,29.15,0,6715382,72.21,3,6147421,66.11,7,4499641,48.39,19,815822,8.77
2022-06-12,39.8,31.05,29.15,109,6715491,72.22,200,6147621,66.11,192,4499833,48.39,768,816590,8.78
2022-06-13,39.81,31.04,29.15,84,6715575,72.22,142,6147763,66.11,168,4500001,48.39,626,817216,8.79
2022-06-14,39.79,31.06,29.15,116,6715691,72.22,174,6147937,66.11,208,4500209,48.39,759,817975,8.8
2022-06-15,39.78,31.08,29.15,71,6715762,72.22,141,6148078,66.11,207,4500416,48.4,700,818675,8.8
2022-06-16,39.74,31.11,29.14,94,6715856,72.22,136,6148214,66.11,218,4500634,48.4,742,819417,8.81
2022-06-17,39.72,31.14,29.15,16,6715872,72.22,63,6148277,66.12,53,4500687,48.4,125,819542,8.81
2022-06-18,39.68,31.17,29.14,3,6715875,72.22,4,6148281,66.12,11,4500698,48.4,15,819557,8.81
2022-06-19,39.53,31.33,29.15,115,6715990,72.22,208,6148489,66.12,318,4501016,48.4,877,820434,8.82
2022-06-20,33.92,36.85,29.23,99,6716089,72.22,152,6148641,66.12,307,4501323,48.41,922,821356,8.83
2022-06-21,33.58,37.19,29.23,94,6716183,72.22,154,6148795,66.12,375,4501698,48.41,1229,822585,8.85
2022-06-22,33.28,37.49,29.23,110,6716293,72.22,136,6148931,66.12,339,4502037,48.41,894,823479,8.86
2022-06-23,32.84,37.92,29.23,132,6716425,72.23,217,6149148,66.12,525,4502562,48.42,1146,824625,8.87
2022-06-24,32.43,38.34,29.24,19,6716444,72.23,35,6149183,66.13,110,4502672,48.42,208,824833,8.87
2022-06-25,32.04,38.72,29.24,1,6716445,72.23,3,6149186,66.13,13,4502685,48.42,16,824849,8.87
2022-06-26,31.63,39.13,29.24,107,6716552,72.23,158,6149344,66.13,379,4503064,48.42,933,825782,8.88
2022-06-27,31.29,39.47,29.24,86,6716638,72.23,172,6149516,66.13,392,4503456,48.43,1028,826810,8.89
2022-06-28,30.86,39.91,29.24,85,6716723,72.23,151,6149667,66.13,363,4503819,48.43,932,827742,8.9
2022-06-29,30.48,40.28,29.24,76,6716799,72.23,108,6149775,66.13,265,4504084,48.43,816,828558,8.91
2022-06-30,30.05,40.71,29.24,86,6716885,72.23,165,6149940,66.13,355,4504439,48.44,1062,829620,8.92
2022-07-01,29.62,41.14,29.24,22,6716907,72.23,28,6149968,66.13,55,4504494,48.44,80,829700,8.92
2022-07-02,29.2,41.56,29.24,1,6716908,72.23,2,6149970,66.13,8,4504502,48.44,18,829718,8.92
2022-07-03,28.81,41.95,29.24,100,6717008,72.23,178,6150148,66.14,322,4504824,48.44,636,830354,8.93
2022-07-04,28.5,42.26,29.24,76,6717084,72.23,140,6150288,66.14,278,4505102,48.45,749,831103,8.94
2022-07-05,28.06,42.7,29.24,59,6717143,72.23,142,6150430,66.14,302,4505404,48.45,688,831791,8.94
2022-07-06,27.39,43.37,29.24,78,6717221,72.23,124,6150554,66.14,211,4505615,48.45,646,832437,8.95
2022-07-07,26.48,44.28,29.24,82,6717303,72.23,165,6150719,66.14,267,4505882,48.45,721,833158,8.96
2022-07-08,25.47,45.29,29.24,17,6717320,72.23,33,6150752,66.14,69,4505951,48.45,131,833289,8.96
2022-07-09,24.42,46.34,29.24,0,6717320,72.23,1,6150753,66.14,3,4505954,48.45,3,833292,8.96
2022-07-10,23.77,46.99,29.24,90,6717410,72.24,164,6150917,66.14,229,4506183,48.46,470,833762,8.97
2022-07-11,23.22,47.54,29.24,64,6717474,72.24,142,6151059,66.15,248,4506431,48.46,575,834337,8.97
2022-07-12,22.13,48.63,29.24,69,6717543,72.24,129,6151188,66.15,207,4506638,48.46,558,834895,8.98
2022-07-13,21.1,49.66,29.24,43,6717586,72.24,101,6151289,66.15,165,4506803,48.46,488,835383,8.98
2022-07-14,20.12,50.63,29.24,70,6717656,72.24,147,6151436,66.15,208,4507011,48.47,513,835896,8.99
2022-07-15,19.27,51.48,29.25,64,6717720,72.24,88,6151524,66.15,127,4507138,48.47,168,836064,8.99
2022-07-16,18.29,52.46,29.25,0,6717720,72.24,6,6151530,66.15,7,4507145,48.47,8,836072,8.99
2022-07-17,17.83,52.92,29.25,77,6717797,72.24,183,6151713,66.15,241,4507386,48.47,468,836540,9
2022-07-18,17.48,53.26,29.26,62,6717859,72.24,158,6151871,66.15,207,4507593,48.47,511,837051,9
2022-07-19,16.77,53.97,29.26,62,6717921,72.24,147,6152018,66.16,174,4507767,48.47,368,837419,9.01
2022-07-20,16.09,54.64,29.26,51,6717972,72.24,134,6152152,66.16,137,4507904,48.48,423,837842,9.01
2022-07-21,15.43,55.3,29.27,62,6718034,72.24,160,6152312,66.16,176,4508080,48.48,341,838183,9.01
2022-07-22,14.64,56.08,29.28,10,6718044,72.24,36,6152348,66.16,43,4508123,48.48,56,838239,9.01
2022-07-23,14.17,56.55,29.28,0,6718044,72.24,4,6152352,66.16,4,4508127,48.48,9,838248,9.01
2022-07-24,13.55,57.16,29.29,58,6718102,72.24,128,6152480,66.16,197,4508324,48.48,364,838612,9.02
2022-07-25,13.09,57.61,29.3,48,6718150,72.24,107,6152587,66.16,172,4508496,48.48,336,838948,9.02
2022-07-26,12.46,58.23,29.3,47,6718197,72.24,99,6152686,66.16,111,4508607,48.48,270,839218,9.02
2022-07-27,11.89,58.8,29.31,44,6718241,72.24,125,6152811,66.16,132,4508739,48.48,243,839461,9.03
2022-07-28,11.35,59.34,29.31,62,6718303,72.25,143,6152954,66.17,148,4508887,48.49,221,839682,9.03
2022-07-29,10.85,59.83,29.32,10,6718313,72.25,25,6152979,66.17,27,4508914,48.49,31,839713,9.03
2022-07-30,10.34,60.33,29.33,0,6718313,72.25,0,6152979,66.17,1,4508915,48.49,1,839714,9.03
2022-07-31,9.97,60.7,29.33,56,6718369,72.25,134,6153113,66.17,131,4509046,48.49,252,839966,9.03
2022-08-01,9.47,61.19,29.34,54,6718423,72.25,76,6153189,66.17,91,4509137,48.49,152,840118,9.03
2022-08-02,8.92,61.73,29.35,111,6718534,72.25,119,6153308,66.17,157,4509294,48.49,264,840382,9.04
2022-08-03,8.46,62.19,29.35,76,6718610,72.25,71,6153379,66.17,92,4509386,48.49,181,840563,9.04
2022-08-04,8.04,62.61,29.36,133,6718743,72.25,133,6153512,66.17,111,4509497,48.49,246,840809,9.04
2022-08-05,7.71,62.93,29.36,31,6718774,72.25,23,6153535,66.17,13,4509510,48.49,24,840833,9.04
2022-08-06,7.32,63.32,29.36,1,6718775,72.25,2,6153537,66.17,3,4509513,48.49,5,840838,9.04
2022-08-07,6.92,63.71,29.37,89,6718864,72.25,97,6153634,66.17,69,4509582,48.49,169,841007,9.04
2022-08-08,6.74,63.89,29.37,109,6718973,72.25,92,6153726,66.17,92,4509674,48.49,172,841179,9.05
2022-08-09,6.25,64.37,29.38,96,6719069,72.25,90,6153816,66.18,99,4509773,48.5,213,841392,9.05
2022-08-10,5.91,64.71,29.38,77,6719146,72.25,60,6153876,66.18,76,4509849,48.5,115,841507,9.05
2022-08-11,5.59,65.03,29.38,54,6719200,72.25,101,6153977,66.18,91,4509940,48.5,156,841663,9.05
2022-08-12,5.35,65.27,29.38,8,6719208,72.25,12,6153989,66.18,18,4509958,48.5,29,841692,9.05
2022-08-13,5.1,65.52,29.38,0,6719208,72.25,2,6153991,66.18,2,4509960,48.5,3,841695,9.05
2022-08-14,4.87,65.75,29.39,74,6719282,72.26,75,6154066,66.18,82,4510042,48.5,150,841845,9.05
2022-08-15,4.74,65.87,29.39,69,6719351,72.26,80,6154146,66.18,92,4510134,48.5,144,841989,9.05
2022-08-16,4.46,66.15,29.39,82,6719433,72.26,84,6154230,66.18,84,4510218,48.5,187,842176,9.06
2022-08-17,4.16,66.44,29.39,46,6719479,72.26,56,6154286,66.18,36,4510254,48.5,116,842292,9.06
2022-08-18,3.98,66.63,29.39,70,6719549,72.26,93,6154379,66.18,120,4510374,48.5,173,842465,9.06
2022-08-19,3.83,66.78,29.39,79,6719628,72.26,67,6154446,66.18,56,4510430,48.5,38,842503,9.06
2022-08-20,3.67,66.94,29.39,1,6719629,72.26,1,6154447,66.18,3,4510433,48.5,3,842506,9.06
2022-08-21,3.52,67.08,29.4,52,6719681,72.26,85,6154532,66.18,84,4510517,48.5,197,842703,9.06
2022-08-22,3.44,67.16,29.4,89,6719770,72.26,74,6154606,66.18,103,4510620,48.5,144,842847,9.06
2022-08-23,3.27,67.33,29.4,72,6719842,72.26,106,6154712,66.18,84,4510704,48.51,180,843027,9.07
2022-08-24,3.15,67.46,29.4,38,6719880,72.26,80,6154792,66.19,49,4510753,48.51,133,843160,9.07
2022-08-25,3.03,67.57,29.4,53,6719933,72.26,75,6154867,66.19,98,4510851,48.51,193,843353,9.07
2022-08-26,2.94,67.66,29.4,4,6719937,72.26,15,6154882,66.19,9,4510860,48.51,14,843367,9.07
2022-08-27,2.84,67.76,29.4,0,6719937,72.26,0,6154882,66.19,0,4510860,48.51,0,843367,9.07
2022-08-28,2.75,67.85,29.4,55,6719992,72.26,80,6154962,66.19,85,4510945,48.51,102,843469,9.07
2022-08-29,2.69,67.91,29.4,48,6720040,72.26,68,6155030,66.19,89,4511034,48.51,107,843576,9.07
2022-08-30,2.6,68,29.4,85,6720125,72.26,113,6155143,66.19,85,4511119,48.51,131,843707,9.07
2022-08-31,2.53,68.07,29.4,42,6720167,72.27,89,6155232,66.19,70,4511189,48.51,96,843803,9.07
2022-09-01,2.46,68.14,29.4,29,6720196,72.27,84,6155316,66.19,58,4511247,48.51,113,843916,9.08
2022-09-02,2.4,68.2,29.4,6,6720202,72.27,20,6155336,66.19,13,4511260,48.51,10,843926,9.08
2022-09-03,2.33,68.27,29.4,2,6720204,72.27,0,6155336,66.19,3,4511263,48.51,1,843927,9.08
2022-09-04,2.27,68.32,29.4,64,6720268,72.27,133,6155469,66.19,80,4511343,48.51,121,844048,9.08
2022-09-05,2.23,68.37,29.4,44,6720312,72.27,77,6155546,66.19,58,4511401,48.51,90,844138,9.08
2022-09-06,2.17,68.42,29.4,60,6720372,72.27,104,6155650,66.19,78,4511479,48.51,130,844268,9.08
2022-09-07,2.12,68.47,29.4,28,6720400,72.27,63,6155713,66.2,53,4511532,48.51,95,844363,9.08
2022-09-08,2.07,68.53,29.4,50,6720450,72.27,103,6155816,66.2,70,4511602,48.52,77,844440,9.08
2022-09-09,2.03,68.57,29.4,10,6720460,72.27,21,6155837,66.2,16,4511618,48.52,17,844457,9.08
2022-09-10,1.97,68.62,29.4,1,6720461,72.27,0,6155837,66.2,5,4511623,48.52,2,844459,9.08
2022-09-11,1.92,68.67,29.41,39,6720500,72.27,117,6155954,66.2,78,4511701,48.52,116,844575,9.08
2022-09-12,1.88,68.71,29.41,24,6720524,72.27,72,6156026,66.2,52,4511753,48.52,68,844643,9.08
2022-09-13,1.82,68.77,29.41,44,6720568,72.27,113,6156139,66.2,54,4511807,48.52,103,844746,9.08
2022-09-14,1.78,68.82,29.41,21,6720589,72.27,64,6156203,66.2,54,4511861,48.52,62,844808,9.08
2022-09-15,1.73,68.86,29.41,32,6720621,72.27,77,6156280,66.2,63,4511924,48.52,107,844915,9.09
2022-09-16,1.7,68.89,29.41,51,6720672,72.27,52,6156332,66.2,27,4511951,48.52,28,844943,9.09
2022-09-17,1.66,68.93,29.41,3,6720675,72.27,0,6156332,66.2,1,4511952,48.52,0,844943,9.09
2022-09-18,1.63,68.96,29.41,28,6720703,72.27,66,6156398,66.2,52,4512004,48.52,115,845058,9.09
2022-09-19,1.61,68.98,29.41,28,6720731,72.27,74,6156472,66.2,44,4512048,48.52,57,845115,9.09
2022-09-20,1.56,69.03,29.41,41,6720772,72.27,93,6156565,66.2,75,4512123,48.52,102,845217,9.09
2022-09-21,1.55,69.05,29.41,22,6720794,72.27,54,6156619,66.21,29,4512152,48.52,56,845273,9.09
2022-09-22,1.52,69.07,29.4,42,6720836,72.27,56,6156675,66.21,27,4512179,48.52,41,845314,9.09
2022-09-23,1.5,69.1,29.41,7,6720843,72.27,11,6156686,66.21,4,4512183,48.52,1,845315,9.09
2022-09-24,1.47,69.13,29.41,0,6720843,72.27,0,6156686,66.21,1,4512184,48.52,0,845315,9.09
2022-09-25,1.46,69.13,29.41,5,6720848,72.27,20,6156706,66.21,10,4512194,48.52,27,845342,9.09
2022-09-26,1.46,69.13,29.41,0,6720848,72.27,5,6156711,66.21,3,4512197,48.52,2,845344,9.09
2022-09-27,1.42,69.17,29.41,2,6720850,72.27,0,6156711,66.21,3,4512200,48.52,3,845347,9.09
2022-09-28,1.39,69.21,29.41,24,6720874,72.27,36,6156747,66.21,25,4512225,48.52,17,845364,9.09
2022-09-29,1.37,69.22,29.41,32,6720906,72.27,61,6156808,66.21,13,4512238,48.52,48,845412,9.09
2022-09-30,1.35,69.24,29.41,4,6720910,72.27,12,6156820,66.21,2,4512240,48.52,0,845412,9.09
2022-10-01,1.31,69.29,29.41,0,6720910,72.27,1,6156821,66.21,1,4512241,48.52,1,845413,9.09
2022-10-02,1.31,69.29,29.41,28,6720938,72.27,51,6156872,66.21,20,4512261,48.52,73,845486,9.09
2022-10-03,1.31,69.28,29.4,23,6720961,72.27,29,6156901,66.21,13,4512274,48.52,12,845498,9.09
2022-10-04,1.27,69.32,29.4,7,6720968,72.27,11,6156912,66.21,0,4512274,48.52,2,845500,9.09
2022-10-05,1.28,69.31,29.4,1,6720969,72.27,0,6156912,66.21,0,4512274,48.52,1,845501,9.09
2022-10-06,1.31,69.28,29.4,17,6720986,72.27,43,6156955,66.21,10,4512284,48.52,20,845521,9.09
2022-10-07,1.3,69.29,29.41,3,6720989,72.27,3,6156958,66.21,4,4512288,48.52,0,845521,9.09
2022-10-08,1.26,69.33,29.41,1,6720990,72.27,1,6156959,66.21,0,4512288,48.52,1,845522,9.09
2022-10-09,1.31,69.28,29.41,7,6720997,72.27,22,6156981,66.21,6,4512294,48.52,5,845527,9.09
2022-10-10,1.38,69.22,29.4,5,6721002,72.27,2,6156983,66.21,0,4512294,48.52,0,845527,9.09
2022-10-11,1.36,69.24,29.4,12,6721014,72.27,32,6157015,66.21,1,4512295,48.52,32,845559,9.09
2022-10-12,1.34,69.26,29.4,13,6721027,72.27,24,6157039,66.21,5,4512300,48.52,4,845563,9.09
2022-10-13,1.4,69.2,29.4,17,6721044,72.27,16,6157055,66.21,5,4512305,48.52,9,845572,9.09
2022-10-14,1.4,69.2,29.4,6,6721050,72.27,7,6157062,66.21,4,4512309,48.52,3,845575,9.09
2022-10-15,1.38,69.22,29.4,0,6721050,72.27,1,6157063,66.21,0,4512309,48.52,1,845576,9.09
2022-10-16,1.39,69.2,29.4,5,6721055,72.27,13,6157076,66.21,5,4512314,48.52,8,845584,9.09
2022-10-17,1.39,69.2,29.4,1,6721056,72.27,1,6157077,66.21,4,4512318,48.52,1,845585,9.09
2022-10-18,1.43,69.17,29.4,24,6721080,72.28,31,6157108,66.21,14,4512332,48.52,16,845601,9.09
2022-10-19,1.47,69.12,29.4,18,6721098,72.28,25,6157133,66.21,7,4512339,48.52,3,845604,9.09
2022-10-20,1.5,69.1,29.4,26,6721124,72.28,44,6157177,66.21,12,4512351,48.52,4,845608,9.09
2022-10-21,1.5,69.09,29.4,4,6721128,72.28,7,6157184,66.21,2,4512353,48.52,4,845612,9.09
2022-10-22,1.49,69.1,29.4,0,6721128,72.28,0,6157184,66.21,0,4512353,48.52,0,845612,9.09
2022-10-23,1.51,69.08,29.4,15,6721143,72.28,33,6157217,66.21,18,4512371,48.52,10,845622,9.09
2022-10-24,1.51,69.08,29.41,20,6721163,72.28,16,6157233,66.21,19,4512390,48.52,9,845631,9.09
2022-10-25,1.55,69.04,29.4,18,6721181,72.28,34,6157267,66.21,23,4512413,48.52,21,845652,9.09
2022-10-26,1.61,68.99,29.4,18,6721199,72.28,25,6157292,66.21,8,4512421,48.52,10,845662,9.09
2022-10-27,1.67,68.93,29.4,17,6721216,72.28,27,6157319,66.21,14,4512435,48.52,17,845679,9.09
2022-10-28,1.67,68.93,29.4,60,6721276,72.28,51,6157370,66.21,31,4512466,48.52,18,845697,9.09
2022-10-29,1.66,68.94,29.4,0,6721276,72.28,0,6157370,66.21,0,4512466,48.52,0,845697,9.09
2022-10-30,1.71,68.89,29.4,15,6721291,72.28,23,6157393,66.21,15,4512481,48.52,9,845706,9.09
2022-10-31,1.76,68.84,29.4,17,6721308,72.28,16,6157409,66.21,8,4512489,48.53,10,845716,9.09
2022-11-01,1.82,68.78,29.4,3,6721311,72.28,1,6157410,66.21,1,4512490,48.53,0,845716,9.09
2022-11-02,1.88,68.72,29.4,14,6721325,72.28,14,6157424,66.21,7,4512497,48.53,8,845724,9.09
2022-11-03,1.96,68.64,29.4,17,6721342,72.28,18,6157442,66.21,11,4512508,48.53,8,845732,9.09
2022-11-04,1.98,68.63,29.4,4,6721346,72.28,6,6157448,66.21,1,4512509,48.53,2,845734,9.09
2022-11-05,1.97,68.63,29.4,0,6721346,72.28,0,6157448,66.21,0,4512509,48.53,0,845734,9.09
2022-11-06,2.03,68.57,29.4,27,6721373,72.28,33,6157481,66.21,11,4512520,48.53,23,845757,9.09
2022-11-07,2.1,68.51,29.4,15,6721388,72.28,11,6157492,66.21,10,4512530,48.53,54,845811,9.1
2022-11-08,2.1,68.5,29.4,28,6721416,72.28,26,6157518,66.21,14,4512544,48.53,9,845820,9.1
2022-11-09,2.16,68.45,29.4,16,6721432,72.28,20,6157538,66.22,17,4512561,48.53,9,845829,9.1
2022-11-10,2.22,68.39,29.4,28,6721460,72.28,17,6157555,66.22,12,4512573,48.53,6,845835,9.1
2022-11-11,2.23,68.37,29.4,1,6721461,72.28,17,6157572,66.22,2,4512575,48.53,1,845836,9.1
2022-11-12,2.22,68.38,29.4,1,6721462,72.28,0,6157572,66.22,2,4512577,48.53,0,845836,9.1
2022-11-13,2.29,68.31,29.4,29,6721491,72.28,31,6157603,66.22,17,4512594,48.53,8,845844,9.1
2022-11-14,2.37,68.23,29.4,20,6721511,72.28,17,6157620,66.22,21,4512615,48.53,16,845860,9.1
2022-11-15,2.43,68.17,29.4,40,6721551,72.28,25,6157645,66.22,16,4512631,48.53,18,845878,9.1
2022-11-16,2.5,68.1,29.4,14,6721565,72.28,27,6157672,66.22,16,4512647,48.53,11,845889,9.1
2022-11-17,2.59,68.02,29.4,19,6721584,72.28,33,6157705,66.22,18,4512665,48.53,5,845894,9.1
2022-11-18,2.61,67.99,29.4,6,6721590,72.28,4,6157709,66.22,4,4512669,48.53,0,845894,9.1
2022-11-19,2.6,68,29.4,0,6721590,72.28,0,6157709,66.22,0,4512669,48.53,0,845894,9.1
2022-11-20,2.67,67.93,29.4,19,6721609,72.28,20,6157729,66.22,6,4512675,48.53,13,845907,9.1
2022-11-21,2.76,67.85,29.4,14,6721623,72.28,13,6157742,66.22,6,4512681,48.53,7,845914,9.1
2022-11-22,2.83,67.77,29.4,27,6721650,72.28,13,6157755,66.22,17,4512698,48.53,6,845920,9.1
2022-11-23,2.9,67.7,29.4,17,6721667,72.28,21,6157776,66.22,4,4512702,48.53,8,845928,9.1
2022-11-24,2.98,67.62,29.4,9,6721676,72.28,16,6157792,66.22,13,4512715,48.53,27,845955,9.1
2022-11-25,3,67.6,29.4,12,6721688,72.28,51,6157843,66.22,14,4512729,48.53,12,845967,9.1
2022-11-26,3,67.61,29.4,0,6721688,72.28,2,6157845,66.22,0,4512729,48.53,0,845967,9.1
2022-11-27,3.06,67.54,29.4,14,6721702,72.28,15,6157860,66.22,19,4512748,48.53,2,845969,9.1
2022-11-28,3.14,67.47,29.4,8,6721710,72.28,23,6157883,66.22,8,4512756,48.53,6,845975,9.1
2022-11-29,3.2,67.4,29.4,38,6721748,72.28,31,6157914,66.22,19,4512775,48.53,14,845989,9.1
2022-11-30,3.27,67.34,29.39,12,6721760,72.28,25,6157939,66.22,20,4512795,48.53,8,845997,9.1
2022-12-01,3.34,67.26,29.39,13,6721773,72.28,18,6157957,66.22,15,4512810,48.53,4,846001,9.1
2022-12-02,3.36,67.24,29.39,2,6721775,72.28,7,6157964,66.22,4,4512814,48.53,10,846011,9.1
2022-12-03,3.36,67.24,29.39,0,6721775,72.28,0,6157964,66.22,0,4512814,48.53,1,846012,9.1
2022-12-04,3.42,67.18,29.39,38,6721813,72.28,27,6157991,66.22,30,4512844,48.53,26,846038,9.1
2022-12-05,3.48,67.12,29.4,9,6721822,72.28,17,6158008,66.22,11,4512855,48.53,21,846059,9.1
2022-12-06,3.55,67.06,29.39,32,6721854,72.28,26,6158034,66.22,27,4512882,48.53,8,846067,9.1
2022-12-07,3.62,66.99,29.39,10,6721864,72.28,17,6158051,66.22,8,4512890,48.53,8,846075,9.1
2022-12-08,3.69,66.91,29.39,19,6721883,72.28,31,6158082,66.22,15,4512905,48.53,3,846078,9.1
2022-12-09,3.71,66.9,29.39,4,6721887,72.28,1,6158083,66.22,1,4512906,48.53,7,846085,9.1
2022-12-10,3.7,66.91,29.39,1,6721888,72.28,0,6158083,66.22,2,4512908,48.53,0,846085,9.1
2022-12-11,3.76,66.84,29.39,16,6721904,72.28,22,6158105,66.22,15,4512923,48.53,16,846101,9.1
2022-12-12,3.82,66.78,29.39,15,6721919,72.28,14,6158119,66.22,5,4512928,48.53,0,846101,9.1
2022-12-13,3.87,66.73,29.39,17,6721936,72.28,44,6158163,66.22,18,4512946,48.53,13,846114,9.1
2022-12-14,3.92,66.69,29.39,17,6721953,72.28,16,6158179,66.22,7,4512953,48.53,3,846117,9.1
2022-12-15,3.97,66.64,29.39,22,6721975,72.28,19,6158198,66.22,7,4512960,48.53,12,846129,9.1
2022-12-16,3.98,66.62,29.39,12,6721987,72.28,4,6158202,66.22,1,4512961,48.53,0,846129,9.1
2022-12-17,3.97,66.63,29.39,0,6721987,72.28,0,6158202,66.22,0,4512961,48.53,0,846129,9.1
2022-12-18,4.01,66.59,29.39,9,6721996,72.28,18,6158220,66.22,8,4512969,48.53,3,846132,9.1
2022-12-19,4.06,66.54,29.4,7,6722003,72.29,14,6158234,66.22,12,4512981,48.53,1,846133,9.1
2022-12-20,4.1,66.51,29.39,12,6722015,72.29,17,6158251,66.22,2,4512983,48.53,2,846135,9.1
2022-12-21,4.14,66.47,29.39,9,6722024,72.29,14,6158265,66.22,13,4512996,48.53,3,846138,9.1
2022-12-22,4.18,66.42,29.39,4,6722028,72.29,10,6158275,66.22,14,4513010,48.53,1,846139,9.1
2022-12-23,4.19,66.42,29.39,10,6722038,72.29,0,6158275,66.22,2,4513012,48.53,0,846139,9.1
2022-12-24,4.18,66.43,29.39,0,6722038,72.29,0,6158275,66.22,0,4513012,48.53,0,846139,9.1
2022-12-25,4.21,66.4,29.39,6,6722044,72.29,17,6158292,66.22,1,4513013,48.53,2,846141,9.1
2022-12-26,4.24,66.36,29.39,17,6722061,72.29,6,6158298,66.22,13,4513026,48.53,0,846141,9.1
2022-12-27,4.25,66.36,29.39,24,6722085,72.29,24,6158322,66.22,17,4513043,48.53,7,846148,9.1
2022-12-28,4.26,66.34,29.39,17,6722102,72.29,18,6158340,66.22,25,4513068,48.53,64,846212,9.1
2022-12-29,4.28,66.33,29.39,15,6722117,72.29,23,6158363,66.22,14,4513082,48.53,4,846216,9.1
2022-12-30,4.27,66.33,29.4,4,6722121,72.29,5,6158368,66.22,3,4513085,48.53,1,846217,9.1
2022-12-31,4.26,66.35,29.4,0,6722121,72.29,1,6158369,66.22,0,4513085,48.53,0,846217,9.1
2023-01-01,4.27,66.33,29.4,8,6722129,72.29,23,6158392,66.22,2,4513087,48.53,1,846218,9.1
2023-01-02,4.29,66.31,29.4,10,6722139,72.29,8,6158400,66.22,3,4513090,48.53,1,846219,9.1
2023-01-03,4.3,66.3,29.4,20,6722159,72.29,17,6158417,66.22,7,4513097,48.53,4,846223,9.1
2023-01-04,4.3,66.3,29.4,7,6722166,72.29,11,6158428,66.22,4,4513101,48.53,2,846225,9.1
2023-01-05,4.31,66.29,29.39,13,6722179,72.29,19,6158447,66.22,11,4513112,48.53,4,846229,9.1
2023-01-06,4.31,66.29,29.4,2,6722181,72.29,1,6158448,66.22,1,4513113,48.53,0,846229,9.1
2023-01-07,4.3,66.31,29.4,1,6722182,72.29,0,6158448,66.22,0,4513113,48.53,0,846229,9.1
2023-01-08,4.33,66.28,29.4,15,6722197,72.29,33,6158481,66.23,10,4513123,48.53,2,846231,9.1
2023-01-09,4.34,66.26,29.4,12,6722209,72.29,20,6158501,66.23,1,4513124,48.53,1,846232,9.1
2023-01-10,4.35,66.25,29.4,39,6722248,72.29,27,6158528,66.23,10,4513134,48.53,4,846236,9.1
2023-01-11,4.36,66.25,29.4,15,6722263,72.29,17,6158545,66.23,11,4513145,48.53,2,846238,9.1
2023-01-12,4.37,66.24,29.39,23,6722286,72.29,20,6158565,66.23,12,4513157,48.53,2,846240,9.1
2023-01-13,4.36,66.24,29.4,3,6722289,72.29,2,6158567,66.23,0,4513157,48.53,0,846240,9.1
2023-01-14,4.35,66.25,29.4,1,6722290,72.29,0,6158567,66.23,0,4513157,48.53,0,846240,9.1
2023-01-15,4.36,66.24,29.4,17,6722307,72.29,17,6158584,66.23,4,4513161,48.53,3,846243,9.1
2023-01-16,4.38,66.22,29.4,9,6722316,72.29,15,6158599,66.23,6,4513167,48.53,0,846243,9.1
2023-01-17,4.38,66.22,29.4,15,6722331,72.29,14,6158613,66.23,6,4513173,48.53,1,846244,9.1
2023-01-18,4.39,66.21,29.4,7,6722338,72.29,8,6158621,66.23,4,4513177,48.53,1,846245,9.1
2023-01-19,4.4,66.2,29.4,13,6722351,72.29,15,6158636,66.23,2,4513179,48.53,4,846249,9.1
2023-01-20,4.39,66.2,29.4,5,6722356,72.29,2,6158638,66.23,0,4513179,48.53,1,846250,9.1
2023-01-21,4.39,66.21,29.4,0,6722356,72.29,1,6158639,66.23,0,4513179,48.53,0,846250,9.1
2023-01-22,4.4,66.2,29.4,9,6722365,72.29,3,6158642,66.23,8,4513187,48.53,4,846254,9.1
2023-01-23,4.41,66.19,29.4,11,6722376,72.29,5,6158647,66.23,6,4513193,48.53,0,846254,9.1
2023-01-24,4.41,66.19,29.4,21,6722397,72.29,21,6158668,66.23,11,4513204,48.53,2,846256,9.1
2023-01-25,4.41,66.18,29.4,5,6722402,72.29,5,6158673,66.23,0,4513204,48.53,2,846258,9.1
2023-01-26,4.42,66.18,29.4,10,6722412,72.29,15,6158688,66.23,9,4513213,48.53,2,846260,9.1
2023-01-27,4.41,66.18,29.4,0,6722412,72.29,9,6158697,66.23,0,4513213,48.53,0,846260,9.1
2023-01-28,4.41,66.19,29.4,0,6722412,72.29,0,6158697,66.23,0,4513213,48.53,0,846260,9.1
2023-01-29,4.41,66.19,29.41,11,6722423,72.29,9,6158706,66.23,5,4513218,48.53,2,846262,9.1
2023-01-30,4.42,66.17,29.41,9,6722432,72.29,17,6158723,66.23,2,4513220,48.53,1,846263,9.1
2023-01-31,4.42,66.17,29.41,21,6722453,72.29,23,6158746,66.23,2,4513222,48.53,1,846264,9.1
2023-02-01,4.32,64.71,30.96,10,6722463,72.29,11,6158757,66.23,4,4513226,48.53,0,846264,9.1
2023-02-02,4.33,64.71,30.96,15,6722478,72.29,31,6158788,66.23,3,4513229,48.53,0,846264,9.1
2023-02-03,4.32,64.71,30.97,3,6722481,72.29,1,6158789,66.23,0,4513229,48.53,1,846265,9.1
2023-02-04,4.32,64.72,30.97,0,6722481,72.29,0,6158789,66.23,0,4513229,48.53,0,846265,9.1
2023-02-05,4.32,64.71,30.97,17,6722498,72.29,10,6158799,66.23,6,4513235,48.53,4,846269,9.1
2023-02-06,4.33,64.7,30.97,17,6722515,72.29,13,6158812,66.23,4,4513239,48.53,0,846269,9.1
2023-02-07,4.33,64.7,30.97,22,6722537,72.29,22,6158834,66.23,8,4513247,48.53,2,846271,9.1
2023-02-08,4.33,64.7,30.97,15,6722552,72.29,15,6158849,66.23,1,4513248,48.53,0,846271,9.1
2023-02-09,4.33,64.7,30.97,35,6722587,72.29,34,6158883,66.23,5,4513253,48.53,2,846273,9.1
2023-02-10,4.33,64.7,30.97,2,6722589,72.29,3,6158886,66.23,2,4513255,48.53,0,846273,9.1
2023-02-11,4.33,64.7,30.97,2,6722591,72.29,1,6158887,66.23,0,4513255,48.53,0,846273,9.1
2023-02-12,4.33,64.7,30.97,15,6722606,72.29,22,6158909,66.23,3,4513258,48.53,2,846275,9.1
2023-02-13,4.33,64.7,30.97,14,6722620,72.29,20,6158929,66.23,9,4513267,48.53,2,846277,9.1
2023-02-14,4.33,64.7,30.97,20,6722640,72.29,8,6158937,66.23,7,4513274,48.53,5,846282,9.1
2023-02-15,4.33,64.7,30.97,10,6722650,72.29,17,6158954,66.23,3,4513277,48.53,0,846282,9.1
2023-02-16,4.33,64.7,30.97,22,6722672,72.29,24,6158978,66.23,2,4513279,48.53,0,846282,9.1
2023-02-17,4.33,64.7,30.97,5,6722677,72.29,2,6158980,66.23,1,4513280,48.53,0,846282,9.1
2023-02-18,4.33,64.7,30.97,0,6722677,72.29,1,6158981,66.23,0,4513280,48.53,0,846282,9.1
2023-02-19,4.33,64.7,30.98,16,6722693,72.29,15,6158996,66.23,3,4513283,48.53,0,846282,9.1
2023-02-20,4.33,64.69,30.98,9,6722702,72.29,10,6159006,66.23,1,4513284,48.53,0,846282,9.1
2023-02-21,4.33,64.69,30.98,39,6722741,72.29,19,6159025,66.23,6,4513290,48.53,1,846283,9.1
2023-02-22,4.33,64.7,30.98,3,6722744,72.29,9,6159034,66.23,8,4513298,48.53,0,846283,9.1
2023-02-23,4.33,64.7,30.97,11,6722755,72.29,23,6159057,66.23,5,4513303,48.53,2,846285,9.1
2023-02-24,4.33,64.7,30.98,0,6722755,72.29,6,6159063,66.23,1,4513304,48.53,0,846285,9.1
2023-02-25,4.32,64.7,30.98,3,6722758,72.29,0,6159063,66.23,1,4513305,48.53,0,846285,9.1
2023-02-26,4.32,64.7,30.98,11,6722769,72.29,21,6159084,66.23,1,4513306,48.53,1,846286,9.1
2023-02-27,4.32,64.7,30.98,11,6722780,72.29,26,6159110,66.23,2,4513308,48.53,2,846288,9.1
2023-02-28,4.32,64.7,30.98,7,6722787,72.29,21,6159131,66.23,4,4513312,48.53,2,846290,9.1
2023-03-01,4.32,64.7,30.98,3,6722790,72.29,15,6159146,66.23,1,4513313,48.53,0,846290,9.1
2023-03-02,4.32,64.7,30.98,8,6722798,72.29,36,6159182,66.23,4,4513317,48.53,0,846290,9.1
2023-03-03,4.32,64.7,30.98,2,6722800,72.29,3,6159185,66.23,0,4513317,48.53,0,846290,9.1
2023-03-04,4.32,64.71,30.98,2,6722802,72.29,2,6159187,66.23,0,4513317,48.53,0,846290,9.1
2023-03-05,4.32,64.7,30.98,14,6722816,72.29,30,6159217,66.23,2,4513319,48.53,2,846292,9.1
2023-03-06,4.32,64.7,30.98,17,6722833,72.29,25,6159242,66.23,3,4513322,48.53,0,846292,9.1
2023-03-07,4.32,64.7,30.98,8,6722841,72.29,7,6159249,66.23,2,4513324,48.53,0,846292,9.1
2023-03-08,4.32,64.7,30.98,1,6722842,72.29,22,6159271,66.23,3,4513327,48.53,0,846292,9.1
2023-03-09,4.32,64.71,30.98,15,6722857,72.29,46,6159317,66.23,8,4513335,48.53,0,846292,9.1
2023-03-10,4.31,64.71,30.98,2,6722859,72.29,1,6159318,66.23,2,4513337,48.53,0,846292,9.1
2023-03-11,4.31,64.71,30.98,0,6722859,72.29,0,6159318,66.23,0,4513337,48.53,0,846292,9.1
2023-03-12,4.31,64.71,30.98,10,6722869,72.29,21,6159339,66.23,4,4513341,48.53,1,846293,9.1
2023-03-13,4.31,64.71,30.98,6,6722875,72.29,8,6159347,66.23,1,4513342,48.53,0,846293,9.1
2023-03-14,4.31,64.71,30.98,14,6722889,72.29,15,6159362,66.23,1,4513343,48.53,1,846294,9.1
2023-03-15,4.31,64.71,30.98,4,6722893,72.29,9,6159371,66.23,2,4513345,48.53,0,846294,9.1
2023-03-16,4.31,64.71,30.98,8,6722901,72.29,30,6159401,66.24,2,4513347,48.53,2,846296,9.1
2023-03-17,4.31,64.71,30.98,0,6722901,72.29,4,6159405,66.24,0,4513347,48.53,0,846296,9.1
2023-03-18,4.3,64.71,30.98,0,6722901,72.29,0,6159405,66.24,0,4513347,48.53,0,846296,9.1
2023-03-19,4.3,64.71,30.99,4,6722905,72.29,25,6159430,66.24,4,4513351,48.53,0,846296,9.1
2023-03-20,4.3,64.71,30.99,5,6722910,72.29,21,6159451,66.24,4,4513355,48.53,0,846296,9.1
2023-03-21,4.3,64.71,30.99,14,6722924,72.3,21,6159472,66.24,6,4513361,48.53,0,846296,9.1
2023-03-22,4.3,64.71,30.99,2,6722926,72.3,8,6159480,66.24,0,4513361,48.53,0,846296,9.1
2023-03-23,4.3,64.71,30.99,7,6722933,72.3,11,6159491,66.24,2,4513363,48.53,0,846296,9.1
2023-03-24,4.3,64.71,30.99,0,6722933,72.3,2,6159493,66.24,0,4513363,48.53,1,846297,9.1
2023-03-25,4.3,64.71,30.99,0,6722933,72.3,0,6159493,66.24,0,4513363,48.53,0,846297,9.1
2023-03-26,4.3,64.71,30.99,4,6722937,72.3,15,6159508,66.24,4,4513367,48.53,3,846300,9.1
2023-03-27,4.3,64.71,31,1,6722938,72.3,12,6159520,66.24,1,4513368,48.53,0,846300,9.1
2023-03-28,4.29,64.71,31,4,6722942,72.3,16,6159536,66.24,0,4513368,48.53,0,846300,9.1
2023-03-29,4.29,64.71,31,1,6722943,72.3,10,6159546,66.24,5,4513373,48.53,0,846300,9.1
2023-03-30,4.29,64.71,31,10,6722953,72.3,18,6159564,66.24,1,4513374,48.53,1,846301,9.1
2023-03-31,4.29,64.71,31,0,6722953,72.3,0,6159564,66.24,1,4513375,48.53,0,846301,9.1
2023-04-01,4.27,64.73,31,0,6722953,72.3,0,6159564,66.24,0,4513375,48.53,0,846301,9.1
2023-04-02,4.25,64.75,31,7,6722960,72.3,10,6159574,66.24,1,4513376,48.53,0,846301,9.1
2023-04-03,4.26,64.74,31,1,6722961,72.3,6,6159580,66.24,2,4513378,48.53,0,846301,9.1
2023-04-04,4.24,64.75,31,2,6722963,72.3,7,6159587,66.24,5,4513383,48.53,0,846301,9.1
2023-04-05,4.24,64.76,31,2,6722965,72.3,5,6159592,66.24,1,4513384,48.53,0,846301,9.1
2023-04-06,4.24,64.76,31,0,6722965,72.3,2,6159594,66.24,0,4513384,48.53,0,846301,9.1
2023-04-07,4.2,64.8,31,0,6722965,72.3,4,6159598,66.24,0,4513384,48.53,0,846301,9.1
2023-04-08,4.14,64.86,31,0,6722965,72.3,0,6159598,66.24,0,4513384,48.53,0,846301,9.1
2023-04-09,4.12,64.87,31,2,6722967,72.3,8,6159606,66.24,0,4513384,48.53,0,846301,9.1
2023-04-10,4.12,64.87,31,1,6722968,72.3,6,6159612,66.24,0,4513384,48.53,0,846301,9.1
2023-04-11,4.07,64.93,31,0,6722968,72.3,0,6159612,66.24,0,4513384,48.53,0,846301,9.1
